zup_code,code,name,workers_with_legal_entities_men,workers_with_legal_entities_women,workers_with_legal_entities_total,craftsmen_men,craftsmen_women,craftsmen_total,farmers_men,farmers_women,farmers_total,self_employed_professionals_men,self_employed_professionals_women,self_employed_professionals_total,workers_with_physical_persons_men,workers_with_physical_persons_women,workers_with_physical_persons_total,insured_employees_with_international_men,insured_employees_with_international_women,insured_employees_with_international_total,insured_men,insured_women,insured_total,total_men,total_women,total_total,month
01,101,Dugo Selo,3028,1969,4997,221,89,310,27,22,49,24,25,49,272,245,517,0,0,0,6,15,21,3578,2365,5943,2019-12-31T23:00:00Z
01,114,Farkaševac,191,254,445,7,4,11,30,15,45,0,3,3,35,13,48,0,0,0,1,0,1,264,289,553,2019-12-31T23:00:00Z
01,135,Gradec,130,123,253,15,3,18,13,7,20,0,2,2,41,19,60,0,0,0,0,0,0,199,154,353,2019-12-31T23:00:00Z
01,158,Ivanić-Grad,3200,1614,4814,86,76,162,48,30,78,8,19,27,148,196,344,0,0,0,8,9,17,3498,1944,5442,2019-12-31T23:00:00Z
01,163,Jakovlje,207,166,373,41,9,50,9,12,21,4,1,5,38,42,80,0,0,0,1,0,1,300,230,530,2019-12-31T23:00:00Z
01,169,Jastrebarsko,2132,1552,3684,216,117,333,63,33,96,15,22,37,259,244,503,0,0,0,11,8,19,2696,1976,4672,2019-12-31T23:00:00Z
01,190,Klinča Selo,186,149,335,35,7,42,5,3,8,0,1,1,66,49,115,0,0,0,0,2,2,292,211,503,2019-12-31T23:00:00Z
01,193,Kloštar Ivanić,375,278,653,26,11,37,22,6,28,1,11,12,64,39,103,0,0,0,2,2,4,490,347,837,2019-12-31T23:00:00Z
01,213,Križ,532,387,919,28,23,51,22,14,36,4,6,10,29,57,86,0,0,0,4,0,4,619,487,1106,2019-12-31T23:00:00Z
01,33,Brckovljani,267,289,556,7,3,10,0,0,0,0,2,2,17,9,26,0,0,0,0,0,0,291,303,594,2019-12-31T23:00:00Z
01,331,Pisarovina,379,268,647,28,18,46,27,21,48,1,4,5,21,33,54,0,0,0,2,3,5,458,347,805,2019-12-31T23:00:00Z
01,34,Brdovec,753,641,1394,96,26,122,12,7,19,3,8,11,95,62,157,0,0,0,3,3,6,962,747,1709,2019-12-31T23:00:00Z
01,356,Preseka,21,10,31,5,2,7,17,13,30,0,1,1,19,6,25,0,0,0,1,2,3,63,34,97,2019-12-31T23:00:00Z
01,362,Pušča,168,188,356,30,14,44,9,2,11,1,3,4,61,29,90,0,0,0,0,0,0,269,236,505,2019-12-31T23:00:00Z
01,376,Rugvica,931,391,1322,10,4,14,4,3,7,1,2,3,22,31,53,0,0,0,1,0,1,969,431,1400,2019-12-31T23:00:00Z
01,380,Samobor,5088,3689,8777,475,273,748,31,25,56,46,69,115,563,513,1076,0,0,0,32,25,57,6235,4594,10829,2019-12-31T23:00:00Z
01,429,Sveti Ivan Zelina,2053,1816,3869,166,68,234,92,70,162,14,19,33,243,197,440,0,0,0,10,5,15,2578,2175,4753,2019-12-31T23:00:00Z
01,436,Sveta Nedjelja,4947,3018,7965,219,83,302,9,5,14,10,10,20,341,171,512,0,0,0,8,7,15,5534,3294,8828,2019-12-31T23:00:00Z
01,508,Vrbovec,2299,1945,4244,153,66,219,73,35,108,7,22,29,271,155,426,0,0,0,11,15,26,2814,2238,5052,2019-12-31T23:00:00Z
01,533,Krašić,268,176,444,31,10,41,19,12,31,4,2,6,30,35,65,0,0,0,1,1,2,353,236,589,2019-12-31T23:00:00Z
01,536,Rakovec,27,14,41,10,2,12,14,12,26,0,0,0,17,10,27,0,0,0,0,0,0,68,38,106,2019-12-31T23:00:00Z
01,539,Marija Gorica,79,89,168,15,6,21,0,0,0,1,1,2,18,25,43,0,0,0,0,0,0,113,121,234,2019-12-31T23:00:00Z
01,540,Žumberak,14,19,33,5,2,7,10,6,16,0,0,0,6,10,16,0,0,0,0,0,0,35,37,72,2019-12-31T23:00:00Z
01,541,Velika Gorica,7418,6005,13423,597,323,920,74,33,107,51,75,126,575,561,1136,0,0,0,28,23,51,8743,7020,15763,2019-12-31T23:00:00Z
01,542,Orle,37,22,59,10,1,11,9,6,15,0,0,0,10,3,13,0,0,0,0,1,1,66,33,99,2019-12-31T23:00:00Z
01,543,Zaprešić,3285,2899,6184,200,139,339,15,9,24,35,44,79,248,241,489,0,0,0,15,14,29,3798,3346,7144,2019-12-31T23:00:00Z
01,544,Pokupsko,33,63,96,9,7,16,15,5,20,1,1,2,5,6,11,0,0,0,0,0,0,63,82,145,2019-12-31T23:00:00Z
01,545,Kravarsko,105,103,208,27,9,36,7,8,15,0,1,1,63,12,75,0,0,0,1,0,1,203,133,336,2019-12-31T23:00:00Z
01,547,Bistra,345,516,861,46,22,68,7,5,12,2,7,9,67,47,114,1,0,1,0,2,2,468,599,1067,2019-12-31T23:00:00Z
01,548,Luka,250,86,336,13,2,15,3,6,9,1,1,2,16,18,34,0,0,0,1,0,1,284,113,397,2019-12-31T23:00:00Z
01,549,Dubravica,69,44,113,15,0,15,15,8,23,0,0,0,17,13,30,0,0,0,0,0,0,116,65,181,2019-12-31T23:00:00Z
01,550,Bedenica,189,146,335,11,5,16,7,8,15,1,1,2,19,10,29,0,0,0,0,0,0,227,170,397,2019-12-31T23:00:00Z
01,551,Stupnik,1213,501,1714,22,13,35,0,4,4,2,2,4,20,18,38,0,0,0,0,1,1,1257,539,1796,2019-12-31T23:00:00Z
01,97,Dubrava,273,312,585,40,18,58,64,40,104,3,10,13,74,65,139,0,0,0,3,11,14,457,456,913,2019-12-31T23:00:00Z
02,108,Đurmanec,96,123,219,55,10,65,1,3,4,3,4,7,105,95,200,0,0,0,1,0,1,261,235,496,2019-12-31T23:00:00Z
02,11,Bedekovčina,504,747,1251,82,35,117,6,9,15,5,8,13,148,117,265,0,0,0,4,1,5,749,917,1666,2019-12-31T23:00:00Z
02,125,Gornja Stubica,193,280,473,48,13,61,7,3,10,1,1,2,64,49,113,0,0,0,1,1,2,314,347,661,2019-12-31T23:00:00Z
02,146,Hraščina,45,34,79,9,2,11,3,4,7,0,1,1,6,6,12,0,0,0,1,0,1,64,47,111,2019-12-31T23:00:00Z
02,152,Hum Na Sutli,1554,592,2146,52,30,82,4,0,4,2,10,12,175,72,247,0,0,0,0,1,1,1787,705,2492,2019-12-31T23:00:00Z
02,187,Klanjec,301,269,570,62,19,81,10,8,18,6,0,6,66,47,113,0,0,0,4,2,6,449,345,794,2019-12-31T23:00:00Z
02,200,Konjščina,372,357,729,33,12,45,1,0,1,2,2,4,26,33,59,0,0,0,2,1,3,436,405,841,2019-12-31T23:00:00Z
02,208,Kraljevec Na Sutli,61,46,107,18,6,24,4,3,7,0,0,0,18,5,23,0,0,0,0,2,2,101,62,163,2019-12-31T23:00:00Z
02,211,Krapina,2707,2726,5433,159,76,235,8,4,12,19,21,40,192,195,387,0,0,0,4,4,8,3089,3026,6115,2019-12-31T23:00:00Z
02,212,Krapinske Toplice,585,1176,1761,62,32,94,5,7,12,0,5,5,117,75,192,0,0,0,1,0,1,770,1295,2065,2019-12-31T23:00:00Z
02,236,Lobor,173,245,418,17,11,28,5,5,10,0,0,0,28,14,42,0,0,0,1,0,1,224,275,499,2019-12-31T23:00:00Z
02,248,Mače,114,53,167,25,6,31,2,3,5,1,0,1,45,34,79,0,0,0,0,0,0,187,96,283,2019-12-31T23:00:00Z
02,256,Marija Bistrica,320,312,632,59,36,95,15,5,20,1,4,5,70,87,157,0,0,0,5,3,8,470,447,917,2019-12-31T23:00:00Z
02,265,Mihovljan,99,89,188,30,4,34,6,0,6,0,0,0,67,13,80,0,0,0,2,3,5,204,109,313,2019-12-31T23:00:00Z
02,311,Oroslavje,868,814,1682,80,34,114,8,2,10,5,6,11,90,75,165,0,0,0,3,4,7,1054,935,1989,2019-12-31T23:00:00Z
02,329,Petrovsko,74,52,126,16,3,19,1,1,2,4,0,4,51,9,60,0,0,0,1,0,1,147,65,212,2019-12-31T23:00:00Z
02,352,Pregrada,776,937,1713,106,30,136,6,3,9,7,6,13,137,102,239,0,0,0,0,3,3,1032,1081,2113,2019-12-31T23:00:00Z
02,364,Radoboj,129,104,233,17,9,26,1,1,2,1,2,3,48,22,70,0,0,0,1,0,1,197,138,335,2019-12-31T23:00:00Z
02,41,Budinščina,153,173,326,15,5,20,5,2,7,1,3,4,17,10,27,0,0,0,1,1,2,192,194,386,2019-12-31T23:00:00Z
02,422,Stubičke Toplice,195,408,603,31,11,42,0,1,1,5,5,10,72,33,105,0,0,0,1,0,1,304,458,762,2019-12-31T23:00:00Z
02,430,Sveti Križ Začretje,605,741,1346,73,20,93,8,4,12,2,3,5,128,86,214,0,0,0,5,0,5,821,854,1675,2019-12-31T23:00:00Z
02,466,Tuhelj,123,231,354,19,11,30,5,1,6,1,3,4,27,30,57,0,0,0,0,0,0,175,276,451,2019-12-31T23:00:00Z
02,481,Veliko Trgovišće,455,293,748,47,14,61,4,3,7,3,5,8,99,54,153,0,0,0,3,1,4,611,370,981,2019-12-31T23:00:00Z
02,519,Zabok,2761,2587,5348,138,81,219,5,3,8,11,21,32,212,322,534,0,0,0,2,2,4,3129,3016,6145,2019-12-31T23:00:00Z
02,521,Zagorska Sela,12,56,68,10,2,12,6,1,7,0,1,1,15,4,19,0,0,0,0,0,0,43,64,107,2019-12-31T23:00:00Z
02,526,Zlatar,509,616,1125,87,45,132,20,15,35,8,11,19,107,75,182,0,0,0,4,5,9,735,767,1502,2019-12-31T23:00:00Z
02,527,Zlatar Bistrica,380,609,989,30,8,38,5,2,7,4,0,4,73,34,107,0,0,0,3,4,7,495,657,1152,2019-12-31T23:00:00Z
02,552,Jesenje,43,62,105,9,1,10,0,1,1,1,0,1,42,9,51,0,0,0,0,1,1,95,74,169,2019-12-31T23:00:00Z
02,553,Kumrovec,87,103,190,18,4,22,2,0,2,2,1,3,22,16,38,0,0,0,0,0,0,131,124,255,2019-12-31T23:00:00Z
02,554,Novi Golubovec,130,48,178,5,2,7,1,0,1,0,1,1,7,2,9,0,0,0,0,0,0,143,53,196,2019-12-31T23:00:00Z
02,70,Desinić,133,276,409,30,7,37,11,3,14,2,1,3,33,28,61,0,0,0,0,0,0,209,315,524,2019-12-31T23:00:00Z
02,79,Donja Stubica,715,763,1478,93,45,138,5,3,8,6,3,9,109,56,165,0,0,0,4,3,7,932,873,1805,2019-12-31T23:00:00Z
03,102,Dvor,274,135,409,14,4,18,54,15,69,0,4,4,8,8,16,0,0,0,3,2,5,353,168,521,2019-12-31T23:00:00Z
03,121,Glina,1102,648,1750,36,23,59,55,19,74,4,11,15,69,74,143,0,0,0,1,0,1,1267,775,2042,2019-12-31T23:00:00Z
03,149,Hrvatska Dubica,70,90,160,6,2,8,11,3,14,0,0,0,3,4,7,0,0,0,0,0,0,90,99,189,2019-12-31T23:00:00Z
03,150,Hrvatska Kostajnica,276,306,582,13,8,21,12,1,13,1,3,4,5,15,20,0,0,0,2,0,2,309,333,642,2019-12-31T23:00:00Z
03,168,Jasenovac,126,117,243,10,3,13,10,7,17,0,0,0,11,7,18,0,0,0,0,0,0,157,134,291,2019-12-31T23:00:00Z
03,220,Kutina,3330,2947,6277,150,97,247,43,24,67,32,27,59,188,271,459,1,0,1,21,10,31,3765,3376,7141,2019-12-31T23:00:00Z
03,228,Lekenik,283,248,531,37,11,48,8,11,19,1,3,4,29,22,51,0,0,0,1,2,3,359,297,656,2019-12-31T23:00:00Z
03,232,Lipovljani,300,293,593,25,12,37,10,5,15,3,0,3,34,42,76,0,0,0,1,1,2,373,353,726,2019-12-31T23:00:00Z
03,259,Martinska Ves,133,68,201,8,1,9,30,19,49,1,0,1,37,13,50,0,0,0,1,1,2,210,102,312,2019-12-31T23:00:00Z
03,293,Novska,1301,955,2256,155,88,243,29,14,43,5,19,24,229,236,465,0,0,0,4,3,7,1723,1315,3038,2019-12-31T23:00:00Z
03,328,Petrinja,1405,1649,3054,190,76,266,61,21,82,7,25,32,262,271,533,0,0,0,8,7,15,1933,2049,3982,2019-12-31T23:00:00Z
03,347,Popovača,899,959,1858,80,43,123,45,15,60,8,11,19,92,127,219,0,0,0,9,3,12,1133,1158,2291,2019-12-31T23:00:00Z
03,391,Sisak,6894,7837,14731,338,208,546,100,69,169,46,86,132,585,575,1160,0,0,0,21,17,38,7984,8792,16776,2019-12-31T23:00:00Z
03,426,Sunja,165,154,319,22,6,28,38,32,70,0,3,3,21,26,47,0,0,0,2,1,3,248,222,470,2019-12-31T23:00:00Z
03,457,Topusko,243,314,557,17,7,24,4,2,6,3,0,3,29,30,59,0,0,0,0,0,0,296,353,649,2019-12-31T23:00:00Z
03,477,Velika Ludina,104,131,235,13,8,21,11,4,15,0,0,0,21,18,39,0,0,0,1,0,1,150,161,311,2019-12-31T23:00:00Z
03,510,Gvozd,91,109,200,5,4,9,20,3,23,0,0,0,14,11,25,0,0,0,2,0,2,132,127,259,2019-12-31T23:00:00Z
03,555,Majur,89,55,144,2,1,3,5,1,6,0,0,0,3,0,3,0,0,0,0,0,0,99,57,156,2019-12-31T23:00:00Z
03,83,Donji Kukuruzari,73,69,142,5,0,5,5,3,8,0,0,0,1,3,4,0,0,0,1,0,1,85,75,160,2019-12-31T23:00:00Z
04,120,Generalski Stol,30,73,103,21,5,26,1,0,1,0,1,1,21,15,36,0,0,0,0,0,0,73,94,167,2019-12-31T23:00:00Z
04,172,Josipdol,214,180,394,28,17,45,3,9,12,2,1,3,42,55,97,0,0,0,0,1,1,289,263,552,2019-12-31T23:00:00Z
04,179,Karlovac,10210,8662,18872,394,271,665,76,59,135,73,101,174,604,839,1443,0,0,0,20,19,39,11377,9951,21328,2019-12-31T23:00:00Z
04,216,Krnjak,55,70,125,3,2,5,8,4,12,0,0,0,7,4,11,0,0,0,0,0,0,73,80,153,2019-12-31T23:00:00Z
04,225,Lasinja,24,43,67,5,2,7,1,5,6,2,0,2,7,8,15,0,0,0,0,0,0,39,58,97,2019-12-31T23:00:00Z
04,281,Netretić,61,83,144,15,4,19,4,1,5,1,2,3,44,31,75,0,0,0,0,0,0,125,121,246,2019-12-31T23:00:00Z
04,297,Ogulin,1781,1689,3470,133,84,217,25,13,38,8,31,39,143,178,321,0,0,0,10,8,18,2100,2003,4103,2019-12-31T23:00:00Z
04,30,Bosiljevo,103,98,201,5,0,5,0,0,0,1,0,1,26,25,51,0,0,0,0,0,0,135,123,258,2019-12-31T23:00:00Z
04,315,Ozalj,777,585,1362,87,27,114,19,16,35,6,12,18,122,115,237,0,0,0,2,4,6,1013,759,1772,2019-12-31T23:00:00Z
04,333,Plaški,77,86,163,9,4,13,11,2,13,1,0,1,22,24,46,0,0,0,0,0,0,120,116,236,2019-12-31T23:00:00Z
04,365,Rakovica,118,103,221,5,12,17,3,4,7,0,2,2,60,38,98,0,0,0,1,0,1,187,159,346,2019-12-31T23:00:00Z
04,378,Saborsko,12,11,23,1,1,2,1,1,2,0,0,0,10,1,11,0,0,0,0,0,0,24,14,38,2019-12-31T23:00:00Z
04,400,Slunj,347,398,745,41,17,58,21,16,37,2,9,11,121,90,211,0,0,0,3,13,16,535,543,1078,2019-12-31T23:00:00Z
04,49,Cetingrad,49,53,102,6,1,7,3,4,7,0,0,0,8,9,17,0,0,0,0,0,0,66,67,133,2019-12-31T23:00:00Z
04,503,Vojnić,335,224,559,18,10,28,37,9,46,2,0,2,27,27,54,0,0,0,2,3,5,421,273,694,2019-12-31T23:00:00Z
04,530,Žakanje,129,92,221,26,11,37,9,1,10,0,0,0,28,39,67,0,0,0,0,1,1,192,144,336,2019-12-31T23:00:00Z
04,556,Ribnik,4,3,7,11,2,13,1,4,5,0,0,0,8,14,22,0,0,0,0,0,0,24,23,47,2019-12-31T23:00:00Z
04,557,Tounj,96,23,119,4,0,4,0,0,0,0,0,0,3,7,10,0,0,0,0,0,0,103,30,133,2019-12-31T23:00:00Z
04,623,Kamanje,156,95,251,3,4,7,2,0,2,0,0,0,2,16,18,0,0,0,0,0,0,163,115,278,2019-12-31T23:00:00Z
04,7,Barilovići,251,141,392,19,7,26,6,1,7,1,1,2,127,33,160,0,0,0,0,0,0,404,183,587,2019-12-31T23:00:00Z
04,90,Draganić,117,101,218,14,4,18,7,3,10,1,2,3,22,27,49,0,0,0,0,0,0,161,137,298,2019-12-31T23:00:00Z
04,99,Duga Resa,1014,981,1995,137,60,197,20,13,33,5,15,20,197,198,395,0,0,0,4,5,9,1377,1272,2649,2019-12-31T23:00:00Z
05,12,Bednja,212,141,353,23,10,33,2,8,10,2,1,3,25,26,51,0,0,0,0,1,1,264,187,451,2019-12-31T23:00:00Z
05,129,Gornji Kneginec,439,1295,1734,49,21,70,11,5,16,0,8,8,94,60,154,0,0,0,6,6,12,599,1395,1994,2019-12-31T23:00:00Z
05,151,Breznički Hum,196,154,350,13,5,18,9,11,20,0,1,1,20,15,35,0,0,0,4,4,8,242,190,432,2019-12-31T23:00:00Z
05,156,Ivanec,1925,1746,3671,148,61,209,11,14,25,14,19,33,292,264,556,0,0,0,6,12,18,2396,2116,4512,2019-12-31T23:00:00Z
05,165,Jalžabet,688,930,1618,21,3,24,12,7,19,0,3,3,34,19,53,0,0,0,0,1,1,755,963,1718,2019-12-31T23:00:00Z
05,189,Klenovnik,84,52,136,8,5,13,1,1,2,1,2,3,24,27,51,0,0,0,2,0,2,120,87,207,2019-12-31T23:00:00Z
05,19,Beretinec,68,35,103,17,2,19,3,3,6,0,1,1,18,20,38,0,0,0,2,0,2,108,61,169,2019-12-31T23:00:00Z
05,229,Lepoglava,1184,567,1751,47,26,73,7,7,14,1,5,6,110,112,222,0,0,0,1,7,8,1350,724,2074,2019-12-31T23:00:00Z
05,244,Ludbreg,1821,1467,3288,101,58,159,40,36,76,8,17,25,254,169,423,0,0,0,5,5,10,2229,1752,3981,2019-12-31T23:00:00Z
05,247,Ljubešćica,312,129,441,31,6,37,1,0,1,1,6,7,98,27,125,0,0,0,0,0,0,443,168,611,2019-12-31T23:00:00Z
05,251,Mali Bukovec,41,88,129,13,6,19,28,16,44,0,2,2,100,31,131,0,0,0,1,1,2,183,144,327,2019-12-31T23:00:00Z
05,260,Maruševec,353,274,627,46,23,69,26,26,52,3,4,7,98,42,140,0,0,0,5,1,6,531,370,901,2019-12-31T23:00:00Z
05,289,Novi Marof,1361,1331,2692,153,64,217,16,11,27,8,18,26,249,171,420,0,0,0,7,2,9,1794,1597,3391,2019-12-31T23:00:00Z
05,326,Petrijanec,375,622,997,28,9,37,22,12,34,1,4,5,81,82,163,0,0,0,0,1,1,507,730,1237,2019-12-31T23:00:00Z
05,36,Breznica,150,57,207,15,3,18,6,6,12,1,6,7,24,12,36,0,0,0,0,0,0,196,84,280,2019-12-31T23:00:00Z
05,410,Sračinec,222,234,456,41,10,51,2,2,4,1,6,7,86,58,144,0,0,0,0,2,2,352,312,664,2019-12-31T23:00:00Z
05,437,Sveti Đurđ,83,90,173,28,4,32,28,10,38,3,2,5,35,30,65,0,0,0,1,0,1,178,136,314,2019-12-31T23:00:00Z
05,438,Sveti Ilija,134,162,296,13,8,21,2,1,3,1,4,5,42,26,68,0,0,0,0,0,0,192,201,393,2019-12-31T23:00:00Z
05,462,Trnovec Bartolovečki,1263,1599,2862,63,15,78,17,7,24,1,6,7,224,79,303,0,0,0,2,1,3,1570,1707,3277,2019-12-31T23:00:00Z
05,472,Varaždin,15786,15113,30899,481,287,768,41,22,63,83,130,213,563,656,1219,1,0,1,29,16,45,16984,16224,33208,2019-12-31T23:00:00Z
05,473,Varaždinske Toplice,611,464,1075,46,18,64,8,6,14,2,9,11,205,55,260,0,0,0,3,7,10,875,559,1434,2019-12-31T23:00:00Z
05,48,Cestica,426,329,755,41,21,62,17,18,35,1,5,6,88,73,161,0,0,0,0,3,3,573,449,1022,2019-12-31T23:00:00Z
05,484,Vidovec,213,223,436,50,13,63,72,36,108,1,5,6,102,86,188,0,0,0,0,1,1,438,364,802,2019-12-31T23:00:00Z
05,486,Vinica,250,204,454,21,10,31,6,5,11,1,5,6,31,23,54,0,0,0,0,1,1,309,248,557,2019-12-31T23:00:00Z
05,493,Visoko,95,45,140,16,0,16,6,4,10,0,0,0,23,24,47,0,0,0,1,1,2,141,74,215,2019-12-31T23:00:00Z
05,558,Veliki Bukovec,365,297,662,7,2,9,32,16,48,0,0,0,36,27,63,0,0,0,0,0,0,440,342,782,2019-12-31T23:00:00Z
05,80,Donja Voća,132,58,190,10,1,11,8,9,17,0,1,1,30,18,48,0,0,0,0,0,0,180,87,267,2019-12-31T23:00:00Z
05,85,Donji Martijanec,334,184,518,26,8,34,27,5,32,2,1,3,60,30,90,0,0,0,0,1,1,449,229,678,2019-12-31T23:00:00Z
06,104,Đelekovec,23,37,60,17,7,24,49,12,61,0,3,3,14,7,21,0,0,0,5,1,6,108,67,175,2019-12-31T23:00:00Z
06,107,Đurđevac,1299,1141,2440,68,40,108,80,65,145,11,12,23,76,82,158,0,0,0,14,11,25,1548,1351,2899,2019-12-31T23:00:00Z
06,115,Ferdinandovac,30,85,115,9,1,10,51,38,89,1,1,2,7,4,11,0,0,0,0,0,0,98,129,227,2019-12-31T23:00:00Z
06,122,Gola,147,132,279,9,2,11,93,42,135,0,6,6,9,23,32,0,0,0,1,1,2,259,206,465,2019-12-31T23:00:00Z
06,145,Hlebine,10,22,32,1,0,1,10,5,15,1,1,2,1,9,10,0,0,0,1,0,1,24,37,61,2019-12-31T23:00:00Z
06,194,Kloštar Podravski,173,173,346,21,10,31,45,38,83,0,1,1,29,39,68,0,0,0,1,1,2,269,262,531,2019-12-31T23:00:00Z
06,201,Koprivnica,7026,7431,14457,301,163,464,65,30,95,66,87,153,390,408,798,0,1,1,23,24,47,7871,8144,16015,2019-12-31T23:00:00Z
06,202,Koprivnički Bregi,53,67,120,10,3,13,20,7,27,0,1,1,28,10,38,0,0,0,1,0,1,112,88,200,2019-12-31T23:00:00Z
06,203,Koprivnički Ivanec,62,52,114,19,2,21,21,6,27,0,0,0,24,7,31,0,0,0,1,1,2,127,68,195,2019-12-31T23:00:00Z
06,214,Križevci,3220,3447,6667,144,91,235,260,205,465,13,33,46,217,228,445,0,0,0,11,10,21,3865,4014,7879,2019-12-31T23:00:00Z
06,227,Legrad,60,71,131,11,4,15,21,9,30,0,3,3,21,21,42,0,0,0,0,0,0,113,108,221,2019-12-31T23:00:00Z
06,270,Molve,246,126,372,7,8,15,64,31,95,1,3,4,49,27,76,0,0,0,2,1,3,369,196,565,2019-12-31T23:00:00Z
06,292,Novigrad Podravski,85,114,199,8,2,10,23,11,34,0,4,4,9,14,23,0,0,0,1,0,1,126,145,271,2019-12-31T23:00:00Z
06,324,Peteranec,84,33,117,12,3,15,19,9,28,0,2,2,32,10,42,0,0,0,1,2,3,148,59,207,2019-12-31T23:00:00Z
06,366,Rasinja,48,68,116,18,3,21,60,25,85,1,0,1,18,20,38,0,0,0,2,1,3,147,117,264,2019-12-31T23:00:00Z
06,405,Sokolovac,156,74,230,14,2,16,47,22,69,4,4,8,21,10,31,0,0,0,0,2,2,242,114,356,2019-12-31T23:00:00Z
06,439,Sveti Ivan Žabno,240,192,432,33,18,51,103,72,175,2,2,4,46,48,94,0,0,0,1,1,2,425,333,758,2019-12-31T23:00:00Z
06,442,Sveti Petar Orehovec,119,99,218,28,5,33,160,153,313,0,1,1,26,18,44,0,0,0,1,0,1,334,276,610,2019-12-31T23:00:00Z
06,490,Virje,276,201,477,27,8,35,43,25,68,3,2,5,31,41,72,0,0,0,1,3,4,381,280,661,2019-12-31T23:00:00Z
06,559,Kalinovac,399,88,487,4,2,6,10,2,12,0,0,0,8,10,18,0,0,0,0,1,1,421,103,524,2019-12-31T23:00:00Z
06,560,Kalnik,42,48,90,3,4,7,20,27,47,0,1,1,6,3,9,0,0,0,0,0,0,71,83,154,2019-12-31T23:00:00Z
06,561,Novo Virje,40,33,73,2,0,2,39,28,67,0,0,0,13,5,18,0,0,0,0,0,0,94,66,160,2019-12-31T23:00:00Z
06,616,Podravske Sesvete,94,86,180,1,3,4,22,13,35,2,2,4,5,6,11,0,0,0,0,0,0,124,110,234,2019-12-31T23:00:00Z
06,618,Gornja Reka,78,69,147,4,3,7,10,8,18,0,0,0,8,4,12,0,0,0,0,0,0,100,84,184,2019-12-31T23:00:00Z
06,96,Drnje,92,120,212,8,1,9,17,9,26,0,4,4,8,10,18,0,0,0,0,0,0,125,144,269,2019-12-31T23:00:00Z
07,105,Đulovac,234,76,310,10,6,16,32,13,45,1,4,5,87,23,110,0,0,0,0,0,0,364,122,486,2019-12-31T23:00:00Z
07,119,Garešnica,1026,1044,2070,51,29,80,66,38,104,16,27,43,84,122,206,0,0,0,5,6,11,1248,1266,2514,2019-12-31T23:00:00Z
07,139,Grubišno Polje,560,488,1048,30,22,52,107,43,150,4,12,16,53,64,117,0,0,0,2,4,6,756,633,1389,2019-12-31T23:00:00Z
07,144,Hercegovac,125,162,287,15,4,19,49,18,67,1,3,4,41,34,75,0,0,0,1,1,2,232,222,454,2019-12-31T23:00:00Z
07,161,Ivanska,117,101,218,4,3,7,45,16,61,2,2,4,79,22,101,0,0,0,3,1,4,250,145,395,2019-12-31T23:00:00Z
07,176,Kapela,84,83,167,4,1,5,51,30,81,0,1,1,15,7,22,0,0,0,2,1,3,156,123,279,2019-12-31T23:00:00Z
07,18,Berek,57,65,122,4,1,5,25,21,46,0,0,0,9,6,15,0,0,0,0,1,1,95,94,189,2019-12-31T23:00:00Z
07,199,Končanica,106,68,174,9,3,12,33,19,52,0,2,2,18,15,33,0,0,0,0,3,3,166,110,276,2019-12-31T23:00:00Z
07,24,Bjelovar,7092,6835,13927,288,165,453,207,115,322,56,87,143,418,495,913,2,0,2,25,19,44,8088,7716,15804,2019-12-31T23:00:00Z
07,287,Nova Rača,103,110,213,8,1,9,85,34,119,0,2,2,33,12,45,0,0,0,1,0,1,230,159,389,2019-12-31T23:00:00Z
07,375,Rovišće,169,183,352,25,11,36,58,35,93,1,3,4,18,32,50,0,0,0,1,2,3,272,266,538,2019-12-31T23:00:00Z
07,390,Sirač,243,163,406,12,2,14,7,3,10,2,1,3,17,9,26,0,0,0,1,2,3,282,180,462,2019-12-31T23:00:00Z
07,450,Štefanje,44,62,106,8,2,10,34,13,47,1,2,3,36,15,51,0,0,0,0,0,0,123,94,217,2019-12-31T23:00:00Z
07,478,Velika Pisanica,66,71,137,3,2,5,37,16,53,1,0,1,8,8,16,0,0,0,0,0,0,115,97,212,2019-12-31T23:00:00Z
07,480,Veliki Grđevac,147,115,262,10,4,14,77,31,108,2,2,4,66,22,88,0,0,0,1,0,1,303,174,477,2019-12-31T23:00:00Z
07,483,Veliko Trojstvo,48,95,143,13,4,17,11,13,24,0,0,0,44,16,60,0,0,0,1,0,1,117,128,245,2019-12-31T23:00:00Z
07,562,Severin,121,38,159,1,0,1,17,14,31,0,0,0,12,26,38,0,0,0,1,0,1,152,78,230,2019-12-31T23:00:00Z
07,564,Šandrovac,21,53,74,4,0,4,11,6,17,0,0,0,12,4,16,0,0,0,0,0,0,48,63,111,2019-12-31T23:00:00Z
07,565,Velika Trnovitica,51,67,118,7,2,9,33,20,53,1,0,1,21,9,30,0,0,0,0,1,1,113,99,212,2019-12-31T23:00:00Z
07,566,Zrinski Topolovac,7,34,41,2,1,3,34,19,53,0,1,1,6,0,6,0,0,0,0,0,0,49,55,104,2019-12-31T23:00:00Z
07,63,Čazma,1210,857,2067,52,16,68,66,48,114,9,7,16,92,74,166,0,0,0,2,3,5,1431,1005,2436,2019-12-31T23:00:00Z
07,67,Daruvar,1384,1625,3009,87,51,138,46,22,68,18,26,44,142,175,317,0,0,0,5,9,14,1682,1908,3590,2019-12-31T23:00:00Z
07,71,Dežanovac,108,72,180,10,2,12,77,41,118,1,1,2,29,14,43,0,0,0,0,1,1,225,131,356,2019-12-31T23:00:00Z
08,117,Fužine,261,191,452,18,8,26,0,2,2,6,1,7,14,17,31,0,0,0,2,0,2,301,219,520,2019-12-31T23:00:00Z
08,170,Jelenje,279,250,529,97,40,137,5,2,7,34,8,42,59,41,100,0,0,0,2,3,5,476,344,820,2019-12-31T23:00:00Z
08,180,Kastav,1094,801,1895,121,51,172,4,1,5,58,9,67,112,83,195,3,0,3,6,9,15,1398,954,2352,2019-12-31T23:00:00Z
08,186,Klana,389,223,612,20,8,28,1,1,2,3,2,5,13,12,25,0,0,0,1,2,3,427,248,675,2019-12-31T23:00:00Z
08,209,Kraljevica,347,256,603,37,26,63,2,1,3,48,8,56,20,27,47,1,0,1,1,7,8,456,325,781,2019-12-31T23:00:00Z
08,215,Krk,1757,1113,2870,213,75,288,14,8,22,27,13,40,230,169,399,0,0,0,8,7,15,2249,1385,3634,2019-12-31T23:00:00Z
08,237,Lokve,120,95,215,11,4,15,0,0,0,1,3,4,12,10,22,0,0,0,0,0,0,144,112,256,2019-12-31T23:00:00Z
08,242,Lovran,398,597,995,85,24,109,2,3,5,15,10,25,39,60,99,0,0,0,3,8,11,542,702,1244,2019-12-31T23:00:00Z
08,252,Mali Lošinj,1355,1354,2709,224,64,288,25,10,35,41,15,56,154,129,283,0,0,0,10,7,17,1809,1579,3388,2019-12-31T23:00:00Z
08,253,Malinska-Dubašnica,489,760,1249,121,52,173,10,8,18,9,4,13,126,105,231,0,0,0,7,4,11,762,933,1695,2019-12-31T23:00:00Z
08,261,Matulji,1416,1027,2443,196,106,302,12,7,19,49,15,64,175,182,357,0,0,0,7,10,17,1855,1347,3202,2019-12-31T23:00:00Z
08,273,Mošćenička Draga,80,51,131,49,12,61,0,1,1,10,2,12,33,18,51,0,0,0,4,2,6,176,86,262,2019-12-31T23:00:00Z
08,275,Mrkopalj,54,42,96,18,2,20,1,0,1,2,0,2,5,10,15,0,0,0,1,0,1,81,54,135,2019-12-31T23:00:00Z
08,290,Novi Vinodolski,483,399,882,101,41,142,4,3,7,12,9,21,89,63,152,0,0,0,3,4,7,692,519,1211,2019-12-31T23:00:00Z
08,301,Omišalj,624,391,1015,73,18,91,2,0,2,17,6,23,71,30,101,0,0,0,2,3,5,789,448,1237,2019-12-31T23:00:00Z
08,302,Opatija,2175,2699,4874,165,100,265,7,3,10,56,29,85,77,150,227,0,1,1,12,19,31,2492,3001,5493,2019-12-31T23:00:00Z
08,360,Punat,288,154,442,57,24,81,4,0,4,8,1,9,53,31,84,0,0,0,3,2,5,413,212,625,2019-12-31T23:00:00Z
08,363,Rab,946,1069,2015,284,74,358,15,4,19,16,14,30,206,145,351,0,0,0,11,10,21,1478,1316,2794,2019-12-31T23:00:00Z
08,369,Ravna Gora,273,292,565,33,6,39,1,0,1,3,1,4,36,26,62,0,0,0,1,1,2,347,326,673,2019-12-31T23:00:00Z
08,373,Rijeka,27740,28447,56187,1095,902,1997,22,12,34,1142,383,1525,885,1346,2231,22,0,22,113,141,254,31019,31231,62250,2019-12-31T23:00:00Z
08,38,Brod Moravice,38,44,82,10,0,10,0,0,0,0,1,1,18,7,25,0,0,0,2,0,2,68,52,120,2019-12-31T23:00:00Z
08,393,Skrad,43,43,86,3,2,5,1,1,2,1,1,2,1,7,8,0,0,0,0,0,0,49,54,103,2019-12-31T23:00:00Z
08,4,Bakar,1851,926,2777,58,35,93,2,0,2,78,11,89,61,64,125,0,0,0,8,9,17,2058,1045,3103,2019-12-31T23:00:00Z
08,488,Vinodolska Općina,181,154,335,55,19,74,0,0,0,9,1,10,39,18,57,1,0,1,3,1,4,288,193,481,2019-12-31T23:00:00Z
08,495,Viškovo,1643,1054,2697,183,89,272,3,2,5,66,15,81,152,121,273,0,0,0,9,9,18,2056,1290,3346,2019-12-31T23:00:00Z
08,507,Vrbnik,115,72,187,29,11,40,10,5,15,3,0,3,28,19,47,0,0,0,3,2,5,188,109,297,2019-12-31T23:00:00Z
08,509,Vrbovsko,502,343,845,57,21,78,4,3,7,2,6,8,74,42,116,0,0,0,3,0,3,642,415,1057,2019-12-31T23:00:00Z
08,52,Cres,499,380,879,77,27,104,13,3,16,13,4,17,42,56,98,0,0,0,6,2,8,650,472,1122,2019-12-31T23:00:00Z
08,53,Crikvenica,1141,1545,2686,202,104,306,3,0,3,44,24,68,174,145,319,0,0,0,6,19,25,1570,1837,3407,2019-12-31T23:00:00Z
08,538,Kostrena,392,264,656,25,21,46,1,0,1,73,6,79,20,26,46,2,0,2,3,5,8,516,322,838,2019-12-31T23:00:00Z
08,55,Čabar,368,302,670,48,16,64,1,1,2,5,0,5,136,42,178,0,0,0,1,5,6,559,366,925,2019-12-31T23:00:00Z
08,61,Čavle,651,499,1150,78,45,123,3,2,5,37,9,46,104,86,190,0,0,0,1,6,7,874,647,1521,2019-12-31T23:00:00Z
08,624,Lopar,58,41,99,16,3,19,0,0,0,1,0,1,10,15,25,0,0,0,2,0,2,87,59,146,2019-12-31T23:00:00Z
08,69,Delnice,1128,737,1865,80,44,124,1,2,3,15,17,32,69,112,181,0,0,0,10,8,18,1303,920,2223,2019-12-31T23:00:00Z
08,74,Dobrinj,120,63,183,44,19,63,0,2,2,5,3,8,73,37,110,0,0,0,1,3,4,243,127,370,2019-12-31T23:00:00Z
08,8,Baška,165,177,342,37,21,58,6,2,8,3,4,7,24,23,47,0,0,0,5,2,7,240,229,469,2019-12-31T23:00:00Z
09,130,Gospić,2226,2246,4472,96,53,149,66,31,97,12,13,25,139,179,318,0,0,0,7,11,18,2546,2533,5079,2019-12-31T23:00:00Z
09,178,Karlobag,87,64,151,6,4,10,5,1,6,2,0,2,9,3,12,0,0,0,0,0,0,109,72,181,2019-12-31T23:00:00Z
09,240,Lovinac,171,61,232,2,0,2,2,1,3,1,0,1,2,3,5,0,0,0,0,0,0,178,65,243,2019-12-31T23:00:00Z
09,288,Novalja,609,513,1122,124,30,154,23,7,30,5,3,8,175,68,243,0,0,0,5,9,14,941,630,1571,2019-12-31T23:00:00Z
09,313,Otočac,854,884,1738,89,38,127,42,23,65,8,9,17,106,118,224,0,0,0,6,8,14,1105,1080,2185,2019-12-31T23:00:00Z
09,323,Perušić,405,230,635,22,7,29,25,18,43,0,3,3,18,26,44,0,0,0,0,1,1,470,285,755,2019-12-31T23:00:00Z
09,37,Brinje,329,179,508,23,6,29,8,6,14,1,1,2,16,21,37,0,0,0,4,0,4,381,213,594,2019-12-31T23:00:00Z
09,387,Senj,694,603,1297,102,44,146,6,5,11,17,10,27,95,102,197,0,0,0,8,8,16,922,772,1694,2019-12-31T23:00:00Z
09,455,Plitvička Jezera,745,765,1510,42,24,66,58,13,71,1,6,7,202,150,352,0,0,0,2,0,2,1050,958,2008,2019-12-31T23:00:00Z
09,467,Udbina,169,86,255,9,6,15,27,7,34,0,0,0,10,13,23,0,0,0,3,2,5,218,114,332,2019-12-31T23:00:00Z
09,512,Vrhovine,101,33,134,3,2,5,7,1,8,0,0,0,2,2,4,0,0,0,1,0,1,114,38,152,2019-12-31T23:00:00Z
09,84,Donji Lapac,104,86,190,6,3,9,24,7,31,0,0,0,11,7,18,0,0,0,1,0,1,146,103,249,2019-12-31T23:00:00Z
10,136,Gradina,79,81,160,10,7,17,124,41,165,2,0,2,34,26,60,0,0,0,0,0,0,249,155,404,2019-12-31T23:00:00Z
10,245,Lukač,161,83,244,12,5,17,42,16,58,1,0,1,89,52,141,0,0,0,0,1,1,305,157,462,2019-12-31T23:00:00Z
10,266,Mikleuš,68,49,117,9,1,10,13,6,19,0,0,0,10,10,20,0,0,0,0,0,0,100,66,166,2019-12-31T23:00:00Z
10,283,Nova Bukovica,27,40,67,8,5,13,34,5,39,1,0,1,29,18,47,0,0,0,1,0,1,100,68,168,2019-12-31T23:00:00Z
10,307,Orahovica,981,696,1677,62,37,99,11,2,13,11,12,23,104,104,208,0,0,0,3,4,7,1172,855,2027,2019-12-31T23:00:00Z
10,332,Pitomača,594,594,1188,70,37,107,163,90,253,1,8,9,170,156,326,0,0,0,2,5,7,1000,890,1890,2019-12-31T23:00:00Z
10,395,Slatina,1416,1406,2822,137,66,203,133,50,183,17,26,43,203,252,455,0,0,0,1,12,13,1907,1812,3719,2019-12-31T23:00:00Z
10,407,Sopje,115,43,158,4,2,6,87,27,114,0,0,0,13,21,34,0,0,0,0,0,0,219,93,312,2019-12-31T23:00:00Z
10,424,Suhopolje,204,242,446,25,14,39,95,48,143,0,1,1,65,50,115,0,0,0,2,0,2,391,355,746,2019-12-31T23:00:00Z
10,449,Špišić Bukovica,113,121,234,21,5,26,170,66,236,1,4,5,28,46,74,0,0,0,2,2,4,335,244,579,2019-12-31T23:00:00Z
10,491,Virovitica,3953,3850,7803,171,81,252,81,30,111,36,23,59,420,415,835,0,0,0,10,9,19,4671,4408,9079,2019-12-31T23:00:00Z
10,499,Voćin,134,82,216,7,6,13,28,35,63,0,2,2,16,5,21,0,0,0,0,0,0,185,130,315,2019-12-31T23:00:00Z
10,524,Zdenci,100,83,183,5,3,8,18,9,27,0,4,4,10,11,21,0,0,0,3,1,4,136,111,247,2019-12-31T23:00:00Z
10,54,Crnac,24,33,57,14,4,18,18,8,26,0,2,2,14,16,30,0,0,0,0,0,0,70,63,133,2019-12-31T23:00:00Z
10,56,Čačinci,164,102,266,17,11,28,18,7,25,0,3,3,18,28,46,0,0,0,2,0,2,219,151,370,2019-12-31T23:00:00Z
10,57,Čađavica,77,76,153,12,9,21,67,20,87,0,0,0,44,25,69,0,0,0,0,0,0,200,130,330,2019-12-31T23:00:00Z
11,164,Jakšić,120,107,227,23,3,26,26,7,33,0,2,2,40,19,59,0,0,0,0,0,0,209,138,347,2019-12-31T23:00:00Z
11,177,Kaptol,75,72,147,15,2,17,25,3,28,0,1,1,35,7,42,0,0,0,0,1,1,150,86,236,2019-12-31T23:00:00Z
11,221,Kutjevo,624,381,1005,50,16,66,57,23,80,2,8,10,74,78,152,0,0,0,3,3,6,810,509,1319,2019-12-31T23:00:00Z
11,231,Lipik,745,619,1364,25,13,38,25,11,36,1,12,13,60,53,113,0,0,0,3,1,4,859,709,1568,2019-12-31T23:00:00Z
11,318,Pakrac,582,1068,1650,82,28,110,46,18,64,14,20,34,149,93,242,0,0,0,5,7,12,878,1234,2112,2019-12-31T23:00:00Z
11,334,Pleternica,493,425,918,73,25,98,52,17,69,5,8,13,154,115,269,0,0,0,3,4,7,780,594,1374,2019-12-31T23:00:00Z
11,35,Brestovac,112,96,208,12,3,15,18,4,22,1,1,2,26,10,36,0,0,0,0,1,1,169,115,284,2019-12-31T23:00:00Z
11,351,Požega,5088,4491,9579,294,151,445,98,26,124,41,111,152,376,379,755,0,1,1,17,18,35,5914,5177,11091,2019-12-31T23:00:00Z
11,475,Velika,260,312,572,20,9,29,25,3,28,2,3,5,35,31,66,0,0,0,1,0,1,343,358,701,2019-12-31T23:00:00Z
11,58,Čaglin,89,120,209,9,2,11,22,5,27,0,3,3,11,10,21,0,0,0,0,0,0,131,140,271,2019-12-31T23:00:00Z
12,10,Bebrina,24,52,76,8,7,15,12,8,20,1,0,1,11,7,18,0,0,0,0,0,0,56,74,130,2019-12-31T23:00:00Z
12,118,Garčin,109,120,229,29,7,36,26,11,37,0,0,0,16,21,37,0,0,0,0,1,1,180,160,340,2019-12-31T23:00:00Z
12,127,Gornji Bogićevci,38,18,56,6,2,8,9,2,11,0,0,0,21,30,51,0,0,0,0,0,0,74,52,126,2019-12-31T23:00:00Z
12,140,Gundinci,49,46,95,11,3,14,55,21,76,1,0,1,10,6,16,0,0,0,0,0,0,126,76,202,2019-12-31T23:00:00Z
12,185,Klakar,71,56,127,18,4,22,20,6,26,0,0,0,12,15,27,0,0,0,2,0,2,123,81,204,2019-12-31T23:00:00Z
12,284,Nova Gradiška,1942,2016,3958,142,92,234,21,14,35,24,21,45,254,300,554,0,0,0,3,10,13,2386,2453,4839,2019-12-31T23:00:00Z
12,285,Nova Kapela,141,175,316,20,14,34,25,10,35,2,3,5,56,50,106,0,0,0,0,1,1,244,253,497,2019-12-31T23:00:00Z
12,299,Okučani,198,151,349,24,6,30,9,2,11,0,1,1,43,25,68,0,0,0,1,0,1,275,185,460,2019-12-31T23:00:00Z
12,303,Oprisavci,223,135,358,10,0,10,32,9,41,1,0,1,8,15,23,0,0,0,1,1,2,275,160,435,2019-12-31T23:00:00Z
12,309,Oriovac,273,248,521,32,20,52,18,12,30,2,3,5,55,53,108,0,0,0,1,2,3,381,338,719,2019-12-31T23:00:00Z
12,338,Podcrkavlje,37,35,72,14,0,14,9,5,14,0,1,1,14,7,21,0,0,0,0,1,1,74,49,123,2019-12-31T23:00:00Z
12,372,Rešetari,203,215,418,36,9,45,19,7,26,4,1,5,84,39,123,0,0,0,2,2,4,348,273,621,2019-12-31T23:00:00Z
12,388,Sibinj,103,154,257,46,14,60,14,2,16,0,1,1,53,37,90,0,0,0,5,2,7,221,210,431,2019-12-31T23:00:00Z
12,39,Brodski Stupnik,64,122,186,17,8,25,4,3,7,2,1,3,66,36,102,0,0,0,1,1,2,154,171,325,2019-12-31T23:00:00Z
12,396,Slavonski Brod,13248,9209,22457,567,301,868,41,31,72,78,118,196,961,1008,1969,1,0,1,19,24,43,14915,10691,25606,2019-12-31T23:00:00Z
12,397,Slavonski Šamac,57,52,109,9,3,12,16,6,22,0,1,1,8,4,12,0,0,0,0,0,0,90,66,156,2019-12-31T23:00:00Z
12,412,Stara Gradiška,130,71,201,4,2,6,6,2,8,0,0,0,17,8,25,0,0,0,0,0,0,157,83,240,2019-12-31T23:00:00Z
12,418,Staro Petrovo Selo,174,142,316,25,8,33,42,19,61,1,2,3,93,39,132,0,0,0,0,0,0,335,210,545,2019-12-31T23:00:00Z
12,46,Cernik,155,182,337,21,10,31,7,4,11,3,1,4,60,29,89,0,0,0,0,2,2,246,228,474,2019-12-31T23:00:00Z
12,476,Velika Kopanica,241,113,354,22,8,30,26,14,40,1,2,3,31,22,53,0,0,0,1,2,3,322,161,483,2019-12-31T23:00:00Z
12,506,Vrbje,34,27,61,9,0,9,21,2,23,0,0,0,26,18,44,0,0,0,1,1,2,91,48,139,2019-12-31T23:00:00Z
12,514,Vrpolje,158,108,266,23,7,30,40,14,54,0,2,2,12,11,23,0,0,0,1,0,1,234,142,376,2019-12-31T23:00:00Z
12,567,Bukovlje,49,63,112,11,7,18,0,0,0,1,0,1,11,17,28,0,0,0,0,1,1,72,88,160,2019-12-31T23:00:00Z
12,568,Dragalić,36,58,94,8,0,8,6,2,8,0,0,0,3,5,8,0,0,0,0,1,1,53,66,119,2019-12-31T23:00:00Z
12,569,Gornja Vrba,302,370,672,12,2,14,1,0,1,0,1,1,11,15,26,0,0,0,0,0,0,326,388,714,2019-12-31T23:00:00Z
12,570,Sikirevci,31,59,90,13,3,16,37,14,51,0,0,0,13,6,19,0,0,0,2,1,3,96,83,179,2019-12-31T23:00:00Z
12,68,Davor,94,97,191,14,6,20,11,4,15,0,0,0,11,17,28,0,0,0,2,0,2,132,124,256,2019-12-31T23:00:00Z
12,81,Donji Andrijevci,126,98,224,22,10,32,18,3,21,1,1,2,27,22,49,0,0,0,1,1,2,195,135,330,2019-12-31T23:00:00Z
13,131,Gračac,237,283,520,24,16,40,50,19,69,2,2,4,32,38,70,0,0,0,2,1,3,347,359,706,2019-12-31T23:00:00Z
13,167,Jasenice,123,62,185,11,2,13,4,4,8,2,0,2,20,3,23,0,0,0,1,0,1,161,71,232,2019-12-31T23:00:00Z
13,17,Benkovac,1096,897,1993,77,29,106,80,44,124,12,12,24,163,124,287,0,0,0,11,7,18,1439,1113,2552,2019-12-31T23:00:00Z
13,173,Kali,300,89,389,26,12,38,3,1,4,16,0,16,53,26,79,0,0,0,1,1,2,399,129,528,2019-12-31T23:00:00Z
13,20,Bibinje,168,181,349,44,20,64,4,0,4,1,2,3,60,52,112,0,0,0,2,1,3,279,256,535,2019-12-31T23:00:00Z
13,22,Biograd Na Moru,1035,1292,2327,109,64,173,21,13,34,17,10,27,128,208,336,1,0,1,5,9,14,1316,1596,2912,2019-12-31T23:00:00Z
13,234,Lišane Ostrovičke,29,28,57,8,3,11,1,0,1,0,0,0,6,5,11,0,0,0,0,0,0,44,36,80,2019-12-31T23:00:00Z
13,282,Nin,368,354,722,38,9,47,11,5,16,2,2,4,42,26,68,0,0,0,0,0,0,461,396,857,2019-12-31T23:00:00Z
13,296,Obrovac,286,209,495,23,12,35,22,3,25,4,7,11,15,37,52,0,0,0,3,4,7,353,272,625,2019-12-31T23:00:00Z
13,316,Pag,435,386,821,68,23,91,29,9,38,8,5,13,59,47,106,0,0,0,8,4,12,607,474,1081,2019-12-31T23:00:00Z
13,317,Pakoštane,326,267,593,44,18,62,6,7,13,10,2,12,70,58,128,0,0,0,6,0,6,462,352,814,2019-12-31T23:00:00Z
13,320,Pašman,84,98,182,39,9,48,2,3,5,13,0,13,32,22,54,0,0,0,2,2,4,172,134,306,2019-12-31T23:00:00Z
13,344,Polača,103,56,159,16,4,20,3,1,4,2,0,2,8,8,16,0,0,0,1,1,2,133,70,203,2019-12-31T23:00:00Z
13,345,Poličnik,345,293,638,41,4,45,8,6,14,5,1,6,35,19,54,0,0,0,1,0,1,435,323,758,2019-12-31T23:00:00Z
13,349,Posedarje,133,154,287,30,11,41,7,6,13,7,1,8,34,31,65,0,0,0,2,5,7,213,208,421,2019-12-31T23:00:00Z
13,354,Preko,250,393,643,36,10,46,5,5,10,25,4,29,33,26,59,0,0,0,4,4,8,353,442,795,2019-12-31T23:00:00Z
13,371,Ražanac,75,71,146,24,7,31,7,6,13,12,0,12,24,13,37,0,0,0,3,1,4,145,98,243,2019-12-31T23:00:00Z
13,379,Sali,175,133,308,35,11,46,7,3,10,8,1,9,18,18,36,0,0,0,1,3,4,244,169,413,2019-12-31T23:00:00Z
13,411,Stankovci,221,154,375,21,3,24,6,2,8,0,1,1,29,11,40,0,0,0,0,0,0,277,171,448,2019-12-31T23:00:00Z
13,416,Starigrad,115,132,247,35,26,61,7,3,10,3,0,3,18,29,47,0,0,0,1,3,4,179,193,372,2019-12-31T23:00:00Z
13,425,Sukošan,344,192,536,47,19,66,8,3,11,6,1,7,45,50,95,0,0,0,1,3,4,451,268,719,2019-12-31T23:00:00Z
13,428,Sveti Filip I Jakov,224,321,545,30,13,43,8,3,11,11,1,12,30,33,63,0,0,0,0,0,0,303,371,674,2019-12-31T23:00:00Z
13,445,Škabrnje,62,58,120,24,2,26,5,0,5,3,0,3,13,9,22,0,0,0,1,1,2,108,70,178,2019-12-31T23:00:00Z
13,489,Vir,300,228,528,46,7,53,2,2,4,3,1,4,21,32,53,0,0,0,1,3,4,373,273,646,2019-12-31T23:00:00Z
13,520,Zadar,14458,15768,30226,985,570,1555,41,27,68,782,231,1013,1343,1464,2807,4,0,4,141,73,214,17754,18133,35887,2019-12-31T23:00:00Z
13,525,Zemunik Donji,130,132,262,16,4,20,1,0,1,0,0,0,17,4,21,0,0,0,0,1,1,164,141,305,2019-12-31T23:00:00Z
13,537,Novigrad,59,69,128,20,3,23,4,4,8,5,1,6,29,9,38,0,0,0,0,1,1,117,87,204,2019-12-31T23:00:00Z
13,571,Galovac,32,60,92,9,1,10,6,5,11,4,2,6,6,11,17,0,0,0,1,2,3,58,81,139,2019-12-31T23:00:00Z
13,572,Kukljica,69,30,99,15,1,16,1,1,2,3,1,4,27,4,31,0,0,0,1,1,2,116,38,154,2019-12-31T23:00:00Z
13,573,Povljana,45,32,77,11,2,13,3,0,3,3,0,3,7,6,13,0,0,0,0,2,2,69,42,111,2019-12-31T23:00:00Z
13,574,Privlaka,96,98,194,17,5,22,1,1,2,8,0,8,16,12,28,0,0,0,6,2,8,144,118,262,2019-12-31T23:00:00Z
13,575,Tkon,96,48,144,22,5,27,3,3,6,3,0,3,42,20,62,0,0,0,1,1,2,167,77,244,2019-12-31T23:00:00Z
13,622,Kolan,114,76,190,19,4,23,4,1,5,0,0,0,20,13,33,0,0,0,0,0,0,157,94,251,2019-12-31T23:00:00Z
13,625,Vrsi,81,40,121,12,4,16,4,4,8,20,0,20,12,21,33,0,0,0,3,4,7,132,73,205,2019-12-31T23:00:00Z
14,103,Đakovo,2827,2880,5707,425,189,614,186,80,266,30,40,70,692,568,1260,0,0,0,12,11,23,4172,3768,7940,2019-12-31T23:00:00Z
14,106,Đurđenovac,519,500,1019,40,10,50,27,20,47,0,7,7,80,47,127,0,0,0,5,3,8,671,587,1258,2019-12-31T23:00:00Z
14,110,Erdut,272,236,508,37,12,49,57,14,71,3,4,7,40,35,75,0,0,0,2,1,3,411,302,713,2019-12-31T23:00:00Z
14,111,Ernestinovo,86,179,265,9,2,11,25,9,34,2,2,4,3,15,18,0,0,0,0,0,0,125,207,332,2019-12-31T23:00:00Z
14,116,Feričanci,134,121,255,22,4,26,3,0,3,0,1,1,43,15,58,0,0,0,1,1,2,203,142,345,2019-12-31T23:00:00Z
14,124,Gorjani,126,188,314,15,2,17,19,11,30,0,2,2,10,4,14,0,0,0,0,0,0,170,207,377,2019-12-31T23:00:00Z
14,13,Beli Manastir,1025,1171,2196,66,33,99,42,26,68,8,10,18,103,95,198,0,0,0,1,1,2,1245,1336,2581,2019-12-31T23:00:00Z
14,16,Belišće,1591,651,2242,61,28,89,24,7,31,1,10,11,83,106,189,0,0,0,4,2,6,1764,804,2568,2019-12-31T23:00:00Z
14,195,Kneževi Vinogradi,204,247,451,32,7,39,40,7,47,1,2,3,67,65,132,0,0,0,0,1,1,344,329,673,2019-12-31T23:00:00Z
14,2,Antunovac,174,160,334,26,11,37,17,9,26,0,2,2,16,6,22,0,0,0,0,0,0,233,188,421,2019-12-31T23:00:00Z
14,205,Koška,158,151,309,27,6,33,34,11,45,3,4,7,34,25,59,0,0,0,1,0,1,257,197,454,2019-12-31T23:00:00Z
14,21,Bilje,287,320,607,44,18,62,21,13,34,3,5,8,52,42,94,0,0,0,0,1,1,407,399,806,2019-12-31T23:00:00Z
14,23,Bizovac,240,269,509,25,11,36,30,11,41,0,5,5,36,35,71,0,0,0,1,1,2,332,332,664,2019-12-31T23:00:00Z
14,230,Levanjska Varoš,37,45,82,3,2,5,13,9,22,0,0,0,2,2,4,0,0,0,0,1,1,55,59,114,2019-12-31T23:00:00Z
14,257,Marijanci,81,56,137,6,4,10,13,1,14,0,2,2,17,24,41,0,0,0,2,1,3,119,88,207,2019-12-31T23:00:00Z
14,271,Moslavina Podravska,21,33,54,2,2,4,19,9,28,0,0,0,14,10,24,0,0,0,0,0,0,56,54,110,2019-12-31T23:00:00Z
14,278,Našice,2201,1787,3988,164,75,239,44,17,61,12,36,48,234,220,454,0,0,0,10,6,16,2665,2141,4806,2019-12-31T23:00:00Z
14,312,Osijek,23368,21849,45217,788,570,1358,103,37,140,187,205,392,823,1150,1973,1,0,1,31,59,90,25301,23870,49171,2019-12-31T23:00:00Z
14,325,Petlovac,46,43,89,5,5,10,14,0,14,0,0,0,15,6,21,0,0,0,1,0,1,81,54,135,2019-12-31T23:00:00Z
14,327,Petrijevci,302,198,500,17,3,20,12,7,19,0,0,0,12,7,19,0,0,0,1,2,3,344,217,561,2019-12-31T23:00:00Z
14,340,Podgorač,84,86,170,26,7,33,34,7,41,1,1,2,21,25,46,0,0,0,1,1,2,167,127,294,2019-12-31T23:00:00Z
14,346,Popovac,53,56,109,2,3,5,6,7,13,1,0,1,4,7,11,0,0,0,0,0,0,66,73,139,2019-12-31T23:00:00Z
14,361,Punitovci,42,59,101,20,3,23,18,4,22,0,0,0,25,7,32,0,0,0,0,1,1,105,74,179,2019-12-31T23:00:00Z
14,381,Satnica Đakovačka,114,107,221,22,5,27,11,3,14,0,0,0,41,30,71,0,0,0,0,1,1,188,146,334,2019-12-31T23:00:00Z
14,386,Semeljci,230,235,465,44,12,56,56,30,86,2,2,4,62,28,90,0,0,0,2,1,3,396,308,704,2019-12-31T23:00:00Z
14,421,Strizivojna,309,286,595,15,6,21,21,3,24,0,0,0,9,8,17,0,0,0,1,0,1,355,303,658,2019-12-31T23:00:00Z
14,461,Trnava,41,73,114,4,3,7,16,6,22,0,0,0,12,3,15,0,0,0,0,0,0,73,85,158,2019-12-31T23:00:00Z
14,471,Valpovo,855,1137,1992,67,49,116,42,19,61,15,30,45,83,102,185,0,0,0,8,8,16,1070,1345,2415,2019-12-31T23:00:00Z
14,485,Viljevo,30,63,93,10,1,11,28,5,33,0,1,1,17,10,27,0,0,0,1,1,2,86,81,167,2019-12-31T23:00:00Z
14,494,Viškovci,174,143,317,25,3,28,16,6,22,0,0,0,20,3,23,0,0,0,2,0,2,237,155,392,2019-12-31T23:00:00Z
14,517,Vuka,40,61,101,14,2,16,17,5,22,0,1,1,13,10,23,0,0,0,0,0,0,84,79,163,2019-12-31T23:00:00Z
14,576,Donja Motičina,22,32,54,9,2,11,2,1,3,1,0,1,18,9,27,0,0,0,0,0,0,52,44,96,2019-12-31T23:00:00Z
14,578,Magadenovac,100,110,210,5,2,7,28,13,41,1,3,4,20,24,44,0,0,0,0,0,0,154,152,306,2019-12-31T23:00:00Z
14,579,Vladislavci,132,96,228,3,1,4,8,4,12,0,0,0,2,7,9,0,0,0,0,1,1,145,109,254,2019-12-31T23:00:00Z
14,609,Jagodnjak,111,79,190,5,4,9,25,5,30,0,0,0,8,5,13,0,0,0,0,0,0,149,93,242,2019-12-31T23:00:00Z
14,614,Šodolovci,18,8,26,0,0,0,0,0,0,0,0,0,6,4,10,0,0,0,0,0,0,24,12,36,2019-12-31T23:00:00Z
14,64,Čeminac,79,73,152,12,0,12,4,2,6,0,0,0,15,12,27,0,0,0,0,0,0,110,87,197,2019-12-31T23:00:00Z
14,65,Čepin,557,494,1051,81,32,113,54,21,75,6,8,14,88,87,175,0,0,0,3,3,6,789,645,1434,2019-12-31T23:00:00Z
14,66,Darda,1729,841,2570,53,30,83,35,4,39,1,4,5,58,51,109,0,0,0,1,0,1,1877,930,2807,2019-12-31T23:00:00Z
14,86,Donji Miholjac,1214,1028,2242,81,47,128,149,41,190,6,19,25,165,117,282,0,0,0,2,1,3,1617,1253,2870,2019-12-31T23:00:00Z
14,91,Draž,82,124,206,11,3,14,18,8,26,0,0,0,11,9,20,0,0,0,1,0,1,123,144,267,2019-12-31T23:00:00Z
14,94,Drenje,87,128,215,27,7,34,59,23,82,0,0,0,12,14,26,0,0,0,0,1,1,185,173,358,2019-12-31T23:00:00Z
15,113,Ervenik,43,64,107,1,0,1,3,1,4,0,0,0,0,1,1,0,0,0,0,0,0,47,66,113,2019-12-31T23:00:00Z
15,183,Kijevo,38,40,78,2,0,2,1,0,1,0,0,0,0,0,0,0,0,0,0,0,0,41,40,81,2019-12-31T23:00:00Z
15,184,Kistanje,66,84,150,12,3,15,0,0,0,2,0,2,17,5,22,0,0,0,0,0,0,97,92,189,2019-12-31T23:00:00Z
15,196,Knin,1590,1352,2942,115,66,181,43,7,50,31,7,38,112,162,274,0,0,0,3,2,5,1894,1596,3490,2019-12-31T23:00:00Z
15,298,Promina,100,74,174,1,1,2,1,2,3,0,0,0,0,1,1,0,0,0,0,0,0,102,78,180,2019-12-31T23:00:00Z
15,310,Biskupija,70,42,112,2,0,2,1,1,2,1,0,1,0,0,0,0,0,0,0,0,0,74,43,117,2019-12-31T23:00:00Z
15,357,Primošten,229,257,486,66,22,88,5,0,5,9,1,10,38,29,67,0,0,0,2,2,4,349,311,660,2019-12-31T23:00:00Z
15,377,Ružić,28,53,81,3,0,3,6,10,16,0,0,0,2,8,10,0,0,0,0,0,0,39,71,110,2019-12-31T23:00:00Z
15,394,Skradin,121,164,285,35,8,43,17,5,22,4,3,7,22,26,48,0,0,0,0,1,1,199,207,406,2019-12-31T23:00:00Z
15,444,Šibenik,8162,8094,16256,626,327,953,38,14,52,176,105,281,559,677,1236,3,0,3,29,24,53,9593,9241,18834,2019-12-31T23:00:00Z
15,454,Tisno,260,229,489,94,26,120,4,0,4,7,3,10,60,39,99,0,0,0,0,2,2,425,299,724,2019-12-31T23:00:00Z
15,469,Unešić,47,57,104,9,2,11,2,1,3,2,0,2,12,4,16,0,0,0,0,0,0,72,64,136,2019-12-31T23:00:00Z
15,500,Vodice,867,959,1826,233,92,325,8,5,13,12,6,18,198,125,323,0,0,0,8,9,17,1326,1196,2522,2019-12-31T23:00:00Z
15,51,Civljane,44,12,56,1,0,1,0,0,0,0,0,0,1,3,4,0,0,0,0,0,0,46,15,61,2019-12-31T23:00:00Z
15,581,Pirovac,112,112,224,27,11,38,4,3,7,3,2,5,35,35,70,0,0,0,0,1,1,181,164,345,2019-12-31T23:00:00Z
15,582,Rogoznica,239,201,440,45,13,58,1,1,2,11,1,12,31,29,60,0,0,0,1,0,1,328,245,573,2019-12-31T23:00:00Z
15,617,Murter,248,238,486,40,23,63,6,1,7,10,1,11,49,37,86,0,0,0,1,1,2,354,301,655,2019-12-31T23:00:00Z
15,621,Bilice,70,32,102,16,6,22,0,0,0,8,0,8,22,14,36,0,0,0,0,0,0,116,52,168,2019-12-31T23:00:00Z
15,626,Tribunj,76,68,144,16,10,26,0,0,0,3,0,3,44,20,64,0,0,0,0,1,1,139,99,238,2019-12-31T23:00:00Z
15,95,Drniš,800,625,1425,66,49,115,38,16,54,7,7,14,90,88,178,0,0,0,0,3,3,1001,788,1789,2019-12-31T23:00:00Z
16,1,Andrijaševci,65,133,198,24,12,36,13,4,17,1,0,1,38,28,66,0,0,0,2,3,5,143,180,323,2019-12-31T23:00:00Z
16,137,Gradište,92,93,185,18,3,21,35,6,41,0,1,1,7,11,18,0,0,0,1,0,1,153,114,267,2019-12-31T23:00:00Z
16,141,Gunja,192,149,341,33,8,41,37,14,51,3,1,4,27,9,36,0,0,0,1,3,4,293,184,477,2019-12-31T23:00:00Z
16,154,Ilok,434,577,1011,62,22,84,56,18,74,3,1,4,97,96,193,0,0,0,1,0,1,653,714,1367,2019-12-31T23:00:00Z
16,159,Ivankovo,325,396,721,68,26,94,50,12,62,2,6,8,99,81,180,0,0,0,2,6,8,546,527,1073,2019-12-31T23:00:00Z
16,166,Jarmina,32,77,109,11,7,18,25,7,32,0,2,2,15,17,32,0,0,0,0,2,2,83,112,195,2019-12-31T23:00:00Z
16,239,Lovas,68,88,156,5,0,5,14,0,14,1,0,1,4,6,10,0,0,0,0,0,0,92,94,186,2019-12-31T23:00:00Z
16,26,Bogdanovci,25,44,69,4,0,4,9,4,13,0,0,0,15,1,16,0,0,0,0,0,0,53,49,102,2019-12-31T23:00:00Z
16,29,Borovo,76,108,184,34,14,48,26,4,30,3,4,7,55,65,120,0,0,0,3,4,7,197,199,396,2019-12-31T23:00:00Z
16,294,Nuštar,225,315,540,32,18,50,29,6,35,2,3,5,36,24,60,0,0,0,3,0,3,327,366,693,2019-12-31T23:00:00Z
16,295,Nijemci,168,180,348,21,7,28,86,21,107,1,1,2,45,26,71,0,0,0,1,1,2,322,236,558,2019-12-31T23:00:00Z
16,3,Babina Greda,126,120,246,32,10,42,77,21,98,3,0,3,23,34,57,0,0,0,0,3,3,261,188,449,2019-12-31T23:00:00Z
16,32,Bošnjaci,104,106,210,22,5,27,47,7,54,1,0,1,19,33,52,0,0,0,1,0,1,194,151,345,2019-12-31T23:00:00Z
16,414,Stari Jankovci,128,163,291,18,4,22,41,9,50,1,0,1,33,16,49,0,0,0,1,2,3,222,194,416,2019-12-31T23:00:00Z
16,415,Stari Mikanovci,82,127,209,21,11,32,19,9,28,2,1,3,30,43,73,0,0,0,1,0,1,155,191,346,2019-12-31T23:00:00Z
16,44,Cerna,374,210,584,37,17,54,43,15,58,3,1,4,55,55,110,0,0,0,0,0,0,512,298,810,2019-12-31T23:00:00Z
16,456,Tompojevci,15,42,57,12,2,14,39,11,50,0,1,1,16,16,32,0,0,0,0,0,0,82,72,154,2019-12-31T23:00:00Z
16,458,Tordinci,82,99,181,5,2,7,11,0,11,1,0,1,10,7,17,0,0,0,0,0,0,109,108,217,2019-12-31T23:00:00Z
16,459,Tovarnik,141,144,285,14,4,18,44,19,63,0,0,0,10,10,20,0,0,0,1,1,2,210,178,388,2019-12-31T23:00:00Z
16,464,Trpinja,103,197,300,21,5,26,83,11,94,3,0,3,22,28,50,0,0,0,0,0,0,232,241,473,2019-12-31T23:00:00Z
16,487,Vinkovci,7939,6264,14203,280,169,449,32,16,48,60,56,116,458,622,1080,1,0,1,11,10,21,8781,7137,15918,2019-12-31T23:00:00Z
16,505,Vrbanja,215,127,342,30,12,42,75,12,87,2,0,2,18,22,40,0,0,0,0,0,0,340,173,513,2019-12-31T23:00:00Z
16,518,Vukovar,4294,4518,8812,251,133,384,65,29,94,26,37,63,362,373,735,0,0,0,6,13,19,5004,5103,10107,2019-12-31T23:00:00Z
16,534,Županja,2072,1522,3594,130,54,184,38,11,49,22,22,44,177,202,379,1,0,1,6,8,14,2446,1819,4265,2019-12-31T23:00:00Z
16,535,Otok (Vinkovci),366,323,689,37,19,56,59,16,75,7,1,8,60,45,105,0,0,0,1,3,4,530,407,937,2019-12-31T23:00:00Z
16,583,Privlaka,94,85,179,17,4,21,19,8,27,0,2,2,18,18,36,0,0,0,1,0,1,149,117,266,2019-12-31T23:00:00Z
16,584,Vođinci,42,161,203,15,2,17,6,3,9,0,1,1,11,12,23,0,0,0,1,0,1,75,179,254,2019-12-31T23:00:00Z
16,610,Markušica,31,54,85,8,3,11,45,18,63,0,1,1,12,16,28,0,0,0,4,1,5,100,93,193,2019-12-31T23:00:00Z
16,612,Negoslavci,16,21,37,2,0,2,12,2,14,1,0,1,13,14,27,0,0,0,0,0,0,44,37,81,2019-12-31T23:00:00Z
16,628,Štitar,98,57,155,6,0,6,12,3,15,0,1,1,12,7,19,0,0,0,0,0,0,128,68,196,2019-12-31T23:00:00Z
16,92,Drenovci,123,168,291,36,7,43,107,34,141,2,0,2,28,32,60,0,0,0,0,1,1,296,242,538,2019-12-31T23:00:00Z
17,100,Dugi Rat,565,554,1119,66,25,91,1,3,4,29,7,36,128,90,218,0,0,0,3,2,5,792,681,1473,2019-12-31T23:00:00Z
17,134,Gradac,166,220,386,37,9,46,5,1,6,1,1,2,17,29,46,0,0,0,0,3,3,226,263,489,2019-12-31T23:00:00Z
17,148,Hrvace,215,200,415,34,13,47,5,6,11,2,3,5,45,49,94,0,0,0,0,2,2,301,273,574,2019-12-31T23:00:00Z
17,153,Hvar,545,589,1134,160,60,220,16,10,26,17,8,25,123,102,225,1,0,1,3,10,13,865,779,1644,2019-12-31T23:00:00Z
17,155,Imotski,1179,1221,2400,125,77,202,11,8,19,31,14,45,113,218,331,0,0,0,11,13,24,1470,1551,3021,2019-12-31T23:00:00Z
17,171,Jelsa,299,257,556,83,23,106,30,11,41,13,0,13,82,50,132,0,0,0,8,7,15,515,348,863,2019-12-31T23:00:00Z
17,181,Kaštela,3277,3558,6835,440,200,640,25,11,36,130,38,168,496,529,1025,0,0,0,38,27,65,4406,4363,8769,2019-12-31T23:00:00Z
17,192,Klis,216,179,395,36,8,44,6,4,10,16,1,17,41,22,63,0,0,0,0,1,1,315,215,530,2019-12-31T23:00:00Z
17,197,Komiža,144,140,284,52,14,66,4,0,4,3,2,5,31,20,51,0,0,0,2,3,5,236,179,415,2019-12-31T23:00:00Z
17,243,Lovreć,108,93,201,16,7,23,4,0,4,1,0,1,16,13,29,0,0,0,2,1,3,147,114,261,2019-12-31T23:00:00Z
17,249,Makarska,2359,2251,4610,261,147,408,3,3,6,51,28,79,313,325,638,0,0,0,7,8,15,2994,2762,5756,2019-12-31T23:00:00Z
17,258,Marina,173,226,399,51,19,70,6,4,10,12,1,13,23,41,64,1,0,1,2,1,3,268,292,560,2019-12-31T23:00:00Z
17,267,Milna,104,83,187,18,5,23,5,2,7,5,0,5,15,17,32,0,0,0,4,1,5,151,108,259,2019-12-31T23:00:00Z
17,27,Bol,289,335,624,48,15,63,6,2,8,3,2,5,47,20,67,0,0,0,2,5,7,395,379,774,2019-12-31T23:00:00Z
17,280,Nerežišća,145,49,194,15,1,16,7,2,9,0,0,0,27,15,42,0,0,0,1,0,1,195,67,262,2019-12-31T23:00:00Z
17,300,Omiš,1361,1673,3034,210,76,286,11,5,16,43,16,59,291,279,570,0,0,0,5,7,12,1921,2056,3977,2019-12-31T23:00:00Z
17,314,Otok,233,211,444,41,17,58,8,1,9,3,0,3,65,55,120,0,0,0,0,0,0,350,284,634,2019-12-31T23:00:00Z
17,337,Podbablje,275,178,453,31,2,33,6,0,6,1,1,2,21,34,55,0,0,0,2,4,6,336,219,555,2019-12-31T23:00:00Z
17,339,Podgora,226,202,428,42,6,48,3,1,4,1,1,2,22,10,32,0,0,0,3,2,5,297,222,519,2019-12-31T23:00:00Z
17,341,Podstrana,738,651,1389,57,17,74,16,4,20,28,3,31,56,75,131,1,0,1,2,3,5,898,753,1651,2019-12-31T23:00:00Z
17,350,Postira,278,231,509,31,13,44,12,3,15,0,3,3,13,10,23,0,0,0,3,1,4,337,261,598,2019-12-31T23:00:00Z
17,358,Pučišća,230,129,359,40,7,47,6,5,11,10,0,10,44,13,57,0,0,0,2,0,2,332,154,486,2019-12-31T23:00:00Z
17,382,Seget,487,402,889,32,6,38,6,3,9,11,2,13,139,66,205,0,0,0,5,2,7,680,481,1161,2019-12-31T23:00:00Z
17,383,Selca,126,106,232,40,18,58,8,3,11,5,2,7,69,29,98,0,0,0,1,1,2,249,159,408,2019-12-31T23:00:00Z
17,389,Sinj,1893,1948,3841,246,127,373,49,16,65,43,41,84,281,375,656,1,1,2,12,17,29,2525,2525,5050,2019-12-31T23:00:00Z
17,406,Solin,3601,3084,6685,242,137,379,11,8,19,136,31,167,295,285,580,0,0,0,11,13,24,4296,3558,7854,2019-12-31T23:00:00Z
17,409,Split,35064,37796,72860,1482,968,2450,61,40,101,2161,441,2602,1572,2286,3858,4,0,4,163,172,335,40507,41703,82210,2019-12-31T23:00:00Z
17,413,Stari Grad,285,265,550,58,20,78,21,14,35,6,3,9,42,35,77,0,0,0,8,8,16,420,345,765,2019-12-31T23:00:00Z
17,423,Sućuraj,25,22,47,22,2,24,4,2,6,1,0,1,12,6,18,0,0,0,0,0,0,64,32,96,2019-12-31T23:00:00Z
17,427,Supetar,567,706,1273,102,59,161,16,6,22,29,8,37,92,106,198,0,0,0,6,5,11,812,890,1702,2019-12-31T23:00:00Z
17,443,Šestanovac,125,140,265,23,4,27,7,0,7,1,2,3,19,17,36,0,0,0,2,2,4,177,165,342,2019-12-31T23:00:00Z
17,447,Šolta,165,120,285,17,6,23,10,4,14,9,1,10,5,12,17,0,0,0,1,1,2,207,144,351,2019-12-31T23:00:00Z
17,460,Trilj,402,534,936,96,29,125,17,8,25,14,3,17,92,138,230,0,0,0,0,5,5,621,717,1338,2019-12-31T23:00:00Z
17,463,Trogir,2012,1772,3784,294,129,423,14,3,17,75,37,112,306,368,674,0,0,0,14,29,43,2715,2338,5053,2019-12-31T23:00:00Z
17,492,Vis,220,240,460,34,12,46,17,4,21,4,2,6,37,31,68,0,0,0,3,2,5,315,291,606,2019-12-31T23:00:00Z
17,50,Cista Provo,114,131,245,28,1,29,7,1,8,1,0,1,6,10,16,0,0,0,1,2,3,157,145,302,2019-12-31T23:00:00Z
17,511,Vrgorac,888,682,1570,50,24,74,23,18,41,5,7,12,50,93,143,0,0,0,0,2,2,1016,826,1842,2019-12-31T23:00:00Z
17,513,Vrlika,113,224,337,17,3,20,12,3,15,1,0,1,23,6,29,0,0,0,1,0,1,167,236,403,2019-12-31T23:00:00Z
17,522,Zagvozd,140,73,213,16,2,18,2,0,2,0,0,0,8,8,16,0,0,0,1,1,2,167,84,251,2019-12-31T23:00:00Z
17,528,Zmijavci,81,123,204,7,2,9,1,1,2,2,0,2,21,10,31,0,0,0,0,1,1,112,137,249,2019-12-31T23:00:00Z
17,585,Dugopolje,1314,729,2043,32,9,41,5,4,9,17,1,18,66,46,112,0,0,0,0,0,0,1434,789,2223,2019-12-31T23:00:00Z
17,586,Lećevica,11,24,35,6,0,6,0,0,0,1,0,1,1,0,1,0,0,0,0,0,0,19,24,43,2019-12-31T23:00:00Z
17,587,Lokvičići,32,23,55,0,1,1,1,0,1,0,0,0,1,2,3,0,0,0,1,0,1,35,26,61,2019-12-31T23:00:00Z
17,588,Okrug,126,142,268,29,7,36,1,1,2,15,5,20,83,27,110,0,0,0,2,3,5,256,185,441,2019-12-31T23:00:00Z
17,589,Prgomet,34,24,58,8,0,8,1,1,2,0,0,0,1,0,1,0,0,0,0,0,0,44,25,69,2019-12-31T23:00:00Z
17,590,Primorski Dolac,10,47,57,4,1,5,1,1,2,0,1,1,2,5,7,0,0,0,0,0,0,17,55,72,2019-12-31T23:00:00Z
17,591,Runovići,77,80,157,5,3,8,0,1,1,0,2,2,25,32,57,0,0,0,0,0,0,107,118,225,2019-12-31T23:00:00Z
17,592,Sutivan,97,58,155,10,5,15,4,1,5,12,1,13,21,11,32,0,0,0,1,0,1,145,76,221,2019-12-31T23:00:00Z
17,593,Tučepi,232,225,457,19,9,28,1,0,1,5,3,8,26,20,46,0,0,0,1,1,2,284,258,542,2019-12-31T23:00:00Z
17,595,Zadvarje,29,18,47,7,1,8,0,1,1,1,0,1,10,5,15,0,0,0,0,0,0,47,25,72,2019-12-31T23:00:00Z
17,72,Dicmo,355,190,545,28,15,43,4,2,6,4,1,5,37,47,84,0,0,0,0,1,1,428,256,684,2019-12-31T23:00:00Z
17,77,Brela,223,216,439,23,6,29,0,1,1,1,1,2,15,16,31,0,0,0,1,1,2,263,241,504,2019-12-31T23:00:00Z
17,87,Muć,131,185,316,18,4,22,1,3,4,5,4,9,8,12,20,0,0,0,0,1,1,163,209,372,2019-12-31T23:00:00Z
17,88,Proložac,179,186,365,13,4,17,1,3,4,0,0,0,38,23,61,0,0,0,3,0,3,234,216,450,2019-12-31T23:00:00Z
17,9,Baška Voda,221,270,491,60,20,80,2,1,3,6,4,10,48,42,90,0,0,0,2,2,4,339,339,678,2019-12-31T23:00:00Z
18,132,Gračišće,36,33,69,33,3,36,12,3,15,0,0,0,36,9,45,0,0,0,2,0,2,119,48,167,2019-12-31T23:00:00Z
18,138,Grožnjan,25,17,42,15,4,19,13,4,17,1,0,1,9,10,19,0,0,0,0,3,3,63,38,101,2019-12-31T23:00:00Z
18,175,Kanfanar,463,179,642,21,7,28,4,0,4,2,0,2,28,15,43,0,0,0,2,2,4,520,203,723,2019-12-31T23:00:00Z
18,217,Kršan,267,276,543,49,10,59,7,5,12,1,1,2,85,45,130,0,0,0,2,5,7,411,342,753,2019-12-31T23:00:00Z
18,222,Labin,2572,2314,4886,236,101,337,16,10,26,38,36,74,269,215,484,0,0,0,16,13,29,3147,2689,5836,2019-12-31T23:00:00Z
18,223,Lanišće,14,14,28,4,0,4,2,1,3,0,0,0,9,2,11,0,0,0,0,0,0,29,17,46,2019-12-31T23:00:00Z
18,235,Ližnjan,142,128,270,11,4,15,2,0,2,3,0,3,17,30,47,0,0,0,1,0,1,176,162,338,2019-12-31T23:00:00Z
18,246,Lupoglav,196,99,295,11,5,16,8,4,12,0,1,1,13,12,25,0,0,0,0,1,1,228,122,350,2019-12-31T23:00:00Z
18,254,Marčana,129,143,272,33,14,47,3,2,5,7,1,8,43,19,62,0,0,0,2,1,3,217,180,397,2019-12-31T23:00:00Z
18,263,Medulin,555,522,1077,63,27,90,9,3,12,9,5,14,66,83,149,0,0,0,0,1,1,702,641,1343,2019-12-31T23:00:00Z
18,274,Motovun,83,86,169,33,11,44,19,5,24,0,0,0,34,20,54,0,0,0,4,2,6,173,124,297,2019-12-31T23:00:00Z
18,291,Novigrad,735,932,1667,104,44,148,18,5,23,4,8,12,122,100,222,0,0,0,7,9,16,990,1098,2088,2019-12-31T23:00:00Z
18,304,Oprtalj,70,96,166,11,4,15,13,2,15,0,0,0,11,8,19,0,0,0,4,2,6,109,112,221,2019-12-31T23:00:00Z
18,321,Pazin,2032,1953,3985,284,106,390,46,23,69,17,24,41,312,213,525,0,0,0,7,17,24,2698,2336,5034,2019-12-31T23:00:00Z
18,330,Pićan,347,198,545,26,5,31,4,5,9,1,1,2,51,18,69,0,0,0,1,2,3,430,229,659,2019-12-31T23:00:00Z
18,348,Poreč,4526,4519,9045,513,259,772,48,18,66,56,54,110,477,400,877,0,0,0,18,14,32,5638,5264,10902,2019-12-31T23:00:00Z
18,359,Pula,13050,12512,25562,1032,530,1562,60,41,101,306,176,482,879,1079,1958,2,0,2,90,45,135,15419,14383,29802,2019-12-31T23:00:00Z
18,368,Raša,260,160,420,26,7,33,1,0,1,4,1,5,35,21,56,0,0,0,0,0,0,326,189,515,2019-12-31T23:00:00Z
18,374,Rovinj,2864,2982,5846,372,195,567,29,11,40,37,37,74,395,372,767,1,0,1,16,18,34,3714,3615,7329,2019-12-31T23:00:00Z
18,40,Brtonigla,143,91,234,37,13,50,25,8,33,1,1,2,45,46,91,0,0,0,1,2,3,252,161,413,2019-12-31T23:00:00Z
18,42,Buje,746,712,1458,72,40,112,24,13,37,6,11,17,57,62,119,0,0,0,3,7,10,908,845,1753,2019-12-31T23:00:00Z
18,43,Buzet,1569,1022,2591,153,60,213,22,17,39,5,5,10,102,107,209,0,0,0,6,6,12,1857,1217,3074,2019-12-31T23:00:00Z
18,431,Sveti Lovreč,35,62,97,19,10,29,3,0,3,0,1,1,35,14,49,0,0,0,0,2,2,92,89,181,2019-12-31T23:00:00Z
18,432,Sveta Nedelja,139,125,264,22,7,29,7,2,9,6,0,6,38,18,56,0,0,0,7,4,11,219,156,375,2019-12-31T23:00:00Z
18,433,Sveti Petar U Šumi,172,110,282,24,4,28,2,4,6,0,0,0,31,3,34,0,0,0,1,1,2,230,122,352,2019-12-31T23:00:00Z
18,435,Svetvinčenat,118,100,218,20,3,23,1,0,1,0,0,0,20,20,40,0,0,0,1,0,1,160,123,283,2019-12-31T23:00:00Z
18,453,Tinjan,186,99,285,39,9,48,4,1,5,1,3,4,51,27,78,0,0,0,2,0,2,283,139,422,2019-12-31T23:00:00Z
18,468,Umag,2425,2134,4559,334,138,472,31,15,46,32,32,64,275,271,546,0,0,0,19,20,39,3116,2610,5726,2019-12-31T23:00:00Z
18,47,Cerovlje,87,44,131,39,2,41,5,4,9,2,0,2,37,18,55,0,0,0,1,2,3,171,70,241,2019-12-31T23:00:00Z
18,497,Višnjan,250,238,488,41,11,52,9,4,13,2,2,4,77,36,113,0,0,0,5,0,5,384,291,675,2019-12-31T23:00:00Z
18,498,Vižinada,51,40,91,20,6,26,17,6,23,1,0,1,29,16,45,0,0,0,1,0,1,119,68,187,2019-12-31T23:00:00Z
18,5,Bale,99,87,186,23,14,37,4,3,7,0,0,0,32,12,44,0,0,0,1,1,2,159,117,276,2019-12-31T23:00:00Z
18,502,Vodnjan,678,545,1223,53,19,72,13,4,17,10,5,15,92,52,144,0,0,0,0,0,0,846,625,1471,2019-12-31T23:00:00Z
18,516,Vrsar,250,230,480,76,30,106,3,1,4,5,1,6,71,70,141,1,0,1,3,0,3,409,332,741,2019-12-31T23:00:00Z
18,531,Žminj,476,393,869,91,41,132,12,6,18,1,3,4,90,66,156,0,0,0,4,3,7,674,512,1186,2019-12-31T23:00:00Z
18,596,Karojba,79,81,160,34,7,41,2,1,3,0,0,0,54,7,61,0,0,0,1,0,1,170,96,266,2019-12-31T23:00:00Z
18,597,Kaštelir - Labinci,145,76,221,28,14,42,5,2,7,1,0,1,36,15,51,0,0,0,2,3,5,217,110,327,2019-12-31T23:00:00Z
18,6,Barban,217,114,331,40,5,45,8,5,13,1,1,2,19,21,40,0,0,0,4,3,7,289,149,438,2019-12-31T23:00:00Z
18,619,Fažana,237,191,428,21,8,29,0,0,0,4,2,6,34,72,106,0,0,0,0,2,2,296,275,571,2019-12-31T23:00:00Z
18,629,Funtana,104,88,192,17,6,23,1,0,1,0,0,0,16,23,39,0,0,0,2,1,3,140,118,258,2019-12-31T23:00:00Z
18,631,Tar-Vabriga,140,190,330,31,14,45,3,0,3,1,0,1,27,23,50,0,0,0,0,1,1,202,228,430,2019-12-31T23:00:00Z
19,198,Konavle,1120,850,1970,197,64,261,22,12,34,41,9,50,69,82,151,0,0,0,8,4,12,1457,1021,2478,2019-12-31T23:00:00Z
19,204,Korčula,627,840,1467,102,38,140,14,7,21,130,11,141,87,88,175,0,0,0,17,13,30,977,997,1974,2019-12-31T23:00:00Z
19,219,Kula Norinska,34,58,92,15,3,18,3,0,3,2,0,2,5,5,10,0,0,0,0,0,0,59,66,125,2019-12-31T23:00:00Z
19,226,Lastovo,64,88,152,16,9,25,4,1,5,7,1,8,7,8,15,0,0,0,6,7,13,104,114,218,2019-12-31T23:00:00Z
19,25,Blato,591,410,1001,58,19,77,19,5,24,8,8,16,167,44,211,0,0,0,10,5,15,853,491,1344,2019-12-31T23:00:00Z
19,264,Metković,1903,1646,3549,173,96,269,35,22,57,44,20,64,320,264,584,0,0,0,5,5,10,2480,2053,4533,2019-12-31T23:00:00Z
19,268,Mljet,177,84,261,20,8,28,4,1,5,4,2,6,9,6,15,0,0,0,2,2,4,216,103,319,2019-12-31T23:00:00Z
19,306,Opuzen,385,346,731,27,16,43,44,20,64,4,1,5,17,24,41,0,0,0,1,0,1,478,407,885,2019-12-31T23:00:00Z
19,308,Orebić,355,381,736,66,33,99,32,8,40,31,6,37,74,71,145,0,0,0,9,12,21,567,511,1078,2019-12-31T23:00:00Z
19,335,Ploče,1423,867,2290,71,40,111,19,2,21,32,9,41,72,131,203,0,0,0,1,3,4,1618,1052,2670,2019-12-31T23:00:00Z
19,343,Pojezerje,23,27,50,5,2,7,5,0,5,0,0,0,1,2,3,0,0,0,0,0,0,34,31,65,2019-12-31T23:00:00Z
19,399,Slivno,381,58,439,9,7,16,15,6,21,0,0,0,1,11,12,0,0,0,1,1,2,407,83,490,2019-12-31T23:00:00Z
19,402,Smokvica,28,72,100,10,1,11,12,3,15,4,0,4,31,7,38,0,0,0,4,3,7,89,86,175,2019-12-31T23:00:00Z
19,419,Ston,275,204,479,48,11,59,19,8,27,6,1,7,38,19,57,0,0,0,2,2,4,388,245,633,2019-12-31T23:00:00Z
19,474,Vela Luka,277,534,811,48,17,65,10,1,11,38,4,42,76,44,120,0,0,0,9,6,15,458,606,1064,2019-12-31T23:00:00Z
19,523,Zažablje,12,9,21,7,0,7,4,1,5,1,0,1,4,2,6,0,0,0,0,0,0,28,12,40,2019-12-31T23:00:00Z
19,598,Dubrovačko Primorje,149,98,247,24,4,28,5,6,11,11,4,15,41,18,59,0,0,0,0,2,2,230,132,362,2019-12-31T23:00:00Z
19,599,Janjina,302,64,366,11,4,15,12,3,15,2,1,3,7,6,13,0,0,0,1,1,2,335,79,414,2019-12-31T23:00:00Z
19,600,Lumbarda,56,58,114,33,11,44,10,1,11,7,1,8,23,11,34,0,0,0,5,3,8,134,85,219,2019-12-31T23:00:00Z
19,601,Trpanj,45,46,91,12,3,15,1,2,3,4,1,5,15,7,22,0,0,0,3,1,4,80,60,140,2019-12-31T23:00:00Z
19,602,Župa Dubrovačka,646,673,1319,109,65,174,5,4,9,64,5,69,74,61,135,1,0,1,6,3,9,905,811,1716,2019-12-31T23:00:00Z
19,98,Dubrovnik,10044,10398,20442,745,358,1103,32,16,48,549,88,637,538,624,1162,0,0,0,62,66,128,11970,11550,23520,2019-12-31T23:00:00Z
20,123,Goričan,309,146,455,8,3,11,9,1,10,0,2,2,31,19,50,0,0,0,0,0,0,357,171,528,2019-12-31T23:00:00Z
20,15,Belica,173,193,366,23,14,37,67,48,115,1,2,3,29,30,59,0,0,0,0,3,3,293,290,583,2019-12-31T23:00:00Z
20,206,Kotoriba,454,222,676,12,4,16,7,0,7,0,5,5,17,20,37,0,0,0,0,0,0,490,251,741,2019-12-31T23:00:00Z
20,250,Mala Subotica,473,949,1422,29,18,47,35,20,55,2,4,6,42,30,72,0,0,0,0,3,3,581,1024,1605,2019-12-31T23:00:00Z
20,276,Mursko Središće,764,751,1515,39,23,62,17,6,23,3,7,10,55,60,115,0,0,0,1,2,3,879,849,1728,2019-12-31T23:00:00Z
20,279,Nedelišće,1269,744,2013,86,33,119,43,19,62,1,7,8,158,65,223,0,0,0,2,9,11,1559,877,2436,2019-12-31T23:00:00Z
20,342,Podturen,158,92,250,20,6,26,18,15,33,1,2,3,47,42,89,0,0,0,0,0,0,244,157,401,2019-12-31T23:00:00Z
20,355,Prelog,2286,1614,3900,65,17,82,50,35,85,10,8,18,73,60,133,0,0,0,6,3,9,2490,1737,4227,2019-12-31T23:00:00Z
20,385,Selnica,125,118,243,7,8,15,10,6,16,1,1,2,19,19,38,0,0,0,0,1,1,162,153,315,2019-12-31T23:00:00Z
20,440,Sveti Juraj Na Bregu,252,143,395,27,14,41,15,7,22,2,2,4,44,63,107,0,0,0,0,1,1,340,230,570,2019-12-31T23:00:00Z
20,441,Sveti Martin Na Muri,581,329,910,9,10,19,12,7,19,0,3,3,31,31,62,0,0,0,1,0,1,634,380,1014,2019-12-31T23:00:00Z
20,452,Štrigova,257,182,439,27,8,35,44,24,68,2,1,3,57,61,118,0,0,0,0,0,0,387,276,663,2019-12-31T23:00:00Z
20,504,Vratišinec,127,96,223,6,3,9,14,5,19,1,2,3,8,5,13,0,0,0,1,0,1,157,111,268,2019-12-31T23:00:00Z
20,60,Čakovec,9676,9401,19077,260,122,382,63,29,92,38,63,101,276,387,663,0,0,0,9,7,16,10322,10009,20331,2019-12-31T23:00:00Z
20,603,Dekanovec,76,67,143,3,2,5,8,7,15,0,0,0,7,2,9,0,0,0,0,2,2,94,80,174,2019-12-31T23:00:00Z
20,604,Gornji Mihaljevec,124,57,181,10,2,12,23,6,29,2,1,3,21,13,34,0,0,0,1,0,1,181,79,260,2019-12-31T23:00:00Z
20,605,Orehovica,75,123,198,14,2,16,28,16,44,1,2,3,47,20,67,0,0,0,0,1,1,165,164,329,2019-12-31T23:00:00Z
20,606,Strahoninec,224,126,350,12,4,16,4,1,5,0,2,2,38,11,49,0,0,0,0,4,4,278,148,426,2019-12-31T23:00:00Z
20,607,Sveta Marija,73,64,137,12,6,18,5,0,5,1,0,1,23,7,30,0,0,0,1,1,2,115,78,193,2019-12-31T23:00:00Z
20,608,Šenkovec,560,247,807,14,13,27,3,1,4,0,1,1,28,30,58,0,0,0,1,3,4,606,295,901,2019-12-31T23:00:00Z
20,620,Pribislavec,225,96,321,10,5,15,2,1,3,2,1,3,15,10,25,0,0,0,0,0,0,254,113,367,2019-12-31T23:00:00Z
20,75,Domašinec,323,111,434,8,8,16,19,13,32,0,2,2,16,10,26,0,0,0,2,1,3,368,145,513,2019-12-31T23:00:00Z
20,78,Donja Dubrava,179,218,397,17,7,24,7,3,10,0,1,1,14,12,26,0,0,0,0,0,0,217,241,458,2019-12-31T23:00:00Z
20,82,Donji Kraljevec,1272,549,1821,39,8,47,53,17,70,3,5,8,102,141,243,0,0,0,4,7,11,1473,727,2200,2019-12-31T23:00:00Z
20,89,Donji Vidovec,51,81,132,3,1,4,5,0,5,1,2,3,4,14,18,0,0,0,0,0,0,64,98,162,2019-12-31T23:00:00Z
21,133,Zagreb,223787,205696,429483,7686,4933,12619,315,189,504,2275,2144,4419,5813,7492,13305,17,3,20,406,582,988,240299,221039,461338,2019-12-31T23:00:00Z
01,101,Dugo Selo,2991,1970,4961,220,89,309,27,23,50,24,25,49,265,242,507,0,0,0,7,17,24,3534,2366,5900,2020-01-31T23:00:00Z
01,114,Farkaševac,186,252,438,7,4,11,30,15,45,0,2,2,35,13,48,0,0,0,1,0,1,259,286,545,2020-01-31T23:00:00Z
01,135,Gradec,137,121,258,15,4,19,13,7,20,0,2,2,44,18,62,0,0,0,0,0,0,209,152,361,2020-01-31T23:00:00Z
01,158,Ivanić-Grad,3223,1616,4839,86,76,162,48,30,78,7,19,26,154,196,350,0,0,0,9,9,18,3527,1946,5473,2020-01-31T23:00:00Z
01,163,Jakovlje,202,170,372,42,9,51,9,12,21,4,2,6,38,46,84,0,0,0,1,0,1,296,239,535,2020-01-31T23:00:00Z
01,169,Jastrebarsko,2127,1573,3700,216,116,332,63,32,95,15,22,37,258,243,501,0,0,0,11,8,19,2690,1994,4684,2020-01-31T23:00:00Z
01,190,Klinča Selo,189,151,340,36,7,43,5,4,9,0,0,0,69,49,118,0,0,0,0,1,1,299,212,511,2020-01-31T23:00:00Z
01,193,Kloštar Ivanić,375,283,658,25,10,35,22,6,28,1,11,12,64,40,104,0,0,0,2,2,4,489,352,841,2020-01-31T23:00:00Z
01,213,Križ,537,382,919,29,23,52,23,14,37,3,6,9,28,59,87,0,0,0,4,1,5,624,485,1109,2020-01-31T23:00:00Z
01,33,Brckovljani,271,290,561,7,3,10,0,0,0,0,2,2,18,9,27,0,0,0,0,0,0,296,304,600,2020-01-31T23:00:00Z
01,331,Pisarovina,383,271,654,28,18,46,27,20,47,1,4,5,21,33,54,0,0,0,2,3,5,462,349,811,2020-01-31T23:00:00Z
01,34,Brdovec,768,652,1420,97,26,123,12,7,19,3,8,11,95,62,157,0,0,0,3,3,6,978,758,1736,2020-01-31T23:00:00Z
01,356,Preseka,21,10,31,5,2,7,17,12,29,0,1,1,19,6,25,0,0,0,1,2,3,63,33,96,2020-01-31T23:00:00Z
01,362,Pušča,172,191,363,29,14,43,9,2,11,1,3,4,60,29,89,0,0,0,0,0,0,271,239,510,2020-01-31T23:00:00Z
01,376,Rugvica,948,396,1344,9,4,13,4,3,7,1,2,3,23,31,54,0,0,0,1,0,1,986,436,1422,2020-01-31T23:00:00Z
01,380,Samobor,5063,3699,8762,473,271,744,31,24,55,45,69,114,577,510,1087,0,0,0,34,28,62,6223,4601,10824,2020-01-31T23:00:00Z
01,429,Sveti Ivan Zelina,2080,1829,3909,166,68,234,89,69,158,13,19,32,240,208,448,0,0,0,10,5,15,2598,2198,4796,2020-01-31T23:00:00Z
01,436,Sveta Nedjelja,5002,3007,8009,220,79,299,10,7,17,11,10,21,340,176,516,0,0,0,8,6,14,5591,3285,8876,2020-01-31T23:00:00Z
01,508,Vrbovec,2312,1948,4260,152,66,218,71,34,105,7,22,29,273,155,428,0,0,0,11,14,25,2826,2239,5065,2020-01-31T23:00:00Z
01,533,Krašić,264,171,435,30,10,40,19,12,31,4,2,6,30,36,66,0,0,0,1,1,2,348,232,580,2020-01-31T23:00:00Z
01,536,Rakovec,27,14,41,10,2,12,14,12,26,0,1,1,16,10,26,0,0,0,0,0,0,67,39,106,2020-01-31T23:00:00Z
01,539,Marija Gorica,79,92,171,15,6,21,0,0,0,1,1,2,17,23,40,0,0,0,0,0,0,112,122,234,2020-01-31T23:00:00Z
01,540,Žumberak,15,20,35,5,2,7,10,5,15,0,0,0,6,12,18,0,0,0,0,0,0,36,39,75,2020-01-31T23:00:00Z
01,541,Velika Gorica,7439,6026,13465,597,322,919,76,34,110,53,76,129,582,568,1150,0,0,0,26,22,48,8773,7048,15821,2020-01-31T23:00:00Z
01,542,Orle,44,23,67,10,1,11,9,6,15,0,0,0,10,3,13,0,0,0,0,1,1,73,34,107,2020-01-31T23:00:00Z
01,543,Zaprešić,3272,2885,6157,198,139,337,15,10,25,36,44,80,245,241,486,0,0,0,16,14,30,3782,3333,7115,2020-01-31T23:00:00Z
01,544,Pokupsko,33,62,95,8,7,15,15,5,20,1,1,2,5,7,12,0,0,0,0,0,0,62,82,144,2020-01-31T23:00:00Z
01,545,Kravarsko,109,99,208,27,9,36,7,8,15,0,1,1,66,12,78,0,0,0,1,0,1,210,129,339,2020-01-31T23:00:00Z
01,547,Bistra,341,513,854,46,23,69,7,5,12,2,7,9,64,48,112,1,0,1,0,2,2,461,598,1059,2020-01-31T23:00:00Z
01,548,Luka,260,90,350,13,2,15,3,6,9,1,1,2,20,18,38,0,0,0,1,0,1,298,117,415,2020-01-31T23:00:00Z
01,549,Dubravica,66,42,108,15,0,15,15,8,23,0,0,0,17,13,30,0,0,0,0,0,0,113,63,176,2020-01-31T23:00:00Z
01,550,Bedenica,192,145,337,12,5,17,7,8,15,1,1,2,19,10,29,0,0,0,0,0,0,231,169,400,2020-01-31T23:00:00Z
01,551,Stupnik,1206,474,1680,22,13,35,0,5,5,2,2,4,19,18,37,0,0,0,0,1,1,1249,513,1762,2020-01-31T23:00:00Z
01,97,Dubrava,277,314,591,41,18,59,65,38,103,4,11,15,77,68,145,0,0,0,3,12,15,467,461,928,2020-01-31T23:00:00Z
02,108,Đurmanec,92,128,220,55,10,65,1,2,3,3,4,7,104,94,198,0,0,0,1,0,1,256,238,494,2020-01-31T23:00:00Z
02,11,Bedekovčina,503,749,1252,82,36,118,5,9,14,5,8,13,138,117,255,0,0,0,5,2,7,738,921,1659,2020-01-31T23:00:00Z
02,125,Gornja Stubica,195,280,475,46,12,58,7,3,10,1,1,2,66,47,113,0,0,0,1,2,3,316,345,661,2020-01-31T23:00:00Z
02,146,Hraščina,45,35,80,9,2,11,3,4,7,0,1,1,6,6,12,0,0,0,1,0,1,64,48,112,2020-01-31T23:00:00Z
02,152,Hum Na Sutli,1576,590,2166,52,31,83,4,0,4,2,8,10,173,72,245,0,0,0,0,1,1,1807,702,2509,2020-01-31T23:00:00Z
02,187,Klanjec,302,270,572,62,19,81,10,7,17,6,0,6,63,45,108,0,0,0,4,3,7,447,344,791,2020-01-31T23:00:00Z
02,200,Konjščina,378,358,736,32,12,44,1,0,1,2,3,5,26,32,58,0,0,0,2,1,3,441,406,847,2020-01-31T23:00:00Z
02,208,Kraljevec Na Sutli,60,45,105,17,6,23,4,3,7,0,0,0,20,5,25,0,0,0,0,2,2,101,61,162,2020-01-31T23:00:00Z
02,211,Krapina,2726,2743,5469,158,75,233,8,4,12,20,21,41,198,197,395,0,0,0,3,3,6,3113,3043,6156,2020-01-31T23:00:00Z
02,212,Krapinske Toplice,601,1181,1782,62,33,95,5,7,12,0,5,5,118,74,192,0,0,0,1,0,1,787,1300,2087,2020-01-31T23:00:00Z
02,236,Lobor,173,246,419,17,10,27,5,5,10,0,0,0,27,15,42,0,0,0,1,0,1,223,276,499,2020-01-31T23:00:00Z
02,248,Mače,118,53,171,25,6,31,2,3,5,1,0,1,45,34,79,0,0,0,0,0,0,191,96,287,2020-01-31T23:00:00Z
02,256,Marija Bistrica,321,312,633,60,36,96,15,5,20,1,4,5,75,82,157,0,0,0,5,4,9,477,443,920,2020-01-31T23:00:00Z
02,265,Mihovljan,99,87,186,30,4,34,6,0,6,0,0,0,64,13,77,0,0,0,2,3,5,201,107,308,2020-01-31T23:00:00Z
02,311,Oroslavje,885,817,1702,80,32,112,8,2,10,5,6,11,94,73,167,0,0,0,3,4,7,1075,934,2009,2020-01-31T23:00:00Z
02,329,Petrovsko,73,50,123,16,2,18,1,1,2,4,0,4,52,9,61,0,0,0,1,0,1,147,62,209,2020-01-31T23:00:00Z
02,352,Pregrada,770,938,1708,105,30,135,6,3,9,6,6,12,139,102,241,0,0,0,0,3,3,1026,1082,2108,2020-01-31T23:00:00Z
02,364,Radoboj,127,105,232,18,9,27,1,1,2,1,2,3,47,21,68,0,0,0,1,0,1,195,138,333,2020-01-31T23:00:00Z
02,41,Budinščina,156,176,332,15,6,21,5,2,7,1,5,6,19,10,29,0,0,0,1,1,2,197,200,397,2020-01-31T23:00:00Z
02,422,Stubičke Toplice,198,412,610,32,12,44,0,1,1,5,5,10,72,29,101,0,0,0,1,1,2,308,460,768,2020-01-31T23:00:00Z
02,430,Sveti Križ Začretje,604,736,1340,73,21,94,8,4,12,2,4,6,125,86,211,0,0,0,5,1,6,817,852,1669,2020-01-31T23:00:00Z
02,466,Tuhelj,125,231,356,19,11,30,5,1,6,1,3,4,27,33,60,0,0,0,0,0,0,177,279,456,2020-01-31T23:00:00Z
02,481,Veliko Trgovišće,472,293,765,47,14,61,4,3,7,3,5,8,102,57,159,0,0,0,3,1,4,631,373,1004,2020-01-31T23:00:00Z
02,519,Zabok,2752,2611,5363,138,81,219,5,3,8,11,21,32,213,324,537,0,0,0,2,2,4,3121,3042,6163,2020-01-31T23:00:00Z
02,521,Zagorska Sela,13,54,67,10,2,12,6,1,7,0,1,1,15,4,19,0,0,0,0,0,0,44,62,106,2020-01-31T23:00:00Z
02,526,Zlatar,507,616,1123,85,45,130,20,14,34,9,11,20,108,76,184,0,0,0,4,5,9,733,767,1500,2020-01-31T23:00:00Z
02,527,Zlatar Bistrica,380,612,992,30,8,38,5,2,7,4,2,6,71,33,104,0,0,0,3,4,7,493,661,1154,2020-01-31T23:00:00Z
02,552,Jesenje,46,60,106,9,1,10,0,1,1,1,0,1,43,9,52,0,0,0,0,1,1,99,72,171,2020-01-31T23:00:00Z
02,553,Kumrovec,86,108,194,18,4,22,2,0,2,2,1,3,22,17,39,0,0,0,0,0,0,130,130,260,2020-01-31T23:00:00Z
02,554,Novi Golubovec,132,49,181,5,2,7,1,0,1,0,1,1,7,2,9,0,0,0,0,0,0,145,54,199,2020-01-31T23:00:00Z
02,70,Desinić,132,274,406,30,7,37,11,3,14,2,1,3,33,28,61,0,0,0,0,1,1,208,314,522,2020-01-31T23:00:00Z
02,79,Donja Stubica,729,781,1510,92,45,137,5,3,8,6,3,9,111,56,167,0,0,0,4,2,6,947,890,1837,2020-01-31T23:00:00Z
03,102,Dvor,268,128,396,13,4,17,56,15,71,0,5,5,8,8,16,0,0,0,3,1,4,348,161,509,2020-01-31T23:00:00Z
03,121,Glina,1112,658,1770,36,23,59,54,19,73,4,11,15,72,77,149,0,0,0,1,0,1,1279,788,2067,2020-01-31T23:00:00Z
03,149,Hrvatska Dubica,65,88,153,6,2,8,11,3,14,0,0,0,2,2,4,0,0,0,0,0,0,84,95,179,2020-01-31T23:00:00Z
03,150,Hrvatska Kostajnica,295,308,603,14,8,22,11,1,12,1,3,4,5,16,21,0,0,0,2,0,2,328,336,664,2020-01-31T23:00:00Z
03,168,Jasenovac,131,125,256,10,3,13,12,7,19,0,0,0,12,8,20,0,0,0,0,0,0,165,143,308,2020-01-31T23:00:00Z
03,220,Kutina,3384,2953,6337,151,97,248,44,22,66,32,26,58,186,269,455,1,0,1,22,11,33,3820,3378,7198,2020-01-31T23:00:00Z
03,228,Lekenik,284,250,534,36,10,46,8,11,19,1,3,4,32,22,54,0,0,0,1,2,3,362,298,660,2020-01-31T23:00:00Z
03,232,Lipovljani,300,298,598,24,12,36,10,4,14,2,0,2,33,42,75,0,0,0,2,1,3,371,357,728,2020-01-31T23:00:00Z
03,259,Martinska Ves,139,68,207,8,1,9,29,19,48,1,0,1,38,13,51,0,0,0,1,1,2,216,102,318,2020-01-31T23:00:00Z
03,293,Novska,1311,965,2276,156,87,243,31,14,45,5,19,24,230,238,468,0,0,0,3,3,6,1736,1326,3062,2020-01-31T23:00:00Z
03,328,Petrinja,1413,1652,3065,185,76,261,61,20,81,5,25,30,273,263,536,0,0,0,9,7,16,1946,2043,3989,2020-01-31T23:00:00Z
03,347,Popovača,911,970,1881,80,42,122,45,16,61,8,11,19,95,129,224,0,0,0,9,3,12,1148,1171,2319,2020-01-31T23:00:00Z
03,391,Sisak,6849,7873,14722,332,207,539,100,69,169,45,83,128,581,579,1160,0,0,0,20,17,37,7927,8828,16755,2020-01-31T23:00:00Z
03,426,Sunja,173,150,323,22,6,28,40,32,72,0,3,3,20,26,46,0,0,0,2,1,3,257,218,475,2020-01-31T23:00:00Z
03,457,Topusko,246,321,567,17,7,24,4,2,6,3,0,3,32,30,62,0,0,0,0,0,0,302,360,662,2020-01-31T23:00:00Z
03,477,Velika Ludina,105,132,237,12,8,20,11,4,15,0,0,0,24,14,38,0,0,0,0,0,0,152,158,310,2020-01-31T23:00:00Z
03,510,Gvozd,92,108,200,5,4,9,20,3,23,0,0,0,11,9,20,0,0,0,2,0,2,130,124,254,2020-01-31T23:00:00Z
03,555,Majur,91,56,147,2,1,3,5,1,6,0,0,0,3,0,3,0,0,0,0,0,0,101,58,159,2020-01-31T23:00:00Z
03,83,Donji Kukuruzari,56,73,129,5,0,5,5,3,8,0,0,0,1,3,4,0,0,0,1,0,1,68,79,147,2020-01-31T23:00:00Z
04,120,Generalski Stol,33,75,108,21,5,26,1,0,1,0,1,1,19,15,34,0,0,0,0,0,0,74,96,170,2020-01-31T23:00:00Z
04,172,Josipdol,221,179,400,27,17,44,3,9,12,2,1,3,42,56,98,0,0,0,0,1,1,295,263,558,2020-01-31T23:00:00Z
04,179,Karlovac,10196,8650,18846,392,265,657,76,58,134,75,102,177,600,837,1437,0,0,0,21,21,42,11360,9933,21293,2020-01-31T23:00:00Z
04,216,Krnjak,56,67,123,3,2,5,8,4,12,0,0,0,8,3,11,0,0,0,0,0,0,75,76,151,2020-01-31T23:00:00Z
04,225,Lasinja,23,45,68,5,2,7,1,5,6,2,0,2,7,8,15,0,0,0,0,0,0,38,60,98,2020-01-31T23:00:00Z
04,281,Netretić,62,86,148,14,3,17,4,1,5,1,2,3,43,31,74,0,0,0,0,0,0,124,123,247,2020-01-31T23:00:00Z
04,297,Ogulin,1771,1688,3459,135,83,218,25,13,38,9,31,40,141,178,319,0,0,0,9,8,17,2090,2001,4091,2020-01-31T23:00:00Z
04,30,Bosiljevo,103,90,193,5,0,5,0,0,0,1,0,1,25,25,50,0,0,0,0,0,0,134,115,249,2020-01-31T23:00:00Z
04,315,Ozalj,784,587,1371,87,28,115,18,16,34,6,12,18,124,117,241,0,0,0,2,4,6,1021,764,1785,2020-01-31T23:00:00Z
04,333,Plaški,78,88,166,9,4,13,11,2,13,1,0,1,24,26,50,0,0,0,0,0,0,123,120,243,2020-01-31T23:00:00Z
04,365,Rakovica,117,106,223,5,12,17,3,4,7,0,2,2,57,39,96,0,0,0,1,0,1,183,163,346,2020-01-31T23:00:00Z
04,378,Saborsko,12,11,23,2,1,3,1,1,2,0,0,0,8,1,9,0,0,0,0,0,0,23,14,37,2020-01-31T23:00:00Z
04,400,Slunj,347,397,744,40,17,57,22,16,38,2,11,13,123,89,212,0,0,0,2,12,14,536,542,1078,2020-01-31T23:00:00Z
04,49,Cetingrad,53,55,108,6,1,7,3,4,7,1,0,1,8,9,17,0,0,0,0,0,0,71,69,140,2020-01-31T23:00:00Z
04,503,Vojnić,351,232,583,18,10,28,41,10,51,2,0,2,27,27,54,0,0,0,2,3,5,441,282,723,2020-01-31T23:00:00Z
04,530,Žakanje,121,92,213,26,10,36,9,1,10,1,0,1,26,39,65,0,0,0,0,1,1,183,143,326,2020-01-31T23:00:00Z
04,556,Ribnik,4,3,7,11,2,13,1,4,5,0,0,0,8,13,21,0,0,0,0,0,0,24,22,46,2020-01-31T23:00:00Z
04,557,Tounj,94,23,117,4,0,4,0,0,0,0,0,0,3,7,10,0,0,0,0,0,0,101,30,131,2020-01-31T23:00:00Z
04,623,Kamanje,156,95,251,3,4,7,1,0,1,0,0,0,2,14,16,0,0,0,0,0,0,162,113,275,2020-01-31T23:00:00Z
04,7,Barilovići,266,142,408,19,7,26,6,1,7,0,1,1,118,32,150,0,0,0,0,0,0,409,183,592,2020-01-31T23:00:00Z
04,90,Draganić,118,98,216,13,4,17,7,3,10,1,2,3,24,28,52,0,0,0,0,0,0,163,135,298,2020-01-31T23:00:00Z
04,99,Duga Resa,1026,984,2010,136,60,196,21,12,33,5,14,19,198,193,391,0,0,0,5,4,9,1391,1267,2658,2020-01-31T23:00:00Z
05,12,Bednja,206,140,346,22,10,32,2,8,10,2,1,3,26,25,51,0,0,0,0,1,1,258,185,443,2020-01-31T23:00:00Z
05,129,Gornji Kneginec,438,1286,1724,50,20,70,11,5,16,0,8,8,94,59,153,0,0,0,5,5,10,598,1383,1981,2020-01-31T23:00:00Z
05,151,Breznički Hum,201,155,356,13,5,18,9,11,20,0,1,1,21,14,35,0,0,0,4,4,8,248,190,438,2020-01-31T23:00:00Z
05,156,Ivanec,1912,1742,3654,148,61,209,13,14,27,14,19,33,291,266,557,0,0,0,7,11,18,2385,2113,4498,2020-01-31T23:00:00Z
05,165,Jalžabet,689,944,1633,21,3,24,12,7,19,0,3,3,33,19,52,0,0,0,0,1,1,755,977,1732,2020-01-31T23:00:00Z
05,189,Klenovnik,85,52,137,8,5,13,1,1,2,1,2,3,22,27,49,0,0,0,2,0,2,119,87,206,2020-01-31T23:00:00Z
05,19,Beretinec,67,35,102,17,2,19,3,3,6,0,1,1,18,21,39,0,0,0,1,0,1,106,62,168,2020-01-31T23:00:00Z
05,229,Lepoglava,1186,564,1750,46,26,72,7,7,14,1,4,5,111,111,222,0,0,0,1,6,7,1352,718,2070,2020-01-31T23:00:00Z
05,244,Ludbreg,1799,1466,3265,99,59,158,41,36,77,8,17,25,251,172,423,0,0,0,5,6,11,2203,1756,3959,2020-01-31T23:00:00Z
05,247,Ljubešćica,313,131,444,31,6,37,2,0,2,1,6,7,99,26,125,0,0,0,0,0,0,446,169,615,2020-01-31T23:00:00Z
05,251,Mali Bukovec,41,89,130,13,6,19,28,16,44,0,2,2,98,34,132,0,0,0,1,1,2,181,148,329,2020-01-31T23:00:00Z
05,260,Maruševec,350,273,623,46,23,69,24,25,49,3,4,7,99,41,140,0,0,0,5,1,6,527,367,894,2020-01-31T23:00:00Z
05,289,Novi Marof,1349,1328,2677,153,65,218,16,11,27,8,16,24,248,170,418,0,0,0,5,2,7,1779,1592,3371,2020-01-31T23:00:00Z
05,326,Petrijanec,384,626,1010,28,8,36,22,12,34,1,4,5,79,82,161,0,0,0,0,1,1,514,733,1247,2020-01-31T23:00:00Z
05,36,Breznica,149,61,210,15,3,18,6,6,12,1,6,7,25,13,38,0,0,0,0,0,0,196,89,285,2020-01-31T23:00:00Z
05,410,Sračinec,220,246,466,42,10,52,2,2,4,1,6,7,84,56,140,0,0,0,0,2,2,349,322,671,2020-01-31T23:00:00Z
05,437,Sveti Đurđ,88,85,173,26,4,30,27,10,37,3,2,5,34,32,66,0,0,0,1,0,1,179,133,312,2020-01-31T23:00:00Z
05,438,Sveti Ilija,133,163,296,13,8,21,2,1,3,1,4,5,45,25,70,0,0,0,0,0,0,194,201,395,2020-01-31T23:00:00Z
05,462,Trnovec Bartolovečki,1249,1590,2839,61,15,76,18,7,25,1,6,7,213,80,293,0,0,0,2,1,3,1544,1699,3243,2020-01-31T23:00:00Z
05,472,Varaždin,15905,15163,31068,475,288,763,41,21,62,77,132,209,558,656,1214,1,0,1,33,16,49,17090,16276,33366,2020-01-31T23:00:00Z
05,473,Varaždinske Toplice,609,463,1072,45,18,63,8,6,14,2,10,12,207,52,259,0,0,0,2,7,9,873,556,1429,2020-01-31T23:00:00Z
05,48,Cestica,420,329,749,43,21,64,15,19,34,1,5,6,88,74,162,0,0,0,0,3,3,567,451,1018,2020-01-31T23:00:00Z
05,484,Vidovec,213,224,437,50,13,63,68,36,104,1,5,6,102,88,190,0,0,0,0,1,1,434,367,801,2020-01-31T23:00:00Z
05,486,Vinica,248,205,453,22,10,32,6,5,11,1,5,6,29,22,51,0,0,0,0,1,1,306,248,554,2020-01-31T23:00:00Z
05,493,Visoko,98,46,144,16,0,16,6,4,10,0,0,0,22,22,44,0,0,0,1,1,2,143,73,216,2020-01-31T23:00:00Z
05,558,Veliki Bukovec,367,295,662,7,2,9,31,15,46,0,0,0,37,27,64,0,0,0,0,0,0,442,339,781,2020-01-31T23:00:00Z
05,80,Donja Voća,119,58,177,9,1,10,8,9,17,0,1,1,30,20,50,0,0,0,0,0,0,166,89,255,2020-01-31T23:00:00Z
05,85,Donji Martijanec,334,180,514,26,8,34,27,5,32,2,1,3,58,32,90,0,0,0,0,1,1,447,227,674,2020-01-31T23:00:00Z
06,104,Đelekovec,23,35,58,17,7,24,50,12,62,0,3,3,15,7,22,0,0,0,5,1,6,110,65,175,2020-01-31T23:00:00Z
06,107,Đurđevac,1303,1172,2475,69,41,110,79,63,142,12,11,23,81,82,163,0,0,0,15,11,26,1559,1380,2939,2020-01-31T23:00:00Z
06,115,Ferdinandovac,32,90,122,9,1,10,50,37,87,1,1,2,7,4,11,0,0,0,0,0,0,99,133,232,2020-01-31T23:00:00Z
06,122,Gola,151,135,286,9,2,11,93,43,136,0,6,6,9,25,34,0,0,0,1,1,2,263,212,475,2020-01-31T23:00:00Z
06,145,Hlebine,8,22,30,1,0,1,11,6,17,0,1,1,1,9,10,0,0,0,1,0,1,22,38,60,2020-01-31T23:00:00Z
06,194,Kloštar Podravski,176,169,345,21,10,31,46,38,84,0,1,1,30,39,69,0,0,0,1,1,2,274,258,532,2020-01-31T23:00:00Z
06,201,Koprivnica,7056,7471,14527,307,161,468,64,29,93,66,88,154,389,417,806,0,1,1,21,28,49,7903,8195,16098,2020-01-31T23:00:00Z
06,202,Koprivnički Bregi,55,75,130,10,3,13,20,7,27,0,1,1,28,9,37,0,0,0,1,0,1,114,95,209,2020-01-31T23:00:00Z
06,203,Koprivnički Ivanec,64,50,114,21,2,23,21,6,27,0,0,0,25,7,32,0,0,0,1,1,2,132,66,198,2020-01-31T23:00:00Z
06,214,Križevci,3245,3449,6694,144,91,235,259,206,465,14,32,46,219,228,447,0,0,0,9,10,19,3890,4016,7906,2020-01-31T23:00:00Z
06,227,Legrad,55,71,126,12,4,16,20,9,29,0,3,3,23,21,44,0,0,0,0,0,0,110,108,218,2020-01-31T23:00:00Z
06,270,Molve,248,115,363,7,8,15,63,32,95,1,3,4,49,26,75,0,0,0,2,2,4,370,186,556,2020-01-31T23:00:00Z
06,292,Novigrad Podravski,84,113,197,8,2,10,22,11,33,0,2,2,10,15,25,0,0,0,1,0,1,125,143,268,2020-01-31T23:00:00Z
06,324,Peteranec,82,35,117,12,3,15,20,9,29,0,2,2,30,10,40,0,0,0,1,2,3,145,61,206,2020-01-31T23:00:00Z
06,366,Rasinja,44,70,114,18,3,21,61,25,86,1,1,2,17,19,36,0,0,0,3,1,4,144,119,263,2020-01-31T23:00:00Z
06,405,Sokolovac,158,73,231,14,2,16,48,21,69,4,4,8,23,10,33,0,0,0,0,2,2,247,112,359,2020-01-31T23:00:00Z
06,439,Sveti Ivan Žabno,237,191,428,32,18,50,100,72,172,2,2,4,50,48,98,0,0,0,0,1,1,421,332,753,2020-01-31T23:00:00Z
06,442,Sveti Petar Orehovec,120,100,220,29,5,34,163,154,317,0,1,1,26,19,45,0,0,0,1,0,1,339,279,618,2020-01-31T23:00:00Z
06,490,Virje,283,200,483,27,8,35,42,24,66,3,2,5,31,43,74,0,0,0,1,3,4,387,280,667,2020-01-31T23:00:00Z
06,559,Kalinovac,396,87,483,4,2,6,9,2,11,0,0,0,8,8,16,0,0,0,0,0,0,417,99,516,2020-01-31T23:00:00Z
06,560,Kalnik,43,46,89,3,4,7,19,27,46,0,1,1,6,3,9,0,0,0,0,0,0,71,81,152,2020-01-31T23:00:00Z
06,561,Novo Virje,41,35,76,2,0,2,41,28,69,0,0,0,14,5,19,0,0,0,0,0,0,98,68,166,2020-01-31T23:00:00Z
06,616,Podravske Sesvete,93,87,180,1,4,5,23,13,36,2,2,4,5,6,11,0,0,0,0,2,2,124,114,238,2020-01-31T23:00:00Z
06,618,Gornja Reka,77,76,153,4,3,7,10,8,18,0,0,0,7,4,11,0,0,0,0,0,0,98,91,189,2020-01-31T23:00:00Z
06,96,Drnje,91,120,211,8,1,9,17,8,25,0,3,3,8,10,18,0,0,0,0,0,0,124,142,266,2020-01-31T23:00:00Z
07,105,Đulovac,230,77,307,10,7,17,32,13,45,1,5,6,90,23,113,0,0,0,0,0,0,363,125,488,2020-01-31T23:00:00Z
07,119,Garešnica,1028,1055,2083,51,29,80,65,38,103,16,26,42,86,118,204,0,0,0,5,6,11,1251,1272,2523,2020-01-31T23:00:00Z
07,139,Grubišno Polje,557,476,1033,32,22,54,106,45,151,4,12,16,57,67,124,0,0,0,2,4,6,758,626,1384,2020-01-31T23:00:00Z
07,144,Hercegovac,124,158,282,15,4,19,48,17,65,3,3,6,40,33,73,0,0,0,1,1,2,231,216,447,2020-01-31T23:00:00Z
07,161,Ivanska,117,101,218,4,3,7,45,16,61,2,2,4,78,21,99,0,0,0,3,1,4,249,144,393,2020-01-31T23:00:00Z
07,176,Kapela,78,84,162,4,1,5,51,29,80,0,1,1,16,7,23,0,0,0,2,1,3,151,123,274,2020-01-31T23:00:00Z
07,18,Berek,56,68,124,4,1,5,25,21,46,0,0,0,9,6,15,0,0,0,0,1,1,94,97,191,2020-01-31T23:00:00Z
07,199,Končanica,107,70,177,9,3,12,33,19,52,0,2,2,17,14,31,0,0,0,1,3,4,167,111,278,2020-01-31T23:00:00Z
07,24,Bjelovar,7092,6872,13964,287,163,450,208,114,322,56,85,141,412,491,903,2,0,2,24,18,42,8081,7743,15824,2020-01-31T23:00:00Z
07,287,Nova Rača,102,110,212,8,1,9,85,34,119,0,2,2,33,12,45,0,0,0,1,0,1,229,159,388,2020-01-31T23:00:00Z
07,375,Rovišće,167,188,355,26,10,36,58,34,92,1,3,4,20,33,53,0,0,0,1,2,3,273,270,543,2020-01-31T23:00:00Z
07,390,Sirač,244,162,406,12,2,14,7,3,10,2,1,3,18,10,28,0,0,0,1,2,3,284,180,464,2020-01-31T23:00:00Z
07,450,Štefanje,43,56,99,8,2,10,35,14,49,1,2,3,36,16,52,0,0,0,0,0,0,123,90,213,2020-01-31T23:00:00Z
07,478,Velika Pisanica,64,69,133,3,2,5,37,16,53,1,0,1,8,8,16,0,0,0,0,0,0,113,95,208,2020-01-31T23:00:00Z
07,480,Veliki Grđevac,146,115,261,9,4,13,76,31,107,2,2,4,65,24,89,0,0,0,1,0,1,299,176,475,2020-01-31T23:00:00Z
07,483,Veliko Trojstvo,49,92,141,13,4,17,11,13,24,1,0,1,44,17,61,0,0,0,1,0,1,119,126,245,2020-01-31T23:00:00Z
07,562,Severin,114,38,152,0,0,0,17,14,31,0,0,0,12,29,41,0,0,0,1,0,1,144,81,225,2020-01-31T23:00:00Z
07,564,Šandrovac,20,53,73,4,0,4,10,6,16,0,0,0,11,4,15,0,0,0,0,0,0,45,63,108,2020-01-31T23:00:00Z
07,565,Velika Trnovitica,53,68,121,7,2,9,33,21,54,1,0,1,22,9,31,0,0,0,0,1,1,116,101,217,2020-01-31T23:00:00Z
07,566,Zrinski Topolovac,7,34,41,2,1,3,34,21,55,0,0,0,7,0,7,0,0,0,0,0,0,50,56,106,2020-01-31T23:00:00Z
07,63,Čazma,1213,855,2068,50,17,67,65,47,112,8,7,15,90,77,167,0,0,0,3,3,6,1429,1006,2435,2020-01-31T23:00:00Z
07,67,Daruvar,1378,1623,3001,88,51,139,46,21,67,17,24,41,140,179,319,0,0,0,4,10,14,1673,1908,3581,2020-01-31T23:00:00Z
07,71,Dežanovac,107,75,182,9,2,11,77,41,118,1,1,2,32,14,46,0,0,0,0,1,1,226,134,360,2020-01-31T23:00:00Z
08,117,Fužine,263,188,451,18,8,26,1,3,4,6,1,7,14,19,33,0,0,0,2,0,2,304,219,523,2020-01-31T23:00:00Z
08,170,Jelenje,293,250,543,96,39,135,5,2,7,35,8,43,58,39,97,0,0,0,2,3,5,489,341,830,2020-01-31T23:00:00Z
08,180,Kastav,1100,807,1907,121,51,172,4,1,5,59,9,68,109,79,188,3,0,3,5,9,14,1401,956,2357,2020-01-31T23:00:00Z
08,186,Klana,395,219,614,22,8,30,1,1,2,5,2,7,14,12,26,0,0,0,1,1,2,438,243,681,2020-01-31T23:00:00Z
08,209,Kraljevica,350,255,605,36,26,62,2,1,3,42,8,50,21,29,50,1,0,1,1,8,9,453,327,780,2020-01-31T23:00:00Z
08,215,Krk,1771,1125,2896,213,74,287,15,7,22,28,13,41,238,172,410,0,0,0,8,7,15,2273,1398,3671,2020-01-31T23:00:00Z
08,237,Lokve,115,96,211,11,4,15,0,0,0,0,2,2,12,11,23,0,0,0,0,0,0,138,113,251,2020-01-31T23:00:00Z
08,242,Lovran,409,611,1020,85,24,109,2,3,5,13,10,23,38,64,102,0,0,0,3,8,11,550,720,1270,2020-01-31T23:00:00Z
08,252,Mali Lošinj,1375,1369,2744,219,65,284,25,10,35,42,15,57,149,131,280,0,0,0,10,7,17,1820,1597,3417,2020-01-31T23:00:00Z
08,253,Malinska-Dubašnica,493,760,1253,119,52,171,10,8,18,7,4,11,127,105,232,0,0,0,7,5,12,763,934,1697,2020-01-31T23:00:00Z
08,261,Matulji,1433,1036,2469,196,105,301,12,7,19,52,15,67,172,183,355,0,0,0,6,10,16,1871,1356,3227,2020-01-31T23:00:00Z
08,273,Mošćenička Draga,79,51,130,47,12,59,0,1,1,7,2,9,34,21,55,0,0,0,5,2,7,172,89,261,2020-01-31T23:00:00Z
08,275,Mrkopalj,57,43,100,17,2,19,2,0,2,1,0,1,5,9,14,0,0,0,1,0,1,83,54,137,2020-01-31T23:00:00Z
08,290,Novi Vinodolski,474,384,858,102,42,144,4,3,7,14,9,23,91,65,156,0,0,0,3,5,8,688,508,1196,2020-01-31T23:00:00Z
08,301,Omišalj,611,385,996,73,18,91,2,0,2,22,6,28,70,31,101,0,0,0,2,4,6,780,444,1224,2020-01-31T23:00:00Z
08,302,Opatija,2187,2703,4890,166,101,267,8,3,11,57,29,86,80,148,228,0,1,1,11,17,28,2509,3002,5511,2020-01-31T23:00:00Z
08,360,Punat,288,154,442,55,24,79,4,0,4,7,1,8,58,31,89,0,0,0,3,1,4,415,211,626,2020-01-31T23:00:00Z
08,363,Rab,940,1070,2010,283,75,358,15,4,19,18,14,32,200,145,345,0,0,0,9,10,19,1465,1318,2783,2020-01-31T23:00:00Z
08,369,Ravna Gora,269,294,563,33,6,39,1,0,1,3,1,4,34,24,58,0,0,0,1,2,3,341,327,668,2020-01-31T23:00:00Z
08,373,Rijeka,27737,28528,56265,1097,901,1998,21,13,34,1169,380,1549,905,1354,2259,22,0,22,115,145,260,31066,31321,62387,2020-01-31T23:00:00Z
08,38,Brod Moravice,36,43,79,10,0,10,0,0,0,0,1,1,17,7,24,0,0,0,2,0,2,65,51,116,2020-01-31T23:00:00Z
08,393,Skrad,42,45,87,3,2,5,1,1,2,1,1,2,2,7,9,0,0,0,0,0,0,49,56,105,2020-01-31T23:00:00Z
08,4,Bakar,1867,929,2796,58,36,94,2,0,2,75,11,86,59,64,123,0,0,0,6,8,14,2067,1048,3115,2020-01-31T23:00:00Z
08,488,Vinodolska Općina,180,151,331,56,19,75,2,0,2,10,1,11,41,18,59,1,0,1,3,2,5,293,191,484,2020-01-31T23:00:00Z
08,495,Viškovo,1647,1060,2707,186,89,275,3,2,5,75,16,91,153,125,278,0,0,0,8,9,17,2072,1301,3373,2020-01-31T23:00:00Z
08,507,Vrbnik,120,74,194,29,10,39,10,6,16,1,0,1,25,19,44,0,0,0,2,2,4,187,111,298,2020-01-31T23:00:00Z
08,509,Vrbovsko,490,347,837,58,21,79,3,3,6,1,6,7,77,42,119,0,0,0,3,0,3,632,419,1051,2020-01-31T23:00:00Z
08,52,Cres,498,378,876,76,26,102,13,3,16,12,4,16,40,53,93,0,0,0,6,3,9,645,467,1112,2020-01-31T23:00:00Z
08,53,Crikvenica,1145,1557,2702,202,106,308,4,1,5,41,24,65,177,148,325,0,0,0,7,20,27,1576,1856,3432,2020-01-31T23:00:00Z
08,538,Kostrena,398,263,661,26,20,46,1,0,1,68,6,74,19,28,47,2,0,2,2,5,7,516,322,838,2020-01-31T23:00:00Z
08,55,Čabar,369,305,674,49,16,65,1,1,2,6,0,6,140,43,183,0,0,0,1,5,6,566,370,936,2020-01-31T23:00:00Z
08,61,Čavle,652,499,1151,79,43,122,3,2,5,43,9,52,107,85,192,0,0,0,1,5,6,885,643,1528,2020-01-31T23:00:00Z
08,624,Lopar,59,41,100,17,3,20,0,0,0,1,0,1,11,14,25,0,0,0,2,0,2,90,58,148,2020-01-31T23:00:00Z
08,69,Delnice,1141,736,1877,80,44,124,2,2,4,12,17,29,74,109,183,0,0,0,6,8,14,1315,916,2231,2020-01-31T23:00:00Z
08,74,Dobrinj,127,62,189,43,19,62,0,2,2,8,3,11,78,38,116,0,0,0,1,3,4,257,127,384,2020-01-31T23:00:00Z
08,8,Baška,164,172,336,36,21,57,6,2,8,2,4,6,24,27,51,0,0,0,5,2,7,237,228,465,2020-01-31T23:00:00Z
09,130,Gospić,2215,2237,4452,96,53,149,64,30,94,12,13,25,136,181,317,0,0,0,8,10,18,2531,2524,5055,2020-01-31T23:00:00Z
09,178,Karlobag,83,65,148,6,4,10,5,1,6,3,0,3,9,3,12,0,0,0,0,0,0,106,73,179,2020-01-31T23:00:00Z
09,240,Lovinac,172,60,232,2,0,2,2,1,3,1,0,1,3,3,6,0,0,0,0,0,0,180,64,244,2020-01-31T23:00:00Z
09,288,Novalja,630,519,1149,124,30,154,23,7,30,5,3,8,171,66,237,0,0,0,4,11,15,957,636,1593,2020-01-31T23:00:00Z
09,313,Otočac,861,883,1744,88,38,126,43,24,67,8,9,17,107,119,226,0,0,0,5,7,12,1112,1080,2192,2020-01-31T23:00:00Z
09,323,Perušić,403,234,637,22,7,29,25,19,44,0,2,2,20,27,47,0,0,0,0,1,1,470,290,760,2020-01-31T23:00:00Z
09,37,Brinje,329,178,507,23,6,29,8,5,13,1,1,2,18,19,37,0,0,0,4,0,4,383,209,592,2020-01-31T23:00:00Z
09,387,Senj,700,602,1302,99,44,143,6,5,11,22,10,32,97,102,199,0,0,0,8,8,16,932,771,1703,2020-01-31T23:00:00Z
09,455,Plitvička Jezera,735,736,1471,44,24,68,61,13,74,1,6,7,200,151,351,0,0,0,2,0,2,1043,930,1973,2020-01-31T23:00:00Z
09,467,Udbina,162,87,249,9,6,15,28,7,35,0,0,0,10,15,25,0,0,0,3,2,5,212,117,329,2020-01-31T23:00:00Z
09,512,Vrhovine,104,33,137,3,2,5,8,1,9,0,0,0,2,2,4,0,0,0,1,0,1,118,38,156,2020-01-31T23:00:00Z
09,84,Donji Lapac,104,89,193,6,3,9,23,8,31,0,0,0,9,6,15,0,0,0,1,0,1,143,106,249,2020-01-31T23:00:00Z
10,136,Gradina,75,81,156,10,6,16,128,43,171,2,0,2,33,28,61,0,0,0,0,0,0,248,158,406,2020-01-31T23:00:00Z
10,245,Lukač,158,90,248,12,5,17,43,16,59,1,0,1,86,54,140,0,0,0,0,1,1,300,166,466,2020-01-31T23:00:00Z
10,266,Mikleuš,72,49,121,8,1,9,13,6,19,0,0,0,10,10,20,0,0,0,0,0,0,103,66,169,2020-01-31T23:00:00Z
10,283,Nova Bukovica,34,39,73,8,5,13,34,5,39,1,0,1,29,18,47,0,0,0,1,0,1,107,67,174,2020-01-31T23:00:00Z
10,307,Orahovica,975,703,1678,61,37,98,12,2,14,10,12,22,101,102,203,0,0,0,4,4,8,1163,860,2023,2020-01-31T23:00:00Z
10,332,Pitomača,603,587,1190,70,37,107,162,87,249,0,9,9,174,158,332,0,0,0,2,5,7,1011,883,1894,2020-01-31T23:00:00Z
10,395,Slatina,1428,1412,2840,137,64,201,130,49,179,17,25,42,213,262,475,0,0,0,1,12,13,1926,1824,3750,2020-01-31T23:00:00Z
10,407,Sopje,113,41,154,4,2,6,87,27,114,0,0,0,15,21,36,0,0,0,0,0,0,219,91,310,2020-01-31T23:00:00Z
10,424,Suhopolje,199,245,444,24,14,38,96,47,143,0,1,1,69,48,117,0,0,0,2,0,2,390,355,745,2020-01-31T23:00:00Z
10,449,Špišić Bukovica,109,118,227,21,5,26,170,65,235,1,4,5,31,46,77,0,0,0,2,2,4,334,240,574,2020-01-31T23:00:00Z
10,491,Virovitica,3984,3815,7799,170,82,252,81,30,111,38,23,61,428,415,843,0,0,0,11,10,21,4712,4375,9087,2020-01-31T23:00:00Z
10,499,Voćin,134,81,215,7,5,12,28,35,63,0,2,2,15,5,20,0,0,0,0,0,0,184,128,312,2020-01-31T23:00:00Z
10,524,Zdenci,101,84,185,5,3,8,17,9,26,0,4,4,12,12,24,0,0,0,3,1,4,138,113,251,2020-01-31T23:00:00Z
10,54,Crnac,23,33,56,13,4,17,18,8,26,0,2,2,14,14,28,0,0,0,0,0,0,68,61,129,2020-01-31T23:00:00Z
10,56,Čačinci,167,104,271,18,11,29,20,7,27,0,4,4,19,30,49,0,0,0,2,0,2,226,156,382,2020-01-31T23:00:00Z
10,57,Čađavica,80,76,156,12,8,20,66,21,87,0,0,0,44,26,70,0,0,0,0,0,0,202,131,333,2020-01-31T23:00:00Z
11,164,Jakšić,120,111,231,23,3,26,26,7,33,0,2,2,43,19,62,0,0,0,0,0,0,212,142,354,2020-01-31T23:00:00Z
11,177,Kaptol,75,69,144,15,3,18,25,3,28,0,1,1,35,8,43,0,0,0,0,1,1,150,85,235,2020-01-31T23:00:00Z
11,221,Kutjevo,621,384,1005,49,16,65,58,23,81,2,7,9,72,79,151,0,0,0,3,4,7,805,513,1318,2020-01-31T23:00:00Z
11,231,Lipik,754,621,1375,25,13,38,25,11,36,1,13,14,57,55,112,0,0,0,3,0,3,865,713,1578,2020-01-31T23:00:00Z
11,318,Pakrac,579,1064,1643,83,27,110,47,17,64,13,21,34,151,95,246,0,0,0,5,7,12,878,1231,2109,2020-01-31T23:00:00Z
11,334,Pleternica,493,422,915,74,25,99,53,17,70,5,9,14,157,110,267,0,0,0,3,4,7,785,587,1372,2020-01-31T23:00:00Z
11,35,Brestovac,118,96,214,12,3,15,18,4,22,1,1,2,25,10,35,0,0,0,0,1,1,174,115,289,2020-01-31T23:00:00Z
11,351,Požega,5089,4469,9558,294,149,443,97,27,124,41,119,160,374,375,749,0,1,1,16,18,34,5911,5158,11069,2020-01-31T23:00:00Z
11,475,Velika,263,311,574,20,9,29,25,3,28,2,3,5,36,33,69,0,0,0,1,0,1,347,359,706,2020-01-31T23:00:00Z
11,58,Čaglin,90,117,207,9,2,11,22,5,27,0,3,3,11,11,22,0,0,0,0,0,0,132,138,270,2020-01-31T23:00:00Z
12,10,Bebrina,23,42,65,8,7,15,11,7,18,1,0,1,11,8,19,0,0,0,0,0,0,54,64,118,2020-01-31T23:00:00Z
12,118,Garčin,116,130,246,29,7,36,25,13,38,0,0,0,17,21,38,0,0,0,0,1,1,187,172,359,2020-01-31T23:00:00Z
12,127,Gornji Bogićevci,38,18,56,6,2,8,9,2,11,0,0,0,23,30,53,0,0,0,0,0,0,76,52,128,2020-01-31T23:00:00Z
12,140,Gundinci,46,44,90,11,3,14,57,21,78,1,0,1,11,5,16,0,0,0,0,0,0,126,73,199,2020-01-31T23:00:00Z
12,185,Klakar,69,55,124,17,4,21,20,6,26,0,0,0,12,15,27,0,0,0,2,0,2,120,80,200,2020-01-31T23:00:00Z
12,284,Nova Gradiška,1960,2022,3982,141,92,233,21,14,35,25,21,46,252,301,553,0,0,0,2,9,11,2401,2459,4860,2020-01-31T23:00:00Z
12,285,Nova Kapela,143,173,316,19,14,33,25,9,34,2,3,5,54,49,103,0,0,0,0,1,1,243,249,492,2020-01-31T23:00:00Z
12,299,Okučani,201,151,352,23,6,29,8,2,10,0,1,1,43,26,69,0,0,0,1,0,1,276,186,462,2020-01-31T23:00:00Z
12,303,Oprisavci,225,134,359,10,0,10,32,9,41,1,0,1,8,16,24,0,0,0,1,1,2,277,160,437,2020-01-31T23:00:00Z
12,309,Oriovac,276,262,538,31,20,51,19,12,31,2,3,5,60,54,114,0,0,0,1,1,2,389,352,741,2020-01-31T23:00:00Z
12,338,Podcrkavlje,38,35,73,14,0,14,9,4,13,0,1,1,14,8,22,0,0,0,0,1,1,75,49,124,2020-01-31T23:00:00Z
12,372,Rešetari,205,214,419,36,8,44,19,8,27,4,1,5,86,40,126,0,0,0,2,2,4,352,273,625,2020-01-31T23:00:00Z
12,388,Sibinj,108,152,260,46,13,59,14,2,16,0,1,1,54,36,90,0,0,0,5,2,7,227,206,433,2020-01-31T23:00:00Z
12,39,Brodski Stupnik,65,122,187,17,8,25,4,3,7,2,1,3,66,38,104,0,0,0,1,1,2,155,173,328,2020-01-31T23:00:00Z
12,396,Slavonski Brod,13288,9178,22466,556,308,864,40,32,72,78,116,194,961,1009,1970,1,0,1,18,21,39,14942,10664,25606,2020-01-31T23:00:00Z
12,397,Slavonski Šamac,60,39,99,8,3,11,16,6,22,0,1,1,7,3,10,0,0,0,0,0,0,91,52,143,2020-01-31T23:00:00Z
12,412,Stara Gradiška,133,72,205,4,2,6,6,2,8,0,0,0,16,9,25,0,0,0,0,0,0,159,85,244,2020-01-31T23:00:00Z
12,418,Staro Petrovo Selo,174,139,313,25,6,31,42,19,61,1,2,3,93,38,131,0,0,0,0,0,0,335,204,539,2020-01-31T23:00:00Z
12,46,Cernik,163,195,358,20,10,30,7,4,11,3,2,5,59,31,90,0,0,0,0,2,2,252,244,496,2020-01-31T23:00:00Z
12,476,Velika Kopanica,235,113,348,22,8,30,26,14,40,1,2,3,30,22,52,0,0,0,1,2,3,315,161,476,2020-01-31T23:00:00Z
12,506,Vrbje,34,28,62,9,0,9,21,2,23,0,0,0,25,19,44,0,0,0,0,1,1,89,50,139,2020-01-31T23:00:00Z
12,514,Vrpolje,166,109,275,24,6,30,40,14,54,0,2,2,13,11,24,0,0,0,1,0,1,244,142,386,2020-01-31T23:00:00Z
12,567,Bukovlje,49,62,111,11,7,18,0,0,0,1,0,1,10,19,29,0,0,0,0,0,0,71,88,159,2020-01-31T23:00:00Z
12,568,Dragalić,33,59,92,8,0,8,6,2,8,0,0,0,3,6,9,0,0,0,0,1,1,50,68,118,2020-01-31T23:00:00Z
12,569,Gornja Vrba,308,382,690,12,2,14,1,0,1,0,1,1,12,15,27,0,0,0,0,0,0,333,400,733,2020-01-31T23:00:00Z
12,570,Sikirevci,33,46,79,13,3,16,37,14,51,0,0,0,13,6,19,0,0,0,2,1,3,98,70,168,2020-01-31T23:00:00Z
12,68,Davor,95,96,191,14,6,20,11,4,15,0,0,0,11,17,28,0,0,0,2,0,2,133,123,256,2020-01-31T23:00:00Z
12,81,Donji Andrijevci,124,97,221,21,10,31,18,3,21,1,1,2,28,21,49,0,0,0,0,2,2,192,134,326,2020-01-31T23:00:00Z
13,131,Gračac,232,280,512,23,16,39,52,20,72,2,2,4,31,36,67,0,0,0,1,1,2,341,355,696,2020-01-31T23:00:00Z
13,167,Jasenice,130,59,189,11,2,13,4,3,7,2,0,2,17,3,20,0,0,0,0,0,0,164,67,231,2020-01-31T23:00:00Z
13,17,Benkovac,1116,897,2013,77,29,106,80,45,125,11,13,24,167,126,293,0,0,0,11,9,20,1462,1119,2581,2020-01-31T23:00:00Z
13,173,Kali,304,89,393,26,12,38,3,1,4,15,0,15,59,26,85,0,0,0,1,1,2,408,129,537,2020-01-31T23:00:00Z
13,20,Bibinje,172,177,349,45,20,65,4,0,4,1,2,3,66,53,119,0,0,0,2,1,3,290,253,543,2020-01-31T23:00:00Z
13,22,Biograd Na Moru,1069,1313,2382,108,64,172,22,14,36,15,10,25,133,205,338,1,0,1,5,9,14,1353,1615,2968,2020-01-31T23:00:00Z
13,234,Lišane Ostrovičke,30,29,59,8,3,11,1,0,1,0,0,0,5,5,10,0,0,0,0,0,0,44,37,81,2020-01-31T23:00:00Z
13,282,Nin,381,351,732,37,9,46,11,5,16,4,2,6,40,26,66,0,0,0,0,0,0,473,393,866,2020-01-31T23:00:00Z
13,296,Obrovac,285,208,493,24,13,37,24,3,27,4,5,9,15,39,54,0,0,0,3,4,7,355,272,627,2020-01-31T23:00:00Z
13,316,Pag,439,379,818,69,22,91,28,10,38,7,6,13,57,49,106,0,0,0,8,4,12,608,470,1078,2020-01-31T23:00:00Z
13,317,Pakoštane,325,260,585,45,17,62,6,7,13,10,2,12,69,53,122,0,0,0,6,0,6,461,339,800,2020-01-31T23:00:00Z
13,320,Pašman,83,101,184,38,8,46,2,3,5,13,0,13,35,21,56,0,0,0,1,2,3,172,135,307,2020-01-31T23:00:00Z
13,344,Polača,102,56,158,16,4,20,3,1,4,2,0,2,7,9,16,0,0,0,1,1,2,131,71,202,2020-01-31T23:00:00Z
13,345,Poličnik,354,299,653,42,4,46,8,6,14,5,1,6,41,19,60,0,0,0,1,0,1,451,329,780,2020-01-31T23:00:00Z
13,349,Posedarje,130,151,281,29,10,39,7,7,14,7,1,8,35,33,68,0,0,0,1,5,6,209,207,416,2020-01-31T23:00:00Z
13,354,Preko,257,389,646,36,9,45,5,4,9,31,5,36,35,26,61,0,0,0,2,4,6,366,437,803,2020-01-31T23:00:00Z
13,371,Ražanac,74,69,143,23,7,30,7,6,13,11,0,11,26,12,38,0,0,0,3,1,4,144,95,239,2020-01-31T23:00:00Z
13,379,Sali,174,134,308,34,11,45,7,3,10,6,1,7,18,14,32,0,0,0,1,3,4,240,166,406,2020-01-31T23:00:00Z
13,411,Stankovci,218,152,370,21,3,24,7,2,9,0,1,1,29,11,40,0,0,0,0,1,1,275,170,445,2020-01-31T23:00:00Z
13,416,Starigrad,116,137,253,35,28,63,7,3,10,4,0,4,18,29,47,0,0,0,1,3,4,181,200,381,2020-01-31T23:00:00Z
13,425,Sukošan,364,194,558,48,19,67,8,4,12,7,1,8,44,51,95,0,0,0,1,3,4,472,272,744,2020-01-31T23:00:00Z
13,428,Sveti Filip I Jakov,231,314,545,30,13,43,8,3,11,11,1,12,30,35,65,0,0,0,0,0,0,310,366,676,2020-01-31T23:00:00Z
13,445,Škabrnje,64,58,122,24,2,26,5,0,5,2,0,2,13,9,22,0,0,0,1,1,2,109,70,179,2020-01-31T23:00:00Z
13,489,Vir,314,230,544,46,6,52,2,2,4,2,1,3,25,31,56,0,0,0,1,3,4,390,273,663,2020-01-31T23:00:00Z
13,520,Zadar,14546,15772,30318,984,567,1551,42,27,69,797,230,1027,1339,1461,2800,4,0,4,131,70,201,17843,18127,35970,2020-01-31T23:00:00Z
13,525,Zemunik Donji,120,135,255,17,4,21,1,0,1,0,0,0,17,4,21,0,0,0,0,1,1,155,144,299,2020-01-31T23:00:00Z
13,537,Novigrad,62,67,129,20,2,22,4,4,8,4,1,5,30,9,39,0,0,0,1,1,2,121,84,205,2020-01-31T23:00:00Z
13,571,Galovac,31,59,90,9,1,10,6,5,11,3,2,5,6,13,19,0,0,0,1,2,3,56,82,138,2020-01-31T23:00:00Z
13,572,Kukljica,68,30,98,15,2,17,1,1,2,3,1,4,27,4,31,0,0,0,0,1,1,114,39,153,2020-01-31T23:00:00Z
13,573,Povljana,44,33,77,11,2,13,3,0,3,5,0,5,7,7,14,0,0,0,0,2,2,70,44,114,2020-01-31T23:00:00Z
13,574,Privlaka,99,100,199,17,5,22,1,1,2,10,0,10,16,12,28,0,0,0,5,2,7,148,120,268,2020-01-31T23:00:00Z
13,575,Tkon,101,50,151,22,5,27,3,3,6,4,0,4,43,21,64,0,0,0,1,1,2,174,80,254,2020-01-31T23:00:00Z
13,622,Kolan,111,72,183,19,4,23,4,1,5,0,0,0,19,15,34,0,0,0,0,0,0,153,92,245,2020-01-31T23:00:00Z
13,625,Vrsi,84,41,125,12,4,16,5,4,9,21,0,21,13,22,35,0,0,0,4,4,8,139,75,214,2020-01-31T23:00:00Z
14,103,Đakovo,2801,2866,5667,426,193,619,188,81,269,30,39,69,705,579,1284,0,0,0,12,13,25,4162,3771,7933,2020-01-31T23:00:00Z
14,106,Đurđenovac,518,506,1024,40,10,50,27,20,47,0,8,8,79,44,123,0,0,0,5,3,8,669,591,1260,2020-01-31T23:00:00Z
14,110,Erdut,277,232,509,38,13,51,59,14,73,3,4,7,44,34,78,0,0,0,2,1,3,423,298,721,2020-01-31T23:00:00Z
14,111,Ernestinovo,86,184,270,9,2,11,26,9,35,2,2,4,3,15,18,0,0,0,0,0,0,126,212,338,2020-01-31T23:00:00Z
14,116,Feričanci,135,123,258,22,4,26,3,0,3,0,1,1,43,16,59,0,0,0,1,1,2,204,145,349,2020-01-31T23:00:00Z
14,124,Gorjani,119,181,300,15,2,17,19,10,29,0,2,2,11,4,15,0,0,0,0,0,0,164,199,363,2020-01-31T23:00:00Z
14,13,Beli Manastir,1033,1156,2189,65,33,98,41,27,68,8,12,20,112,94,206,0,0,0,1,1,2,1260,1323,2583,2020-01-31T23:00:00Z
14,16,Belišće,1562,657,2219,60,28,88,26,6,32,1,10,11,79,104,183,0,0,0,4,2,6,1732,807,2539,2020-01-31T23:00:00Z
14,195,Kneževi Vinogradi,205,254,459,32,7,39,40,7,47,1,2,3,70,65,135,0,0,0,0,2,2,348,337,685,2020-01-31T23:00:00Z
14,2,Antunovac,178,169,347,25,11,36,17,9,26,0,2,2,17,7,24,0,0,0,0,0,0,237,198,435,2020-01-31T23:00:00Z
14,205,Koška,164,154,318,26,6,32,34,11,45,3,3,6,34,25,59,0,0,0,2,0,2,263,199,462,2020-01-31T23:00:00Z
14,21,Bilje,285,313,598,43,18,61,21,13,34,3,5,8,55,41,96,0,0,0,0,1,1,407,391,798,2020-01-31T23:00:00Z
14,23,Bizovac,242,275,517,25,11,36,30,11,41,0,6,6,38,38,76,0,0,0,0,1,1,335,342,677,2020-01-31T23:00:00Z
14,230,Levanjska Varoš,34,45,79,3,2,5,13,9,22,0,0,0,2,2,4,0,0,0,0,1,1,52,59,111,2020-01-31T23:00:00Z
14,257,Marijanci,81,55,136,6,4,10,13,1,14,0,2,2,17,24,41,0,0,0,2,1,3,119,87,206,2020-01-31T23:00:00Z
14,271,Moslavina Podravska,22,31,53,2,2,4,20,9,29,0,0,0,14,10,24,0,0,0,0,0,0,58,52,110,2020-01-31T23:00:00Z
14,278,Našice,2210,1796,4006,164,77,241,44,16,60,13,38,51,239,220,459,0,0,0,8,5,13,2678,2152,4830,2020-01-31T23:00:00Z
14,312,Osijek,23421,21910,45331,797,572,1369,103,39,142,185,212,397,818,1143,1961,1,0,1,30,61,91,25355,23937,49292,2020-01-31T23:00:00Z
14,325,Petlovac,47,43,90,5,5,10,15,0,15,0,0,0,14,6,20,0,0,0,2,0,2,83,54,137,2020-01-31T23:00:00Z
14,327,Petrijevci,303,201,504,17,3,20,12,7,19,0,0,0,12,7,19,0,0,0,1,2,3,345,220,565,2020-01-31T23:00:00Z
14,340,Podgorač,87,85,172,26,7,33,34,7,41,1,1,2,20,28,48,0,0,0,0,1,1,168,129,297,2020-01-31T23:00:00Z
14,346,Popovac,53,58,111,2,3,5,6,7,13,1,0,1,5,7,12,0,0,0,0,0,0,67,75,142,2020-01-31T23:00:00Z
14,361,Punitovci,44,58,102,20,3,23,18,4,22,0,0,0,25,6,31,0,0,0,0,1,1,107,72,179,2020-01-31T23:00:00Z
14,381,Satnica Đakovačka,118,85,203,22,5,27,11,3,14,0,0,0,42,31,73,0,0,0,0,0,0,193,124,317,2020-01-31T23:00:00Z
14,386,Semeljci,228,189,417,44,12,56,54,30,84,2,2,4,71,29,100,0,0,0,2,1,3,401,263,664,2020-01-31T23:00:00Z
14,421,Strizivojna,306,287,593,15,7,22,21,3,24,0,0,0,9,8,17,0,0,0,1,0,1,352,305,657,2020-01-31T23:00:00Z
14,461,Trnava,45,79,124,4,3,7,16,6,22,0,0,0,11,3,14,0,0,0,0,0,0,76,91,167,2020-01-31T23:00:00Z
14,471,Valpovo,864,1153,2017,66,50,116,42,20,62,15,29,44,81,101,182,0,0,0,8,8,16,1076,1361,2437,2020-01-31T23:00:00Z
14,485,Viljevo,30,66,96,10,1,11,29,5,34,0,1,1,14,12,26,0,0,0,1,1,2,84,86,170,2020-01-31T23:00:00Z
14,494,Viškovci,181,160,341,23,3,26,16,6,22,0,0,0,20,3,23,0,0,0,2,0,2,242,172,414,2020-01-31T23:00:00Z
14,517,Vuka,41,58,99,14,2,16,17,5,22,0,1,1,14,10,24,0,0,0,0,0,0,86,76,162,2020-01-31T23:00:00Z
14,576,Donja Motičina,23,31,54,9,2,11,2,1,3,0,0,0,19,10,29,0,0,0,0,0,0,53,44,97,2020-01-31T23:00:00Z
14,578,Magadenovac,101,114,215,5,2,7,28,12,40,1,3,4,20,24,44,0,0,0,0,0,0,155,155,310,2020-01-31T23:00:00Z
14,579,Vladislavci,128,97,225,3,1,4,7,4,11,0,0,0,2,7,9,0,0,0,0,1,1,140,110,250,2020-01-31T23:00:00Z
14,609,Jagodnjak,115,84,199,6,4,10,25,5,30,0,0,0,8,5,13,0,0,0,0,0,0,154,98,252,2020-01-31T23:00:00Z
14,614,Šodolovci,20,8,28,0,0,0,0,0,0,0,0,0,6,5,11,0,0,0,1,0,1,27,13,40,2020-01-31T23:00:00Z
14,64,Čeminac,80,76,156,12,0,12,4,2,6,0,0,0,14,13,27,0,0,0,0,0,0,110,91,201,2020-01-31T23:00:00Z
14,65,Čepin,558,498,1056,83,33,116,54,21,75,6,8,14,91,88,179,0,0,0,3,3,6,795,651,1446,2020-01-31T23:00:00Z
14,66,Darda,1732,849,2581,54,29,83,34,4,38,1,4,5,56,49,105,0,0,0,1,0,1,1878,935,2813,2020-01-31T23:00:00Z
14,86,Donji Miholjac,1206,1021,2227,82,47,129,153,40,193,6,20,26,163,115,278,0,0,0,2,1,3,1612,1244,2856,2020-01-31T23:00:00Z
14,91,Draž,100,135,235,11,4,15,19,8,27,0,0,0,11,8,19,0,0,0,1,0,1,142,155,297,2020-01-31T23:00:00Z
14,94,Drenje,86,125,211,27,7,34,58,23,81,0,0,0,11,14,25,0,0,0,0,1,1,182,170,352,2020-01-31T23:00:00Z
15,113,Ervenik,43,64,107,1,0,1,3,1,4,0,0,0,1,1,2,0,0,0,0,0,0,48,66,114,2020-01-31T23:00:00Z
15,183,Kijevo,38,40,78,2,0,2,1,0,1,0,0,0,0,0,0,0,0,0,0,0,0,41,40,81,2020-01-31T23:00:00Z
15,184,Kistanje,59,81,140,12,3,15,0,0,0,2,0,2,16,5,21,0,0,0,0,0,0,89,89,178,2020-01-31T23:00:00Z
15,196,Knin,1567,1356,2923,115,65,180,47,9,56,33,8,41,116,162,278,0,0,0,3,2,5,1881,1602,3483,2020-01-31T23:00:00Z
15,298,Promina,98,74,172,1,1,2,1,2,3,0,0,0,0,1,1,0,0,0,0,0,0,100,78,178,2020-01-31T23:00:00Z
15,310,Biskupija,71,32,103,3,0,3,1,1,2,1,0,1,0,0,0,0,0,0,0,0,0,76,33,109,2020-01-31T23:00:00Z
15,357,Primošten,252,269,521,65,22,87,5,0,5,7,1,8,38,25,63,0,0,0,2,2,4,369,319,688,2020-01-31T23:00:00Z
15,377,Ružić,27,53,80,3,0,3,6,9,15,0,0,0,3,8,11,0,0,0,0,0,0,39,70,109,2020-01-31T23:00:00Z
15,394,Skradin,123,166,289,37,7,44,18,5,23,4,3,7,21,27,48,0,0,0,0,1,1,203,209,412,2020-01-31T23:00:00Z
15,444,Šibenik,8172,8123,16295,618,327,945,36,15,51,181,106,287,562,672,1234,3,0,3,28,21,49,9600,9264,18864,2020-01-31T23:00:00Z
15,454,Tisno,271,238,509,94,26,120,4,0,4,7,3,10,60,41,101,0,0,0,0,2,2,436,310,746,2020-01-31T23:00:00Z
15,469,Unešić,48,55,103,9,2,11,2,1,3,2,0,2,13,4,17,0,0,0,0,0,0,74,62,136,2020-01-31T23:00:00Z
15,500,Vodice,899,970,1869,228,90,318,8,5,13,15,7,22,201,125,326,0,0,0,8,10,18,1359,1207,2566,2020-01-31T23:00:00Z
15,51,Civljane,44,12,56,1,0,1,0,0,0,0,0,0,1,3,4,0,0,0,0,0,0,46,15,61,2020-01-31T23:00:00Z
15,581,Pirovac,117,113,230,27,11,38,4,3,7,3,2,5,31,33,64,0,0,0,0,1,1,182,163,345,2020-01-31T23:00:00Z
15,582,Rogoznica,235,198,433,44,13,57,1,1,2,13,1,14,30,31,61,0,0,0,1,0,1,324,244,568,2020-01-31T23:00:00Z
15,617,Murter,247,233,480,40,24,64,7,1,8,14,1,15,49,37,86,0,0,0,1,1,2,358,297,655,2020-01-31T23:00:00Z
15,621,Bilice,68,33,101,17,6,23,0,0,0,6,0,6,21,15,36,0,0,0,0,0,0,112,54,166,2020-01-31T23:00:00Z
15,626,Tribunj,80,69,149,16,10,26,0,0,0,4,0,4,49,20,69,0,0,0,0,1,1,149,100,249,2020-01-31T23:00:00Z
15,95,Drniš,806,630,1436,65,48,113,38,19,57,7,7,14,95,88,183,0,0,0,0,3,3,1011,795,1806,2020-01-31T23:00:00Z
16,1,Andrijaševci,68,133,201,24,12,36,13,5,18,2,0,2,38,28,66,0,0,0,1,3,4,146,181,327,2020-01-31T23:00:00Z
16,137,Gradište,95,96,191,16,3,19,34,6,40,0,1,1,8,11,19,0,0,0,0,0,0,153,117,270,2020-01-31T23:00:00Z
16,141,Gunja,188,150,338,33,8,41,38,14,52,3,1,4,25,9,34,0,0,0,1,2,3,288,184,472,2020-01-31T23:00:00Z
16,154,Ilok,439,576,1015,63,22,85,55,17,72,2,1,3,99,94,193,0,0,0,1,0,1,659,710,1369,2020-01-31T23:00:00Z
16,159,Ivankovo,322,390,712,68,26,94,50,11,61,2,6,8,98,79,177,0,0,0,2,5,7,542,517,1059,2020-01-31T23:00:00Z
16,166,Jarmina,32,78,110,11,7,18,26,7,33,0,2,2,16,18,34,0,0,0,0,2,2,85,114,199,2020-01-31T23:00:00Z
16,239,Lovas,68,58,126,5,0,5,14,0,14,1,0,1,4,6,10,0,0,0,0,0,0,92,64,156,2020-01-31T23:00:00Z
16,26,Bogdanovci,26,16,42,3,0,3,10,4,14,0,0,0,15,1,16,0,0,0,0,0,0,54,21,75,2020-01-31T23:00:00Z
16,29,Borovo,82,91,173,34,13,47,27,4,31,3,4,7,53,64,117,0,0,0,3,3,6,202,179,381,2020-01-31T23:00:00Z
16,294,Nuštar,220,310,530,31,16,47,28,6,34,2,3,5,36,24,60,0,0,0,3,0,3,320,359,679,2020-01-31T23:00:00Z
16,295,Nijemci,172,181,353,21,7,28,85,21,106,1,1,2,47,26,73,0,0,0,2,1,3,328,237,565,2020-01-31T23:00:00Z
16,3,Babina Greda,132,118,250,31,10,41,75,23,98,3,0,3,23,33,56,0,0,0,0,3,3,264,187,451,2020-01-31T23:00:00Z
16,32,Bošnjaci,108,107,215,22,5,27,46,7,53,1,0,1,18,33,51,0,0,0,1,0,1,196,152,348,2020-01-31T23:00:00Z
16,414,Stari Jankovci,128,130,258,18,4,22,43,9,52,1,0,1,33,16,49,0,0,0,1,2,3,224,161,385,2020-01-31T23:00:00Z
16,415,Stari Mikanovci,86,113,199,20,11,31,19,9,28,2,1,3,28,43,71,0,0,0,1,0,1,156,177,333,2020-01-31T23:00:00Z
16,44,Cerna,372,212,584,37,17,54,43,15,58,2,1,3,57,54,111,0,0,0,0,0,0,511,299,810,2020-01-31T23:00:00Z
16,456,Tompojevci,15,37,52,12,2,14,39,11,50,0,1,1,15,16,31,0,0,0,0,0,0,81,67,148,2020-01-31T23:00:00Z
16,458,Tordinci,80,87,167,5,2,7,11,0,11,1,0,1,10,6,16,0,0,0,0,0,0,107,95,202,2020-01-31T23:00:00Z
16,459,Tovarnik,140,124,264,14,3,17,46,20,66,0,0,0,10,11,21,0,0,0,1,1,2,211,159,370,2020-01-31T23:00:00Z
16,464,Trpinja,104,186,290,21,5,26,83,11,94,3,0,3,21,28,49,0,0,0,0,0,0,232,230,462,2020-01-31T23:00:00Z
16,487,Vinkovci,7953,6249,14202,276,170,446,33,16,49,59,52,111,472,619,1091,1,0,1,10,11,21,8804,7117,15921,2020-01-31T23:00:00Z
16,505,Vrbanja,220,125,345,30,12,42,75,12,87,2,0,2,16,23,39,0,0,0,0,0,0,343,172,515,2020-01-31T23:00:00Z
16,518,Vukovar,4319,4552,8871,250,133,383,66,28,94,27,39,66,371,373,744,0,0,0,6,12,18,5039,5137,10176,2020-01-31T23:00:00Z
16,534,Županja,2074,1520,3594,128,54,182,39,12,51,22,26,48,180,204,384,1,0,1,6,8,14,2450,1824,4274,2020-01-31T23:00:00Z
16,535,Otok (Vinkovci),362,317,679,36,19,55,59,15,74,7,1,8,62,46,108,0,0,0,1,2,3,527,400,927,2020-01-31T23:00:00Z
16,583,Privlaka,90,87,177,17,4,21,19,8,27,0,2,2,16,19,35,0,0,0,1,0,1,143,120,263,2020-01-31T23:00:00Z
16,584,Vođinci,43,149,192,15,2,17,6,3,9,0,1,1,10,11,21,0,0,0,1,0,1,75,166,241,2020-01-31T23:00:00Z
16,610,Markušica,31,55,86,8,3,11,45,18,63,0,1,1,12,16,28,0,0,0,3,1,4,99,94,193,2020-01-31T23:00:00Z
16,612,Negoslavci,13,6,19,2,0,2,11,2,13,1,0,1,13,14,27,0,0,0,0,0,0,40,22,62,2020-01-31T23:00:00Z
16,628,Štitar,103,57,160,6,0,6,12,3,15,0,1,1,9,7,16,0,0,0,0,0,0,130,68,198,2020-01-31T23:00:00Z
16,92,Drenovci,118,132,250,36,7,43,107,34,141,2,0,2,28,31,59,0,0,0,0,1,1,291,205,496,2020-01-31T23:00:00Z
17,100,Dugi Rat,565,558,1123,66,26,92,1,3,4,36,6,42,135,93,228,0,0,0,3,3,6,806,689,1495,2020-01-31T23:00:00Z
17,134,Gradac,164,221,385,37,8,45,5,1,6,2,1,3,18,29,47,0,0,0,0,3,3,226,263,489,2020-01-31T23:00:00Z
17,148,Hrvace,224,206,430,34,13,47,4,6,10,2,3,5,48,51,99,0,0,0,0,3,3,312,282,594,2020-01-31T23:00:00Z
17,153,Hvar,549,595,1144,161,60,221,16,10,26,18,8,26,123,105,228,1,0,1,4,10,14,872,788,1660,2020-01-31T23:00:00Z
17,155,Imotski,1183,1227,2410,125,77,202,12,8,20,31,15,46,113,219,332,0,0,0,11,14,25,1475,1560,3035,2020-01-31T23:00:00Z
17,171,Jelsa,294,247,541,82,23,105,31,11,42,15,0,15,91,50,141,0,0,0,7,6,13,520,337,857,2020-01-31T23:00:00Z
17,181,Kaštela,3307,3560,6867,441,200,641,25,12,37,141,39,180,486,534,1020,0,0,0,37,27,64,4437,4372,8809,2020-01-31T23:00:00Z
17,192,Klis,223,175,398,36,8,44,6,4,10,17,2,19,38,23,61,0,0,0,0,1,1,320,213,533,2020-01-31T23:00:00Z
17,197,Komiža,147,140,287,52,14,66,4,0,4,5,2,7,30,19,49,0,0,0,2,3,5,240,178,418,2020-01-31T23:00:00Z
17,243,Lovreć,108,89,197,15,7,22,4,0,4,1,0,1,15,13,28,0,0,0,2,1,3,145,110,255,2020-01-31T23:00:00Z
17,249,Makarska,2379,2254,4633,261,147,408,3,2,5,52,28,80,326,340,666,0,0,0,8,8,16,3029,2779,5808,2020-01-31T23:00:00Z
17,258,Marina,179,222,401,49,19,68,6,4,10,11,1,12,23,43,66,1,0,1,2,1,3,271,290,561,2020-01-31T23:00:00Z
17,267,Milna,105,83,188,18,5,23,5,1,6,2,0,2,17,16,33,0,0,0,5,1,6,152,106,258,2020-01-31T23:00:00Z
17,27,Bol,276,314,590,46,15,61,6,2,8,3,2,5,50,18,68,0,0,0,2,5,7,383,356,739,2020-01-31T23:00:00Z
17,280,Nerežišća,149,48,197,15,1,16,7,2,9,2,0,2,29,14,43,0,0,0,1,0,1,203,65,268,2020-01-31T23:00:00Z
17,300,Omiš,1373,1690,3063,210,78,288,11,5,16,48,17,65,294,276,570,0,0,0,5,6,11,1941,2072,4013,2020-01-31T23:00:00Z
17,314,Otok,262,202,464,40,17,57,8,1,9,4,0,4,66,51,117,0,0,0,0,0,0,380,271,651,2020-01-31T23:00:00Z
17,337,Podbablje,279,179,458,31,2,33,6,0,6,2,1,3,21,33,54,0,0,0,2,4,6,341,219,560,2020-01-31T23:00:00Z
17,339,Podgora,239,224,463,41,6,47,3,1,4,0,1,1,26,10,36,0,0,0,3,2,5,312,244,556,2020-01-31T23:00:00Z
17,341,Podstrana,739,653,1392,57,17,74,16,4,20,31,3,34,54,76,130,1,0,1,2,3,5,900,756,1656,2020-01-31T23:00:00Z
17,350,Postira,275,231,506,31,13,44,12,3,15,1,3,4,14,10,24,0,0,0,3,1,4,336,261,597,2020-01-31T23:00:00Z
17,358,Pučišća,227,132,359,40,7,47,5,5,10,10,0,10,45,14,59,0,0,0,2,0,2,329,158,487,2020-01-31T23:00:00Z
17,382,Seget,488,405,893,32,6,38,6,3,9,14,2,16,134,64,198,0,0,0,5,2,7,679,482,1161,2020-01-31T23:00:00Z
17,383,Selca,123,104,227,39,18,57,8,3,11,5,2,7,71,30,101,0,0,0,1,1,2,247,158,405,2020-01-31T23:00:00Z
17,389,Sinj,1919,1969,3888,246,125,371,48,16,64,45,43,88,292,377,669,1,1,2,11,16,27,2562,2547,5109,2020-01-31T23:00:00Z
17,406,Solin,3632,3096,6728,242,138,380,10,8,18,133,31,164,295,288,583,0,0,0,9,12,21,4321,3573,7894,2020-01-31T23:00:00Z
17,409,Split,35227,37754,72981,1477,971,2448,61,40,101,2146,441,2587,1585,2281,3866,4,0,4,161,176,337,40661,41663,82324,2020-01-31T23:00:00Z
17,413,Stari Grad,281,272,553,58,20,78,20,14,34,6,3,9,42,35,77,0,0,0,8,9,17,415,353,768,2020-01-31T23:00:00Z
17,423,Sućuraj,24,22,46,22,2,24,4,2,6,0,0,0,12,6,18,0,0,0,0,0,0,62,32,94,2020-01-31T23:00:00Z
17,427,Supetar,569,695,1264,101,58,159,16,6,22,25,8,33,96,108,204,0,0,0,6,5,11,813,880,1693,2020-01-31T23:00:00Z
17,443,Šestanovac,131,139,270,23,4,27,8,0,8,1,2,3,17,17,34,0,0,0,2,2,4,182,164,346,2020-01-31T23:00:00Z
17,447,Šolta,171,118,289,17,5,22,10,3,13,7,1,8,4,13,17,0,0,0,1,1,2,210,141,351,2020-01-31T23:00:00Z
17,460,Trilj,403,529,932,99,28,127,17,8,25,11,3,14,92,134,226,0,0,0,0,5,5,622,707,1329,2020-01-31T23:00:00Z
17,463,Trogir,1971,1756,3727,292,130,422,13,4,17,81,37,118,309,376,685,0,0,0,17,29,46,2683,2332,5015,2020-01-31T23:00:00Z
17,492,Vis,219,238,457,34,12,46,18,4,22,5,2,7,36,30,66,0,0,0,3,2,5,315,288,603,2020-01-31T23:00:00Z
17,50,Cista Provo,113,132,245,27,1,28,7,1,8,2,0,2,7,10,17,0,0,0,1,2,3,157,146,303,2020-01-31T23:00:00Z
17,511,Vrgorac,895,679,1574,50,24,74,24,17,41,5,7,12,51,89,140,0,0,0,0,4,4,1025,820,1845,2020-01-31T23:00:00Z
17,513,Vrlika,107,223,330,16,3,19,12,3,15,1,0,1,23,6,29,0,0,0,1,0,1,160,235,395,2020-01-31T23:00:00Z
17,522,Zagvozd,140,76,216,15,2,17,2,0,2,0,0,0,10,8,18,0,0,0,1,1,2,168,87,255,2020-01-31T23:00:00Z
17,528,Zmijavci,80,125,205,7,2,9,1,1,2,2,0,2,22,10,32,0,0,0,0,1,1,112,139,251,2020-01-31T23:00:00Z
17,585,Dugopolje,1330,739,2069,32,10,42,5,4,9,17,1,18,68,45,113,0,0,0,0,0,0,1452,799,2251,2020-01-31T23:00:00Z
17,586,Lećevica,11,24,35,6,0,6,0,0,0,1,0,1,1,0,1,0,0,0,0,0,0,19,24,43,2020-01-31T23:00:00Z
17,587,Lokvičići,32,23,55,0,1,1,1,0,1,0,0,0,1,3,4,0,0,0,1,0,1,35,27,62,2020-01-31T23:00:00Z
17,588,Okrug,137,165,302,29,6,35,1,1,2,13,4,17,84,27,111,0,0,0,3,3,6,267,206,473,2020-01-31T23:00:00Z
17,589,Prgomet,34,23,57,8,0,8,1,1,2,0,0,0,1,0,1,0,0,0,0,0,0,44,24,68,2020-01-31T23:00:00Z
17,590,Primorski Dolac,12,47,59,4,1,5,1,1,2,1,1,2,2,5,7,0,0,0,0,0,0,20,55,75,2020-01-31T23:00:00Z
17,591,Runovići,79,77,156,5,3,8,0,1,1,0,2,2,26,32,58,0,0,0,0,0,0,110,115,225,2020-01-31T23:00:00Z
17,592,Sutivan,99,60,159,10,5,15,4,1,5,14,1,15,22,11,33,0,0,0,1,0,1,150,78,228,2020-01-31T23:00:00Z
17,593,Tučepi,216,197,413,20,9,29,1,0,1,4,4,8,27,20,47,0,0,0,1,1,2,269,231,500,2020-01-31T23:00:00Z
17,595,Zadvarje,31,19,50,7,1,8,0,1,1,0,0,0,11,5,16,0,0,0,0,0,0,49,26,75,2020-01-31T23:00:00Z
17,72,Dicmo,405,180,585,29,16,45,4,2,6,3,1,4,39,50,89,0,0,0,0,1,1,480,250,730,2020-01-31T23:00:00Z
17,77,Brela,196,169,365,23,6,29,0,1,1,1,1,2,18,15,33,0,0,0,1,1,2,239,193,432,2020-01-31T23:00:00Z
17,87,Muć,137,200,337,18,4,22,1,3,4,5,4,9,8,14,22,0,0,0,0,1,1,169,226,395,2020-01-31T23:00:00Z
17,88,Proložac,190,184,374,14,4,18,1,3,4,1,0,1,38,20,58,0,0,0,3,0,3,247,211,458,2020-01-31T23:00:00Z
17,9,Baška Voda,215,265,480,61,18,79,2,1,3,8,4,12,49,44,93,0,0,0,2,2,4,337,334,671,2020-01-31T23:00:00Z
18,132,Gračišće,38,34,72,32,3,35,13,3,16,0,0,0,39,8,47,0,0,0,1,0,1,123,48,171,2020-01-31T23:00:00Z
18,138,Grožnjan,27,18,45,15,4,19,13,4,17,1,0,1,9,11,20,0,0,0,0,3,3,65,40,105,2020-01-31T23:00:00Z
18,175,Kanfanar,460,176,636,22,7,29,5,0,5,3,0,3,26,17,43,0,0,0,2,2,4,518,202,720,2020-01-31T23:00:00Z
18,217,Kršan,270,276,546,47,10,57,7,5,12,1,1,2,89,49,138,0,0,0,2,4,6,416,345,761,2020-01-31T23:00:00Z
18,222,Labin,2593,2319,4912,235,104,339,17,10,27,31,35,66,276,217,493,0,0,0,17,12,29,3169,2697,5866,2020-01-31T23:00:00Z
18,223,Lanišće,14,13,27,4,0,4,2,1,3,0,0,0,10,3,13,0,0,0,0,0,0,30,17,47,2020-01-31T23:00:00Z
18,235,Ližnjan,142,128,270,11,4,15,2,0,2,3,0,3,17,29,46,0,0,0,1,0,1,176,161,337,2020-01-31T23:00:00Z
18,246,Lupoglav,203,99,302,11,5,16,8,4,12,0,1,1,12,12,24,0,0,0,0,1,1,234,122,356,2020-01-31T23:00:00Z
18,254,Marčana,128,141,269,33,14,47,3,2,5,5,1,6,41,19,60,0,0,0,3,1,4,213,178,391,2020-01-31T23:00:00Z
18,263,Medulin,587,547,1134,62,27,89,8,3,11,9,5,14,68,82,150,0,0,0,0,1,1,734,665,1399,2020-01-31T23:00:00Z
18,274,Motovun,81,83,164,31,10,41,19,4,23,0,0,0,33,23,56,0,0,0,4,2,6,168,122,290,2020-01-31T23:00:00Z
18,291,Novigrad,753,955,1708,106,43,149,18,6,24,4,8,12,119,92,211,0,0,0,5,9,14,1005,1113,2118,2020-01-31T23:00:00Z
18,304,Oprtalj,70,95,165,11,4,15,14,2,16,0,0,0,12,8,20,0,0,0,4,2,6,111,111,222,2020-01-31T23:00:00Z
18,321,Pazin,2042,1945,3987,284,108,392,45,23,68,14,24,38,318,209,527,0,0,0,7,16,23,2710,2325,5035,2020-01-31T23:00:00Z
18,330,Pićan,351,203,554,26,5,31,3,5,8,2,1,3,53,18,71,0,0,0,1,2,3,436,234,670,2020-01-31T23:00:00Z
18,348,Poreč,4558,4534,9092,516,256,772,48,19,67,56,52,108,489,400,889,0,0,0,17,14,31,5684,5275,10959,2020-01-31T23:00:00Z
18,359,Pula,13136,12508,25644,1040,531,1571,59,41,100,304,174,478,897,1089,1986,2,0,2,89,47,136,15527,14390,29917,2020-01-31T23:00:00Z
18,368,Raša,260,151,411,25,7,32,1,0,1,4,1,5,37,22,59,0,0,0,0,0,0,327,181,508,2020-01-31T23:00:00Z
18,374,Rovinj,2875,2963,5838,370,196,566,29,10,39,35,37,72,401,369,770,1,0,1,16,17,33,3727,3592,7319,2020-01-31T23:00:00Z
18,40,Brtonigla,145,92,237,37,13,50,25,8,33,1,1,2,44,44,88,0,0,0,1,2,3,253,160,413,2020-01-31T23:00:00Z
18,42,Buje,739,714,1453,76,43,119,24,12,36,7,11,18,59,61,120,0,0,0,3,7,10,908,848,1756,2020-01-31T23:00:00Z
18,43,Buzet,1585,1015,2600,156,59,215,22,17,39,6,5,11,102,108,210,0,0,0,7,6,13,1878,1210,3088,2020-01-31T23:00:00Z
18,431,Sveti Lovreč,38,60,98,19,10,29,2,0,2,0,1,1,33,15,48,0,0,0,0,2,2,92,88,180,2020-01-31T23:00:00Z
18,432,Sveta Nedelja,142,125,267,23,7,30,7,2,9,5,0,5,39,19,58,0,0,0,7,5,12,223,158,381,2020-01-31T23:00:00Z
18,433,Sveti Petar U Šumi,174,108,282,23,4,27,2,4,6,0,0,0,31,4,35,0,0,0,1,1,2,231,121,352,2020-01-31T23:00:00Z
18,435,Svetvinčenat,118,99,217,20,3,23,1,0,1,0,0,0,20,22,42,0,0,0,1,0,1,160,124,284,2020-01-31T23:00:00Z
18,453,Tinjan,184,105,289,39,9,48,5,1,6,1,3,4,55,29,84,0,0,0,2,0,2,286,147,433,2020-01-31T23:00:00Z
18,468,Umag,2433,2147,4580,335,134,469,31,15,46,31,32,63,277,271,548,0,0,0,20,22,42,3127,2621,5748,2020-01-31T23:00:00Z
18,47,Cerovlje,86,43,129,39,2,41,5,4,9,1,0,1,37,18,55,0,0,0,1,2,3,169,69,238,2020-01-31T23:00:00Z
18,497,Višnjan,247,234,481,42,11,53,9,4,13,2,2,4,81,35,116,0,0,0,5,0,5,386,286,672,2020-01-31T23:00:00Z
18,498,Vižinada,50,40,90,20,6,26,16,6,22,1,0,1,30,16,46,0,0,0,1,0,1,118,68,186,2020-01-31T23:00:00Z
18,5,Bale,105,92,197,23,14,37,4,3,7,0,0,0,32,13,45,0,0,0,1,1,2,165,123,288,2020-01-31T23:00:00Z
18,502,Vodnjan,686,541,1227,53,19,72,11,4,15,9,5,14,94,53,147,0,0,0,0,0,0,853,622,1475,2020-01-31T23:00:00Z
18,516,Vrsar,259,231,490,76,30,106,3,1,4,4,1,5,69,73,142,1,0,1,3,0,3,415,336,751,2020-01-31T23:00:00Z
18,531,Žminj,498,386,884,89,40,129,12,5,17,2,3,5,90,67,157,0,0,0,3,3,6,694,504,1198,2020-01-31T23:00:00Z
18,596,Karojba,81,78,159,33,7,40,2,1,3,0,0,0,53,10,63,0,0,0,1,0,1,170,96,266,2020-01-31T23:00:00Z
18,597,Kaštelir - Labinci,151,71,222,27,14,41,5,2,7,1,0,1,37,15,52,0,0,0,2,3,5,223,105,328,2020-01-31T23:00:00Z
18,6,Barban,215,115,330,40,6,46,8,5,13,0,1,1,21,20,41,0,0,0,3,3,6,287,150,437,2020-01-31T23:00:00Z
18,619,Fažana,240,189,429,21,8,29,0,0,0,3,2,5,36,69,105,0,0,0,0,2,2,300,270,570,2020-01-31T23:00:00Z
18,629,Funtana,107,88,195,16,6,22,1,0,1,0,0,0,15,21,36,0,0,0,2,1,3,141,116,257,2020-01-31T23:00:00Z
18,631,Tar-Vabriga,139,196,335,32,14,46,3,0,3,1,0,1,34,25,59,0,0,0,0,1,1,209,236,445,2020-01-31T23:00:00Z
19,198,Konavle,1129,847,1976,200,63,263,21,10,31,35,9,44,76,83,159,0,0,0,7,4,11,1468,1016,2484,2020-01-31T23:00:00Z
19,204,Korčula,636,829,1465,102,38,140,14,8,22,129,11,140,79,81,160,0,0,0,16,13,29,976,980,1956,2020-01-31T23:00:00Z
19,219,Kula Norinska,34,57,91,15,3,18,3,0,3,1,0,1,5,5,10,0,0,0,0,0,0,58,65,123,2020-01-31T23:00:00Z
19,226,Lastovo,63,84,147,16,9,25,4,1,5,6,1,7,5,8,13,0,0,0,7,7,14,101,110,211,2020-01-31T23:00:00Z
19,25,Blato,586,415,1001,58,19,77,19,5,24,8,8,16,170,44,214,0,0,0,10,5,15,851,496,1347,2020-01-31T23:00:00Z
19,264,Metković,1884,1640,3524,173,96,269,34,22,56,46,20,66,330,270,600,0,0,0,5,5,10,2472,2053,4525,2020-01-31T23:00:00Z
19,268,Mljet,175,76,251,20,8,28,4,1,5,3,2,5,9,6,15,0,0,0,2,2,4,213,95,308,2020-01-31T23:00:00Z
19,306,Opuzen,387,349,736,27,15,42,43,20,63,3,1,4,18,23,41,0,0,0,1,0,1,479,408,887,2020-01-31T23:00:00Z
19,308,Orebić,356,370,726,68,32,100,30,8,38,34,6,40,75,72,147,0,0,0,8,12,20,571,500,1071,2020-01-31T23:00:00Z
19,335,Ploče,1421,861,2282,70,40,110,17,2,19,34,9,43,74,133,207,0,0,0,1,3,4,1617,1048,2665,2020-01-31T23:00:00Z
19,343,Pojezerje,23,30,53,5,2,7,5,0,5,0,0,0,1,2,3,0,0,0,0,0,0,34,34,68,2020-01-31T23:00:00Z
19,399,Slivno,380,57,437,11,7,18,16,6,22,0,0,0,1,11,12,0,0,0,1,0,1,409,81,490,2020-01-31T23:00:00Z
19,402,Smokvica,29,69,98,10,1,11,12,5,17,6,0,6,33,7,40,0,0,0,4,3,7,94,85,179,2020-01-31T23:00:00Z
19,419,Ston,325,208,533,48,12,60,19,6,25,6,1,7,40,22,62,0,0,0,3,2,5,441,251,692,2020-01-31T23:00:00Z
19,474,Vela Luka,277,525,802,49,17,66,11,1,12,41,4,45,76,44,120,0,0,0,9,6,15,463,597,1060,2020-01-31T23:00:00Z
19,523,Zažablje,12,8,20,7,0,7,4,1,5,1,0,1,4,2,6,0,0,0,0,0,0,28,11,39,2020-01-31T23:00:00Z
19,598,Dubrovačko Primorje,152,101,253,23,4,27,5,6,11,14,3,17,38,19,57,0,0,0,0,2,2,232,135,367,2020-01-31T23:00:00Z
19,599,Janjina,305,64,369,11,4,15,11,3,14,4,1,5,7,6,13,0,0,0,1,1,2,339,79,418,2020-01-31T23:00:00Z
19,600,Lumbarda,50,58,108,34,11,45,11,1,12,6,1,7,23,12,35,0,0,0,5,3,8,129,86,215,2020-01-31T23:00:00Z
19,601,Trpanj,44,51,95,12,3,15,1,2,3,4,1,5,15,7,22,0,0,0,3,1,4,79,65,144,2020-01-31T23:00:00Z
19,602,Župa Dubrovačka,638,633,1271,112,65,177,5,4,9,65,3,68,68,63,131,1,0,1,7,3,10,896,771,1667,2020-01-31T23:00:00Z
19,98,Dubrovnik,10125,10456,20581,734,353,1087,32,15,47,545,86,631,545,617,1162,0,0,0,60,67,127,12041,11594,23635,2020-01-31T23:00:00Z
20,123,Goričan,312,145,457,7,3,10,9,1,10,0,2,2,30,20,50,0,0,0,0,0,0,358,171,529,2020-01-31T23:00:00Z
20,15,Belica,174,190,364,23,14,37,66,48,114,1,0,1,29,31,60,0,0,0,0,2,2,293,285,578,2020-01-31T23:00:00Z
20,206,Kotoriba,453,223,676,11,4,15,7,0,7,0,5,5,19,21,40,0,0,0,0,0,0,490,253,743,2020-01-31T23:00:00Z
20,250,Mala Subotica,475,950,1425,29,18,47,36,19,55,2,4,6,42,31,73,0,0,0,0,3,3,584,1025,1609,2020-01-31T23:00:00Z
20,276,Mursko Središće,766,752,1518,39,23,62,17,6,23,3,7,10,58,61,119,0,0,0,2,2,4,885,851,1736,2020-01-31T23:00:00Z
20,279,Nedelišće,1304,744,2048,87,34,121,42,19,61,1,8,9,137,65,202,0,0,0,2,9,11,1573,879,2452,2020-01-31T23:00:00Z
20,342,Podturen,156,90,246,19,6,25,18,15,33,1,2,3,47,40,87,0,0,0,0,1,1,241,154,395,2020-01-31T23:00:00Z
20,355,Prelog,2298,1606,3904,65,17,82,50,35,85,9,8,17,75,59,134,0,0,0,5,4,9,2502,1729,4231,2020-01-31T23:00:00Z
20,385,Selnica,134,119,253,7,8,15,8,6,14,1,1,2,10,19,29,0,0,0,1,1,2,161,154,315,2020-01-31T23:00:00Z
20,440,Sveti Juraj Na Bregu,254,139,393,27,14,41,15,7,22,2,2,4,45,65,110,0,0,0,0,1,1,343,228,571,2020-01-31T23:00:00Z
20,441,Sveti Martin Na Muri,597,329,926,9,9,18,12,7,19,0,3,3,31,31,62,0,0,0,1,0,1,650,379,1029,2020-01-31T23:00:00Z
20,452,Štrigova,266,190,456,28,8,36,44,24,68,2,1,3,57,62,119,0,0,0,0,0,0,397,285,682,2020-01-31T23:00:00Z
20,504,Vratišinec,130,97,227,6,3,9,14,5,19,1,2,3,8,5,13,0,0,0,1,0,1,160,112,272,2020-01-31T23:00:00Z
20,60,Čakovec,9709,9418,19127,259,122,381,64,29,93,36,64,100,280,393,673,0,0,0,9,7,16,10357,10033,20390,2020-01-31T23:00:00Z
20,603,Dekanovec,72,67,139,4,2,6,8,7,15,0,0,0,5,2,7,0,0,0,0,1,1,89,79,168,2020-01-31T23:00:00Z
20,604,Gornji Mihaljevec,127,56,183,9,2,11,23,7,30,2,1,3,21,13,34,0,0,0,1,0,1,183,79,262,2020-01-31T23:00:00Z
20,605,Orehovica,77,124,201,14,2,16,28,17,45,1,2,3,50,19,69,0,0,0,0,2,2,170,166,336,2020-01-31T23:00:00Z
20,606,Strahoninec,232,123,355,13,4,17,4,1,5,0,1,1,37,11,48,0,0,0,0,3,3,286,143,429,2020-01-31T23:00:00Z
20,607,Sveta Marija,73,68,141,11,6,17,5,0,5,1,0,1,25,6,31,0,0,0,1,1,2,116,81,197,2020-01-31T23:00:00Z
20,608,Šenkovec,556,247,803,16,12,28,3,1,4,0,1,1,27,28,55,0,0,0,1,2,3,603,291,894,2020-01-31T23:00:00Z
20,620,Pribislavec,223,97,320,10,5,15,2,1,3,2,1,3,15,11,26,0,0,0,0,0,0,252,115,367,2020-01-31T23:00:00Z
20,75,Domašinec,323,115,438,8,8,16,19,13,32,0,2,2,17,10,27,0,0,0,2,1,3,369,149,518,2020-01-31T23:00:00Z
20,78,Donja Dubrava,175,217,392,17,7,24,7,3,10,0,1,1,14,12,26,0,0,0,0,0,0,213,240,453,2020-01-31T23:00:00Z
20,82,Donji Kraljevec,1266,548,1814,38,8,46,53,16,69,3,6,9,93,142,235,0,0,0,5,8,13,1458,728,2186,2020-01-31T23:00:00Z
20,89,Donji Vidovec,50,84,134,2,1,3,6,0,6,1,2,3,4,14,18,0,0,0,0,0,0,63,101,164,2020-01-31T23:00:00Z
21,133,Zagreb,224369,206158,430527,7646,4944,12590,317,190,507,2287,2146,4433,5840,7519,13359,17,3,20,404,575,979,240880,221535,462415,2020-01-31T23:00:00Z
01,101,Dugo Selo,2819,1950,4769,226,89,315,27,23,50,22,25,47,264,242,506,0,0,0,7,17,24,3365,2346,5711,2020-02-29T23:00:00Z
01,114,Farkaševac,189,254,443,7,4,11,29,14,43,0,2,2,36,12,48,0,0,0,1,0,1,262,286,548,2020-02-29T23:00:00Z
01,135,Gradec,142,123,265,15,3,18,13,7,20,0,2,2,45,17,62,0,0,0,0,0,0,215,152,367,2020-02-29T23:00:00Z
01,158,Ivanić-Grad,3209,1604,4813,87,74,161,48,30,78,7,19,26,148,185,333,0,0,0,9,8,17,3508,1920,5428,2020-02-29T23:00:00Z
01,163,Jakovlje,198,176,374,41,9,50,9,12,21,4,2,6,37,43,80,0,0,0,1,0,1,290,242,532,2020-02-29T23:00:00Z
01,169,Jastrebarsko,2131,1585,3716,216,113,329,63,33,96,17,22,39,259,238,497,0,0,0,12,7,19,2698,1998,4696,2020-02-29T23:00:00Z
01,190,Klinča Selo,192,148,340,37,7,44,5,3,8,0,0,0,68,49,117,0,0,0,0,1,1,302,208,510,2020-02-29T23:00:00Z
01,193,Kloštar Ivanić,376,283,659,25,10,35,22,6,28,1,11,12,53,43,96,0,0,0,2,1,3,479,354,833,2020-02-29T23:00:00Z
01,213,Križ,540,385,925,28,23,51,24,14,38,3,6,9,29,57,86,0,0,0,3,1,4,627,486,1113,2020-02-29T23:00:00Z
01,33,Brckovljani,272,286,558,7,3,10,0,0,0,0,2,2,19,11,30,0,0,0,0,0,0,298,302,600,2020-02-29T23:00:00Z
01,331,Pisarovina,375,273,648,28,17,45,25,19,44,1,4,5,22,34,56,0,0,0,1,3,4,452,350,802,2020-02-29T23:00:00Z
01,34,Brdovec,787,669,1456,97,27,124,13,7,20,3,8,11,90,64,154,0,0,0,2,3,5,992,778,1770,2020-02-29T23:00:00Z
01,356,Preseka,21,10,31,5,2,7,15,12,27,0,1,1,19,6,25,0,0,0,1,1,2,61,32,93,2020-02-29T23:00:00Z
01,362,Pušča,173,193,366,29,14,43,9,2,11,1,3,4,56,29,85,0,0,0,0,0,0,268,241,509,2020-02-29T23:00:00Z
01,376,Rugvica,968,390,1358,9,4,13,4,3,7,1,2,3,22,30,52,0,0,0,1,0,1,1005,429,1434,2020-02-29T23:00:00Z
01,380,Samobor,5037,3653,8690,478,270,748,29,24,53,45,69,114,576,500,1076,0,0,0,32,28,60,6197,4544,10741,2020-02-29T23:00:00Z
01,429,Sveti Ivan Zelina,2094,1840,3934,168,68,236,88,67,155,13,19,32,245,211,456,0,0,0,10,5,15,2618,2210,4828,2020-02-29T23:00:00Z
01,436,Sveta Nedjelja,5027,2986,8013,220,81,301,9,6,15,11,11,22,340,178,518,0,0,0,7,6,13,5614,3268,8882,2020-02-29T23:00:00Z
01,508,Vrbovec,2291,1937,4228,155,66,221,72,34,106,7,21,28,277,154,431,0,0,0,10,14,24,2812,2226,5038,2020-02-29T23:00:00Z
01,533,Krašić,257,171,428,30,9,39,18,12,30,4,2,6,28,36,64,0,0,0,1,1,2,338,231,569,2020-02-29T23:00:00Z
01,536,Rakovec,27,15,42,10,2,12,14,12,26,0,1,1,16,10,26,0,0,0,0,0,0,67,40,107,2020-02-29T23:00:00Z
01,539,Marija Gorica,85,92,177,15,6,21,0,0,0,1,1,2,17,24,41,0,0,0,0,0,0,118,123,241,2020-02-29T23:00:00Z
01,540,Žumberak,16,19,35,5,2,7,10,6,16,0,0,0,8,8,16,0,0,0,0,0,0,39,35,74,2020-02-29T23:00:00Z
01,541,Velika Gorica,7553,5988,13541,597,325,922,75,34,109,53,78,131,577,545,1122,0,0,0,25,22,47,8880,6992,15872,2020-02-29T23:00:00Z
01,542,Orle,41,23,64,10,1,11,9,6,15,0,0,0,10,3,13,0,0,0,0,1,1,70,34,104,2020-02-29T23:00:00Z
01,543,Zaprešić,3259,2854,6113,203,138,341,15,10,25,37,46,83,247,241,488,0,0,0,17,14,31,3778,3303,7081,2020-02-29T23:00:00Z
01,544,Pokupsko,35,63,98,8,7,15,15,6,21,1,0,1,6,6,12,0,0,0,0,0,0,65,82,147,2020-02-29T23:00:00Z
01,545,Kravarsko,97,101,198,27,9,36,9,8,17,0,1,1,63,12,75,0,0,0,1,0,1,197,131,328,2020-02-29T23:00:00Z
01,547,Bistra,346,515,861,46,23,69,7,5,12,2,7,9,63,50,113,1,0,1,0,2,2,465,602,1067,2020-02-29T23:00:00Z
01,548,Luka,258,93,351,14,2,16,3,6,9,1,1,2,20,18,38,0,0,0,1,0,1,297,120,417,2020-02-29T23:00:00Z
01,549,Dubravica,68,43,111,15,0,15,15,8,23,0,0,0,17,13,30,0,0,0,0,0,0,115,64,179,2020-02-29T23:00:00Z
01,550,Bedenica,192,148,340,12,5,17,7,8,15,1,1,2,19,10,29,0,0,0,0,0,0,231,172,403,2020-02-29T23:00:00Z
01,551,Stupnik,1209,471,1680,22,13,35,0,5,5,2,2,4,20,18,38,0,0,0,0,1,1,1253,510,1763,2020-02-29T23:00:00Z
01,97,Dubrava,284,312,596,41,19,60,65,38,103,3,11,14,74,68,142,0,0,0,3,12,15,470,460,930,2020-02-29T23:00:00Z
02,108,Đurmanec,97,127,224,56,10,66,1,2,3,3,4,7,103,94,197,0,0,0,1,0,1,261,237,498,2020-02-29T23:00:00Z
02,11,Bedekovčina,504,743,1247,84,36,120,6,9,15,5,8,13,140,111,251,0,0,0,6,2,8,745,909,1654,2020-02-29T23:00:00Z
02,125,Gornja Stubica,191,276,467,47,13,60,7,3,10,1,1,2,64,46,110,0,0,0,1,2,3,311,341,652,2020-02-29T23:00:00Z
02,146,Hraščina,46,36,82,9,2,11,3,4,7,0,1,1,6,6,12,0,0,0,1,0,1,65,49,114,2020-02-29T23:00:00Z
02,152,Hum Na Sutli,1583,586,2169,52,31,83,4,0,4,1,8,9,174,72,246,0,0,0,0,1,1,1814,698,2512,2020-02-29T23:00:00Z
02,187,Klanjec,293,263,556,65,19,84,10,7,17,5,0,5,65,43,108,0,0,0,3,2,5,441,334,775,2020-02-29T23:00:00Z
02,200,Konjščina,381,354,735,32,12,44,1,0,1,2,3,5,27,32,59,0,0,0,2,1,3,445,402,847,2020-02-29T23:00:00Z
02,208,Kraljevec Na Sutli,60,44,104,16,6,22,4,3,7,0,0,0,19,5,24,0,0,0,0,2,2,99,60,159,2020-02-29T23:00:00Z
02,211,Krapina,2727,2724,5451,160,75,235,7,4,11,20,21,41,190,197,387,0,0,0,4,3,7,3108,3024,6132,2020-02-29T23:00:00Z
02,212,Krapinske Toplice,585,1174,1759,63,33,96,5,7,12,0,5,5,113,75,188,0,0,0,1,1,2,767,1295,2062,2020-02-29T23:00:00Z
02,236,Lobor,167,243,410,17,10,27,6,5,11,0,0,0,28,14,42,0,0,0,1,0,1,219,272,491,2020-02-29T23:00:00Z
02,248,Mače,116,53,169,25,6,31,3,3,6,1,0,1,49,28,77,0,0,0,0,0,0,194,90,284,2020-02-29T23:00:00Z
02,256,Marija Bistrica,325,311,636,60,38,98,15,5,20,1,4,5,74,82,156,0,0,0,5,4,9,480,444,924,2020-02-29T23:00:00Z
02,265,Mihovljan,105,90,195,30,3,33,6,0,6,0,0,0,64,14,78,0,0,0,1,3,4,206,110,316,2020-02-29T23:00:00Z
02,311,Oroslavje,894,804,1698,80,32,112,8,2,10,5,6,11,93,69,162,0,0,0,3,4,7,1083,917,2000,2020-02-29T23:00:00Z
02,329,Petrovsko,70,53,123,17,2,19,1,1,2,4,0,4,53,9,62,0,0,0,1,0,1,146,65,211,2020-02-29T23:00:00Z
02,352,Pregrada,772,935,1707,106,30,136,6,3,9,6,6,12,146,101,247,0,0,0,0,2,2,1036,1077,2113,2020-02-29T23:00:00Z
02,364,Radoboj,124,98,222,18,9,27,1,1,2,1,2,3,45,21,66,0,0,0,0,0,0,189,131,320,2020-02-29T23:00:00Z
02,41,Budinščina,153,177,330,15,6,21,6,2,8,1,5,6,20,9,29,0,0,0,1,1,2,196,200,396,2020-02-29T23:00:00Z
02,422,Stubičke Toplice,193,411,604,33,13,46,0,1,1,5,5,10,73,25,98,0,0,0,1,1,2,305,456,761,2020-02-29T23:00:00Z
02,430,Sveti Križ Začretje,607,712,1319,72,20,92,8,4,12,2,3,5,132,86,218,0,0,0,5,1,6,826,826,1652,2020-02-29T23:00:00Z
02,466,Tuhelj,120,231,351,18,11,29,5,1,6,1,3,4,28,34,62,0,0,0,0,0,0,172,280,452,2020-02-29T23:00:00Z
02,481,Veliko Trgovišće,468,292,760,47,14,61,4,3,7,3,5,8,99,55,154,0,0,0,3,1,4,624,370,994,2020-02-29T23:00:00Z
02,519,Zabok,2741,2603,5344,137,82,219,5,3,8,11,21,32,211,317,528,0,0,0,2,2,4,3107,3028,6135,2020-02-29T23:00:00Z
02,521,Zagorska Sela,12,54,66,10,2,12,6,1,7,0,1,1,14,5,19,0,0,0,0,0,0,42,63,105,2020-02-29T23:00:00Z
02,526,Zlatar,512,619,1131,84,43,127,19,15,34,9,12,21,105,72,177,0,0,0,4,5,9,733,766,1499,2020-02-29T23:00:00Z
02,527,Zlatar Bistrica,377,611,988,30,8,38,4,2,6,4,2,6,70,34,104,0,0,0,3,4,7,488,661,1149,2020-02-29T23:00:00Z
02,552,Jesenje,47,60,107,9,1,10,0,1,1,1,0,1,44,9,53,0,0,0,0,1,1,101,72,173,2020-02-29T23:00:00Z
02,553,Kumrovec,85,98,183,18,4,22,2,0,2,2,1,3,22,17,39,0,0,0,0,0,0,129,120,249,2020-02-29T23:00:00Z
02,554,Novi Golubovec,134,49,183,4,2,6,1,0,1,0,1,1,7,2,9,0,0,0,0,0,0,146,54,200,2020-02-29T23:00:00Z
02,70,Desinić,133,274,407,29,7,36,10,3,13,2,1,3,28,28,56,0,0,0,0,1,1,202,314,516,2020-02-29T23:00:00Z
02,79,Donja Stubica,725,777,1502,94,48,142,5,3,8,6,3,9,104,54,158,0,0,0,4,2,6,938,887,1825,2020-02-29T23:00:00Z
03,102,Dvor,272,132,404,13,4,17,60,17,77,0,5,5,8,7,15,0,0,0,3,1,4,356,166,522,2020-02-29T23:00:00Z
03,121,Glina,1098,653,1751,36,23,59,56,20,76,4,10,14,77,77,154,0,0,0,1,0,1,1272,783,2055,2020-02-29T23:00:00Z
03,149,Hrvatska Dubica,64,80,144,6,2,8,11,3,14,0,0,0,3,2,5,0,0,0,0,0,0,84,87,171,2020-02-29T23:00:00Z
03,150,Hrvatska Kostajnica,304,285,589,14,8,22,11,1,12,1,3,4,5,15,20,0,0,0,2,0,2,337,312,649,2020-02-29T23:00:00Z
03,168,Jasenovac,119,117,236,10,3,13,12,7,19,0,0,0,11,7,18,0,0,0,0,0,0,152,134,286,2020-02-29T23:00:00Z
03,220,Kutina,3356,2942,6298,151,96,247,44,22,66,31,25,56,189,248,437,1,0,1,22,9,31,3794,3342,7136,2020-02-29T23:00:00Z
03,228,Lekenik,278,247,525,36,10,46,8,11,19,1,3,4,35,23,58,0,0,0,1,2,3,359,296,655,2020-02-29T23:00:00Z
03,232,Lipovljani,298,297,595,25,12,37,10,4,14,2,0,2,30,35,65,0,0,0,2,1,3,367,349,716,2020-02-29T23:00:00Z
03,259,Martinska Ves,142,70,212,8,1,9,28,18,46,1,0,1,36,11,47,0,0,0,1,1,2,216,101,317,2020-02-29T23:00:00Z
03,293,Novska,1316,951,2267,155,87,242,29,14,43,6,19,25,227,235,462,0,0,0,3,3,6,1736,1309,3045,2020-02-29T23:00:00Z
03,328,Petrinja,1425,1623,3048,180,74,254,62,22,84,6,26,32,262,259,521,0,0,0,9,7,16,1944,2011,3955,2020-02-29T23:00:00Z
03,347,Popovača,914,960,1874,80,42,122,45,17,62,9,11,20,90,122,212,0,0,0,8,3,11,1146,1155,2301,2020-02-29T23:00:00Z
03,391,Sisak,6814,7952,14766,333,209,542,99,71,170,47,82,129,567,570,1137,0,0,0,20,17,37,7880,8901,16781,2020-02-29T23:00:00Z
03,426,Sunja,173,146,319,23,6,29,40,33,73,0,3,3,21,22,43,0,0,0,2,0,2,259,210,469,2020-02-29T23:00:00Z
03,457,Topusko,249,321,570,17,7,24,4,2,6,4,0,4,33,30,63,0,0,0,0,0,0,307,360,667,2020-02-29T23:00:00Z
03,477,Velika Ludina,103,130,233,12,8,20,11,4,15,0,0,0,25,17,42,0,0,0,0,0,0,151,159,310,2020-02-29T23:00:00Z
03,510,Gvozd,95,102,197,5,4,9,21,3,24,0,0,0,11,8,19,0,0,0,2,0,2,134,117,251,2020-02-29T23:00:00Z
03,555,Majur,99,54,153,2,1,3,5,1,6,0,0,0,3,0,3,0,0,0,0,0,0,109,56,165,2020-02-29T23:00:00Z
03,83,Donji Kukuruzari,47,71,118,4,0,4,5,3,8,0,0,0,1,3,4,0,0,0,1,0,1,58,77,135,2020-02-29T23:00:00Z
04,120,Generalski Stol,30,64,94,21,5,26,1,0,1,0,1,1,18,12,30,0,0,0,0,0,0,70,82,152,2020-02-29T23:00:00Z
04,172,Josipdol,220,179,399,27,17,44,3,9,12,2,1,3,45,52,97,0,0,0,0,1,1,297,259,556,2020-02-29T23:00:00Z
04,179,Karlovac,10097,8538,18635,389,269,658,76,57,133,76,101,177,599,782,1381,0,0,0,19,21,40,11256,9768,21024,2020-02-29T23:00:00Z
04,216,Krnjak,51,64,115,3,2,5,8,4,12,0,0,0,8,3,11,0,0,0,0,0,0,70,73,143,2020-02-29T23:00:00Z
04,225,Lasinja,19,44,63,5,2,7,1,5,6,2,0,2,7,7,14,0,0,0,0,0,0,34,58,92,2020-02-29T23:00:00Z
04,281,Netretić,63,83,146,13,4,17,4,1,5,1,2,3,45,32,77,0,0,0,0,0,0,126,122,248,2020-02-29T23:00:00Z
04,297,Ogulin,1762,1664,3426,135,83,218,26,15,41,9,31,40,147,168,315,0,0,0,6,8,14,2085,1969,4054,2020-02-29T23:00:00Z
04,30,Bosiljevo,100,91,191,5,0,5,0,0,0,1,0,1,25,23,48,0,0,0,0,0,0,131,114,245,2020-02-29T23:00:00Z
04,315,Ozalj,782,586,1368,87,29,116,18,16,34,7,12,19,124,117,241,0,0,0,2,4,6,1020,764,1784,2020-02-29T23:00:00Z
04,333,Plaški,82,92,174,9,4,13,11,2,13,1,0,1,25,23,48,0,0,0,0,0,0,128,121,249,2020-02-29T23:00:00Z
04,365,Rakovica,130,110,240,5,12,17,3,4,7,0,2,2,59,43,102,0,0,0,1,0,1,198,171,369,2020-02-29T23:00:00Z
04,378,Saborsko,12,11,23,2,1,3,1,1,2,0,0,0,7,1,8,0,0,0,0,0,0,22,14,36,2020-02-29T23:00:00Z
04,400,Slunj,342,396,738,40,17,57,23,14,37,2,10,12,121,92,213,0,0,0,2,12,14,530,541,1071,2020-02-29T23:00:00Z
04,49,Cetingrad,56,58,114,6,1,7,3,4,7,1,0,1,11,11,22,0,0,0,0,0,0,77,74,151,2020-02-29T23:00:00Z
04,503,Vojnić,358,231,589,18,10,28,41,11,52,2,0,2,25,28,53,0,0,0,2,3,5,446,283,729,2020-02-29T23:00:00Z
04,530,Žakanje,119,93,212,26,10,36,8,1,9,1,0,1,26,38,64,0,0,0,0,1,1,180,143,323,2020-02-29T23:00:00Z
04,556,Ribnik,4,3,7,10,2,12,1,3,4,0,0,0,7,13,20,0,0,0,0,0,0,22,21,43,2020-02-29T23:00:00Z
04,557,Tounj,95,23,118,4,0,4,0,0,0,0,0,0,3,7,10,0,0,0,0,0,0,102,30,132,2020-02-29T23:00:00Z
04,623,Kamanje,155,93,248,3,4,7,1,0,1,0,0,0,2,14,16,0,0,0,0,0,0,161,111,272,2020-02-29T23:00:00Z
04,7,Barilovići,271,142,413,19,7,26,6,1,7,0,1,1,115,33,148,0,0,0,0,0,0,411,184,595,2020-02-29T23:00:00Z
04,90,Draganić,115,98,213,13,4,17,7,3,10,1,2,3,25,27,52,0,0,0,0,0,0,161,134,295,2020-02-29T23:00:00Z
04,99,Duga Resa,1030,980,2010,135,60,195,20,12,32,5,13,18,205,196,401,0,0,0,6,4,10,1401,1265,2666,2020-02-29T23:00:00Z
05,12,Bednja,203,139,342,22,10,32,3,8,11,2,1,3,20,24,44,0,0,0,0,1,1,250,183,433,2020-02-29T23:00:00Z
05,129,Gornji Kneginec,431,1272,1703,50,20,70,11,4,15,0,8,8,96,58,154,0,0,0,6,5,11,594,1367,1961,2020-02-29T23:00:00Z
05,151,Breznički Hum,199,144,343,13,5,18,8,11,19,0,2,2,21,13,34,0,0,0,2,5,7,243,180,423,2020-02-29T23:00:00Z
05,156,Ivanec,1864,1709,3573,152,60,212,14,13,27,13,19,32,290,267,557,0,0,0,7,11,18,2340,2079,4419,2020-02-29T23:00:00Z
05,165,Jalžabet,698,949,1647,21,3,24,12,7,19,0,3,3,34,18,52,0,0,0,0,1,1,765,981,1746,2020-02-29T23:00:00Z
05,189,Klenovnik,86,52,138,8,5,13,1,1,2,1,1,2,22,27,49,0,0,0,2,0,2,120,86,206,2020-02-29T23:00:00Z
05,19,Beretinec,69,34,103,18,2,20,3,3,6,0,1,1,17,20,37,0,0,0,1,0,1,108,60,168,2020-02-29T23:00:00Z
05,229,Lepoglava,1185,564,1749,45,26,71,8,7,15,1,5,6,104,89,193,0,0,0,1,6,7,1344,697,2041,2020-02-29T23:00:00Z
05,244,Ludbreg,1817,1445,3262,99,59,158,43,36,79,8,15,23,248,171,419,0,0,0,5,6,11,2220,1732,3952,2020-02-29T23:00:00Z
05,247,Ljubešćica,313,130,443,31,7,38,2,0,2,1,5,6,103,26,129,0,0,0,0,0,0,450,168,618,2020-02-29T23:00:00Z
05,251,Mali Bukovec,43,85,128,13,6,19,28,16,44,0,3,3,100,35,135,0,0,0,1,1,2,185,146,331,2020-02-29T23:00:00Z
05,260,Maruševec,348,275,623,46,22,68,23,25,48,3,4,7,104,40,144,0,0,0,4,1,5,528,367,895,2020-02-29T23:00:00Z
05,289,Novi Marof,1211,1183,2394,153,65,218,16,11,27,8,15,23,250,170,420,0,0,0,7,2,9,1645,1446,3091,2020-02-29T23:00:00Z
05,326,Petrijanec,386,624,1010,28,8,36,23,12,35,1,4,5,78,82,160,0,0,0,0,1,1,516,731,1247,2020-02-29T23:00:00Z
05,36,Breznica,149,56,205,15,3,18,6,6,12,1,6,7,24,13,37,0,0,0,0,0,0,195,84,279,2020-02-29T23:00:00Z
05,410,Sračinec,218,240,458,42,10,52,3,2,5,1,6,7,84,54,138,0,0,0,0,2,2,348,314,662,2020-02-29T23:00:00Z
05,437,Sveti Đurđ,88,87,175,27,4,31,27,10,37,3,2,5,34,25,59,0,0,0,1,0,1,180,128,308,2020-02-29T23:00:00Z
05,438,Sveti Ilija,133,162,295,13,8,21,2,1,3,1,4,5,44,26,70,0,0,0,0,0,0,193,201,394,2020-02-29T23:00:00Z
05,462,Trnovec Bartolovečki,1268,1579,2847,62,15,77,17,7,24,2,6,8,211,75,286,0,0,0,2,1,3,1562,1683,3245,2020-02-29T23:00:00Z
05,472,Varaždin,15927,15138,31065,478,296,774,41,21,62,82,132,214,556,634,1190,1,0,1,32,17,49,17117,16238,33355,2020-02-29T23:00:00Z
05,473,Varaždinske Toplice,605,447,1052,46,17,63,8,7,15,2,10,12,206,49,255,0,0,0,2,6,8,869,536,1405,2020-02-29T23:00:00Z
05,48,Cestica,413,328,741,43,21,64,16,18,34,2,5,7,88,73,161,0,0,0,0,3,3,562,448,1010,2020-02-29T23:00:00Z
05,484,Vidovec,213,221,434,51,13,64,70,36,106,1,5,6,110,87,197,0,0,0,0,1,1,445,363,808,2020-02-29T23:00:00Z
05,486,Vinica,252,204,456,22,10,32,6,5,11,1,5,6,29,22,51,0,0,0,0,1,1,310,247,557,2020-02-29T23:00:00Z
05,493,Visoko,99,48,147,16,0,16,5,4,9,0,0,0,22,22,44,0,0,0,1,0,1,143,74,217,2020-02-29T23:00:00Z
05,558,Veliki Bukovec,357,293,650,6,2,8,31,15,46,0,0,0,37,28,65,0,0,0,0,0,0,431,338,769,2020-02-29T23:00:00Z
05,80,Donja Voća,94,60,154,8,1,9,8,9,17,0,1,1,30,20,50,0,0,0,0,0,0,140,91,231,2020-02-29T23:00:00Z
05,85,Donji Martijanec,333,183,516,26,8,34,27,5,32,2,1,3,60,32,92,0,0,0,0,0,0,448,229,677,2020-02-29T23:00:00Z
06,104,Đelekovec,21,35,56,17,7,24,49,12,61,0,3,3,16,8,24,0,0,0,5,1,6,108,66,174,2020-02-29T23:00:00Z
06,107,Đurđevac,1303,1158,2461,67,40,107,82,60,142,11,11,22,80,67,147,0,0,0,15,11,26,1558,1347,2905,2020-02-29T23:00:00Z
06,115,Ferdinandovac,31,88,119,9,1,10,49,35,84,1,1,2,18,4,22,0,0,0,0,0,0,108,129,237,2020-02-29T23:00:00Z
06,122,Gola,151,132,283,9,2,11,92,44,136,0,6,6,10,23,33,0,0,0,1,1,2,263,208,471,2020-02-29T23:00:00Z
06,145,Hlebine,9,23,32,2,0,2,11,5,16,1,1,2,2,9,11,0,0,0,1,0,1,26,38,64,2020-02-29T23:00:00Z
06,194,Kloštar Podravski,170,158,328,21,9,30,45,40,85,0,1,1,32,44,76,0,0,0,1,1,2,269,253,522,2020-02-29T23:00:00Z
06,201,Koprivnica,7096,7460,14556,303,164,467,62,29,91,64,89,153,388,403,791,0,1,1,19,24,43,7932,8170,16102,2020-02-29T23:00:00Z
06,202,Koprivnički Bregi,56,75,131,10,3,13,21,7,28,0,1,1,26,10,36,0,0,0,1,0,1,114,96,210,2020-02-29T23:00:00Z
06,203,Koprivnički Ivanec,62,51,113,22,2,24,21,6,27,0,0,0,26,8,34,0,0,0,1,1,2,132,68,200,2020-02-29T23:00:00Z
06,214,Križevci,3237,3405,6642,144,91,235,255,205,460,13,31,44,219,211,430,0,0,0,7,11,18,3875,3954,7829,2020-02-29T23:00:00Z
06,227,Legrad,52,67,119,12,4,16,21,9,30,0,3,3,23,21,44,0,0,0,0,0,0,108,104,212,2020-02-29T23:00:00Z
06,270,Molve,246,118,364,7,8,15,63,33,96,1,3,4,51,23,74,0,0,0,2,2,4,370,187,557,2020-02-29T23:00:00Z
06,292,Novigrad Podravski,90,111,201,8,2,10,22,12,34,0,2,2,10,15,25,0,0,0,1,0,1,131,142,273,2020-02-29T23:00:00Z
06,324,Peteranec,83,33,116,12,3,15,20,9,29,0,1,1,31,9,40,0,0,0,1,2,3,147,57,204,2020-02-29T23:00:00Z
06,366,Rasinja,46,72,118,18,4,22,61,25,86,1,1,2,23,21,44,0,0,0,3,1,4,152,124,276,2020-02-29T23:00:00Z
06,405,Sokolovac,174,85,259,14,2,16,48,21,69,4,3,7,24,11,35,0,0,0,0,2,2,264,124,388,2020-02-29T23:00:00Z
06,439,Sveti Ivan Žabno,236,194,430,32,18,50,100,69,169,2,2,4,51,48,99,0,0,0,0,1,1,421,332,753,2020-02-29T23:00:00Z
06,442,Sveti Petar Orehovec,119,95,214,29,5,34,163,153,316,0,1,1,28,18,46,0,0,0,1,0,1,340,272,612,2020-02-29T23:00:00Z
06,490,Virje,284,197,481,27,9,36,42,23,65,3,2,5,29,42,71,0,0,0,1,1,2,386,274,660,2020-02-29T23:00:00Z
06,559,Kalinovac,399,89,488,4,2,6,10,2,12,0,0,0,9,8,17,0,0,0,0,0,0,422,101,523,2020-02-29T23:00:00Z
06,560,Kalnik,44,48,92,3,4,7,19,27,46,0,1,1,6,3,9,0,0,0,0,0,0,72,83,155,2020-02-29T23:00:00Z
06,561,Novo Virje,40,33,73,2,0,2,41,28,69,0,0,0,14,5,19,0,0,0,0,0,0,97,66,163,2020-02-29T23:00:00Z
06,616,Podravske Sesvete,92,85,177,1,5,6,23,14,37,2,2,4,5,7,12,0,0,0,0,2,2,123,115,238,2020-02-29T23:00:00Z
06,618,Gornja Reka,76,75,151,4,3,7,9,8,17,0,0,0,7,4,11,0,0,0,0,0,0,96,90,186,2020-02-29T23:00:00Z
06,96,Drnje,90,121,211,8,1,9,17,8,25,0,2,2,8,10,18,0,0,0,0,0,0,123,142,265,2020-02-29T23:00:00Z
07,105,Đulovac,228,77,305,9,7,16,32,13,45,1,5,6,90,23,113,0,0,0,0,0,0,360,125,485,2020-02-29T23:00:00Z
07,119,Garešnica,1023,1041,2064,49,30,79,65,38,103,15,26,41,90,124,214,0,0,0,4,6,10,1246,1265,2511,2020-02-29T23:00:00Z
07,139,Grubišno Polje,556,487,1043,32,22,54,108,46,154,4,11,15,65,61,126,0,0,0,1,4,5,766,631,1397,2020-02-29T23:00:00Z
07,144,Hercegovac,124,161,285,15,3,18,48,16,64,3,3,6,39,34,73,0,0,0,1,1,2,230,218,448,2020-02-29T23:00:00Z
07,161,Ivanska,114,100,214,4,3,7,43,15,58,2,2,4,80,19,99,0,0,0,3,1,4,246,140,386,2020-02-29T23:00:00Z
07,176,Kapela,82,84,166,4,2,6,50,29,79,0,1,1,17,7,24,0,0,0,2,1,3,155,124,279,2020-02-29T23:00:00Z
07,18,Berek,56,67,123,4,1,5,25,20,45,0,0,0,9,6,15,0,0,0,0,1,1,94,95,189,2020-02-29T23:00:00Z
07,199,Končanica,113,66,179,9,3,12,33,18,51,0,2,2,19,10,29,0,0,0,1,3,4,175,102,277,2020-02-29T23:00:00Z
07,24,Bjelovar,7025,6772,13797,293,163,456,208,113,321,57,85,142,417,482,899,2,0,2,21,15,36,8023,7630,15653,2020-02-29T23:00:00Z
07,287,Nova Rača,102,111,213,8,1,9,86,34,120,0,2,2,33,13,46,0,0,0,0,0,0,229,161,390,2020-02-29T23:00:00Z
07,375,Rovišće,173,186,359,26,10,36,58,34,92,1,3,4,20,34,54,0,0,0,1,2,3,279,269,548,2020-02-29T23:00:00Z
07,390,Sirač,246,162,408,13,2,15,8,4,12,2,1,3,19,10,29,0,0,0,1,2,3,289,181,470,2020-02-29T23:00:00Z
07,450,Štefanje,46,62,108,8,2,10,35,14,49,1,2,3,35,17,52,0,0,0,0,0,0,125,97,222,2020-02-29T23:00:00Z
07,478,Velika Pisanica,69,67,136,3,2,5,35,16,51,1,0,1,8,7,15,0,0,0,0,0,0,116,92,208,2020-02-29T23:00:00Z
07,480,Veliki Grđevac,142,116,258,9,4,13,77,30,107,2,2,4,67,24,91,0,0,0,1,0,1,298,176,474,2020-02-29T23:00:00Z
07,483,Veliko Trojstvo,47,92,139,13,4,17,11,13,24,1,0,1,43,17,60,0,0,0,1,0,1,116,126,242,2020-02-29T23:00:00Z
07,562,Severin,111,35,146,2,0,2,17,14,31,0,0,0,12,30,42,0,0,0,1,0,1,143,79,222,2020-02-29T23:00:00Z
07,564,Šandrovac,21,54,75,4,0,4,10,6,16,0,0,0,12,4,16,0,0,0,0,0,0,47,64,111,2020-02-29T23:00:00Z
07,565,Velika Trnovitica,57,70,127,7,1,8,33,21,54,1,0,1,22,6,28,0,0,0,0,1,1,120,99,219,2020-02-29T23:00:00Z
07,566,Zrinski Topolovac,8,34,42,2,1,3,34,21,55,0,0,0,6,0,6,0,0,0,0,0,0,50,56,106,2020-02-29T23:00:00Z
07,63,Čazma,1208,848,2056,51,17,68,63,47,110,8,7,15,90,75,165,0,0,0,4,3,7,1424,997,2421,2020-02-29T23:00:00Z
07,67,Daruvar,1358,1612,2970,84,50,134,46,19,65,17,23,40,144,174,318,0,0,0,3,9,12,1652,1887,3539,2020-02-29T23:00:00Z
07,71,Dežanovac,105,77,182,9,2,11,76,41,117,1,1,2,33,14,47,0,0,0,1,1,2,225,136,361,2020-02-29T23:00:00Z
08,117,Fužine,264,184,448,18,8,26,1,2,3,4,1,5,11,13,24,0,0,0,2,0,2,300,208,508,2020-02-29T23:00:00Z
08,170,Jelenje,291,250,541,95,39,134,5,2,7,38,8,46,57,43,100,0,0,0,2,3,5,488,345,833,2020-02-29T23:00:00Z
08,180,Kastav,1075,806,1881,121,51,172,4,1,5,60,10,70,107,78,185,2,0,2,5,10,15,1374,956,2330,2020-02-29T23:00:00Z
08,186,Klana,390,218,608,22,7,29,1,1,2,5,2,7,12,10,22,0,0,0,1,1,2,431,239,670,2020-02-29T23:00:00Z
08,209,Kraljevica,338,253,591,36,26,62,2,1,3,43,8,51,20,29,49,1,0,1,1,8,9,441,325,766,2020-02-29T23:00:00Z
08,215,Krk,1765,1113,2878,215,74,289,15,7,22,29,14,43,237,167,404,0,0,0,8,7,15,2269,1382,3651,2020-02-29T23:00:00Z
08,237,Lokve,113,99,212,10,4,14,1,0,1,0,2,2,12,10,22,0,0,0,0,0,0,136,115,251,2020-02-29T23:00:00Z
08,242,Lovran,399,595,994,83,25,108,2,3,5,13,10,23,37,54,91,0,0,0,3,8,11,537,695,1232,2020-02-29T23:00:00Z
08,252,Mali Lošinj,1376,1350,2726,223,65,288,25,10,35,40,15,55,155,134,289,0,0,0,12,7,19,1831,1581,3412,2020-02-29T23:00:00Z
08,253,Malinska-Dubašnica,490,771,1261,121,52,173,9,7,16,9,4,13,134,112,246,0,0,0,8,4,12,771,950,1721,2020-02-29T23:00:00Z
08,261,Matulji,1424,989,2413,198,103,301,13,7,20,40,15,55,171,178,349,0,0,0,6,10,16,1852,1302,3154,2020-02-29T23:00:00Z
08,273,Mošćenička Draga,79,55,134,47,12,59,0,1,1,9,2,11,36,21,57,0,0,0,4,2,6,175,93,268,2020-02-29T23:00:00Z
08,275,Mrkopalj,59,43,102,17,2,19,2,0,2,1,0,1,5,8,13,0,0,0,1,0,1,85,53,138,2020-02-29T23:00:00Z
08,290,Novi Vinodolski,481,398,879,101,43,144,4,3,7,16,9,25,85,64,149,0,0,0,2,4,6,689,521,1210,2020-02-29T23:00:00Z
08,301,Omišalj,624,373,997,73,18,91,2,0,2,21,6,27,73,31,104,0,0,0,2,3,5,795,431,1226,2020-02-29T23:00:00Z
08,302,Opatija,2046,2605,4651,167,102,269,8,3,11,61,30,91,76,136,212,0,1,1,11,16,27,2369,2893,5262,2020-02-29T23:00:00Z
08,360,Punat,291,156,447,56,25,81,4,0,4,7,1,8,66,38,104,0,0,0,3,1,4,427,221,648,2020-02-29T23:00:00Z
08,363,Rab,941,1038,1979,283,75,358,15,4,19,17,14,31,203,142,345,0,0,0,8,10,18,1467,1283,2750,2020-02-29T23:00:00Z
08,369,Ravna Gora,262,293,555,33,7,40,1,0,1,4,1,5,31,20,51,0,0,0,1,2,3,332,323,655,2020-02-29T23:00:00Z
08,373,Rijeka,27281,28003,55284,1097,902,1999,21,14,35,1137,380,1517,888,1267,2155,22,0,22,113,138,251,30559,30704,61263,2020-02-29T23:00:00Z
08,38,Brod Moravice,38,45,83,10,0,10,0,0,0,0,1,1,20,7,27,0,0,0,2,0,2,70,53,123,2020-02-29T23:00:00Z
08,393,Skrad,43,44,87,3,2,5,1,1,2,1,1,2,3,7,10,0,0,0,0,0,0,51,55,106,2020-02-29T23:00:00Z
08,4,Bakar,1880,916,2796,57,36,93,2,0,2,82,11,93,57,59,116,0,0,0,5,8,13,2083,1030,3113,2020-02-29T23:00:00Z
08,488,Vinodolska Općina,180,146,326,57,19,76,2,0,2,10,1,11,41,14,55,1,0,1,2,2,4,293,182,475,2020-02-29T23:00:00Z
08,495,Viškovo,1610,1022,2632,189,90,279,3,2,5,70,16,86,159,119,278,0,0,0,8,9,17,2039,1258,3297,2020-02-29T23:00:00Z
08,507,Vrbnik,120,76,196,28,10,38,9,6,15,2,0,2,27,21,48,0,0,0,1,2,3,187,115,302,2020-02-29T23:00:00Z
08,509,Vrbovsko,479,338,817,57,21,78,3,3,6,0,6,6,76,37,113,0,0,0,3,0,3,618,405,1023,2020-02-29T23:00:00Z
08,52,Cres,500,387,887,78,24,102,13,3,16,12,4,16,44,56,100,0,0,0,6,2,8,653,476,1129,2020-02-29T23:00:00Z
08,53,Crikvenica,1145,1525,2670,203,108,311,4,1,5,44,24,68,179,138,317,0,0,0,7,19,26,1582,1815,3397,2020-02-29T23:00:00Z
08,538,Kostrena,404,257,661,26,20,46,2,0,2,65,6,71,17,29,46,2,0,2,2,5,7,518,317,835,2020-02-29T23:00:00Z
08,55,Čabar,373,300,673,50,16,66,1,1,2,6,0,6,140,43,183,0,0,0,1,5,6,571,365,936,2020-02-29T23:00:00Z
08,61,Čavle,640,482,1122,83,44,127,3,2,5,34,9,43,110,88,198,0,0,0,1,5,6,871,630,1501,2020-02-29T23:00:00Z
08,624,Lopar,62,40,102,18,3,21,0,0,0,1,0,1,9,14,23,0,0,0,2,0,2,92,57,149,2020-02-29T23:00:00Z
08,69,Delnice,1137,727,1864,79,43,122,2,2,4,11,17,28,74,100,174,0,0,0,4,7,11,1307,896,2203,2020-02-29T23:00:00Z
08,74,Dobrinj,126,63,189,45,20,65,0,2,2,8,3,11,76,37,113,0,0,0,3,2,5,258,127,385,2020-02-29T23:00:00Z
08,8,Baška,164,176,340,37,21,58,6,2,8,1,4,5,25,31,56,0,0,0,5,2,7,238,236,474,2020-02-29T23:00:00Z
09,130,Gospić,2239,2227,4466,96,54,150,61,30,91,11,12,23,130,147,277,0,0,0,7,9,16,2544,2479,5023,2020-02-29T23:00:00Z
09,178,Karlobag,85,67,152,8,4,12,5,1,6,2,0,2,9,3,12,0,0,0,0,0,0,109,75,184,2020-02-29T23:00:00Z
09,240,Lovinac,168,59,227,2,0,2,2,1,3,0,0,0,3,3,6,0,0,0,0,0,0,175,63,238,2020-02-29T23:00:00Z
09,288,Novalja,637,519,1156,124,29,153,23,7,30,5,3,8,165,61,226,0,0,0,4,11,15,958,630,1588,2020-02-29T23:00:00Z
09,313,Otočac,843,875,1718,89,36,125,44,24,68,8,9,17,104,115,219,0,0,0,5,5,10,1093,1064,2157,2020-02-29T23:00:00Z
09,323,Perušić,400,236,636,22,7,29,26,19,45,0,2,2,19,28,47,0,0,0,0,1,1,467,293,760,2020-02-29T23:00:00Z
09,37,Brinje,323,183,506,23,6,29,8,5,13,1,1,2,16,19,35,0,0,0,4,0,4,375,214,589,2020-02-29T23:00:00Z
09,387,Senj,704,607,1311,101,42,143,6,6,12,21,10,31,92,86,178,0,0,0,7,8,15,931,759,1690,2020-02-29T23:00:00Z
09,455,Plitvička Jezera,730,726,1456,44,24,68,59,13,72,1,6,7,157,72,229,0,0,0,2,0,2,993,841,1834,2020-02-29T23:00:00Z
09,467,Udbina,149,86,235,9,6,15,31,8,39,0,0,0,13,15,28,0,0,0,3,1,4,205,116,321,2020-02-29T23:00:00Z
09,512,Vrhovine,102,34,136,3,2,5,8,1,9,0,0,0,2,2,4,0,0,0,2,0,2,117,39,156,2020-02-29T23:00:00Z
09,84,Donji Lapac,108,92,200,6,3,9,23,7,30,0,0,0,10,5,15,0,0,0,1,0,1,148,107,255,2020-02-29T23:00:00Z
10,136,Gradina,69,79,148,11,6,17,130,44,174,2,0,2,33,29,62,0,0,0,0,0,0,245,158,403,2020-02-29T23:00:00Z
10,245,Lukač,163,90,253,12,5,17,43,16,59,1,0,1,81,49,130,0,0,0,0,1,1,300,161,461,2020-02-29T23:00:00Z
10,266,Mikleuš,64,50,114,8,1,9,13,6,19,0,0,0,10,9,19,0,0,0,0,0,0,95,66,161,2020-02-29T23:00:00Z
10,283,Nova Bukovica,29,42,71,8,5,13,35,5,40,1,0,1,28,19,47,0,0,0,1,0,1,102,71,173,2020-02-29T23:00:00Z
10,307,Orahovica,966,691,1657,61,37,98,13,2,15,9,12,21,93,93,186,0,0,0,3,4,7,1145,839,1984,2020-02-29T23:00:00Z
10,332,Pitomača,597,583,1180,71,37,108,162,88,250,0,9,9,195,158,353,0,0,0,2,5,7,1027,880,1907,2020-02-29T23:00:00Z
10,395,Slatina,1389,1347,2736,139,63,202,131,48,179,17,23,40,215,255,470,0,0,0,2,12,14,1893,1748,3641,2020-02-29T23:00:00Z
10,407,Sopje,122,41,163,4,2,6,90,26,116,0,0,0,15,21,36,0,0,0,0,0,0,231,90,321,2020-02-29T23:00:00Z
10,424,Suhopolje,202,240,442,23,14,37,98,48,146,0,1,1,55,48,103,0,0,0,2,0,2,380,351,731,2020-02-29T23:00:00Z
10,449,Špišić Bukovica,112,117,229,21,5,26,169,65,234,0,4,4,31,44,75,0,0,0,2,2,4,335,237,572,2020-02-29T23:00:00Z
10,491,Virovitica,3980,3815,7795,171,82,253,82,30,112,37,23,60,413,383,796,0,0,0,11,12,23,4694,4345,9039,2020-02-29T23:00:00Z
10,499,Voćin,133,78,211,7,5,12,28,35,63,0,2,2,14,5,19,0,0,0,0,0,0,182,125,307,2020-02-29T23:00:00Z
10,524,Zdenci,107,84,191,4,3,7,16,9,25,0,4,4,13,9,22,0,0,0,3,1,4,143,110,253,2020-02-29T23:00:00Z
10,54,Crnac,23,34,57,13,4,17,18,8,26,0,2,2,14,13,27,0,0,0,0,0,0,68,61,129,2020-02-29T23:00:00Z
10,56,Čačinci,166,105,271,16,11,27,20,7,27,0,4,4,21,28,49,0,0,0,2,0,2,225,155,380,2020-02-29T23:00:00Z
10,57,Čađavica,81,73,154,12,8,20,66,21,87,0,0,0,46,26,72,0,0,0,0,0,0,205,128,333,2020-02-29T23:00:00Z
11,164,Jakšić,127,113,240,24,3,27,26,7,33,0,2,2,45,17,62,0,0,0,0,0,0,222,142,364,2020-02-29T23:00:00Z
11,177,Kaptol,80,71,151,15,3,18,24,3,27,0,1,1,36,7,43,0,0,0,0,1,1,155,86,241,2020-02-29T23:00:00Z
11,221,Kutjevo,629,383,1012,51,16,67,56,24,80,2,7,9,71,75,146,0,0,0,3,2,5,812,507,1319,2020-02-29T23:00:00Z
11,231,Lipik,740,607,1347,25,13,38,24,11,35,1,12,13,54,52,106,0,0,0,3,0,3,847,695,1542,2020-02-29T23:00:00Z
11,318,Pakrac,574,1042,1616,83,26,109,46,17,63,13,20,33,151,93,244,0,0,0,5,7,12,872,1205,2077,2020-02-29T23:00:00Z
11,334,Pleternica,512,430,942,73,25,98,51,17,68,4,9,13,155,105,260,0,0,0,4,4,8,799,590,1389,2020-02-29T23:00:00Z
11,35,Brestovac,119,110,229,12,3,15,18,4,22,1,1,2,26,10,36,0,0,0,0,1,1,176,129,305,2020-02-29T23:00:00Z
11,351,Požega,5068,4443,9511,293,147,440,95,28,123,42,121,163,365,361,726,0,1,1,11,20,31,5874,5121,10995,2020-02-29T23:00:00Z
11,475,Velika,265,321,586,20,9,29,27,3,30,2,3,5,37,34,71,0,0,0,1,0,1,352,370,722,2020-02-29T23:00:00Z
11,58,Čaglin,86,122,208,9,2,11,22,5,27,0,3,3,12,11,23,0,0,0,0,0,0,129,143,272,2020-02-29T23:00:00Z
12,10,Bebrina,22,42,64,9,7,16,11,8,19,1,0,1,12,6,18,0,0,0,0,0,0,55,63,118,2020-02-29T23:00:00Z
12,118,Garčin,112,132,244,29,7,36,25,13,38,0,0,0,16,21,37,0,0,0,0,1,1,182,174,356,2020-02-29T23:00:00Z
12,127,Gornji Bogićevci,38,18,56,7,2,9,9,2,11,0,0,0,23,30,53,0,0,0,0,0,0,77,52,129,2020-02-29T23:00:00Z
12,140,Gundinci,52,44,96,11,3,14,57,20,77,1,0,1,13,5,18,0,0,0,0,0,0,134,72,206,2020-02-29T23:00:00Z
12,185,Klakar,70,53,123,17,4,21,20,5,25,0,0,0,13,14,27,0,0,0,1,0,1,121,76,197,2020-02-29T23:00:00Z
12,284,Nova Gradiška,1943,1994,3937,140,92,232,21,14,35,24,21,45,247,278,525,0,0,0,1,8,9,2376,2407,4783,2020-02-29T23:00:00Z
12,285,Nova Kapela,143,171,314,19,14,33,25,8,33,2,3,5,55,48,103,0,0,0,1,1,2,245,245,490,2020-02-29T23:00:00Z
12,299,Okučani,192,152,344,23,6,29,8,2,10,0,1,1,43,25,68,0,0,0,1,0,1,267,186,453,2020-02-29T23:00:00Z
12,303,Oprisavci,183,134,317,9,0,9,32,9,41,1,0,1,8,13,21,0,0,0,1,1,2,234,157,391,2020-02-29T23:00:00Z
12,309,Oriovac,273,267,540,32,20,52,19,12,31,2,3,5,55,55,110,0,0,0,1,1,2,382,358,740,2020-02-29T23:00:00Z
12,338,Podcrkavlje,45,19,64,14,0,14,9,4,13,0,1,1,18,7,25,0,0,0,0,1,1,86,32,118,2020-02-29T23:00:00Z
12,372,Rešetari,204,213,417,36,8,44,18,8,26,4,1,5,86,37,123,0,0,0,1,2,3,349,269,618,2020-02-29T23:00:00Z
12,388,Sibinj,103,148,251,45,13,58,15,1,16,0,1,1,54,36,90,0,0,0,5,2,7,222,201,423,2020-02-29T23:00:00Z
12,39,Brodski Stupnik,66,121,187,17,8,25,4,3,7,2,1,3,68,32,100,0,0,0,1,1,2,158,166,324,2020-02-29T23:00:00Z
12,396,Slavonski Brod,13150,9160,22310,555,303,858,42,31,73,77,108,185,916,960,1876,1,0,1,16,22,38,14757,10584,25341,2020-02-29T23:00:00Z
12,397,Slavonski Šamac,61,40,101,8,3,11,16,6,22,0,1,1,7,3,10,0,0,0,0,0,0,92,53,145,2020-02-29T23:00:00Z
12,412,Stara Gradiška,134,71,205,4,2,6,6,2,8,0,0,0,18,8,26,0,0,0,0,0,0,162,83,245,2020-02-29T23:00:00Z
12,418,Staro Petrovo Selo,176,139,315,25,7,32,42,19,61,1,2,3,97,39,136,0,0,0,0,0,0,341,206,547,2020-02-29T23:00:00Z
12,46,Cernik,157,176,333,20,10,30,8,4,12,3,2,5,59,30,89,0,0,0,1,2,3,248,224,472,2020-02-29T23:00:00Z
12,476,Velika Kopanica,223,113,336,22,8,30,26,14,40,1,2,3,28,22,50,0,0,0,1,2,3,301,161,462,2020-02-29T23:00:00Z
12,506,Vrbje,32,28,60,9,0,9,21,1,22,0,0,0,24,19,43,0,0,0,0,1,1,86,49,135,2020-02-29T23:00:00Z
12,514,Vrpolje,166,112,278,24,6,30,40,14,54,0,2,2,10,11,21,0,0,0,1,0,1,241,145,386,2020-02-29T23:00:00Z
12,567,Bukovlje,52,54,106,11,7,18,0,0,0,1,0,1,11,19,30,0,0,0,0,0,0,75,80,155,2020-02-29T23:00:00Z
12,568,Dragalić,34,57,91,8,0,8,6,3,9,0,0,0,3,7,10,0,0,0,0,1,1,51,68,119,2020-02-29T23:00:00Z
12,569,Gornja Vrba,289,375,664,12,2,14,1,0,1,0,1,1,14,16,30,0,0,0,0,0,0,316,394,710,2020-02-29T23:00:00Z
12,570,Sikirevci,31,41,72,14,3,17,37,14,51,0,0,0,12,4,16,0,0,0,2,1,3,96,63,159,2020-02-29T23:00:00Z
12,68,Davor,94,95,189,14,6,20,11,5,16,0,0,0,12,17,29,0,0,0,2,0,2,133,123,256,2020-02-29T23:00:00Z
12,81,Donji Andrijevci,122,100,222,21,10,31,18,3,21,1,1,2,26,19,45,0,0,0,0,2,2,188,135,323,2020-02-29T23:00:00Z
13,131,Gračac,238,292,530,23,15,38,53,19,72,2,2,4,30,33,63,0,0,0,1,1,2,347,362,709,2020-02-29T23:00:00Z
13,167,Jasenice,129,58,187,11,1,12,4,3,7,2,0,2,16,3,19,0,0,0,0,0,0,162,65,227,2020-02-29T23:00:00Z
13,17,Benkovac,1129,896,2025,79,29,108,81,45,126,10,14,24,171,123,294,0,0,0,10,9,19,1480,1116,2596,2020-02-29T23:00:00Z
13,173,Kali,305,93,398,26,12,38,3,1,4,16,0,16,60,26,86,0,0,0,1,1,2,411,133,544,2020-02-29T23:00:00Z
13,20,Bibinje,172,177,349,45,20,65,4,0,4,1,2,3,63,48,111,0,0,0,2,1,3,287,248,535,2020-02-29T23:00:00Z
13,22,Biograd Na Moru,1070,1303,2373,107,65,172,22,14,36,17,10,27,123,197,320,1,0,1,6,8,14,1346,1597,2943,2020-02-29T23:00:00Z
13,234,Lišane Ostrovičke,28,30,58,8,3,11,1,0,1,0,0,0,4,4,8,0,0,0,0,0,0,41,37,78,2020-02-29T23:00:00Z
13,282,Nin,384,356,740,37,9,46,11,5,16,6,2,8,42,29,71,0,0,0,0,0,0,480,401,881,2020-02-29T23:00:00Z
13,296,Obrovac,291,209,500,23,13,36,23,3,26,4,5,9,14,37,51,0,0,0,3,4,7,358,271,629,2020-02-29T23:00:00Z
13,316,Pag,450,380,830,68,22,90,28,11,39,5,6,11,58,48,106,0,0,0,7,4,11,616,471,1087,2020-02-29T23:00:00Z
13,317,Pakoštane,332,251,583,45,17,62,6,7,13,11,2,13,66,48,114,0,0,0,6,0,6,466,325,791,2020-02-29T23:00:00Z
13,320,Pašman,84,103,187,38,8,46,2,3,5,13,0,13,35,21,56,0,0,0,1,2,3,173,137,310,2020-02-29T23:00:00Z
13,344,Polača,98,59,157,16,3,19,3,1,4,2,0,2,7,8,15,0,0,0,1,1,2,127,72,199,2020-02-29T23:00:00Z
13,345,Poličnik,347,295,642,43,4,47,8,5,13,4,1,5,42,20,62,0,0,0,1,0,1,445,325,770,2020-02-29T23:00:00Z
13,349,Posedarje,122,144,266,29,10,39,7,7,14,6,1,7,30,31,61,0,0,0,1,5,6,195,198,393,2020-02-29T23:00:00Z
13,354,Preko,257,389,646,36,9,45,5,4,9,30,5,35,36,25,61,0,0,0,1,4,5,365,436,801,2020-02-29T23:00:00Z
13,371,Ražanac,77,68,145,24,7,31,6,5,11,14,0,14,25,13,38,0,0,0,3,1,4,149,94,243,2020-02-29T23:00:00Z
13,379,Sali,171,135,306,34,11,45,6,3,9,5,1,6,18,13,31,0,0,0,1,2,3,235,165,400,2020-02-29T23:00:00Z
13,411,Stankovci,215,153,368,21,3,24,7,2,9,1,1,2,29,9,38,0,0,0,0,1,1,273,169,442,2020-02-29T23:00:00Z
13,416,Starigrad,124,141,265,37,27,64,7,3,10,4,0,4,18,32,50,0,0,0,2,3,5,192,206,398,2020-02-29T23:00:00Z
13,425,Sukošan,366,203,569,48,20,68,8,4,12,9,1,10,44,47,91,0,0,0,1,3,4,476,278,754,2020-02-29T23:00:00Z
13,428,Sveti Filip I Jakov,233,314,547,30,13,43,8,3,11,12,1,13,27,32,59,0,0,0,0,0,0,310,363,673,2020-02-29T23:00:00Z
13,445,Škabrnje,64,59,123,23,2,25,5,0,5,4,0,4,15,8,23,0,0,0,1,1,2,112,70,182,2020-02-29T23:00:00Z
13,489,Vir,314,235,549,45,7,52,2,2,4,2,1,3,26,32,58,0,0,0,1,4,5,390,281,671,2020-02-29T23:00:00Z
13,520,Zadar,14358,15553,29911,984,561,1545,42,26,68,792,229,1021,1295,1382,2677,4,0,4,134,68,202,17609,17819,35428,2020-02-29T23:00:00Z
13,525,Zemunik Donji,123,132,255,17,4,21,1,1,2,0,0,0,16,4,20,0,0,0,0,1,1,157,142,299,2020-02-29T23:00:00Z
13,537,Novigrad,66,71,137,21,2,23,4,4,8,6,1,7,26,11,37,0,0,0,1,1,2,124,90,214,2020-02-29T23:00:00Z
13,571,Galovac,31,61,92,10,1,11,6,4,10,3,2,5,6,12,18,0,0,0,0,2,2,56,82,138,2020-02-29T23:00:00Z
13,572,Kukljica,68,28,96,16,2,18,1,1,2,4,1,5,27,5,32,0,0,0,0,1,1,116,38,154,2020-02-29T23:00:00Z
13,573,Povljana,43,33,76,11,2,13,3,0,3,5,0,5,8,7,15,0,0,0,0,2,2,70,44,114,2020-02-29T23:00:00Z
13,574,Privlaka,104,102,206,19,6,25,1,1,2,8,0,8,17,12,29,0,0,0,5,2,7,154,123,277,2020-02-29T23:00:00Z
13,575,Tkon,102,53,155,22,5,27,3,3,6,4,0,4,42,20,62,0,0,0,1,1,2,174,82,256,2020-02-29T23:00:00Z
13,622,Kolan,110,73,183,19,4,23,4,1,5,1,0,1,20,12,32,0,0,0,0,0,0,154,90,244,2020-02-29T23:00:00Z
13,625,Vrsi,89,39,128,12,4,16,5,4,9,24,1,25,11,21,32,0,0,0,4,4,8,145,73,218,2020-02-29T23:00:00Z
14,103,Đakovo,2818,2861,5679,429,193,622,187,82,269,29,39,68,694,562,1256,0,0,0,12,13,25,4169,3750,7919,2020-02-29T23:00:00Z
14,106,Đurđenovac,509,501,1010,38,10,48,27,20,47,0,8,8,77,42,119,0,0,0,5,3,8,656,584,1240,2020-02-29T23:00:00Z
14,110,Erdut,288,212,500,38,13,51,59,14,73,3,4,7,48,33,81,0,0,0,2,1,3,438,277,715,2020-02-29T23:00:00Z
14,111,Ernestinovo,82,176,258,9,2,11,26,9,35,2,2,4,3,17,20,0,0,0,0,0,0,122,206,328,2020-02-29T23:00:00Z
14,116,Feričanci,137,123,260,22,4,26,3,0,3,0,2,2,42,17,59,0,0,0,1,1,2,205,147,352,2020-02-29T23:00:00Z
14,124,Gorjani,119,180,299,15,2,17,19,10,29,0,2,2,11,4,15,0,0,0,0,0,0,164,198,362,2020-02-29T23:00:00Z
14,13,Beli Manastir,1056,1147,2203,66,33,99,41,28,69,9,13,22,108,93,201,0,0,0,1,1,2,1281,1315,2596,2020-02-29T23:00:00Z
14,16,Belišće,1545,662,2207,61,28,89,26,6,32,0,8,8,71,89,160,0,0,0,3,2,5,1706,795,2501,2020-02-29T23:00:00Z
14,195,Kneževi Vinogradi,207,242,449,31,7,38,39,7,46,1,2,3,71,60,131,0,0,0,0,2,2,349,320,669,2020-02-29T23:00:00Z
14,2,Antunovac,170,147,317,25,10,35,16,8,24,0,2,2,17,7,24,0,0,0,0,0,0,228,174,402,2020-02-29T23:00:00Z
14,205,Koška,167,153,320,27,6,33,34,11,45,3,3,6,32,22,54,0,0,0,2,0,2,265,195,460,2020-02-29T23:00:00Z
14,21,Bilje,288,313,601,43,18,61,20,13,33,3,5,8,53,42,95,0,0,0,1,1,2,408,392,800,2020-02-29T23:00:00Z
14,23,Bizovac,247,273,520,25,11,36,29,11,40,1,6,7,36,37,73,0,0,0,0,1,1,338,339,677,2020-02-29T23:00:00Z
14,230,Levanjska Varoš,37,22,59,3,2,5,13,9,22,0,0,0,4,2,6,0,0,0,0,1,1,57,36,93,2020-02-29T23:00:00Z
14,257,Marijanci,81,55,136,6,4,10,13,1,14,0,2,2,17,23,40,0,0,0,2,1,3,119,86,205,2020-02-29T23:00:00Z
14,271,Moslavina Podravska,20,31,51,2,2,4,19,9,28,0,0,0,15,9,24,0,0,0,0,0,0,56,51,107,2020-02-29T23:00:00Z
14,278,Našice,2230,1771,4001,163,80,243,44,15,59,15,39,54,247,224,471,0,0,0,9,4,13,2708,2133,4841,2020-02-29T23:00:00Z
14,312,Osijek,23212,21651,44863,799,574,1373,102,39,141,185,213,398,790,1129,1919,1,0,1,28,60,88,25117,23666,48783,2020-02-29T23:00:00Z
14,325,Petlovac,47,44,91,5,4,9,15,0,15,0,0,0,14,6,20,0,0,0,2,0,2,83,54,137,2020-02-29T23:00:00Z
14,327,Petrijevci,288,198,486,17,3,20,12,6,18,0,0,0,10,6,16,0,0,0,1,2,3,328,215,543,2020-02-29T23:00:00Z
14,340,Podgorač,86,83,169,26,7,33,34,7,41,1,1,2,20,28,48,0,0,0,0,1,1,167,127,294,2020-02-29T23:00:00Z
14,346,Popovac,49,58,107,2,3,5,5,7,12,0,0,0,5,7,12,0,0,0,0,0,0,61,75,136,2020-02-29T23:00:00Z
14,361,Punitovci,45,56,101,20,3,23,18,4,22,0,0,0,27,6,33,0,0,0,0,1,1,110,70,180,2020-02-29T23:00:00Z
14,381,Satnica Đakovačka,119,82,201,22,4,26,11,3,14,0,0,0,42,31,73,0,0,0,0,0,0,194,120,314,2020-02-29T23:00:00Z
14,386,Semeljci,227,185,412,43,14,57,53,30,83,2,2,4,72,28,100,0,0,0,2,1,3,399,260,659,2020-02-29T23:00:00Z
14,421,Strizivojna,311,291,602,15,6,21,20,3,23,0,0,0,10,8,18,0,0,0,1,0,1,357,308,665,2020-02-29T23:00:00Z
14,461,Trnava,44,77,121,4,3,7,16,6,22,0,0,0,11,4,15,0,0,0,1,0,1,76,90,166,2020-02-29T23:00:00Z
14,471,Valpovo,830,1137,1967,66,50,116,41,20,61,16,28,44,81,100,181,0,0,0,7,6,13,1041,1341,2382,2020-02-29T23:00:00Z
14,485,Viljevo,31,68,99,10,1,11,29,5,34,0,1,1,13,10,23,0,0,0,1,1,2,84,86,170,2020-02-29T23:00:00Z
14,494,Viškovci,186,169,355,23,3,26,16,6,22,0,0,0,21,3,24,0,0,0,2,0,2,248,181,429,2020-02-29T23:00:00Z
14,517,Vuka,42,59,101,14,2,16,18,5,23,0,1,1,17,10,27,0,0,0,0,0,0,91,77,168,2020-02-29T23:00:00Z
14,576,Donja Motičina,24,31,55,9,2,11,2,1,3,0,0,0,18,8,26,0,0,0,1,0,1,54,42,96,2020-02-29T23:00:00Z
14,578,Magadenovac,105,110,215,5,2,7,28,12,40,1,4,5,19,23,42,0,0,0,0,0,0,158,151,309,2020-02-29T23:00:00Z
14,579,Vladislavci,129,93,222,3,1,4,7,4,11,0,0,0,3,7,10,0,0,0,0,1,1,142,106,248,2020-02-29T23:00:00Z
14,609,Jagodnjak,118,91,209,6,4,10,25,5,30,0,0,0,10,4,14,0,0,0,0,0,0,159,104,263,2020-02-29T23:00:00Z
14,614,Šodolovci,19,8,27,0,0,0,0,0,0,0,0,0,7,4,11,0,0,0,1,0,1,27,12,39,2020-02-29T23:00:00Z
14,64,Čeminac,75,93,168,12,0,12,3,2,5,0,0,0,16,11,27,0,0,0,0,0,0,106,106,212,2020-02-29T23:00:00Z
14,65,Čepin,560,488,1048,83,30,113,55,21,76,6,8,14,94,78,172,0,0,0,3,3,6,801,628,1429,2020-02-29T23:00:00Z
14,66,Darda,1750,846,2596,52,29,81,34,4,38,1,4,5,54,54,108,0,0,0,0,0,0,1891,937,2828,2020-02-29T23:00:00Z
14,86,Donji Miholjac,1183,985,2168,84,49,133,154,42,196,5,20,25,156,111,267,0,0,0,2,1,3,1584,1208,2792,2020-02-29T23:00:00Z
14,91,Draž,81,125,206,10,4,14,19,8,27,0,0,0,11,8,19,0,0,0,1,0,1,122,145,267,2020-02-29T23:00:00Z
14,94,Drenje,89,127,216,27,7,34,54,23,77,0,0,0,11,14,25,0,0,0,0,0,0,181,171,352,2020-02-29T23:00:00Z
15,113,Ervenik,43,63,106,1,0,1,3,1,4,0,0,0,0,1,1,0,0,0,0,0,0,47,65,112,2020-02-29T23:00:00Z
15,183,Kijevo,37,40,77,2,0,2,1,0,1,0,0,0,0,0,0,0,0,0,0,0,0,40,40,80,2020-02-29T23:00:00Z
15,184,Kistanje,66,82,148,12,4,16,0,0,0,2,0,2,16,5,21,0,0,0,0,0,0,96,91,187,2020-02-29T23:00:00Z
15,196,Knin,1539,1365,2904,115,65,180,48,11,59,33,8,41,108,136,244,0,0,0,3,2,5,1846,1587,3433,2020-02-29T23:00:00Z
15,298,Promina,99,78,177,1,1,2,1,2,3,0,0,0,0,1,1,0,0,0,0,0,0,101,82,183,2020-02-29T23:00:00Z
15,310,Biskupija,74,32,106,3,0,3,1,1,2,1,0,1,0,0,0,0,0,0,0,0,0,79,33,112,2020-02-29T23:00:00Z
15,357,Primošten,258,285,543,64,22,86,5,0,5,8,1,9,38,23,61,0,0,0,2,2,4,375,333,708,2020-02-29T23:00:00Z
15,377,Ružić,27,53,80,3,0,3,6,8,14,0,0,0,3,8,11,0,0,0,0,0,0,39,69,108,2020-02-29T23:00:00Z
15,394,Skradin,123,162,285,38,7,45,17,5,22,4,3,7,21,21,42,0,0,0,0,1,1,203,199,402,2020-02-29T23:00:00Z
15,444,Šibenik,8056,7973,16029,621,326,947,39,15,54,183,104,287,549,633,1182,3,0,3,25,21,46,9476,9072,18548,2020-02-29T23:00:00Z
15,454,Tisno,275,243,518,94,25,119,4,0,4,5,3,8,55,42,97,0,0,0,0,3,3,433,316,749,2020-02-29T23:00:00Z
15,469,Unešić,48,51,99,8,2,10,2,1,3,2,0,2,12,4,16,0,0,0,0,0,0,72,58,130,2020-02-29T23:00:00Z
15,500,Vodice,874,941,1815,234,88,322,10,7,17,14,7,21,185,106,291,0,0,0,8,9,17,1325,1158,2483,2020-02-29T23:00:00Z
15,51,Civljane,49,12,61,1,0,1,0,0,0,0,0,0,1,3,4,0,0,0,0,0,0,51,15,66,2020-02-29T23:00:00Z
15,581,Pirovac,119,120,239,29,11,40,4,3,7,3,2,5,30,34,64,0,0,0,0,1,1,185,171,356,2020-02-29T23:00:00Z
15,582,Rogoznica,241,201,442,45,13,58,2,1,3,13,1,14,28,29,57,0,0,0,1,0,1,330,245,575,2020-02-29T23:00:00Z
15,617,Murter,256,243,499,40,24,64,7,1,8,13,1,14,50,38,88,0,0,0,1,1,2,367,308,675,2020-02-29T23:00:00Z
15,621,Bilice,65,35,100,16,7,23,0,0,0,7,0,7,22,13,35,0,0,0,0,0,0,110,55,165,2020-02-29T23:00:00Z
15,626,Tribunj,79,67,146,17,10,27,0,0,0,5,0,5,51,19,70,0,0,0,0,1,1,152,97,249,2020-02-29T23:00:00Z
15,95,Drniš,814,623,1437,65,48,113,40,20,60,7,7,14,86,85,171,0,0,0,0,4,4,1012,787,1799,2020-02-29T23:00:00Z
16,1,Andrijaševci,69,103,172,24,12,36,15,5,20,2,0,2,41,25,66,0,0,0,1,3,4,152,148,300,2020-02-29T23:00:00Z
16,137,Gradište,97,98,195,16,3,19,34,6,40,0,1,1,10,10,20,0,0,0,0,0,0,157,118,275,2020-02-29T23:00:00Z
16,141,Gunja,191,150,341,31,8,39,38,14,52,3,1,4,26,10,36,0,0,0,1,1,2,290,184,474,2020-02-29T23:00:00Z
16,154,Ilok,438,529,967,63,21,84,54,16,70,2,1,3,99,94,193,0,0,0,1,0,1,657,661,1318,2020-02-29T23:00:00Z
16,159,Ivankovo,321,357,678,68,26,94,50,11,61,2,6,8,100,81,181,0,0,0,2,4,6,543,485,1028,2020-02-29T23:00:00Z
16,166,Jarmina,32,73,105,11,7,18,25,8,33,0,2,2,22,16,38,0,0,0,0,2,2,90,108,198,2020-02-29T23:00:00Z
16,239,Lovas,68,61,129,5,0,5,14,0,14,1,0,1,4,6,10,0,0,0,0,0,0,92,67,159,2020-02-29T23:00:00Z
16,26,Bogdanovci,27,16,43,3,0,3,10,4,14,0,0,0,16,2,18,0,0,0,0,0,0,56,22,78,2020-02-29T23:00:00Z
16,29,Borovo,84,92,176,36,13,49,27,4,31,3,4,7,57,64,121,0,0,0,3,3,6,210,180,390,2020-02-29T23:00:00Z
16,294,Nuštar,224,304,528,31,17,48,28,6,34,2,3,5,36,19,55,0,0,0,3,0,3,324,349,673,2020-02-29T23:00:00Z
16,295,Nijemci,166,182,348,21,7,28,84,21,105,1,1,2,48,25,73,0,0,0,2,1,3,322,237,559,2020-02-29T23:00:00Z
16,3,Babina Greda,134,116,250,32,10,42,75,23,98,3,0,3,25,34,59,0,0,0,0,2,2,269,185,454,2020-02-29T23:00:00Z
16,32,Bošnjaci,106,88,194,22,5,27,45,7,52,2,0,2,24,30,54,0,0,0,1,0,1,200,130,330,2020-02-29T23:00:00Z
16,414,Stari Jankovci,128,130,258,18,4,22,43,9,52,1,0,1,31,16,47,0,0,0,1,2,3,222,161,383,2020-02-29T23:00:00Z
16,415,Stari Mikanovci,85,113,198,21,11,32,19,9,28,2,1,3,28,40,68,0,0,0,1,0,1,156,174,330,2020-02-29T23:00:00Z
16,44,Cerna,372,213,585,37,17,54,44,16,60,1,1,2,57,49,106,0,0,0,0,0,0,511,296,807,2020-02-29T23:00:00Z
16,456,Tompojevci,14,37,51,12,2,14,37,11,48,0,1,1,15,15,30,0,0,0,0,0,0,78,66,144,2020-02-29T23:00:00Z
16,458,Tordinci,87,87,174,5,2,7,11,0,11,1,0,1,8,6,14,0,0,0,0,0,0,112,95,207,2020-02-29T23:00:00Z
16,459,Tovarnik,141,138,279,15,3,18,44,20,64,0,0,0,9,11,20,0,0,0,2,1,3,211,173,384,2020-02-29T23:00:00Z
16,464,Trpinja,101,187,288,20,5,25,83,11,94,3,0,3,29,30,59,0,0,0,0,0,0,236,233,469,2020-02-29T23:00:00Z
16,487,Vinkovci,7964,6199,14163,275,171,446,35,17,52,59,53,112,458,592,1050,1,0,1,11,11,22,8803,7043,15846,2020-02-29T23:00:00Z
16,505,Vrbanja,217,107,324,31,12,43,74,13,87,2,0,2,18,22,40,0,0,0,0,1,1,342,155,497,2020-02-29T23:00:00Z
16,518,Vukovar,4283,4501,8784,252,133,385,63,28,91,29,38,67,373,355,728,0,0,0,6,10,16,5006,5065,10071,2020-02-29T23:00:00Z
16,534,Županja,2076,1462,3538,130,53,183,40,12,52,22,25,47,186,196,382,1,0,1,7,6,13,2462,1754,4216,2020-02-29T23:00:00Z
16,535,Otok (Vinkovci),365,274,639,35,19,54,59,16,75,7,1,8,61,43,104,0,0,0,1,2,3,528,355,883,2020-02-29T23:00:00Z
16,583,Privlaka,91,68,159,17,4,21,19,8,27,0,2,2,18,18,36,0,0,0,1,2,3,146,102,248,2020-02-29T23:00:00Z
16,584,Vođinci,42,146,188,15,2,17,6,3,9,0,1,1,9,11,20,0,0,0,1,0,1,73,163,236,2020-02-29T23:00:00Z
16,610,Markušica,33,41,74,8,3,11,45,17,62,0,1,1,13,16,29,0,0,0,2,1,3,101,79,180,2020-02-29T23:00:00Z
16,612,Negoslavci,13,9,22,2,0,2,10,3,13,1,0,1,13,13,26,0,0,0,0,0,0,39,25,64,2020-02-29T23:00:00Z
16,628,Štitar,102,55,157,6,0,6,12,3,15,0,1,1,9,7,16,0,0,0,0,0,0,129,66,195,2020-02-29T23:00:00Z
16,92,Drenovci,113,132,245,36,7,43,105,34,139,2,0,2,31,34,65,0,0,0,0,1,1,287,208,495,2020-02-29T23:00:00Z
17,100,Dugi Rat,587,559,1146,66,28,94,1,3,4,37,6,43,136,92,228,0,0,0,2,3,5,829,691,1520,2020-02-29T23:00:00Z
17,134,Gradac,158,220,378,37,9,46,5,1,6,3,1,4,18,34,52,0,0,0,0,4,4,221,269,490,2020-02-29T23:00:00Z
17,148,Hrvace,220,202,422,33,13,46,4,6,10,2,3,5,48,47,95,0,0,0,0,2,2,307,273,580,2020-02-29T23:00:00Z
17,153,Hvar,558,582,1140,161,61,222,16,10,26,18,8,26,126,108,234,1,0,1,4,10,14,884,779,1663,2020-02-29T23:00:00Z
17,155,Imotski,1187,1230,2417,130,78,208,11,8,19,30,15,45,113,219,332,0,0,0,11,14,25,1482,1564,3046,2020-02-29T23:00:00Z
17,171,Jelsa,293,252,545,80,22,102,33,11,44,15,0,15,80,46,126,0,0,0,7,7,14,508,338,846,2020-02-29T23:00:00Z
17,181,Kaštela,3292,3554,6846,446,198,644,23,12,35,151,39,190,479,502,981,0,0,0,36,25,61,4427,4330,8757,2020-02-29T23:00:00Z
17,192,Klis,223,174,397,36,8,44,6,4,10,17,2,19,38,21,59,0,0,0,0,1,1,320,210,530,2020-02-29T23:00:00Z
17,197,Komiža,147,143,290,52,14,66,4,0,4,5,2,7,28,20,48,0,0,0,2,3,5,238,182,420,2020-02-29T23:00:00Z
17,243,Lovreć,109,93,202,15,7,22,4,0,4,1,1,2,15,12,27,0,0,0,2,1,3,146,114,260,2020-02-29T23:00:00Z
17,249,Makarska,2394,2247,4641,262,150,412,3,2,5,48,28,76,308,340,648,0,0,0,9,8,17,3024,2775,5799,2020-02-29T23:00:00Z
17,258,Marina,181,224,405,49,20,69,6,4,10,14,1,15,31,40,71,1,0,1,3,1,4,285,290,575,2020-02-29T23:00:00Z
17,267,Milna,103,84,187,17,5,22,5,1,6,3,0,3,17,15,32,0,0,0,5,1,6,150,106,256,2020-02-29T23:00:00Z
17,27,Bol,266,319,585,45,15,60,6,2,8,3,2,5,47,18,65,0,0,0,2,5,7,369,361,730,2020-02-29T23:00:00Z
17,280,Nerežišća,147,49,196,15,1,16,7,2,9,1,0,1,27,13,40,0,0,0,1,0,1,198,65,263,2020-02-29T23:00:00Z
17,300,Omiš,1385,1681,3066,207,78,285,11,5,16,48,17,65,300,275,575,0,0,0,5,6,11,1956,2062,4018,2020-02-29T23:00:00Z
17,314,Otok,261,205,466,40,17,57,8,1,9,4,0,4,65,49,114,0,0,0,0,0,0,378,272,650,2020-02-29T23:00:00Z
17,337,Podbablje,270,174,444,31,2,33,6,0,6,2,1,3,18,30,48,0,0,0,2,3,5,329,210,539,2020-02-29T23:00:00Z
17,339,Podgora,244,229,473,41,6,47,2,1,3,0,0,0,27,10,37,0,0,0,3,2,5,317,248,565,2020-02-29T23:00:00Z
17,341,Podstrana,711,630,1341,56,17,73,16,4,20,37,3,40,42,72,114,1,0,1,2,3,5,865,729,1594,2020-02-29T23:00:00Z
17,350,Postira,270,230,500,32,13,45,12,3,15,1,3,4,12,10,22,0,0,0,3,1,4,330,260,590,2020-02-29T23:00:00Z
17,358,Pučišća,228,129,357,40,7,47,6,5,11,10,0,10,44,13,57,0,0,0,2,0,2,330,154,484,2020-02-29T23:00:00Z
17,382,Seget,473,397,870,31,6,37,7,3,10,12,2,14,141,66,207,0,0,0,6,0,6,670,474,1144,2020-02-29T23:00:00Z
17,383,Selca,124,103,227,38,19,57,8,3,11,5,2,7,77,33,110,0,0,0,1,1,2,253,161,414,2020-02-29T23:00:00Z
17,389,Sinj,1885,1912,3797,247,125,372,49,16,65,44,43,87,287,366,653,1,1,2,9,16,25,2522,2479,5001,2020-02-29T23:00:00Z
17,406,Solin,3569,2956,6525,245,136,381,11,8,19,137,31,168,297,279,576,0,0,0,10,12,22,4269,3422,7691,2020-02-29T23:00:00Z
17,409,Split,34731,37048,71779,1471,980,2451,62,39,101,2187,440,2627,1498,2198,3696,4,0,4,164,176,340,40117,40881,80998,2020-02-29T23:00:00Z
17,413,Stari Grad,282,277,559,58,20,78,19,13,32,6,2,8,40,32,72,0,0,0,8,10,18,413,354,767,2020-02-29T23:00:00Z
17,423,Sućuraj,24,24,48,22,2,24,4,2,6,0,0,0,12,6,18,0,0,0,0,0,0,62,34,96,2020-02-29T23:00:00Z
17,427,Supetar,584,701,1285,100,58,158,16,5,21,23,8,31,93,106,199,0,0,0,6,3,9,822,881,1703,2020-02-29T23:00:00Z
17,443,Šestanovac,117,138,255,23,4,27,7,0,7,1,2,3,17,18,35,0,0,0,2,2,4,167,164,331,2020-02-29T23:00:00Z
17,447,Šolta,170,115,285,16,5,21,10,3,13,6,1,7,3,14,17,0,0,0,0,1,1,205,139,344,2020-02-29T23:00:00Z
17,460,Trilj,401,532,933,98,27,125,17,8,25,12,3,15,89,137,226,0,0,0,0,5,5,617,712,1329,2020-02-29T23:00:00Z
17,463,Trogir,1954,1738,3692,298,132,430,12,4,16,87,37,124,333,383,716,0,0,0,16,26,42,2700,2320,5020,2020-02-29T23:00:00Z
17,492,Vis,212,233,445,34,12,46,17,3,20,6,2,8,36,30,66,0,0,0,3,2,5,308,282,590,2020-02-29T23:00:00Z
17,50,Cista Provo,108,131,239,27,1,28,7,1,8,2,0,2,8,11,19,0,0,0,1,2,3,153,146,299,2020-02-29T23:00:00Z
17,511,Vrgorac,909,671,1580,48,23,71,23,18,41,5,7,12,52,90,142,0,0,0,0,4,4,1037,813,1850,2020-02-29T23:00:00Z
17,513,Vrlika,104,224,328,16,3,19,12,3,15,1,0,1,22,6,28,0,0,0,1,0,1,156,236,392,2020-02-29T23:00:00Z
17,522,Zagvozd,142,72,214,15,2,17,2,0,2,0,0,0,5,7,12,0,0,0,0,1,1,164,82,246,2020-02-29T23:00:00Z
17,528,Zmijavci,81,122,203,7,2,9,1,1,2,2,0,2,25,10,35,0,0,0,0,1,1,116,136,252,2020-02-29T23:00:00Z
17,585,Dugopolje,1346,753,2099,34,10,44,5,5,10,14,1,15,61,44,105,0,0,0,0,0,0,1460,813,2273,2020-02-29T23:00:00Z
17,586,Lećevica,11,23,34,6,0,6,0,0,0,1,0,1,1,0,1,0,0,0,0,0,0,19,23,42,2020-02-29T23:00:00Z
17,587,Lokvičići,36,22,58,0,1,1,1,0,1,0,0,0,1,4,5,0,0,0,1,0,1,39,27,66,2020-02-29T23:00:00Z
17,588,Okrug,138,164,302,30,7,37,1,1,2,11,4,15,84,27,111,0,0,0,3,3,6,267,206,473,2020-02-29T23:00:00Z
17,589,Prgomet,34,23,57,8,0,8,1,1,2,0,0,0,1,0,1,0,0,0,0,0,0,44,24,68,2020-02-29T23:00:00Z
17,590,Primorski Dolac,12,47,59,4,1,5,1,1,2,1,1,2,3,5,8,0,0,0,0,0,0,21,55,76,2020-02-29T23:00:00Z
17,591,Runovići,82,82,164,5,3,8,0,1,1,0,2,2,27,33,60,0,0,0,0,0,0,114,121,235,2020-02-29T23:00:00Z
17,592,Sutivan,97,63,160,11,5,16,4,1,5,14,1,15,18,11,29,0,0,0,1,0,1,145,81,226,2020-02-29T23:00:00Z
17,593,Tučepi,206,189,395,20,9,29,1,1,2,4,4,8,25,21,46,0,0,0,1,1,2,257,225,482,2020-02-29T23:00:00Z
17,595,Zadvarje,31,18,49,7,1,8,0,1,1,0,0,0,9,5,14,0,0,0,0,0,0,47,25,72,2020-02-29T23:00:00Z
17,72,Dicmo,432,184,616,31,16,47,4,2,6,3,1,4,38,49,87,0,0,0,0,1,1,508,253,761,2020-02-29T23:00:00Z
17,77,Brela,193,153,346,23,6,29,0,1,1,1,1,2,16,14,30,0,0,0,1,1,2,234,176,410,2020-02-29T23:00:00Z
17,87,Muć,138,201,339,18,4,22,1,3,4,5,4,9,7,12,19,0,0,0,0,1,1,169,225,394,2020-02-29T23:00:00Z
17,88,Proložac,182,175,357,14,4,18,1,3,4,1,0,1,37,20,57,0,0,0,3,1,4,238,203,441,2020-02-29T23:00:00Z
17,9,Baška Voda,218,260,478,62,18,80,2,1,3,7,4,11,50,45,95,0,0,0,2,2,4,341,330,671,2020-02-29T23:00:00Z
18,132,Gračišće,37,31,68,32,3,35,13,3,16,0,0,0,41,8,49,0,0,0,1,0,1,124,45,169,2020-02-29T23:00:00Z
18,138,Grožnjan,28,20,48,15,4,19,13,4,17,1,0,1,9,12,21,0,0,0,0,3,3,66,43,109,2020-02-29T23:00:00Z
18,175,Kanfanar,441,180,621,23,7,30,5,0,5,2,0,2,26,16,42,0,0,0,2,2,4,499,205,704,2020-02-29T23:00:00Z
18,217,Kršan,273,276,549,48,10,58,7,5,12,2,1,3,88,48,136,0,0,0,2,4,6,420,344,764,2020-02-29T23:00:00Z
18,222,Labin,2589,2299,4888,236,104,340,17,10,27,29,35,64,275,212,487,0,0,0,17,12,29,3163,2672,5835,2020-02-29T23:00:00Z
18,223,Lanišće,14,14,28,4,0,4,2,1,3,0,0,0,8,2,10,0,0,0,0,0,0,28,17,45,2020-02-29T23:00:00Z
18,235,Ližnjan,140,129,269,11,3,14,2,0,2,3,0,3,19,29,48,0,0,0,1,0,1,176,161,337,2020-02-29T23:00:00Z
18,246,Lupoglav,201,98,299,11,5,16,8,4,12,0,1,1,12,12,24,0,0,0,0,1,1,232,121,353,2020-02-29T23:00:00Z
18,254,Marčana,132,141,273,34,14,48,3,2,5,4,1,5,31,19,50,0,0,0,2,1,3,206,178,384,2020-02-29T23:00:00Z
18,263,Medulin,591,557,1148,62,27,89,7,3,10,9,5,14,70,84,154,0,0,0,0,1,1,739,677,1416,2020-02-29T23:00:00Z
18,274,Motovun,81,86,167,31,11,42,19,4,23,0,0,0,36,32,68,0,0,0,4,2,6,171,135,306,2020-02-29T23:00:00Z
18,291,Novigrad,756,914,1670,105,43,148,18,6,24,4,8,12,110,93,203,0,0,0,6,9,15,999,1073,2072,2020-02-29T23:00:00Z
18,304,Oprtalj,68,90,158,11,4,15,14,2,16,0,0,0,12,8,20,0,0,0,4,2,6,109,106,215,2020-02-29T23:00:00Z
18,321,Pazin,2042,1925,3967,287,108,395,46,23,69,16,24,40,314,206,520,0,0,0,8,15,23,2713,2301,5014,2020-02-29T23:00:00Z
18,330,Pićan,351,194,545,26,5,31,4,5,9,1,1,2,52,17,69,0,0,0,1,1,2,435,223,658,2020-02-29T23:00:00Z
18,348,Poreč,4574,4565,9139,518,259,777,48,18,66,58,52,110,483,393,876,0,0,0,17,14,31,5698,5301,10999,2020-02-29T23:00:00Z
18,359,Pula,13104,12345,25449,1052,542,1594,59,41,100,305,174,479,882,1056,1938,2,0,2,85,47,132,15489,14205,29694,2020-02-29T23:00:00Z
18,368,Raša,259,152,411,26,7,33,1,0,1,4,1,5,36,22,58,0,0,0,0,0,0,326,182,508,2020-02-29T23:00:00Z
18,374,Rovinj,2839,2935,5774,372,200,572,29,10,39,35,37,72,405,357,762,1,0,1,16,16,32,3697,3555,7252,2020-02-29T23:00:00Z
18,40,Brtonigla,147,92,239,36,12,48,25,9,34,1,1,2,45,42,87,0,0,0,1,2,3,255,158,413,2020-02-29T23:00:00Z
18,42,Buje,764,709,1473,78,42,120,24,13,37,7,11,18,58,58,116,0,0,0,3,7,10,934,840,1774,2020-02-29T23:00:00Z
18,43,Buzet,1555,1010,2565,156,61,217,21,17,38,5,5,10,104,106,210,0,0,0,6,6,12,1847,1205,3052,2020-02-29T23:00:00Z
18,431,Sveti Lovreč,44,59,103,19,10,29,2,1,3,0,1,1,34,15,49,0,0,0,0,2,2,99,88,187,2020-02-29T23:00:00Z
18,432,Sveta Nedelja,141,136,277,23,7,30,7,2,9,4,0,4,34,19,53,0,0,0,8,4,12,217,168,385,2020-02-29T23:00:00Z
18,433,Sveti Petar U Šumi,175,113,288,22,4,26,2,4,6,0,0,0,28,5,33,0,0,0,1,1,2,228,127,355,2020-02-29T23:00:00Z
18,435,Svetvinčenat,119,103,222,20,3,23,1,0,1,0,0,0,20,22,42,0,0,0,1,0,1,161,128,289,2020-02-29T23:00:00Z
18,453,Tinjan,189,100,289,39,9,48,5,1,6,2,3,5,55,28,83,0,0,0,2,0,2,292,141,433,2020-02-29T23:00:00Z
18,468,Umag,2462,2141,4603,333,135,468,31,15,46,33,34,67,264,261,525,0,0,0,18,23,41,3141,2609,5750,2020-02-29T23:00:00Z
18,47,Cerovlje,86,44,130,38,2,40,5,4,9,1,0,1,32,14,46,0,0,0,1,2,3,163,66,229,2020-02-29T23:00:00Z
18,497,Višnjan,248,234,482,42,11,53,9,4,13,2,1,3,83,35,118,0,0,0,5,0,5,389,285,674,2020-02-29T23:00:00Z
18,498,Vižinada,51,39,90,21,6,27,16,6,22,1,0,1,30,16,46,0,0,0,1,0,1,120,67,187,2020-02-29T23:00:00Z
18,5,Bale,114,96,210,23,14,37,3,3,6,0,0,0,32,13,45,0,0,0,1,1,2,173,127,300,2020-02-29T23:00:00Z
18,502,Vodnjan,689,536,1225,53,20,73,10,4,14,9,4,13,91,50,141,0,0,0,0,0,0,852,614,1466,2020-02-29T23:00:00Z
18,516,Vrsar,265,231,496,76,30,106,4,1,5,4,1,5,67,71,138,1,0,1,2,1,3,419,335,754,2020-02-29T23:00:00Z
18,531,Žminj,487,385,872,89,40,129,12,5,17,1,3,4,84,64,148,0,0,0,3,3,6,676,500,1176,2020-02-29T23:00:00Z
18,596,Karojba,78,72,150,34,7,41,2,1,3,0,0,0,54,8,62,0,0,0,1,0,1,169,88,257,2020-02-29T23:00:00Z
18,597,Kaštelir - Labinci,153,70,223,28,14,42,5,2,7,1,0,1,42,14,56,0,0,0,2,3,5,231,103,334,2020-02-29T23:00:00Z
18,6,Barban,212,109,321,40,6,46,8,5,13,1,1,2,21,22,43,0,0,0,3,3,6,285,146,431,2020-02-29T23:00:00Z
18,619,Fažana,233,184,417,21,8,29,0,0,0,4,2,6,35,66,101,0,0,0,0,2,2,293,262,555,2020-02-29T23:00:00Z
18,629,Funtana,106,87,193,16,7,23,1,0,1,0,0,0,15,18,33,0,0,0,2,1,3,140,113,253,2020-02-29T23:00:00Z
18,631,Tar-Vabriga,141,190,331,32,14,46,3,0,3,1,0,1,30,26,56,0,0,0,0,1,1,207,231,438,2020-02-29T23:00:00Z
19,198,Konavle,1259,902,2161,195,63,258,21,10,31,38,9,47,77,91,168,0,0,0,8,4,12,1598,1079,2677,2020-02-29T23:00:00Z
19,204,Korčula,638,829,1467,101,36,137,14,8,22,127,11,138,80,81,161,0,0,0,17,13,30,977,978,1955,2020-02-29T23:00:00Z
19,219,Kula Norinska,36,59,95,13,3,16,2,0,2,1,0,1,4,6,10,0,0,0,0,0,0,56,68,124,2020-02-29T23:00:00Z
19,226,Lastovo,60,85,145,16,10,26,2,1,3,5,1,6,7,7,14,0,0,0,7,7,14,97,111,208,2020-02-29T23:00:00Z
19,25,Blato,589,411,1000,58,19,77,20,5,25,9,8,17,175,44,219,0,0,0,9,4,13,860,491,1351,2020-02-29T23:00:00Z
19,264,Metković,1871,1620,3491,175,96,271,35,22,57,46,20,66,337,272,609,0,0,0,5,5,10,2469,2035,4504,2020-02-29T23:00:00Z
19,268,Mljet,177,76,253,19,8,27,4,1,5,3,2,5,8,7,15,0,0,0,2,2,4,213,96,309,2020-02-29T23:00:00Z
19,306,Opuzen,377,336,713,27,14,41,45,20,65,3,1,4,16,26,42,0,0,0,1,0,1,469,397,866,2020-02-29T23:00:00Z
19,308,Orebić,368,371,739,67,32,99,29,8,37,31,6,37,72,69,141,0,0,0,9,11,20,576,497,1073,2020-02-29T23:00:00Z
19,335,Ploče,1411,872,2283,72,40,112,17,2,19,35,9,44,74,127,201,0,0,0,1,3,4,1610,1053,2663,2020-02-29T23:00:00Z
19,343,Pojezerje,21,28,49,5,2,7,5,0,5,0,0,0,1,2,3,0,0,0,0,0,0,32,32,64,2020-02-29T23:00:00Z
19,399,Slivno,377,58,435,11,7,18,16,7,23,0,0,0,1,11,12,0,0,0,1,0,1,406,83,489,2020-02-29T23:00:00Z
19,402,Smokvica,28,69,97,10,1,11,12,5,17,7,0,7,33,6,39,0,0,0,4,3,7,94,84,178,2020-02-29T23:00:00Z
19,419,Ston,346,217,563,49,12,61,20,6,26,6,1,7,38,22,60,0,0,0,3,2,5,462,260,722,2020-02-29T23:00:00Z
19,474,Vela Luka,285,526,811,53,17,70,11,1,12,40,4,44,74,42,116,0,0,0,8,6,14,471,596,1067,2020-02-29T23:00:00Z
19,523,Zažablje,12,9,21,6,0,6,4,2,6,1,0,1,4,2,6,0,0,0,0,0,0,27,13,40,2020-02-29T23:00:00Z
19,598,Dubrovačko Primorje,159,105,264,24,4,28,5,6,11,11,3,14,34,19,53,0,0,0,0,2,2,233,139,372,2020-02-29T23:00:00Z
19,599,Janjina,305,65,370,11,4,15,11,3,14,4,1,5,7,6,13,0,0,0,1,0,1,339,79,418,2020-02-29T23:00:00Z
19,600,Lumbarda,51,57,108,33,11,44,10,1,11,8,1,9,22,11,33,0,0,0,5,3,8,129,84,213,2020-02-29T23:00:00Z
19,601,Trpanj,47,50,97,12,3,15,1,2,3,7,1,8,15,6,21,0,0,0,2,1,3,84,63,147,2020-02-29T23:00:00Z
19,602,Župa Dubrovačka,633,617,1250,112,66,178,5,4,9,64,3,67,63,61,124,1,0,1,8,2,10,886,753,1639,2020-02-29T23:00:00Z
19,98,Dubrovnik,10062,10510,20572,740,353,1093,31,15,46,576,87,663,555,626,1181,0,0,0,53,66,119,12017,11657,23674,2020-02-29T23:00:00Z
20,123,Goričan,306,141,447,7,3,10,9,1,10,0,2,2,30,19,49,0,0,0,0,0,0,352,166,518,2020-02-29T23:00:00Z
20,15,Belica,179,189,368,23,14,37,66,47,113,1,0,1,28,31,59,0,0,0,0,2,2,297,283,580,2020-02-29T23:00:00Z
20,206,Kotoriba,456,223,679,11,4,15,7,0,7,0,5,5,18,20,38,0,0,0,0,0,0,492,252,744,2020-02-29T23:00:00Z
20,250,Mala Subotica,475,957,1432,29,17,46,35,19,54,2,4,6,42,29,71,0,0,0,1,3,4,584,1029,1613,2020-02-29T23:00:00Z
20,276,Mursko Središće,756,752,1508,38,23,61,17,6,23,4,7,11,58,56,114,0,0,0,1,2,3,874,846,1720,2020-02-29T23:00:00Z
20,279,Nedelišće,1288,734,2022,88,33,121,42,19,61,1,8,9,154,66,220,0,0,0,1,8,9,1574,868,2442,2020-02-29T23:00:00Z
20,342,Podturen,156,86,242,19,6,25,18,15,33,1,2,3,49,39,88,0,0,0,0,1,1,243,149,392,2020-02-29T23:00:00Z
20,355,Prelog,2294,1621,3915,65,17,82,49,35,84,9,8,17,72,51,123,0,0,0,4,4,8,2493,1736,4229,2020-02-29T23:00:00Z
20,385,Selnica,135,115,250,6,8,14,8,6,14,1,1,2,10,18,28,0,0,0,0,1,1,160,149,309,2020-02-29T23:00:00Z
20,440,Sveti Juraj Na Bregu,247,141,388,27,13,40,15,7,22,2,2,4,45,65,110,0,0,0,0,1,1,336,229,565,2020-02-29T23:00:00Z
20,441,Sveti Martin Na Muri,583,324,907,9,9,18,12,7,19,0,3,3,29,33,62,0,0,0,1,0,1,634,376,1010,2020-02-29T23:00:00Z
20,452,Štrigova,257,187,444,28,8,36,44,24,68,2,1,3,61,64,125,0,0,0,0,0,0,392,284,676,2020-02-29T23:00:00Z
20,504,Vratišinec,135,93,228,6,3,9,14,5,19,1,2,3,9,5,14,0,0,0,1,0,1,166,108,274,2020-02-29T23:00:00Z
20,60,Čakovec,9618,9361,18979,260,123,383,66,28,94,37,64,101,276,383,659,0,0,0,8,7,15,10265,9966,20231,2020-02-29T23:00:00Z
20,603,Dekanovec,72,70,142,4,2,6,8,7,15,0,0,0,5,2,7,0,0,0,0,1,1,89,82,171,2020-02-29T23:00:00Z
20,604,Gornji Mihaljevec,129,56,185,9,2,11,23,7,30,2,1,3,21,13,34,0,0,0,1,0,1,185,79,264,2020-02-29T23:00:00Z
20,605,Orehovica,81,124,205,14,2,16,28,16,44,1,2,3,48,21,69,0,0,0,0,2,2,172,167,339,2020-02-29T23:00:00Z
20,606,Strahoninec,227,124,351,13,4,17,4,1,5,0,1,1,36,10,46,0,0,0,0,2,2,280,142,422,2020-02-29T23:00:00Z
20,607,Sveta Marija,74,67,141,14,6,20,5,0,5,1,0,1,26,6,32,0,0,0,1,1,2,121,80,201,2020-02-29T23:00:00Z
20,608,Šenkovec,555,245,800,16,13,29,3,1,4,0,1,1,27,26,53,0,0,0,1,3,4,602,289,891,2020-02-29T23:00:00Z
20,620,Pribislavec,216,98,314,10,5,15,2,1,3,2,1,3,15,9,24,0,0,0,0,0,0,245,114,359,2020-02-29T23:00:00Z
20,75,Domašinec,323,112,435,7,9,16,19,13,32,0,2,2,16,11,27,0,0,0,2,1,3,367,148,515,2020-02-29T23:00:00Z
20,78,Donja Dubrava,177,221,398,17,7,24,6,3,9,0,1,1,14,12,26,0,0,0,0,0,0,214,244,458,2020-02-29T23:00:00Z
20,82,Donji Kraljevec,1265,541,1806,39,8,47,52,16,68,3,6,9,95,136,231,0,0,0,4,8,12,1458,715,2173,2020-02-29T23:00:00Z
20,89,Donji Vidovec,51,82,133,2,1,3,5,0,5,1,2,3,4,14,18,0,0,0,0,0,0,63,99,162,2020-02-29T23:00:00Z
21,133,Zagreb,222705,204581,427286,7661,4958,12619,321,188,509,2281,2140,4421,5662,7318,12980,18,3,21,396,567,963,239044,219755,458799,2020-02-29T23:00:00Z
01,101,Dugo Selo,2844,1934,4778,228,87,315,27,24,51,23,25,48,269,231,500,0,0,0,7,20,27,3398,2321,5719,2020-03-31T22:00:00Z
01,114,Farkaševac,187,247,434,7,4,11,29,14,43,0,2,2,35,12,47,0,0,0,1,0,1,259,279,538,2020-03-31T22:00:00Z
01,135,Gradec,143,124,267,15,3,18,13,7,20,0,2,2,45,17,62,0,0,0,0,0,0,216,153,369,2020-03-31T22:00:00Z
01,158,Ivanić-Grad,3196,1596,4792,84,74,158,49,30,79,5,20,25,150,181,331,0,0,0,9,8,17,3493,1909,5402,2020-03-31T22:00:00Z
01,163,Jakovlje,198,177,375,41,9,50,9,12,21,4,2,6,37,45,82,0,0,0,1,0,1,290,245,535,2020-03-31T22:00:00Z
01,169,Jastrebarsko,2149,1547,3696,218,116,334,65,33,98,17,21,38,253,231,484,0,0,0,12,7,19,2714,1955,4669,2020-03-31T22:00:00Z
01,190,Klinča Selo,184,145,329,37,7,44,5,3,8,0,0,0,73,46,119,0,0,0,0,1,1,299,202,501,2020-03-31T22:00:00Z
01,193,Kloštar Ivanić,383,281,664,25,10,35,22,5,27,1,11,12,50,43,93,0,0,0,2,1,3,483,351,834,2020-03-31T22:00:00Z
01,213,Križ,550,384,934,28,23,51,24,14,38,3,6,9,28,59,87,0,0,0,3,1,4,636,487,1123,2020-03-31T22:00:00Z
01,33,Brckovljani,269,280,549,7,3,10,0,0,0,0,2,2,21,11,32,0,0,0,0,0,0,297,296,593,2020-03-31T22:00:00Z
01,331,Pisarovina,372,270,642,28,17,45,25,20,45,1,4,5,22,32,54,0,0,0,1,3,4,449,346,795,2020-03-31T22:00:00Z
01,34,Brdovec,798,680,1478,98,28,126,12,8,20,3,8,11,93,63,156,0,0,0,2,3,5,1006,790,1796,2020-03-31T22:00:00Z
01,356,Preseka,21,10,31,5,2,7,15,12,27,0,1,1,19,6,25,0,0,0,1,1,2,61,32,93,2020-03-31T22:00:00Z
01,362,Pušča,175,188,363,29,14,43,8,2,10,1,3,4,57,28,85,0,0,0,0,0,0,270,235,505,2020-03-31T22:00:00Z
01,376,Rugvica,980,387,1367,9,5,14,4,2,6,1,2,3,24,28,52,0,0,0,1,0,1,1019,424,1443,2020-03-31T22:00:00Z
01,380,Samobor,4984,3622,8606,481,273,754,29,24,53,47,71,118,566,504,1070,0,0,0,32,29,61,6139,4523,10662,2020-03-31T22:00:00Z
01,429,Sveti Ivan Zelina,2111,1835,3946,168,69,237,88,67,155,13,19,32,250,210,460,0,0,0,10,5,15,2640,2205,4845,2020-03-31T22:00:00Z
01,436,Sveta Nedjelja,4980,2974,7954,224,82,306,8,5,13,12,12,24,342,180,522,0,0,0,6,5,11,5572,3258,8830,2020-03-31T22:00:00Z
01,508,Vrbovec,2267,1898,4165,154,66,220,72,34,106,6,20,26,274,152,426,0,0,0,11,14,25,2784,2184,4968,2020-03-31T22:00:00Z
01,533,Krašić,254,169,423,30,9,39,18,12,30,4,3,7,28,33,61,0,0,0,1,1,2,335,227,562,2020-03-31T22:00:00Z
01,536,Rakovec,27,15,42,10,2,12,14,12,26,0,1,1,18,11,29,0,0,0,0,0,0,69,41,110,2020-03-31T22:00:00Z
01,539,Marija Gorica,84,92,176,15,6,21,0,0,0,1,1,2,22,24,46,0,0,0,0,0,0,122,123,245,2020-03-31T22:00:00Z
01,540,Žumberak,16,20,36,5,2,7,10,6,16,0,0,0,8,8,16,0,0,0,0,0,0,39,36,75,2020-03-31T22:00:00Z
01,541,Velika Gorica,7533,5953,13486,607,326,933,76,35,111,54,76,130,583,546,1129,0,0,0,26,21,47,8879,6957,15836,2020-03-31T22:00:00Z
01,542,Orle,43,23,66,10,1,11,9,6,15,0,0,0,10,2,12,0,0,0,0,1,1,72,33,105,2020-03-31T22:00:00Z
01,543,Zaprešić,3251,2852,6103,204,136,340,16,10,26,37,47,84,245,242,487,0,0,0,16,14,30,3769,3301,7070,2020-03-31T22:00:00Z
01,544,Pokupsko,38,59,97,8,7,15,15,6,21,1,0,1,6,7,13,0,0,0,0,0,0,68,79,147,2020-03-31T22:00:00Z
01,545,Kravarsko,110,100,210,27,9,36,8,8,16,0,1,1,63,12,75,0,0,0,1,0,1,209,130,339,2020-03-31T22:00:00Z
01,547,Bistra,352,504,856,47,23,70,7,5,12,2,8,10,66,49,115,1,0,1,0,2,2,475,591,1066,2020-03-31T22:00:00Z
01,548,Luka,248,86,334,14,2,16,3,6,9,1,1,2,20,18,38,0,0,0,1,0,1,287,113,400,2020-03-31T22:00:00Z
01,549,Dubravica,69,42,111,15,0,15,15,8,23,0,0,0,17,13,30,0,0,0,0,0,0,116,63,179,2020-03-31T22:00:00Z
01,550,Bedenica,192,150,342,12,5,17,7,8,15,1,1,2,19,10,29,0,0,0,0,0,0,231,174,405,2020-03-31T22:00:00Z
01,551,Stupnik,1196,466,1662,23,13,36,0,4,4,2,2,4,20,19,39,0,0,0,0,1,1,1241,505,1746,2020-03-31T22:00:00Z
01,97,Dubrava,289,304,593,42,19,61,66,39,105,3,12,15,76,66,142,0,0,0,3,12,15,479,452,931,2020-03-31T22:00:00Z
02,108,Đurmanec,95,125,220,57,10,67,1,2,3,3,4,7,107,92,199,0,0,0,1,0,1,264,233,497,2020-03-31T22:00:00Z
02,11,Bedekovčina,508,740,1248,87,36,123,6,9,15,5,8,13,138,113,251,0,0,0,5,2,7,749,908,1657,2020-03-31T22:00:00Z
02,125,Gornja Stubica,197,275,472,47,14,61,7,3,10,1,1,2,63,43,106,0,0,0,0,2,2,315,338,653,2020-03-31T22:00:00Z
02,146,Hraščina,46,34,80,9,2,11,3,4,7,0,1,1,6,6,12,0,0,0,1,0,1,65,47,112,2020-03-31T22:00:00Z
02,152,Hum Na Sutli,1569,582,2151,51,30,81,4,0,4,1,8,9,176,73,249,0,0,0,2,1,3,1803,694,2497,2020-03-31T22:00:00Z
02,187,Klanjec,301,262,563,65,19,84,10,6,16,5,0,5,69,43,112,0,0,0,1,2,3,451,332,783,2020-03-31T22:00:00Z
02,200,Konjščina,380,354,734,34,13,47,1,0,1,2,3,5,28,32,60,0,0,0,2,1,3,447,403,850,2020-03-31T22:00:00Z
02,208,Kraljevec Na Sutli,59,47,106,16,6,22,4,3,7,0,0,0,19,5,24,0,0,0,0,2,2,98,63,161,2020-03-31T22:00:00Z
02,211,Krapina,2582,2714,5296,161,74,235,7,4,11,20,19,39,199,185,384,0,0,0,3,3,6,2972,2999,5971,2020-03-31T22:00:00Z
02,212,Krapinske Toplice,583,1167,1750,62,34,96,5,7,12,0,5,5,117,73,190,0,0,0,1,1,2,768,1287,2055,2020-03-31T22:00:00Z
02,236,Lobor,166,244,410,17,10,27,6,5,11,0,0,0,28,15,43,0,0,0,1,0,1,218,274,492,2020-03-31T22:00:00Z
02,248,Mače,117,54,171,25,6,31,3,3,6,1,0,1,48,29,77,0,0,0,0,0,0,194,92,286,2020-03-31T22:00:00Z
02,256,Marija Bistrica,327,303,630,60,39,99,16,5,21,1,4,5,81,80,161,0,0,0,5,4,9,490,435,925,2020-03-31T22:00:00Z
02,265,Mihovljan,103,90,193,30,4,34,6,0,6,0,0,0,66,13,79,0,0,0,1,3,4,206,110,316,2020-03-31T22:00:00Z
02,311,Oroslavje,881,789,1670,80,31,111,8,2,10,5,6,11,106,72,178,0,0,0,3,3,6,1083,903,1986,2020-03-31T22:00:00Z
02,329,Petrovsko,73,50,123,16,2,18,1,1,2,4,0,4,56,9,65,0,0,0,1,0,1,151,62,213,2020-03-31T22:00:00Z
02,352,Pregrada,771,925,1696,106,30,136,6,3,9,6,6,12,150,102,252,0,0,0,0,2,2,1039,1068,2107,2020-03-31T22:00:00Z
02,364,Radoboj,123,96,219,18,10,28,1,1,2,1,2,3,47,20,67,0,0,0,0,0,0,190,129,319,2020-03-31T22:00:00Z
02,41,Budinščina,162,173,335,15,6,21,6,2,8,1,5,6,19,10,29,0,0,0,1,1,2,204,197,401,2020-03-31T22:00:00Z
02,422,Stubičke Toplice,194,401,595,33,12,45,1,1,2,5,5,10,75,26,101,0,0,0,1,1,2,309,446,755,2020-03-31T22:00:00Z
02,430,Sveti Križ Začretje,602,693,1295,73,20,93,8,4,12,2,3,5,135,85,220,0,0,0,5,1,6,825,806,1631,2020-03-31T22:00:00Z
02,466,Tuhelj,120,228,348,18,11,29,5,1,6,1,3,4,30,33,63,0,0,0,0,0,0,174,276,450,2020-03-31T22:00:00Z
02,481,Veliko Trgovišće,467,286,753,48,15,63,4,3,7,3,5,8,103,56,159,0,0,0,3,1,4,628,366,994,2020-03-31T22:00:00Z
02,519,Zabok,2766,2613,5379,139,83,222,5,3,8,11,20,31,217,323,540,0,0,0,2,3,5,3140,3045,6185,2020-03-31T22:00:00Z
02,521,Zagorska Sela,12,55,67,10,2,12,6,1,7,0,1,1,15,4,19,0,0,0,0,0,0,43,63,106,2020-03-31T22:00:00Z
02,526,Zlatar,520,622,1142,86,43,129,19,14,33,9,11,20,103,68,171,0,0,0,3,5,8,740,763,1503,2020-03-31T22:00:00Z
02,527,Zlatar Bistrica,373,607,980,30,8,38,3,2,5,4,2,6,71,34,105,0,0,0,2,4,6,483,657,1140,2020-03-31T22:00:00Z
02,552,Jesenje,50,60,110,9,1,10,0,1,1,1,0,1,48,9,57,0,0,0,0,1,1,108,72,180,2020-03-31T22:00:00Z
02,553,Kumrovec,84,98,182,19,4,23,2,0,2,2,1,3,22,17,39,0,0,0,0,0,0,129,120,249,2020-03-31T22:00:00Z
02,554,Novi Golubovec,135,49,184,4,2,6,1,0,1,0,1,1,7,2,9,0,0,0,0,0,0,147,54,201,2020-03-31T22:00:00Z
02,70,Desinić,135,275,410,30,7,37,10,3,13,2,1,3,28,29,57,0,0,0,0,0,0,205,315,520,2020-03-31T22:00:00Z
02,79,Donja Stubica,727,763,1490,95,47,142,5,3,8,6,3,9,103,54,157,0,0,0,3,2,5,939,872,1811,2020-03-31T22:00:00Z
03,102,Dvor,262,131,393,14,4,18,60,17,77,0,5,5,9,8,17,0,0,0,3,1,4,348,166,514,2020-03-31T22:00:00Z
03,121,Glina,1101,647,1748,35,23,58,58,20,78,4,11,15,74,78,152,0,0,0,1,0,1,1273,779,2052,2020-03-31T22:00:00Z
03,149,Hrvatska Dubica,65,82,147,6,2,8,12,3,15,0,0,0,3,2,5,0,0,0,0,0,0,86,89,175,2020-03-31T22:00:00Z
03,150,Hrvatska Kostajnica,275,283,558,13,8,21,12,1,13,1,3,4,5,16,21,0,0,0,2,0,2,308,311,619,2020-03-31T22:00:00Z
03,168,Jasenovac,117,118,235,11,3,14,13,7,20,0,0,0,11,7,18,0,0,0,0,0,0,152,135,287,2020-03-31T22:00:00Z
03,220,Kutina,3365,2893,6258,151,96,247,44,22,66,31,25,56,188,242,430,1,0,1,23,11,34,3803,3289,7092,2020-03-31T22:00:00Z
03,228,Lekenik,277,251,528,35,10,45,8,10,18,1,3,4,39,23,62,0,0,0,1,2,3,361,299,660,2020-03-31T22:00:00Z
03,232,Lipovljani,305,290,595,25,12,37,10,4,14,3,0,3,33,40,73,0,0,0,1,1,2,377,347,724,2020-03-31T22:00:00Z
03,259,Martinska Ves,145,70,215,8,1,9,29,18,47,1,0,1,36,15,51,0,0,0,1,1,2,220,105,325,2020-03-31T22:00:00Z
03,293,Novska,1308,911,2219,155,85,240,29,14,43,6,19,25,229,236,465,0,0,0,3,3,6,1730,1268,2998,2020-03-31T22:00:00Z
03,328,Petrinja,1443,1600,3043,186,76,262,63,23,86,6,26,32,272,258,530,0,0,0,10,7,17,1980,1990,3970,2020-03-31T22:00:00Z
03,347,Popovača,927,963,1890,80,42,122,46,17,63,9,11,20,85,117,202,0,0,0,6,3,9,1153,1153,2306,2020-03-31T22:00:00Z
03,391,Sisak,6791,7907,14698,334,208,542,99,69,168,47,78,125,571,573,1144,0,0,0,19,19,38,7861,8854,16715,2020-03-31T22:00:00Z
03,426,Sunja,178,135,313,24,6,30,40,33,73,0,3,3,22,22,44,0,0,0,2,0,2,266,199,465,2020-03-31T22:00:00Z
03,457,Topusko,252,321,573,17,7,24,4,2,6,4,0,4,34,29,63,0,0,0,0,0,0,311,359,670,2020-03-31T22:00:00Z
03,477,Velika Ludina,99,127,226,11,8,19,12,4,16,0,0,0,30,18,48,0,0,0,0,0,0,152,157,309,2020-03-31T22:00:00Z
03,510,Gvozd,102,106,208,5,4,9,21,3,24,0,0,0,13,10,23,0,0,0,2,0,2,143,123,266,2020-03-31T22:00:00Z
03,555,Majur,100,55,155,2,1,3,5,1,6,0,0,0,2,0,2,0,0,0,0,0,0,109,57,166,2020-03-31T22:00:00Z
03,83,Donji Kukuruzari,44,74,118,4,0,4,5,3,8,0,0,0,1,3,4,0,0,0,1,0,1,55,80,135,2020-03-31T22:00:00Z
04,120,Generalski Stol,31,64,95,21,6,27,1,0,1,0,1,1,20,11,31,0,0,0,0,0,0,73,82,155,2020-03-31T22:00:00Z
04,172,Josipdol,222,177,399,29,16,45,3,9,12,2,1,3,46,51,97,0,0,0,0,1,1,302,255,557,2020-03-31T22:00:00Z
04,179,Karlovac,10038,8459,18497,390,267,657,76,56,132,77,100,177,596,773,1369,0,0,0,18,24,42,11195,9679,20874,2020-03-31T22:00:00Z
04,216,Krnjak,53,63,116,3,2,5,8,4,12,0,0,0,9,3,12,0,0,0,0,0,0,73,72,145,2020-03-31T22:00:00Z
04,225,Lasinja,19,46,65,5,2,7,0,5,5,2,0,2,7,7,14,0,0,0,0,0,0,33,60,93,2020-03-31T22:00:00Z
04,281,Netretić,60,81,141,13,4,17,4,1,5,1,2,3,45,32,77,0,0,0,0,0,0,123,120,243,2020-03-31T22:00:00Z
04,297,Ogulin,1755,1652,3407,135,82,217,27,15,42,9,31,40,139,165,304,0,0,0,7,8,15,2072,1953,4025,2020-03-31T22:00:00Z
04,30,Bosiljevo,100,92,192,5,0,5,0,0,0,1,0,1,27,22,49,0,0,0,0,0,0,133,114,247,2020-03-31T22:00:00Z
04,315,Ozalj,779,581,1360,88,30,118,18,16,34,7,12,19,125,117,242,0,0,0,2,4,6,1019,760,1779,2020-03-31T22:00:00Z
04,333,Plaški,79,87,166,9,4,13,11,2,13,1,0,1,26,24,50,0,0,0,0,0,0,126,117,243,2020-03-31T22:00:00Z
04,365,Rakovica,127,106,233,5,12,17,3,4,7,0,2,2,59,43,102,0,0,0,1,0,1,195,167,362,2020-03-31T22:00:00Z
04,378,Saborsko,13,11,24,2,1,3,1,0,1,0,0,0,11,1,12,0,0,0,0,0,0,27,13,40,2020-03-31T22:00:00Z
04,400,Slunj,330,380,710,40,17,57,23,15,38,2,10,12,119,92,211,0,0,0,2,12,14,516,526,1042,2020-03-31T22:00:00Z
04,49,Cetingrad,58,57,115,6,1,7,3,4,7,1,0,1,11,11,22,0,0,0,0,0,0,79,73,152,2020-03-31T22:00:00Z
04,503,Vojnić,356,226,582,18,10,28,40,12,52,2,0,2,25,29,54,0,0,0,2,3,5,443,280,723,2020-03-31T22:00:00Z
04,530,Žakanje,122,89,211,25,10,35,9,1,10,0,0,0,24,35,59,0,0,0,0,1,1,180,136,316,2020-03-31T22:00:00Z
04,556,Ribnik,4,3,7,10,2,12,1,3,4,0,0,0,6,12,18,0,0,0,0,0,0,21,20,41,2020-03-31T22:00:00Z
04,557,Tounj,97,23,120,4,0,4,0,0,0,0,0,0,3,4,7,0,0,0,0,0,0,104,27,131,2020-03-31T22:00:00Z
04,623,Kamanje,155,92,247,3,4,7,1,0,1,0,0,0,2,15,17,0,0,0,0,0,0,161,111,272,2020-03-31T22:00:00Z
04,7,Barilovići,271,141,412,20,7,27,7,1,8,0,1,1,119,31,150,0,0,0,0,0,0,417,181,598,2020-03-31T22:00:00Z
04,90,Draganić,116,89,205,13,4,17,7,3,10,1,2,3,23,28,51,0,0,0,0,0,0,160,126,286,2020-03-31T22:00:00Z
04,99,Duga Resa,1032,974,2006,139,59,198,21,11,32,5,13,18,205,194,399,0,0,0,5,4,9,1407,1255,2662,2020-03-31T22:00:00Z
05,12,Bednja,190,134,324,22,10,32,3,8,11,2,1,3,25,25,50,0,0,0,0,1,1,242,179,421,2020-03-31T22:00:00Z
05,129,Gornji Kneginec,436,1260,1696,50,20,70,11,4,15,0,8,8,100,60,160,0,0,0,6,6,12,603,1358,1961,2020-03-31T22:00:00Z
05,151,Breznički Hum,200,142,342,14,5,19,8,11,19,0,2,2,21,13,34,0,0,0,2,5,7,245,178,423,2020-03-31T22:00:00Z
05,156,Ivanec,1847,1715,3562,150,62,212,14,12,26,13,19,32,300,262,562,0,0,0,7,11,18,2331,2081,4412,2020-03-31T22:00:00Z
05,165,Jalžabet,700,921,1621,22,3,25,11,7,18,0,3,3,32,18,50,0,0,0,0,1,1,765,953,1718,2020-03-31T22:00:00Z
05,189,Klenovnik,86,54,140,8,5,13,1,1,2,1,1,2,23,28,51,0,0,0,2,0,2,121,89,210,2020-03-31T22:00:00Z
05,19,Beretinec,67,35,102,18,2,20,3,3,6,0,1,1,18,20,38,0,0,0,1,0,1,107,61,168,2020-03-31T22:00:00Z
05,229,Lepoglava,1181,561,1742,48,28,76,8,7,15,1,5,6,100,81,181,0,0,0,1,6,7,1339,688,2027,2020-03-31T22:00:00Z
05,244,Ludbreg,1792,1438,3230,100,59,159,43,36,79,8,15,23,253,168,421,0,0,0,5,6,11,2201,1722,3923,2020-03-31T22:00:00Z
05,247,Ljubešćica,317,131,448,31,7,38,2,0,2,1,5,6,102,27,129,0,0,0,0,0,0,453,170,623,2020-03-31T22:00:00Z
05,251,Mali Bukovec,36,83,119,14,6,20,28,16,44,0,3,3,105,37,142,0,0,0,1,1,2,184,146,330,2020-03-31T22:00:00Z
05,260,Maruševec,354,270,624,44,22,66,23,25,48,3,4,7,105,40,145,0,0,0,4,1,5,533,362,895,2020-03-31T22:00:00Z
05,289,Novi Marof,1248,1177,2425,154,66,220,15,11,26,8,14,22,257,168,425,0,0,0,7,2,9,1689,1438,3127,2020-03-31T22:00:00Z
05,326,Petrijanec,379,620,999,28,7,35,21,12,33,1,4,5,79,82,161,0,0,0,0,1,1,508,726,1234,2020-03-31T22:00:00Z
05,36,Breznica,152,59,211,15,3,18,6,6,12,1,6,7,22,13,35,0,0,0,0,0,0,196,87,283,2020-03-31T22:00:00Z
05,410,Sračinec,196,242,438,40,10,50,3,2,5,1,6,7,81,56,137,0,0,0,0,2,2,321,318,639,2020-03-31T22:00:00Z
05,437,Sveti Đurđ,87,85,172,27,4,31,26,10,36,3,2,5,34,28,62,0,0,0,1,0,1,178,129,307,2020-03-31T22:00:00Z
05,438,Sveti Ilija,136,158,294,13,8,21,2,1,3,1,4,5,47,26,73,0,0,0,0,0,0,199,197,396,2020-03-31T22:00:00Z
05,462,Trnovec Bartolovečki,1270,1569,2839,63,15,78,16,7,23,2,6,8,209,77,286,0,0,0,4,2,6,1564,1676,3240,2020-03-31T22:00:00Z
05,472,Varaždin,15896,14998,30894,482,304,786,42,21,63,82,128,210,551,623,1174,1,0,1,28,16,44,17082,16090,33172,2020-03-31T22:00:00Z
05,473,Varaždinske Toplice,602,443,1045,46,17,63,8,7,15,2,10,12,208,52,260,0,0,0,1,6,7,867,535,1402,2020-03-31T22:00:00Z
05,48,Cestica,412,337,749,43,21,64,14,18,32,2,5,7,88,76,164,0,0,0,0,3,3,559,460,1019,2020-03-31T22:00:00Z
05,484,Vidovec,208,228,436,51,14,65,71,36,107,1,5,6,116,86,202,0,0,0,0,1,1,447,370,817,2020-03-31T22:00:00Z
05,486,Vinica,249,195,444,22,10,32,7,5,12,1,5,6,30,21,51,0,0,0,0,1,1,309,237,546,2020-03-31T22:00:00Z
05,493,Visoko,99,46,145,16,0,16,5,4,9,0,0,0,24,22,46,0,0,0,1,0,1,145,72,217,2020-03-31T22:00:00Z
05,558,Veliki Bukovec,352,299,651,6,2,8,31,15,46,0,0,0,38,25,63,0,0,0,0,0,0,427,341,768,2020-03-31T22:00:00Z
05,80,Donja Voća,93,58,151,9,1,10,8,9,17,0,1,1,30,20,50,0,0,0,0,0,0,140,89,229,2020-03-31T22:00:00Z
05,85,Donji Martijanec,335,181,516,26,8,34,27,5,32,2,1,3,61,31,92,0,0,0,0,0,0,451,226,677,2020-03-31T22:00:00Z
06,104,Đelekovec,21,35,56,17,7,24,49,12,61,0,3,3,17,8,25,0,0,0,5,1,6,109,66,175,2020-03-31T22:00:00Z
06,107,Đurđevac,1297,1126,2423,69,40,109,84,62,146,11,11,22,82,76,158,0,0,0,16,11,27,1559,1326,2885,2020-03-31T22:00:00Z
06,115,Ferdinandovac,30,89,119,9,1,10,48,36,84,1,1,2,18,4,22,0,0,0,0,0,0,106,131,237,2020-03-31T22:00:00Z
06,122,Gola,147,130,277,9,2,11,95,44,139,0,6,6,10,23,33,0,0,0,1,1,2,262,206,468,2020-03-31T22:00:00Z
06,145,Hlebine,9,23,32,2,0,2,11,5,16,1,1,2,1,10,11,0,0,0,1,0,1,25,39,64,2020-03-31T22:00:00Z
06,194,Kloštar Podravski,170,161,331,21,9,30,45,40,85,0,1,1,34,48,82,0,0,0,1,1,2,271,260,531,2020-03-31T22:00:00Z
06,201,Koprivnica,7071,7385,14456,306,166,472,61,29,90,66,88,154,401,412,813,0,1,1,15,23,38,7920,8104,16024,2020-03-31T22:00:00Z
06,202,Koprivnički Bregi,57,73,130,10,4,14,21,7,28,0,1,1,27,10,37,0,0,0,1,0,1,116,95,211,2020-03-31T22:00:00Z
06,203,Koprivnički Ivanec,64,50,114,22,2,24,21,6,27,0,0,0,31,8,39,0,0,0,1,1,2,139,67,206,2020-03-31T22:00:00Z
06,214,Križevci,3230,3378,6608,144,91,235,255,205,460,14,31,45,228,217,445,0,0,0,7,11,18,3878,3933,7811,2020-03-31T22:00:00Z
06,227,Legrad,55,67,122,12,4,16,21,9,30,0,3,3,23,21,44,0,0,0,0,0,0,111,104,215,2020-03-31T22:00:00Z
06,270,Molve,234,118,352,7,8,15,64,33,97,1,3,4,52,24,76,0,0,0,2,2,4,360,188,548,2020-03-31T22:00:00Z
06,292,Novigrad Podravski,90,114,204,9,2,11,22,12,34,0,2,2,12,16,28,0,0,0,1,1,2,134,147,281,2020-03-31T22:00:00Z
06,324,Peteranec,83,32,115,12,3,15,20,9,29,0,1,1,30,9,39,0,0,0,1,2,3,146,56,202,2020-03-31T22:00:00Z
06,366,Rasinja,47,72,119,18,4,22,61,25,86,1,1,2,26,21,47,0,0,0,3,1,4,156,124,280,2020-03-31T22:00:00Z
06,405,Sokolovac,147,68,215,14,2,16,48,20,68,4,4,8,23,12,35,0,0,0,0,2,2,236,108,344,2020-03-31T22:00:00Z
06,439,Sveti Ivan Žabno,236,188,424,32,18,50,100,67,167,2,2,4,51,48,99,0,0,0,0,1,1,421,324,745,2020-03-31T22:00:00Z
06,442,Sveti Petar Orehovec,121,95,216,29,5,34,162,153,315,0,1,1,33,17,50,0,0,0,1,0,1,346,271,617,2020-03-31T22:00:00Z
06,490,Virje,282,197,479,26,10,36,43,25,68,3,2,5,32,38,70,0,0,0,1,1,2,387,273,660,2020-03-31T22:00:00Z
06,559,Kalinovac,397,88,485,4,2,6,9,2,11,0,0,0,9,8,17,0,0,0,0,0,0,419,100,519,2020-03-31T22:00:00Z
06,560,Kalnik,44,48,92,3,4,7,20,27,47,0,1,1,6,3,9,0,0,0,0,0,0,73,83,156,2020-03-31T22:00:00Z
06,561,Novo Virje,45,35,80,2,0,2,41,28,69,0,0,0,14,5,19,0,0,0,0,0,0,102,68,170,2020-03-31T22:00:00Z
06,616,Podravske Sesvete,95,85,180,1,5,6,22,14,36,2,2,4,6,7,13,0,0,0,0,2,2,126,115,241,2020-03-31T22:00:00Z
06,618,Gornja Reka,77,78,155,4,3,7,9,8,17,0,0,0,6,4,10,0,0,0,0,0,0,96,93,189,2020-03-31T22:00:00Z
06,96,Drnje,85,116,201,10,1,11,17,9,26,0,2,2,9,10,19,0,0,0,0,0,0,121,138,259,2020-03-31T22:00:00Z
07,105,Đulovac,221,74,295,9,7,16,32,13,45,1,6,7,92,23,115,0,0,0,0,0,0,355,123,478,2020-03-31T22:00:00Z
07,119,Garešnica,1023,1035,2058,49,29,78,64,38,102,15,26,41,97,122,219,0,0,0,4,6,10,1252,1256,2508,2020-03-31T22:00:00Z
07,139,Grubišno Polje,563,486,1049,32,22,54,107,46,153,4,10,14,67,67,134,0,0,0,1,4,5,774,635,1409,2020-03-31T22:00:00Z
07,144,Hercegovac,123,160,283,15,3,18,49,16,65,3,2,5,41,35,76,0,0,0,1,1,2,232,217,449,2020-03-31T22:00:00Z
07,161,Ivanska,111,102,213,4,3,7,44,15,59,2,2,4,77,19,96,0,0,0,2,1,3,240,142,382,2020-03-31T22:00:00Z
07,176,Kapela,84,85,169,4,2,6,51,29,80,0,1,1,18,8,26,0,0,0,2,1,3,159,126,285,2020-03-31T22:00:00Z
07,18,Berek,52,62,114,4,1,5,25,20,45,0,0,0,9,6,15,0,0,0,0,1,1,90,90,180,2020-03-31T22:00:00Z
07,199,Končanica,114,70,184,9,3,12,33,18,51,0,2,2,19,11,30,0,0,0,1,2,3,176,106,282,2020-03-31T22:00:00Z
07,24,Bjelovar,6952,6703,13655,295,165,460,209,113,322,57,83,140,413,483,896,2,0,2,20,15,35,7948,7562,15510,2020-03-31T22:00:00Z
07,287,Nova Rača,104,112,216,8,1,9,86,34,120,0,2,2,33,13,46,0,0,0,0,0,0,231,162,393,2020-03-31T22:00:00Z
07,375,Rovišće,179,188,367,26,10,36,58,34,92,1,3,4,21,36,57,0,0,0,1,2,3,286,273,559,2020-03-31T22:00:00Z
07,390,Sirač,250,164,414,14,2,16,8,4,12,2,1,3,20,10,30,0,0,0,2,2,4,296,183,479,2020-03-31T22:00:00Z
07,450,Štefanje,48,61,109,8,2,10,35,14,49,1,2,3,36,17,53,0,0,0,0,0,0,128,96,224,2020-03-31T22:00:00Z
07,478,Velika Pisanica,67,67,134,3,2,5,35,16,51,1,0,1,7,7,14,0,0,0,0,0,0,113,92,205,2020-03-31T22:00:00Z
07,480,Veliki Grđevac,144,110,254,9,4,13,77,31,108,2,2,4,67,24,91,0,0,0,1,0,1,300,171,471,2020-03-31T22:00:00Z
07,483,Veliko Trojstvo,48,89,137,13,4,17,11,13,24,1,0,1,44,19,63,0,0,0,0,0,0,117,125,242,2020-03-31T22:00:00Z
07,562,Severin,106,34,140,2,0,2,17,14,31,0,0,0,11,30,41,0,0,0,1,0,1,137,78,215,2020-03-31T22:00:00Z
07,564,Šandrovac,22,55,77,4,0,4,10,6,16,0,0,0,12,5,17,0,0,0,0,0,0,48,66,114,2020-03-31T22:00:00Z
07,565,Velika Trnovitica,60,68,128,7,1,8,32,21,53,1,0,1,23,6,29,0,0,0,0,1,1,123,97,220,2020-03-31T22:00:00Z
07,566,Zrinski Topolovac,8,33,41,2,1,3,34,22,56,0,0,0,6,0,6,0,0,0,1,0,1,51,56,107,2020-03-31T22:00:00Z
07,63,Čazma,1213,823,2036,51,17,68,63,47,110,6,7,13,92,76,168,0,0,0,3,3,6,1428,973,2401,2020-03-31T22:00:00Z
07,67,Daruvar,1359,1605,2964,92,50,142,46,19,65,17,23,40,141,176,317,0,0,0,3,8,11,1658,1881,3539,2020-03-31T22:00:00Z
07,71,Dežanovac,106,77,183,10,2,12,74,41,115,1,1,2,37,15,52,0,0,0,1,1,2,229,137,366,2020-03-31T22:00:00Z
08,117,Fužine,260,183,443,18,8,26,1,2,3,4,1,5,11,16,27,0,0,0,2,0,2,296,210,506,2020-03-31T22:00:00Z
08,170,Jelenje,291,247,538,94,39,133,6,2,8,38,8,46,62,43,105,0,0,0,2,3,5,493,342,835,2020-03-31T22:00:00Z
08,180,Kastav,1067,781,1848,121,52,173,4,1,5,60,8,68,110,77,187,2,0,2,4,10,14,1368,929,2297,2020-03-31T22:00:00Z
08,186,Klana,393,217,610,22,8,30,1,1,2,4,2,6,15,12,27,0,0,0,1,1,2,436,241,677,2020-03-31T22:00:00Z
08,209,Kraljevica,341,250,591,37,26,63,2,1,3,42,8,50,21,28,49,1,0,1,1,8,9,445,321,766,2020-03-31T22:00:00Z
08,215,Krk,1764,1090,2854,222,79,301,14,7,21,27,14,41,243,160,403,0,0,0,8,7,15,2278,1357,3635,2020-03-31T22:00:00Z
08,237,Lokve,113,93,206,10,4,14,1,0,1,0,2,2,12,12,24,0,0,0,0,0,0,136,111,247,2020-03-31T22:00:00Z
08,242,Lovran,403,595,998,84,25,109,2,3,5,13,10,23,41,59,100,0,0,0,3,8,11,546,700,1246,2020-03-31T22:00:00Z
08,252,Mali Lošinj,1362,1342,2704,225,73,298,26,10,36,39,15,54,158,139,297,0,0,0,11,6,17,1821,1585,3406,2020-03-31T22:00:00Z
08,253,Malinska-Dubašnica,485,770,1255,125,56,181,9,7,16,9,4,13,139,116,255,0,0,0,8,3,11,775,956,1731,2020-03-31T22:00:00Z
08,261,Matulji,1412,992,2404,199,105,304,14,7,21,36,15,51,175,175,350,0,0,0,5,10,15,1841,1304,3145,2020-03-31T22:00:00Z
08,273,Mošćenička Draga,80,50,130,48,12,60,0,1,1,7,2,9,35,24,59,0,0,0,4,2,6,174,91,265,2020-03-31T22:00:00Z
08,275,Mrkopalj,60,42,102,17,2,19,2,0,2,1,0,1,5,7,12,0,0,0,1,0,1,86,51,137,2020-03-31T22:00:00Z
08,290,Novi Vinodolski,470,389,859,106,47,153,4,3,7,16,10,26,91,66,157,0,0,0,1,4,5,688,519,1207,2020-03-31T22:00:00Z
08,301,Omišalj,632,367,999,78,20,98,2,0,2,21,6,27,75,32,107,0,0,0,2,3,5,810,428,1238,2020-03-31T22:00:00Z
08,302,Opatija,2095,2548,4643,172,102,274,8,3,11,63,30,93,76,140,216,0,1,1,11,15,26,2425,2839,5264,2020-03-31T22:00:00Z
08,360,Punat,293,158,451,59,25,84,4,0,4,7,1,8,64,37,101,0,0,0,3,2,5,430,223,653,2020-03-31T22:00:00Z
08,363,Rab,931,1031,1962,299,80,379,15,4,19,16,14,30,211,144,355,0,0,0,8,11,19,1480,1284,2764,2020-03-31T22:00:00Z
08,369,Ravna Gora,274,285,559,33,7,40,1,0,1,3,1,4,33,26,59,0,0,0,1,2,3,345,321,666,2020-03-31T22:00:00Z
08,373,Rijeka,27177,27787,54964,1111,903,2014,23,15,38,1092,376,1468,887,1257,2144,21,0,21,113,134,247,30424,30472,60896,2020-03-31T22:00:00Z
08,38,Brod Moravice,35,43,78,10,0,10,0,0,0,0,1,1,17,7,24,0,0,0,2,0,2,64,51,115,2020-03-31T22:00:00Z
08,393,Skrad,45,44,89,3,2,5,1,1,2,1,1,2,3,7,10,0,0,0,0,0,0,53,55,108,2020-03-31T22:00:00Z
08,4,Bakar,1875,896,2771,58,36,94,2,0,2,79,11,90,63,60,123,0,0,0,5,10,15,2082,1013,3095,2020-03-31T22:00:00Z
08,488,Vinodolska Općina,183,146,329,58,19,77,2,0,2,9,1,10,39,13,52,1,0,1,2,2,4,294,181,475,2020-03-31T22:00:00Z
08,495,Viškovo,1632,1005,2637,190,89,279,3,3,6,64,16,80,158,119,277,0,0,0,7,9,16,2054,1241,3295,2020-03-31T22:00:00Z
08,507,Vrbnik,122,74,196,29,10,39,8,6,14,2,0,2,27,21,48,0,0,0,1,1,2,189,112,301,2020-03-31T22:00:00Z
08,509,Vrbovsko,465,323,788,58,21,79,3,3,6,0,6,6,81,38,119,0,0,0,2,0,2,609,391,1000,2020-03-31T22:00:00Z
08,52,Cres,492,385,877,78,25,103,14,3,17,12,4,16,45,60,105,0,0,0,6,2,8,647,479,1126,2020-03-31T22:00:00Z
08,53,Crikvenica,1134,1510,2644,212,107,319,4,1,5,45,23,68,189,147,336,0,0,0,7,16,23,1591,1804,3395,2020-03-31T22:00:00Z
08,538,Kostrena,397,258,655,26,20,46,2,0,2,63,6,69,18,28,46,2,0,2,2,4,6,510,316,826,2020-03-31T22:00:00Z
08,55,Čabar,373,299,672,50,16,66,1,1,2,6,0,6,142,46,188,0,0,0,1,5,6,573,367,940,2020-03-31T22:00:00Z
08,61,Čavle,598,465,1063,83,45,128,2,2,4,34,9,43,109,90,199,0,0,0,1,5,6,827,616,1443,2020-03-31T22:00:00Z
08,624,Lopar,65,40,105,24,3,27,0,0,0,1,0,1,8,15,23,0,0,0,1,0,1,99,58,157,2020-03-31T22:00:00Z
08,69,Delnice,1137,725,1862,78,43,121,2,2,4,12,17,29,75,99,174,0,0,0,4,6,10,1308,892,2200,2020-03-31T22:00:00Z
08,74,Dobrinj,123,62,185,44,20,64,0,2,2,8,3,11,72,37,109,0,0,0,4,3,7,251,127,378,2020-03-31T22:00:00Z
08,8,Baška,169,176,345,43,21,64,6,2,8,1,4,5,25,30,55,0,0,0,5,3,8,249,236,485,2020-03-31T22:00:00Z
09,130,Gospić,2238,2223,4461,98,53,151,61,31,92,11,12,23,128,171,299,0,0,0,7,9,16,2543,2499,5042,2020-03-31T22:00:00Z
09,178,Karlobag,82,66,148,9,4,13,5,1,6,2,0,2,9,3,12,0,0,0,1,0,1,108,74,182,2020-03-31T22:00:00Z
09,240,Lovinac,163,60,223,2,0,2,2,1,3,0,0,0,2,3,5,0,0,0,0,0,0,169,64,233,2020-03-31T22:00:00Z
09,288,Novalja,644,512,1156,133,33,166,23,7,30,4,3,7,166,60,226,0,0,0,4,10,14,974,625,1599,2020-03-31T22:00:00Z
09,313,Otočac,835,863,1698,89,36,125,45,23,68,8,9,17,106,121,227,0,0,0,5,6,11,1088,1058,2146,2020-03-31T22:00:00Z
09,323,Perušić,391,234,625,22,7,29,26,19,45,0,2,2,20,25,45,0,0,0,0,1,1,459,288,747,2020-03-31T22:00:00Z
09,37,Brinje,330,183,513,24,6,30,8,5,13,1,1,2,17,18,35,0,0,0,4,0,4,384,213,597,2020-03-31T22:00:00Z
09,387,Senj,698,609,1307,103,47,150,6,5,11,23,10,33,90,85,175,1,0,1,7,6,13,928,762,1690,2020-03-31T22:00:00Z
09,455,Plitvička Jezera,695,685,1380,43,24,67,58,13,71,1,5,6,189,147,336,0,0,0,2,0,2,988,874,1862,2020-03-31T22:00:00Z
09,467,Udbina,152,90,242,10,6,16,31,9,40,0,0,0,13,15,28,0,0,0,3,1,4,209,121,330,2020-03-31T22:00:00Z
09,512,Vrhovine,101,36,137,3,2,5,8,1,9,0,0,0,2,2,4,0,0,0,2,0,2,116,41,157,2020-03-31T22:00:00Z
09,84,Donji Lapac,98,89,187,7,3,10,23,7,30,0,0,0,11,7,18,0,0,0,1,0,1,140,106,246,2020-03-31T22:00:00Z
10,136,Gradina,72,78,150,11,5,16,129,43,172,2,0,2,32,28,60,0,0,0,0,0,0,246,154,400,2020-03-31T22:00:00Z
10,245,Lukač,164,93,257,12,5,17,41,16,57,1,0,1,74,48,122,0,0,0,0,1,1,292,163,455,2020-03-31T22:00:00Z
10,266,Mikleuš,67,48,115,8,1,9,13,6,19,0,0,0,11,9,20,0,0,0,0,0,0,99,64,163,2020-03-31T22:00:00Z
10,283,Nova Bukovica,26,42,68,8,5,13,34,5,39,1,0,1,20,18,38,0,0,0,1,0,1,90,70,160,2020-03-31T22:00:00Z
10,307,Orahovica,933,679,1612,60,37,97,13,2,15,10,12,22,92,88,180,0,0,0,4,4,8,1112,822,1934,2020-03-31T22:00:00Z
10,332,Pitomača,597,573,1170,72,37,109,161,88,249,0,9,9,216,187,403,0,0,0,2,5,7,1048,899,1947,2020-03-31T22:00:00Z
10,395,Slatina,1371,1341,2712,137,64,201,131,48,179,17,23,40,207,249,456,0,0,0,3,12,15,1866,1737,3603,2020-03-31T22:00:00Z
10,407,Sopje,125,41,166,4,2,6,90,26,116,0,0,0,18,20,38,0,0,0,0,0,0,237,89,326,2020-03-31T22:00:00Z
10,424,Suhopolje,202,242,444,24,14,38,99,47,146,0,1,1,55,45,100,0,0,0,2,0,2,382,349,731,2020-03-31T22:00:00Z
10,449,Špišić Bukovica,111,112,223,21,5,26,167,64,231,1,4,5,40,53,93,0,0,0,2,2,4,342,240,582,2020-03-31T22:00:00Z
10,491,Virovitica,3955,3823,7778,167,81,248,81,30,111,37,24,61,409,389,798,0,0,0,11,12,23,4660,4359,9019,2020-03-31T22:00:00Z
10,499,Voćin,133,79,212,7,5,12,28,35,63,0,2,2,14,5,19,0,0,0,0,0,0,182,126,308,2020-03-31T22:00:00Z
10,524,Zdenci,109,85,194,4,3,7,16,9,25,0,4,4,14,12,26,0,0,0,3,1,4,146,114,260,2020-03-31T22:00:00Z
10,54,Crnac,22,34,56,13,4,17,18,8,26,0,2,2,15,12,27,0,0,0,0,0,0,68,60,128,2020-03-31T22:00:00Z
10,56,Čačinci,166,104,270,17,11,28,20,7,27,0,4,4,21,30,51,0,0,0,2,0,2,226,156,382,2020-03-31T22:00:00Z
10,57,Čađavica,82,74,156,12,8,20,65,21,86,0,0,0,49,27,76,0,0,0,0,0,0,208,130,338,2020-03-31T22:00:00Z
11,164,Jakšić,120,111,231,24,3,27,26,7,33,0,2,2,42,18,60,0,0,0,0,0,0,212,141,353,2020-03-31T22:00:00Z
11,177,Kaptol,83,71,154,15,2,17,24,3,27,0,1,1,37,6,43,0,0,0,0,1,1,159,84,243,2020-03-31T22:00:00Z
11,221,Kutjevo,621,378,999,51,16,67,59,24,83,2,7,9,74,73,147,0,0,0,3,2,5,810,500,1310,2020-03-31T22:00:00Z
11,231,Lipik,736,601,1337,25,14,39,22,11,33,1,12,13,48,52,100,0,0,0,3,0,3,835,690,1525,2020-03-31T22:00:00Z
11,318,Pakrac,579,1028,1607,84,26,110,45,17,62,13,17,30,160,95,255,0,0,0,5,7,12,886,1190,2076,2020-03-31T22:00:00Z
11,334,Pleternica,505,421,926,73,25,98,50,17,67,3,8,11,160,110,270,0,0,0,4,3,7,795,584,1379,2020-03-31T22:00:00Z
11,35,Brestovac,121,113,234,12,3,15,18,4,22,1,1,2,26,10,36,0,0,0,0,1,1,178,132,310,2020-03-31T22:00:00Z
11,351,Požega,5057,4390,9447,294,147,441,98,29,127,43,117,160,377,353,730,0,1,1,12,21,33,5881,5058,10939,2020-03-31T22:00:00Z
11,475,Velika,264,318,582,20,9,29,26,3,29,2,3,5,37,34,71,0,0,0,1,0,1,350,367,717,2020-03-31T22:00:00Z
11,58,Čaglin,88,117,205,9,2,11,22,5,27,0,2,2,12,12,24,0,0,0,0,0,0,131,138,269,2020-03-31T22:00:00Z
12,10,Bebrina,22,40,62,9,7,16,12,8,20,1,0,1,12,7,19,0,0,0,0,0,0,56,62,118,2020-03-31T22:00:00Z
12,118,Garčin,109,128,237,28,7,35,25,13,38,0,0,0,17,22,39,0,0,0,0,1,1,179,171,350,2020-03-31T22:00:00Z
12,127,Gornji Bogićevci,39,16,55,7,2,9,9,2,11,0,0,0,22,30,52,0,0,0,0,0,0,77,50,127,2020-03-31T22:00:00Z
12,140,Gundinci,54,45,99,11,3,14,58,22,80,1,0,1,16,5,21,0,0,0,0,0,0,140,75,215,2020-03-31T22:00:00Z
12,185,Klakar,72,52,124,17,4,21,21,5,26,0,0,0,12,14,26,0,0,0,1,0,1,123,75,198,2020-03-31T22:00:00Z
12,284,Nova Gradiška,1926,1889,3815,140,91,231,22,14,36,23,21,44,252,282,534,0,0,0,1,7,8,2364,2304,4668,2020-03-31T22:00:00Z
12,285,Nova Kapela,139,171,310,19,14,33,24,9,33,2,3,5,54,50,104,0,0,0,1,1,2,239,248,487,2020-03-31T22:00:00Z
12,299,Okučani,185,142,327,22,6,28,9,2,11,0,1,1,45,23,68,0,0,0,1,0,1,262,174,436,2020-03-31T22:00:00Z
12,303,Oprisavci,220,133,353,10,0,10,32,9,41,1,0,1,7,13,20,0,0,0,1,1,2,271,156,427,2020-03-31T22:00:00Z
12,309,Oriovac,260,259,519,32,20,52,18,12,30,2,3,5,59,54,113,0,0,0,1,1,2,372,349,721,2020-03-31T22:00:00Z
12,338,Podcrkavlje,48,19,67,15,0,15,8,4,12,0,1,1,16,7,23,0,0,0,0,1,1,87,32,119,2020-03-31T22:00:00Z
12,372,Rešetari,206,204,410,36,9,45,18,9,27,4,1,5,89,39,128,0,0,0,2,2,4,355,264,619,2020-03-31T22:00:00Z
12,388,Sibinj,102,137,239,45,13,58,14,2,16,0,1,1,55,35,90,0,0,0,5,2,7,221,190,411,2020-03-31T22:00:00Z
12,39,Brodski Stupnik,69,117,186,17,8,25,4,3,7,2,1,3,67,30,97,0,0,0,1,0,1,160,159,319,2020-03-31T22:00:00Z
12,396,Slavonski Brod,13016,9030,22046,563,305,868,42,31,73,76,108,184,929,954,1883,1,0,1,16,21,37,14643,10449,25092,2020-03-31T22:00:00Z
12,397,Slavonski Šamac,63,39,102,8,3,11,16,6,22,0,1,1,9,3,12,0,0,0,0,0,0,96,52,148,2020-03-31T22:00:00Z
12,412,Stara Gradiška,136,71,207,4,2,6,6,2,8,0,0,0,18,8,26,0,0,0,0,0,0,164,83,247,2020-03-31T22:00:00Z
12,418,Staro Petrovo Selo,177,132,309,25,7,32,41,19,60,1,2,3,97,36,133,0,0,0,0,0,0,341,196,537,2020-03-31T22:00:00Z
12,46,Cernik,152,174,326,20,10,30,8,4,12,3,2,5,61,29,90,0,0,0,1,2,3,245,221,466,2020-03-31T22:00:00Z
12,476,Velika Kopanica,222,114,336,22,8,30,26,15,41,1,2,3,28,23,51,0,0,0,1,2,3,300,164,464,2020-03-31T22:00:00Z
12,506,Vrbje,33,27,60,8,0,8,20,1,21,0,0,0,22,19,41,0,0,0,0,1,1,83,48,131,2020-03-31T22:00:00Z
12,514,Vrpolje,167,106,273,24,6,30,40,14,54,0,2,2,11,13,24,0,0,0,1,0,1,243,141,384,2020-03-31T22:00:00Z
12,567,Bukovlje,56,51,107,12,7,19,0,0,0,1,0,1,11,18,29,0,0,0,0,0,0,80,76,156,2020-03-31T22:00:00Z
12,568,Dragalić,33,57,90,8,0,8,6,3,9,0,0,0,4,7,11,0,0,0,0,1,1,51,68,119,2020-03-31T22:00:00Z
12,569,Gornja Vrba,279,371,650,11,2,13,1,0,1,0,1,1,14,15,29,0,0,0,0,0,0,305,389,694,2020-03-31T22:00:00Z
12,570,Sikirevci,35,41,76,14,3,17,36,14,50,0,0,0,13,6,19,0,0,0,2,1,3,100,65,165,2020-03-31T22:00:00Z
12,68,Davor,96,92,188,13,6,19,12,4,16,0,0,0,11,16,27,0,0,0,2,0,2,134,118,252,2020-03-31T22:00:00Z
12,81,Donji Andrijevci,126,96,222,20,10,30,19,3,22,1,1,2,27,20,47,0,0,0,0,2,2,193,132,325,2020-03-31T22:00:00Z
13,131,Gračac,240,295,535,23,15,38,53,19,72,2,2,4,35,35,70,0,0,0,1,0,1,354,366,720,2020-03-31T22:00:00Z
13,167,Jasenice,128,56,184,11,0,11,4,3,7,2,0,2,18,4,22,0,0,0,0,0,0,163,63,226,2020-03-31T22:00:00Z
13,17,Benkovac,1096,881,1977,83,31,114,79,46,125,10,14,24,181,125,306,0,0,0,9,9,18,1458,1106,2564,2020-03-31T22:00:00Z
13,173,Kali,298,90,388,26,12,38,3,1,4,16,0,16,60,27,87,0,0,0,1,1,2,404,131,535,2020-03-31T22:00:00Z
13,20,Bibinje,176,174,350,45,20,65,4,0,4,1,2,3,68,47,115,0,0,0,2,1,3,296,244,540,2020-03-31T22:00:00Z
13,22,Biograd Na Moru,1071,1288,2359,116,68,184,21,14,35,17,10,27,126,190,316,1,0,1,6,7,13,1358,1577,2935,2020-03-31T22:00:00Z
13,234,Lišane Ostrovičke,28,28,56,8,3,11,1,0,1,0,0,0,5,4,9,0,0,0,0,0,0,42,35,77,2020-03-31T22:00:00Z
13,282,Nin,401,360,761,40,9,49,11,5,16,6,2,8,39,28,67,0,0,0,0,0,0,497,404,901,2020-03-31T22:00:00Z
13,296,Obrovac,292,203,495,27,13,40,23,3,26,4,5,9,20,38,58,0,0,0,2,2,4,368,264,632,2020-03-31T22:00:00Z
13,316,Pag,444,378,822,76,24,100,29,11,40,4,7,11,58,50,108,0,0,0,6,3,9,617,473,1090,2020-03-31T22:00:00Z
13,317,Pakoštane,334,250,584,51,18,69,7,7,14,11,2,13,70,47,117,0,0,0,5,0,5,478,324,802,2020-03-31T22:00:00Z
13,320,Pašman,82,99,181,40,9,49,2,3,5,11,0,11,35,21,56,0,0,0,1,2,3,171,134,305,2020-03-31T22:00:00Z
13,344,Polača,94,60,154,16,3,19,3,1,4,3,0,3,9,10,19,0,0,0,1,1,2,126,75,201,2020-03-31T22:00:00Z
13,345,Poličnik,357,285,642,43,5,48,8,5,13,4,1,5,41,18,59,0,0,0,1,0,1,454,314,768,2020-03-31T22:00:00Z
13,349,Posedarje,125,143,268,29,11,40,7,7,14,5,1,6,30,30,60,0,0,0,1,5,6,197,197,394,2020-03-31T22:00:00Z
13,354,Preko,255,390,645,35,10,45,5,5,10,30,5,35,36,25,61,0,0,0,1,4,5,362,439,801,2020-03-31T22:00:00Z
13,371,Ražanac,83,70,153,25,6,31,6,5,11,12,0,12,25,12,37,0,0,0,3,1,4,154,94,248,2020-03-31T22:00:00Z
13,379,Sali,162,140,302,34,13,47,6,2,8,5,1,6,18,13,31,0,0,0,1,2,3,226,171,397,2020-03-31T22:00:00Z
13,411,Stankovci,226,154,380,22,4,26,4,2,6,0,1,1,34,11,45,0,0,0,0,1,1,286,173,459,2020-03-31T22:00:00Z
13,416,Starigrad,122,141,263,39,26,65,7,3,10,3,0,3,17,31,48,0,0,0,2,1,3,190,202,392,2020-03-31T22:00:00Z
13,425,Sukošan,365,205,570,50,22,72,8,4,12,7,1,8,44,47,91,0,0,0,1,3,4,475,282,757,2020-03-31T22:00:00Z
13,428,Sveti Filip I Jakov,240,320,560,35,14,49,8,3,11,12,1,13,27,31,58,0,0,0,0,0,0,322,369,691,2020-03-31T22:00:00Z
13,445,Škabrnje,66,58,124,23,2,25,5,0,5,4,0,4,16,6,22,0,0,0,2,1,3,116,67,183,2020-03-31T22:00:00Z
13,489,Vir,317,237,554,47,8,55,2,2,4,2,1,3,31,34,65,0,0,0,1,4,5,400,286,686,2020-03-31T22:00:00Z
13,520,Zadar,14351,15369,29720,997,562,1559,42,26,68,780,226,1006,1293,1372,2665,4,0,4,132,69,201,17599,17624,35223,2020-03-31T22:00:00Z
13,525,Zemunik Donji,119,134,253,17,4,21,1,1,2,0,0,0,16,4,20,0,0,0,0,1,1,153,144,297,2020-03-31T22:00:00Z
13,537,Novigrad,60,73,133,21,2,23,4,4,8,6,1,7,25,11,36,0,0,0,1,1,2,117,92,209,2020-03-31T22:00:00Z
13,571,Galovac,31,61,92,12,1,13,6,4,10,2,2,4,7,13,20,0,0,0,1,2,3,59,83,142,2020-03-31T22:00:00Z
13,572,Kukljica,69,28,97,17,2,19,1,1,2,3,1,4,27,5,32,0,0,0,0,1,1,117,38,155,2020-03-31T22:00:00Z
13,573,Povljana,49,33,82,11,2,13,3,0,3,5,0,5,8,7,15,0,0,0,1,2,3,77,44,121,2020-03-31T22:00:00Z
13,574,Privlaka,101,97,198,20,7,27,1,1,2,7,0,7,18,13,31,0,0,0,5,2,7,152,120,272,2020-03-31T22:00:00Z
13,575,Tkon,98,51,149,22,5,27,3,3,6,4,0,4,42,22,64,0,0,0,1,1,2,170,82,252,2020-03-31T22:00:00Z
13,622,Kolan,106,71,177,20,4,24,4,1,5,1,0,1,19,12,31,0,0,0,0,0,0,150,88,238,2020-03-31T22:00:00Z
13,625,Vrsi,89,38,127,12,4,16,5,4,9,22,1,23,11,21,32,0,0,0,4,4,8,143,72,215,2020-03-31T22:00:00Z
14,103,Đakovo,2794,2827,5621,426,194,620,188,81,269,29,38,67,710,557,1267,0,0,0,12,13,25,4159,3710,7869,2020-03-31T22:00:00Z
14,106,Đurđenovac,503,500,1003,39,10,49,27,20,47,0,8,8,78,42,120,0,0,0,5,3,8,652,583,1235,2020-03-31T22:00:00Z
14,110,Erdut,263,192,455,38,13,51,60,15,75,3,4,7,48,33,81,0,0,0,2,1,3,414,258,672,2020-03-31T22:00:00Z
14,111,Ernestinovo,80,178,258,9,2,11,26,9,35,2,2,4,5,16,21,0,0,0,0,0,0,122,207,329,2020-03-31T22:00:00Z
14,116,Feričanci,132,107,239,23,4,27,3,0,3,0,2,2,43,16,59,0,0,0,1,1,2,202,130,332,2020-03-31T22:00:00Z
14,124,Gorjani,120,144,264,15,2,17,19,10,29,0,2,2,14,4,18,0,0,0,0,0,0,168,162,330,2020-03-31T22:00:00Z
14,13,Beli Manastir,1004,1140,2144,66,34,100,42,28,70,9,12,21,112,93,205,0,0,0,1,1,2,1234,1308,2542,2020-03-31T22:00:00Z
14,16,Belišće,1531,660,2191,62,28,90,25,6,31,0,7,7,69,90,159,0,0,0,4,2,6,1691,793,2484,2020-03-31T22:00:00Z
14,195,Kneževi Vinogradi,210,243,453,31,7,38,40,7,47,1,2,3,68,61,129,0,0,0,0,2,2,350,322,672,2020-03-31T22:00:00Z
14,2,Antunovac,171,146,317,25,10,35,16,8,24,0,1,1,17,9,26,0,0,0,0,0,0,229,174,403,2020-03-31T22:00:00Z
14,205,Koška,167,152,319,27,6,33,34,11,45,3,3,6,32,22,54,0,0,0,2,0,2,265,194,459,2020-03-31T22:00:00Z
14,21,Bilje,296,311,607,43,18,61,20,13,33,3,5,8,53,46,99,0,0,0,1,1,2,416,394,810,2020-03-31T22:00:00Z
14,23,Bizovac,245,253,498,25,11,36,30,11,41,1,6,7,36,40,76,0,0,0,0,1,1,337,322,659,2020-03-31T22:00:00Z
14,230,Levanjska Varoš,39,18,57,3,2,5,13,9,22,0,0,0,4,2,6,0,0,0,0,1,1,59,32,91,2020-03-31T22:00:00Z
14,257,Marijanci,82,55,137,6,4,10,13,1,14,0,2,2,18,24,42,0,0,0,2,1,3,121,87,208,2020-03-31T22:00:00Z
14,271,Moslavina Podravska,20,31,51,2,2,4,19,9,28,0,0,0,15,9,24,0,0,0,0,0,0,56,51,107,2020-03-31T22:00:00Z
14,278,Našice,2225,1705,3930,163,80,243,47,15,62,15,39,54,244,225,469,0,0,0,10,4,14,2704,2068,4772,2020-03-31T22:00:00Z
14,312,Osijek,23159,21445,44604,799,577,1376,102,40,142,186,212,398,793,1098,1891,1,0,1,31,59,90,25071,23431,48502,2020-03-31T22:00:00Z
14,325,Petlovac,45,40,85,5,4,9,15,0,15,0,0,0,15,6,21,0,0,0,2,0,2,82,50,132,2020-03-31T22:00:00Z
14,327,Petrijevci,293,197,490,17,3,20,12,6,18,0,0,0,14,7,21,0,0,0,1,2,3,337,215,552,2020-03-31T22:00:00Z
14,340,Podgorač,84,83,167,26,7,33,34,7,41,1,1,2,20,28,48,0,0,0,0,1,1,165,127,292,2020-03-31T22:00:00Z
14,346,Popovac,51,59,110,2,3,5,5,7,12,0,0,0,5,7,12,0,0,0,0,0,0,63,76,139,2020-03-31T22:00:00Z
14,361,Punitovci,44,59,103,20,3,23,18,4,22,0,0,0,26,6,32,0,0,0,0,1,1,108,73,181,2020-03-31T22:00:00Z
14,381,Satnica Đakovačka,119,81,200,22,4,26,11,3,14,0,0,0,42,31,73,0,0,0,0,0,0,194,119,313,2020-03-31T22:00:00Z
14,386,Semeljci,236,182,418,42,14,56,54,30,84,2,2,4,81,29,110,0,0,0,2,1,3,417,258,675,2020-03-31T22:00:00Z
14,421,Strizivojna,308,291,599,16,6,22,20,3,23,0,0,0,9,9,18,0,0,0,1,0,1,354,309,663,2020-03-31T22:00:00Z
14,461,Trnava,45,61,106,4,3,7,16,6,22,0,0,0,12,3,15,0,0,0,1,0,1,78,73,151,2020-03-31T22:00:00Z
14,471,Valpovo,822,1118,1940,70,51,121,41,20,61,16,28,44,85,102,187,0,0,0,8,6,14,1042,1325,2367,2020-03-31T22:00:00Z
14,485,Viljevo,32,63,95,10,1,11,28,5,33,0,1,1,16,11,27,0,0,0,1,1,2,87,82,169,2020-03-31T22:00:00Z
14,494,Viškovci,191,173,364,23,3,26,15,6,21,0,0,0,22,2,24,0,0,0,2,0,2,253,184,437,2020-03-31T22:00:00Z
14,517,Vuka,41,58,99,14,2,16,18,5,23,0,1,1,20,10,30,0,0,0,0,0,0,93,76,169,2020-03-31T22:00:00Z
14,576,Donja Motičina,26,32,58,9,2,11,2,1,3,1,0,1,18,8,26,0,0,0,0,0,0,56,43,99,2020-03-31T22:00:00Z
14,578,Magadenovac,104,108,212,5,2,7,28,12,40,1,4,5,19,23,42,0,0,0,0,0,0,157,149,306,2020-03-31T22:00:00Z
14,579,Vladislavci,130,92,222,3,1,4,7,4,11,0,0,0,3,8,11,0,0,0,0,1,1,143,106,249,2020-03-31T22:00:00Z
14,609,Jagodnjak,109,81,190,7,4,11,25,4,29,0,0,0,11,3,14,0,0,0,0,0,0,152,92,244,2020-03-31T22:00:00Z
14,614,Šodolovci,19,7,26,0,0,0,0,0,0,0,0,0,13,4,17,0,0,0,1,0,1,33,11,44,2020-03-31T22:00:00Z
14,64,Čeminac,74,93,167,12,0,12,3,2,5,0,0,0,17,10,27,0,0,0,0,0,0,106,105,211,2020-03-31T22:00:00Z
14,65,Čepin,557,467,1024,82,29,111,53,21,74,6,8,14,92,77,169,0,0,0,3,4,7,793,606,1399,2020-03-31T22:00:00Z
14,66,Darda,1766,863,2629,54,29,83,33,4,37,1,4,5,54,51,105,0,0,0,0,0,0,1908,951,2859,2020-03-31T22:00:00Z
14,86,Donji Miholjac,1208,962,2170,86,48,134,155,41,196,5,19,24,157,115,272,0,0,0,3,1,4,1614,1186,2800,2020-03-31T22:00:00Z
14,91,Draž,86,125,211,10,4,14,19,8,27,0,0,0,9,8,17,0,0,0,0,0,0,124,145,269,2020-03-31T22:00:00Z
14,94,Drenje,90,127,217,28,7,35,55,22,77,0,0,0,12,15,27,0,0,0,0,0,0,185,171,356,2020-03-31T22:00:00Z
15,113,Ervenik,43,62,105,1,0,1,3,1,4,0,0,0,0,1,1,0,0,0,0,0,0,47,64,111,2020-03-31T22:00:00Z
15,183,Kijevo,38,40,78,2,0,2,1,0,1,0,0,0,0,0,0,0,0,0,0,0,0,41,40,81,2020-03-31T22:00:00Z
15,184,Kistanje,63,82,145,14,4,18,0,0,0,2,0,2,16,5,21,0,0,0,0,0,0,95,91,186,2020-03-31T22:00:00Z
15,196,Knin,1531,1354,2885,117,64,181,49,10,59,33,8,41,112,132,244,0,0,0,2,2,4,1844,1570,3414,2020-03-31T22:00:00Z
15,298,Promina,100,75,175,1,1,2,1,2,3,0,0,0,0,1,1,0,0,0,0,0,0,102,79,181,2020-03-31T22:00:00Z
15,310,Biskupija,72,32,104,3,0,3,1,1,2,1,0,1,0,0,0,0,0,0,0,0,0,77,33,110,2020-03-31T22:00:00Z
15,357,Primošten,238,261,499,67,25,92,5,1,6,8,1,9,42,26,68,0,0,0,1,2,3,361,316,677,2020-03-31T22:00:00Z
15,377,Ružić,28,52,80,3,0,3,6,8,14,0,0,0,3,8,11,0,0,0,0,0,0,40,68,108,2020-03-31T22:00:00Z
15,394,Skradin,118,162,280,41,9,50,17,5,22,3,3,6,21,20,41,0,0,0,0,1,1,200,200,400,2020-03-31T22:00:00Z
15,444,Šibenik,7956,7860,15816,629,329,958,39,15,54,181,104,285,542,610,1152,3,0,3,26,21,47,9376,8939,18315,2020-03-31T22:00:00Z
15,454,Tisno,271,239,510,97,30,127,5,0,5,5,3,8,58,43,101,0,0,0,0,3,3,436,318,754,2020-03-31T22:00:00Z
15,469,Unešić,47,52,99,7,2,9,2,1,3,2,0,2,14,4,18,0,0,0,0,0,0,72,59,131,2020-03-31T22:00:00Z
15,500,Vodice,849,908,1757,252,91,343,10,7,17,15,8,23,187,104,291,0,0,0,7,8,15,1320,1126,2446,2020-03-31T22:00:00Z
15,51,Civljane,48,12,60,1,0,1,0,0,0,0,0,0,1,3,4,0,0,0,0,0,0,50,15,65,2020-03-31T22:00:00Z
15,581,Pirovac,114,118,232,31,10,41,4,3,7,2,2,4,31,32,63,0,0,0,0,1,1,182,166,348,2020-03-31T22:00:00Z
15,582,Rogoznica,234,203,437,47,13,60,2,1,3,12,1,13,31,28,59,0,0,0,1,0,1,327,246,573,2020-03-31T22:00:00Z
15,617,Murter,247,242,489,47,26,73,7,1,8,15,2,17,51,38,89,0,0,0,1,1,2,368,310,678,2020-03-31T22:00:00Z
15,621,Bilice,64,34,98,16,7,23,0,0,0,6,0,6,23,14,37,0,0,0,0,0,0,109,55,164,2020-03-31T22:00:00Z
15,626,Tribunj,79,66,145,17,12,29,0,0,0,5,0,5,49,21,70,0,0,0,0,1,1,150,100,250,2020-03-31T22:00:00Z
15,95,Drniš,825,600,1425,66,49,115,41,20,61,7,6,13,90,84,174,0,0,0,0,4,4,1029,763,1792,2020-03-31T22:00:00Z
16,1,Andrijaševci,67,109,176,24,12,36,15,5,20,2,0,2,43,36,79,0,0,0,1,3,4,152,165,317,2020-03-31T22:00:00Z
16,137,Gradište,105,87,192,17,3,20,34,6,40,0,1,1,12,10,22,0,0,0,0,0,0,168,107,275,2020-03-31T22:00:00Z
16,141,Gunja,188,123,311,32,8,40,38,15,53,3,1,4,27,10,37,0,0,0,1,1,2,289,158,447,2020-03-31T22:00:00Z
16,154,Ilok,440,511,951,63,21,84,55,16,71,2,1,3,100,92,192,0,0,0,1,0,1,661,641,1302,2020-03-31T22:00:00Z
16,159,Ivankovo,320,355,675,68,25,93,50,11,61,2,6,8,105,77,182,0,0,0,2,4,6,547,478,1025,2020-03-31T22:00:00Z
16,166,Jarmina,31,63,94,11,7,18,25,8,33,0,2,2,23,17,40,0,0,0,0,4,4,90,101,191,2020-03-31T22:00:00Z
16,239,Lovas,71,65,136,5,0,5,14,0,14,1,0,1,4,6,10,0,0,0,0,0,0,95,71,166,2020-03-31T22:00:00Z
16,26,Bogdanovci,25,16,41,3,0,3,9,4,13,0,0,0,15,2,17,0,0,0,0,0,0,52,22,74,2020-03-31T22:00:00Z
16,29,Borovo,85,91,176,37,13,50,27,4,31,3,4,7,60,67,127,0,0,0,3,3,6,215,182,397,2020-03-31T22:00:00Z
16,294,Nuštar,216,278,494,31,17,48,28,6,34,2,3,5,39,24,63,0,0,0,3,0,3,319,328,647,2020-03-31T22:00:00Z
16,295,Nijemci,170,159,329,21,7,28,85,22,107,1,1,2,48,26,74,0,0,0,2,1,3,327,216,543,2020-03-31T22:00:00Z
16,3,Babina Greda,135,114,249,32,10,42,75,24,99,3,0,3,23,33,56,0,0,0,0,2,2,268,183,451,2020-03-31T22:00:00Z
16,32,Bošnjaci,111,85,196,22,5,27,45,7,52,2,0,2,24,29,53,0,0,0,1,0,1,205,126,331,2020-03-31T22:00:00Z
16,414,Stari Jankovci,129,127,256,18,4,22,42,10,52,1,0,1,34,16,50,0,0,0,1,2,3,225,159,384,2020-03-31T22:00:00Z
16,415,Stari Mikanovci,86,111,197,20,11,31,19,9,28,2,1,3,29,40,69,0,0,0,1,0,1,157,172,329,2020-03-31T22:00:00Z
16,44,Cerna,369,192,561,38,17,55,44,16,60,1,1,2,65,51,116,0,0,0,0,0,0,517,277,794,2020-03-31T22:00:00Z
16,456,Tompojevci,16,36,52,13,2,15,37,11,48,0,1,1,15,14,29,0,0,0,0,0,0,81,64,145,2020-03-31T22:00:00Z
16,458,Tordinci,86,87,173,5,2,7,11,0,11,1,0,1,7,7,14,0,0,0,0,0,0,110,96,206,2020-03-31T22:00:00Z
16,459,Tovarnik,145,134,279,16,4,20,44,20,64,0,0,0,10,11,21,0,0,0,2,1,3,217,170,387,2020-03-31T22:00:00Z
16,464,Trpinja,102,182,284,20,5,25,82,11,93,3,0,3,31,30,61,0,0,0,0,0,0,238,228,466,2020-03-31T22:00:00Z
16,487,Vinkovci,7955,6130,14085,273,172,445,35,18,53,58,52,110,458,615,1073,1,0,1,12,11,23,8792,6998,15790,2020-03-31T22:00:00Z
16,505,Vrbanja,215,105,320,31,12,43,74,13,87,2,0,2,25,21,46,0,0,0,0,1,1,347,152,499,2020-03-31T22:00:00Z
16,518,Vukovar,4219,4441,8660,254,132,386,63,28,91,28,37,65,370,350,720,0,0,0,5,9,14,4939,4997,9936,2020-03-31T22:00:00Z
16,534,Županja,2063,1452,3515,130,53,183,40,12,52,22,24,46,188,195,383,1,0,1,6,6,12,2450,1742,4192,2020-03-31T22:00:00Z
16,535,Otok (Vinkovci),371,260,631,35,19,54,59,16,75,7,1,8,64,44,108,0,0,0,1,2,3,537,342,879,2020-03-31T22:00:00Z
16,583,Privlaka,98,70,168,17,4,21,19,8,27,0,2,2,18,18,36,0,0,0,1,2,3,153,104,257,2020-03-31T22:00:00Z
16,584,Vođinci,42,143,185,15,2,17,6,3,9,0,1,1,8,11,19,0,0,0,1,0,1,72,160,232,2020-03-31T22:00:00Z
16,610,Markušica,34,40,74,8,3,11,44,17,61,0,1,1,14,16,30,0,0,0,2,1,3,102,78,180,2020-03-31T22:00:00Z
16,612,Negoslavci,13,8,21,2,0,2,10,3,13,1,0,1,13,13,26,0,0,0,0,0,0,39,24,63,2020-03-31T22:00:00Z
16,628,Štitar,106,46,152,6,0,6,12,3,15,0,1,1,10,7,17,0,0,0,0,0,0,134,57,191,2020-03-31T22:00:00Z
16,92,Drenovci,109,133,242,36,7,43,105,35,140,2,0,2,34,32,66,0,0,0,0,1,1,286,208,494,2020-03-31T22:00:00Z
17,100,Dugi Rat,568,530,1098,72,30,102,1,3,4,35,6,41,135,90,225,0,0,0,2,3,5,813,662,1475,2020-03-31T22:00:00Z
17,134,Gradac,156,215,371,40,11,51,5,1,6,4,1,5,17,34,51,0,0,0,0,4,4,222,266,488,2020-03-31T22:00:00Z
17,148,Hrvace,227,201,428,33,13,46,4,6,10,2,3,5,47,46,93,0,0,0,0,2,2,313,271,584,2020-03-31T22:00:00Z
17,153,Hvar,566,570,1136,170,62,232,16,10,26,17,8,25,135,109,244,1,0,1,4,10,14,909,769,1678,2020-03-31T22:00:00Z
17,155,Imotski,1210,1199,2409,130,77,207,11,8,19,30,15,45,130,216,346,0,0,0,11,14,25,1522,1529,3051,2020-03-31T22:00:00Z
17,171,Jelsa,303,254,557,82,25,107,33,11,44,15,0,15,79,46,125,0,0,0,7,7,14,519,343,862,2020-03-31T22:00:00Z
17,181,Kaštela,3314,3483,6797,448,205,653,23,12,35,144,39,183,500,491,991,0,0,0,35,26,61,4464,4256,8720,2020-03-31T22:00:00Z
17,192,Klis,224,166,390,36,9,45,6,4,10,16,2,18,37,21,58,0,0,0,0,1,1,319,203,522,2020-03-31T22:00:00Z
17,197,Komiža,145,140,285,52,14,66,4,0,4,5,2,7,28,21,49,0,0,0,2,3,5,236,180,416,2020-03-31T22:00:00Z
17,243,Lovreć,110,96,206,15,7,22,4,0,4,1,0,1,16,12,28,0,0,0,2,1,3,148,116,264,2020-03-31T22:00:00Z
17,249,Makarska,2353,2211,4564,266,153,419,3,2,5,48,28,76,307,331,638,0,0,0,9,8,17,2986,2733,5719,2020-03-31T22:00:00Z
17,258,Marina,181,223,404,51,21,72,7,4,11,13,1,14,31,39,70,1,0,1,3,1,4,287,289,576,2020-03-31T22:00:00Z
17,267,Milna,98,90,188,19,5,24,5,1,6,3,0,3,17,17,34,0,0,0,3,1,4,145,114,259,2020-03-31T22:00:00Z
17,27,Bol,256,316,572,51,16,67,5,2,7,3,2,5,47,19,66,0,0,0,2,5,7,364,360,724,2020-03-31T22:00:00Z
17,280,Nerežišća,146,48,194,15,1,16,7,2,9,2,0,2,28,13,41,0,0,0,1,0,1,199,64,263,2020-03-31T22:00:00Z
17,300,Omiš,1368,1657,3025,212,80,292,11,5,16,45,17,62,309,274,583,0,0,0,5,6,11,1950,2039,3989,2020-03-31T22:00:00Z
17,314,Otok,260,203,463,42,17,59,8,1,9,3,0,3,70,51,121,0,0,0,0,0,0,383,272,655,2020-03-31T22:00:00Z
17,337,Podbablje,274,173,447,31,2,33,6,0,6,2,1,3,20,31,51,0,0,0,2,3,5,335,210,545,2020-03-31T22:00:00Z
17,339,Podgora,235,214,449,43,10,53,2,1,3,0,0,0,24,8,32,0,0,0,3,2,5,307,235,542,2020-03-31T22:00:00Z
17,341,Podstrana,747,610,1357,57,15,72,16,4,20,38,3,41,43,70,113,1,0,1,3,3,6,905,705,1610,2020-03-31T22:00:00Z
17,350,Postira,268,222,490,35,13,48,12,3,15,1,3,4,12,11,23,0,0,0,3,1,4,331,253,584,2020-03-31T22:00:00Z
17,358,Pučišća,234,127,361,43,7,50,6,5,11,8,0,8,39,12,51,0,0,0,2,0,2,332,151,483,2020-03-31T22:00:00Z
17,382,Seget,452,371,823,33,6,39,7,3,10,11,2,13,141,64,205,0,0,0,5,2,7,649,448,1097,2020-03-31T22:00:00Z
17,383,Selca,123,103,226,38,19,57,9,3,12,5,2,7,81,32,113,0,0,0,1,1,2,257,160,417,2020-03-31T22:00:00Z
17,389,Sinj,1863,1891,3754,249,126,375,50,17,67,38,43,81,288,369,657,1,1,2,9,17,26,2498,2464,4962,2020-03-31T22:00:00Z
17,406,Solin,3537,2842,6379,246,133,379,11,8,19,133,31,164,295,275,570,0,0,0,12,11,23,4234,3300,7534,2020-03-31T22:00:00Z
17,409,Split,34642,36631,71273,1478,986,2464,64,40,104,2155,435,2590,1464,2112,3576,4,0,4,169,175,344,39976,40379,80355,2020-03-31T22:00:00Z
17,413,Stari Grad,284,279,563,58,20,78,17,13,30,6,3,9,36,32,68,0,0,0,6,9,15,407,356,763,2020-03-31T22:00:00Z
17,423,Sućuraj,24,21,45,22,2,24,4,2,6,0,0,0,12,6,18,0,0,0,0,0,0,62,31,93,2020-03-31T22:00:00Z
17,427,Supetar,575,689,1264,107,61,168,16,5,21,22,8,30,97,108,205,0,0,0,7,3,10,824,874,1698,2020-03-31T22:00:00Z
17,443,Šestanovac,129,138,267,24,4,28,7,0,7,1,2,3,19,19,38,0,0,0,2,1,3,182,164,346,2020-03-31T22:00:00Z
17,447,Šolta,173,110,283,17,10,27,10,3,13,4,1,5,3,14,17,0,0,0,0,0,0,207,138,345,2020-03-31T22:00:00Z
17,460,Trilj,414,518,932,98,27,125,17,8,25,12,3,15,91,135,226,0,0,0,0,5,5,632,696,1328,2020-03-31T22:00:00Z
17,463,Trogir,1982,1747,3729,306,138,444,12,4,16,84,37,121,336,375,711,0,0,0,15,24,39,2735,2325,5060,2020-03-31T22:00:00Z
17,492,Vis,217,230,447,34,12,46,16,3,19,6,2,8,33,31,64,0,0,0,3,3,6,309,281,590,2020-03-31T22:00:00Z
17,50,Cista Provo,110,131,241,27,1,28,7,1,8,2,0,2,7,13,20,0,0,0,1,2,3,154,148,302,2020-03-31T22:00:00Z
17,511,Vrgorac,898,670,1568,48,23,71,24,18,42,5,7,12,52,88,140,0,0,0,0,4,4,1027,810,1837,2020-03-31T22:00:00Z
17,513,Vrlika,107,217,324,16,3,19,12,3,15,1,0,1,25,5,30,0,0,0,1,0,1,162,228,390,2020-03-31T22:00:00Z
17,522,Zagvozd,136,72,208,16,2,18,2,0,2,1,0,1,6,6,12,0,0,0,0,1,1,161,81,242,2020-03-31T22:00:00Z
17,528,Zmijavci,78,121,199,7,2,9,1,1,2,2,0,2,26,11,37,0,0,0,0,1,1,114,136,250,2020-03-31T22:00:00Z
17,585,Dugopolje,1337,740,2077,31,10,41,5,5,10,12,1,13,63,42,105,0,0,0,0,0,0,1448,798,2246,2020-03-31T22:00:00Z
17,586,Lećevica,9,23,32,6,0,6,0,0,0,1,0,1,1,0,1,0,0,0,0,0,0,17,23,40,2020-03-31T22:00:00Z
17,587,Lokvičići,34,23,57,0,1,1,1,0,1,0,0,0,1,4,5,0,0,0,1,0,1,37,28,65,2020-03-31T22:00:00Z
17,588,Okrug,137,159,296,29,10,39,1,1,2,11,4,15,93,25,118,0,0,0,3,3,6,274,202,476,2020-03-31T22:00:00Z
17,589,Prgomet,34,25,59,8,0,8,2,1,3,0,0,0,1,1,2,0,0,0,0,0,0,45,27,72,2020-03-31T22:00:00Z
17,590,Primorski Dolac,16,46,62,4,1,5,1,1,2,1,1,2,3,5,8,0,0,0,0,0,0,25,54,79,2020-03-31T22:00:00Z
17,591,Runovići,82,82,164,5,3,8,0,1,1,0,2,2,27,33,60,0,0,0,0,0,0,114,121,235,2020-03-31T22:00:00Z
17,592,Sutivan,96,62,158,13,5,18,4,1,5,10,1,11,20,11,31,0,0,0,1,0,1,144,80,224,2020-03-31T22:00:00Z
17,593,Tučepi,204,188,392,24,12,36,0,1,1,4,4,8,26,20,46,0,0,0,1,1,2,259,226,485,2020-03-31T22:00:00Z
17,595,Zadvarje,31,19,50,7,1,8,0,1,1,0,0,0,11,5,16,0,0,0,0,0,0,49,26,75,2020-03-31T22:00:00Z
17,72,Dicmo,422,168,590,31,16,47,4,2,6,3,1,4,39,48,87,0,0,0,0,1,1,499,236,735,2020-03-31T22:00:00Z
17,77,Brela,183,154,337,23,7,30,0,1,1,1,1,2,16,13,29,0,0,0,1,1,2,224,177,401,2020-03-31T22:00:00Z
17,87,Muć,141,191,332,18,4,22,2,3,5,5,4,9,8,12,20,0,0,0,0,1,1,174,215,389,2020-03-31T22:00:00Z
17,88,Proložac,187,173,360,14,4,18,1,3,4,1,0,1,38,19,57,0,0,0,3,1,4,244,200,444,2020-03-31T22:00:00Z
17,9,Baška Voda,220,256,476,64,22,86,2,1,3,7,3,10,48,46,94,0,0,0,2,2,4,343,330,673,2020-03-31T22:00:00Z
18,132,Gračišće,40,31,71,32,3,35,13,3,16,0,0,0,38,10,48,0,0,0,1,0,1,124,47,171,2020-03-31T22:00:00Z
18,138,Grožnjan,29,20,49,15,4,19,13,4,17,1,0,1,8,12,20,0,0,0,0,1,1,66,41,107,2020-03-31T22:00:00Z
18,175,Kanfanar,435,179,614,22,7,29,5,0,5,2,0,2,26,16,42,0,0,0,2,1,3,492,203,695,2020-03-31T22:00:00Z
18,217,Kršan,277,285,562,48,10,58,7,5,12,2,1,3,94,48,142,0,0,0,2,4,6,430,353,783,2020-03-31T22:00:00Z
18,222,Labin,2565,2288,4853,239,106,345,17,10,27,29,35,64,268,209,477,0,0,0,14,9,23,3132,2657,5789,2020-03-31T22:00:00Z
18,223,Lanišće,14,14,28,4,0,4,2,1,3,0,0,0,9,2,11,0,0,0,0,0,0,29,17,46,2020-03-31T22:00:00Z
18,235,Ližnjan,136,123,259,10,3,13,2,0,2,3,0,3,18,31,49,0,0,0,1,0,1,170,157,327,2020-03-31T22:00:00Z
18,246,Lupoglav,182,96,278,11,5,16,8,4,12,0,1,1,12,11,23,0,0,0,0,1,1,213,118,331,2020-03-31T22:00:00Z
18,254,Marčana,137,137,274,34,14,48,3,2,5,4,1,5,32,17,49,0,0,0,2,1,3,212,172,384,2020-03-31T22:00:00Z
18,263,Medulin,547,517,1064,66,34,100,7,2,9,9,5,14,75,88,163,0,0,0,0,1,1,704,647,1351,2020-03-31T22:00:00Z
18,274,Motovun,81,85,166,31,11,42,19,5,24,0,0,0,37,32,69,0,0,0,4,2,6,172,135,307,2020-03-31T22:00:00Z
18,291,Novigrad,729,882,1611,111,45,156,18,6,24,4,8,12,114,92,206,0,0,0,6,10,16,982,1043,2025,2020-03-31T22:00:00Z
18,304,Oprtalj,64,83,147,11,4,15,13,2,15,0,0,0,12,8,20,0,0,0,4,2,6,104,99,203,2020-03-31T22:00:00Z
18,321,Pazin,2023,1904,3927,285,109,394,46,22,68,14,24,38,315,200,515,0,0,0,8,16,24,2691,2275,4966,2020-03-31T22:00:00Z
18,330,Pićan,349,190,539,26,5,31,4,5,9,2,1,3,51,17,68,0,0,0,1,1,2,433,219,652,2020-03-31T22:00:00Z
18,348,Poreč,4574,4521,9095,554,275,829,47,19,66,57,51,108,472,392,864,0,0,0,14,13,27,5718,5271,10989,2020-03-31T22:00:00Z
18,359,Pula,12952,12192,25144,1066,545,1611,57,42,99,304,172,476,875,1031,1906,2,0,2,85,47,132,15341,14029,29370,2020-03-31T22:00:00Z
18,368,Raša,260,153,413,26,8,34,1,0,1,4,1,5,40,22,62,0,0,0,0,0,0,331,184,515,2020-03-31T22:00:00Z
18,374,Rovinj,2824,2864,5688,385,207,592,29,10,39,34,37,71,406,358,764,1,0,1,15,17,32,3694,3493,7187,2020-03-31T22:00:00Z
18,40,Brtonigla,146,91,237,36,12,48,25,9,34,1,1,2,46,43,89,0,0,0,1,2,3,255,158,413,2020-03-31T22:00:00Z
18,42,Buje,746,694,1440,80,42,122,24,13,37,7,11,18,52,57,109,0,0,0,3,7,10,912,824,1736,2020-03-31T22:00:00Z
18,43,Buzet,1556,1002,2558,159,62,221,21,17,38,5,4,9,103,102,205,0,0,0,6,6,12,1850,1193,3043,2020-03-31T22:00:00Z
18,431,Sveti Lovreč,43,57,100,19,10,29,2,1,3,0,1,1,34,15,49,0,0,0,0,1,1,98,85,183,2020-03-31T22:00:00Z
18,432,Sveta Nedelja,140,132,272,23,7,30,7,3,10,4,0,4,34,15,49,0,0,0,8,5,13,216,162,378,2020-03-31T22:00:00Z
18,433,Sveti Petar U Šumi,171,112,283,23,4,27,2,4,6,0,0,0,28,5,33,0,0,0,1,1,2,225,126,351,2020-03-31T22:00:00Z
18,435,Svetvinčenat,118,100,218,20,3,23,1,0,1,0,0,0,22,22,44,0,0,0,1,0,1,162,125,287,2020-03-31T22:00:00Z
18,453,Tinjan,193,97,290,39,9,48,5,1,6,2,3,5,54,28,82,0,0,0,2,0,2,295,138,433,2020-03-31T22:00:00Z
18,468,Umag,2469,2126,4595,345,143,488,31,14,45,33,34,67,273,267,540,0,0,0,19,23,42,3170,2607,5777,2020-03-31T22:00:00Z
18,47,Cerovlje,85,46,131,38,2,40,5,4,9,1,0,1,30,13,43,0,0,0,1,2,3,160,67,227,2020-03-31T22:00:00Z
18,497,Višnjan,257,229,486,42,11,53,9,4,13,1,0,1,82,34,116,0,0,0,5,0,5,396,278,674,2020-03-31T22:00:00Z
18,498,Vižinada,54,37,91,21,5,26,16,5,21,1,0,1,30,16,46,0,0,0,1,0,1,123,63,186,2020-03-31T22:00:00Z
18,5,Bale,112,91,203,24,14,38,3,3,6,0,0,0,31,15,46,0,0,0,1,1,2,171,124,295,2020-03-31T22:00:00Z
18,502,Vodnjan,696,539,1235,53,20,73,12,4,16,9,4,13,89,51,140,0,0,0,0,0,0,859,618,1477,2020-03-31T22:00:00Z
18,516,Vrsar,264,220,484,78,33,111,4,1,5,4,1,5,69,70,139,1,0,1,2,1,3,422,326,748,2020-03-31T22:00:00Z
18,531,Žminj,487,381,868,89,40,129,12,5,17,1,3,4,90,63,153,0,0,0,3,3,6,682,495,1177,2020-03-31T22:00:00Z
18,596,Karojba,77,72,149,34,7,41,2,1,3,0,0,0,54,8,62,0,0,0,1,0,1,168,88,256,2020-03-31T22:00:00Z
18,597,Kaštelir - Labinci,157,68,225,29,14,43,5,2,7,1,0,1,42,13,55,0,0,0,2,3,5,236,100,336,2020-03-31T22:00:00Z
18,6,Barban,212,110,322,39,6,45,8,5,13,1,1,2,24,22,46,0,0,0,4,2,6,288,146,434,2020-03-31T22:00:00Z
18,619,Fažana,231,172,403,22,10,32,0,1,1,4,2,6,38,57,95,0,0,0,0,2,2,295,244,539,2020-03-31T22:00:00Z
18,629,Funtana,110,89,199,19,7,26,1,0,1,0,0,0,15,18,33,0,0,0,2,1,3,147,115,262,2020-03-31T22:00:00Z
18,631,Tar-Vabriga,144,192,336,35,14,49,3,0,3,1,0,1,27,26,53,0,0,0,0,1,1,210,233,443,2020-03-31T22:00:00Z
19,198,Konavle,1212,870,2082,192,62,254,21,10,31,37,9,46,76,92,168,0,0,0,8,4,12,1546,1047,2593,2020-03-31T22:00:00Z
19,204,Korčula,635,818,1453,111,43,154,17,8,25,123,12,135,77,82,159,0,0,0,15,12,27,978,975,1953,2020-03-31T22:00:00Z
19,219,Kula Norinska,35,58,93,13,3,16,2,0,2,1,0,1,4,6,10,0,0,0,0,0,0,55,67,122,2020-03-31T22:00:00Z
19,226,Lastovo,58,85,143,21,10,31,2,1,3,3,1,4,7,7,14,0,0,0,8,7,15,99,111,210,2020-03-31T22:00:00Z
19,25,Blato,589,405,994,57,19,76,20,5,25,8,8,16,172,44,216,0,0,0,8,5,13,854,486,1340,2020-03-31T22:00:00Z
19,264,Metković,1862,1584,3446,175,96,271,35,22,57,46,20,66,337,269,606,0,0,0,5,5,10,2460,1996,4456,2020-03-31T22:00:00Z
19,268,Mljet,178,74,252,23,9,32,4,0,4,4,2,6,8,8,16,0,0,0,2,2,4,219,95,314,2020-03-31T22:00:00Z
19,306,Opuzen,384,341,725,28,13,41,44,20,64,3,1,4,19,36,55,0,0,0,1,0,1,479,411,890,2020-03-31T22:00:00Z
19,308,Orebić,366,353,719,70,33,103,30,8,38,30,6,36,73,69,142,0,0,0,9,11,20,578,480,1058,2020-03-31T22:00:00Z
19,335,Ploče,1410,870,2280,73,40,113,17,2,19,34,9,43,72,120,192,0,0,0,1,3,4,1607,1044,2651,2020-03-31T22:00:00Z
19,343,Pojezerje,21,23,44,5,2,7,5,0,5,0,0,0,1,2,3,0,0,0,0,0,0,32,27,59,2020-03-31T22:00:00Z
19,399,Slivno,372,58,430,11,7,18,16,7,23,0,0,0,2,12,14,0,0,0,1,0,1,402,84,486,2020-03-31T22:00:00Z
19,402,Smokvica,29,71,100,11,2,13,13,5,18,7,0,7,31,6,37,0,0,0,4,4,8,95,88,183,2020-03-31T22:00:00Z
19,419,Ston,348,223,571,49,12,61,20,6,26,6,1,7,37,23,60,0,0,0,3,2,5,463,267,730,2020-03-31T22:00:00Z
19,474,Vela Luka,285,524,809,52,17,69,11,1,12,36,4,40,71,45,116,0,0,0,8,6,14,463,597,1060,2020-03-31T22:00:00Z
19,523,Zažablje,12,4,16,6,0,6,4,2,6,1,0,1,4,2,6,0,0,0,0,0,0,27,8,35,2020-03-31T22:00:00Z
19,598,Dubrovačko Primorje,157,103,260,23,4,27,5,6,11,11,3,14,33,18,51,0,0,0,0,2,2,229,136,365,2020-03-31T22:00:00Z
19,599,Janjina,304,63,367,11,4,15,11,3,14,4,1,5,6,6,12,0,0,0,1,0,1,337,77,414,2020-03-31T22:00:00Z
19,600,Lumbarda,51,57,108,34,12,46,9,1,10,9,1,10,23,11,34,0,0,0,5,3,8,131,85,216,2020-03-31T22:00:00Z
19,601,Trpanj,48,47,95,11,3,14,1,2,3,6,1,7,14,6,20,0,0,0,2,1,3,82,60,142,2020-03-31T22:00:00Z
19,602,Župa Dubrovačka,628,602,1230,115,65,180,4,4,8,65,2,67,63,64,127,1,0,1,8,2,10,884,739,1623,2020-03-31T22:00:00Z
19,98,Dubrovnik,9913,10323,20236,748,356,1104,31,15,46,555,86,641,554,624,1178,0,0,0,54,64,118,11855,11468,23323,2020-03-31T22:00:00Z
20,123,Goričan,307,139,446,8,3,11,9,1,10,0,2,2,29,20,49,0,0,0,0,0,0,353,165,518,2020-03-31T22:00:00Z
20,15,Belica,180,183,363,24,14,38,65,47,112,1,0,1,29,31,60,0,0,0,0,2,2,299,277,576,2020-03-31T22:00:00Z
20,206,Kotoriba,454,226,680,11,4,15,7,0,7,0,5,5,18,19,37,0,0,0,0,0,0,490,254,744,2020-03-31T22:00:00Z
20,250,Mala Subotica,488,971,1459,29,17,46,35,20,55,2,4,6,42,29,71,0,0,0,1,3,4,597,1044,1641,2020-03-31T22:00:00Z
20,276,Mursko Središće,745,736,1481,41,22,63,17,6,23,4,7,11,61,58,119,0,0,0,1,2,3,869,831,1700,2020-03-31T22:00:00Z
20,279,Nedelišće,1306,727,2033,87,34,121,42,19,61,1,8,9,152,65,217,0,0,0,2,7,9,1590,860,2450,2020-03-31T22:00:00Z
20,342,Podturen,165,90,255,19,6,25,18,15,33,1,2,3,50,37,87,0,0,0,0,1,1,253,151,404,2020-03-31T22:00:00Z
20,355,Prelog,2276,1609,3885,64,17,81,49,34,83,9,9,18,71,55,126,0,0,0,5,4,9,2474,1728,4202,2020-03-31T22:00:00Z
20,385,Selnica,136,118,254,6,8,14,8,6,14,1,2,3,11,17,28,0,0,0,0,1,1,162,152,314,2020-03-31T22:00:00Z
20,440,Sveti Juraj Na Bregu,256,134,390,26,12,38,15,7,22,2,3,5,46,64,110,0,0,0,0,1,1,345,221,566,2020-03-31T22:00:00Z
20,441,Sveti Martin Na Muri,583,324,907,9,9,18,12,7,19,0,3,3,28,33,61,0,0,0,1,1,2,633,377,1010,2020-03-31T22:00:00Z
20,452,Štrigova,251,184,435,27,8,35,44,24,68,2,1,3,61,63,124,0,0,0,0,0,0,385,280,665,2020-03-31T22:00:00Z
20,504,Vratišinec,135,96,231,7,3,10,12,4,16,1,2,3,9,4,13,0,0,0,1,0,1,165,109,274,2020-03-31T22:00:00Z
20,60,Čakovec,9620,9288,18908,260,119,379,66,28,94,38,64,102,278,380,658,0,0,0,8,7,15,10270,9886,20156,2020-03-31T22:00:00Z
20,603,Dekanovec,73,69,142,4,2,6,8,7,15,0,0,0,5,2,7,0,0,0,0,1,1,90,81,171,2020-03-31T22:00:00Z
20,604,Gornji Mihaljevec,129,47,176,9,2,11,22,7,29,2,2,4,21,13,34,0,0,0,1,0,1,184,71,255,2020-03-31T22:00:00Z
20,605,Orehovica,81,119,200,14,2,16,28,16,44,1,2,3,47,20,67,0,0,0,0,2,2,171,161,332,2020-03-31T22:00:00Z
20,606,Strahoninec,239,121,360,13,4,17,4,1,5,0,1,1,37,10,47,0,0,0,0,2,2,293,139,432,2020-03-31T22:00:00Z
20,607,Sveta Marija,77,64,141,14,6,20,5,0,5,1,0,1,27,6,33,0,0,0,1,1,2,125,77,202,2020-03-31T22:00:00Z
20,608,Šenkovec,548,244,792,17,12,29,3,1,4,0,1,1,28,25,53,0,0,0,1,3,4,597,286,883,2020-03-31T22:00:00Z
20,620,Pribislavec,220,98,318,11,5,16,2,1,3,2,1,3,16,9,25,0,0,0,0,0,0,251,114,365,2020-03-31T22:00:00Z
20,75,Domašinec,320,111,431,7,9,16,19,13,32,0,2,2,16,10,26,0,0,0,2,1,3,364,146,510,2020-03-31T22:00:00Z
20,78,Donja Dubrava,179,218,397,16,7,23,6,3,9,0,1,1,13,12,25,0,0,0,0,0,0,214,241,455,2020-03-31T22:00:00Z
20,82,Donji Kraljevec,1258,538,1796,37,8,45,52,16,68,3,6,9,94,135,229,0,0,0,4,9,13,1448,712,2160,2020-03-31T22:00:00Z
20,89,Donji Vidovec,52,80,132,2,1,3,6,0,6,1,2,3,4,13,17,0,0,0,0,0,0,65,96,161,2020-03-31T22:00:00Z
21,133,Zagreb,221687,202537,424224,7760,5008,12768,316,192,508,2272,2132,4404,5590,7164,12754,18,2,20,393,567,960,238036,217602,455638,2020-03-31T22:00:00Z
01,101,Dugo Selo,2822,1938,4760,226,86,312,27,24,51,24,25,49,265,225,490,0,0,0,8,19,27,3372,2317,5689,2020-04-30T22:00:00Z
01,114,Farkaševac,184,245,429,7,4,11,29,14,43,0,2,2,35,13,48,0,0,0,1,0,1,256,278,534,2020-04-30T22:00:00Z
01,135,Gradec,144,122,266,15,3,18,13,7,20,0,2,2,44,17,61,0,0,0,0,0,0,216,151,367,2020-04-30T22:00:00Z
01,158,Ivanić-Grad,3179,1586,4765,85,74,159,51,30,81,8,19,27,148,187,335,0,0,0,11,9,20,3482,1905,5387,2020-04-30T22:00:00Z
01,163,Jakovlje,201,179,380,42,9,51,9,12,21,4,2,6,37,44,81,0,0,0,1,0,1,294,246,540,2020-04-30T22:00:00Z
01,169,Jastrebarsko,2147,1547,3694,218,116,334,63,33,96,17,20,37,257,233,490,0,0,0,13,7,20,2715,1956,4671,2020-04-30T22:00:00Z
01,190,Klinča Selo,182,149,331,37,7,44,5,3,8,0,0,0,73,50,123,0,0,0,0,1,1,297,210,507,2020-04-30T22:00:00Z
01,193,Kloštar Ivanić,375,280,655,25,10,35,22,6,28,1,11,12,53,40,93,0,0,0,3,1,4,479,348,827,2020-04-30T22:00:00Z
01,213,Križ,552,379,931,28,23,51,24,13,37,2,6,8,30,59,89,0,0,0,5,2,7,641,482,1123,2020-04-30T22:00:00Z
01,33,Brckovljani,277,280,557,7,3,10,0,0,0,0,2,2,22,12,34,0,0,0,0,0,0,306,297,603,2020-04-30T22:00:00Z
01,331,Pisarovina,366,262,628,27,16,43,25,20,45,1,4,5,21,33,54,0,0,0,1,3,4,441,338,779,2020-04-30T22:00:00Z
01,34,Brdovec,803,683,1486,96,29,125,12,8,20,3,8,11,91,64,155,0,0,0,2,3,5,1007,795,1802,2020-04-30T22:00:00Z
01,356,Preseka,22,10,32,5,2,7,15,12,27,0,1,1,19,6,25,0,0,0,1,1,2,62,32,94,2020-04-30T22:00:00Z
01,362,Pušča,175,188,363,29,14,43,8,2,10,1,3,4,55,27,82,0,0,0,0,0,0,268,234,502,2020-04-30T22:00:00Z
01,376,Rugvica,988,400,1388,9,5,14,4,2,6,1,2,3,23,25,48,0,0,0,1,0,1,1026,434,1460,2020-04-30T22:00:00Z
01,380,Samobor,4970,3613,8583,482,278,760,30,24,54,45,71,116,568,504,1072,0,0,0,30,28,58,6125,4518,10643,2020-04-30T22:00:00Z
01,429,Sveti Ivan Zelina,2110,1823,3933,168,69,237,88,65,153,13,19,32,249,213,462,0,0,0,10,5,15,2638,2194,4832,2020-04-30T22:00:00Z
01,436,Sveta Nedjelja,4964,2976,7940,224,82,306,8,5,13,11,12,23,344,178,522,0,0,0,6,5,11,5557,3258,8815,2020-04-30T22:00:00Z
01,508,Vrbovec,2230,1903,4133,154,67,221,73,34,107,6,21,27,274,150,424,0,0,0,11,13,24,2748,2188,4936,2020-04-30T22:00:00Z
01,533,Krašić,256,168,424,29,9,38,18,13,31,4,3,7,28,32,60,0,0,0,1,1,2,336,226,562,2020-04-30T22:00:00Z
01,536,Rakovec,27,15,42,10,2,12,13,12,25,0,1,1,17,11,28,0,0,0,0,0,0,67,41,108,2020-04-30T22:00:00Z
01,539,Marija Gorica,84,95,179,14,5,19,0,0,0,1,1,2,23,24,47,0,0,0,0,0,0,122,125,247,2020-04-30T22:00:00Z
01,540,Žumberak,15,20,35,5,2,7,10,6,16,0,0,0,8,9,17,0,0,0,0,0,0,38,37,75,2020-04-30T22:00:00Z
01,541,Velika Gorica,7485,5935,13420,605,327,932,74,35,109,53,71,124,580,546,1126,0,0,0,28,23,51,8825,6937,15762,2020-04-30T22:00:00Z
01,542,Orle,42,23,65,12,1,13,9,6,15,0,0,0,10,3,13,0,0,0,0,1,1,73,34,107,2020-04-30T22:00:00Z
01,543,Zaprešić,3273,2854,6127,202,136,338,16,10,26,37,45,82,252,238,490,0,0,0,16,14,30,3796,3297,7093,2020-04-30T22:00:00Z
01,544,Pokupsko,39,59,98,7,7,14,15,6,21,1,0,1,7,7,14,0,0,0,0,0,0,69,79,148,2020-04-30T22:00:00Z
01,545,Kravarsko,113,99,212,27,9,36,8,8,16,0,1,1,64,11,75,0,0,0,1,0,1,213,128,341,2020-04-30T22:00:00Z
01,547,Bistra,351,507,858,46,24,70,7,5,12,2,8,10,65,48,113,1,0,1,0,2,2,472,594,1066,2020-04-30T22:00:00Z
01,548,Luka,247,84,331,14,2,16,3,6,9,1,1,2,20,17,37,0,0,0,1,0,1,286,110,396,2020-04-30T22:00:00Z
01,549,Dubravica,69,41,110,15,0,15,14,8,22,0,0,0,17,13,30,0,0,0,0,0,0,115,62,177,2020-04-30T22:00:00Z
01,550,Bedenica,191,147,338,12,5,17,7,8,15,1,1,2,19,10,29,0,0,0,0,0,0,230,171,401,2020-04-30T22:00:00Z
01,551,Stupnik,1196,471,1667,23,14,37,0,4,4,2,2,4,20,19,39,0,0,0,0,1,1,1241,511,1752,2020-04-30T22:00:00Z
01,97,Dubrava,290,308,598,43,20,63,67,39,106,3,12,15,78,71,149,0,0,0,3,12,15,484,462,946,2020-04-30T22:00:00Z
02,108,Đurmanec,98,124,222,56,10,66,1,3,4,3,3,6,108,94,202,0,0,0,1,0,1,267,234,501,2020-04-30T22:00:00Z
02,11,Bedekovčina,513,737,1250,87,36,123,6,9,15,5,8,13,132,117,249,0,0,0,5,2,7,748,909,1657,2020-04-30T22:00:00Z
02,125,Gornja Stubica,196,279,475,48,14,62,9,3,12,1,1,2,62,43,105,0,0,0,0,2,2,316,342,658,2020-04-30T22:00:00Z
02,146,Hraščina,44,36,80,9,2,11,3,4,7,0,1,1,6,6,12,0,0,0,1,0,1,63,49,112,2020-04-30T22:00:00Z
02,152,Hum Na Sutli,1566,576,2142,51,30,81,4,0,4,1,8,9,171,70,241,0,0,0,2,1,3,1795,685,2480,2020-04-30T22:00:00Z
02,187,Klanjec,302,259,561,65,19,84,10,6,16,5,0,5,72,45,117,0,0,0,1,2,3,455,331,786,2020-04-30T22:00:00Z
02,200,Konjščina,381,357,738,34,13,47,1,0,1,2,3,5,28,36,64,0,0,0,2,2,4,448,411,859,2020-04-30T22:00:00Z
02,208,Kraljevec Na Sutli,60,48,108,16,6,22,4,3,7,0,0,0,19,5,24,0,0,0,0,2,2,99,64,163,2020-04-30T22:00:00Z
02,211,Krapina,2665,2716,5381,160,76,236,7,5,12,20,21,41,195,187,382,0,0,0,4,3,7,3051,3008,6059,2020-04-30T22:00:00Z
02,212,Krapinske Toplice,570,1163,1733,62,34,96,5,7,12,0,5,5,113,75,188,0,0,0,0,1,1,750,1285,2035,2020-04-30T22:00:00Z
02,236,Lobor,163,242,405,17,10,27,6,5,11,0,0,0,27,15,42,0,0,0,1,0,1,214,272,486,2020-04-30T22:00:00Z
02,248,Mače,116,58,174,25,7,32,3,3,6,1,0,1,46,35,81,0,0,0,0,0,0,191,103,294,2020-04-30T22:00:00Z
02,256,Marija Bistrica,327,305,632,61,41,102,16,6,22,1,4,5,79,79,158,0,0,0,4,4,8,488,439,927,2020-04-30T22:00:00Z
02,265,Mihovljan,106,89,195,31,4,35,6,0,6,0,0,0,64,14,78,0,0,0,1,3,4,208,110,318,2020-04-30T22:00:00Z
02,311,Oroslavje,876,783,1659,78,30,108,8,2,10,5,6,11,105,67,172,0,0,0,4,3,7,1076,891,1967,2020-04-30T22:00:00Z
02,329,Petrovsko,72,52,124,16,2,18,1,1,2,4,0,4,56,9,65,0,0,0,1,0,1,150,64,214,2020-04-30T22:00:00Z
02,352,Pregrada,765,924,1689,106,30,136,6,3,9,6,6,12,149,104,253,0,0,0,0,2,2,1032,1069,2101,2020-04-30T22:00:00Z
02,364,Radoboj,126,96,222,17,10,27,1,1,2,1,2,3,48,20,68,0,0,0,0,0,0,193,129,322,2020-04-30T22:00:00Z
02,41,Budinščina,159,171,330,15,6,21,7,2,9,1,4,5,18,9,27,0,0,0,1,1,2,201,193,394,2020-04-30T22:00:00Z
02,422,Stubičke Toplice,196,402,598,33,12,45,1,1,2,4,5,9,76,25,101,0,0,0,1,1,2,311,446,757,2020-04-30T22:00:00Z
02,430,Sveti Križ Začretje,607,691,1298,73,21,94,8,4,12,2,3,5,131,88,219,0,0,0,5,1,6,826,808,1634,2020-04-30T22:00:00Z
02,466,Tuhelj,122,227,349,18,11,29,5,1,6,1,3,4,31,32,63,0,0,0,0,0,0,177,274,451,2020-04-30T22:00:00Z
02,481,Veliko Trgovišće,468,286,754,48,15,63,4,3,7,3,5,8,107,59,166,0,0,0,3,2,5,633,370,1003,2020-04-30T22:00:00Z
02,519,Zabok,2761,2623,5384,139,83,222,5,3,8,11,19,30,220,326,546,0,0,0,2,3,5,3138,3057,6195,2020-04-30T22:00:00Z
02,521,Zagorska Sela,13,56,69,10,2,12,6,1,7,0,1,1,15,4,19,0,0,0,0,0,0,44,64,108,2020-04-30T22:00:00Z
02,526,Zlatar,513,623,1136,86,42,128,19,14,33,9,11,20,102,72,174,0,0,0,3,5,8,732,767,1499,2020-04-30T22:00:00Z
02,527,Zlatar Bistrica,375,600,975,30,8,38,3,2,5,4,2,6,70,36,106,0,0,0,2,4,6,484,652,1136,2020-04-30T22:00:00Z
02,552,Jesenje,50,63,113,9,1,10,0,1,1,1,1,2,49,9,58,0,0,0,0,1,1,109,76,185,2020-04-30T22:00:00Z
02,553,Kumrovec,82,95,177,18,4,22,2,0,2,2,1,3,22,17,39,0,0,0,0,0,0,126,117,243,2020-04-30T22:00:00Z
02,554,Novi Golubovec,138,49,187,4,2,6,1,0,1,0,1,1,7,2,9,0,0,0,0,0,0,150,54,204,2020-04-30T22:00:00Z
02,70,Desinić,133,274,407,30,7,37,9,3,12,2,1,3,27,28,55,0,0,0,0,0,0,201,313,514,2020-04-30T22:00:00Z
02,79,Donja Stubica,724,764,1488,96,48,144,4,2,6,6,3,9,104,57,161,0,0,0,2,2,4,936,876,1812,2020-04-30T22:00:00Z
03,102,Dvor,257,130,387,14,4,18,60,17,77,0,5,5,8,8,16,0,0,0,3,1,4,342,165,507,2020-04-30T22:00:00Z
03,121,Glina,1102,658,1760,35,23,58,57,20,77,4,11,15,73,77,150,0,0,0,1,0,1,1272,789,2061,2020-04-30T22:00:00Z
03,149,Hrvatska Dubica,64,81,145,6,2,8,12,3,15,0,0,0,3,2,5,0,0,0,0,0,0,85,88,173,2020-04-30T22:00:00Z
03,150,Hrvatska Kostajnica,281,281,562,13,8,21,12,0,12,1,3,4,6,17,23,0,0,0,2,0,2,315,309,624,2020-04-30T22:00:00Z
03,168,Jasenovac,119,90,209,12,3,15,13,7,20,0,0,0,11,8,19,0,0,0,0,0,0,155,108,263,2020-04-30T22:00:00Z
03,220,Kutina,3358,2863,6221,152,98,250,43,22,65,32,23,55,186,243,429,1,0,1,20,9,29,3792,3258,7050,2020-04-30T22:00:00Z
03,228,Lekenik,279,220,499,35,11,46,8,11,19,1,4,5,37,24,61,0,0,0,1,2,3,361,272,633,2020-04-30T22:00:00Z
03,232,Lipovljani,302,291,593,25,12,37,10,4,14,3,0,3,34,41,75,0,0,0,1,1,2,375,349,724,2020-04-30T22:00:00Z
03,259,Martinska Ves,146,68,214,8,2,10,29,17,46,1,0,1,34,15,49,0,0,0,1,0,1,219,102,321,2020-04-30T22:00:00Z
03,293,Novska,1300,922,2222,157,85,242,29,14,43,7,19,26,234,243,477,0,0,0,3,4,7,1730,1287,3017,2020-04-30T22:00:00Z
03,328,Petrinja,1451,1579,3030,188,76,264,64,22,86,6,26,32,268,266,534,0,0,0,8,8,16,1985,1977,3962,2020-04-30T22:00:00Z
03,347,Popovača,938,963,1901,80,42,122,47,17,64,10,11,21,94,123,217,0,0,0,6,3,9,1175,1159,2334,2020-04-30T22:00:00Z
03,391,Sisak,6793,7902,14695,342,208,550,100,69,169,46,81,127,582,580,1162,0,0,0,20,21,41,7883,8861,16744,2020-04-30T22:00:00Z
03,426,Sunja,173,143,316,24,8,32,39,34,73,0,3,3,22,25,47,0,0,0,2,0,2,260,213,473,2020-04-30T22:00:00Z
03,457,Topusko,251,318,569,17,7,24,4,2,6,4,0,4,34,28,62,0,0,0,0,0,0,310,355,665,2020-04-30T22:00:00Z
03,477,Velika Ludina,102,132,234,11,8,19,12,4,16,0,0,0,28,25,53,0,0,0,0,0,0,153,169,322,2020-04-30T22:00:00Z
03,510,Gvozd,103,105,208,5,4,9,19,3,22,0,0,0,14,10,24,0,0,0,2,0,2,143,122,265,2020-04-30T22:00:00Z
03,555,Majur,100,53,153,2,1,3,5,1,6,0,0,0,2,0,2,0,0,0,1,0,1,110,55,165,2020-04-30T22:00:00Z
03,83,Donji Kukuruzari,45,67,112,4,0,4,5,3,8,0,0,0,1,3,4,0,0,0,1,0,1,56,73,129,2020-04-30T22:00:00Z
04,120,Generalski Stol,27,66,93,21,6,27,1,0,1,0,1,1,22,14,36,0,0,0,0,0,0,71,87,158,2020-04-30T22:00:00Z
04,172,Josipdol,221,180,401,29,16,45,3,9,12,2,1,3,48,52,100,0,0,0,0,1,1,303,259,562,2020-04-30T22:00:00Z
04,179,Karlovac,10097,8493,18590,389,269,658,73,54,127,75,99,174,603,797,1400,0,0,0,15,25,40,11252,9737,20989,2020-04-30T22:00:00Z
04,216,Krnjak,60,64,124,3,2,5,7,4,11,0,0,0,9,4,13,0,0,0,0,0,0,79,74,153,2020-04-30T22:00:00Z
04,225,Lasinja,20,46,66,5,2,7,0,5,5,2,0,2,7,7,14,0,0,0,0,0,0,34,60,94,2020-04-30T22:00:00Z
04,281,Netretić,59,80,139,13,4,17,4,1,5,1,2,3,45,33,78,0,0,0,0,0,0,122,120,242,2020-04-30T22:00:00Z
04,297,Ogulin,1758,1661,3419,134,81,215,28,15,43,9,31,40,141,172,313,0,0,0,7,8,15,2077,1968,4045,2020-04-30T22:00:00Z
04,30,Bosiljevo,100,92,192,5,0,5,0,0,0,1,0,1,27,22,49,0,0,0,0,0,0,133,114,247,2020-04-30T22:00:00Z
04,315,Ozalj,774,580,1354,86,30,116,17,17,34,7,10,17,129,114,243,0,0,0,3,4,7,1016,755,1771,2020-04-30T22:00:00Z
04,333,Plaški,83,89,172,9,4,13,11,2,13,1,0,1,26,24,50,0,0,0,0,0,0,130,119,249,2020-04-30T22:00:00Z
04,365,Rakovica,130,115,245,5,12,17,3,4,7,0,1,1,60,45,105,0,0,0,1,0,1,199,177,376,2020-04-30T22:00:00Z
04,378,Saborsko,13,11,24,2,1,3,1,0,1,0,0,0,10,1,11,0,0,0,0,0,0,26,13,39,2020-04-30T22:00:00Z
04,400,Slunj,340,395,735,40,17,57,23,14,37,2,10,12,124,92,216,0,0,0,2,10,12,531,538,1069,2020-04-30T22:00:00Z
04,49,Cetingrad,52,52,104,6,1,7,3,4,7,0,0,0,11,11,22,0,0,0,0,0,0,72,68,140,2020-04-30T22:00:00Z
04,503,Vojnić,380,227,607,18,11,29,39,12,51,2,0,2,28,30,58,0,0,0,2,3,5,469,283,752,2020-04-30T22:00:00Z
04,530,Žakanje,128,88,216,25,10,35,9,1,10,0,0,0,25,36,61,0,0,0,0,1,1,187,136,323,2020-04-30T22:00:00Z
04,556,Ribnik,4,3,7,10,2,12,1,3,4,0,0,0,6,12,18,0,0,0,0,0,0,21,20,41,2020-04-30T22:00:00Z
04,557,Tounj,100,24,124,4,0,4,0,0,0,0,0,0,3,7,10,0,0,0,0,0,0,107,31,138,2020-04-30T22:00:00Z
04,623,Kamanje,156,93,249,3,3,6,1,0,1,0,0,0,2,16,18,0,0,0,0,0,0,162,112,274,2020-04-30T22:00:00Z
04,7,Barilovići,274,143,417,20,7,27,7,1,8,0,1,1,119,29,148,0,0,0,0,0,0,420,181,601,2020-04-30T22:00:00Z
04,90,Draganić,116,90,206,14,4,18,7,3,10,1,2,3,23,30,53,0,0,0,0,0,0,161,129,290,2020-04-30T22:00:00Z
04,99,Duga Resa,1033,969,2002,139,61,200,21,11,32,5,13,18,204,199,403,0,0,0,5,5,10,1407,1258,2665,2020-04-30T22:00:00Z
05,12,Bednja,197,132,329,23,10,33,3,8,11,2,1,3,26,26,52,0,0,0,0,1,1,251,178,429,2020-04-30T22:00:00Z
05,129,Gornji Kneginec,448,1273,1721,50,20,70,11,4,15,0,8,8,100,60,160,0,0,0,5,6,11,614,1371,1985,2020-04-30T22:00:00Z
05,151,Breznički Hum,201,145,346,14,5,19,8,11,19,0,2,2,21,14,35,0,0,0,3,5,8,247,182,429,2020-04-30T22:00:00Z
05,156,Ivanec,1866,1718,3584,152,64,216,13,12,25,13,19,32,289,264,553,0,0,0,5,11,16,2338,2088,4426,2020-04-30T22:00:00Z
05,165,Jalžabet,697,916,1613,22,3,25,11,6,17,0,3,3,31,18,49,0,0,0,0,1,1,761,947,1708,2020-04-30T22:00:00Z
05,189,Klenovnik,84,52,136,8,5,13,1,1,2,1,1,2,22,28,50,0,0,0,2,0,2,118,87,205,2020-04-30T22:00:00Z
05,19,Beretinec,67,36,103,18,2,20,3,3,6,0,1,1,18,21,39,0,0,0,1,0,1,107,63,170,2020-04-30T22:00:00Z
05,229,Lepoglava,1182,555,1737,48,28,76,8,5,13,1,5,6,100,81,181,0,0,0,2,7,9,1341,681,2022,2020-04-30T22:00:00Z
05,244,Ludbreg,1789,1440,3229,102,58,160,43,34,77,8,14,22,252,165,417,0,0,0,5,9,14,2199,1720,3919,2020-04-30T22:00:00Z
05,247,Ljubešćica,317,133,450,31,6,37,2,1,3,1,4,5,99,27,126,0,0,0,0,0,0,450,171,621,2020-04-30T22:00:00Z
05,251,Mali Bukovec,34,84,118,14,6,20,28,16,44,0,3,3,105,35,140,0,0,0,0,1,1,181,145,326,2020-04-30T22:00:00Z
05,260,Maruševec,350,269,619,44,22,66,22,25,47,3,4,7,103,46,149,0,0,0,4,2,6,526,368,894,2020-04-30T22:00:00Z
05,289,Novi Marof,1250,1192,2442,154,66,220,15,11,26,8,14,22,257,169,426,0,0,0,7,2,9,1691,1454,3145,2020-04-30T22:00:00Z
05,326,Petrijanec,392,621,1013,28,7,35,20,12,32,1,4,5,77,80,157,0,0,0,0,1,1,518,725,1243,2020-04-30T22:00:00Z
05,36,Breznica,153,58,211,15,3,18,6,6,12,1,6,7,20,13,33,0,0,0,0,0,0,195,86,281,2020-04-30T22:00:00Z
05,410,Sračinec,215,245,460,40,11,51,3,2,5,1,6,7,81,55,136,0,0,0,0,2,2,340,321,661,2020-04-30T22:00:00Z
05,437,Sveti Đurđ,88,86,174,27,4,31,26,10,36,3,2,5,34,30,64,0,0,0,1,0,1,179,132,311,2020-04-30T22:00:00Z
05,438,Sveti Ilija,138,157,295,13,8,21,2,1,3,1,4,5,47,25,72,0,0,0,0,0,0,201,195,396,2020-04-30T22:00:00Z
05,462,Trnovec Bartolovečki,1296,1563,2859,66,15,81,17,7,24,2,6,8,209,74,283,0,0,0,4,2,6,1594,1667,3261,2020-04-30T22:00:00Z
05,472,Varaždin,15833,14986,30819,484,307,791,43,22,65,83,127,210,547,632,1179,1,0,1,29,17,46,17020,16091,33111,2020-04-30T22:00:00Z
05,473,Varaždinske Toplice,597,449,1046,45,17,62,8,7,15,2,10,12,206,51,257,0,0,0,1,5,6,859,539,1398,2020-04-30T22:00:00Z
05,48,Cestica,409,339,748,44,22,66,14,19,33,2,5,7,90,77,167,0,0,0,0,3,3,559,465,1024,2020-04-30T22:00:00Z
05,484,Vidovec,213,228,441,52,13,65,70,36,106,1,5,6,114,86,200,0,0,0,0,1,1,450,369,819,2020-04-30T22:00:00Z
05,486,Vinica,249,195,444,23,10,33,6,5,11,1,5,6,30,22,52,0,0,0,0,1,1,309,238,547,2020-04-30T22:00:00Z
05,493,Visoko,97,47,144,16,0,16,5,4,9,0,0,0,24,20,44,0,0,0,1,0,1,143,71,214,2020-04-30T22:00:00Z
05,558,Veliki Bukovec,356,299,655,6,2,8,31,15,46,0,0,0,38,24,62,0,0,0,0,0,0,431,340,771,2020-04-30T22:00:00Z
05,80,Donja Voća,90,63,153,9,1,10,8,9,17,0,1,1,30,20,50,0,0,0,0,0,0,137,94,231,2020-04-30T22:00:00Z
05,85,Donji Martijanec,330,183,513,26,8,34,26,6,32,2,1,3,60,31,91,0,0,0,0,0,0,444,229,673,2020-04-30T22:00:00Z
06,104,Đelekovec,20,33,53,17,6,23,48,12,60,0,3,3,18,8,26,0,0,0,5,1,6,108,63,171,2020-04-30T22:00:00Z
06,107,Đurđevac,1290,1104,2394,71,39,110,87,62,149,12,11,23,83,81,164,0,0,0,16,13,29,1559,1310,2869,2020-04-30T22:00:00Z
06,115,Ferdinandovac,32,90,122,9,1,10,49,35,84,1,1,2,18,4,22,0,0,0,0,0,0,109,131,240,2020-04-30T22:00:00Z
06,122,Gola,153,135,288,9,2,11,95,44,139,0,6,6,10,23,33,0,0,0,1,1,2,268,211,479,2020-04-30T22:00:00Z
06,145,Hlebine,10,23,33,1,0,1,11,6,17,1,1,2,1,10,11,0,0,0,1,0,1,25,40,65,2020-04-30T22:00:00Z
06,194,Kloštar Podravski,172,156,328,20,9,29,45,40,85,0,1,1,36,48,84,0,0,0,2,1,3,275,255,530,2020-04-30T22:00:00Z
06,201,Koprivnica,7108,7432,14540,309,169,478,61,28,89,65,78,143,401,414,815,0,1,1,17,22,39,7961,8144,16105,2020-04-30T22:00:00Z
06,202,Koprivnički Bregi,57,73,130,10,4,14,21,6,27,0,1,1,26,10,36,0,0,0,1,0,1,115,94,209,2020-04-30T22:00:00Z
06,203,Koprivnički Ivanec,62,48,110,22,2,24,21,6,27,0,0,0,30,8,38,0,0,0,1,1,2,136,65,201,2020-04-30T22:00:00Z
06,214,Križevci,3228,3389,6617,144,92,236,255,205,460,14,29,43,230,223,453,0,0,0,7,11,18,3878,3949,7827,2020-04-30T22:00:00Z
06,227,Legrad,59,66,125,11,4,15,21,10,31,0,3,3,23,21,44,0,0,0,0,0,0,114,104,218,2020-04-30T22:00:00Z
06,270,Molve,228,113,341,7,8,15,64,32,96,1,3,4,52,24,76,0,0,0,2,2,4,354,182,536,2020-04-30T22:00:00Z
06,292,Novigrad Podravski,89,114,203,9,2,11,22,12,34,0,2,2,12,15,27,0,0,0,0,1,1,132,146,278,2020-04-30T22:00:00Z
06,324,Peteranec,85,31,116,12,3,15,21,9,30,0,1,1,30,10,40,0,0,0,1,2,3,149,56,205,2020-04-30T22:00:00Z
06,366,Rasinja,48,71,119,17,4,21,59,27,86,1,0,1,29,22,51,0,0,0,3,0,3,157,124,281,2020-04-30T22:00:00Z
06,405,Sokolovac,155,71,226,15,2,17,49,20,69,4,4,8,23,12,35,0,0,0,0,2,2,246,111,357,2020-04-30T22:00:00Z
06,439,Sveti Ivan Žabno,237,187,424,35,19,54,102,69,171,2,2,4,52,48,100,0,0,0,0,1,1,428,326,754,2020-04-30T22:00:00Z
06,442,Sveti Petar Orehovec,120,99,219,29,5,34,158,152,310,0,1,1,36,17,53,0,0,0,1,0,1,344,274,618,2020-04-30T22:00:00Z
06,490,Virje,278,199,477,27,10,37,43,25,68,3,2,5,31,39,70,0,0,0,1,2,3,383,277,660,2020-04-30T22:00:00Z
06,559,Kalinovac,398,92,490,5,2,7,9,2,11,0,0,0,9,8,17,0,0,0,0,0,0,421,104,525,2020-04-30T22:00:00Z
06,560,Kalnik,43,48,91,3,4,7,20,27,47,0,1,1,6,3,9,0,0,0,0,0,0,72,83,155,2020-04-30T22:00:00Z
06,561,Novo Virje,46,34,80,2,0,2,42,28,70,0,0,0,14,6,20,0,0,0,0,0,0,104,68,172,2020-04-30T22:00:00Z
06,616,Podravske Sesvete,97,85,182,1,5,6,22,14,36,2,2,4,7,7,14,0,0,0,0,2,2,129,115,244,2020-04-30T22:00:00Z
06,618,Gornja Reka,75,74,149,4,3,7,9,8,17,0,0,0,6,5,11,0,0,0,0,0,0,94,90,184,2020-04-30T22:00:00Z
06,96,Drnje,84,124,208,10,1,11,17,9,26,0,2,2,9,10,19,0,0,0,0,0,0,120,146,266,2020-04-30T22:00:00Z
07,105,Đulovac,230,74,304,10,7,17,33,13,46,1,5,6,90,24,114,0,0,0,0,0,0,364,123,487,2020-04-30T22:00:00Z
07,119,Garešnica,1029,1037,2066,51,30,81,65,38,103,14,27,41,99,125,224,0,0,0,5,6,11,1263,1263,2526,2020-04-30T22:00:00Z
07,139,Grubišno Polje,561,494,1055,33,22,55,110,46,156,4,10,14,68,68,136,0,0,0,1,4,5,777,644,1421,2020-04-30T22:00:00Z
07,144,Hercegovac,125,161,286,16,3,19,49,16,65,3,2,5,42,35,77,0,0,0,1,1,2,236,218,454,2020-04-30T22:00:00Z
07,161,Ivanska,115,100,215,4,3,7,44,16,60,2,2,4,75,21,96,0,0,0,3,1,4,243,143,386,2020-04-30T22:00:00Z
07,176,Kapela,87,86,173,4,2,6,51,29,80,0,1,1,18,8,26,0,0,0,2,1,3,162,127,289,2020-04-30T22:00:00Z
07,18,Berek,54,63,117,4,1,5,24,20,44,0,0,0,9,6,15,0,0,0,0,1,1,91,91,182,2020-04-30T22:00:00Z
07,199,Končanica,115,60,175,9,3,12,33,19,52,0,2,2,19,13,32,0,0,0,1,2,3,177,99,276,2020-04-30T22:00:00Z
07,24,Bjelovar,6952,6736,13688,293,166,459,206,115,321,57,83,140,418,490,908,1,0,1,20,16,36,7947,7606,15553,2020-04-30T22:00:00Z
07,287,Nova Rača,101,116,217,8,1,9,83,34,117,0,2,2,36,13,49,0,0,0,0,0,0,228,166,394,2020-04-30T22:00:00Z
07,375,Rovišće,180,189,369,25,12,37,58,34,92,1,3,4,23,38,61,0,0,0,1,1,2,288,277,565,2020-04-30T22:00:00Z
07,390,Sirač,250,166,416,14,2,16,8,4,12,2,1,3,21,10,31,0,0,0,2,2,4,297,185,482,2020-04-30T22:00:00Z
07,450,Štefanje,46,57,103,8,2,10,35,14,49,1,2,3,32,17,49,0,0,0,0,0,0,122,92,214,2020-04-30T22:00:00Z
07,478,Velika Pisanica,66,64,130,3,2,5,35,17,52,1,0,1,11,7,18,0,0,0,0,0,0,116,90,206,2020-04-30T22:00:00Z
07,480,Veliki Grđevac,140,107,247,8,4,12,77,34,111,1,2,3,67,24,91,0,0,0,1,0,1,294,171,465,2020-04-30T22:00:00Z
07,483,Veliko Trojstvo,50,91,141,14,4,18,11,13,24,1,0,1,44,18,62,0,0,0,0,0,0,120,126,246,2020-04-30T22:00:00Z
07,562,Severin,107,33,140,2,0,2,17,14,31,0,0,0,11,33,44,0,0,0,1,0,1,138,80,218,2020-04-30T22:00:00Z
07,564,Šandrovac,25,52,77,4,0,4,10,6,16,0,0,0,14,5,19,0,0,0,0,0,0,53,63,116,2020-04-30T22:00:00Z
07,565,Velika Trnovitica,60,68,128,7,1,8,32,21,53,1,0,1,23,7,30,0,0,0,0,1,1,123,98,221,2020-04-30T22:00:00Z
07,566,Zrinski Topolovac,6,32,38,2,1,3,34,22,56,0,1,1,6,0,6,0,0,0,1,0,1,49,56,105,2020-04-30T22:00:00Z
07,63,Čazma,1207,808,2015,52,17,69,62,48,110,6,7,13,94,75,169,0,0,0,3,3,6,1424,958,2382,2020-04-30T22:00:00Z
07,67,Daruvar,1349,1567,2916,94,50,144,45,19,64,17,23,40,141,181,322,0,0,0,3,8,11,1649,1848,3497,2020-04-30T22:00:00Z
07,71,Dežanovac,107,77,184,9,2,11,73,40,113,1,1,2,35,14,49,0,0,0,1,1,2,226,135,361,2020-04-30T22:00:00Z
08,117,Fužine,261,186,447,18,9,27,1,2,3,4,1,5,13,18,31,0,0,0,2,0,2,299,216,515,2020-04-30T22:00:00Z
08,170,Jelenje,282,250,532,94,39,133,6,2,8,37,8,45,63,44,107,0,0,0,2,3,5,484,346,830,2020-04-30T22:00:00Z
08,180,Kastav,1072,782,1854,124,53,177,4,1,5,60,9,69,110,80,190,2,0,2,4,9,13,1376,934,2310,2020-04-30T22:00:00Z
08,186,Klana,391,218,609,21,8,29,1,1,2,3,2,5,14,12,26,0,0,0,1,1,2,431,242,673,2020-04-30T22:00:00Z
08,209,Kraljevica,349,264,613,39,27,66,2,1,3,48,8,56,20,30,50,1,0,1,0,7,7,459,337,796,2020-04-30T22:00:00Z
08,215,Krk,1785,1111,2896,228,85,313,15,7,22,26,14,40,258,178,436,0,0,0,7,7,14,2319,1402,3721,2020-04-30T22:00:00Z
08,237,Lokve,109,99,208,10,4,14,0,0,0,0,2,2,13,12,25,0,0,0,0,0,0,132,117,249,2020-04-30T22:00:00Z
08,242,Lovran,402,592,994,87,26,113,2,3,5,16,10,26,44,63,107,0,0,0,3,8,11,554,702,1256,2020-04-30T22:00:00Z
08,252,Mali Lošinj,1375,1363,2738,225,75,300,26,8,34,37,15,52,155,159,314,0,0,0,12,6,18,1830,1626,3456,2020-04-30T22:00:00Z
08,253,Malinska-Dubašnica,491,773,1264,127,58,185,9,7,16,9,4,13,150,133,283,0,0,0,8,2,10,794,977,1771,2020-04-30T22:00:00Z
08,261,Matulji,1410,1008,2418,202,107,309,14,6,20,39,15,54,170,177,347,0,0,0,5,11,16,1840,1324,3164,2020-04-30T22:00:00Z
08,273,Mošćenička Draga,86,57,143,48,14,62,0,1,1,6,2,8,43,25,68,0,0,0,4,2,6,187,101,288,2020-04-30T22:00:00Z
08,275,Mrkopalj,60,40,100,17,2,19,2,0,2,1,0,1,5,8,13,0,0,0,1,0,1,86,50,136,2020-04-30T22:00:00Z
08,290,Novi Vinodolski,478,388,866,113,59,172,4,2,6,12,9,21,104,73,177,0,0,0,1,3,4,712,534,1246,2020-04-30T22:00:00Z
08,301,Omišalj,622,364,986,80,22,102,2,0,2,20,6,26,88,36,124,0,0,0,2,2,4,814,430,1244,2020-04-30T22:00:00Z
08,302,Opatija,2100,2557,4657,176,102,278,8,3,11,59,30,89,82,146,228,0,1,1,10,16,26,2435,2855,5290,2020-04-30T22:00:00Z
08,360,Punat,304,168,472,63,27,90,4,0,4,7,1,8,74,42,116,0,0,0,3,2,5,455,240,695,2020-04-30T22:00:00Z
08,363,Rab,937,1041,1978,316,87,403,14,4,18,18,14,32,218,160,378,0,0,0,8,11,19,1511,1317,2828,2020-04-30T22:00:00Z
08,369,Ravna Gora,267,281,548,32,7,39,1,0,1,4,1,5,39,26,65,0,0,0,1,2,3,344,317,661,2020-04-30T22:00:00Z
08,373,Rijeka,27118,27764,54882,1118,909,2027,24,15,39,1088,377,1465,905,1287,2192,21,0,21,117,137,254,30391,30489,60880,2020-04-30T22:00:00Z
08,38,Brod Moravice,39,41,80,10,0,10,0,0,0,0,1,1,20,7,27,0,0,0,2,0,2,71,49,120,2020-04-30T22:00:00Z
08,393,Skrad,43,48,91,3,2,5,1,1,2,1,1,2,3,6,9,0,0,0,0,0,0,51,58,109,2020-04-30T22:00:00Z
08,4,Bakar,1856,894,2750,60,37,97,2,0,2,83,11,94,66,60,126,0,0,0,5,10,15,2072,1012,3084,2020-04-30T22:00:00Z
08,488,Vinodolska Općina,185,149,334,57,19,76,2,0,2,12,1,13,41,16,57,1,0,1,2,1,3,300,186,486,2020-04-30T22:00:00Z
08,495,Viškovo,1628,1020,2648,186,90,276,3,3,6,62,16,78,153,124,277,0,0,0,8,9,17,2040,1262,3302,2020-04-30T22:00:00Z
08,507,Vrbnik,130,77,207,30,10,40,8,6,14,2,0,2,28,21,49,0,0,0,0,1,1,198,115,313,2020-04-30T22:00:00Z
08,509,Vrbovsko,458,318,776,57,21,78,3,3,6,0,6,6,80,41,121,0,0,0,2,0,2,600,389,989,2020-04-30T22:00:00Z
08,52,Cres,498,390,888,86,27,113,13,3,16,9,4,13,48,63,111,0,0,0,6,2,8,660,489,1149,2020-04-30T22:00:00Z
08,53,Crikvenica,1140,1519,2659,234,124,358,4,1,5,47,23,70,219,170,389,0,0,0,7,13,20,1651,1850,3501,2020-04-30T22:00:00Z
08,538,Kostrena,394,252,646,26,20,46,2,0,2,63,6,69,18,24,42,2,0,2,2,4,6,507,306,813,2020-04-30T22:00:00Z
08,55,Čabar,368,298,666,50,15,65,1,1,2,6,0,6,144,47,191,0,0,0,1,4,5,570,365,935,2020-04-30T22:00:00Z
08,61,Čavle,620,483,1103,82,47,129,1,2,3,30,9,39,108,89,197,0,0,0,1,4,5,842,634,1476,2020-04-30T22:00:00Z
08,624,Lopar,64,40,104,31,7,38,0,0,0,1,0,1,13,21,34,0,0,0,1,0,1,110,68,178,2020-04-30T22:00:00Z
08,69,Delnice,1138,726,1864,77,43,120,2,2,4,11,17,28,80,101,181,0,0,0,4,7,11,1312,896,2208,2020-04-30T22:00:00Z
08,74,Dobrinj,134,67,201,44,20,64,0,2,2,9,3,12,85,47,132,0,0,0,3,2,5,275,141,416,2020-04-30T22:00:00Z
08,8,Baška,180,182,362,64,24,88,6,2,8,3,4,7,29,37,66,0,0,0,5,2,7,287,251,538,2020-04-30T22:00:00Z
09,130,Gospić,2234,2240,4474,100,56,156,64,33,97,11,12,23,125,174,299,0,0,0,5,8,13,2539,2523,5062,2020-04-30T22:00:00Z
09,178,Karlobag,81,70,151,9,4,13,5,1,6,1,0,1,9,4,13,0,0,0,1,0,1,106,79,185,2020-04-30T22:00:00Z
09,240,Lovinac,168,61,229,2,0,2,2,1,3,0,0,0,2,3,5,0,0,0,0,0,0,174,65,239,2020-04-30T22:00:00Z
09,288,Novalja,666,536,1202,141,38,179,21,7,28,4,3,7,174,69,243,0,0,0,3,9,12,1009,662,1671,2020-04-30T22:00:00Z
09,313,Otočac,840,863,1703,91,35,126,45,23,68,8,9,17,108,118,226,0,0,0,5,6,11,1097,1054,2151,2020-04-30T22:00:00Z
09,323,Perušić,389,232,621,22,7,29,26,21,47,0,2,2,18,25,43,0,0,0,0,0,0,455,287,742,2020-04-30T22:00:00Z
09,37,Brinje,335,181,516,23,6,29,7,5,12,1,1,2,17,19,36,0,0,0,4,0,4,387,212,599,2020-04-30T22:00:00Z
09,387,Senj,701,619,1320,105,52,157,6,5,11,21,9,30,101,100,201,1,0,1,8,6,14,943,791,1734,2020-04-30T22:00:00Z
09,455,Plitvička Jezera,692,688,1380,42,23,65,59,12,71,1,5,6,200,149,349,0,0,0,2,0,2,996,877,1873,2020-04-30T22:00:00Z
09,467,Udbina,146,89,235,10,7,17,34,10,44,0,0,0,12,16,28,0,0,0,3,1,4,205,123,328,2020-04-30T22:00:00Z
09,512,Vrhovine,105,34,139,3,2,5,8,2,10,0,0,0,2,2,4,0,0,0,2,0,2,120,40,160,2020-04-30T22:00:00Z
09,84,Donji Lapac,95,90,185,7,3,10,24,8,32,0,0,0,10,7,17,0,0,0,0,0,0,136,108,244,2020-04-30T22:00:00Z
10,136,Gradina,76,78,154,12,5,17,130,43,173,2,0,2,32,30,62,0,0,0,0,0,0,252,156,408,2020-04-30T22:00:00Z
10,245,Lukač,164,93,257,13,5,18,41,16,57,1,0,1,73,47,120,0,0,0,0,1,1,292,162,454,2020-04-30T22:00:00Z
10,266,Mikleuš,69,51,120,8,1,9,13,6,19,0,0,0,11,9,20,0,0,0,0,0,0,101,67,168,2020-04-30T22:00:00Z
10,283,Nova Bukovica,27,41,68,8,5,13,35,6,41,1,0,1,19,19,38,0,0,0,1,0,1,91,71,162,2020-04-30T22:00:00Z
10,307,Orahovica,935,686,1621,63,38,101,12,2,14,10,13,23,94,95,189,0,0,0,4,4,8,1118,838,1956,2020-04-30T22:00:00Z
10,332,Pitomača,605,576,1181,72,37,109,161,87,248,0,8,8,218,192,410,0,0,0,3,5,8,1059,905,1964,2020-04-30T22:00:00Z
10,395,Slatina,1357,1340,2697,137,64,201,134,48,182,18,23,41,211,249,460,0,0,0,2,12,14,1859,1736,3595,2020-04-30T22:00:00Z
10,407,Sopje,125,43,168,4,2,6,90,27,117,0,0,0,19,20,39,0,0,0,0,0,0,238,92,330,2020-04-30T22:00:00Z
10,424,Suhopolje,205,240,445,25,14,39,99,47,146,0,1,1,55,46,101,0,0,0,3,0,3,387,348,735,2020-04-30T22:00:00Z
10,449,Špišić Bukovica,126,133,259,21,5,26,167,64,231,1,4,5,45,57,102,0,0,0,2,2,4,362,265,627,2020-04-30T22:00:00Z
10,491,Virovitica,3867,3748,7615,167,81,248,80,29,109,37,25,62,408,392,800,0,0,0,12,11,23,4571,4286,8857,2020-04-30T22:00:00Z
10,499,Voćin,137,80,217,7,5,12,28,35,63,0,2,2,14,5,19,0,0,0,0,0,0,186,127,313,2020-04-30T22:00:00Z
10,524,Zdenci,112,83,195,5,4,9,16,9,25,0,4,4,14,12,26,0,0,0,3,1,4,150,113,263,2020-04-30T22:00:00Z
10,54,Crnac,23,34,57,13,4,17,18,8,26,0,3,3,15,12,27,0,0,0,0,0,0,69,61,130,2020-04-30T22:00:00Z
10,56,Čačinci,164,103,267,17,11,28,18,7,25,0,4,4,21,30,51,0,0,0,2,0,2,222,155,377,2020-04-30T22:00:00Z
10,57,Čađavica,83,77,160,12,8,20,65,21,86,0,0,0,48,25,73,0,0,0,0,0,0,208,131,339,2020-04-30T22:00:00Z
11,164,Jakšić,122,111,233,24,3,27,25,7,32,0,2,2,41,18,59,0,0,0,0,0,0,212,141,353,2020-04-30T22:00:00Z
11,177,Kaptol,81,72,153,15,2,17,24,3,27,0,1,1,36,7,43,0,0,0,0,1,1,156,86,242,2020-04-30T22:00:00Z
11,221,Kutjevo,621,374,995,51,16,67,59,25,84,2,7,9,74,75,149,0,0,0,3,2,5,810,499,1309,2020-04-30T22:00:00Z
11,231,Lipik,725,585,1310,25,14,39,23,11,34,2,12,14,54,52,106,0,0,0,3,1,4,832,675,1507,2020-04-30T22:00:00Z
11,318,Pakrac,586,1025,1611,86,26,112,44,17,61,13,16,29,159,92,251,0,0,0,5,7,12,893,1183,2076,2020-04-30T22:00:00Z
11,334,Pleternica,523,399,922,76,25,101,50,17,67,3,8,11,164,114,278,0,0,0,3,3,6,819,566,1385,2020-04-30T22:00:00Z
11,35,Brestovac,119,116,235,12,3,15,16,4,20,1,1,2,26,10,36,0,0,0,0,1,1,174,135,309,2020-04-30T22:00:00Z
11,351,Požega,5045,4349,9394,294,148,442,99,30,129,42,119,161,384,366,750,0,1,1,14,22,36,5878,5035,10913,2020-04-30T22:00:00Z
11,475,Velika,254,324,578,18,9,27,26,3,29,2,3,5,38,34,72,0,0,0,1,0,1,339,373,712,2020-04-30T22:00:00Z
11,58,Čaglin,89,118,207,9,2,11,22,5,27,0,2,2,14,12,26,0,0,0,0,0,0,134,139,273,2020-04-30T22:00:00Z
12,10,Bebrina,20,39,59,9,7,16,12,9,21,1,0,1,12,7,19,0,0,0,0,0,0,54,62,116,2020-04-30T22:00:00Z
12,118,Garčin,114,131,245,28,7,35,25,13,38,0,0,0,17,21,38,0,0,0,0,1,1,184,173,357,2020-04-30T22:00:00Z
12,127,Gornji Bogićevci,39,17,56,7,2,9,8,2,10,0,0,0,20,30,50,0,0,0,0,0,0,74,51,125,2020-04-30T22:00:00Z
12,140,Gundinci,56,43,99,11,3,14,58,22,80,1,0,1,16,6,22,0,0,0,0,0,0,142,74,216,2020-04-30T22:00:00Z
12,185,Klakar,76,51,127,17,4,21,21,4,25,0,0,0,11,15,26,0,0,0,1,0,1,126,74,200,2020-04-30T22:00:00Z
12,284,Nova Gradiška,1930,1891,3821,140,91,231,22,15,37,24,21,45,249,291,540,0,0,0,3,4,7,2368,2313,4681,2020-04-30T22:00:00Z
12,285,Nova Kapela,140,170,310,18,14,32,24,10,34,2,3,5,53,49,102,0,0,0,1,3,4,238,249,487,2020-04-30T22:00:00Z
12,299,Okučani,194,145,339,22,6,28,8,1,9,0,1,1,45,24,69,0,0,0,1,0,1,270,177,447,2020-04-30T22:00:00Z
12,303,Oprisavci,213,131,344,10,0,10,34,9,43,1,0,1,7,15,22,0,0,0,1,2,3,266,157,423,2020-04-30T22:00:00Z
12,309,Oriovac,260,266,526,31,20,51,18,12,30,2,3,5,61,55,116,0,0,0,1,1,2,373,357,730,2020-04-30T22:00:00Z
12,338,Podcrkavlje,43,20,63,15,0,15,8,4,12,0,1,1,17,7,24,0,0,0,0,2,2,83,34,117,2020-04-30T22:00:00Z
12,372,Rešetari,202,210,412,36,9,45,19,9,28,4,1,5,90,38,128,0,0,0,2,2,4,353,269,622,2020-04-30T22:00:00Z
12,388,Sibinj,103,118,221,46,14,60,14,2,16,0,1,1,51,36,87,0,0,0,5,2,7,219,173,392,2020-04-30T22:00:00Z
12,39,Brodski Stupnik,70,47,117,17,8,25,4,3,7,2,1,3,68,36,104,0,0,0,1,0,1,162,95,257,2020-04-30T22:00:00Z
12,396,Slavonski Brod,13038,9054,22092,566,305,871,41,31,72,76,103,179,932,963,1895,1,0,1,16,21,37,14670,10477,25147,2020-04-30T22:00:00Z
12,397,Slavonski Šamac,61,38,99,8,4,12,15,6,21,0,1,1,9,3,12,0,0,0,0,0,0,93,52,145,2020-04-30T22:00:00Z
12,412,Stara Gradiška,135,72,207,4,1,5,7,2,9,0,0,0,20,8,28,0,0,0,0,0,0,166,83,249,2020-04-30T22:00:00Z
12,418,Staro Petrovo Selo,179,116,295,25,9,34,41,19,60,1,2,3,99,35,134,0,0,0,0,0,0,345,181,526,2020-04-30T22:00:00Z
12,46,Cernik,158,175,333,20,10,30,8,4,12,3,2,5,60,29,89,0,0,0,1,2,3,250,222,472,2020-04-30T22:00:00Z
12,476,Velika Kopanica,223,113,336,22,8,30,26,15,41,1,2,3,32,25,57,0,0,0,1,2,3,305,165,470,2020-04-30T22:00:00Z
12,506,Vrbje,31,17,48,7,0,7,20,1,21,0,0,0,24,19,43,0,0,0,0,1,1,82,38,120,2020-04-30T22:00:00Z
12,514,Vrpolje,168,107,275,24,6,30,41,14,55,0,2,2,10,13,23,0,0,0,1,0,1,244,142,386,2020-04-30T22:00:00Z
12,567,Bukovlje,58,51,109,12,7,19,0,0,0,1,0,1,11,19,30,0,0,0,0,0,0,82,77,159,2020-04-30T22:00:00Z
12,568,Dragalić,35,40,75,8,0,8,6,3,9,0,0,0,4,7,11,0,0,0,0,1,1,53,51,104,2020-04-30T22:00:00Z
12,569,Gornja Vrba,276,374,650,10,3,13,1,0,1,0,1,1,12,14,26,0,0,0,0,0,0,299,392,691,2020-04-30T22:00:00Z
12,570,Sikirevci,39,41,80,14,3,17,36,14,50,0,0,0,13,5,18,0,0,0,2,1,3,104,64,168,2020-04-30T22:00:00Z
12,68,Davor,99,73,172,13,6,19,12,4,16,0,0,0,13,18,31,0,0,0,2,0,2,139,101,240,2020-04-30T22:00:00Z
12,81,Donji Andrijevci,127,99,226,19,10,29,18,3,21,1,1,2,27,19,46,0,0,0,0,2,2,192,134,326,2020-04-30T22:00:00Z
13,131,Gračac,244,294,538,23,15,38,53,19,72,2,2,4,35,36,71,0,0,0,1,0,1,358,366,724,2020-04-30T22:00:00Z
13,167,Jasenice,125,53,178,12,0,12,4,3,7,2,0,2,17,5,22,0,0,0,0,0,0,160,61,221,2020-04-30T22:00:00Z
13,17,Benkovac,1068,883,1951,82,36,118,76,46,122,11,13,24,186,127,313,0,0,0,9,8,17,1432,1113,2545,2020-04-30T22:00:00Z
13,173,Kali,295,90,385,27,13,40,3,1,4,16,0,16,58,27,85,0,0,0,1,1,2,400,132,532,2020-04-30T22:00:00Z
13,20,Bibinje,171,173,344,47,22,69,4,0,4,1,2,3,68,50,118,0,0,0,2,1,3,293,248,541,2020-04-30T22:00:00Z
13,22,Biograd Na Moru,1076,1298,2374,123,70,193,21,15,36,19,10,29,130,202,332,1,0,1,4,6,10,1374,1601,2975,2020-04-30T22:00:00Z
13,234,Lišane Ostrovičke,26,28,54,8,3,11,1,0,1,0,0,0,5,4,9,0,0,0,0,0,0,40,35,75,2020-04-30T22:00:00Z
13,282,Nin,404,363,767,48,11,59,11,5,16,6,2,8,39,32,71,0,0,0,0,0,0,508,413,921,2020-04-30T22:00:00Z
13,296,Obrovac,294,201,495,27,13,40,22,4,26,4,6,10,22,39,61,0,0,0,2,3,5,371,266,637,2020-04-30T22:00:00Z
13,316,Pag,444,385,829,80,26,106,29,11,40,4,7,11,69,50,119,0,0,0,5,3,8,631,482,1113,2020-04-30T22:00:00Z
13,317,Pakoštane,336,253,589,59,21,80,8,8,16,10,2,12,70,48,118,0,0,0,4,0,4,487,332,819,2020-04-30T22:00:00Z
13,320,Pašman,85,98,183,42,12,54,2,3,5,10,0,10,35,24,59,0,0,0,1,2,3,175,139,314,2020-04-30T22:00:00Z
13,344,Polača,96,60,156,16,4,20,3,1,4,3,0,3,9,11,20,0,0,0,1,1,2,128,77,205,2020-04-30T22:00:00Z
13,345,Poličnik,368,285,653,44,5,49,8,5,13,4,1,5,40,16,56,0,0,0,1,0,1,465,312,777,2020-04-30T22:00:00Z
13,349,Posedarje,124,142,266,29,11,40,7,7,14,6,1,7,30,35,65,0,0,0,1,4,5,197,200,397,2020-04-30T22:00:00Z
13,354,Preko,259,393,652,43,10,53,4,5,9,30,5,35,37,25,62,0,0,0,1,4,5,374,442,816,2020-04-30T22:00:00Z
13,371,Ražanac,85,68,153,25,7,32,6,5,11,13,0,13,28,14,42,0,0,0,3,1,4,160,95,255,2020-04-30T22:00:00Z
13,379,Sali,164,135,299,37,15,52,6,2,8,4,1,5,19,13,32,0,0,0,1,0,1,231,166,397,2020-04-30T22:00:00Z
13,411,Stankovci,221,156,377,23,4,27,4,2,6,0,1,1,33,12,45,0,0,0,0,1,1,281,176,457,2020-04-30T22:00:00Z
13,416,Starigrad,124,143,267,41,29,70,7,3,10,3,0,3,18,34,52,0,0,0,2,1,3,195,210,405,2020-04-30T22:00:00Z
13,425,Sukošan,364,211,575,50,22,72,9,5,14,6,1,7,44,51,95,0,0,0,1,3,4,474,293,767,2020-04-30T22:00:00Z
13,428,Sveti Filip I Jakov,237,320,557,41,17,58,8,3,11,12,2,14,27,33,60,0,0,0,0,0,0,325,375,700,2020-04-30T22:00:00Z
13,445,Škabrnje,67,61,128,23,2,25,5,0,5,3,0,3,16,6,22,0,0,0,2,1,3,116,70,186,2020-04-30T22:00:00Z
13,489,Vir,320,241,561,54,10,64,3,2,5,2,1,3,37,42,79,0,0,0,1,4,5,417,300,717,2020-04-30T22:00:00Z
13,520,Zadar,14332,15452,29784,1027,577,1604,41,28,69,794,224,1018,1337,1417,2754,4,0,4,120,70,190,17655,17768,35423,2020-04-30T22:00:00Z
13,525,Zemunik Donji,115,133,248,17,4,21,2,1,3,0,0,0,16,4,20,0,0,0,0,1,1,150,143,293,2020-04-30T22:00:00Z
13,537,Novigrad,63,69,132,23,2,25,4,4,8,4,1,5,26,13,39,0,0,0,1,1,2,121,90,211,2020-04-30T22:00:00Z
13,571,Galovac,30,62,92,13,1,14,6,4,10,2,2,4,7,12,19,0,0,0,1,2,3,59,83,142,2020-04-30T22:00:00Z
13,572,Kukljica,72,32,104,18,1,19,1,1,2,3,1,4,28,7,35,0,0,0,0,1,1,122,43,165,2020-04-30T22:00:00Z
13,573,Povljana,53,33,86,16,2,18,3,0,3,4,0,4,7,9,16,0,0,0,1,1,2,84,45,129,2020-04-30T22:00:00Z
13,574,Privlaka,109,96,205,21,8,29,1,1,2,9,0,9,21,14,35,0,0,0,5,2,7,166,121,287,2020-04-30T22:00:00Z
13,575,Tkon,92,49,141,24,5,29,3,3,6,4,0,4,44,24,68,0,0,0,1,1,2,168,82,250,2020-04-30T22:00:00Z
13,622,Kolan,110,70,180,22,4,26,4,1,5,1,0,1,22,14,36,0,0,0,0,0,0,159,89,248,2020-04-30T22:00:00Z
13,625,Vrsi,94,41,135,12,5,17,5,4,9,22,1,23,16,25,41,0,0,0,4,4,8,153,80,233,2020-04-30T22:00:00Z
14,103,Đakovo,2826,2851,5677,424,195,619,187,81,268,29,36,65,700,574,1274,0,0,0,12,15,27,4178,3752,7930,2020-04-30T22:00:00Z
14,106,Đurđenovac,512,505,1017,39,10,49,27,20,47,0,10,10,80,42,122,0,0,0,5,3,8,663,590,1253,2020-04-30T22:00:00Z
14,110,Erdut,274,199,473,38,13,51,60,15,75,2,4,6,48,32,80,0,0,0,2,1,3,424,264,688,2020-04-30T22:00:00Z
14,111,Ernestinovo,75,177,252,9,2,11,26,9,35,2,2,4,6,17,23,0,0,0,0,0,0,118,207,325,2020-04-30T22:00:00Z
14,116,Feričanci,130,109,239,23,4,27,3,0,3,0,2,2,45,16,61,0,0,0,1,1,2,202,132,334,2020-04-30T22:00:00Z
14,124,Gorjani,119,139,258,15,2,17,18,10,28,0,2,2,13,4,17,0,0,0,0,1,1,165,158,323,2020-04-30T22:00:00Z
14,13,Beli Manastir,1001,1141,2142,68,33,101,42,29,71,9,11,20,114,90,204,0,0,0,1,1,2,1235,1305,2540,2020-04-30T22:00:00Z
14,16,Belišće,1533,634,2167,62,28,90,29,6,35,0,7,7,71,95,166,0,0,0,4,2,6,1699,772,2471,2020-04-30T22:00:00Z
14,195,Kneževi Vinogradi,211,242,453,31,7,38,39,7,46,1,2,3,68,61,129,0,0,0,0,1,1,350,320,670,2020-04-30T22:00:00Z
14,2,Antunovac,178,148,326,25,10,35,16,8,24,0,0,0,17,9,26,0,0,0,0,0,0,236,175,411,2020-04-30T22:00:00Z
14,205,Koška,172,153,325,27,6,33,34,10,44,3,3,6,33,22,55,0,0,0,2,0,2,271,194,465,2020-04-30T22:00:00Z
14,21,Bilje,289,303,592,45,20,65,20,13,33,3,6,9,55,42,97,0,0,0,0,1,1,412,385,797,2020-04-30T22:00:00Z
14,23,Bizovac,250,261,511,26,11,37,30,12,42,1,6,7,35,41,76,0,0,0,0,1,1,342,332,674,2020-04-30T22:00:00Z
14,230,Levanjska Varoš,40,21,61,3,2,5,13,9,22,0,0,0,4,2,6,0,0,0,0,1,1,60,35,95,2020-04-30T22:00:00Z
14,257,Marijanci,84,56,140,6,4,10,13,1,14,0,1,1,18,25,43,0,0,0,2,1,3,123,88,211,2020-04-30T22:00:00Z
14,271,Moslavina Podravska,20,31,51,2,2,4,19,9,28,0,0,0,15,9,24,0,0,0,0,0,0,56,51,107,2020-04-30T22:00:00Z
14,278,Našice,2216,1736,3952,163,80,243,47,15,62,16,39,55,245,229,474,0,0,0,10,5,15,2697,2104,4801,2020-04-30T22:00:00Z
14,312,Osijek,23175,21499,44674,796,579,1375,103,40,143,187,210,397,796,1122,1918,1,0,1,32,56,88,25090,23506,48596,2020-04-30T22:00:00Z
14,325,Petlovac,44,39,83,5,4,9,15,0,15,0,0,0,15,5,20,0,0,0,2,0,2,81,48,129,2020-04-30T22:00:00Z
14,327,Petrijevci,297,207,504,17,3,20,12,5,17,0,0,0,13,7,20,0,0,0,1,2,3,340,224,564,2020-04-30T22:00:00Z
14,340,Podgorač,95,83,178,26,7,33,34,7,41,1,1,2,20,29,49,0,0,0,0,1,1,176,128,304,2020-04-30T22:00:00Z
14,346,Popovac,50,59,109,2,3,5,5,7,12,0,0,0,5,7,12,0,0,0,0,0,0,62,76,138,2020-04-30T22:00:00Z
14,361,Punitovci,45,40,85,20,3,23,18,4,22,0,0,0,25,6,31,0,0,0,0,0,0,108,53,161,2020-04-30T22:00:00Z
14,381,Satnica Đakovačka,115,76,191,22,5,27,11,3,14,0,0,0,42,32,74,0,0,0,0,2,2,190,118,308,2020-04-30T22:00:00Z
14,386,Semeljci,240,184,424,45,14,59,55,30,85,2,2,4,80,29,109,0,0,0,2,1,3,424,260,684,2020-04-30T22:00:00Z
14,421,Strizivojna,306,286,592,16,7,23,20,3,23,0,0,0,11,9,20,0,0,0,1,0,1,354,305,659,2020-04-30T22:00:00Z
14,461,Trnava,49,62,111,4,3,7,15,6,21,0,0,0,11,3,14,0,0,0,1,0,1,80,74,154,2020-04-30T22:00:00Z
14,471,Valpovo,839,1044,1883,70,51,121,41,20,61,16,27,43,87,103,190,0,0,0,8,7,15,1061,1252,2313,2020-04-30T22:00:00Z
14,485,Viljevo,34,64,98,10,1,11,28,5,33,0,0,0,19,11,30,0,0,0,1,1,2,92,82,174,2020-04-30T22:00:00Z
14,494,Viškovci,198,181,379,22,3,25,15,6,21,0,0,0,22,3,25,0,0,0,2,0,2,259,193,452,2020-04-30T22:00:00Z
14,517,Vuka,43,46,89,14,2,16,18,5,23,0,1,1,20,10,30,0,0,0,0,0,0,95,64,159,2020-04-30T22:00:00Z
14,576,Donja Motičina,25,33,58,9,2,11,2,1,3,1,0,1,18,8,26,0,0,0,0,0,0,55,44,99,2020-04-30T22:00:00Z
14,578,Magadenovac,101,106,207,5,2,7,28,12,40,1,5,6,19,23,42,0,0,0,0,0,0,154,148,302,2020-04-30T22:00:00Z
14,579,Vladislavci,132,94,226,3,1,4,7,4,11,0,0,0,3,6,9,0,0,0,0,1,1,145,106,251,2020-04-30T22:00:00Z
14,609,Jagodnjak,110,83,193,7,4,11,25,4,29,0,0,0,10,5,15,0,0,0,0,0,0,152,96,248,2020-04-30T22:00:00Z
14,614,Šodolovci,19,6,25,0,0,0,0,0,0,0,0,0,13,4,17,0,0,0,1,0,1,33,10,43,2020-04-30T22:00:00Z
14,64,Čeminac,77,95,172,12,0,12,3,2,5,0,0,0,17,9,26,0,0,0,0,0,0,109,106,215,2020-04-30T22:00:00Z
14,65,Čepin,543,450,993,83,30,113,53,21,74,6,9,15,94,78,172,0,0,0,3,4,7,782,592,1374,2020-04-30T22:00:00Z
14,66,Darda,1766,862,2628,54,30,84,34,4,38,1,4,5,53,50,103,0,0,0,1,0,1,1909,950,2859,2020-04-30T22:00:00Z
14,86,Donji Miholjac,1207,977,2184,86,47,133,153,41,194,6,19,25,159,116,275,0,0,0,4,2,6,1615,1202,2817,2020-04-30T22:00:00Z
14,91,Draž,86,127,213,10,4,14,19,8,27,0,0,0,10,9,19,0,0,0,0,0,0,125,148,273,2020-04-30T22:00:00Z
14,94,Drenje,89,127,216,28,7,35,55,22,77,0,0,0,12,16,28,0,0,0,0,0,0,184,172,356,2020-04-30T22:00:00Z
15,113,Ervenik,43,61,104,1,0,1,3,1,4,0,0,0,0,1,1,0,0,0,0,0,0,47,63,110,2020-04-30T22:00:00Z
15,183,Kijevo,36,39,75,2,0,2,1,0,1,0,0,0,0,0,0,0,0,0,0,0,0,39,39,78,2020-04-30T22:00:00Z
15,184,Kistanje,57,81,138,22,5,27,0,0,0,2,0,2,15,5,20,0,0,0,0,0,0,96,91,187,2020-04-30T22:00:00Z
15,196,Knin,1520,1349,2869,117,67,184,50,9,59,33,7,40,113,141,254,0,0,0,3,2,5,1836,1575,3411,2020-04-30T22:00:00Z
15,298,Promina,100,75,175,1,1,2,1,2,3,0,0,0,0,1,1,0,0,0,0,0,0,102,79,181,2020-04-30T22:00:00Z
15,310,Biskupija,72,31,103,3,0,3,1,1,2,1,0,1,0,0,0,0,0,0,0,0,0,77,32,109,2020-04-30T22:00:00Z
15,357,Primošten,241,263,504,75,27,102,3,0,3,7,1,8,48,25,73,0,0,0,1,2,3,375,318,693,2020-04-30T22:00:00Z
15,377,Ružić,27,53,80,3,0,3,6,8,14,0,0,0,3,9,12,0,0,0,0,0,0,39,70,109,2020-04-30T22:00:00Z
15,394,Skradin,124,166,290,44,13,57,16,5,21,2,3,5,26,29,55,0,0,0,0,0,0,212,216,428,2020-04-30T22:00:00Z
15,444,Šibenik,7925,7885,15810,651,344,995,39,15,54,168,103,271,561,664,1225,3,0,3,23,21,44,9370,9032,18402,2020-04-30T22:00:00Z
15,454,Tisno,276,238,514,109,38,147,5,0,5,5,3,8,65,52,117,0,0,0,0,3,3,460,334,794,2020-04-30T22:00:00Z
15,469,Unešić,44,50,94,7,2,9,2,1,3,2,0,2,15,4,19,0,0,0,0,0,0,70,57,127,2020-04-30T22:00:00Z
15,500,Vodice,850,919,1769,266,97,363,10,7,17,14,8,22,204,132,336,0,0,0,7,7,14,1351,1170,2521,2020-04-30T22:00:00Z
15,51,Civljane,51,12,63,1,0,1,0,0,0,0,0,0,1,3,4,0,0,0,0,0,0,53,15,68,2020-04-30T22:00:00Z
15,581,Pirovac,117,122,239,35,13,48,4,3,7,2,2,4,32,40,72,0,0,0,0,1,1,190,181,371,2020-04-30T22:00:00Z
15,582,Rogoznica,241,206,447,51,15,66,2,1,3,10,1,11,34,32,66,0,0,0,1,0,1,339,255,594,2020-04-30T22:00:00Z
15,617,Murter,250,250,500,54,29,83,7,1,8,16,2,18,57,42,99,0,0,0,1,1,2,385,325,710,2020-04-30T22:00:00Z
15,621,Bilice,66,36,102,16,8,24,0,0,0,6,0,6,24,14,38,0,0,0,0,0,0,112,58,170,2020-04-30T22:00:00Z
15,626,Tribunj,81,69,150,21,14,35,0,0,0,4,0,4,53,26,79,0,0,0,0,2,2,159,111,270,2020-04-30T22:00:00Z
15,95,Drniš,839,606,1445,66,48,114,41,20,61,7,8,15,90,82,172,0,0,0,0,3,3,1043,767,1810,2020-04-30T22:00:00Z
16,1,Andrijaševci,69,113,182,24,12,36,15,5,20,2,0,2,42,41,83,0,0,0,1,3,4,153,174,327,2020-04-30T22:00:00Z
16,137,Gradište,109,88,197,17,3,20,33,6,39,0,1,1,13,13,26,0,0,0,0,0,0,172,111,283,2020-04-30T22:00:00Z
16,141,Gunja,190,120,310,32,8,40,37,14,51,2,1,3,29,11,40,0,0,0,1,1,2,291,155,446,2020-04-30T22:00:00Z
16,154,Ilok,445,519,964,64,21,85,55,17,72,1,1,2,101,95,196,0,0,0,1,0,1,667,653,1320,2020-04-30T22:00:00Z
16,159,Ivankovo,320,359,679,68,26,94,50,11,61,2,6,8,104,82,186,0,0,0,3,3,6,547,487,1034,2020-04-30T22:00:00Z
16,166,Jarmina,31,58,89,11,7,18,25,9,34,0,2,2,25,18,43,0,0,0,0,4,4,92,98,190,2020-04-30T22:00:00Z
16,239,Lovas,71,67,138,5,0,5,14,0,14,1,0,1,4,7,11,0,0,0,0,1,1,95,75,170,2020-04-30T22:00:00Z
16,26,Bogdanovci,27,16,43,3,0,3,9,4,13,0,0,0,17,3,20,0,0,0,0,0,0,56,23,79,2020-04-30T22:00:00Z
16,29,Borovo,79,90,169,38,14,52,27,4,31,3,4,7,61,67,128,0,0,0,3,3,6,211,182,393,2020-04-30T22:00:00Z
16,294,Nuštar,225,275,500,31,18,49,28,6,34,2,3,5,41,28,69,0,0,0,3,0,3,330,330,660,2020-04-30T22:00:00Z
16,295,Nijemci,168,154,322,21,7,28,86,22,108,1,1,2,48,27,75,0,0,0,2,1,3,326,212,538,2020-04-30T22:00:00Z
16,3,Babina Greda,135,115,250,32,10,42,75,24,99,3,0,3,25,36,61,0,0,0,0,0,0,270,185,455,2020-04-30T22:00:00Z
16,32,Bošnjaci,115,87,202,22,5,27,44,7,51,2,0,2,25,30,55,0,0,0,1,0,1,209,129,338,2020-04-30T22:00:00Z
16,414,Stari Jankovci,131,126,257,19,4,23,42,9,51,1,0,1,33,17,50,0,0,0,2,1,3,228,157,385,2020-04-30T22:00:00Z
16,415,Stari Mikanovci,88,113,201,20,11,31,18,9,27,2,1,3,26,42,68,0,0,0,1,0,1,155,176,331,2020-04-30T22:00:00Z
16,44,Cerna,369,193,562,37,18,55,45,16,61,1,1,2,68,47,115,0,0,0,0,0,0,520,275,795,2020-04-30T22:00:00Z
16,456,Tompojevci,13,38,51,13,2,15,38,11,49,0,1,1,14,14,28,0,0,0,0,0,0,78,66,144,2020-04-30T22:00:00Z
16,458,Tordinci,86,89,175,5,2,7,11,0,11,1,0,1,8,8,16,0,0,0,0,0,0,111,99,210,2020-04-30T22:00:00Z
16,459,Tovarnik,146,132,278,16,4,20,44,20,64,0,0,0,10,10,20,0,0,0,2,1,3,218,167,385,2020-04-30T22:00:00Z
16,464,Trpinja,102,181,283,20,5,25,82,11,93,3,0,3,31,30,61,0,0,0,0,0,0,238,227,465,2020-04-30T22:00:00Z
16,487,Vinkovci,7944,6092,14036,276,176,452,36,18,54,58,53,111,472,633,1105,1,0,1,14,9,23,8801,6981,15782,2020-04-30T22:00:00Z
16,505,Vrbanja,221,106,327,31,12,43,74,13,87,2,0,2,21,21,42,0,0,0,0,1,1,349,153,502,2020-04-30T22:00:00Z
16,518,Vukovar,4220,4454,8674,260,132,392,63,29,92,28,37,65,379,360,739,0,0,0,5,7,12,4955,5019,9974,2020-04-30T22:00:00Z
16,534,Županja,2070,1450,3520,129,53,182,40,13,53,22,23,45,188,195,383,1,0,1,7,6,13,2457,1740,4197,2020-04-30T22:00:00Z
16,535,Otok (Vinkovci),363,261,624,35,19,54,59,16,75,8,1,9,61,44,105,0,0,0,1,2,3,527,343,870,2020-04-30T22:00:00Z
16,583,Privlaka,97,71,168,17,5,22,20,8,28,0,2,2,20,21,41,0,0,0,1,2,3,155,109,264,2020-04-30T22:00:00Z
16,584,Vođinci,42,144,186,15,2,17,6,3,9,0,1,1,8,12,20,0,0,0,1,0,1,72,162,234,2020-04-30T22:00:00Z
16,610,Markušica,35,39,74,8,3,11,45,17,62,0,1,1,12,16,28,0,0,0,2,1,3,102,77,179,2020-04-30T22:00:00Z
16,612,Negoslavci,13,8,21,2,0,2,11,3,14,1,0,1,13,13,26,0,0,0,0,0,0,40,24,64,2020-04-30T22:00:00Z
16,628,Štitar,105,45,150,6,0,6,13,3,16,0,1,1,10,7,17,0,0,0,0,0,0,134,56,190,2020-04-30T22:00:00Z
16,92,Drenovci,119,135,254,36,7,43,103,35,138,2,0,2,34,34,68,0,0,0,0,1,1,294,212,506,2020-04-30T22:00:00Z
17,100,Dugi Rat,559,527,1086,76,32,108,1,3,4,33,6,39,141,93,234,0,0,0,2,3,5,812,664,1476,2020-04-30T22:00:00Z
17,134,Gradac,156,212,368,48,15,63,5,1,6,4,1,5,22,39,61,0,0,0,0,4,4,235,272,507,2020-04-30T22:00:00Z
17,148,Hrvace,225,199,424,35,14,49,4,6,10,2,3,5,47,45,92,0,0,0,0,2,2,313,269,582,2020-04-30T22:00:00Z
17,153,Hvar,568,571,1139,186,67,253,15,10,25,17,8,25,147,115,262,1,0,1,4,9,13,938,780,1718,2020-04-30T22:00:00Z
17,155,Imotski,1230,1215,2445,131,79,210,11,8,19,30,14,44,133,223,356,0,0,0,11,14,25,1546,1553,3099,2020-04-30T22:00:00Z
17,171,Jelsa,303,256,559,91,28,119,32,10,42,14,0,14,83,53,136,0,0,0,7,6,13,530,353,883,2020-04-30T22:00:00Z
17,181,Kaštela,3312,3495,6807,454,215,669,24,12,36,141,38,179,491,514,1005,0,0,0,35,24,59,4457,4298,8755,2020-04-30T22:00:00Z
17,192,Klis,224,167,391,36,9,45,6,4,10,15,2,17,36,23,59,0,0,0,0,1,1,317,206,523,2020-04-30T22:00:00Z
17,197,Komiža,143,138,281,60,14,74,4,0,4,4,2,6,29,21,50,0,0,0,1,3,4,241,178,419,2020-04-30T22:00:00Z
17,243,Lovreć,119,95,214,15,8,23,4,0,4,1,0,1,17,11,28,0,0,0,2,1,3,158,115,273,2020-04-30T22:00:00Z
17,249,Makarska,2337,2235,4572,286,169,455,3,2,5,49,28,77,320,345,665,0,0,0,7,8,15,3002,2787,5789,2020-04-30T22:00:00Z
17,258,Marina,178,225,403,52,22,74,6,4,10,12,1,13,37,46,83,1,0,1,3,1,4,289,299,588,2020-04-30T22:00:00Z
17,267,Milna,98,87,185,20,7,27,5,1,6,3,0,3,18,19,37,0,0,0,4,1,5,148,115,263,2020-04-30T22:00:00Z
17,27,Bol,257,319,576,61,23,84,5,2,7,3,2,5,51,20,71,0,0,0,3,4,7,380,370,750,2020-04-30T22:00:00Z
17,280,Nerežišća,144,49,193,16,2,18,6,2,8,2,0,2,28,11,39,0,0,0,1,0,1,197,64,261,2020-04-30T22:00:00Z
17,300,Omiš,1378,1659,3037,226,92,318,11,5,16,43,17,60,301,277,578,0,0,0,5,6,11,1964,2056,4020,2020-04-30T22:00:00Z
17,314,Otok,256,201,457,44,18,62,8,1,9,4,0,4,71,56,127,0,0,0,0,0,0,383,276,659,2020-04-30T22:00:00Z
17,337,Podbablje,270,172,442,30,3,33,6,0,6,2,1,3,22,33,55,0,0,0,2,3,5,332,212,544,2020-04-30T22:00:00Z
17,339,Podgora,229,207,436,59,20,79,2,1,3,0,0,0,27,11,38,0,0,0,3,2,5,320,241,561,2020-04-30T22:00:00Z
17,341,Podstrana,733,619,1352,59,15,74,16,4,20,41,3,44,51,73,124,1,0,1,3,3,6,904,717,1621,2020-04-30T22:00:00Z
17,350,Postira,260,225,485,37,15,52,11,4,15,2,3,5,12,11,23,0,0,0,3,1,4,325,259,584,2020-04-30T22:00:00Z
17,358,Pučišća,235,127,362,44,8,52,6,5,11,7,0,7,39,14,53,0,0,0,2,0,2,333,154,487,2020-04-30T22:00:00Z
17,382,Seget,454,382,836,38,9,47,7,3,10,10,2,12,141,68,209,0,0,0,4,2,6,654,466,1120,2020-04-30T22:00:00Z
17,383,Selca,125,105,230,38,21,59,9,3,12,5,2,7,79,33,112,0,0,0,1,1,2,257,165,422,2020-04-30T22:00:00Z
17,389,Sinj,1872,1903,3775,249,127,376,51,16,67,41,42,83,284,367,651,1,1,2,8,19,27,2506,2475,4981,2020-04-30T22:00:00Z
17,406,Solin,3551,2837,6388,247,134,381,11,8,19,123,31,154,296,285,581,0,0,0,13,11,24,4241,3306,7547,2020-04-30T22:00:00Z
17,409,Split,34655,36687,71342,1499,1032,2531,63,41,104,2147,438,2585,1507,2159,3666,4,0,4,166,167,333,40041,40524,80565,2020-04-30T22:00:00Z
17,413,Stari Grad,280,276,556,62,23,85,17,13,30,6,4,10,38,33,71,0,0,0,5,9,14,408,358,766,2020-04-30T22:00:00Z
17,423,Sućuraj,23,21,44,22,2,24,4,2,6,0,0,0,13,7,20,0,0,0,0,0,0,62,32,94,2020-04-30T22:00:00Z
17,427,Supetar,568,688,1256,114,64,178,17,5,22,22,8,30,100,115,215,0,0,0,7,3,10,828,883,1711,2020-04-30T22:00:00Z
17,443,Šestanovac,130,143,273,24,5,29,7,0,7,0,2,2,21,19,40,0,0,0,2,1,3,184,170,354,2020-04-30T22:00:00Z
17,447,Šolta,177,116,293,17,12,29,10,3,13,6,1,7,5,14,19,0,0,0,0,0,0,215,146,361,2020-04-30T22:00:00Z
17,460,Trilj,411,521,932,98,27,125,17,8,25,13,3,16,91,136,227,0,0,0,0,4,4,630,699,1329,2020-04-30T22:00:00Z
17,463,Trogir,1962,1758,3720,317,154,471,11,3,14,79,37,116,348,398,746,0,0,0,15,21,36,2732,2371,5103,2020-04-30T22:00:00Z
17,492,Vis,219,228,447,41,16,57,16,3,19,6,2,8,38,36,74,0,0,0,3,3,6,323,288,611,2020-04-30T22:00:00Z
17,50,Cista Provo,111,136,247,27,1,28,7,1,8,2,0,2,5,13,18,0,0,0,1,2,3,153,153,306,2020-04-30T22:00:00Z
17,511,Vrgorac,895,648,1543,47,23,70,24,18,42,5,7,12,52,87,139,0,0,0,0,4,4,1023,787,1810,2020-04-30T22:00:00Z
17,513,Vrlika,109,217,326,16,3,19,11,3,14,1,0,1,25,4,29,0,0,0,1,0,1,163,227,390,2020-04-30T22:00:00Z
17,522,Zagvozd,134,68,202,16,2,18,2,0,2,1,0,1,6,7,13,0,0,0,0,1,1,159,78,237,2020-04-30T22:00:00Z
17,528,Zmijavci,82,118,200,7,2,9,1,1,2,2,0,2,28,10,38,0,0,0,0,1,1,120,132,252,2020-04-30T22:00:00Z
17,585,Dugopolje,1346,733,2079,29,10,39,5,5,10,10,1,11,64,44,108,0,0,0,0,0,0,1454,793,2247,2020-04-30T22:00:00Z
17,586,Lećevica,11,23,34,6,0,6,0,0,0,1,0,1,1,0,1,0,0,0,0,0,0,19,23,42,2020-04-30T22:00:00Z
17,587,Lokvičići,33,25,58,0,1,1,1,0,1,0,0,0,1,3,4,0,0,0,1,0,1,36,29,65,2020-04-30T22:00:00Z
17,588,Okrug,136,159,295,32,11,43,1,1,2,11,4,15,88,27,115,0,0,0,3,3,6,271,205,476,2020-04-30T22:00:00Z
17,589,Prgomet,34,23,57,8,0,8,2,1,3,0,0,0,2,1,3,0,0,0,0,0,0,46,25,71,2020-04-30T22:00:00Z
17,590,Primorski Dolac,15,46,61,4,1,5,1,1,2,1,1,2,3,5,8,0,0,0,0,0,0,24,54,78,2020-04-30T22:00:00Z
17,591,Runovići,79,82,161,5,3,8,0,1,1,0,2,2,29,32,61,0,0,0,1,0,1,114,120,234,2020-04-30T22:00:00Z
17,592,Sutivan,96,62,158,15,5,20,4,1,5,9,1,10,20,11,31,0,0,0,1,0,1,145,80,225,2020-04-30T22:00:00Z
17,593,Tučepi,198,189,387,29,16,45,0,1,1,4,4,8,26,26,52,0,0,0,1,0,1,258,236,494,2020-04-30T22:00:00Z
17,595,Zadvarje,29,22,51,7,1,8,0,1,1,0,0,0,9,5,14,0,0,0,0,0,0,45,29,74,2020-04-30T22:00:00Z
17,72,Dicmo,415,172,587,31,16,47,3,2,5,4,1,5,37,47,84,0,0,0,0,1,1,490,239,729,2020-04-30T22:00:00Z
17,77,Brela,174,149,323,32,7,39,0,1,1,1,1,2,19,15,34,0,0,0,1,1,2,227,174,401,2020-04-30T22:00:00Z
17,87,Muć,146,189,335,18,4,22,2,3,5,5,4,9,9,12,21,0,0,0,0,1,1,180,213,393,2020-04-30T22:00:00Z
17,88,Proložac,182,173,355,14,4,18,1,3,4,0,0,0,40,18,58,0,0,0,3,1,4,240,199,439,2020-04-30T22:00:00Z
17,9,Baška Voda,204,253,457,78,35,113,2,1,3,7,2,9,53,52,105,0,0,0,1,2,3,345,345,690,2020-04-30T22:00:00Z
18,132,Gračišće,40,33,73,32,3,35,13,3,16,0,0,0,39,8,47,0,0,0,1,0,1,125,47,172,2020-04-30T22:00:00Z
18,138,Grožnjan,29,23,52,15,4,19,13,4,17,0,0,0,8,13,21,0,0,0,0,1,1,65,45,110,2020-04-30T22:00:00Z
18,175,Kanfanar,433,183,616,23,7,30,5,0,5,2,0,2,26,17,43,0,0,0,2,1,3,491,208,699,2020-04-30T22:00:00Z
18,217,Kršan,275,283,558,48,10,58,8,5,13,2,0,2,96,50,146,0,0,0,3,4,7,432,352,784,2020-04-30T22:00:00Z
18,222,Labin,2549,2269,4818,244,107,351,17,10,27,29,35,64,274,221,495,0,0,0,13,10,23,3126,2652,5778,2020-04-30T22:00:00Z
18,223,Lanišće,14,12,26,4,0,4,2,1,3,0,0,0,8,3,11,0,0,0,0,0,0,28,16,44,2020-04-30T22:00:00Z
18,235,Ližnjan,130,126,256,13,3,16,2,0,2,3,0,3,22,35,57,0,0,0,1,0,1,171,164,335,2020-04-30T22:00:00Z
18,246,Lupoglav,181,94,275,11,5,16,8,4,12,0,1,1,12,11,23,0,0,0,0,1,1,212,116,328,2020-04-30T22:00:00Z
18,254,Marčana,137,139,276,36,14,50,3,2,5,4,1,5,32,18,50,0,0,0,3,1,4,215,175,390,2020-04-30T22:00:00Z
18,263,Medulin,551,518,1069,85,44,129,7,3,10,9,5,14,87,96,183,0,0,0,0,1,1,739,667,1406,2020-04-30T22:00:00Z
18,274,Motovun,80,88,168,32,11,43,19,5,24,0,0,0,37,33,70,0,0,0,3,2,5,171,139,310,2020-04-30T22:00:00Z
18,291,Novigrad,747,885,1632,117,46,163,18,6,24,4,8,12,123,104,227,0,0,0,5,8,13,1014,1057,2071,2020-04-30T22:00:00Z
18,304,Oprtalj,67,83,150,11,4,15,13,2,15,0,0,0,13,9,22,0,0,0,4,3,7,108,101,209,2020-04-30T22:00:00Z
18,321,Pazin,2014,1907,3921,284,111,395,46,22,68,15,24,39,312,203,515,0,0,0,9,17,26,2680,2284,4964,2020-04-30T22:00:00Z
18,330,Pićan,350,193,543,27,5,32,4,5,9,2,1,3,52,18,70,0,0,0,1,1,2,436,223,659,2020-04-30T22:00:00Z
18,348,Poreč,4582,4521,9103,582,292,874,46,19,65,58,52,110,487,406,893,0,0,0,11,13,24,5766,5303,11069,2020-04-30T22:00:00Z
18,359,Pula,12952,12201,25153,1089,562,1651,57,41,98,298,175,473,883,1060,1943,2,0,2,82,48,130,15363,14087,29450,2020-04-30T22:00:00Z
18,368,Raša,254,156,410,26,8,34,1,0,1,4,1,5,39,20,59,0,0,0,0,0,0,324,185,509,2020-04-30T22:00:00Z
18,374,Rovinj,2821,2889,5710,396,220,616,26,10,36,35,36,71,421,387,808,1,0,1,16,16,32,3716,3558,7274,2020-04-30T22:00:00Z
18,40,Brtonigla,153,91,244,36,13,49,25,9,34,1,1,2,44,44,88,0,0,0,0,2,2,259,160,419,2020-04-30T22:00:00Z
18,42,Buje,768,708,1476,82,44,126,25,13,38,7,11,18,51,60,111,0,0,0,3,7,10,936,843,1779,2020-04-30T22:00:00Z
18,43,Buzet,1553,991,2544,160,64,224,20,17,37,5,4,9,102,102,204,0,0,0,7,5,12,1847,1183,3030,2020-04-30T22:00:00Z
18,431,Sveti Lovreč,42,58,100,19,10,29,2,1,3,0,1,1,34,16,50,0,0,0,0,1,1,97,87,184,2020-04-30T22:00:00Z
18,432,Sveta Nedelja,144,133,277,24,7,31,7,3,10,5,0,5,36,16,52,0,0,0,8,5,13,224,164,388,2020-04-30T22:00:00Z
18,433,Sveti Petar U Šumi,169,109,278,24,4,28,2,4,6,0,0,0,28,5,33,0,0,0,1,1,2,224,123,347,2020-04-30T22:00:00Z
18,435,Svetvinčenat,117,97,214,20,3,23,1,0,1,0,0,0,23,23,46,0,0,0,1,0,1,162,123,285,2020-04-30T22:00:00Z
18,453,Tinjan,188,96,284,38,9,47,4,1,5,2,3,5,59,29,88,0,0,0,2,0,2,293,138,431,2020-04-30T22:00:00Z
18,468,Umag,2490,2141,4631,352,151,503,31,14,45,33,34,67,286,284,570,0,0,0,16,20,36,3208,2644,5852,2020-04-30T22:00:00Z
18,47,Cerovlje,86,45,131,38,2,40,5,4,9,1,0,1,32,15,47,0,0,0,1,2,3,163,68,231,2020-04-30T22:00:00Z
18,497,Višnjan,242,222,464,43,12,55,9,4,13,1,0,1,84,34,118,0,0,0,5,0,5,384,272,656,2020-04-30T22:00:00Z
18,498,Vižinada,55,43,98,22,5,27,16,5,21,1,0,1,31,17,48,0,0,0,1,0,1,126,70,196,2020-04-30T22:00:00Z
18,5,Bale,114,98,212,23,16,39,3,3,6,0,0,0,35,19,54,0,0,0,1,1,2,176,137,313,2020-04-30T22:00:00Z
18,502,Vodnjan,706,547,1253,55,20,75,11,4,15,9,4,13,93,53,146,0,0,0,0,0,0,874,628,1502,2020-04-30T22:00:00Z
18,516,Vrsar,264,222,486,81,36,117,4,1,5,4,1,5,74,84,158,1,0,1,2,2,4,430,346,776,2020-04-30T22:00:00Z
18,531,Žminj,483,381,864,89,40,129,12,5,17,1,3,4,95,70,165,0,0,0,4,3,7,684,502,1186,2020-04-30T22:00:00Z
18,596,Karojba,79,74,153,34,7,41,2,1,3,0,0,0,53,10,63,0,0,0,1,0,1,169,92,261,2020-04-30T22:00:00Z
18,597,Kaštelir - Labinci,154,68,222,29,14,43,5,2,7,1,0,1,43,13,56,0,0,0,2,3,5,234,100,334,2020-04-30T22:00:00Z
18,6,Barban,208,103,311,39,6,45,8,5,13,1,1,2,21,23,44,0,0,0,4,2,6,281,140,421,2020-04-30T22:00:00Z
18,619,Fažana,244,186,430,26,14,40,0,1,1,4,2,6,49,64,113,0,0,0,0,2,2,323,269,592,2020-04-30T22:00:00Z
18,629,Funtana,111,94,205,22,8,30,1,0,1,0,0,0,19,24,43,0,0,0,1,1,2,154,127,281,2020-04-30T22:00:00Z
18,631,Tar-Vabriga,148,198,346,40,15,55,2,0,2,1,0,1,30,25,55,0,0,0,0,1,1,221,239,460,2020-04-30T22:00:00Z
19,198,Konavle,1242,911,2153,193,66,259,20,10,30,34,9,43,77,98,175,0,0,0,8,4,12,1574,1098,2672,2020-04-30T22:00:00Z
19,204,Korčula,640,816,1456,130,53,183,18,8,26,123,14,137,83,86,169,0,0,0,14,12,26,1008,989,1997,2020-04-30T22:00:00Z
19,219,Kula Norinska,33,57,90,13,3,16,2,0,2,1,0,1,5,6,11,0,0,0,0,0,0,54,66,120,2020-04-30T22:00:00Z
19,226,Lastovo,59,85,144,24,10,34,3,1,4,4,1,5,7,7,14,0,0,0,6,7,13,103,111,214,2020-04-30T22:00:00Z
19,25,Blato,584,404,988,58,19,77,20,5,25,8,8,16,167,45,212,0,0,0,8,5,13,845,486,1331,2020-04-30T22:00:00Z
19,264,Metković,1861,1567,3428,175,99,274,33,22,55,42,21,63,340,273,613,0,0,0,5,5,10,2456,1987,4443,2020-04-30T22:00:00Z
19,268,Mljet,182,74,256,25,12,37,4,0,4,5,2,7,9,9,18,0,0,0,3,2,5,228,99,327,2020-04-30T22:00:00Z
19,306,Opuzen,381,342,723,28,13,41,41,20,61,4,1,5,23,37,60,0,0,0,1,1,2,478,414,892,2020-04-30T22:00:00Z
19,308,Orebić,370,354,724,80,37,117,29,8,37,33,5,38,71,70,141,0,0,0,8,12,20,591,486,1077,2020-04-30T22:00:00Z
19,335,Ploče,1332,853,2185,74,41,115,17,2,19,40,9,49,77,123,200,0,0,0,1,3,4,1541,1031,2572,2020-04-30T22:00:00Z
19,343,Pojezerje,25,25,50,5,3,8,5,0,5,0,0,0,1,2,3,0,0,0,0,0,0,36,30,66,2020-04-30T22:00:00Z
19,399,Slivno,372,54,426,11,8,19,16,7,23,0,0,0,3,12,15,0,0,0,1,0,1,403,81,484,2020-04-30T22:00:00Z
19,402,Smokvica,29,71,100,11,2,13,13,5,18,5,0,5,29,8,37,0,0,0,4,4,8,91,90,181,2020-04-30T22:00:00Z
19,419,Ston,362,223,585,50,14,64,20,5,25,5,1,6,38,24,62,0,0,0,3,2,5,478,269,747,2020-04-30T22:00:00Z
19,474,Vela Luka,284,523,807,56,18,74,10,1,11,35,4,39,70,47,117,0,0,0,5,6,11,460,599,1059,2020-04-30T22:00:00Z
19,523,Zažablje,13,4,17,6,0,6,4,2,6,1,0,1,4,2,6,0,0,0,0,0,0,28,8,36,2020-04-30T22:00:00Z
19,598,Dubrovačko Primorje,147,101,248,23,7,30,5,6,11,10,3,13,33,17,50,0,0,0,0,2,2,218,136,354,2020-04-30T22:00:00Z
19,599,Janjina,305,56,361,10,4,14,11,3,14,3,1,4,7,7,14,0,0,0,1,0,1,337,71,408,2020-04-30T22:00:00Z
19,600,Lumbarda,50,58,108,37,12,49,9,1,10,8,1,9,24,14,38,0,0,0,4,2,6,132,88,220,2020-04-30T22:00:00Z
19,601,Trpanj,46,49,95,12,3,15,1,2,3,6,2,8,16,7,23,0,0,0,2,1,3,83,64,147,2020-04-30T22:00:00Z
19,602,Župa Dubrovačka,623,604,1227,119,66,185,4,4,8,63,2,65,69,67,136,1,0,1,8,1,9,887,744,1631,2020-04-30T22:00:00Z
19,98,Dubrovnik,9940,10332,20272,764,387,1151,30,13,43,546,83,629,558,643,1201,0,0,0,51,64,115,11889,11522,23411,2020-04-30T22:00:00Z
20,123,Goričan,313,137,450,8,3,11,9,1,10,0,1,1,30,18,48,0,0,0,0,0,0,360,160,520,2020-04-30T22:00:00Z
20,15,Belica,183,184,367,24,14,38,63,47,110,1,0,1,29,32,61,0,0,0,0,2,2,300,279,579,2020-04-30T22:00:00Z
20,206,Kotoriba,457,229,686,11,4,15,7,0,7,0,5,5,17,19,36,0,0,0,0,0,0,492,257,749,2020-04-30T22:00:00Z
20,250,Mala Subotica,489,970,1459,29,18,47,34,18,52,2,4,6,42,28,70,0,0,0,1,4,5,597,1042,1639,2020-04-30T22:00:00Z
20,276,Mursko Središće,743,733,1476,40,22,62,18,6,24,3,7,10,61,59,120,0,0,0,1,2,3,866,829,1695,2020-04-30T22:00:00Z
20,279,Nedelišće,1321,738,2059,89,35,124,43,19,62,1,8,9,149,66,215,0,0,0,2,7,9,1605,873,2478,2020-04-30T22:00:00Z
20,342,Podturen,168,87,255,19,6,25,18,16,34,1,2,3,49,35,84,0,0,0,0,1,1,255,147,402,2020-04-30T22:00:00Z
20,355,Prelog,2246,1599,3845,64,17,81,49,33,82,9,9,18,72,53,125,0,0,0,5,4,9,2445,1715,4160,2020-04-30T22:00:00Z
20,385,Selnica,135,120,255,6,7,13,8,6,14,1,2,3,12,17,29,0,0,0,0,1,1,162,153,315,2020-04-30T22:00:00Z
20,440,Sveti Juraj Na Bregu,264,139,403,26,13,39,15,7,22,2,3,5,47,64,111,0,0,0,0,1,1,354,227,581,2020-04-30T22:00:00Z
20,441,Sveti Martin Na Muri,577,317,894,9,9,18,13,7,20,0,3,3,27,35,62,0,0,0,1,1,2,627,372,999,2020-04-30T22:00:00Z
20,452,Štrigova,244,183,427,27,8,35,44,24,68,2,1,3,61,63,124,0,0,0,0,0,0,378,279,657,2020-04-30T22:00:00Z
20,504,Vratišinec,138,93,231,6,3,9,12,4,16,1,2,3,9,5,14,0,0,0,1,0,1,167,107,274,2020-04-30T22:00:00Z
20,60,Čakovec,9594,9237,18831,260,119,379,66,28,94,38,64,102,278,386,664,0,0,0,7,7,14,10243,9841,20084,2020-04-30T22:00:00Z
20,603,Dekanovec,72,69,141,5,2,7,8,6,14,0,0,0,5,2,7,0,0,0,0,1,1,90,80,170,2020-04-30T22:00:00Z
20,604,Gornji Mihaljevec,131,50,181,9,2,11,22,7,29,2,2,4,19,13,32,0,0,0,1,0,1,184,74,258,2020-04-30T22:00:00Z
20,605,Orehovica,78,120,198,14,2,16,28,15,43,1,2,3,49,19,68,0,0,0,0,2,2,170,160,330,2020-04-30T22:00:00Z
20,606,Strahoninec,238,119,357,13,4,17,4,1,5,0,1,1,37,11,48,0,0,0,0,2,2,292,138,430,2020-04-30T22:00:00Z
20,607,Sveta Marija,76,65,141,14,6,20,5,0,5,1,0,1,25,6,31,0,0,0,1,1,2,122,78,200,2020-04-30T22:00:00Z
20,608,Šenkovec,540,239,779,15,12,27,3,1,4,0,1,1,28,27,55,0,0,0,1,3,4,587,283,870,2020-04-30T22:00:00Z
20,620,Pribislavec,221,97,318,11,5,16,2,1,3,2,1,3,18,9,27,0,0,0,0,0,0,254,113,367,2020-04-30T22:00:00Z
20,75,Domašinec,324,114,438,7,9,16,18,13,31,0,2,2,16,10,26,0,0,0,2,1,3,367,149,516,2020-04-30T22:00:00Z
20,78,Donja Dubrava,177,223,400,15,7,22,7,3,10,0,1,1,13,12,25,0,0,0,0,0,0,212,246,458,2020-04-30T22:00:00Z
20,82,Donji Kraljevec,1263,539,1802,36,8,44,53,17,70,3,6,9,92,132,224,0,0,0,3,8,11,1450,710,2160,2020-04-30T22:00:00Z
20,89,Donji Vidovec,52,79,131,3,1,4,6,0,6,1,2,3,4,14,18,0,0,0,0,0,0,66,96,162,2020-04-30T22:00:00Z
21,133,Zagreb,221381,202118,423499,7810,5056,12866,315,191,506,2274,2130,4404,5618,7222,12840,19,2,21,394,585,979,237811,217304,455115,2020-04-30T22:00:00Z
01,101,Dugo Selo,2844,1931,4775,224,91,315,26,23,49,23,25,48,278,236,514,0,0,0,7,19,26,3402,2325,5727,2020-05-31T22:00:00Z
01,114,Farkaševac,186,242,428,7,4,11,29,14,43,0,2,2,35,14,49,0,0,0,1,0,1,258,276,534,2020-05-31T22:00:00Z
01,135,Gradec,146,127,273,15,3,18,13,7,20,0,2,2,42,19,61,0,0,0,0,0,0,216,158,374,2020-05-31T22:00:00Z
01,158,Ivanić-Grad,3195,1537,4732,86,74,160,50,30,80,7,19,26,145,191,336,0,0,0,10,9,19,3493,1860,5353,2020-05-31T22:00:00Z
01,163,Jakovlje,201,175,376,41,9,50,9,12,21,4,2,6,40,45,85,0,0,0,1,0,1,296,243,539,2020-05-31T22:00:00Z
01,169,Jastrebarsko,2143,1552,3695,217,117,334,63,33,96,17,20,37,255,233,488,0,0,0,13,7,20,2708,1962,4670,2020-05-31T22:00:00Z
01,190,Klinča Selo,187,147,334,36,7,43,4,3,7,0,0,0,71,50,121,0,0,0,0,1,1,298,208,506,2020-05-31T22:00:00Z
01,193,Kloštar Ivanić,383,277,660,25,10,35,22,6,28,1,11,12,55,41,96,0,0,0,2,1,3,488,346,834,2020-05-31T22:00:00Z
01,213,Križ,556,378,934,28,24,52,23,13,36,3,6,9,28,60,88,0,0,0,5,2,7,643,483,1126,2020-05-31T22:00:00Z
01,33,Brckovljani,267,288,555,8,3,11,0,0,0,0,2,2,23,13,36,0,0,0,0,0,0,298,306,604,2020-05-31T22:00:00Z
01,331,Pisarovina,361,264,625,28,16,44,24,20,44,1,4,5,20,33,53,0,0,0,1,3,4,435,340,775,2020-05-31T22:00:00Z
01,34,Brdovec,806,654,1460,97,29,126,12,8,20,3,8,11,87,59,146,0,0,0,2,3,5,1007,761,1768,2020-05-31T22:00:00Z
01,356,Preseka,21,10,31,5,2,7,15,12,27,0,1,1,18,5,23,0,0,0,1,1,2,60,31,91,2020-05-31T22:00:00Z
01,362,Pušča,175,186,361,29,14,43,8,2,10,1,3,4,55,27,82,0,0,0,0,0,0,268,232,500,2020-05-31T22:00:00Z
01,376,Rugvica,985,394,1379,8,6,14,4,2,6,1,2,3,23,26,49,0,0,0,1,0,1,1022,430,1452,2020-05-31T22:00:00Z
01,380,Samobor,5006,3640,8646,483,283,766,29,24,53,46,70,116,567,503,1070,0,0,0,32,29,61,6163,4549,10712,2020-05-31T22:00:00Z
01,429,Sveti Ivan Zelina,2113,1827,3940,170,69,239,87,65,152,13,19,32,246,207,453,0,0,0,10,4,14,2639,2191,4830,2020-05-31T22:00:00Z
01,436,Sveta Nedjelja,4996,2983,7979,222,83,305,8,5,13,10,12,22,344,180,524,0,0,0,7,6,13,5587,3269,8856,2020-05-31T22:00:00Z
01,508,Vrbovec,2211,1907,4118,153,66,219,75,34,109,6,23,29,275,151,426,0,0,0,11,12,23,2731,2193,4924,2020-05-31T22:00:00Z
01,533,Krašić,253,163,416,29,8,37,18,11,29,4,3,7,28,32,60,0,0,0,1,1,2,333,218,551,2020-05-31T22:00:00Z
01,536,Rakovec,27,17,44,10,2,12,13,11,24,0,1,1,18,11,29,0,0,0,0,0,0,68,42,110,2020-05-31T22:00:00Z
01,539,Marija Gorica,83,93,176,14,5,19,0,0,0,1,1,2,23,24,47,0,0,0,0,0,0,121,123,244,2020-05-31T22:00:00Z
01,540,Žumberak,15,19,34,5,2,7,8,6,14,0,0,0,8,11,19,0,0,0,0,0,0,36,38,74,2020-05-31T22:00:00Z
01,541,Velika Gorica,7513,5940,13453,610,327,937,72,34,106,51,69,120,580,547,1127,0,0,0,26,22,48,8852,6939,15791,2020-05-31T22:00:00Z
01,542,Orle,47,23,70,12,1,13,10,6,16,0,0,0,10,3,13,0,0,0,0,1,1,79,34,113,2020-05-31T22:00:00Z
01,543,Zaprešić,3284,2867,6151,205,136,341,16,10,26,36,45,81,246,244,490,0,0,0,14,13,27,3801,3315,7116,2020-05-31T22:00:00Z
01,544,Pokupsko,42,61,103,7,7,14,15,6,21,1,0,1,6,7,13,0,0,0,0,0,0,71,81,152,2020-05-31T22:00:00Z
01,545,Kravarsko,114,98,212,27,8,35,9,8,17,0,0,0,64,11,75,0,0,0,1,0,1,215,125,340,2020-05-31T22:00:00Z
01,547,Bistra,349,501,850,46,24,70,7,5,12,2,8,10,67,51,118,1,0,1,0,2,2,472,591,1063,2020-05-31T22:00:00Z
01,548,Luka,252,78,330,14,2,16,3,6,9,1,1,2,21,17,38,0,0,0,1,0,1,292,104,396,2020-05-31T22:00:00Z
01,549,Dubravica,65,43,108,15,0,15,14,8,22,0,0,0,17,13,30,0,0,0,0,0,0,111,64,175,2020-05-31T22:00:00Z
01,550,Bedenica,188,140,328,12,5,17,7,7,14,1,1,2,19,11,30,0,0,0,0,0,0,227,164,391,2020-05-31T22:00:00Z
01,551,Stupnik,1211,474,1685,22,14,36,0,4,4,2,2,4,19,20,39,0,0,0,0,1,1,1254,515,1769,2020-05-31T22:00:00Z
01,97,Dubrava,286,304,590,43,21,64,65,39,104,2,12,14,75,70,145,0,0,0,3,11,14,474,457,931,2020-05-31T22:00:00Z
02,108,Đurmanec,96,125,221,56,10,66,0,3,3,3,3,6,105,96,201,0,0,0,1,0,1,261,237,498,2020-05-31T22:00:00Z
02,11,Bedekovčina,507,729,1236,89,37,126,6,9,15,5,9,14,130,118,248,0,0,0,4,2,6,741,904,1645,2020-05-31T22:00:00Z
02,125,Gornja Stubica,187,277,464,48,14,62,10,3,13,1,1,2,63,46,109,0,0,0,0,2,2,309,343,652,2020-05-31T22:00:00Z
02,146,Hraščina,48,35,83,9,2,11,3,4,7,0,1,1,5,5,10,0,0,0,1,0,1,66,47,113,2020-05-31T22:00:00Z
02,152,Hum Na Sutli,1571,562,2133,50,30,80,4,0,4,1,8,9,168,74,242,0,0,0,1,1,2,1795,675,2470,2020-05-31T22:00:00Z
02,187,Klanjec,304,258,562,64,20,84,10,6,16,5,0,5,71,41,112,0,0,0,1,3,4,455,328,783,2020-05-31T22:00:00Z
02,200,Konjščina,388,360,748,33,14,47,1,0,1,2,3,5,28,33,61,0,0,0,2,3,5,454,413,867,2020-05-31T22:00:00Z
02,208,Kraljevec Na Sutli,59,49,108,16,6,22,4,3,7,0,0,0,19,5,24,0,0,0,0,2,2,98,65,163,2020-05-31T22:00:00Z
02,211,Krapina,2661,2713,5374,162,77,239,6,5,11,20,21,41,192,187,379,0,0,0,3,3,6,3044,3006,6050,2020-05-31T22:00:00Z
02,212,Krapinske Toplice,578,1149,1727,63,34,97,5,7,12,0,5,5,114,76,190,0,0,0,0,1,1,760,1272,2032,2020-05-31T22:00:00Z
02,236,Lobor,167,231,398,17,10,27,6,5,11,0,0,0,27,15,42,0,0,0,1,0,1,218,261,479,2020-05-31T22:00:00Z
02,248,Mače,117,53,170,25,7,32,3,3,6,1,0,1,46,35,81,0,0,0,0,0,0,192,98,290,2020-05-31T22:00:00Z
02,256,Marija Bistrica,323,307,630,60,41,101,16,6,22,1,4,5,78,85,163,0,0,0,6,4,10,484,447,931,2020-05-31T22:00:00Z
02,265,Mihovljan,105,91,196,31,4,35,6,0,6,0,0,0,61,13,74,0,0,0,1,3,4,204,111,315,2020-05-31T22:00:00Z
02,311,Oroslavje,872,778,1650,80,30,110,8,1,9,5,6,11,101,72,173,0,0,0,4,2,6,1070,889,1959,2020-05-31T22:00:00Z
02,329,Petrovsko,74,47,121,16,2,18,1,1,2,4,0,4,55,10,65,0,0,0,1,0,1,151,60,211,2020-05-31T22:00:00Z
02,352,Pregrada,777,923,1700,106,30,136,6,3,9,6,6,12,153,104,257,0,0,0,0,2,2,1048,1068,2116,2020-05-31T22:00:00Z
02,364,Radoboj,128,96,224,17,10,27,1,1,2,1,2,3,47,20,67,0,0,0,0,0,0,194,129,323,2020-05-31T22:00:00Z
02,41,Budinščina,151,172,323,15,6,21,7,2,9,1,4,5,17,11,28,0,0,0,1,1,2,192,196,388,2020-05-31T22:00:00Z
02,422,Stubičke Toplice,202,399,601,32,13,45,1,1,2,4,6,10,75,28,103,0,0,0,1,1,2,315,448,763,2020-05-31T22:00:00Z
02,430,Sveti Križ Začretje,602,699,1301,73,21,94,9,5,14,2,3,5,126,94,220,0,0,0,4,1,5,816,823,1639,2020-05-31T22:00:00Z
02,466,Tuhelj,118,225,343,18,11,29,5,1,6,1,3,4,31,32,63,0,0,0,0,0,0,173,272,445,2020-05-31T22:00:00Z
02,481,Veliko Trgovišće,468,284,752,48,14,62,4,3,7,3,5,8,105,57,162,0,0,0,3,1,4,631,364,995,2020-05-31T22:00:00Z
02,519,Zabok,2799,2628,5427,140,82,222,5,4,9,11,18,29,195,317,512,0,0,0,1,3,4,3151,3052,6203,2020-05-31T22:00:00Z
02,521,Zagorska Sela,12,57,69,10,2,12,6,1,7,0,1,1,14,4,18,0,0,0,0,0,0,42,65,107,2020-05-31T22:00:00Z
02,526,Zlatar,508,613,1121,88,42,130,19,14,33,9,10,19,99,73,172,0,0,0,3,5,8,726,757,1483,2020-05-31T22:00:00Z
02,527,Zlatar Bistrica,382,595,977,30,8,38,3,2,5,4,2,6,71,39,110,0,0,0,2,4,6,492,650,1142,2020-05-31T22:00:00Z
02,552,Jesenje,46,54,100,10,1,11,0,1,1,1,1,2,49,9,58,0,0,0,0,1,1,106,67,173,2020-05-31T22:00:00Z
02,553,Kumrovec,83,99,182,18,4,22,2,0,2,2,1,3,23,16,39,0,0,0,0,0,0,128,120,248,2020-05-31T22:00:00Z
02,554,Novi Golubovec,145,48,193,4,2,6,1,0,1,0,1,1,7,2,9,0,0,0,0,0,0,157,53,210,2020-05-31T22:00:00Z
02,70,Desinić,135,271,406,30,7,37,9,3,12,2,1,3,26,29,55,0,0,0,0,0,0,202,311,513,2020-05-31T22:00:00Z
02,79,Donja Stubica,724,770,1494,95,48,143,4,3,7,6,3,9,107,57,164,0,0,0,2,2,4,938,883,1821,2020-05-31T22:00:00Z
03,102,Dvor,274,126,400,14,4,18,60,18,78,0,5,5,8,8,16,0,0,0,3,1,4,359,162,521,2020-05-31T22:00:00Z
03,121,Glina,1107,647,1754,38,23,61,56,20,76,3,11,14,73,81,154,0,0,0,1,0,1,1278,782,2060,2020-05-31T22:00:00Z
03,149,Hrvatska Dubica,63,83,146,6,2,8,13,3,16,0,0,0,3,2,5,0,0,0,0,0,0,85,90,175,2020-05-31T22:00:00Z
03,150,Hrvatska Kostajnica,295,273,568,15,8,23,12,0,12,1,3,4,7,16,23,0,0,0,2,0,2,332,300,632,2020-05-31T22:00:00Z
03,168,Jasenovac,121,91,212,11,3,14,13,8,21,0,0,0,11,8,19,0,0,0,0,0,0,156,110,266,2020-05-31T22:00:00Z
03,220,Kutina,3388,2811,6199,158,100,258,43,22,65,33,23,56,193,243,436,1,0,1,17,6,23,3833,3205,7038,2020-05-31T22:00:00Z
03,228,Lekenik,285,226,511,37,10,47,8,11,19,1,4,5,36,28,64,0,0,0,0,1,1,367,280,647,2020-05-31T22:00:00Z
03,232,Lipovljani,301,256,557,26,12,38,10,4,14,3,0,3,34,42,76,0,0,0,0,1,1,374,315,689,2020-05-31T22:00:00Z
03,259,Martinska Ves,148,67,215,8,2,10,29,18,47,1,0,1,36,14,50,0,0,0,0,0,0,222,101,323,2020-05-31T22:00:00Z
03,293,Novska,1270,881,2151,155,86,241,30,14,44,7,18,25,238,248,486,0,0,0,2,3,5,1702,1250,2952,2020-05-31T22:00:00Z
03,328,Petrinja,1465,1555,3020,189,74,263,62,22,84,5,25,30,263,261,524,0,0,0,8,8,16,1992,1945,3937,2020-05-31T22:00:00Z
03,347,Popovača,931,948,1879,81,41,122,47,17,64,8,10,18,90,125,215,0,0,0,6,3,9,1163,1144,2307,2020-05-31T22:00:00Z
03,391,Sisak,6790,7910,14700,351,210,561,100,69,169,46,83,129,573,586,1159,0,0,0,19,20,39,7879,8878,16757,2020-05-31T22:00:00Z
03,426,Sunja,177,141,318,24,8,32,41,34,75,0,3,3,21,24,45,0,0,0,2,0,2,265,210,475,2020-05-31T22:00:00Z
03,457,Topusko,254,317,571,19,7,26,4,2,6,4,0,4,33,27,60,0,0,0,0,0,0,314,353,667,2020-05-31T22:00:00Z
03,477,Velika Ludina,102,125,227,11,8,19,12,4,16,0,0,0,28,25,53,0,0,0,0,0,0,153,162,315,2020-05-31T22:00:00Z
03,510,Gvozd,98,104,202,5,4,9,19,3,22,0,0,0,14,11,25,0,0,0,2,0,2,138,122,260,2020-05-31T22:00:00Z
03,555,Majur,101,49,150,1,1,2,5,1,6,0,0,0,2,0,2,0,0,0,1,0,1,110,51,161,2020-05-31T22:00:00Z
03,83,Donji Kukuruzari,52,64,116,4,0,4,5,3,8,0,0,0,1,3,4,0,0,0,1,0,1,63,70,133,2020-05-31T22:00:00Z
04,120,Generalski Stol,31,68,99,20,6,26,1,0,1,0,1,1,20,14,34,0,0,0,0,0,0,72,89,161,2020-05-31T22:00:00Z
04,172,Josipdol,221,181,402,29,17,46,3,9,12,2,1,3,45,53,98,0,0,0,0,1,1,300,262,562,2020-05-31T22:00:00Z
04,179,Karlovac,10253,8496,18749,397,270,667,73,54,127,73,99,172,606,802,1408,0,0,0,14,24,38,11416,9745,21161,2020-05-31T22:00:00Z
04,216,Krnjak,63,67,130,3,2,5,7,4,11,0,0,0,9,3,12,0,0,0,0,0,0,82,76,158,2020-05-31T22:00:00Z
04,225,Lasinja,26,45,71,5,2,7,0,5,5,2,0,2,8,8,16,0,0,0,0,0,0,41,60,101,2020-05-31T22:00:00Z
04,281,Netretić,66,86,152,14,3,17,4,1,5,1,1,2,44,33,77,0,0,0,0,0,0,129,124,253,2020-05-31T22:00:00Z
04,297,Ogulin,1777,1651,3428,141,81,222,28,15,43,9,31,40,148,177,325,0,0,0,6,8,14,2109,1963,4072,2020-05-31T22:00:00Z
04,30,Bosiljevo,99,95,194,5,0,5,0,0,0,1,0,1,24,22,46,0,0,0,0,0,0,129,117,246,2020-05-31T22:00:00Z
04,315,Ozalj,782,582,1364,85,29,114,17,16,33,6,10,16,130,112,242,0,0,0,4,4,8,1024,753,1777,2020-05-31T22:00:00Z
04,333,Plaški,87,82,169,9,4,13,11,2,13,1,0,1,26,23,49,0,0,0,0,0,0,134,111,245,2020-05-31T22:00:00Z
04,365,Rakovica,140,118,258,5,11,16,3,4,7,0,1,1,65,56,121,0,0,0,1,0,1,214,190,404,2020-05-31T22:00:00Z
04,378,Saborsko,13,11,24,2,1,3,1,0,1,0,0,0,8,2,10,0,0,0,0,0,0,24,14,38,2020-05-31T22:00:00Z
04,400,Slunj,347,401,748,41,17,58,22,14,36,2,9,11,130,100,230,0,0,0,2,11,13,544,552,1096,2020-05-31T22:00:00Z
04,49,Cetingrad,57,47,104,6,1,7,3,4,7,0,0,0,9,10,19,0,0,0,0,0,0,75,62,137,2020-05-31T22:00:00Z
04,503,Vojnić,383,230,613,20,11,31,40,11,51,2,0,2,28,30,58,0,0,0,2,4,6,475,286,761,2020-05-31T22:00:00Z
04,530,Žakanje,131,87,218,24,11,35,9,1,10,0,0,0,25,37,62,0,0,0,0,1,1,189,137,326,2020-05-31T22:00:00Z
04,556,Ribnik,4,3,7,9,2,11,1,3,4,0,0,0,6,12,18,0,0,0,0,0,0,20,20,40,2020-05-31T22:00:00Z
04,557,Tounj,101,23,124,4,0,4,0,0,0,0,0,0,3,7,10,0,0,0,0,0,0,108,30,138,2020-05-31T22:00:00Z
04,623,Kamanje,157,92,249,3,3,6,1,0,1,0,0,0,2,16,18,0,0,0,0,0,0,163,111,274,2020-05-31T22:00:00Z
04,7,Barilovići,275,140,415,20,9,29,7,1,8,0,1,1,118,31,149,0,0,0,0,0,0,420,182,602,2020-05-31T22:00:00Z
04,90,Draganić,113,89,202,14,4,18,7,3,10,1,2,3,24,30,54,0,0,0,0,0,0,159,128,287,2020-05-31T22:00:00Z
04,99,Duga Resa,1026,963,1989,139,61,200,20,11,31,5,15,20,204,204,408,0,0,0,4,5,9,1398,1259,2657,2020-05-31T22:00:00Z
05,12,Bednja,205,135,340,23,10,33,3,8,11,2,1,3,18,24,42,0,0,0,0,1,1,251,179,430,2020-05-31T22:00:00Z
05,129,Gornji Kneginec,447,1266,1713,49,21,70,11,4,15,0,8,8,100,59,159,0,0,0,6,6,12,613,1364,1977,2020-05-31T22:00:00Z
05,151,Breznički Hum,194,142,336,14,5,19,8,9,17,0,2,2,21,16,37,0,0,0,3,5,8,240,179,419,2020-05-31T22:00:00Z
05,156,Ivanec,1867,1709,3576,148,64,212,14,11,25,13,17,30,289,270,559,0,0,0,5,11,16,2336,2082,4418,2020-05-31T22:00:00Z
05,165,Jalžabet,692,914,1606,22,3,25,11,6,17,0,3,3,33,19,52,0,0,0,0,1,1,758,946,1704,2020-05-31T22:00:00Z
05,189,Klenovnik,89,49,138,8,5,13,1,1,2,1,1,2,20,28,48,0,0,0,2,0,2,121,84,205,2020-05-31T22:00:00Z
05,19,Beretinec,67,36,103,19,2,21,3,3,6,0,1,1,17,20,37,0,0,0,1,0,1,107,62,169,2020-05-31T22:00:00Z
05,229,Lepoglava,1168,561,1729,49,28,77,8,4,12,1,6,7,100,80,180,0,0,0,2,6,8,1328,685,2013,2020-05-31T22:00:00Z
05,244,Ludbreg,1793,1442,3235,101,60,161,43,33,76,8,14,22,246,167,413,0,0,0,4,8,12,2195,1724,3919,2020-05-31T22:00:00Z
05,247,Ljubešćica,313,128,441,31,6,37,1,1,2,1,3,4,106,27,133,0,0,0,0,0,0,452,165,617,2020-05-31T22:00:00Z
05,251,Mali Bukovec,35,86,121,14,6,20,29,16,45,0,3,3,102,37,139,0,0,0,0,1,1,180,149,329,2020-05-31T22:00:00Z
05,260,Maruševec,348,259,607,45,22,67,22,25,47,3,4,7,104,46,150,0,0,0,4,2,6,526,358,884,2020-05-31T22:00:00Z
05,289,Novi Marof,1239,1182,2421,154,67,221,19,11,30,8,14,22,264,167,431,0,0,0,6,2,8,1690,1443,3133,2020-05-31T22:00:00Z
05,326,Petrijanec,383,615,998,28,7,35,20,12,32,1,3,4,79,81,160,0,0,0,0,1,1,511,719,1230,2020-05-31T22:00:00Z
05,36,Breznica,151,55,206,16,3,19,6,6,12,1,6,7,18,13,31,0,0,0,0,0,0,192,83,275,2020-05-31T22:00:00Z
05,410,Sračinec,230,240,470,40,11,51,3,2,5,1,6,7,80,54,134,0,0,0,0,2,2,354,315,669,2020-05-31T22:00:00Z
05,437,Sveti Đurđ,87,88,175,28,4,32,27,10,37,3,2,5,34,29,63,0,0,0,1,0,1,180,133,313,2020-05-31T22:00:00Z
05,438,Sveti Ilija,139,160,299,13,8,21,2,1,3,1,4,5,47,26,73,0,0,0,1,0,1,203,199,402,2020-05-31T22:00:00Z
05,462,Trnovec Bartolovečki,1301,1547,2848,65,16,81,17,7,24,3,6,9,214,78,292,0,0,0,2,2,4,1602,1656,3258,2020-05-31T22:00:00Z
05,472,Varaždin,15892,14931,30823,482,309,791,43,21,64,81,127,208,539,642,1181,0,0,0,32,18,50,17069,16048,33117,2020-05-31T22:00:00Z
05,473,Varaždinske Toplice,596,450,1046,45,17,62,9,7,16,2,10,12,201,50,251,0,0,0,2,5,7,855,539,1394,2020-05-31T22:00:00Z
05,48,Cestica,422,339,761,45,22,67,16,19,35,2,5,7,89,78,167,0,0,0,0,3,3,574,466,1040,2020-05-31T22:00:00Z
05,484,Vidovec,209,220,429,52,13,65,69,36,105,1,5,6,119,87,206,0,0,0,0,1,1,450,362,812,2020-05-31T22:00:00Z
05,486,Vinica,249,193,442,23,10,33,6,5,11,1,5,6,30,22,52,0,0,0,0,1,1,309,236,545,2020-05-31T22:00:00Z
05,493,Visoko,98,45,143,16,0,16,5,4,9,0,0,0,26,21,47,0,0,0,1,0,1,146,70,216,2020-05-31T22:00:00Z
05,558,Veliki Bukovec,361,293,654,6,2,8,30,14,44,0,0,0,36,27,63,0,0,0,0,0,0,433,336,769,2020-05-31T22:00:00Z
05,80,Donja Voća,88,55,143,9,1,10,7,9,16,0,1,1,29,20,49,0,0,0,0,0,0,133,86,219,2020-05-31T22:00:00Z
05,85,Donji Martijanec,326,180,506,25,8,33,26,6,32,2,1,3,60,33,93,0,0,0,0,0,0,439,228,667,2020-05-31T22:00:00Z
06,104,Đelekovec,18,39,57,17,6,23,47,12,59,0,3,3,17,8,25,0,0,0,5,1,6,104,69,173,2020-05-31T22:00:00Z
06,107,Đurđevac,1318,1041,2359,72,39,111,88,61,149,11,11,22,84,80,164,0,0,0,12,14,26,1585,1246,2831,2020-05-31T22:00:00Z
06,115,Ferdinandovac,32,93,125,9,1,10,50,36,86,1,1,2,17,4,21,0,0,0,0,0,0,109,135,244,2020-05-31T22:00:00Z
06,122,Gola,151,144,295,9,2,11,96,43,139,0,7,7,10,23,33,0,0,0,1,0,1,267,219,486,2020-05-31T22:00:00Z
06,145,Hlebine,10,29,39,1,0,1,12,7,19,1,1,2,0,11,11,0,0,0,1,0,1,25,48,73,2020-05-31T22:00:00Z
06,194,Kloštar Podravski,171,151,322,20,9,29,46,40,86,0,1,1,38,51,89,0,0,0,2,1,3,277,253,530,2020-05-31T22:00:00Z
06,201,Koprivnica,7132,7415,14547,307,168,475,62,28,90,63,77,140,398,427,825,0,1,1,17,20,37,7979,8136,16115,2020-05-31T22:00:00Z
06,202,Koprivnički Bregi,68,75,143,10,5,15,21,6,27,0,0,0,25,10,35,0,0,0,1,0,1,125,96,221,2020-05-31T22:00:00Z
06,203,Koprivnički Ivanec,60,54,114,22,2,24,21,6,27,0,0,0,32,9,41,0,0,0,1,1,2,136,72,208,2020-05-31T22:00:00Z
06,214,Križevci,3248,3469,6717,145,89,234,252,203,455,13,30,43,232,217,449,0,0,0,9,10,19,3899,4018,7917,2020-05-31T22:00:00Z
06,227,Legrad,58,67,125,12,4,16,22,10,32,0,3,3,24,21,45,0,0,0,0,0,0,116,105,221,2020-05-31T22:00:00Z
06,270,Molve,228,114,342,7,8,15,66,33,99,1,3,4,51,22,73,0,0,0,2,2,4,355,182,537,2020-05-31T22:00:00Z
06,292,Novigrad Podravski,91,122,213,9,2,11,22,12,34,0,2,2,12,15,27,0,0,0,0,1,1,134,154,288,2020-05-31T22:00:00Z
06,324,Peteranec,82,36,118,12,3,15,21,9,30,0,1,1,30,10,40,0,0,0,1,2,3,146,61,207,2020-05-31T22:00:00Z
06,366,Rasinja,49,84,133,17,4,21,59,25,84,1,0,1,30,23,53,0,0,0,3,1,4,159,137,296,2020-05-31T22:00:00Z
06,405,Sokolovac,182,79,261,15,2,17,47,20,67,4,3,7,25,9,34,0,0,0,0,2,2,273,115,388,2020-05-31T22:00:00Z
06,439,Sveti Ivan Žabno,241,193,434,36,18,54,101,67,168,2,1,3,50,49,99,0,0,0,0,1,1,430,329,759,2020-05-31T22:00:00Z
06,442,Sveti Petar Orehovec,119,99,218,29,5,34,158,152,310,0,1,1,34,16,50,0,0,0,1,0,1,341,273,614,2020-05-31T22:00:00Z
06,490,Virje,276,204,480,27,10,37,43,26,69,3,2,5,32,39,71,0,0,0,1,2,3,382,283,665,2020-05-31T22:00:00Z
06,559,Kalinovac,393,92,485,5,2,7,9,2,11,0,0,0,8,8,16,0,0,0,0,0,0,415,104,519,2020-05-31T22:00:00Z
06,560,Kalnik,43,44,87,3,4,7,20,27,47,0,1,1,7,3,10,0,0,0,0,0,0,73,79,152,2020-05-31T22:00:00Z
06,561,Novo Virje,47,38,85,2,0,2,43,27,70,0,0,0,16,6,22,0,0,0,0,0,0,108,71,179,2020-05-31T22:00:00Z
06,616,Podravske Sesvete,99,98,197,1,5,6,22,14,36,2,1,3,7,8,15,0,0,0,0,2,2,131,128,259,2020-05-31T22:00:00Z
06,618,Gornja Reka,74,75,149,4,3,7,9,8,17,0,0,0,6,5,11,0,0,0,0,0,0,93,91,184,2020-05-31T22:00:00Z
06,96,Drnje,88,123,211,10,1,11,17,9,26,0,2,2,8,10,18,0,0,0,0,0,0,123,145,268,2020-05-31T22:00:00Z
07,105,Đulovac,237,74,311,10,7,17,33,14,47,1,5,6,89,23,112,0,0,0,0,0,0,370,123,493,2020-05-31T22:00:00Z
07,119,Garešnica,1038,1045,2083,52,31,83,66,36,102,14,25,39,96,124,220,0,0,0,6,6,12,1272,1267,2539,2020-05-31T22:00:00Z
07,139,Grubišno Polje,568,482,1050,33,22,55,110,45,155,4,8,12,66,74,140,0,0,0,1,3,4,782,634,1416,2020-05-31T22:00:00Z
07,144,Hercegovac,125,160,285,16,3,19,48,16,64,2,2,4,42,36,78,0,0,0,1,1,2,234,218,452,2020-05-31T22:00:00Z
07,161,Ivanska,118,91,209,3,3,6,44,15,59,2,2,4,76,20,96,0,0,0,2,1,3,245,132,377,2020-05-31T22:00:00Z
07,176,Kapela,84,88,172,4,2,6,51,29,80,0,1,1,20,7,27,0,0,0,2,1,3,161,128,289,2020-05-31T22:00:00Z
07,18,Berek,58,60,118,4,1,5,25,20,45,0,0,0,9,6,15,0,0,0,0,1,1,96,88,184,2020-05-31T22:00:00Z
07,199,Končanica,117,62,179,9,3,12,33,18,51,0,2,2,18,13,31,0,0,0,1,2,3,178,100,278,2020-05-31T22:00:00Z
07,24,Bjelovar,6974,6682,13656,298,167,465,210,116,326,59,85,144,417,503,920,1,0,1,20,17,37,7979,7570,15549,2020-05-31T22:00:00Z
07,287,Nova Rača,101,109,210,9,1,10,84,33,117,0,2,2,36,12,48,0,0,0,0,0,0,230,157,387,2020-05-31T22:00:00Z
07,375,Rovišće,185,188,373,25,12,37,59,35,94,1,3,4,20,35,55,0,0,0,1,1,2,291,274,565,2020-05-31T22:00:00Z
07,390,Sirač,253,170,423,13,2,15,8,4,12,2,1,3,21,8,29,0,0,0,1,2,3,298,187,485,2020-05-31T22:00:00Z
07,450,Štefanje,46,61,107,8,2,10,36,14,50,0,2,2,32,16,48,0,0,0,0,0,0,122,95,217,2020-05-31T22:00:00Z
07,478,Velika Pisanica,71,63,134,3,2,5,35,18,53,1,0,1,11,7,18,0,0,0,0,0,0,121,90,211,2020-05-31T22:00:00Z
07,480,Veliki Grđevac,157,121,278,8,4,12,76,34,110,1,2,3,67,24,91,0,0,0,1,0,1,310,185,495,2020-05-31T22:00:00Z
07,483,Veliko Trojstvo,52,76,128,14,4,18,11,13,24,1,0,1,44,18,62,0,0,0,0,0,0,122,111,233,2020-05-31T22:00:00Z
07,562,Severin,103,34,137,2,0,2,17,14,31,0,0,0,10,34,44,0,0,0,1,0,1,133,82,215,2020-05-31T22:00:00Z
07,564,Šandrovac,27,53,80,4,0,4,10,7,17,0,0,0,15,5,20,0,0,0,0,0,0,56,65,121,2020-05-31T22:00:00Z
07,565,Velika Trnovitica,61,60,121,7,1,8,32,22,54,1,0,1,24,11,35,0,0,0,1,1,2,126,95,221,2020-05-31T22:00:00Z
07,566,Zrinski Topolovac,6,29,35,2,1,3,34,22,56,0,1,1,6,0,6,0,0,0,1,0,1,49,53,102,2020-05-31T22:00:00Z
07,63,Čazma,1196,793,1989,52,17,69,63,48,111,7,6,13,98,77,175,0,0,0,4,3,7,1420,944,2364,2020-05-31T22:00:00Z
07,67,Daruvar,1373,1568,2941,91,50,141,45,19,64,17,22,39,138,182,320,0,0,0,3,8,11,1667,1849,3516,2020-05-31T22:00:00Z
07,71,Dežanovac,107,75,182,10,2,12,72,42,114,1,1,2,36,13,49,0,0,0,0,1,1,226,134,360,2020-05-31T22:00:00Z
08,117,Fužine,264,192,456,18,9,27,1,2,3,3,1,4,15,16,31,0,0,0,2,0,2,303,220,523,2020-05-31T22:00:00Z
08,170,Jelenje,276,243,519,94,39,133,5,2,7,41,8,49,61,46,107,0,0,0,3,1,4,480,339,819,2020-05-31T22:00:00Z
08,180,Kastav,1080,791,1871,127,56,183,4,1,5,56,9,65,113,82,195,3,0,3,4,10,14,1387,949,2336,2020-05-31T22:00:00Z
08,186,Klana,387,223,610,21,8,29,1,1,2,3,2,5,14,12,26,0,0,0,1,1,2,427,247,674,2020-05-31T22:00:00Z
08,209,Kraljevica,364,280,644,41,27,68,2,1,3,47,7,54,26,34,60,1,0,1,0,7,7,481,356,837,2020-05-31T22:00:00Z
08,215,Krk,1861,1244,3105,243,96,339,16,7,23,25,14,39,317,231,548,0,0,0,8,7,15,2470,1599,4069,2020-05-31T22:00:00Z
08,237,Lokve,113,99,212,10,4,14,0,0,0,0,2,2,12,11,23,0,0,0,0,0,0,135,116,251,2020-05-31T22:00:00Z
08,242,Lovran,416,596,1012,87,26,113,2,3,5,21,11,32,41,67,108,0,0,0,3,9,12,570,712,1282,2020-05-31T22:00:00Z
08,252,Mali Lošinj,1475,1539,3014,235,84,319,22,8,30,32,15,47,217,243,460,0,0,0,11,6,17,1992,1895,3887,2020-05-31T22:00:00Z
08,253,Malinska-Dubašnica,535,838,1373,136,64,200,9,7,16,6,4,10,190,187,377,0,0,0,7,2,9,883,1102,1985,2020-05-31T22:00:00Z
08,261,Matulji,1420,1006,2426,205,108,313,14,6,20,47,15,62,167,181,348,0,0,0,6,11,17,1859,1327,3186,2020-05-31T22:00:00Z
08,273,Mošćenička Draga,91,72,163,50,15,65,0,1,1,4,2,6,52,33,85,0,0,0,3,2,5,200,125,325,2020-05-31T22:00:00Z
08,275,Mrkopalj,59,42,101,17,2,19,2,0,2,0,0,0,5,8,13,0,0,0,1,0,1,84,52,136,2020-05-31T22:00:00Z
08,290,Novi Vinodolski,530,446,976,120,72,192,3,2,5,10,9,19,126,101,227,0,0,0,1,3,4,790,633,1423,2020-05-31T22:00:00Z
08,301,Omišalj,685,420,1105,79,24,103,2,0,2,17,6,23,97,49,146,0,0,0,2,2,4,882,501,1383,2020-05-31T22:00:00Z
08,302,Opatija,2210,2666,4876,181,105,286,8,4,12,63,30,93,97,163,260,0,1,1,10,15,25,2569,2984,5553,2020-05-31T22:00:00Z
08,360,Punat,343,201,544,69,30,99,4,0,4,10,1,11,108,63,171,0,0,0,2,1,3,536,296,832,2020-05-31T22:00:00Z
08,363,Rab,1004,1110,2114,336,102,438,13,4,17,19,13,32,325,278,603,0,0,0,4,10,14,1701,1517,3218,2020-05-31T22:00:00Z
08,369,Ravna Gora,265,283,548,31,8,39,1,0,1,5,1,6,37,25,62,0,0,0,1,2,3,340,319,659,2020-05-31T22:00:00Z
08,373,Rijeka,27161,27758,54919,1132,919,2051,25,14,39,1097,377,1474,909,1299,2208,21,0,21,119,132,251,30464,30499,60963,2020-05-31T22:00:00Z
08,38,Brod Moravice,35,44,79,10,0,10,0,0,0,0,1,1,20,7,27,0,0,0,2,0,2,67,52,119,2020-05-31T22:00:00Z
08,393,Skrad,43,51,94,3,2,5,1,1,2,1,1,2,2,7,9,0,0,0,0,0,0,50,62,112,2020-05-31T22:00:00Z
08,4,Bakar,1867,907,2774,59,37,96,2,0,2,75,11,86,67,62,129,0,0,0,5,10,15,2075,1027,3102,2020-05-31T22:00:00Z
08,488,Vinodolska Općina,186,152,338,58,19,77,2,0,2,13,1,14,43,16,59,1,0,1,2,1,3,305,189,494,2020-05-31T22:00:00Z
08,495,Viškovo,1623,1041,2664,182,91,273,4,3,7,66,16,82,154,125,279,0,0,0,8,10,18,2037,1286,3323,2020-05-31T22:00:00Z
08,507,Vrbnik,150,96,246,30,13,43,8,4,12,2,0,2,33,22,55,0,0,0,0,1,1,223,136,359,2020-05-31T22:00:00Z
08,509,Vrbovsko,446,315,761,57,20,77,3,3,6,0,6,6,81,43,124,0,0,0,1,0,1,588,387,975,2020-05-31T22:00:00Z
08,52,Cres,563,486,1049,93,31,124,12,4,16,12,4,16,92,99,191,0,0,0,4,1,5,776,625,1401,2020-05-31T22:00:00Z
08,53,Crikvenica,1272,1690,2962,262,148,410,4,1,5,44,24,68,312,243,555,0,0,0,7,8,15,1901,2114,4015,2020-05-31T22:00:00Z
08,538,Kostrena,409,257,666,27,21,48,2,0,2,68,6,74,21,25,46,2,0,2,2,3,5,531,312,843,2020-05-31T22:00:00Z
08,55,Čabar,366,299,665,52,15,67,1,1,2,6,0,6,145,50,195,0,0,0,0,4,4,570,369,939,2020-05-31T22:00:00Z
08,61,Čavle,637,486,1123,82,47,129,1,2,3,32,9,41,105,89,194,0,0,0,1,4,5,858,637,1495,2020-05-31T22:00:00Z
08,624,Lopar,76,54,130,52,8,60,0,0,0,1,0,1,65,80,145,0,0,0,1,0,1,195,142,337,2020-05-31T22:00:00Z
08,69,Delnice,1142,737,1879,76,44,120,2,2,4,12,16,28,79,102,181,0,0,0,4,7,11,1315,908,2223,2020-05-31T22:00:00Z
08,74,Dobrinj,152,82,234,46,23,69,0,2,2,3,3,6,93,61,154,0,0,0,3,1,4,297,172,469,2020-05-31T22:00:00Z
08,8,Baška,225,244,469,88,43,131,6,2,8,3,4,7,111,102,213,0,0,0,5,2,7,438,397,835,2020-05-31T22:00:00Z
09,130,Gospić,2246,2260,4506,104,55,159,64,33,97,11,12,23,133,171,304,0,0,0,6,8,14,2564,2539,5103,2020-05-31T22:00:00Z
09,178,Karlobag,95,85,180,11,4,15,6,1,7,1,0,1,10,5,15,0,0,0,1,0,1,124,95,219,2020-05-31T22:00:00Z
09,240,Lovinac,172,63,235,2,0,2,2,1,3,0,0,0,3,4,7,0,0,0,0,0,0,179,68,247,2020-05-31T22:00:00Z
09,288,Novalja,842,692,1534,161,54,215,21,7,28,4,3,7,227,126,353,0,0,0,3,7,10,1258,889,2147,2020-05-31T22:00:00Z
09,313,Otočac,849,855,1704,88,38,126,46,22,68,9,9,18,107,119,226,0,0,0,5,6,11,1104,1049,2153,2020-05-31T22:00:00Z
09,323,Perušić,393,225,618,22,7,29,27,21,48,0,2,2,17,29,46,0,0,0,1,0,1,460,284,744,2020-05-31T22:00:00Z
09,37,Brinje,338,186,524,23,6,29,7,5,12,1,1,2,18,20,38,0,0,0,3,0,3,390,218,608,2020-05-31T22:00:00Z
09,387,Senj,712,630,1342,118,58,176,6,4,10,21,9,30,129,142,271,1,0,1,8,5,13,995,848,1843,2020-05-31T22:00:00Z
09,455,Plitvička Jezera,702,695,1397,42,24,66,61,12,73,1,5,6,199,153,352,0,0,0,2,0,2,1007,889,1896,2020-05-31T22:00:00Z
09,467,Udbina,145,88,233,10,7,17,33,10,43,0,0,0,11,15,26,0,0,0,3,1,4,202,121,323,2020-05-31T22:00:00Z
09,512,Vrhovine,111,35,146,3,2,5,7,2,9,0,0,0,3,1,4,0,0,0,1,0,1,125,40,165,2020-05-31T22:00:00Z
09,84,Donji Lapac,96,80,176,7,3,10,23,8,31,0,0,0,10,7,17,0,0,0,0,0,0,136,98,234,2020-05-31T22:00:00Z
10,136,Gradina,79,80,159,12,5,17,130,44,174,2,0,2,34,31,65,0,0,0,0,0,0,257,160,417,2020-05-31T22:00:00Z
10,245,Lukač,171,95,266,13,5,18,41,16,57,1,0,1,74,48,122,0,0,0,0,1,1,300,165,465,2020-05-31T22:00:00Z
10,266,Mikleuš,69,49,118,7,1,8,13,6,19,0,0,0,11,10,21,0,0,0,0,0,0,100,66,166,2020-05-31T22:00:00Z
10,283,Nova Bukovica,27,43,70,7,5,12,38,7,45,1,0,1,19,20,39,0,0,0,1,0,1,93,75,168,2020-05-31T22:00:00Z
10,307,Orahovica,951,683,1634,66,38,104,12,2,14,9,13,22,102,96,198,0,0,0,4,3,7,1144,835,1979,2020-05-31T22:00:00Z
10,332,Pitomača,601,588,1189,75,37,112,163,87,250,2,8,10,213,192,405,0,0,0,3,3,6,1057,915,1972,2020-05-31T22:00:00Z
10,395,Slatina,1401,1371,2772,137,66,203,134,49,183,18,22,40,226,256,482,0,0,0,1,10,11,1917,1774,3691,2020-05-31T22:00:00Z
10,407,Sopje,125,43,168,4,2,6,89,27,116,0,0,0,22,20,42,0,0,0,0,0,0,240,92,332,2020-05-31T22:00:00Z
10,424,Suhopolje,209,245,454,25,14,39,100,46,146,0,1,1,54,47,101,0,0,0,3,0,3,391,353,744,2020-05-31T22:00:00Z
10,449,Špišić Bukovica,123,124,247,21,5,26,166,62,228,1,4,5,44,57,101,0,0,0,2,2,4,357,254,611,2020-05-31T22:00:00Z
10,491,Virovitica,3837,3695,7532,169,81,250,80,29,109,37,24,61,411,399,810,0,0,0,13,9,22,4547,4237,8784,2020-05-31T22:00:00Z
10,499,Voćin,135,82,217,7,4,11,28,34,62,0,2,2,12,5,17,0,0,0,0,0,0,182,127,309,2020-05-31T22:00:00Z
10,524,Zdenci,109,81,190,7,4,11,16,9,25,0,4,4,14,12,26,0,0,0,3,1,4,149,111,260,2020-05-31T22:00:00Z
10,54,Crnac,26,34,60,13,4,17,18,8,26,0,3,3,16,13,29,0,0,0,0,0,0,73,62,135,2020-05-31T22:00:00Z
10,56,Čačinci,168,104,272,17,11,28,18,7,25,0,3,3,21,31,52,0,0,0,2,0,2,226,156,382,2020-05-31T22:00:00Z
10,57,Čađavica,89,83,172,12,8,20,66,21,87,0,0,0,48,26,74,0,0,0,0,0,0,215,138,353,2020-05-31T22:00:00Z
11,164,Jakšić,130,104,234,24,3,27,26,7,33,0,2,2,42,18,60,0,0,0,0,0,0,222,134,356,2020-05-31T22:00:00Z
11,177,Kaptol,82,70,152,15,2,17,24,3,27,1,1,2,37,7,44,0,0,0,0,1,1,159,84,243,2020-05-31T22:00:00Z
11,221,Kutjevo,611,379,990,51,16,67,60,25,85,2,8,10,72,73,145,0,0,0,3,2,5,799,503,1302,2020-05-31T22:00:00Z
11,231,Lipik,729,572,1301,26,15,41,23,11,34,1,11,12,57,51,108,0,0,0,3,0,3,839,660,1499,2020-05-31T22:00:00Z
11,318,Pakrac,595,1008,1603,85,29,114,47,17,64,13,16,29,164,94,258,0,0,0,3,7,10,907,1171,2078,2020-05-31T22:00:00Z
11,334,Pleternica,538,392,930,76,25,101,49,17,66,3,8,11,170,115,285,0,0,0,2,3,5,838,560,1398,2020-05-31T22:00:00Z
11,35,Brestovac,122,115,237,12,3,15,16,4,20,1,1,2,25,10,35,0,0,0,0,1,1,176,134,310,2020-05-31T22:00:00Z
11,351,Požega,5060,4276,9336,292,148,440,101,31,132,42,122,164,380,363,743,0,1,1,14,24,38,5889,4965,10854,2020-05-31T22:00:00Z
11,475,Velika,254,246,500,18,9,27,26,4,30,2,3,5,39,33,72,0,0,0,1,0,1,340,295,635,2020-05-31T22:00:00Z
11,58,Čaglin,89,119,208,9,2,11,22,5,27,0,2,2,14,12,26,0,0,0,0,0,0,134,140,274,2020-05-31T22:00:00Z
12,10,Bebrina,26,41,67,9,7,16,14,9,23,1,0,1,11,7,18,0,0,0,0,0,0,61,64,125,2020-05-31T22:00:00Z
12,118,Garčin,117,134,251,27,7,34,26,14,40,0,0,0,18,24,42,0,0,0,0,1,1,188,180,368,2020-05-31T22:00:00Z
12,127,Gornji Bogićevci,43,17,60,8,2,10,9,2,11,0,0,0,19,33,52,0,0,0,0,0,0,79,54,133,2020-05-31T22:00:00Z
12,140,Gundinci,55,42,97,11,3,14,57,22,79,1,0,1,18,7,25,0,0,0,1,0,1,143,74,217,2020-05-31T22:00:00Z
12,185,Klakar,79,52,131,17,4,21,21,4,25,0,0,0,12,15,27,0,0,0,1,0,1,130,75,205,2020-05-31T22:00:00Z
12,284,Nova Gradiška,1946,1905,3851,138,92,230,22,16,38,24,21,45,252,298,550,0,0,0,4,4,8,2386,2336,4722,2020-05-31T22:00:00Z
12,285,Nova Kapela,140,167,307,18,14,32,24,10,34,2,3,5,52,51,103,0,0,0,1,2,3,237,247,484,2020-05-31T22:00:00Z
12,299,Okučani,190,140,330,22,5,27,9,1,10,0,1,1,43,26,69,0,0,0,1,1,2,265,174,439,2020-05-31T22:00:00Z
12,303,Oprisavci,213,132,345,10,0,10,34,9,43,1,0,1,7,18,25,0,0,0,1,2,3,266,161,427,2020-05-31T22:00:00Z
12,309,Oriovac,275,261,536,31,19,50,19,12,31,2,3,5,62,58,120,0,0,0,1,1,2,390,354,744,2020-05-31T22:00:00Z
12,338,Podcrkavlje,40,22,62,15,0,15,8,4,12,0,1,1,16,7,23,0,0,0,0,1,1,79,35,114,2020-05-31T22:00:00Z
12,372,Rešetari,203,207,410,35,8,43,19,9,28,4,1,5,92,40,132,0,0,0,3,2,5,356,267,623,2020-05-31T22:00:00Z
12,388,Sibinj,104,119,223,48,13,61,14,1,15,0,1,1,52,37,89,0,0,0,4,2,6,222,173,395,2020-05-31T22:00:00Z
12,39,Brodski Stupnik,72,50,122,17,8,25,4,3,7,1,1,2,72,35,107,0,0,0,1,0,1,167,97,264,2020-05-31T22:00:00Z
12,396,Slavonski Brod,12991,8934,21925,568,311,879,41,31,72,75,97,172,927,962,1889,1,0,1,17,22,39,14620,10357,24977,2020-05-31T22:00:00Z
12,397,Slavonski Šamac,66,37,103,8,4,12,15,6,21,0,1,1,9,3,12,0,0,0,0,0,0,98,51,149,2020-05-31T22:00:00Z
12,412,Stara Gradiška,141,73,214,4,1,5,7,2,9,0,0,0,21,8,29,0,0,0,0,0,0,173,84,257,2020-05-31T22:00:00Z
12,418,Staro Petrovo Selo,182,113,295,26,8,34,42,19,61,1,2,3,97,38,135,0,0,0,0,0,0,348,180,528,2020-05-31T22:00:00Z
12,46,Cernik,159,181,340,20,10,30,8,4,12,3,2,5,59,29,88,0,0,0,0,2,2,249,228,477,2020-05-31T22:00:00Z
12,476,Velika Kopanica,216,114,330,22,8,30,26,16,42,1,1,2,29,25,54,0,0,0,1,2,3,295,166,461,2020-05-31T22:00:00Z
12,506,Vrbje,32,16,48,7,0,7,20,2,22,0,0,0,25,19,44,0,0,0,0,1,1,84,38,122,2020-05-31T22:00:00Z
12,514,Vrpolje,170,107,277,24,6,30,42,14,56,0,2,2,12,14,26,0,0,0,1,0,1,249,143,392,2020-05-31T22:00:00Z
12,567,Bukovlje,60,49,109,12,7,19,0,0,0,1,0,1,9,18,27,0,0,0,0,0,0,82,74,156,2020-05-31T22:00:00Z
12,568,Dragalić,30,37,67,7,0,7,6,3,9,0,0,0,4,8,12,0,0,0,0,1,1,47,49,96,2020-05-31T22:00:00Z
12,569,Gornja Vrba,279,365,644,10,3,13,1,0,1,0,1,1,13,16,29,0,0,0,0,0,0,303,385,688,2020-05-31T22:00:00Z
12,570,Sikirevci,40,43,83,15,3,18,36,14,50,0,0,0,12,5,17,0,0,0,2,1,3,105,66,171,2020-05-31T22:00:00Z
12,68,Davor,101,70,171,13,6,19,12,4,16,0,0,0,12,17,29,0,0,0,2,0,2,140,97,237,2020-05-31T22:00:00Z
12,81,Donji Andrijevci,123,98,221,19,10,29,18,3,21,1,1,2,27,22,49,0,0,0,0,3,3,188,137,325,2020-05-31T22:00:00Z
13,131,Gračac,251,298,549,24,15,39,53,19,72,2,1,3,34,40,74,0,0,0,1,0,1,365,373,738,2020-05-31T22:00:00Z
13,167,Jasenice,125,58,183,13,1,14,4,3,7,1,0,1,17,9,26,0,0,0,0,0,0,160,71,231,2020-05-31T22:00:00Z
13,17,Benkovac,1081,872,1953,85,37,122,76,46,122,12,14,26,190,133,323,0,0,0,10,8,18,1454,1110,2564,2020-05-31T22:00:00Z
13,173,Kali,296,92,388,26,14,40,3,1,4,16,0,16,60,33,93,0,0,0,1,1,2,402,141,543,2020-05-31T22:00:00Z
13,20,Bibinje,169,165,334,51,23,74,4,0,4,2,2,4,83,57,140,0,0,0,2,1,3,311,248,559,2020-05-31T22:00:00Z
13,22,Biograd Na Moru,1128,1425,2553,146,89,235,21,16,37,18,10,28,181,243,424,1,0,1,3,6,9,1498,1789,3287,2020-05-31T22:00:00Z
13,234,Lišane Ostrovičke,28,27,55,8,3,11,1,0,1,0,0,0,5,4,9,0,0,0,0,0,0,42,34,76,2020-05-31T22:00:00Z
13,282,Nin,452,379,831,53,16,69,10,4,14,7,2,9,74,63,137,0,0,0,0,0,0,596,464,1060,2020-05-31T22:00:00Z
13,296,Obrovac,312,201,513,32,17,49,22,4,26,3,6,9,24,44,68,0,0,0,2,2,4,395,274,669,2020-05-31T22:00:00Z
13,316,Pag,507,441,948,90,33,123,28,11,39,4,7,11,115,80,195,0,0,0,5,3,8,749,575,1324,2020-05-31T22:00:00Z
13,317,Pakoštane,388,308,696,79,27,106,5,8,13,9,2,11,87,85,172,0,0,0,4,0,4,572,430,1002,2020-05-31T22:00:00Z
13,320,Pašman,102,106,208,46,16,62,2,3,5,7,0,7,47,34,81,0,0,0,1,2,3,205,161,366,2020-05-31T22:00:00Z
13,344,Polača,95,57,152,16,4,20,3,1,4,3,0,3,10,13,23,0,0,0,1,1,2,128,76,204,2020-05-31T22:00:00Z
13,345,Poličnik,370,283,653,45,5,50,7,5,12,6,1,7,42,19,61,0,0,0,1,0,1,471,313,784,2020-05-31T22:00:00Z
13,349,Posedarje,127,141,268,31,15,46,7,7,14,6,0,6,35,50,85,0,0,0,1,4,5,207,217,424,2020-05-31T22:00:00Z
13,354,Preko,268,401,669,47,12,59,4,5,9,26,3,29,48,34,82,0,0,0,0,4,4,393,459,852,2020-05-31T22:00:00Z
13,371,Ražanac,92,73,165,28,9,37,6,5,11,15,0,15,31,23,54,0,0,0,2,0,2,174,110,284,2020-05-31T22:00:00Z
13,379,Sali,190,164,354,43,18,61,7,3,10,4,1,5,33,35,68,0,0,0,1,0,1,278,221,499,2020-05-31T22:00:00Z
13,411,Stankovci,231,147,378,25,4,29,4,2,6,0,1,1,33,13,46,0,0,0,0,1,1,293,168,461,2020-05-31T22:00:00Z
13,416,Starigrad,134,153,287,46,33,79,7,3,10,4,0,4,37,56,93,0,0,0,1,2,3,229,247,476,2020-05-31T22:00:00Z
13,425,Sukošan,354,237,591,58,24,82,10,3,13,6,1,7,51,59,110,0,0,0,1,3,4,480,327,807,2020-05-31T22:00:00Z
13,428,Sveti Filip I Jakov,249,349,598,49,23,72,8,3,11,12,1,13,41,41,82,0,0,0,0,0,0,359,417,776,2020-05-31T22:00:00Z
13,445,Škabrnje,66,59,125,25,2,27,3,0,3,4,0,4,15,6,21,0,0,0,2,1,3,115,68,183,2020-05-31T22:00:00Z
13,489,Vir,347,272,619,59,14,73,3,2,5,1,1,2,71,60,131,0,0,0,1,3,4,482,352,834,2020-05-31T22:00:00Z
13,520,Zadar,14633,15696,30329,1052,598,1650,42,27,69,760,227,987,1408,1491,2899,4,0,4,117,68,185,18016,18107,36123,2020-05-31T22:00:00Z
13,525,Zemunik Donji,109,139,248,17,5,22,2,1,3,0,0,0,17,4,21,0,0,0,0,1,1,145,150,295,2020-05-31T22:00:00Z
13,537,Novigrad,69,66,135,25,3,28,4,4,8,3,1,4,29,17,46,0,0,0,1,1,2,131,92,223,2020-05-31T22:00:00Z
13,571,Galovac,30,61,91,13,1,14,6,4,10,3,2,5,7,13,20,0,0,0,0,2,2,59,83,142,2020-05-31T22:00:00Z
13,572,Kukljica,77,35,112,19,1,20,1,1,2,5,1,6,39,13,52,0,0,0,0,1,1,141,52,193,2020-05-31T22:00:00Z
13,573,Povljana,53,45,98,16,5,21,3,0,3,4,0,4,13,15,28,0,0,0,1,1,2,90,66,156,2020-05-31T22:00:00Z
13,574,Privlaka,119,107,226,25,12,37,1,1,2,8,0,8,34,19,53,0,0,0,4,2,6,191,141,332,2020-05-31T22:00:00Z
13,575,Tkon,97,72,169,24,8,32,3,2,5,3,0,3,48,26,74,0,0,0,1,0,1,176,108,284,2020-05-31T22:00:00Z
13,622,Kolan,156,112,268,24,10,34,3,1,4,1,0,1,35,25,60,0,0,0,0,0,0,219,148,367,2020-05-31T22:00:00Z
13,625,Vrsi,97,46,143,15,11,26,5,4,9,22,0,22,19,30,49,0,0,0,4,4,8,162,95,257,2020-05-31T22:00:00Z
14,103,Đakovo,2821,2868,5689,422,192,614,188,82,270,29,37,66,707,580,1287,0,0,0,13,16,29,4180,3775,7955,2020-05-31T22:00:00Z
14,106,Đurđenovac,529,517,1046,39,10,49,26,20,46,0,10,10,79,42,121,0,0,0,5,3,8,678,602,1280,2020-05-31T22:00:00Z
14,110,Erdut,291,208,499,38,13,51,61,15,76,2,4,6,42,34,76,0,0,0,2,1,3,436,275,711,2020-05-31T22:00:00Z
14,111,Ernestinovo,76,178,254,9,2,11,25,9,34,2,2,4,5,18,23,0,0,0,1,0,1,118,209,327,2020-05-31T22:00:00Z
14,116,Feričanci,129,105,234,23,4,27,3,0,3,0,4,4,43,16,59,0,0,0,1,0,1,199,129,328,2020-05-31T22:00:00Z
14,124,Gorjani,123,145,268,16,2,18,18,10,28,0,2,2,13,4,17,0,0,0,0,1,1,170,164,334,2020-05-31T22:00:00Z
14,13,Beli Manastir,1016,1139,2155,70,33,103,41,27,68,9,11,20,114,90,204,0,0,0,1,1,2,1251,1301,2552,2020-05-31T22:00:00Z
14,16,Belišće,1523,635,2158,63,28,91,30,7,37,1,7,8,71,100,171,0,0,0,4,1,5,1692,778,2470,2020-05-31T22:00:00Z
14,195,Kneževi Vinogradi,217,243,460,33,7,40,39,7,46,1,2,3,72,63,135,0,0,0,0,0,0,362,322,684,2020-05-31T22:00:00Z
14,2,Antunovac,182,163,345,25,10,35,16,8,24,0,0,0,18,9,27,0,0,0,0,0,0,241,190,431,2020-05-31T22:00:00Z
14,205,Koška,176,155,331,27,6,33,34,10,44,3,2,5,33,22,55,0,0,0,2,0,2,275,195,470,2020-05-31T22:00:00Z
14,21,Bilje,295,302,597,46,20,66,20,13,33,3,6,9,53,44,97,0,0,0,0,1,1,417,386,803,2020-05-31T22:00:00Z
14,23,Bizovac,251,262,513,26,11,37,30,12,42,1,6,7,34,41,75,0,0,0,0,1,1,342,333,675,2020-05-31T22:00:00Z
14,230,Levanjska Varoš,38,18,56,3,2,5,13,9,22,0,0,0,4,2,6,0,0,0,0,1,1,58,32,90,2020-05-31T22:00:00Z
14,257,Marijanci,86,58,144,6,4,10,13,1,14,0,1,1,19,26,45,0,0,0,2,1,3,126,91,217,2020-05-31T22:00:00Z
14,271,Moslavina Podravska,20,30,50,2,2,4,20,9,29,0,0,0,16,10,26,0,0,0,0,0,0,58,51,109,2020-05-31T22:00:00Z
14,278,Našice,2206,1700,3906,159,80,239,46,15,61,16,36,52,248,242,490,0,0,0,9,5,14,2684,2078,4762,2020-05-31T22:00:00Z
14,312,Osijek,23315,21499,44814,805,580,1385,102,40,142,187,208,395,792,1145,1937,1,0,1,35,51,86,25237,23523,48760,2020-05-31T22:00:00Z
14,325,Petlovac,45,39,84,5,4,9,15,0,15,0,0,0,15,7,22,0,0,0,2,0,2,82,50,132,2020-05-31T22:00:00Z
14,327,Petrijevci,301,197,498,17,3,20,12,5,17,0,0,0,13,8,21,0,0,0,1,2,3,344,215,559,2020-05-31T22:00:00Z
14,340,Podgorač,93,77,170,26,7,33,34,7,41,1,1,2,21,36,57,0,0,0,0,1,1,175,129,304,2020-05-31T22:00:00Z
14,346,Popovac,48,57,105,2,3,5,5,7,12,0,0,0,5,9,14,0,0,0,0,0,0,60,76,136,2020-05-31T22:00:00Z
14,361,Punitovci,47,41,88,20,3,23,18,4,22,0,0,0,24,7,31,0,0,0,0,0,0,109,55,164,2020-05-31T22:00:00Z
14,381,Satnica Đakovačka,118,79,197,22,4,26,11,3,14,0,0,0,43,31,74,0,0,0,0,2,2,194,119,313,2020-05-31T22:00:00Z
14,386,Semeljci,247,182,429,46,15,61,55,30,85,1,2,3,82,30,112,0,0,0,2,1,3,433,260,693,2020-05-31T22:00:00Z
14,421,Strizivojna,303,283,586,17,7,24,20,3,23,0,0,0,10,10,20,0,0,0,1,0,1,351,303,654,2020-05-31T22:00:00Z
14,461,Trnava,50,65,115,5,3,8,15,6,21,0,0,0,12,3,15,0,0,0,1,0,1,83,77,160,2020-05-31T22:00:00Z
14,471,Valpovo,842,1046,1888,72,51,123,42,19,61,16,25,41,86,104,190,0,0,0,7,8,15,1065,1253,2318,2020-05-31T22:00:00Z
14,485,Viljevo,35,63,98,10,1,11,28,5,33,0,0,0,18,11,29,0,0,0,1,1,2,92,81,173,2020-05-31T22:00:00Z
14,494,Viškovci,206,189,395,23,3,26,15,6,21,0,0,0,22,2,24,0,0,0,2,0,2,268,200,468,2020-05-31T22:00:00Z
14,517,Vuka,41,44,85,14,2,16,18,5,23,0,1,1,20,10,30,0,0,0,0,0,0,93,62,155,2020-05-31T22:00:00Z
14,576,Donja Motičina,26,28,54,9,2,11,2,1,3,1,1,2,18,8,26,0,0,0,0,0,0,56,40,96,2020-05-31T22:00:00Z
14,578,Magadenovac,103,106,209,5,1,6,28,10,38,1,4,5,19,24,43,0,0,0,0,0,0,156,145,301,2020-05-31T22:00:00Z
14,579,Vladislavci,131,98,229,3,1,4,7,4,11,0,0,0,4,5,9,0,0,0,0,0,0,145,108,253,2020-05-31T22:00:00Z
14,609,Jagodnjak,122,79,201,7,4,11,25,4,29,0,0,0,10,5,15,0,0,0,0,0,0,164,92,256,2020-05-31T22:00:00Z
14,614,Šodolovci,21,30,51,0,0,0,0,0,0,0,0,0,13,4,17,0,0,0,1,0,1,35,34,69,2020-05-31T22:00:00Z
14,64,Čeminac,79,96,175,11,0,11,3,2,5,0,0,0,18,9,27,0,0,0,0,0,0,111,107,218,2020-05-31T22:00:00Z
14,65,Čepin,551,447,998,85,31,116,53,21,74,5,9,14,95,89,184,0,0,0,4,4,8,793,601,1394,2020-05-31T22:00:00Z
14,66,Darda,1756,845,2601,56,29,85,34,4,38,1,4,5,57,51,108,0,0,0,1,0,1,1905,933,2838,2020-05-31T22:00:00Z
14,86,Donji Miholjac,1217,990,2207,84,49,133,153,42,195,6,19,25,165,120,285,0,0,0,4,2,6,1629,1222,2851,2020-05-31T22:00:00Z
14,91,Draž,82,127,209,10,4,14,19,8,27,0,0,0,10,9,19,0,0,0,0,0,0,121,148,269,2020-05-31T22:00:00Z
14,94,Drenje,92,129,221,28,7,35,55,22,77,0,0,0,10,16,26,0,0,0,0,0,0,185,174,359,2020-05-31T22:00:00Z
15,113,Ervenik,49,59,108,1,0,1,3,2,5,0,0,0,0,1,1,0,0,0,0,0,0,53,62,115,2020-05-31T22:00:00Z
15,183,Kijevo,37,34,71,2,0,2,1,0,1,0,0,0,0,0,0,0,0,0,0,0,0,40,34,74,2020-05-31T22:00:00Z
15,184,Kistanje,60,63,123,26,7,33,0,0,0,2,0,2,26,7,33,0,0,0,0,0,0,114,77,191,2020-05-31T22:00:00Z
15,196,Knin,1535,1321,2856,118,69,187,49,9,58,31,7,38,118,141,259,0,0,0,3,2,5,1854,1549,3403,2020-05-31T22:00:00Z
15,298,Promina,105,79,184,1,1,2,1,2,3,0,0,0,0,1,1,0,0,0,0,0,0,107,83,190,2020-05-31T22:00:00Z
15,310,Biskupija,79,17,96,3,0,3,1,1,2,1,0,1,0,0,0,0,0,0,0,0,0,84,18,102,2020-05-31T22:00:00Z
15,357,Primošten,289,307,596,99,35,134,3,0,3,7,0,7,101,67,168,0,0,0,1,2,3,500,411,911,2020-05-31T22:00:00Z
15,377,Ružić,30,54,84,3,0,3,6,8,14,0,0,0,1,10,11,0,0,0,0,0,0,40,72,112,2020-05-31T22:00:00Z
15,394,Skradin,135,159,294,48,16,64,16,5,21,3,3,6,36,41,77,0,0,0,0,1,1,238,225,463,2020-05-31T22:00:00Z
15,444,Šibenik,8043,8066,16109,681,372,1053,37,15,52,164,103,267,604,706,1310,3,0,3,21,23,44,9553,9285,18838,2020-05-31T22:00:00Z
15,454,Tisno,303,289,592,114,50,164,5,0,5,7,3,10,84,75,159,0,0,0,0,2,2,513,419,932,2020-05-31T22:00:00Z
15,469,Unešić,47,52,99,7,2,9,2,1,3,1,0,1,11,4,15,0,0,0,0,0,0,68,59,127,2020-05-31T22:00:00Z
15,500,Vodice,938,1023,1961,280,116,396,10,6,16,11,7,18,248,203,451,0,0,0,6,6,12,1493,1361,2854,2020-05-31T22:00:00Z
15,51,Civljane,49,10,59,1,0,1,0,0,0,0,0,0,1,3,4,0,0,0,0,0,0,51,13,64,2020-05-31T22:00:00Z
15,581,Pirovac,127,125,252,40,21,61,4,3,7,3,2,5,48,67,115,0,0,0,0,1,1,222,219,441,2020-05-31T22:00:00Z
15,582,Rogoznica,265,234,499,54,22,76,2,1,3,9,2,11,50,49,99,0,0,0,0,0,0,380,308,688,2020-05-31T22:00:00Z
15,617,Murter,281,273,554,76,39,115,6,1,7,15,2,17,100,82,182,0,0,0,0,2,2,478,399,877,2020-05-31T22:00:00Z
15,621,Bilice,73,37,110,19,9,28,0,0,0,4,0,4,23,15,38,0,0,0,0,0,0,119,61,180,2020-05-31T22:00:00Z
15,626,Tribunj,97,79,176,28,19,47,0,0,0,0,0,0,61,37,98,0,0,0,0,2,2,186,137,323,2020-05-31T22:00:00Z
15,95,Drniš,844,589,1433,67,49,116,40,20,60,6,8,14,84,89,173,0,0,0,0,3,3,1041,758,1799,2020-05-31T22:00:00Z
16,1,Andrijaševci,57,101,158,21,11,32,14,5,19,2,0,2,42,27,69,0,0,0,0,3,3,136,147,283,2020-05-31T22:00:00Z
16,137,Gradište,105,80,185,18,4,22,33,6,39,0,1,1,12,16,28,0,0,0,0,0,0,168,107,275,2020-05-31T22:00:00Z
16,141,Gunja,194,110,304,32,8,40,36,13,49,2,1,3,28,13,41,0,0,0,1,1,2,293,146,439,2020-05-31T22:00:00Z
16,154,Ilok,460,503,963,64,21,85,53,17,70,1,1,2,103,94,197,0,0,0,1,0,1,682,636,1318,2020-05-31T22:00:00Z
16,159,Ivankovo,324,348,672,68,28,96,50,11,61,2,5,7,104,83,187,0,0,0,3,2,5,551,477,1028,2020-05-31T22:00:00Z
16,166,Jarmina,33,55,88,12,7,19,25,9,34,0,2,2,26,17,43,0,0,0,0,4,4,96,94,190,2020-05-31T22:00:00Z
16,239,Lovas,60,60,120,5,0,5,14,0,14,1,0,1,4,6,10,0,0,0,0,1,1,84,67,151,2020-05-31T22:00:00Z
16,26,Bogdanovci,27,14,41,3,0,3,9,4,13,0,0,0,18,3,21,0,0,0,0,0,0,57,21,78,2020-05-31T22:00:00Z
16,29,Borovo,78,85,163,38,14,52,26,4,30,3,4,7,58,66,124,0,0,0,2,1,3,205,174,379,2020-05-31T22:00:00Z
16,294,Nuštar,236,268,504,31,18,49,28,6,34,2,3,5,41,28,69,0,0,0,3,1,4,341,324,665,2020-05-31T22:00:00Z
16,295,Nijemci,166,149,315,21,7,28,86,23,109,1,1,2,50,29,79,0,0,0,1,1,2,325,210,535,2020-05-31T22:00:00Z
16,3,Babina Greda,134,106,240,32,10,42,76,24,100,3,0,3,26,39,65,0,0,0,0,0,0,271,179,450,2020-05-31T22:00:00Z
16,32,Bošnjaci,111,84,195,22,5,27,44,7,51,2,0,2,24,31,55,0,0,0,1,0,1,204,127,331,2020-05-31T22:00:00Z
16,414,Stari Jankovci,133,124,257,20,4,24,42,9,51,1,0,1,33,18,51,0,0,0,2,1,3,231,156,387,2020-05-31T22:00:00Z
16,415,Stari Mikanovci,86,108,194,20,11,31,19,9,28,2,1,3,26,41,67,0,0,0,0,0,0,153,170,323,2020-05-31T22:00:00Z
16,44,Cerna,382,189,571,38,19,57,45,16,61,1,1,2,66,46,112,0,0,0,0,0,0,532,271,803,2020-05-31T22:00:00Z
16,456,Tompojevci,14,38,52,13,3,16,38,11,49,0,1,1,17,13,30,0,0,0,0,0,0,82,66,148,2020-05-31T22:00:00Z
16,458,Tordinci,83,93,176,5,2,7,11,0,11,1,0,1,9,8,17,0,0,0,0,0,0,109,103,212,2020-05-31T22:00:00Z
16,459,Tovarnik,146,131,277,17,4,21,42,19,61,0,0,0,13,14,27,0,0,0,1,2,3,219,170,389,2020-05-31T22:00:00Z
16,464,Trpinja,108,182,290,20,6,26,82,12,94,3,0,3,38,32,70,0,0,0,0,0,0,251,232,483,2020-05-31T22:00:00Z
16,487,Vinkovci,7974,6090,14064,278,183,461,35,17,52,56,51,107,485,661,1146,1,0,1,14,8,22,8843,7010,15853,2020-05-31T22:00:00Z
16,505,Vrbanja,222,106,328,31,12,43,76,13,89,2,0,2,23,21,44,0,0,0,0,1,1,354,153,507,2020-05-31T22:00:00Z
16,518,Vukovar,4216,4420,8636,260,136,396,65,28,93,28,38,66,388,371,759,0,0,0,5,5,10,4962,4998,9960,2020-05-31T22:00:00Z
16,534,Županja,2038,1438,3476,129,54,183,40,13,53,22,24,46,188,200,388,1,0,1,5,5,10,2423,1734,4157,2020-05-31T22:00:00Z
16,535,Otok (Vinkovci),360,252,612,36,19,55,58,16,74,9,1,10,61,45,106,0,0,0,0,2,2,524,335,859,2020-05-31T22:00:00Z
16,583,Privlaka,96,69,165,17,5,22,20,8,28,0,2,2,23,20,43,0,0,0,1,2,3,157,106,263,2020-05-31T22:00:00Z
16,584,Vođinci,39,145,184,15,2,17,6,3,9,0,1,1,9,13,22,0,0,0,0,0,0,69,164,233,2020-05-31T22:00:00Z
16,610,Markušica,37,38,75,8,3,11,45,17,62,0,1,1,12,17,29,0,0,0,2,1,3,104,77,181,2020-05-31T22:00:00Z
16,612,Negoslavci,13,8,21,2,0,2,11,3,14,1,0,1,14,13,27,0,0,0,0,0,0,41,24,65,2020-05-31T22:00:00Z
16,628,Štitar,105,42,147,6,0,6,13,3,16,0,1,1,10,7,17,0,0,0,0,0,0,134,53,187,2020-05-31T22:00:00Z
16,92,Drenovci,113,135,248,36,7,43,102,35,137,2,0,2,36,35,71,0,0,0,0,1,1,289,213,502,2020-05-31T22:00:00Z
17,100,Dugi Rat,575,531,1106,87,37,124,1,2,3,32,6,38,167,122,289,0,0,0,2,3,5,864,701,1565,2020-05-31T22:00:00Z
17,134,Gradac,195,257,452,82,34,116,5,1,6,2,1,3,56,89,145,0,0,0,0,3,3,340,385,725,2020-05-31T22:00:00Z
17,148,Hrvace,232,199,431,35,15,50,4,6,10,1,3,4,46,42,88,0,0,0,0,2,2,318,267,585,2020-05-31T22:00:00Z
17,153,Hvar,645,630,1275,203,82,285,14,10,24,16,8,24,205,179,384,1,0,1,3,9,12,1087,918,2005,2020-05-31T22:00:00Z
17,155,Imotski,1240,1200,2440,129,84,213,11,8,19,30,14,44,132,233,365,0,0,0,11,13,24,1553,1552,3105,2020-05-31T22:00:00Z
17,171,Jelsa,360,316,676,102,36,138,33,10,43,13,0,13,121,73,194,0,0,0,5,6,11,634,441,1075,2020-05-31T22:00:00Z
17,181,Kaštela,3340,3496,6836,460,215,675,23,12,35,117,39,156,508,533,1041,0,0,0,36,25,61,4484,4320,8804,2020-05-31T22:00:00Z
17,192,Klis,232,167,399,36,9,45,6,4,10,14,2,16,40,24,64,0,0,0,0,1,1,328,207,535,2020-05-31T22:00:00Z
17,197,Komiža,173,151,324,61,20,81,4,0,4,3,2,5,43,41,84,0,0,0,1,2,3,285,216,501,2020-05-31T22:00:00Z
17,243,Lovreć,129,93,222,15,8,23,4,0,4,1,0,1,16,10,26,0,0,0,2,1,3,167,112,279,2020-05-31T22:00:00Z
17,249,Makarska,2445,2385,4830,311,195,506,3,2,5,50,28,78,373,396,769,0,0,0,6,9,15,3188,3015,6203,2020-05-31T22:00:00Z
17,258,Marina,180,229,409,57,28,85,6,4,10,11,1,12,48,60,108,1,0,1,3,1,4,306,323,629,2020-05-31T22:00:00Z
17,267,Milna,107,90,197,22,8,30,4,1,5,2,0,2,27,34,61,0,0,0,4,1,5,166,134,300,2020-05-31T22:00:00Z
17,27,Bol,354,422,776,72,26,98,5,2,7,3,2,5,70,41,111,0,0,0,2,2,4,506,495,1001,2020-05-31T22:00:00Z
17,280,Nerežišća,141,49,190,17,3,20,6,2,8,2,0,2,30,14,44,0,0,0,1,0,1,197,68,265,2020-05-31T22:00:00Z
17,300,Omiš,1433,1648,3081,244,111,355,12,5,17,39,17,56,351,347,698,0,0,0,4,6,10,2083,2134,4217,2020-05-31T22:00:00Z
17,314,Otok,190,199,389,45,18,63,8,1,9,4,0,4,65,57,122,0,0,0,0,0,0,312,275,587,2020-05-31T22:00:00Z
17,337,Podbablje,261,175,436,30,3,33,6,0,6,2,1,3,22,33,55,0,0,0,1,4,5,322,216,538,2020-05-31T22:00:00Z
17,339,Podgora,244,215,459,87,27,114,1,1,2,0,0,0,73,44,117,0,0,0,3,2,5,408,289,697,2020-05-31T22:00:00Z
17,341,Podstrana,757,637,1394,61,16,77,16,4,20,40,4,44,53,79,132,1,0,1,4,3,7,932,743,1675,2020-05-31T22:00:00Z
17,350,Postira,262,226,488,42,16,58,11,3,14,1,3,4,14,14,28,0,0,0,3,1,4,333,263,596,2020-05-31T22:00:00Z
17,358,Pučišća,236,123,359,49,8,57,6,5,11,5,0,5,40,18,58,0,0,0,2,0,2,338,154,492,2020-05-31T22:00:00Z
17,382,Seget,468,410,878,40,11,51,7,3,10,7,2,9,144,78,222,0,0,0,4,2,6,670,506,1176,2020-05-31T22:00:00Z
17,383,Selca,128,112,240,42,24,66,9,3,12,5,2,7,70,33,103,0,0,0,1,1,2,255,175,430,2020-05-31T22:00:00Z
17,389,Sinj,1855,1905,3760,250,127,377,52,16,68,40,43,83,290,372,662,1,1,2,10,19,29,2498,2483,4981,2020-05-31T22:00:00Z
17,406,Solin,3498,2840,6338,246,134,380,10,8,18,106,31,137,305,287,592,0,0,0,14,12,26,4179,3312,7491,2020-05-31T22:00:00Z
17,409,Split,34774,36752,71526,1508,1060,2568,63,41,104,2036,441,2477,1569,2235,3804,4,0,4,163,165,328,40117,40694,80811,2020-05-31T22:00:00Z
17,413,Stari Grad,314,297,611,66,28,94,19,12,31,6,4,10,49,45,94,0,0,0,3,8,11,457,394,851,2020-05-31T22:00:00Z
17,423,Sućuraj,29,23,52,24,3,27,4,2,6,0,0,0,12,9,21,0,0,0,0,0,0,69,37,106,2020-05-31T22:00:00Z
17,427,Supetar,661,790,1451,123,67,190,13,5,18,21,8,29,130,137,267,0,0,0,6,3,9,954,1010,1964,2020-05-31T22:00:00Z
17,443,Šestanovac,125,136,261,25,5,30,7,0,7,0,2,2,21,22,43,0,0,0,2,1,3,180,166,346,2020-05-31T22:00:00Z
17,447,Šolta,191,134,325,18,15,33,10,3,13,6,2,8,14,17,31,0,0,0,0,0,0,239,171,410,2020-05-31T22:00:00Z
17,460,Trilj,430,512,942,99,29,128,17,8,25,12,3,15,92,142,234,0,0,0,0,4,4,650,698,1348,2020-05-31T22:00:00Z
17,463,Trogir,2022,1843,3865,331,171,502,11,3,14,66,37,103,401,482,883,0,0,0,11,18,29,2842,2554,5396,2020-05-31T22:00:00Z
17,492,Vis,257,262,519,47,21,68,15,3,18,5,2,7,60,50,110,0,0,0,2,2,4,386,340,726,2020-05-31T22:00:00Z
17,50,Cista Provo,113,134,247,27,1,28,7,1,8,1,0,1,5,13,18,0,0,0,1,2,3,154,151,305,2020-05-31T22:00:00Z
17,511,Vrgorac,897,610,1507,49,23,72,24,18,42,5,7,12,46,87,133,0,0,0,0,3,3,1021,748,1769,2020-05-31T22:00:00Z
17,513,Vrlika,107,222,329,17,3,20,11,4,15,1,0,1,21,4,25,0,0,0,1,0,1,158,233,391,2020-05-31T22:00:00Z
17,522,Zagvozd,147,65,212,17,2,19,2,0,2,1,0,1,8,9,17,0,0,0,0,1,1,175,77,252,2020-05-31T22:00:00Z
17,528,Zmijavci,79,116,195,7,2,9,1,1,2,2,0,2,26,10,36,0,0,0,0,1,1,115,130,245,2020-05-31T22:00:00Z
17,585,Dugopolje,1325,720,2045,28,11,39,5,5,10,11,1,12,62,46,108,0,0,0,0,0,0,1431,783,2214,2020-05-31T22:00:00Z
17,586,Lećevica,12,24,36,5,0,5,0,0,0,0,0,0,1,0,1,0,0,0,0,0,0,18,24,42,2020-05-31T22:00:00Z
17,587,Lokvičići,32,23,55,1,1,2,2,0,2,0,0,0,1,3,4,0,0,0,1,0,1,37,27,64,2020-05-31T22:00:00Z
17,588,Okrug,146,175,321,42,18,60,1,1,2,10,4,14,121,59,180,0,0,0,3,3,6,323,260,583,2020-05-31T22:00:00Z
17,589,Prgomet,35,23,58,8,0,8,2,1,3,0,0,0,2,2,4,0,0,0,0,0,0,47,26,73,2020-05-31T22:00:00Z
17,590,Primorski Dolac,15,44,59,4,1,5,1,1,2,1,1,2,3,4,7,0,0,0,0,0,0,24,51,75,2020-05-31T22:00:00Z
17,591,Runovići,78,84,162,5,3,8,0,1,1,0,2,2,27,33,60,0,0,0,1,0,1,111,123,234,2020-05-31T22:00:00Z
17,592,Sutivan,113,80,193,15,7,22,4,0,4,10,1,11,29,19,48,0,0,0,0,0,0,171,107,278,2020-05-31T22:00:00Z
17,593,Tučepi,241,245,486,53,26,79,0,1,1,3,4,7,74,57,131,0,0,0,1,0,1,372,333,705,2020-05-31T22:00:00Z
17,595,Zadvarje,35,23,58,7,1,8,0,1,1,0,0,0,9,7,16,0,0,0,0,0,0,51,32,83,2020-05-31T22:00:00Z
17,72,Dicmo,380,170,550,32,16,48,3,2,5,3,1,4,38,47,85,0,0,0,0,1,1,456,237,693,2020-05-31T22:00:00Z
17,77,Brela,220,202,422,53,27,80,0,1,1,1,1,2,42,56,98,0,0,0,0,1,1,316,288,604,2020-05-31T22:00:00Z
17,87,Muć,155,201,356,18,4,22,3,3,6,5,4,9,7,13,20,0,0,0,0,1,1,188,226,414,2020-05-31T22:00:00Z
17,88,Proložac,175,174,349,14,4,18,1,3,4,0,0,0,38,20,58,0,0,0,3,1,4,231,202,433,2020-05-31T22:00:00Z
17,9,Baška Voda,236,264,500,104,58,162,2,1,3,7,2,9,81,100,181,0,0,0,1,1,2,431,426,857,2020-05-31T22:00:00Z
18,132,Gračišće,38,34,72,32,3,35,13,3,16,0,0,0,40,9,49,0,0,0,1,1,2,124,50,174,2020-05-31T22:00:00Z
18,138,Grožnjan,25,23,48,15,4,19,13,4,17,0,0,0,13,12,25,0,0,0,0,2,2,66,45,111,2020-05-31T22:00:00Z
18,175,Kanfanar,427,184,611,22,7,29,5,0,5,2,0,2,27,20,47,0,0,0,2,1,3,485,212,697,2020-05-31T22:00:00Z
18,217,Kršan,272,285,557,47,10,57,7,5,12,3,0,3,97,49,146,0,0,0,3,4,7,429,353,782,2020-05-31T22:00:00Z
18,222,Labin,2537,2270,4807,251,113,364,19,10,29,30,36,66,306,247,553,0,0,0,14,10,24,3157,2686,5843,2020-05-31T22:00:00Z
18,223,Lanišće,14,13,27,4,0,4,2,1,3,0,0,0,8,3,11,0,0,0,0,1,1,28,18,46,2020-05-31T22:00:00Z
18,235,Ližnjan,131,133,264,15,3,18,2,0,2,3,0,3,28,39,67,0,0,0,1,0,1,180,175,355,2020-05-31T22:00:00Z
18,246,Lupoglav,182,92,274,11,5,16,8,3,11,0,1,1,11,12,23,0,0,0,0,1,1,212,114,326,2020-05-31T22:00:00Z
18,254,Marčana,151,154,305,36,15,51,3,2,5,4,1,5,33,20,53,0,0,0,3,1,4,230,193,423,2020-05-31T22:00:00Z
18,263,Medulin,713,660,1373,96,49,145,8,2,10,8,5,13,154,181,335,0,0,0,0,1,1,979,898,1877,2020-05-31T22:00:00Z
18,274,Motovun,83,95,178,33,11,44,18,5,23,0,0,0,42,34,76,0,0,0,3,2,5,179,147,326,2020-05-31T22:00:00Z
18,291,Novigrad,820,982,1802,120,52,172,19,5,24,3,8,11,148,123,271,0,0,0,4,6,10,1114,1176,2290,2020-05-31T22:00:00Z
18,304,Oprtalj,66,85,151,11,4,15,14,2,16,0,0,0,14,10,24,0,0,0,4,3,7,109,104,213,2020-05-31T22:00:00Z
18,321,Pazin,2025,1898,3923,285,115,400,47,22,69,15,24,39,322,208,530,0,0,0,6,18,24,2700,2285,4985,2020-05-31T22:00:00Z
18,330,Pićan,347,187,534,27,5,32,3,5,8,1,1,2,53,20,73,0,0,0,1,1,2,432,219,651,2020-05-31T22:00:00Z
18,348,Poreč,4801,4804,9605,606,317,923,46,19,65,58,52,110,621,526,1147,0,0,0,8,14,22,6140,5732,11872,2020-05-31T22:00:00Z
18,359,Pula,13005,12336,25341,1114,571,1685,58,40,98,298,176,474,958,1158,2116,2,0,2,80,45,125,15515,14326,29841,2020-05-31T22:00:00Z
18,368,Raša,259,155,414,26,8,34,1,0,1,2,1,3,47,25,72,0,0,0,0,0,0,335,189,524,2020-05-31T22:00:00Z
18,374,Rovinj,3020,3207,6227,414,236,650,25,11,36,36,36,72,562,528,1090,1,0,1,15,16,31,4073,4034,8107,2020-05-31T22:00:00Z
18,40,Brtonigla,167,104,271,36,14,50,25,9,34,1,1,2,49,48,97,0,0,0,0,2,2,278,178,456,2020-05-31T22:00:00Z
18,42,Buje,769,723,1492,87,44,131,25,13,38,7,11,18,55,65,120,0,0,0,3,8,11,946,864,1810,2020-05-31T22:00:00Z
18,43,Buzet,1521,987,2508,160,63,223,20,17,37,6,4,10,103,100,203,0,0,0,7,5,12,1817,1176,2993,2020-05-31T22:00:00Z
18,431,Sveti Lovreč,41,53,94,18,11,29,3,1,4,0,1,1,34,19,53,0,0,0,0,1,1,96,86,182,2020-05-31T22:00:00Z
18,432,Sveta Nedelja,141,127,268,24,7,31,7,3,10,6,1,7,37,17,54,0,0,0,8,5,13,223,160,383,2020-05-31T22:00:00Z
18,433,Sveti Petar U Šumi,168,114,282,24,4,28,2,4,6,0,0,0,27,5,32,0,0,0,1,1,2,222,128,350,2020-05-31T22:00:00Z
18,435,Svetvinčenat,117,101,218,20,3,23,1,0,1,0,0,0,24,27,51,0,0,0,1,0,1,163,131,294,2020-05-31T22:00:00Z
18,453,Tinjan,194,114,308,38,10,48,4,1,5,2,3,5,56,31,87,0,0,0,1,0,1,295,159,454,2020-05-31T22:00:00Z
18,468,Umag,2576,2251,4827,371,157,528,31,15,46,31,33,64,349,341,690,0,0,0,15,19,34,3373,2816,6189,2020-05-31T22:00:00Z
18,47,Cerovlje,90,46,136,39,2,41,5,4,9,2,0,2,34,16,50,0,0,0,1,2,3,171,70,241,2020-05-31T22:00:00Z
18,497,Višnjan,232,224,456,43,12,55,9,4,13,1,0,1,81,33,114,0,0,0,6,0,6,372,273,645,2020-05-31T22:00:00Z
18,498,Vižinada,57,44,101,24,5,29,17,5,22,1,0,1,30,24,54,0,0,0,0,0,0,129,78,207,2020-05-31T22:00:00Z
18,5,Bale,129,106,235,23,15,38,3,3,6,0,0,0,41,19,60,0,0,0,1,1,2,197,144,341,2020-05-31T22:00:00Z
18,502,Vodnjan,707,570,1277,56,20,76,11,4,15,8,4,12,105,56,161,0,0,0,0,0,0,887,654,1541,2020-05-31T22:00:00Z
18,516,Vrsar,330,302,632,79,42,121,4,1,5,5,1,6,139,135,274,1,0,1,2,0,2,560,481,1041,2020-05-31T22:00:00Z
18,531,Žminj,479,387,866,91,40,131,12,5,17,1,3,4,100,74,174,0,0,0,4,2,6,687,511,1198,2020-05-31T22:00:00Z
18,596,Karojba,83,106,189,33,7,40,2,1,3,0,0,0,53,9,62,0,0,0,1,0,1,172,123,295,2020-05-31T22:00:00Z
18,597,Kaštelir - Labinci,154,68,222,28,14,42,5,2,7,1,0,1,43,16,59,0,0,0,2,3,5,233,103,336,2020-05-31T22:00:00Z
18,6,Barban,213,109,322,40,5,45,8,5,13,1,1,2,20,25,45,0,0,0,4,2,6,286,147,433,2020-05-31T22:00:00Z
18,619,Fažana,300,232,532,32,17,49,0,1,1,4,2,6,66,77,143,0,0,0,0,2,2,402,331,733,2020-05-31T22:00:00Z
18,629,Funtana,136,123,259,24,10,34,1,0,1,1,0,1,63,64,127,0,0,0,1,1,2,226,198,424,2020-05-31T22:00:00Z
18,631,Tar-Vabriga,169,251,420,42,16,58,2,0,2,1,0,1,60,57,117,0,0,0,0,1,1,274,325,599,2020-05-31T22:00:00Z
19,198,Konavle,1265,927,2192,197,69,266,20,10,30,30,9,39,86,112,198,0,0,0,6,3,9,1604,1130,2734,2020-05-31T22:00:00Z
19,204,Korčula,695,840,1535,148,62,210,16,9,25,122,12,134,102,111,213,0,0,0,10,11,21,1093,1045,2138,2020-05-31T22:00:00Z
19,219,Kula Norinska,35,55,90,13,3,16,2,0,2,1,0,1,5,6,11,0,0,0,0,0,0,56,64,120,2020-05-31T22:00:00Z
19,226,Lastovo,80,98,178,24,12,36,2,1,3,5,1,6,12,16,28,0,0,0,3,4,7,126,132,258,2020-05-31T22:00:00Z
19,25,Blato,588,410,998,65,22,87,20,5,25,7,8,15,162,48,210,0,0,0,6,3,9,848,496,1344,2020-05-31T22:00:00Z
19,264,Metković,1891,1544,3435,176,99,275,32,22,54,44,20,64,347,288,635,0,0,0,6,6,12,2496,1979,4475,2020-05-31T22:00:00Z
19,268,Mljet,189,91,280,29,12,41,5,0,5,5,2,7,13,15,28,0,0,0,4,1,5,245,121,366,2020-05-31T22:00:00Z
19,306,Opuzen,401,335,736,30,14,44,41,20,61,4,1,5,18,39,57,0,0,0,1,1,2,495,410,905,2020-05-31T22:00:00Z
19,308,Orebić,403,371,774,94,43,137,30,8,38,32,5,37,108,107,215,0,0,0,7,12,19,674,546,1220,2020-05-31T22:00:00Z
19,335,Ploče,1369,845,2214,77,43,120,16,2,18,36,9,45,86,130,216,0,0,0,3,4,7,1587,1033,2620,2020-05-31T22:00:00Z
19,343,Pojezerje,29,27,56,5,3,8,5,0,5,0,0,0,1,2,3,0,0,0,0,0,0,40,32,72,2020-05-31T22:00:00Z
19,399,Slivno,392,64,456,14,12,26,16,7,23,0,0,0,10,17,27,0,0,0,0,0,0,432,100,532,2020-05-31T22:00:00Z
19,402,Smokvica,32,64,96,14,2,16,12,5,17,3,0,3,34,10,44,0,0,0,3,3,6,98,84,182,2020-05-31T22:00:00Z
19,419,Ston,397,225,622,49,14,63,19,5,24,5,1,6,44,29,73,0,0,0,3,2,5,517,276,793,2020-05-31T22:00:00Z
19,474,Vela Luka,313,530,843,61,23,84,10,1,11,35,4,39,85,52,137,0,0,0,5,6,11,509,616,1125,2020-05-31T22:00:00Z
19,523,Zažablje,13,5,18,6,0,6,4,2,6,1,0,1,4,2,6,0,0,0,0,0,0,28,9,37,2020-05-31T22:00:00Z
19,598,Dubrovačko Primorje,156,99,255,23,7,30,5,6,11,11,3,14,38,21,59,0,0,0,1,2,3,234,138,372,2020-05-31T22:00:00Z
19,599,Janjina,303,61,364,10,4,14,11,3,14,1,1,2,8,10,18,0,0,0,1,0,1,334,79,413,2020-05-31T22:00:00Z
19,600,Lumbarda,54,62,116,41,14,55,7,1,8,8,1,9,30,19,49,0,0,0,4,2,6,144,99,243,2020-05-31T22:00:00Z
19,601,Trpanj,47,46,93,12,6,18,1,2,3,6,2,8,23,11,34,0,0,0,2,1,3,91,68,159,2020-05-31T22:00:00Z
19,602,Župa Dubrovačka,630,599,1229,119,70,189,4,4,8,65,2,67,71,76,147,1,0,1,8,1,9,898,752,1650,2020-05-31T22:00:00Z
19,98,Dubrovnik,10086,10419,20505,770,397,1167,30,13,43,541,78,619,596,684,1280,0,0,0,50,64,114,12073,11655,23728,2020-05-31T22:00:00Z
20,123,Goričan,315,144,459,8,3,11,9,2,11,0,1,1,30,18,48,0,0,0,0,0,0,362,168,530,2020-05-31T22:00:00Z
20,15,Belica,179,186,365,24,14,38,63,46,109,1,0,1,29,34,63,0,0,0,0,2,2,296,282,578,2020-05-31T22:00:00Z
20,206,Kotoriba,460,230,690,11,4,15,7,0,7,0,5,5,17,18,35,0,0,0,0,0,0,495,257,752,2020-05-31T22:00:00Z
20,250,Mala Subotica,485,964,1449,29,17,46,34,18,52,2,4,6,42,27,69,0,0,0,1,5,6,593,1035,1628,2020-05-31T22:00:00Z
20,276,Mursko Središće,749,716,1465,40,22,62,18,7,25,3,7,10,61,55,116,0,0,0,1,2,3,872,809,1681,2020-05-31T22:00:00Z
20,279,Nedelišće,1323,716,2039,89,37,126,43,19,62,1,7,8,151,64,215,0,0,0,1,7,8,1608,850,2458,2020-05-31T22:00:00Z
20,342,Podturen,179,86,265,20,6,26,18,16,34,1,3,4,48,37,85,0,0,0,0,1,1,266,149,415,2020-05-31T22:00:00Z
20,355,Prelog,2208,1591,3799,64,17,81,48,32,80,8,9,17,71,53,124,0,0,0,5,3,8,2404,1705,4109,2020-05-31T22:00:00Z
20,385,Selnica,132,114,246,6,7,13,8,6,14,1,2,3,12,17,29,0,0,0,0,1,1,159,147,306,2020-05-31T22:00:00Z
20,440,Sveti Juraj Na Bregu,272,136,408,25,13,38,15,7,22,2,3,5,46,63,109,0,0,0,0,1,1,360,223,583,2020-05-31T22:00:00Z
20,441,Sveti Martin Na Muri,576,315,891,9,9,18,13,7,20,0,3,3,28,36,64,0,0,0,1,1,2,627,371,998,2020-05-31T22:00:00Z
20,452,Štrigova,260,191,451,27,9,36,44,25,69,2,2,4,60,62,122,0,0,0,0,0,0,393,289,682,2020-05-31T22:00:00Z
20,504,Vratišinec,143,92,235,6,3,9,12,3,15,2,2,4,8,5,13,0,0,0,1,0,1,172,105,277,2020-05-31T22:00:00Z
20,60,Čakovec,9575,9179,18754,257,118,375,66,28,94,37,65,102,276,382,658,0,0,0,8,7,15,10219,9779,19998,2020-05-31T22:00:00Z
20,603,Dekanovec,77,71,148,5,2,7,8,6,14,0,0,0,5,2,7,0,0,0,0,1,1,95,82,177,2020-05-31T22:00:00Z
20,604,Gornji Mihaljevec,126,51,177,9,2,11,23,7,30,2,1,3,21,12,33,0,0,0,1,0,1,182,73,255,2020-05-31T22:00:00Z
20,605,Orehovica,79,118,197,14,2,16,29,16,45,1,3,4,49,19,68,0,0,0,0,2,2,172,160,332,2020-05-31T22:00:00Z
20,606,Strahoninec,240,122,362,13,4,17,3,1,4,0,0,0,39,11,50,0,0,0,0,2,2,295,140,435,2020-05-31T22:00:00Z
20,607,Sveta Marija,78,64,142,14,6,20,5,0,5,1,0,1,28,6,34,0,0,0,1,1,2,127,77,204,2020-05-31T22:00:00Z
20,608,Šenkovec,529,241,770,15,12,27,3,1,4,0,1,1,28,26,54,0,0,0,1,4,5,576,285,861,2020-05-31T22:00:00Z
20,620,Pribislavec,219,92,311,11,5,16,3,1,4,2,2,4,22,9,31,0,0,0,0,0,0,257,109,366,2020-05-31T22:00:00Z
20,75,Domašinec,321,113,434,7,9,16,19,13,32,0,1,1,16,10,26,0,0,0,2,2,4,365,148,513,2020-05-31T22:00:00Z
20,78,Donja Dubrava,180,219,399,15,7,22,7,3,10,0,1,1,12,12,24,0,0,0,0,0,0,214,242,456,2020-05-31T22:00:00Z
20,82,Donji Kraljevec,1265,546,1811,36,10,46,54,16,70,3,6,9,91,134,225,0,0,0,5,8,13,1454,720,2174,2020-05-31T22:00:00Z
20,89,Donji Vidovec,51,77,128,3,1,4,6,0,6,1,2,3,4,14,18,0,0,0,0,0,0,65,94,159,2020-05-31T22:00:00Z
21,133,Zagreb,221635,201855,423490,7867,5091,12958,315,196,511,2248,2115,4363,5657,7269,12926,19,2,21,399,579,978,238140,217107,455247,2020-05-31T22:00:00Z
01,101,Dugo Selo,2806,1915,4721,222,96,318,27,22,49,24,24,48,277,238,515,0,0,0,7,19,26,3363,2314,5677,2020-06-30T22:00:00Z
01,114,Farkaševac,185,243,428,7,4,11,29,14,43,0,2,2,36,14,50,0,0,0,1,0,1,258,277,535,2020-06-30T22:00:00Z
01,135,Gradec,144,123,267,15,3,18,13,7,20,0,2,2,42,19,61,0,0,0,0,0,0,214,154,368,2020-06-30T22:00:00Z
01,158,Ivanić-Grad,3039,1552,4591,87,74,161,51,31,82,6,19,25,151,192,343,0,0,0,9,7,16,3343,1875,5218,2020-06-30T22:00:00Z
01,163,Jakovlje,198,172,370,42,9,51,9,12,21,4,2,6,40,45,85,0,0,0,1,0,1,294,240,534,2020-06-30T22:00:00Z
01,169,Jastrebarsko,2131,1556,3687,219,116,335,63,32,95,17,20,37,252,243,495,0,0,0,11,7,18,2693,1974,4667,2020-06-30T22:00:00Z
01,190,Klinča Selo,191,145,336,36,7,43,4,3,7,0,0,0,70,53,123,0,0,0,0,1,1,301,209,510,2020-06-30T22:00:00Z
01,193,Kloštar Ivanić,383,279,662,25,10,35,21,7,28,1,11,12,57,43,100,0,0,0,2,1,3,489,351,840,2020-06-30T22:00:00Z
01,213,Križ,568,385,953,28,24,52,23,13,36,3,6,9,28,61,89,0,0,0,4,2,6,654,491,1145,2020-06-30T22:00:00Z
01,33,Brckovljani,279,296,575,8,3,11,0,0,0,0,2,2,22,14,36,0,0,0,0,0,0,309,315,624,2020-06-30T22:00:00Z
01,331,Pisarovina,368,274,642,28,16,44,23,20,43,1,4,5,21,33,54,0,0,0,1,3,4,442,350,792,2020-06-30T22:00:00Z
01,34,Brdovec,813,652,1465,94,28,122,13,8,21,4,8,12,83,60,143,0,0,0,2,4,6,1009,760,1769,2020-06-30T22:00:00Z
01,356,Preseka,21,10,31,5,2,7,15,12,27,0,1,1,18,6,24,0,0,0,1,1,2,60,32,92,2020-06-30T22:00:00Z
01,362,Pušča,177,186,363,29,14,43,8,2,10,1,3,4,55,26,81,0,0,0,0,0,0,270,231,501,2020-06-30T22:00:00Z
01,376,Rugvica,1010,401,1411,9,6,15,4,2,6,1,2,3,24,25,49,0,0,0,1,0,1,1049,436,1485,2020-06-30T22:00:00Z
01,380,Samobor,5036,3561,8597,479,283,762,29,24,53,47,70,117,547,499,1046,0,0,0,30,32,62,6168,4469,10637,2020-06-30T22:00:00Z
01,429,Sveti Ivan Zelina,2126,1839,3965,172,69,241,86,65,151,13,18,31,240,208,448,0,0,0,10,4,14,2647,2203,4850,2020-06-30T22:00:00Z
01,436,Sveta Nedjelja,5022,3011,8033,221,83,304,9,4,13,10,12,22,342,176,518,0,0,0,9,7,16,5613,3293,8906,2020-06-30T22:00:00Z
01,508,Vrbovec,2167,1900,4067,153,66,219,76,35,111,7,23,30,270,151,421,0,0,0,10,11,21,2683,2186,4869,2020-06-30T22:00:00Z
01,533,Krašić,255,163,418,29,8,37,18,11,29,4,3,7,27,31,58,0,0,0,1,1,2,334,217,551,2020-06-30T22:00:00Z
01,536,Rakovec,27,17,44,10,2,12,13,10,23,0,1,1,19,11,30,0,0,0,0,0,0,69,41,110,2020-06-30T22:00:00Z
01,539,Marija Gorica,84,95,179,14,4,18,0,0,0,1,1,2,23,25,48,0,0,0,0,0,0,122,125,247,2020-06-30T22:00:00Z
01,540,Žumberak,15,20,35,5,2,7,8,6,14,0,0,0,9,10,19,0,0,0,0,0,0,37,38,75,2020-06-30T22:00:00Z
01,541,Velika Gorica,7528,5860,13388,609,330,939,71,34,105,53,68,121,581,546,1127,0,0,0,28,21,49,8870,6859,15729,2020-06-30T22:00:00Z
01,542,Orle,46,23,69,12,1,13,10,6,16,0,0,0,10,3,13,0,0,0,0,1,1,78,34,112,2020-06-30T22:00:00Z
01,543,Zaprešić,3291,2839,6130,207,135,342,15,10,25,37,44,81,250,242,492,0,0,0,15,13,28,3815,3283,7098,2020-06-30T22:00:00Z
01,544,Pokupsko,40,60,100,7,7,14,15,7,22,1,0,1,6,9,15,0,0,0,0,0,0,69,83,152,2020-06-30T22:00:00Z
01,545,Kravarsko,112,96,208,27,8,35,9,8,17,0,0,0,61,11,72,0,0,0,1,0,1,210,123,333,2020-06-30T22:00:00Z
01,547,Bistra,343,499,842,47,25,72,7,6,13,2,8,10,65,50,115,1,0,1,0,2,2,465,590,1055,2020-06-30T22:00:00Z
01,548,Luka,249,81,330,14,2,16,3,6,9,1,1,2,22,18,40,0,0,0,1,0,1,290,108,398,2020-06-30T22:00:00Z
01,549,Dubravica,69,43,112,15,0,15,14,8,22,0,0,0,17,14,31,0,0,0,0,0,0,115,65,180,2020-06-30T22:00:00Z
01,550,Bedenica,192,142,334,12,5,17,7,7,14,1,1,2,19,12,31,0,0,0,0,0,0,231,167,398,2020-06-30T22:00:00Z
01,551,Stupnik,1216,481,1697,22,14,36,0,4,4,2,2,4,19,21,40,0,0,0,0,1,1,1259,523,1782,2020-06-30T22:00:00Z
01,97,Dubrava,290,301,591,44,21,65,65,40,105,2,12,14,78,68,146,0,0,0,3,10,13,482,452,934,2020-06-30T22:00:00Z
02,108,Đurmanec,99,125,224,56,10,66,0,3,3,3,3,6,104,95,199,0,0,0,1,0,1,263,236,499,2020-06-30T22:00:00Z
02,11,Bedekovčina,506,707,1213,89,39,128,6,9,15,5,9,14,129,116,245,0,0,0,4,3,7,739,883,1622,2020-06-30T22:00:00Z
02,125,Gornja Stubica,185,263,448,46,14,60,9,3,12,1,1,2,64,46,110,0,0,0,0,2,2,305,329,634,2020-06-30T22:00:00Z
02,146,Hraščina,47,34,81,9,2,11,3,4,7,0,1,1,5,6,11,0,0,0,1,0,1,65,47,112,2020-06-30T22:00:00Z
02,152,Hum Na Sutli,1580,563,2143,51,31,82,4,0,4,1,8,9,167,73,240,0,0,0,0,1,1,1803,676,2479,2020-06-30T22:00:00Z
02,187,Klanjec,302,254,556,64,21,85,10,6,16,5,0,5,66,42,108,0,0,0,0,3,3,447,326,773,2020-06-30T22:00:00Z
02,200,Konjščina,393,362,755,32,14,46,2,0,2,2,3,5,28,31,59,0,0,0,2,3,5,459,413,872,2020-06-30T22:00:00Z
02,208,Kraljevec Na Sutli,60,48,108,16,6,22,4,3,7,0,0,0,19,5,24,0,0,0,0,2,2,99,64,163,2020-06-30T22:00:00Z
02,211,Krapina,2653,2710,5363,160,76,236,6,5,11,19,22,41,192,185,377,0,0,0,3,2,5,3033,3000,6033,2020-06-30T22:00:00Z
02,212,Krapinske Toplice,573,1145,1718,65,33,98,4,7,11,0,5,5,114,77,191,0,0,0,0,1,1,756,1268,2024,2020-06-30T22:00:00Z
02,236,Lobor,164,223,387,17,10,27,6,5,11,0,0,0,29,15,44,0,0,0,1,0,1,217,253,470,2020-06-30T22:00:00Z
02,248,Mače,115,52,167,25,7,32,3,3,6,1,0,1,45,35,80,0,0,0,0,0,0,189,97,286,2020-06-30T22:00:00Z
02,256,Marija Bistrica,329,312,641,59,40,99,16,6,22,1,4,5,84,85,169,0,0,0,5,4,9,494,451,945,2020-06-30T22:00:00Z
02,265,Mihovljan,107,89,196,32,4,36,6,0,6,0,0,0,63,13,76,0,0,0,1,2,3,209,108,317,2020-06-30T22:00:00Z
02,311,Oroslavje,862,767,1629,77,32,109,8,1,9,5,6,11,101,70,171,0,0,0,4,4,8,1057,880,1937,2020-06-30T22:00:00Z
02,329,Petrovsko,73,45,118,16,2,18,1,1,2,4,0,4,55,11,66,0,0,0,1,0,1,150,59,209,2020-06-30T22:00:00Z
02,352,Pregrada,769,916,1685,103,30,133,6,3,9,6,6,12,152,105,257,0,0,0,0,1,1,1036,1061,2097,2020-06-30T22:00:00Z
02,364,Radoboj,126,93,219,17,10,27,1,1,2,1,2,3,50,20,70,0,0,0,0,0,0,195,126,321,2020-06-30T22:00:00Z
02,41,Budinščina,157,164,321,14,6,20,8,2,10,1,3,4,18,10,28,0,0,0,1,1,2,199,186,385,2020-06-30T22:00:00Z
02,422,Stubičke Toplice,203,393,596,32,13,45,1,1,2,4,6,10,73,29,102,0,0,0,1,1,2,314,443,757,2020-06-30T22:00:00Z
02,430,Sveti Križ Začretje,613,715,1328,73,21,94,9,5,14,2,3,5,136,93,229,0,0,0,4,1,5,837,838,1675,2020-06-30T22:00:00Z
02,466,Tuhelj,118,211,329,18,11,29,5,1,6,1,3,4,32,32,64,0,0,0,0,0,0,174,258,432,2020-06-30T22:00:00Z
02,481,Veliko Trgovišće,467,290,757,48,14,62,4,3,7,2,5,7,107,58,165,0,0,0,3,1,4,631,371,1002,2020-06-30T22:00:00Z
02,519,Zabok,2776,2638,5414,141,82,223,5,3,8,13,18,31,197,322,519,0,0,0,1,4,5,3133,3067,6200,2020-06-30T22:00:00Z
02,521,Zagorska Sela,13,56,69,9,2,11,6,1,7,0,1,1,14,5,19,0,0,0,0,0,0,42,65,107,2020-06-30T22:00:00Z
02,526,Zlatar,511,624,1135,88,42,130,19,14,33,8,11,19,96,73,169,0,0,0,2,5,7,724,769,1493,2020-06-30T22:00:00Z
02,527,Zlatar Bistrica,381,576,957,28,8,36,3,2,5,4,2,6,70,41,111,0,0,0,2,4,6,488,633,1121,2020-06-30T22:00:00Z
02,552,Jesenje,44,47,91,9,1,10,0,1,1,1,1,2,50,8,58,0,0,0,0,1,1,104,59,163,2020-06-30T22:00:00Z
02,553,Kumrovec,83,95,178,18,5,23,2,0,2,2,1,3,23,17,40,0,0,0,0,0,0,128,118,246,2020-06-30T22:00:00Z
02,554,Novi Golubovec,144,47,191,4,2,6,1,0,1,0,1,1,7,2,9,0,0,0,0,0,0,156,52,208,2020-06-30T22:00:00Z
02,70,Desinić,136,263,399,30,7,37,9,3,12,2,1,3,31,27,58,0,0,0,0,0,0,208,301,509,2020-06-30T22:00:00Z
02,79,Donja Stubica,728,752,1480,96,49,145,4,3,7,6,3,9,105,58,163,0,0,0,2,2,4,941,867,1808,2020-06-30T22:00:00Z
03,102,Dvor,268,126,394,14,4,18,61,18,79,0,5,5,8,7,15,0,0,0,3,1,4,354,161,515,2020-06-30T22:00:00Z
03,121,Glina,1103,639,1742,37,23,60,57,21,78,2,11,13,77,82,159,0,0,0,1,2,3,1277,778,2055,2020-06-30T22:00:00Z
03,149,Hrvatska Dubica,65,79,144,7,2,9,13,3,16,0,0,0,5,5,10,0,0,0,0,0,0,90,89,179,2020-06-30T22:00:00Z
03,150,Hrvatska Kostajnica,294,269,563,15,8,23,11,0,11,1,3,4,5,17,22,0,0,0,2,1,3,328,298,626,2020-06-30T22:00:00Z
03,168,Jasenovac,122,101,223,12,3,15,13,8,21,0,0,0,11,7,18,0,0,0,0,0,0,158,119,277,2020-06-30T22:00:00Z
03,220,Kutina,3386,2817,6203,157,101,258,41,22,63,31,23,54,197,253,450,1,0,1,13,7,20,3826,3223,7049,2020-06-30T22:00:00Z
03,228,Lekenik,291,224,515,37,10,47,8,11,19,1,5,6,35,29,64,0,0,0,0,2,2,372,281,653,2020-06-30T22:00:00Z
03,232,Lipovljani,297,267,564,26,12,38,10,4,14,3,0,3,33,38,71,0,0,0,0,1,1,369,322,691,2020-06-30T22:00:00Z
03,259,Martinska Ves,145,61,206,8,2,10,29,18,47,1,0,1,36,14,50,0,0,0,0,0,0,219,95,314,2020-06-30T22:00:00Z
03,293,Novska,1264,883,2147,154,86,240,28,14,42,7,18,25,244,243,487,0,0,0,2,5,7,1699,1249,2948,2020-06-30T22:00:00Z
03,328,Petrinja,1487,1554,3041,187,78,265,65,23,88,6,26,32,263,260,523,0,0,0,7,7,14,2015,1948,3963,2020-06-30T22:00:00Z
03,347,Popovača,939,941,1880,82,40,122,47,17,64,7,10,17,90,126,216,0,0,0,7,4,11,1172,1138,2310,2020-06-30T22:00:00Z
03,391,Sisak,6793,7922,14715,352,208,560,100,69,169,46,86,132,575,593,1168,0,0,0,18,21,39,7884,8899,16783,2020-06-30T22:00:00Z
03,426,Sunja,179,143,322,24,8,32,41,35,76,1,4,5,23,26,49,0,0,0,2,0,2,270,216,486,2020-06-30T22:00:00Z
03,457,Topusko,248,315,563,19,6,25,4,2,6,3,0,3,33,29,62,0,0,0,0,0,0,307,352,659,2020-06-30T22:00:00Z
03,477,Velika Ludina,105,121,226,11,8,19,12,4,16,0,0,0,29,29,58,0,0,0,0,0,0,157,162,319,2020-06-30T22:00:00Z
03,510,Gvozd,99,103,202,5,3,8,18,3,21,0,0,0,14,13,27,0,0,0,2,0,2,138,122,260,2020-06-30T22:00:00Z
03,555,Majur,99,48,147,0,1,1,5,1,6,0,0,0,2,0,2,0,0,0,1,0,1,107,50,157,2020-06-30T22:00:00Z
03,83,Donji Kukuruzari,49,64,113,4,0,4,5,3,8,0,0,0,1,3,4,0,0,0,1,0,1,60,70,130,2020-06-30T22:00:00Z
04,120,Generalski Stol,28,66,94,20,6,26,1,0,1,0,1,1,22,15,37,0,0,0,0,0,0,71,88,159,2020-06-30T22:00:00Z
04,172,Josipdol,217,173,390,28,17,45,3,9,12,2,1,3,46,55,101,0,0,0,0,1,1,296,256,552,2020-06-30T22:00:00Z
04,179,Karlovac,10320,8500,18820,406,273,679,74,54,128,73,100,173,601,816,1417,0,0,0,12,23,35,11486,9766,21252,2020-06-30T22:00:00Z
04,216,Krnjak,65,65,130,3,2,5,6,3,9,0,0,0,9,3,12,0,0,0,0,0,0,83,73,156,2020-06-30T22:00:00Z
04,225,Lasinja,27,49,76,5,2,7,1,5,6,2,0,2,8,6,14,0,0,0,0,0,0,43,62,105,2020-06-30T22:00:00Z
04,281,Netretić,66,85,151,14,3,17,4,1,5,1,1,2,40,32,72,0,0,0,0,0,0,125,122,247,2020-06-30T22:00:00Z
04,297,Ogulin,1766,1652,3418,145,83,228,31,15,46,9,29,38,147,180,327,0,0,0,6,7,13,2104,1966,4070,2020-06-30T22:00:00Z
04,30,Bosiljevo,101,98,199,5,0,5,0,0,0,1,0,1,26,23,49,0,0,0,0,0,0,133,121,254,2020-06-30T22:00:00Z
04,315,Ozalj,781,578,1359,86,30,116,18,16,34,6,10,16,128,116,244,0,0,0,4,4,8,1023,754,1777,2020-06-30T22:00:00Z
04,333,Plaški,88,85,173,9,4,13,10,2,12,1,0,1,28,24,52,0,0,0,0,0,0,136,115,251,2020-06-30T22:00:00Z
04,365,Rakovica,147,122,269,5,11,16,3,4,7,0,1,1,73,64,137,0,0,0,1,0,1,229,202,431,2020-06-30T22:00:00Z
04,378,Saborsko,13,12,25,2,1,3,1,0,1,0,0,0,6,2,8,0,0,0,0,0,0,22,15,37,2020-06-30T22:00:00Z
04,400,Slunj,344,399,743,43,17,60,23,14,37,2,9,11,126,100,226,0,0,0,2,11,13,540,550,1090,2020-06-30T22:00:00Z
04,49,Cetingrad,55,47,102,7,1,8,3,4,7,0,0,0,7,11,18,0,0,0,0,0,0,72,63,135,2020-06-30T22:00:00Z
04,503,Vojnić,379,228,607,20,11,31,40,9,49,2,0,2,27,30,57,0,0,0,2,4,6,470,282,752,2020-06-30T22:00:00Z
04,530,Žakanje,140,86,226,24,11,35,9,1,10,0,0,0,25,38,63,0,0,0,0,1,1,198,137,335,2020-06-30T22:00:00Z
04,556,Ribnik,6,3,9,8,3,11,1,3,4,0,0,0,6,12,18,0,0,0,0,0,0,21,21,42,2020-06-30T22:00:00Z
04,557,Tounj,100,23,123,4,0,4,0,0,0,0,0,0,3,8,11,0,0,0,0,0,0,107,31,138,2020-06-30T22:00:00Z
04,623,Kamanje,160,88,248,3,3,6,0,0,0,0,0,0,2,16,18,0,0,0,0,0,0,165,107,272,2020-06-30T22:00:00Z
04,7,Barilovići,274,141,415,20,9,29,7,2,9,0,1,1,119,31,150,0,0,0,0,0,0,420,184,604,2020-06-30T22:00:00Z
04,90,Draganić,114,101,215,14,4,18,7,3,10,1,2,3,24,30,54,0,0,0,0,0,0,160,140,300,2020-06-30T22:00:00Z
04,99,Duga Resa,1022,971,1993,139,62,201,19,11,30,5,15,20,208,206,414,0,0,0,3,4,7,1396,1269,2665,2020-06-30T22:00:00Z
05,12,Bednja,207,122,329,23,10,33,3,8,11,2,1,3,18,24,42,0,0,0,0,1,1,253,166,419,2020-06-30T22:00:00Z
05,129,Gornji Kneginec,479,1261,1740,47,21,68,11,4,15,0,8,8,97,62,159,0,0,0,7,6,13,641,1362,2003,2020-06-30T22:00:00Z
05,151,Breznički Hum,193,145,338,15,5,20,9,8,17,0,2,2,20,18,38,0,0,0,3,4,7,240,182,422,2020-06-30T22:00:00Z
05,156,Ivanec,1871,1708,3579,148,64,212,13,12,25,13,17,30,287,276,563,0,0,0,7,12,19,2339,2089,4428,2020-06-30T22:00:00Z
05,165,Jalžabet,701,933,1634,21,3,24,11,6,17,0,3,3,32,19,51,0,0,0,0,1,1,765,965,1730,2020-06-30T22:00:00Z
05,189,Klenovnik,94,49,143,8,5,13,1,1,2,1,1,2,22,28,50,0,0,0,2,0,2,128,84,212,2020-06-30T22:00:00Z
05,19,Beretinec,67,35,102,19,2,21,3,3,6,0,1,1,18,20,38,0,0,0,1,0,1,108,61,169,2020-06-30T22:00:00Z
05,229,Lepoglava,1176,565,1741,49,28,77,8,5,13,1,6,7,102,82,184,0,0,0,3,5,8,1339,691,2030,2020-06-30T22:00:00Z
05,244,Ludbreg,1777,1433,3210,99,60,159,45,34,79,8,16,24,247,166,413,0,0,0,4,8,12,2180,1717,3897,2020-06-30T22:00:00Z
05,247,Ljubešćica,321,129,450,31,6,37,1,0,1,1,4,5,106,29,135,0,0,0,0,0,0,460,168,628,2020-06-30T22:00:00Z
05,251,Mali Bukovec,35,83,118,14,6,20,29,16,45,0,3,3,101,36,137,0,0,0,0,1,1,179,145,324,2020-06-30T22:00:00Z
05,260,Maruševec,358,255,613,46,22,68,22,25,47,3,4,7,106,47,153,0,0,0,4,3,7,539,356,895,2020-06-30T22:00:00Z
05,289,Novi Marof,1247,1178,2425,153,67,220,18,11,29,8,14,22,269,171,440,0,0,0,6,1,7,1701,1442,3143,2020-06-30T22:00:00Z
05,326,Petrijanec,378,616,994,27,7,34,18,11,29,1,3,4,81,79,160,0,0,0,0,1,1,505,717,1222,2020-06-30T22:00:00Z
05,36,Breznica,157,55,212,16,3,19,6,6,12,1,6,7,19,13,32,0,0,0,0,0,0,199,83,282,2020-06-30T22:00:00Z
05,410,Sračinec,230,237,467,41,10,51,3,2,5,1,6,7,81,54,135,0,0,0,0,2,2,356,311,667,2020-06-30T22:00:00Z
05,437,Sveti Đurđ,84,88,172,28,4,32,28,9,37,3,2,5,35,30,65,0,0,0,1,0,1,179,133,312,2020-06-30T22:00:00Z
05,438,Sveti Ilija,133,156,289,13,8,21,3,1,4,0,4,4,46,26,72,0,0,0,1,0,1,196,195,391,2020-06-30T22:00:00Z
05,462,Trnovec Bartolovečki,1313,1543,2856,64,14,78,17,7,24,2,5,7,208,81,289,0,0,0,2,1,3,1606,1651,3257,2020-06-30T22:00:00Z
05,472,Varaždin,15993,14980,30973,482,314,796,44,22,66,81,127,208,550,643,1193,0,0,0,28,16,44,17178,16102,33280,2020-06-30T22:00:00Z
05,473,Varaždinske Toplice,577,442,1019,46,17,63,9,7,16,2,9,11,198,50,248,0,0,0,2,6,8,834,531,1365,2020-06-30T22:00:00Z
05,48,Cestica,424,334,758,44,22,66,16,19,35,2,4,6,92,77,169,0,0,0,1,3,4,579,459,1038,2020-06-30T22:00:00Z
05,484,Vidovec,210,220,430,52,14,66,69,36,105,1,5,6,119,87,206,0,0,0,0,1,1,451,363,814,2020-06-30T22:00:00Z
05,486,Vinica,256,194,450,23,10,33,6,5,11,1,5,6,28,22,50,0,0,0,0,1,1,314,237,551,2020-06-30T22:00:00Z
05,493,Visoko,96,44,140,16,0,16,6,4,10,0,0,0,26,21,47,0,0,0,1,0,1,145,69,214,2020-06-30T22:00:00Z
05,558,Veliki Bukovec,394,314,708,6,2,8,31,14,45,0,0,0,35,28,63,0,0,0,0,0,0,466,358,824,2020-06-30T22:00:00Z
05,80,Donja Voća,89,49,138,9,1,10,7,9,16,0,1,1,30,19,49,0,0,0,0,0,0,135,79,214,2020-06-30T22:00:00Z
05,85,Donji Martijanec,326,168,494,26,8,34,26,6,32,2,1,3,59,32,91,0,0,0,0,0,0,439,215,654,2020-06-30T22:00:00Z
06,104,Đelekovec,18,37,55,17,6,23,47,13,60,0,3,3,15,9,24,0,0,0,5,1,6,102,69,171,2020-06-30T22:00:00Z
06,107,Đurđevac,1323,1043,2366,71,42,113,86,59,145,12,11,23,86,80,166,0,0,0,11,14,25,1589,1249,2838,2020-06-30T22:00:00Z
06,115,Ferdinandovac,32,94,126,9,2,11,50,35,85,1,1,2,17,4,21,0,0,0,0,0,0,109,136,245,2020-06-30T22:00:00Z
06,122,Gola,152,139,291,10,2,12,94,43,137,0,6,6,7,20,27,0,0,0,1,0,1,264,210,474,2020-06-30T22:00:00Z
06,145,Hlebine,9,27,36,1,0,1,12,6,18,1,1,2,0,11,11,0,0,0,1,0,1,24,45,69,2020-06-30T22:00:00Z
06,194,Kloštar Podravski,172,146,318,21,9,30,45,39,84,0,1,1,34,50,84,0,0,0,2,1,3,274,246,520,2020-06-30T22:00:00Z
06,201,Koprivnica,7123,7390,14513,307,167,474,62,29,91,62,79,141,393,429,822,0,1,1,17,19,36,7964,8114,16078,2020-06-30T22:00:00Z
06,202,Koprivnički Bregi,66,73,139,11,5,16,23,7,30,0,0,0,25,11,36,0,0,0,1,0,1,126,96,222,2020-06-30T22:00:00Z
06,203,Koprivnički Ivanec,59,56,115,22,2,24,21,6,27,0,0,0,31,10,41,0,0,0,1,1,2,134,75,209,2020-06-30T22:00:00Z
06,214,Križevci,3283,3464,6747,145,95,240,251,202,453,13,30,43,226,217,443,0,0,0,8,10,18,3926,4018,7944,2020-06-30T22:00:00Z
06,227,Legrad,56,66,122,12,4,16,22,10,32,0,3,3,23,20,43,0,0,0,0,0,0,113,103,216,2020-06-30T22:00:00Z
06,270,Molve,230,116,346,7,9,16,65,33,98,1,3,4,46,22,68,0,0,0,2,2,4,351,185,536,2020-06-30T22:00:00Z
06,292,Novigrad Podravski,88,120,208,9,2,11,22,12,34,0,2,2,13,16,29,0,0,0,0,1,1,132,153,285,2020-06-30T22:00:00Z
06,324,Peteranec,81,36,117,12,3,15,21,9,30,0,1,1,28,8,36,0,0,0,1,2,3,143,59,202,2020-06-30T22:00:00Z
06,366,Rasinja,48,80,128,17,4,21,59,25,84,1,0,1,29,22,51,0,0,0,3,2,5,157,133,290,2020-06-30T22:00:00Z
06,405,Sokolovac,191,76,267,17,2,19,46,20,66,4,3,7,27,10,37,0,0,0,0,2,2,285,113,398,2020-06-30T22:00:00Z
06,439,Sveti Ivan Žabno,246,185,431,36,20,56,102,65,167,2,3,5,54,51,105,0,0,0,0,1,1,440,325,765,2020-06-30T22:00:00Z
06,442,Sveti Petar Orehovec,120,98,218,29,5,34,157,152,309,0,1,1,37,16,53,0,0,0,1,0,1,344,272,616,2020-06-30T22:00:00Z
06,490,Virje,273,211,484,28,10,38,43,27,70,3,2,5,33,38,71,0,0,0,1,1,2,381,289,670,2020-06-30T22:00:00Z
06,559,Kalinovac,396,88,484,5,2,7,10,2,12,0,0,0,9,9,18,0,0,0,0,1,1,420,102,522,2020-06-30T22:00:00Z
06,560,Kalnik,42,47,89,3,4,7,20,27,47,0,1,1,7,3,10,0,0,0,0,0,0,72,82,154,2020-06-30T22:00:00Z
06,561,Novo Virje,41,37,78,2,0,2,44,27,71,0,0,0,16,6,22,0,0,0,0,0,0,103,70,173,2020-06-30T22:00:00Z
06,616,Podravske Sesvete,100,100,200,1,5,6,22,15,37,2,1,3,8,8,16,0,0,0,0,2,2,133,131,264,2020-06-30T22:00:00Z
06,618,Gornja Reka,78,70,148,4,3,7,9,8,17,0,0,0,6,5,11,0,0,0,0,0,0,97,86,183,2020-06-30T22:00:00Z
06,96,Drnje,94,117,211,9,1,10,19,9,28,0,2,2,8,10,18,0,0,0,0,0,0,130,139,269,2020-06-30T22:00:00Z
07,105,Đulovac,239,72,311,10,7,17,32,14,46,1,5,6,87,24,111,0,0,0,0,0,0,369,122,491,2020-06-30T22:00:00Z
07,119,Garešnica,1038,1048,2086,52,32,84,65,37,102,15,22,37,98,129,227,0,0,0,6,6,12,1274,1274,2548,2020-06-30T22:00:00Z
07,139,Grubišno Polje,571,476,1047,33,22,55,110,44,154,4,8,12,68,75,143,0,0,0,1,3,4,787,628,1415,2020-06-30T22:00:00Z
07,144,Hercegovac,121,160,281,16,3,19,48,15,63,2,2,4,41,38,79,0,0,0,1,1,2,229,219,448,2020-06-30T22:00:00Z
07,161,Ivanska,119,86,205,4,3,7,45,14,59,2,2,4,83,22,105,0,0,0,2,1,3,255,128,383,2020-06-30T22:00:00Z
07,176,Kapela,90,86,176,4,2,6,51,28,79,0,1,1,18,8,26,0,0,0,2,1,3,165,126,291,2020-06-30T22:00:00Z
07,18,Berek,61,55,116,4,1,5,24,19,43,0,0,0,8,6,14,0,0,0,0,1,1,97,82,179,2020-06-30T22:00:00Z
07,199,Končanica,119,60,179,9,3,12,34,18,52,0,2,2,19,13,32,0,0,0,1,2,3,182,98,280,2020-06-30T22:00:00Z
07,24,Bjelovar,6999,6601,13600,304,167,471,208,117,325,62,82,144,417,502,919,1,0,1,18,18,36,8009,7487,15496,2020-06-30T22:00:00Z
07,287,Nova Rača,99,110,209,9,1,10,83,33,116,0,2,2,36,13,49,0,0,0,0,0,0,227,159,386,2020-06-30T22:00:00Z
07,375,Rovišće,191,195,386,25,12,37,59,35,94,1,3,4,21,37,58,0,0,0,1,1,2,298,283,581,2020-06-30T22:00:00Z
07,390,Sirač,257,166,423,13,2,15,9,4,13,2,1,3,21,8,29,0,0,0,1,2,3,303,183,486,2020-06-30T22:00:00Z
07,450,Štefanje,47,52,99,8,2,10,35,14,49,0,2,2,31,17,48,0,0,0,0,0,0,121,87,208,2020-06-30T22:00:00Z
07,478,Velika Pisanica,73,62,135,3,2,5,35,18,53,1,0,1,11,9,20,0,0,0,0,0,0,123,91,214,2020-06-30T22:00:00Z
07,480,Veliki Grđevac,166,118,284,9,4,13,75,34,109,1,2,3,68,24,92,0,0,0,1,0,1,320,182,502,2020-06-30T22:00:00Z
07,483,Veliko Trojstvo,54,73,127,14,4,18,11,13,24,1,0,1,45,18,63,0,0,0,1,0,1,126,108,234,2020-06-30T22:00:00Z
07,562,Severin,98,31,129,2,0,2,16,14,30,0,0,0,10,34,44,0,0,0,0,0,0,126,79,205,2020-06-30T22:00:00Z
07,564,Šandrovac,27,52,79,4,0,4,10,7,17,0,0,0,15,5,20,0,0,0,0,0,0,56,64,120,2020-06-30T22:00:00Z
07,565,Velika Trnovitica,63,57,120,7,1,8,32,22,54,1,0,1,22,9,31,0,0,0,1,1,2,126,90,216,2020-06-30T22:00:00Z
07,566,Zrinski Topolovac,6,26,32,2,1,3,33,21,54,0,1,1,6,0,6,0,0,0,1,0,1,48,49,97,2020-06-30T22:00:00Z
07,63,Čazma,1185,794,1979,52,17,69,63,48,111,7,7,14,92,75,167,0,0,0,5,3,8,1404,944,2348,2020-06-30T22:00:00Z
07,67,Daruvar,1390,1573,2963,92,50,142,47,21,68,15,22,37,138,183,321,0,0,0,3,10,13,1685,1859,3544,2020-06-30T22:00:00Z
07,71,Dežanovac,106,68,174,10,2,12,71,42,113,1,1,2,36,13,49,0,0,0,0,1,1,224,127,351,2020-06-30T22:00:00Z
08,117,Fužine,258,198,456,18,9,27,1,2,3,4,1,5,16,20,36,0,0,0,1,0,1,298,230,528,2020-06-30T22:00:00Z
08,170,Jelenje,281,245,526,94,39,133,6,2,8,38,8,46,65,45,110,0,0,0,3,2,5,487,341,828,2020-06-30T22:00:00Z
08,180,Kastav,1086,802,1888,127,54,181,4,1,5,56,9,65,108,83,191,3,0,3,4,10,14,1388,959,2347,2020-06-30T22:00:00Z
08,186,Klana,382,217,599,21,8,29,1,1,2,2,2,4,14,13,27,0,0,0,1,1,2,421,242,663,2020-06-30T22:00:00Z
08,209,Kraljevica,357,283,640,43,27,70,2,1,3,50,7,57,28,38,66,1,0,1,0,7,7,481,363,844,2020-06-30T22:00:00Z
08,215,Krk,1925,1319,3244,249,103,352,15,7,22,23,13,36,358,261,619,0,0,0,8,6,14,2578,1709,4287,2020-06-30T22:00:00Z
08,237,Lokve,113,101,214,10,4,14,0,0,0,0,2,2,13,11,24,0,0,0,0,0,0,136,118,254,2020-06-30T22:00:00Z
08,242,Lovran,421,598,1019,86,25,111,2,3,5,19,10,29,44,72,116,0,0,0,3,9,12,575,717,1292,2020-06-30T22:00:00Z
08,252,Mali Lošinj,1595,1641,3236,238,87,325,22,8,30,35,16,51,253,282,535,0,0,0,10,6,16,2153,2040,4193,2020-06-30T22:00:00Z
08,253,Malinska-Dubašnica,563,883,1446,138,64,202,9,7,16,8,4,12,197,199,396,0,0,0,8,2,10,923,1159,2082,2020-06-30T22:00:00Z
08,261,Matulji,1425,1019,2444,204,111,315,14,6,20,38,15,53,168,178,346,0,0,0,6,12,18,1855,1341,3196,2020-06-30T22:00:00Z
08,273,Mošćenička Draga,121,108,229,52,15,67,0,1,1,5,2,7,56,38,94,0,0,0,3,2,5,237,166,403,2020-06-30T22:00:00Z
08,275,Mrkopalj,62,38,100,17,2,19,2,0,2,1,0,1,5,7,12,0,0,0,1,0,1,88,47,135,2020-06-30T22:00:00Z
08,290,Novi Vinodolski,577,486,1063,124,74,198,3,2,5,8,9,17,145,126,271,0,0,0,1,3,4,858,700,1558,2020-06-30T22:00:00Z
08,301,Omišalj,698,445,1143,79,26,105,2,0,2,12,6,18,109,62,171,0,0,0,2,1,3,902,540,1442,2020-06-30T22:00:00Z
08,302,Opatija,2262,2711,4973,180,106,286,8,4,12,58,30,88,112,175,287,0,1,1,10,16,26,2630,3043,5673,2020-06-30T22:00:00Z
08,360,Punat,378,233,611,69,29,98,4,0,4,9,1,10,116,70,186,0,0,0,2,1,3,578,334,912,2020-06-30T22:00:00Z
08,363,Rab,1077,1173,2250,343,107,450,13,4,17,19,13,32,393,353,746,0,0,0,3,9,12,1848,1659,3507,2020-06-30T22:00:00Z
08,369,Ravna Gora,264,282,546,31,8,39,1,0,1,3,1,4,34,26,60,0,0,0,1,2,3,334,319,653,2020-06-30T22:00:00Z
08,373,Rijeka,27186,27659,54845,1144,919,2063,25,14,39,1063,374,1437,893,1303,2196,21,0,21,110,134,244,30442,30403,60845,2020-06-30T22:00:00Z
08,38,Brod Moravice,36,46,82,10,0,10,0,0,0,0,1,1,19,7,26,0,0,0,2,0,2,67,54,121,2020-06-30T22:00:00Z
08,393,Skrad,42,48,90,3,2,5,1,1,2,1,1,2,2,7,9,0,0,0,0,0,0,49,59,108,2020-06-30T22:00:00Z
08,4,Bakar,1895,896,2791,59,38,97,2,0,2,64,11,75,67,62,129,0,0,0,7,10,17,2094,1017,3111,2020-06-30T22:00:00Z
08,488,Vinodolska Općina,187,156,343,56,18,74,2,0,2,13,1,14,45,17,62,1,0,1,2,1,3,306,193,499,2020-06-30T22:00:00Z
08,495,Viškovo,1605,1043,2648,186,91,277,4,3,7,65,16,81,161,134,295,0,0,0,10,12,22,2031,1299,3330,2020-06-30T22:00:00Z
08,507,Vrbnik,155,105,260,29,13,42,8,5,13,3,0,3,36,23,59,0,0,0,0,1,1,231,147,378,2020-06-30T22:00:00Z
08,509,Vrbovsko,440,315,755,56,20,76,3,3,6,0,5,5,77,44,121,0,0,0,1,0,1,577,387,964,2020-06-30T22:00:00Z
08,52,Cres,575,516,1091,96,37,133,11,4,15,9,4,13,110,120,230,0,0,0,5,2,7,806,683,1489,2020-06-30T22:00:00Z
08,53,Crikvenica,1376,1813,3189,268,151,419,4,1,5,44,23,67,370,301,671,0,0,0,6,7,13,2068,2296,4364,2020-06-30T22:00:00Z
08,538,Kostrena,399,257,656,29,20,49,2,0,2,59,6,65,19,27,46,2,0,2,3,3,6,513,313,826,2020-06-30T22:00:00Z
08,55,Čabar,359,291,650,51,15,66,1,1,2,6,0,6,150,53,203,0,0,0,0,4,4,567,364,931,2020-06-30T22:00:00Z
08,61,Čavle,647,485,1132,82,47,129,1,2,3,35,9,44,104,84,188,0,0,0,1,4,5,870,631,1501,2020-06-30T22:00:00Z
08,624,Lopar,93,70,163,51,11,62,0,0,0,1,0,1,92,125,217,0,0,0,2,0,2,239,206,445,2020-06-30T22:00:00Z
08,69,Delnice,1129,728,1857,74,42,116,2,2,4,10,16,26,80,102,182,0,0,0,4,6,10,1299,896,2195,2020-06-30T22:00:00Z
08,74,Dobrinj,152,86,238,46,25,71,0,2,2,5,3,8,111,69,180,0,0,0,3,1,4,317,186,503,2020-06-30T22:00:00Z
08,8,Baška,274,301,575,95,45,140,6,2,8,2,4,6,166,146,312,0,0,0,5,2,7,548,500,1048,2020-06-30T22:00:00Z
09,130,Gospić,2236,2223,4459,106,55,161,68,33,101,12,12,24,135,169,304,0,0,0,9,9,18,2566,2501,5067,2020-06-30T22:00:00Z
09,178,Karlobag,101,86,187,12,5,17,6,1,7,3,0,3,11,9,20,0,0,0,0,0,0,133,101,234,2020-06-30T22:00:00Z
09,240,Lovinac,173,65,238,2,0,2,2,1,3,0,0,0,2,4,6,0,0,0,0,0,0,179,70,249,2020-06-30T22:00:00Z
09,288,Novalja,937,788,1725,164,58,222,20,6,26,5,3,8,256,171,427,0,0,0,3,6,9,1385,1032,2417,2020-06-30T22:00:00Z
09,313,Otočac,851,846,1697,91,38,129,44,22,66,9,9,18,107,119,226,0,0,0,5,7,12,1107,1041,2148,2020-06-30T22:00:00Z
09,323,Perušić,391,229,620,22,7,29,27,22,49,0,2,2,16,31,47,0,0,0,1,0,1,457,291,748,2020-06-30T22:00:00Z
09,37,Brinje,337,189,526,25,5,30,7,5,12,0,1,1,19,21,40,0,0,0,3,0,3,391,221,612,2020-06-30T22:00:00Z
09,387,Senj,719,633,1352,123,59,182,6,4,10,17,9,26,142,160,302,1,0,1,6,5,11,1014,870,1884,2020-06-30T22:00:00Z
09,455,Plitvička Jezera,694,678,1372,44,24,68,60,12,72,2,5,7,188,159,347,0,0,0,2,0,2,990,878,1868,2020-06-30T22:00:00Z
09,467,Udbina,122,78,200,10,6,16,33,12,45,0,0,0,10,15,25,0,0,0,3,1,4,178,112,290,2020-06-30T22:00:00Z
09,512,Vrhovine,107,38,145,3,2,5,7,2,9,0,0,0,2,2,4,0,0,0,1,0,1,120,44,164,2020-06-30T22:00:00Z
09,84,Donji Lapac,98,79,177,6,3,9,22,7,29,0,0,0,12,6,18,0,0,0,0,0,0,138,95,233,2020-06-30T22:00:00Z
10,136,Gradina,79,83,162,12,5,17,130,44,174,2,0,2,37,29,66,0,0,0,0,0,0,260,161,421,2020-06-30T22:00:00Z
10,245,Lukač,172,91,263,13,5,18,39,16,55,1,0,1,77,51,128,0,0,0,0,1,1,302,164,466,2020-06-30T22:00:00Z
10,266,Mikleuš,73,46,119,7,1,8,13,6,19,0,0,0,12,10,22,0,0,0,0,0,0,105,63,168,2020-06-30T22:00:00Z
10,283,Nova Bukovica,27,35,62,7,5,12,38,7,45,1,0,1,22,21,43,0,0,0,1,0,1,96,68,164,2020-06-30T22:00:00Z
10,307,Orahovica,932,673,1605,66,38,104,12,2,14,10,12,22,102,101,203,0,0,0,5,3,8,1127,829,1956,2020-06-30T22:00:00Z
10,332,Pitomača,602,589,1191,75,37,112,164,87,251,2,8,10,212,198,410,0,0,0,3,3,6,1058,922,1980,2020-06-30T22:00:00Z
10,395,Slatina,1416,1335,2751,137,67,204,134,48,182,18,23,41,224,256,480,0,0,0,1,10,11,1930,1739,3669,2020-06-30T22:00:00Z
10,407,Sopje,124,44,168,4,2,6,90,26,116,0,0,0,22,21,43,0,0,0,0,0,0,240,93,333,2020-06-30T22:00:00Z
10,424,Suhopolje,214,235,449,25,15,40,101,46,147,0,1,1,51,49,100,0,0,0,3,0,3,394,346,740,2020-06-30T22:00:00Z
10,449,Špišić Bukovica,127,122,249,21,5,26,167,64,231,1,4,5,41,59,100,0,0,0,3,2,5,360,256,616,2020-06-30T22:00:00Z
10,491,Virovitica,3840,3658,7498,169,85,254,84,29,113,34,24,58,405,400,805,0,0,0,14,8,22,4546,4204,8750,2020-06-30T22:00:00Z
10,499,Voćin,135,79,214,7,4,11,28,34,62,0,2,2,11,4,15,0,0,0,0,0,0,181,123,304,2020-06-30T22:00:00Z
10,524,Zdenci,107,79,186,6,4,10,16,9,25,0,4,4,14,12,26,0,0,0,3,1,4,146,109,255,2020-06-30T22:00:00Z
10,54,Crnac,26,34,60,13,3,16,18,8,26,0,3,3,17,14,31,0,0,0,0,0,0,74,62,136,2020-06-30T22:00:00Z
10,56,Čačinci,167,104,271,17,11,28,18,7,25,0,3,3,20,32,52,0,0,0,2,0,2,224,157,381,2020-06-30T22:00:00Z
10,57,Čađavica,92,78,170,12,8,20,66,20,86,0,0,0,46,28,74,0,0,0,0,0,0,216,134,350,2020-06-30T22:00:00Z
11,164,Jakšić,136,102,238,23,3,26,26,7,33,0,2,2,40,18,58,0,0,0,0,0,0,225,132,357,2020-06-30T22:00:00Z
11,177,Kaptol,82,70,152,15,2,17,24,3,27,1,1,2,38,8,46,0,0,0,0,1,1,160,85,245,2020-06-30T22:00:00Z
11,221,Kutjevo,606,372,978,51,16,67,60,26,86,2,6,8,76,72,148,0,0,0,3,5,8,798,497,1295,2020-06-30T22:00:00Z
11,231,Lipik,724,551,1275,26,15,41,22,11,33,1,13,14,54,49,103,0,0,0,4,0,4,831,639,1470,2020-06-30T22:00:00Z
11,318,Pakrac,597,1042,1639,85,29,114,50,17,67,12,17,29,171,90,261,0,0,0,4,5,9,919,1200,2119,2020-06-30T22:00:00Z
11,334,Pleternica,540,397,937,75,25,100,50,17,67,3,6,9,164,121,285,0,0,0,3,5,8,835,571,1406,2020-06-30T22:00:00Z
11,35,Brestovac,127,118,245,12,3,15,16,4,20,1,1,2,29,10,39,0,0,0,0,1,1,185,137,322,2020-06-30T22:00:00Z
11,351,Požega,5065,4311,9376,294,147,441,101,31,132,42,119,161,392,372,764,0,1,1,15,28,43,5909,5009,10918,2020-06-30T22:00:00Z
11,475,Velika,258,243,501,18,9,27,26,4,30,2,3,5,40,36,76,0,0,0,1,0,1,345,295,640,2020-06-30T22:00:00Z
11,58,Čaglin,93,122,215,9,2,11,22,5,27,0,2,2,13,13,26,0,0,0,0,0,0,137,144,281,2020-06-30T22:00:00Z
12,10,Bebrina,22,40,62,8,7,15,13,7,20,1,0,1,10,7,17,0,0,0,0,0,0,54,61,115,2020-06-30T22:00:00Z
12,118,Garčin,118,143,261,27,7,34,27,14,41,0,0,0,19,21,40,0,0,0,0,1,1,191,186,377,2020-06-30T22:00:00Z
12,127,Gornji Bogićevci,43,18,61,8,2,10,9,2,11,0,0,0,21,32,53,0,0,0,0,0,0,81,54,135,2020-06-30T22:00:00Z
12,140,Gundinci,58,43,101,11,3,14,54,22,76,1,0,1,16,7,23,0,0,0,1,0,1,141,75,216,2020-06-30T22:00:00Z
12,185,Klakar,79,52,131,17,4,21,22,4,26,0,0,0,12,13,25,0,0,0,1,0,1,131,73,204,2020-06-30T22:00:00Z
12,284,Nova Gradiška,1943,1904,3847,139,92,231,23,16,39,23,21,44,257,301,558,0,0,0,5,4,9,2390,2338,4728,2020-06-30T22:00:00Z
12,285,Nova Kapela,138,168,306,18,14,32,24,9,33,2,3,5,52,50,102,0,0,0,1,2,3,235,246,481,2020-06-30T22:00:00Z
12,299,Okučani,194,134,328,21,5,26,9,1,10,0,1,1,44,30,74,0,0,0,1,2,3,269,173,442,2020-06-30T22:00:00Z
12,303,Oprisavci,202,136,338,11,0,11,34,9,43,1,0,1,7,17,24,0,0,0,0,2,2,255,164,419,2020-06-30T22:00:00Z
12,309,Oriovac,281,259,540,31,19,50,20,12,32,2,2,4,61,58,119,0,0,0,1,1,2,396,351,747,2020-06-30T22:00:00Z
12,338,Podcrkavlje,44,21,65,15,0,15,8,4,12,0,1,1,17,6,23,0,0,0,0,1,1,84,33,117,2020-06-30T22:00:00Z
12,372,Rešetari,203,208,411,35,8,43,19,8,27,4,1,5,91,36,127,0,0,0,2,2,4,354,263,617,2020-06-30T22:00:00Z
12,388,Sibinj,106,126,232,49,14,63,14,1,15,0,1,1,55,38,93,0,0,0,4,2,6,228,182,410,2020-06-30T22:00:00Z
12,39,Brodski Stupnik,74,46,120,17,8,25,4,3,7,1,1,2,74,35,109,0,0,0,1,0,1,171,93,264,2020-06-30T22:00:00Z
12,396,Slavonski Brod,13083,8950,22033,574,310,884,40,32,72,77,90,167,941,980,1921,1,0,1,16,21,37,14732,10383,25115,2020-06-30T22:00:00Z
12,397,Slavonski Šamac,67,39,106,8,4,12,14,6,20,0,1,1,10,3,13,0,0,0,0,0,0,99,53,152,2020-06-30T22:00:00Z
12,412,Stara Gradiška,139,71,210,4,1,5,8,2,10,0,0,0,21,6,27,0,0,0,0,0,0,172,80,252,2020-06-30T22:00:00Z
12,418,Staro Petrovo Selo,176,107,283,26,8,34,41,18,59,1,2,3,101,43,144,0,0,0,0,0,0,345,178,523,2020-06-30T22:00:00Z
12,46,Cernik,158,182,340,20,10,30,8,4,12,3,2,5,57,28,85,0,0,0,0,2,2,246,228,474,2020-06-30T22:00:00Z
12,476,Velika Kopanica,215,115,330,22,8,30,26,16,42,1,1,2,29,24,53,0,0,0,1,2,3,294,166,460,2020-06-30T22:00:00Z
12,506,Vrbje,33,17,50,8,0,8,19,1,20,0,0,0,29,18,47,0,0,0,0,1,1,89,37,126,2020-06-30T22:00:00Z
12,514,Vrpolje,168,102,270,24,6,30,42,15,57,0,2,2,14,13,27,0,0,0,1,0,1,249,138,387,2020-06-30T22:00:00Z
12,567,Bukovlje,62,45,107,12,6,18,0,0,0,1,0,1,9,19,28,0,0,0,0,0,0,84,70,154,2020-06-30T22:00:00Z
12,568,Dragalić,33,34,67,7,0,7,6,3,9,0,0,0,3,6,9,0,0,0,0,1,1,49,44,93,2020-06-30T22:00:00Z
12,569,Gornja Vrba,275,389,664,10,3,13,1,0,1,0,1,1,14,17,31,0,0,0,0,0,0,300,410,710,2020-06-30T22:00:00Z
12,570,Sikirevci,42,40,82,15,3,18,36,14,50,0,0,0,12,5,17,0,0,0,2,1,3,107,63,170,2020-06-30T22:00:00Z
12,68,Davor,99,65,164,12,6,18,12,4,16,0,0,0,13,18,31,0,0,0,2,0,2,138,93,231,2020-06-30T22:00:00Z
12,81,Donji Andrijevci,123,101,224,19,10,29,19,3,22,1,1,2,26,21,47,0,0,0,0,3,3,188,139,327,2020-06-30T22:00:00Z
13,131,Gračac,250,295,545,24,15,39,55,18,73,2,1,3,30,42,72,0,0,0,1,0,1,362,371,733,2020-06-30T22:00:00Z
13,167,Jasenice,134,62,196,13,2,15,4,3,7,1,0,1,19,10,29,0,0,0,0,0,0,171,77,248,2020-06-30T22:00:00Z
13,17,Benkovac,1085,887,1972,87,37,124,76,47,123,11,14,25,192,128,320,0,0,0,9,8,17,1460,1121,2581,2020-06-30T22:00:00Z
13,173,Kali,297,102,399,26,14,40,3,1,4,11,0,11,61,33,94,0,0,0,1,1,2,399,151,550,2020-06-30T22:00:00Z
13,20,Bibinje,174,176,350,52,25,77,4,0,4,2,2,4,78,70,148,0,0,0,2,1,3,312,274,586,2020-06-30T22:00:00Z
13,22,Biograd Na Moru,1139,1457,2596,150,96,246,22,15,37,19,10,29,214,296,510,1,0,1,3,6,9,1548,1880,3428,2020-06-30T22:00:00Z
13,234,Lišane Ostrovičke,31,28,59,8,3,11,1,0,1,0,0,0,4,4,8,0,0,0,0,0,0,44,35,79,2020-06-30T22:00:00Z
13,282,Nin,481,414,895,53,18,71,10,4,14,7,2,9,88,86,174,0,0,0,0,0,0,639,524,1163,2020-06-30T22:00:00Z
13,296,Obrovac,319,204,523,33,19,52,22,4,26,3,5,8,28,52,80,0,0,0,2,2,4,407,286,693,2020-06-30T22:00:00Z
13,316,Pag,548,459,1007,98,36,134,27,10,37,4,7,11,152,114,266,0,0,0,5,3,8,834,629,1463,2020-06-30T22:00:00Z
13,317,Pakoštane,394,336,730,84,32,116,5,8,13,8,2,10,108,105,213,0,0,0,3,0,3,602,483,1085,2020-06-30T22:00:00Z
13,320,Pašman,101,111,212,48,16,64,2,3,5,6,0,6,50,45,95,0,0,0,1,1,2,208,176,384,2020-06-30T22:00:00Z
13,344,Polača,96,52,148,16,4,20,3,1,4,2,0,2,10,15,25,0,0,0,1,1,2,128,73,201,2020-06-30T22:00:00Z
13,345,Poličnik,372,274,646,45,4,49,7,5,12,7,1,8,39,22,61,0,0,0,1,0,1,471,306,777,2020-06-30T22:00:00Z
13,349,Posedarje,128,145,273,33,15,48,6,7,13,5,0,5,38,58,96,0,0,0,1,3,4,211,228,439,2020-06-30T22:00:00Z
13,354,Preko,286,412,698,51,14,65,4,5,9,21,4,25,60,41,101,0,0,0,0,4,4,422,480,902,2020-06-30T22:00:00Z
13,371,Ražanac,95,89,184,29,10,39,6,6,12,14,0,14,36,32,68,0,0,0,2,0,2,182,137,319,2020-06-30T22:00:00Z
13,379,Sali,211,179,390,51,21,72,7,3,10,4,1,5,45,49,94,0,0,0,1,0,1,319,253,572,2020-06-30T22:00:00Z
13,411,Stankovci,227,144,371,25,4,29,4,2,6,1,1,2,31,13,44,0,0,0,1,1,2,289,165,454,2020-06-30T22:00:00Z
13,416,Starigrad,157,195,352,51,33,84,7,2,9,3,0,3,47,79,126,0,0,0,1,2,3,266,311,577,2020-06-30T22:00:00Z
13,425,Sukošan,371,268,639,60,26,86,11,3,14,7,1,8,58,71,129,0,0,0,1,2,3,508,371,879,2020-06-30T22:00:00Z
13,428,Sveti Filip I Jakov,265,366,631,56,25,81,8,3,11,9,1,10,47,53,100,0,0,0,0,0,0,385,448,833,2020-06-30T22:00:00Z
13,445,Škabrnje,66,54,120,24,2,26,3,0,3,4,0,4,14,6,20,0,0,0,2,1,3,113,63,176,2020-06-30T22:00:00Z
13,489,Vir,359,315,674,60,15,75,3,2,5,2,1,3,92,86,178,0,0,0,1,2,3,517,421,938,2020-06-30T22:00:00Z
13,520,Zadar,14783,15875,30658,1057,600,1657,42,27,69,737,226,963,1465,1538,3003,4,0,4,117,67,184,18205,18333,36538,2020-06-30T22:00:00Z
13,525,Zemunik Donji,105,140,245,17,5,22,2,1,3,0,0,0,17,4,21,0,0,0,0,1,1,141,151,292,2020-06-30T22:00:00Z
13,537,Novigrad,69,70,139,25,3,28,4,4,8,3,1,4,29,19,48,0,0,0,1,1,2,131,98,229,2020-06-30T22:00:00Z
13,571,Galovac,30,58,88,13,1,14,5,4,9,4,2,6,9,13,22,0,0,0,0,2,2,61,80,141,2020-06-30T22:00:00Z
13,572,Kukljica,65,44,109,19,1,20,1,1,2,4,1,5,47,21,68,0,0,0,0,1,1,136,69,205,2020-06-30T22:00:00Z
13,573,Povljana,55,46,101,17,6,23,3,0,3,6,0,6,18,22,40,0,0,0,0,1,1,99,75,174,2020-06-30T22:00:00Z
13,574,Privlaka,128,118,246,24,12,36,1,1,2,8,0,8,37,20,57,0,0,0,4,2,6,202,153,355,2020-06-30T22:00:00Z
13,575,Tkon,94,77,171,24,8,32,3,2,5,3,0,3,56,32,88,0,0,0,1,1,2,181,120,301,2020-06-30T22:00:00Z
13,622,Kolan,167,129,296,25,10,35,3,1,4,0,0,0,44,34,78,0,0,0,0,0,0,239,174,413,2020-06-30T22:00:00Z
13,625,Vrsi,100,55,155,15,11,26,5,4,9,17,0,17,22,30,52,0,0,0,4,3,7,163,103,266,2020-06-30T22:00:00Z
14,103,Đakovo,2784,2725,5509,421,195,616,185,84,269,29,38,67,707,580,1287,0,0,0,13,15,28,4139,3637,7776,2020-06-30T22:00:00Z
14,106,Đurđenovac,518,494,1012,39,10,49,26,18,44,0,10,10,80,44,124,0,0,0,5,3,8,668,579,1247,2020-06-30T22:00:00Z
14,110,Erdut,298,198,496,38,13,51,60,15,75,2,5,7,44,35,79,0,0,0,2,1,3,444,267,711,2020-06-30T22:00:00Z
14,111,Ernestinovo,69,177,246,10,2,12,24,9,33,2,1,3,6,21,27,0,0,0,1,0,1,112,210,322,2020-06-30T22:00:00Z
14,116,Feričanci,131,108,239,23,5,28,3,0,3,0,4,4,46,16,62,0,0,0,1,0,1,204,133,337,2020-06-30T22:00:00Z
14,124,Gorjani,120,146,266,16,2,18,18,9,27,0,2,2,12,4,16,0,0,0,0,1,1,166,164,330,2020-06-30T22:00:00Z
14,13,Beli Manastir,990,1093,2083,70,33,103,41,28,69,8,11,19,113,91,204,0,0,0,1,1,2,1223,1257,2480,2020-06-30T22:00:00Z
14,16,Belišće,1519,620,2139,61,29,90,30,7,37,2,7,9,75,103,178,0,0,0,3,0,3,1690,766,2456,2020-06-30T22:00:00Z
14,195,Kneževi Vinogradi,215,236,451,32,7,39,39,7,46,1,2,3,75,63,138,0,0,0,0,0,0,362,315,677,2020-06-30T22:00:00Z
14,2,Antunovac,187,159,346,26,10,36,16,8,24,0,0,0,17,9,26,0,0,0,0,0,0,246,186,432,2020-06-30T22:00:00Z
14,205,Koška,182,153,335,27,5,32,33,10,43,3,2,5,33,23,56,0,0,0,2,0,2,280,193,473,2020-06-30T22:00:00Z
14,21,Bilje,290,267,557,46,20,66,20,13,33,3,6,9,53,43,96,0,0,0,0,1,1,412,350,762,2020-06-30T22:00:00Z
14,23,Bizovac,259,262,521,25,11,36,30,12,42,1,6,7,34,40,74,0,0,0,0,1,1,349,332,681,2020-06-30T22:00:00Z
14,230,Levanjska Varoš,38,19,57,3,2,5,13,9,22,0,0,0,3,2,5,0,0,0,0,1,1,57,33,90,2020-06-30T22:00:00Z
14,257,Marijanci,92,58,150,7,4,11,13,1,14,0,1,1,18,26,44,0,0,0,1,2,3,131,92,223,2020-06-30T22:00:00Z
14,271,Moslavina Podravska,20,30,50,2,2,4,20,9,29,0,0,0,16,9,25,0,0,0,0,0,0,58,50,108,2020-06-30T22:00:00Z
14,278,Našice,2199,1681,3880,158,80,238,48,16,64,15,37,52,255,246,501,0,0,0,8,3,11,2683,2063,4746,2020-06-30T22:00:00Z
14,312,Osijek,23384,21674,45058,809,580,1389,101,40,141,185,205,390,790,1152,1942,1,0,1,36,51,87,25306,23702,49008,2020-06-30T22:00:00Z
14,325,Petlovac,44,39,83,5,4,9,15,0,15,0,0,0,15,7,22,0,0,0,1,0,1,80,50,130,2020-06-30T22:00:00Z
14,327,Petrijevci,289,190,479,17,3,20,12,5,17,0,1,1,14,9,23,0,0,0,1,2,3,333,210,543,2020-06-30T22:00:00Z
14,340,Podgorač,94,102,196,27,8,35,34,7,41,1,2,3,21,31,52,0,0,0,0,1,1,177,151,328,2020-06-30T22:00:00Z
14,346,Popovac,51,51,102,2,2,4,5,7,12,0,0,0,5,9,14,0,0,0,0,0,0,63,69,132,2020-06-30T22:00:00Z
14,361,Punitovci,46,43,89,20,3,23,18,4,22,0,0,0,24,7,31,0,0,0,0,0,0,108,57,165,2020-06-30T22:00:00Z
14,381,Satnica Đakovačka,115,78,193,24,4,28,11,3,14,0,0,0,43,32,75,0,0,0,0,1,1,193,118,311,2020-06-30T22:00:00Z
14,386,Semeljci,246,185,431,47,16,63,54,30,84,1,2,3,83,30,113,0,0,0,2,1,3,433,264,697,2020-06-30T22:00:00Z
14,421,Strizivojna,307,288,595,17,7,24,19,3,22,0,0,0,13,9,22,0,0,0,1,0,1,357,307,664,2020-06-30T22:00:00Z
14,461,Trnava,55,64,119,6,3,9,15,6,21,0,0,0,12,3,15,0,0,0,1,0,1,89,76,165,2020-06-30T22:00:00Z
14,471,Valpovo,855,1000,1855,74,50,124,42,17,59,16,25,41,87,108,195,0,0,0,6,8,14,1080,1208,2288,2020-06-30T22:00:00Z
14,485,Viljevo,40,63,103,10,1,11,28,5,33,0,1,1,16,11,27,0,0,0,1,1,2,95,82,177,2020-06-30T22:00:00Z
14,494,Viškovci,218,196,414,23,3,26,15,6,21,0,0,0,22,2,24,0,0,0,2,0,2,280,207,487,2020-06-30T22:00:00Z
14,517,Vuka,40,45,85,14,2,16,18,5,23,0,1,1,20,10,30,0,0,0,0,0,0,92,63,155,2020-06-30T22:00:00Z
14,576,Donja Motičina,27,27,54,9,2,11,2,1,3,0,1,1,18,6,24,0,0,0,0,0,0,56,37,93,2020-06-30T22:00:00Z
14,578,Magadenovac,106,106,212,5,1,6,28,10,38,1,4,5,18,21,39,0,0,0,0,0,0,158,142,300,2020-06-30T22:00:00Z
14,579,Vladislavci,134,101,235,3,1,4,7,4,11,0,0,0,4,5,9,0,0,0,0,0,0,148,111,259,2020-06-30T22:00:00Z
14,609,Jagodnjak,119,79,198,7,4,11,25,4,29,0,0,0,11,5,16,0,0,0,0,0,0,162,92,254,2020-06-30T22:00:00Z
14,614,Šodolovci,20,29,49,0,0,0,0,0,0,0,0,0,15,4,19,0,0,0,0,0,0,35,33,68,2020-06-30T22:00:00Z
14,64,Čeminac,80,133,213,11,0,11,3,2,5,0,0,0,16,10,26,0,0,0,0,0,0,110,145,255,2020-06-30T22:00:00Z
14,65,Čepin,568,449,1017,86,31,117,53,22,75,6,8,14,97,93,190,0,0,0,4,3,7,814,606,1420,2020-06-30T22:00:00Z
14,66,Darda,1762,840,2602,56,28,84,35,4,39,1,4,5,60,55,115,0,0,0,1,0,1,1915,931,2846,2020-06-30T22:00:00Z
14,86,Donji Miholjac,1181,925,2106,84,49,133,152,42,194,6,19,25,166,122,288,0,0,0,4,1,5,1593,1158,2751,2020-06-30T22:00:00Z
14,91,Draž,88,125,213,10,4,14,18,8,26,0,0,0,11,9,20,0,0,0,0,0,0,127,146,273,2020-06-30T22:00:00Z
14,94,Drenje,91,136,227,28,7,35,55,22,77,0,0,0,11,16,27,0,0,0,0,0,0,185,181,366,2020-06-30T22:00:00Z
15,113,Ervenik,49,57,106,1,0,1,4,2,6,0,0,0,0,1,1,0,0,0,0,0,0,54,60,114,2020-06-30T22:00:00Z
15,183,Kijevo,38,35,73,2,0,2,1,0,1,0,0,0,0,0,0,0,0,0,0,0,0,41,35,76,2020-06-30T22:00:00Z
15,184,Kistanje,64,69,133,29,7,36,0,0,0,2,0,2,37,9,46,0,0,0,0,0,0,132,85,217,2020-06-30T22:00:00Z
15,196,Knin,1558,1318,2876,125,68,193,49,9,58,31,5,36,125,148,273,0,0,0,3,2,5,1891,1550,3441,2020-06-30T22:00:00Z
15,298,Promina,109,80,189,1,1,2,1,2,3,0,0,0,1,1,2,0,0,0,0,0,0,112,84,196,2020-06-30T22:00:00Z
15,310,Biskupija,83,17,100,2,0,2,1,1,2,1,0,1,0,0,0,0,0,0,0,0,0,87,18,105,2020-06-30T22:00:00Z
15,357,Primošten,330,340,670,107,40,147,3,0,3,5,0,5,127,90,217,0,0,0,1,1,2,573,471,1044,2020-06-30T22:00:00Z
15,377,Ružić,29,53,82,3,0,3,6,7,13,0,0,0,2,11,13,0,0,0,0,0,0,40,71,111,2020-06-30T22:00:00Z
15,394,Skradin,134,165,299,51,17,68,17,5,22,3,3,6,40,53,93,0,0,0,0,0,0,245,243,488,2020-06-30T22:00:00Z
15,444,Šibenik,7984,8211,16195,689,383,1072,37,14,51,157,106,263,633,762,1395,2,0,2,19,24,43,9521,9500,19021,2020-06-30T22:00:00Z
15,454,Tisno,317,309,626,121,52,173,5,0,5,8,3,11,108,97,205,0,0,0,0,2,2,559,463,1022,2020-06-30T22:00:00Z
15,469,Unešić,48,55,103,7,1,8,2,1,3,1,0,1,13,5,18,0,0,0,0,0,0,71,62,133,2020-06-30T22:00:00Z
15,500,Vodice,1009,1153,2162,291,125,416,10,6,16,12,7,19,280,245,525,0,0,0,6,6,12,1608,1542,3150,2020-06-30T22:00:00Z
15,51,Civljane,49,10,59,1,0,1,0,0,0,0,0,0,1,3,4,0,0,0,0,0,0,51,13,64,2020-06-30T22:00:00Z
15,581,Pirovac,155,146,301,43,22,65,4,3,7,1,2,3,50,85,135,0,0,0,0,1,1,253,259,512,2020-06-30T22:00:00Z
15,582,Rogoznica,273,254,527,60,24,84,2,1,3,9,2,11,64,75,139,0,0,0,0,0,0,408,356,764,2020-06-30T22:00:00Z
15,617,Murter,330,316,646,83,42,125,5,1,6,13,2,15,125,103,228,0,0,0,0,0,0,556,464,1020,2020-06-30T22:00:00Z
15,621,Bilice,67,40,107,20,7,27,0,0,0,7,0,7,25,16,41,0,0,0,0,0,0,119,63,182,2020-06-30T22:00:00Z
15,626,Tribunj,115,89,204,29,19,48,0,0,0,1,0,1,71,44,115,0,0,0,0,2,2,216,154,370,2020-06-30T22:00:00Z
15,95,Drniš,849,581,1430,67,51,118,40,19,59,7,8,15,81,86,167,0,0,0,0,2,2,1044,747,1791,2020-06-30T22:00:00Z
16,1,Andrijaševci,62,99,161,23,11,34,14,5,19,2,0,2,42,27,69,0,0,0,0,3,3,143,145,288,2020-06-30T22:00:00Z
16,137,Gradište,103,80,183,18,4,22,33,6,39,0,1,1,11,17,28,0,0,0,0,0,0,165,108,273,2020-06-30T22:00:00Z
16,141,Gunja,194,109,303,32,9,41,36,13,49,2,1,3,28,10,38,0,0,0,1,1,2,293,143,436,2020-06-30T22:00:00Z
16,154,Ilok,456,490,946,65,22,87,52,17,69,1,3,4,101,97,198,0,0,0,1,1,2,676,630,1306,2020-06-30T22:00:00Z
16,159,Ivankovo,332,360,692,69,28,97,49,11,60,2,5,7,108,90,198,0,0,0,3,2,5,563,496,1059,2020-06-30T22:00:00Z
16,166,Jarmina,32,52,84,12,7,19,25,9,34,0,2,2,27,15,42,0,0,0,0,4,4,96,89,185,2020-06-30T22:00:00Z
16,239,Lovas,59,58,117,5,0,5,14,0,14,1,0,1,4,6,10,0,0,0,0,1,1,83,65,148,2020-06-30T22:00:00Z
16,26,Bogdanovci,28,19,47,3,0,3,9,4,13,0,0,0,17,3,20,0,0,0,0,0,0,57,26,83,2020-06-30T22:00:00Z
16,29,Borovo,81,84,165,38,14,52,26,4,30,3,4,7,60,65,125,0,0,0,1,1,2,209,172,381,2020-06-30T22:00:00Z
16,294,Nuštar,232,272,504,31,18,49,28,6,34,2,3,5,40,26,66,0,0,0,3,1,4,336,326,662,2020-06-30T22:00:00Z
16,295,Nijemci,167,155,322,21,8,29,86,23,109,1,1,2,49,31,80,0,0,0,2,1,3,326,219,545,2020-06-30T22:00:00Z
16,3,Babina Greda,135,102,237,31,10,41,77,25,102,3,0,3,26,38,64,0,0,0,0,0,0,272,175,447,2020-06-30T22:00:00Z
16,32,Bošnjaci,110,85,195,23,5,28,44,7,51,2,0,2,26,32,58,0,0,0,1,0,1,206,129,335,2020-06-30T22:00:00Z
16,414,Stari Jankovci,132,125,257,20,4,24,41,9,50,1,0,1,32,20,52,0,0,0,2,1,3,228,159,387,2020-06-30T22:00:00Z
16,415,Stari Mikanovci,88,108,196,20,11,31,19,9,28,2,1,3,28,41,69,0,0,0,0,0,0,157,170,327,2020-06-30T22:00:00Z
16,44,Cerna,393,193,586,40,19,59,44,17,61,2,1,3,65,48,113,0,0,0,0,0,0,544,278,822,2020-06-30T22:00:00Z
16,456,Tompojevci,13,33,46,13,4,17,37,11,48,0,1,1,16,15,31,0,0,0,0,0,0,79,64,143,2020-06-30T22:00:00Z
16,458,Tordinci,84,85,169,5,2,7,11,0,11,1,0,1,7,8,15,0,0,0,0,0,0,108,95,203,2020-06-30T22:00:00Z
16,459,Tovarnik,151,131,282,17,4,21,42,18,60,1,1,2,13,18,31,0,0,0,0,1,1,224,173,397,2020-06-30T22:00:00Z
16,464,Trpinja,105,176,281,20,6,26,82,11,93,3,0,3,36,29,65,0,0,0,0,0,0,246,222,468,2020-06-30T22:00:00Z
16,487,Vinkovci,8023,6081,14104,279,182,461,34,17,51,57,52,109,477,662,1139,1,0,1,14,6,20,8885,7000,15885,2020-06-30T22:00:00Z
16,505,Vrbanja,230,106,336,31,12,43,75,13,88,2,0,2,21,21,42,0,0,0,0,1,1,359,153,512,2020-06-30T22:00:00Z
16,518,Vukovar,4202,4369,8571,261,138,399,64,28,92,30,42,72,380,373,753,0,0,0,5,5,10,4942,4955,9897,2020-06-30T22:00:00Z
16,534,Županja,2046,1444,3490,129,54,183,38,13,51,23,25,48,188,205,393,1,0,1,7,5,12,2432,1746,4178,2020-06-30T22:00:00Z
16,535,Otok (Vinkovci),363,251,614,36,19,55,59,15,74,9,1,10,65,53,118,0,0,0,0,2,2,532,341,873,2020-06-30T22:00:00Z
16,583,Privlaka,97,67,164,16,5,21,20,8,28,0,2,2,22,20,42,0,0,0,1,2,3,156,104,260,2020-06-30T22:00:00Z
16,584,Vođinci,39,143,182,15,2,17,6,3,9,0,1,1,9,12,21,0,0,0,0,0,0,69,161,230,2020-06-30T22:00:00Z
16,610,Markušica,40,38,78,9,3,12,45,16,61,0,1,1,13,15,28,0,0,0,2,1,3,109,74,183,2020-06-30T22:00:00Z
16,612,Negoslavci,13,6,19,2,0,2,13,3,16,1,0,1,14,14,28,0,0,0,0,0,0,43,23,66,2020-06-30T22:00:00Z
16,628,Štitar,103,41,144,6,0,6,13,3,16,0,1,1,8,8,16,0,0,0,0,0,0,130,53,183,2020-06-30T22:00:00Z
16,92,Drenovci,112,125,237,37,7,44,104,36,140,1,0,1,40,34,74,0,0,0,0,1,1,294,203,497,2020-06-30T22:00:00Z
17,100,Dugi Rat,592,581,1173,91,43,134,1,2,3,35,7,42,186,143,329,0,0,0,1,2,3,906,778,1684,2020-06-30T22:00:00Z
17,134,Gradac,223,305,528,83,39,122,5,1,6,2,1,3,87,149,236,0,0,0,0,3,3,400,498,898,2020-06-30T22:00:00Z
17,148,Hrvace,229,197,426,34,16,50,4,6,10,1,3,4,45,41,86,0,0,0,0,2,2,313,265,578,2020-06-30T22:00:00Z
17,153,Hvar,781,751,1532,228,103,331,13,11,24,15,8,23,305,252,557,1,0,1,3,9,12,1346,1134,2480,2020-06-30T22:00:00Z
17,155,Imotski,1224,1187,2411,132,84,216,11,8,19,33,14,47,130,235,365,0,0,0,11,12,23,1541,1540,3081,2020-06-30T22:00:00Z
17,171,Jelsa,385,335,720,120,39,159,30,10,40,12,0,12,172,103,275,0,0,0,4,5,9,723,492,1215,2020-06-30T22:00:00Z
17,181,Kaštela,3323,3532,6855,461,215,676,23,12,35,133,39,172,518,556,1074,0,0,0,34,25,59,4492,4379,8871,2020-06-30T22:00:00Z
17,192,Klis,223,165,388,36,9,45,6,3,9,15,1,16,37,24,61,0,0,0,0,2,2,317,204,521,2020-06-30T22:00:00Z
17,197,Komiža,190,161,351,64,21,85,4,0,4,3,2,5,50,58,108,0,0,0,2,2,4,313,244,557,2020-06-30T22:00:00Z
17,243,Lovreć,133,95,228,15,9,24,4,0,4,2,1,3,16,10,26,0,0,0,2,1,3,172,116,288,2020-06-30T22:00:00Z
17,249,Makarska,2540,2532,5072,330,204,534,3,2,5,50,29,79,525,546,1071,0,0,0,6,6,12,3454,3319,6773,2020-06-30T22:00:00Z
17,258,Marina,188,232,420,60,28,88,5,4,9,16,1,17,46,88,134,1,0,1,3,1,4,319,354,673,2020-06-30T22:00:00Z
17,267,Milna,112,96,208,22,10,32,3,1,4,5,0,5,39,44,83,0,0,0,5,1,6,186,152,338,2020-06-30T22:00:00Z
17,27,Bol,435,508,943,75,32,107,5,2,7,3,2,5,113,63,176,0,0,0,2,2,4,633,609,1242,2020-06-30T22:00:00Z
17,280,Nerežišća,141,49,190,16,3,19,6,2,8,1,0,1,30,15,45,0,0,0,1,0,1,195,69,264,2020-06-30T22:00:00Z
17,300,Omiš,1459,1689,3148,262,120,382,12,5,17,39,17,56,411,405,816,0,0,0,3,5,8,2186,2241,4427,2020-06-30T22:00:00Z
17,314,Otok,252,192,444,44,18,62,10,1,11,3,0,3,65,54,119,0,0,0,0,0,0,374,265,639,2020-06-30T22:00:00Z
17,337,Podbablje,261,170,431,30,3,33,6,0,6,2,1,3,21,30,51,0,0,0,1,5,6,321,209,530,2020-06-30T22:00:00Z
17,339,Podgora,306,273,579,100,37,137,1,1,2,2,0,2,124,90,214,0,0,0,3,2,5,536,403,939,2020-06-30T22:00:00Z
17,341,Podstrana,787,660,1447,61,17,78,16,4,20,34,4,38,53,80,133,1,0,1,3,3,6,955,768,1723,2020-06-30T22:00:00Z
17,350,Postira,265,226,491,42,18,60,11,3,14,1,3,4,21,17,38,0,0,0,3,1,4,343,268,611,2020-06-30T22:00:00Z
17,358,Pučišća,238,123,361,49,10,59,6,5,11,7,0,7,42,25,67,0,0,0,2,0,2,344,163,507,2020-06-30T22:00:00Z
17,382,Seget,477,475,952,42,11,53,7,3,10,8,2,10,146,100,246,0,0,0,4,1,5,684,592,1276,2020-06-30T22:00:00Z
17,383,Selca,130,115,245,43,24,67,9,3,12,6,2,8,65,45,110,0,0,0,1,1,2,254,190,444,2020-06-30T22:00:00Z
17,389,Sinj,1828,1855,3683,252,127,379,52,16,68,46,44,90,283,366,649,1,1,2,8,18,26,2470,2427,4897,2020-06-30T22:00:00Z
17,406,Solin,3477,2809,6286,246,132,378,10,8,18,119,31,150,312,289,601,0,0,0,12,12,24,4176,3281,7457,2020-06-30T22:00:00Z
17,409,Split,34843,36841,71684,1511,1078,2589,62,40,102,2112,443,2555,1608,2291,3899,4,0,4,162,162,324,40302,40855,81157,2020-06-30T22:00:00Z
17,413,Stari Grad,344,323,667,65,31,96,18,13,31,7,4,11,58,58,116,0,0,0,2,6,8,494,435,929,2020-06-30T22:00:00Z
17,423,Sućuraj,35,28,63,24,4,28,4,2,6,0,0,0,15,13,28,0,0,0,0,0,0,78,47,125,2020-06-30T22:00:00Z
17,427,Supetar,717,867,1584,129,71,200,14,5,19,24,8,32,150,159,309,0,0,0,6,3,9,1040,1113,2153,2020-06-30T22:00:00Z
17,443,Šestanovac,124,134,258,26,5,31,7,0,7,1,2,3,21,22,43,0,0,0,2,1,3,181,164,345,2020-06-30T22:00:00Z
17,447,Šolta,212,143,355,21,18,39,10,3,13,12,2,14,22,26,48,0,0,0,0,0,0,277,192,469,2020-06-30T22:00:00Z
17,460,Trilj,429,509,938,104,28,132,19,8,27,15,3,18,93,144,237,0,0,0,0,4,4,660,696,1356,2020-06-30T22:00:00Z
17,463,Trogir,2034,1882,3916,347,179,526,10,3,13,79,38,117,423,565,988,0,0,0,11,16,27,2904,2683,5587,2020-06-30T22:00:00Z
17,492,Vis,277,299,576,53,23,76,14,2,16,3,2,5,63,69,132,0,0,0,2,2,4,412,397,809,2020-06-30T22:00:00Z
17,50,Cista Provo,113,129,242,27,1,28,7,1,8,0,0,0,5,13,18,0,0,0,1,2,3,153,146,299,2020-06-30T22:00:00Z
17,511,Vrgorac,893,615,1508,50,23,73,25,17,42,5,6,11,47,88,135,0,0,0,0,3,3,1020,752,1772,2020-06-30T22:00:00Z
17,513,Vrlika,104,221,325,17,3,20,12,4,16,1,0,1,20,4,24,0,0,0,1,0,1,155,232,387,2020-06-30T22:00:00Z
17,522,Zagvozd,146,67,213,17,2,19,2,0,2,1,0,1,9,10,19,0,0,0,0,1,1,175,80,255,2020-06-30T22:00:00Z
17,528,Zmijavci,82,102,184,7,2,9,1,1,2,2,0,2,24,11,35,0,0,0,0,1,1,116,117,233,2020-06-30T22:00:00Z
17,585,Dugopolje,1338,730,2068,29,11,40,5,5,10,15,1,16,65,49,114,0,0,0,0,0,0,1452,796,2248,2020-06-30T22:00:00Z
17,586,Lećevica,11,24,35,5,0,5,0,0,0,0,0,0,1,0,1,0,0,0,0,0,0,17,24,41,2020-06-30T22:00:00Z
17,587,Lokvičići,36,24,60,1,1,2,2,0,2,0,0,0,1,3,4,0,0,0,1,0,1,41,28,69,2020-06-30T22:00:00Z
17,588,Okrug,162,185,347,44,25,69,1,1,2,16,4,20,143,84,227,0,0,0,3,3,6,369,302,671,2020-06-30T22:00:00Z
17,589,Prgomet,39,30,69,8,0,8,2,1,3,0,0,0,2,2,4,0,0,0,0,0,0,51,33,84,2020-06-30T22:00:00Z
17,590,Primorski Dolac,14,43,57,4,1,5,1,1,2,1,1,2,3,3,6,0,0,0,0,0,0,23,49,72,2020-06-30T22:00:00Z
17,591,Runovići,76,78,154,6,3,9,0,1,1,0,2,2,28,35,63,0,0,0,1,0,1,111,119,230,2020-06-30T22:00:00Z
17,592,Sutivan,118,90,208,15,8,23,4,1,5,12,1,13,35,26,61,0,0,0,0,0,0,184,126,310,2020-06-30T22:00:00Z
17,593,Tučepi,293,324,617,58,31,89,0,1,1,3,4,7,137,132,269,0,0,0,1,0,1,492,492,984,2020-06-30T22:00:00Z
17,595,Zadvarje,37,23,60,7,1,8,0,1,1,0,0,0,9,6,15,0,0,0,0,0,0,53,31,84,2020-06-30T22:00:00Z
17,72,Dicmo,417,165,582,33,16,49,3,2,5,4,1,5,37,46,83,0,0,0,0,1,1,494,231,725,2020-06-30T22:00:00Z
17,77,Brela,277,303,580,53,30,83,0,1,1,1,1,2,75,98,173,0,0,0,0,1,1,406,434,840,2020-06-30T22:00:00Z
17,87,Muć,156,194,350,19,4,23,3,3,6,5,4,9,7,14,21,0,0,0,0,1,1,190,220,410,2020-06-30T22:00:00Z
17,88,Proložac,179,177,356,14,4,18,1,3,4,0,0,0,36,19,55,0,0,0,3,1,4,233,204,437,2020-06-30T22:00:00Z
17,9,Baška Voda,276,355,631,108,66,174,2,1,3,6,2,8,138,164,302,0,0,0,1,1,2,531,589,1120,2020-06-30T22:00:00Z
18,132,Gračišće,37,31,68,32,3,35,13,3,16,0,0,0,39,9,48,0,0,0,1,1,2,122,47,169,2020-06-30T22:00:00Z
18,138,Grožnjan,28,24,52,15,4,19,13,4,17,0,0,0,14,13,27,0,0,0,0,2,2,70,47,117,2020-06-30T22:00:00Z
18,175,Kanfanar,425,184,609,22,7,29,5,0,5,2,0,2,28,18,46,0,0,0,2,1,3,484,210,694,2020-06-30T22:00:00Z
18,217,Kršan,277,287,564,45,10,55,7,5,12,4,0,4,100,50,150,0,0,0,3,4,7,436,356,792,2020-06-30T22:00:00Z
18,222,Labin,2578,2296,4874,255,118,373,18,10,28,31,35,66,312,269,581,0,0,0,14,10,24,3208,2738,5946,2020-06-30T22:00:00Z
18,223,Lanišće,14,14,28,4,0,4,2,0,2,0,0,0,9,2,11,0,0,0,0,1,1,29,17,46,2020-06-30T22:00:00Z
18,235,Ližnjan,139,138,277,16,5,21,2,0,2,4,0,4,33,44,77,0,0,0,1,0,1,195,187,382,2020-06-30T22:00:00Z
18,246,Lupoglav,180,94,274,11,5,16,8,3,11,0,1,1,13,13,26,0,0,0,0,0,0,212,116,328,2020-06-30T22:00:00Z
18,254,Marčana,153,149,302,37,15,52,3,2,5,4,1,5,34,30,64,0,0,0,2,1,3,233,198,431,2020-06-30T22:00:00Z
18,263,Medulin,815,723,1538,98,51,149,8,2,10,7,5,12,187,215,402,0,0,0,0,1,1,1115,997,2112,2020-06-30T22:00:00Z
18,274,Motovun,89,97,186,33,13,46,19,5,24,0,0,0,42,37,79,0,0,0,3,2,5,186,154,340,2020-06-30T22:00:00Z
18,291,Novigrad,860,1030,1890,122,56,178,19,6,25,3,8,11,168,153,321,0,0,0,4,6,10,1176,1259,2435,2020-06-30T22:00:00Z
18,304,Oprtalj,64,79,143,10,4,14,13,3,16,0,0,0,14,11,25,0,0,0,4,3,7,105,100,205,2020-06-30T22:00:00Z
18,321,Pazin,2022,1907,3929,287,114,401,47,22,69,14,23,37,319,207,526,0,0,0,5,16,21,2694,2289,4983,2020-06-30T22:00:00Z
18,330,Pićan,351,184,535,27,5,32,3,5,8,0,1,1,56,20,76,0,0,0,2,1,3,439,216,655,2020-06-30T22:00:00Z
18,348,Poreč,5269,5326,10595,621,325,946,45,19,64,58,51,109,679,621,1300,0,0,0,9,13,22,6681,6355,13036,2020-06-30T22:00:00Z
18,359,Pula,13030,12450,25480,1140,582,1722,61,41,102,297,175,472,979,1214,2193,0,0,0,81,46,127,15588,14508,30096,2020-06-30T22:00:00Z
18,368,Raša,257,164,421,26,8,34,0,0,0,2,1,3,49,26,75,0,0,0,0,0,0,334,199,533,2020-06-30T22:00:00Z
18,374,Rovinj,3255,3523,6778,419,253,672,25,11,36,35,35,70,647,593,1240,1,0,1,12,16,28,4394,4431,8825,2020-06-30T22:00:00Z
18,40,Brtonigla,186,113,299,36,15,51,25,8,33,1,1,2,47,50,97,0,0,0,0,2,2,295,189,484,2020-06-30T22:00:00Z
18,42,Buje,772,721,1493,89,44,133,24,13,37,8,11,19,57,67,124,0,0,0,3,8,11,953,864,1817,2020-06-30T22:00:00Z
18,43,Buzet,1516,985,2501,163,62,225,20,17,37,5,4,9,102,103,205,0,0,0,7,5,12,1813,1176,2989,2020-06-30T22:00:00Z
18,431,Sveti Lovreč,40,53,93,18,11,29,3,1,4,0,1,1,34,19,53,0,0,0,0,0,0,95,85,180,2020-06-30T22:00:00Z
18,432,Sveta Nedelja,140,135,275,24,7,31,7,3,10,7,1,8,37,18,55,0,0,0,7,5,12,222,169,391,2020-06-30T22:00:00Z
18,433,Sveti Petar U Šumi,167,110,277,25,4,29,2,4,6,0,0,0,28,5,33,0,0,0,1,1,2,223,124,347,2020-06-30T22:00:00Z
18,435,Svetvinčenat,117,100,217,20,4,24,1,0,1,1,0,1,25,29,54,0,0,0,1,0,1,165,133,298,2020-06-30T22:00:00Z
18,453,Tinjan,197,114,311,38,9,47,4,1,5,1,3,4,51,31,82,0,0,0,1,0,1,292,158,450,2020-06-30T22:00:00Z
18,468,Umag,2693,2374,5067,371,162,533,30,15,45,28,33,61,376,379,755,0,0,0,16,19,35,3514,2982,6496,2020-06-30T22:00:00Z
18,47,Cerovlje,94,45,139,39,2,41,5,4,9,2,0,2,35,17,52,0,0,0,1,2,3,176,70,246,2020-06-30T22:00:00Z
18,497,Višnjan,239,237,476,43,11,54,9,4,13,1,0,1,84,34,118,0,0,0,6,0,6,382,286,668,2020-06-30T22:00:00Z
18,498,Vižinada,56,39,95,23,5,28,17,5,22,1,0,1,31,23,54,0,0,0,0,0,0,128,72,200,2020-06-30T22:00:00Z
18,5,Bale,142,115,257,23,15,38,3,3,6,0,0,0,42,23,65,0,0,0,1,1,2,211,157,368,2020-06-30T22:00:00Z
18,502,Vodnjan,711,566,1277,54,20,74,11,4,15,9,4,13,111,63,174,0,0,0,0,0,0,896,657,1553,2020-06-30T22:00:00Z
18,516,Vrsar,381,414,795,80,43,123,4,1,5,5,1,6,172,157,329,1,0,1,3,0,3,646,616,1262,2020-06-30T22:00:00Z
18,531,Žminj,468,396,864,90,40,130,12,5,17,1,3,4,101,77,178,0,0,0,5,2,7,677,523,1200,2020-06-30T22:00:00Z
18,596,Karojba,91,145,236,33,7,40,2,1,3,0,0,0,52,8,60,0,0,0,1,0,1,179,161,340,2020-06-30T22:00:00Z
18,597,Kaštelir - Labinci,152,70,222,28,13,41,5,2,7,1,0,1,47,14,61,0,0,0,2,3,5,235,102,337,2020-06-30T22:00:00Z
18,6,Barban,217,104,321,40,5,45,8,5,13,0,1,1,21,23,44,0,0,0,4,1,5,290,139,429,2020-06-30T22:00:00Z
18,619,Fažana,321,243,564,33,17,50,0,1,1,4,2,6,82,88,170,0,0,0,0,2,2,440,353,793,2020-06-30T22:00:00Z
18,629,Funtana,184,178,362,23,10,33,1,0,1,0,0,0,75,87,162,0,0,0,1,1,2,284,276,560,2020-06-30T22:00:00Z
18,631,Tar-Vabriga,189,273,462,42,16,58,2,0,2,1,0,1,76,74,150,0,0,0,0,1,1,310,364,674,2020-06-30T22:00:00Z
19,198,Konavle,1253,917,2170,200,70,270,20,10,30,31,9,40,102,124,226,0,0,0,7,3,10,1613,1133,2746,2020-06-30T22:00:00Z
19,204,Korčula,731,893,1624,151,68,219,17,9,26,87,9,96,148,158,306,0,0,0,8,8,16,1142,1145,2287,2020-06-30T22:00:00Z
19,219,Kula Norinska,39,57,96,13,3,16,2,0,2,1,0,1,6,8,14,0,0,0,0,0,0,61,68,129,2020-06-30T22:00:00Z
19,226,Lastovo,80,100,180,24,12,36,1,1,2,4,1,5,23,17,40,0,0,0,3,4,7,135,135,270,2020-06-30T22:00:00Z
19,25,Blato,599,409,1008,65,22,87,19,5,24,7,8,15,166,52,218,0,0,0,6,3,9,862,499,1361,2020-06-30T22:00:00Z
19,264,Metković,1868,1553,3421,179,99,278,32,21,53,40,20,60,344,286,630,0,0,0,5,6,11,2468,1985,4453,2020-06-30T22:00:00Z
19,268,Mljet,192,100,292,32,14,46,5,0,5,5,2,7,27,27,54,0,0,0,2,1,3,263,144,407,2020-06-30T22:00:00Z
19,306,Opuzen,399,330,729,31,15,46,41,20,61,4,1,5,20,39,59,0,0,0,1,1,2,496,406,902,2020-06-30T22:00:00Z
19,308,Orebić,431,412,843,103,45,148,31,8,39,33,6,39,139,154,293,0,0,0,5,11,16,742,636,1378,2020-06-30T22:00:00Z
19,335,Ploče,1380,842,2222,79,44,123,16,3,19,31,9,40,85,145,230,0,0,0,3,3,6,1594,1046,2640,2020-06-30T22:00:00Z
19,343,Pojezerje,26,24,50,5,3,8,6,0,6,0,0,0,1,3,4,0,0,0,0,0,0,38,30,68,2020-06-30T22:00:00Z
19,399,Slivno,392,69,461,14,13,27,16,7,23,0,0,0,15,29,44,0,0,0,0,0,0,437,118,555,2020-06-30T22:00:00Z
19,402,Smokvica,36,64,100,14,2,16,12,6,18,5,0,5,35,11,46,0,0,0,3,2,5,105,85,190,2020-06-30T22:00:00Z
19,419,Ston,418,233,651,51,13,64,18,5,23,4,1,5,48,33,81,0,0,0,0,2,2,539,287,826,2020-06-30T22:00:00Z
19,474,Vela Luka,317,539,856,68,27,95,10,1,11,31,4,35,98,59,157,0,0,0,5,6,11,529,636,1165,2020-06-30T22:00:00Z
19,523,Zažablje,11,5,16,6,0,6,4,2,6,1,0,1,4,2,6,0,0,0,0,0,0,26,9,35,2020-06-30T22:00:00Z
19,598,Dubrovačko Primorje,163,116,279,24,7,31,5,6,11,8,3,11,40,23,63,0,0,0,1,2,3,241,157,398,2020-06-30T22:00:00Z
19,599,Janjina,302,66,368,12,5,17,11,3,14,1,1,2,9,11,20,0,0,0,2,0,2,337,86,423,2020-06-30T22:00:00Z
19,600,Lumbarda,53,63,116,44,16,60,7,1,8,13,1,14,37,32,69,0,0,0,3,2,5,157,115,272,2020-06-30T22:00:00Z
19,601,Trpanj,53,48,101,13,6,19,1,2,3,3,2,5,26,13,39,0,0,0,1,1,2,97,72,169,2020-06-30T22:00:00Z
19,602,Župa Dubrovačka,648,634,1282,123,66,189,4,4,8,53,2,55,81,81,162,1,0,1,7,1,8,917,788,1705,2020-06-30T22:00:00Z
19,98,Dubrovnik,10303,10469,20772,774,404,1178,29,14,43,511,80,591,658,741,1399,0,0,0,51,61,112,12326,11769,24095,2020-06-30T22:00:00Z
20,123,Goričan,315,143,458,7,3,10,9,2,11,0,2,2,13,16,29,0,0,0,0,0,0,344,166,510,2020-06-30T22:00:00Z
20,15,Belica,191,177,368,24,14,38,64,45,109,1,1,2,27,36,63,0,0,0,0,1,1,307,274,581,2020-06-30T22:00:00Z
20,206,Kotoriba,459,236,695,10,4,14,7,0,7,0,5,5,17,17,34,0,0,0,0,0,0,493,262,755,2020-06-30T22:00:00Z
20,250,Mala Subotica,484,951,1435,29,17,46,33,19,52,2,4,6,40,28,68,0,0,0,1,5,6,589,1024,1613,2020-06-30T22:00:00Z
20,276,Mursko Središće,756,718,1474,39,22,61,19,7,26,2,7,9,55,61,116,0,0,0,1,2,3,872,817,1689,2020-06-30T22:00:00Z
20,279,Nedelišće,1306,716,2022,89,36,125,42,19,61,2,7,9,153,69,222,0,0,0,3,7,10,1595,854,2449,2020-06-30T22:00:00Z
20,342,Podturen,179,84,263,20,6,26,18,16,34,1,3,4,52,37,89,0,0,0,0,2,2,270,148,418,2020-06-30T22:00:00Z
20,355,Prelog,2197,1575,3772,63,17,80,48,32,80,8,9,17,71,56,127,0,0,0,6,3,9,2393,1692,4085,2020-06-30T22:00:00Z
20,385,Selnica,133,119,252,6,7,13,8,7,15,1,2,3,13,17,30,0,0,0,0,1,1,161,153,314,2020-06-30T22:00:00Z
20,440,Sveti Juraj Na Bregu,261,133,394,25,13,38,15,7,22,2,2,4,45,62,107,0,0,0,0,1,1,348,218,566,2020-06-30T22:00:00Z
20,441,Sveti Martin Na Muri,552,312,864,9,9,18,13,6,19,0,3,3,29,36,65,0,0,0,1,1,2,604,367,971,2020-06-30T22:00:00Z
20,452,Štrigova,264,190,454,26,9,35,44,25,69,2,2,4,63,61,124,0,0,0,0,0,0,399,287,686,2020-06-30T22:00:00Z
20,504,Vratišinec,151,90,241,6,3,9,12,3,15,2,2,4,9,5,14,0,0,0,1,0,1,181,103,284,2020-06-30T22:00:00Z
20,60,Čakovec,9607,9136,18743,255,119,374,66,28,94,37,65,102,281,386,667,0,0,0,8,8,16,10254,9742,19996,2020-06-30T22:00:00Z
20,603,Dekanovec,75,71,146,5,2,7,8,6,14,0,0,0,5,3,8,0,0,0,0,1,1,93,83,176,2020-06-30T22:00:00Z
20,604,Gornji Mihaljevec,128,54,182,9,2,11,23,7,30,2,1,3,21,12,33,0,0,0,1,0,1,184,76,260,2020-06-30T22:00:00Z
20,605,Orehovica,70,106,176,14,2,16,29,15,44,1,3,4,49,21,70,0,0,0,0,2,2,163,149,312,2020-06-30T22:00:00Z
20,606,Strahoninec,246,118,364,13,4,17,3,1,4,0,0,0,38,11,49,0,0,0,0,2,2,300,136,436,2020-06-30T22:00:00Z
20,607,Sveta Marija,73,63,136,14,6,20,6,0,6,1,0,1,27,7,34,0,0,0,1,1,2,122,77,199,2020-06-30T22:00:00Z
20,608,Šenkovec,521,236,757,15,12,27,3,1,4,0,1,1,28,26,54,0,0,0,1,3,4,568,279,847,2020-06-30T22:00:00Z
20,620,Pribislavec,213,84,297,11,5,16,3,1,4,2,2,4,20,11,31,0,0,0,0,0,0,249,103,352,2020-06-30T22:00:00Z
20,75,Domašinec,321,109,430,7,9,16,19,13,32,0,1,1,18,9,27,0,0,0,2,2,4,367,143,510,2020-06-30T22:00:00Z
20,78,Donja Dubrava,182,221,403,15,7,22,7,3,10,0,1,1,11,12,23,0,0,0,0,0,0,215,244,459,2020-06-30T22:00:00Z
20,82,Donji Kraljevec,1305,551,1856,34,10,44,54,16,70,3,5,8,77,130,207,0,0,0,6,8,14,1479,720,2199,2020-06-30T22:00:00Z
20,89,Donji Vidovec,50,74,124,3,1,4,6,0,6,1,2,3,3,14,17,0,0,0,0,0,0,63,91,154,2020-06-30T22:00:00Z
21,133,Zagreb,221255,201027,422282,7865,5099,12964,310,196,506,2226,2104,4330,5648,7204,12852,19,2,21,398,573,971,237721,216205,453926,2020-06-30T22:00:00Z
01,101,Dugo Selo,2849,1917,4766,220,98,318,27,22,49,24,24,48,276,239,515,0,0,0,7,19,26,3403,2319,5722,2020-07-31T22:00:00Z
01,114,Farkaševac,187,239,426,7,4,11,29,13,42,0,2,2,36,14,50,0,0,0,1,0,1,260,272,532,2020-07-31T22:00:00Z
01,135,Gradec,156,122,278,15,3,18,13,7,20,0,2,2,42,18,60,0,0,0,0,0,0,226,152,378,2020-07-31T22:00:00Z
01,158,Ivanić-Grad,2965,1549,4514,86,73,159,53,31,84,5,19,24,148,189,337,0,0,0,10,8,18,3267,1869,5136,2020-07-31T22:00:00Z
01,163,Jakovlje,202,172,374,42,9,51,8,12,20,4,2,6,40,44,84,0,0,0,0,0,0,296,239,535,2020-07-31T22:00:00Z
01,169,Jastrebarsko,2127,1566,3693,220,114,334,63,32,95,17,19,36,257,237,494,0,0,0,9,7,16,2693,1975,4668,2020-07-31T22:00:00Z
01,190,Klinča Selo,196,145,341,37,7,44,5,3,8,0,0,0,69,53,122,0,0,0,0,1,1,307,209,516,2020-07-31T22:00:00Z
01,193,Kloštar Ivanić,377,284,661,25,10,35,21,7,28,1,11,12,55,45,100,0,0,0,2,1,3,481,358,839,2020-07-31T22:00:00Z
01,213,Križ,571,386,957,28,24,52,23,13,36,4,6,10,28,63,91,0,0,0,2,2,4,656,494,1150,2020-07-31T22:00:00Z
01,33,Brckovljani,276,295,571,8,3,11,0,0,0,0,2,2,21,13,34,0,0,0,0,0,0,305,313,618,2020-07-31T22:00:00Z
01,331,Pisarovina,365,265,630,27,16,43,24,20,44,1,4,5,21,29,50,0,0,0,1,3,4,439,337,776,2020-07-31T22:00:00Z
01,34,Brdovec,814,658,1472,98,29,127,13,9,22,4,8,12,80,60,140,0,0,0,2,4,6,1011,768,1779,2020-07-31T22:00:00Z
01,356,Preseka,21,9,30,5,2,7,14,12,26,0,1,1,18,6,24,0,0,0,1,1,2,59,31,90,2020-07-31T22:00:00Z
01,362,Pušča,171,188,359,29,14,43,8,2,10,1,3,4,55,27,82,0,0,0,0,0,0,264,234,498,2020-07-31T22:00:00Z
01,376,Rugvica,983,400,1383,9,5,14,4,2,6,1,2,3,26,25,51,0,0,0,1,0,1,1024,434,1458,2020-07-31T22:00:00Z
01,380,Samobor,5037,3566,8603,480,284,764,29,24,53,45,71,116,540,506,1046,0,0,0,32,29,61,6163,4480,10643,2020-07-31T22:00:00Z
01,429,Sveti Ivan Zelina,2125,1827,3952,172,68,240,86,64,150,15,19,34,239,210,449,0,0,0,10,4,14,2647,2192,4839,2020-07-31T22:00:00Z
01,436,Sveta Nedjelja,5059,3043,8102,220,84,304,9,5,14,8,13,21,340,176,516,0,0,0,10,8,18,5646,3329,8975,2020-07-31T22:00:00Z
01,508,Vrbovec,2169,1896,4065,152,66,218,76,35,111,7,24,31,265,156,421,0,0,0,10,10,20,2679,2187,4866,2020-07-31T22:00:00Z
01,533,Krašić,253,164,417,30,8,38,18,11,29,4,3,7,26,32,58,0,0,0,1,1,2,332,219,551,2020-07-31T22:00:00Z
01,536,Rakovec,26,16,42,10,2,12,13,11,24,0,1,1,18,11,29,0,0,0,0,0,0,67,41,108,2020-07-31T22:00:00Z
01,539,Marija Gorica,81,88,169,15,4,19,0,0,0,1,1,2,23,25,48,0,0,0,0,0,0,120,118,238,2020-07-31T22:00:00Z
01,540,Žumberak,14,20,34,5,2,7,8,6,14,0,0,0,9,9,18,0,0,0,0,0,0,36,37,73,2020-07-31T22:00:00Z
01,541,Velika Gorica,7506,5870,13376,611,331,942,72,34,106,49,66,115,587,541,1128,0,0,0,31,23,54,8856,6865,15721,2020-07-31T22:00:00Z
01,542,Orle,42,23,65,12,1,13,10,6,16,0,0,0,10,4,14,0,0,0,0,1,1,74,35,109,2020-07-31T22:00:00Z
01,543,Zaprešić,3291,2832,6123,208,135,343,15,10,25,35,44,79,246,238,484,0,0,0,15,15,30,3810,3274,7084,2020-07-31T22:00:00Z
01,544,Pokupsko,41,62,103,7,7,14,15,7,22,1,0,1,7,9,16,0,0,0,0,0,0,71,85,156,2020-07-31T22:00:00Z
01,545,Kravarsko,108,100,208,27,8,35,9,8,17,0,0,0,60,11,71,0,0,0,1,0,1,205,127,332,2020-07-31T22:00:00Z
01,547,Bistra,340,500,840,47,25,72,7,6,13,2,8,10,65,46,111,1,0,1,0,2,2,462,587,1049,2020-07-31T22:00:00Z
01,548,Luka,248,76,324,14,2,16,3,6,9,1,1,2,22,16,38,0,0,0,1,0,1,289,101,390,2020-07-31T22:00:00Z
01,549,Dubravica,68,43,111,14,0,14,14,8,22,0,0,0,17,14,31,0,0,0,0,0,0,113,65,178,2020-07-31T22:00:00Z
01,550,Bedenica,194,140,334,12,5,17,7,7,14,1,1,2,19,12,31,0,0,0,0,0,0,233,165,398,2020-07-31T22:00:00Z
01,551,Stupnik,1221,483,1704,22,14,36,0,4,4,2,2,4,19,20,39,0,0,0,0,1,1,1264,524,1788,2020-07-31T22:00:00Z
01,97,Dubrava,292,303,595,43,21,64,67,40,107,3,12,15,78,67,145,0,0,0,4,8,12,487,451,938,2020-07-31T22:00:00Z
02,108,Đurmanec,101,123,224,57,10,67,0,3,3,3,3,6,103,90,193,0,0,0,1,0,1,265,229,494,2020-07-31T22:00:00Z
02,11,Bedekovčina,503,703,1206,90,40,130,7,10,17,5,9,14,125,112,237,0,0,0,4,3,7,734,877,1611,2020-07-31T22:00:00Z
02,125,Gornja Stubica,187,269,456,47,13,60,10,3,13,1,1,2,64,46,110,0,0,0,0,2,2,309,334,643,2020-07-31T22:00:00Z
02,146,Hraščina,47,32,79,9,2,11,3,4,7,0,1,1,4,7,11,0,0,0,0,0,0,63,46,109,2020-07-31T22:00:00Z
02,152,Hum Na Sutli,1610,564,2174,52,32,84,4,0,4,1,8,9,169,70,239,0,0,0,0,1,1,1836,675,2511,2020-07-31T22:00:00Z
02,187,Klanjec,306,244,550,64,22,86,10,7,17,5,0,5,63,45,108,0,0,0,0,3,3,448,321,769,2020-07-31T22:00:00Z
02,200,Konjščina,387,360,747,32,14,46,2,0,2,2,3,5,27,30,57,0,0,0,3,2,5,453,409,862,2020-07-31T22:00:00Z
02,208,Kraljevec Na Sutli,59,44,103,16,6,22,4,3,7,0,0,0,18,5,23,0,0,0,0,2,2,97,60,157,2020-07-31T22:00:00Z
02,211,Krapina,2658,2686,5344,159,78,237,6,5,11,18,22,40,189,185,374,0,0,0,4,1,5,3034,2977,6011,2020-07-31T22:00:00Z
02,212,Krapinske Toplice,564,1145,1709,65,35,100,4,7,11,0,5,5,112,75,187,0,0,0,0,0,0,745,1267,2012,2020-07-31T22:00:00Z
02,236,Lobor,166,222,388,18,10,28,6,5,11,0,0,0,28,16,44,0,0,0,1,0,1,219,253,472,2020-07-31T22:00:00Z
02,248,Mače,109,57,166,25,7,32,3,3,6,1,0,1,44,35,79,0,0,0,0,0,0,182,102,284,2020-07-31T22:00:00Z
02,256,Marija Bistrica,333,307,640,60,40,100,16,6,22,1,4,5,86,84,170,0,0,0,4,4,8,500,445,945,2020-07-31T22:00:00Z
02,265,Mihovljan,108,90,198,32,5,37,6,0,6,0,0,0,64,13,77,0,0,0,1,1,2,211,109,320,2020-07-31T22:00:00Z
02,311,Oroslavje,863,762,1625,77,32,109,8,1,9,5,6,11,98,71,169,0,0,0,4,4,8,1055,876,1931,2020-07-31T22:00:00Z
02,329,Petrovsko,73,40,113,16,2,18,1,0,1,4,0,4,53,11,64,0,0,0,1,0,1,148,53,201,2020-07-31T22:00:00Z
02,352,Pregrada,783,899,1682,106,30,136,6,3,9,6,6,12,148,104,252,0,0,0,0,2,2,1049,1044,2093,2020-07-31T22:00:00Z
02,364,Radoboj,128,87,215,16,10,26,1,1,2,1,2,3,51,19,70,0,0,0,0,0,0,197,119,316,2020-07-31T22:00:00Z
02,41,Budinščina,152,164,316,14,6,20,7,2,9,1,3,4,17,10,27,0,0,0,1,1,2,192,186,378,2020-07-31T22:00:00Z
02,422,Stubičke Toplice,206,395,601,30,14,44,1,1,2,4,6,10,68,29,97,0,0,0,1,1,2,310,446,756,2020-07-31T22:00:00Z
02,430,Sveti Križ Začretje,611,720,1331,73,22,95,9,5,14,2,3,5,132,98,230,0,0,0,4,1,5,831,849,1680,2020-07-31T22:00:00Z
02,466,Tuhelj,121,213,334,18,12,30,5,1,6,1,3,4,32,35,67,0,0,0,0,0,0,177,264,441,2020-07-31T22:00:00Z
02,481,Veliko Trgovišće,471,290,761,48,15,63,4,3,7,2,5,7,106,55,161,0,0,0,5,1,6,636,369,1005,2020-07-31T22:00:00Z
02,519,Zabok,2772,2638,5410,140,81,221,5,4,9,13,17,30,190,324,514,0,0,0,1,3,4,3121,3067,6188,2020-07-31T22:00:00Z
02,521,Zagorska Sela,15,55,70,9,2,11,6,1,7,0,1,1,14,4,18,0,0,0,0,0,0,44,63,107,2020-07-31T22:00:00Z
02,526,Zlatar,508,624,1132,88,42,130,19,14,33,8,10,18,100,74,174,0,0,0,2,5,7,725,769,1494,2020-07-31T22:00:00Z
02,527,Zlatar Bistrica,377,567,944,27,8,35,3,2,5,4,2,6,70,44,114,0,0,0,2,4,6,483,627,1110,2020-07-31T22:00:00Z
02,552,Jesenje,45,47,92,9,1,10,0,1,1,1,1,2,51,8,59,0,0,0,0,0,0,106,58,164,2020-07-31T22:00:00Z
02,553,Kumrovec,86,97,183,19,5,24,2,0,2,2,1,3,24,17,41,0,0,0,0,0,0,133,120,253,2020-07-31T22:00:00Z
02,554,Novi Golubovec,140,49,189,4,2,6,1,0,1,0,1,1,7,2,9,0,0,0,0,0,0,152,54,206,2020-07-31T22:00:00Z
02,70,Desinić,135,265,400,29,7,36,9,3,12,2,1,3,32,28,60,0,0,0,0,0,0,207,304,511,2020-07-31T22:00:00Z
02,79,Donja Stubica,732,757,1489,97,49,146,4,3,7,6,3,9,105,55,160,0,0,0,2,3,5,946,870,1816,2020-07-31T22:00:00Z
03,102,Dvor,262,128,390,15,4,19,63,19,82,0,5,5,7,7,14,0,0,0,3,1,4,350,164,514,2020-07-31T22:00:00Z
03,121,Glina,1115,648,1763,36,24,60,56,21,77,2,12,14,74,79,153,0,0,0,1,2,3,1284,786,2070,2020-07-31T22:00:00Z
03,149,Hrvatska Dubica,66,81,147,7,2,9,12,3,15,0,0,0,5,5,10,0,0,0,0,0,0,90,91,181,2020-07-31T22:00:00Z
03,150,Hrvatska Kostajnica,300,267,567,15,9,24,11,1,12,1,3,4,5,17,22,0,0,0,2,0,2,334,297,631,2020-07-31T22:00:00Z
03,168,Jasenovac,123,100,223,13,3,16,13,8,21,0,0,0,12,6,18,0,0,0,0,0,0,161,117,278,2020-07-31T22:00:00Z
03,220,Kutina,3399,2787,6186,160,103,263,41,22,63,31,23,54,198,255,453,1,0,1,13,7,20,3843,3197,7040,2020-07-31T22:00:00Z
03,228,Lekenik,291,220,511,36,10,46,8,11,19,1,5,6,35,30,65,0,0,0,0,2,2,371,278,649,2020-07-31T22:00:00Z
03,232,Lipovljani,296,260,556,26,11,37,10,4,14,2,0,2,33,36,69,0,0,0,1,1,2,368,312,680,2020-07-31T22:00:00Z
03,259,Martinska Ves,146,59,205,8,3,11,30,18,48,1,0,1,36,13,49,0,0,0,1,0,1,222,93,315,2020-07-31T22:00:00Z
03,293,Novska,1276,927,2203,156,87,243,28,15,43,7,18,25,241,244,485,0,0,0,2,4,6,1710,1295,3005,2020-07-31T22:00:00Z
03,328,Petrinja,1490,1563,3053,189,79,268,65,22,87,7,25,32,265,265,530,0,0,0,7,8,15,2023,1962,3985,2020-07-31T22:00:00Z
03,347,Popovača,926,948,1874,82,40,122,47,16,63,8,10,18,92,124,216,0,0,0,8,4,12,1163,1142,2305,2020-07-31T22:00:00Z
03,391,Sisak,6815,7926,14741,351,206,557,100,69,169,48,86,134,567,586,1153,0,0,0,19,20,39,7900,8893,16793,2020-07-31T22:00:00Z
03,426,Sunja,186,144,330,24,8,32,40,35,75,1,4,5,22,24,46,0,0,0,3,0,3,276,215,491,2020-07-31T22:00:00Z
03,457,Topusko,252,316,568,19,6,25,4,2,6,3,0,3,33,29,62,0,0,0,0,0,0,311,353,664,2020-07-31T22:00:00Z
03,477,Velika Ludina,105,121,226,11,8,19,12,4,16,0,0,0,28,27,55,0,0,0,0,0,0,156,160,316,2020-07-31T22:00:00Z
03,510,Gvozd,91,103,194,6,3,9,19,3,22,0,0,0,16,13,29,0,0,0,2,0,2,134,122,256,2020-07-31T22:00:00Z
03,555,Majur,103,51,154,0,1,1,5,1,6,0,0,0,2,0,2,0,0,0,1,0,1,111,53,164,2020-07-31T22:00:00Z
03,83,Donji Kukuruzari,48,61,109,4,0,4,5,3,8,0,0,0,1,3,4,0,0,0,1,0,1,59,67,126,2020-07-31T22:00:00Z
04,120,Generalski Stol,28,70,98,20,6,26,1,0,1,0,1,1,22,17,39,0,0,0,0,0,0,71,94,165,2020-07-31T22:00:00Z
04,172,Josipdol,210,170,380,29,17,46,3,9,12,2,1,3,45,56,101,0,0,0,0,1,1,289,254,543,2020-07-31T22:00:00Z
04,179,Karlovac,10319,8479,18798,401,273,674,74,52,126,73,100,173,601,820,1421,0,0,0,13,26,39,11481,9750,21231,2020-07-31T22:00:00Z
04,216,Krnjak,75,73,148,3,2,5,7,3,10,0,0,0,10,3,13,0,0,0,0,0,0,95,81,176,2020-07-31T22:00:00Z
04,225,Lasinja,27,48,75,5,2,7,1,5,6,2,0,2,8,6,14,0,0,0,0,0,0,43,61,104,2020-07-31T22:00:00Z
04,281,Netretić,71,85,156,15,4,19,3,1,4,1,1,2,40,33,73,0,0,0,0,0,0,130,124,254,2020-07-31T22:00:00Z
04,297,Ogulin,1753,1652,3405,143,82,225,32,15,47,8,29,37,146,173,319,0,0,0,6,7,13,2088,1958,4046,2020-07-31T22:00:00Z
04,30,Bosiljevo,104,98,202,5,0,5,0,0,0,1,0,1,28,23,51,0,0,0,0,0,0,138,121,259,2020-07-31T22:00:00Z
04,315,Ozalj,784,575,1359,89,30,119,18,16,34,6,10,16,127,104,231,0,0,0,4,4,8,1028,739,1767,2020-07-31T22:00:00Z
04,333,Plaški,87,84,171,10,4,14,9,2,11,1,0,1,25,28,53,0,0,0,0,0,0,132,118,250,2020-07-31T22:00:00Z
04,365,Rakovica,141,123,264,5,11,16,3,4,7,0,1,1,72,66,138,0,0,0,1,0,1,222,205,427,2020-07-31T22:00:00Z
04,378,Saborsko,13,12,25,2,1,3,1,0,1,0,0,0,6,2,8,0,0,0,0,0,0,22,15,37,2020-07-31T22:00:00Z
04,400,Slunj,349,400,749,43,17,60,25,14,39,2,8,10,123,102,225,0,0,0,2,11,13,544,552,1096,2020-07-31T22:00:00Z
04,49,Cetingrad,57,45,102,7,1,8,3,4,7,0,0,0,9,11,20,0,0,0,0,0,0,76,61,137,2020-07-31T22:00:00Z
04,503,Vojnić,385,224,609,20,11,31,40,9,49,2,0,2,22,31,53,0,0,0,2,4,6,471,279,750,2020-07-31T22:00:00Z
04,530,Žakanje,143,89,232,24,12,36,8,1,9,0,0,0,27,39,66,0,0,0,0,1,1,202,142,344,2020-07-31T22:00:00Z
04,556,Ribnik,6,3,9,8,4,12,1,2,3,0,0,0,8,12,20,0,0,0,0,0,0,23,21,44,2020-07-31T22:00:00Z
04,557,Tounj,99,22,121,3,0,3,0,0,0,0,0,0,3,8,11,0,0,0,0,0,0,105,30,135,2020-07-31T22:00:00Z
04,623,Kamanje,160,89,249,3,3,6,0,0,0,0,0,0,3,16,19,0,0,0,0,0,0,166,108,274,2020-07-31T22:00:00Z
04,7,Barilovići,274,145,419,20,9,29,7,2,9,0,1,1,117,30,147,0,0,0,0,0,0,418,187,605,2020-07-31T22:00:00Z
04,90,Draganić,123,103,226,14,4,18,7,3,10,1,2,3,24,35,59,0,0,0,0,0,0,169,147,316,2020-07-31T22:00:00Z
04,99,Duga Resa,1026,951,1977,138,62,200,19,11,30,5,15,20,207,212,419,0,0,0,4,7,11,1399,1258,2657,2020-07-31T22:00:00Z
05,12,Bednja,200,121,321,23,9,32,3,8,11,2,1,3,18,24,42,0,0,0,0,1,1,246,164,410,2020-07-31T22:00:00Z
05,129,Gornji Kneginec,494,1254,1748,46,22,68,11,4,15,0,8,8,94,64,158,0,0,0,7,6,13,652,1358,2010,2020-07-31T22:00:00Z
05,151,Breznički Hum,191,141,332,15,5,20,9,8,17,0,2,2,19,16,35,0,0,0,3,4,7,237,176,413,2020-07-31T22:00:00Z
05,156,Ivanec,1877,1706,3583,150,64,214,14,11,25,13,17,30,289,270,559,0,0,0,9,12,21,2352,2080,4432,2020-07-31T22:00:00Z
05,165,Jalžabet,711,947,1658,21,3,24,10,6,16,0,3,3,34,19,53,0,0,0,0,1,1,776,979,1755,2020-07-31T22:00:00Z
05,189,Klenovnik,97,50,147,8,5,13,1,1,2,1,1,2,24,28,52,0,0,0,2,0,2,133,85,218,2020-07-31T22:00:00Z
05,19,Beretinec,67,35,102,19,2,21,3,3,6,0,1,1,18,21,39,0,0,0,1,0,1,108,62,170,2020-07-31T22:00:00Z
05,229,Lepoglava,1173,561,1734,47,29,76,8,5,13,1,6,7,100,80,180,0,0,0,2,5,7,1331,686,2017,2020-07-31T22:00:00Z
05,244,Ludbreg,1789,1429,3218,98,59,157,44,35,79,8,16,24,238,165,403,0,0,0,5,7,12,2182,1711,3893,2020-07-31T22:00:00Z
05,247,Ljubešćica,321,133,454,30,6,36,1,0,1,1,4,5,102,28,130,0,0,0,1,0,1,456,171,627,2020-07-31T22:00:00Z
05,251,Mali Bukovec,38,83,121,14,6,20,27,16,43,0,3,3,102,34,136,0,0,0,0,1,1,181,143,324,2020-07-31T22:00:00Z
05,260,Maruševec,356,256,612,46,24,70,23,26,49,3,4,7,103,44,147,0,0,0,3,3,6,534,357,891,2020-07-31T22:00:00Z
05,289,Novi Marof,1232,1181,2413,152,67,219,18,11,29,8,14,22,269,171,440,0,0,0,5,2,7,1684,1446,3130,2020-07-31T22:00:00Z
05,326,Petrijanec,391,618,1009,27,7,34,18,11,29,1,3,4,81,80,161,0,0,0,0,1,1,518,720,1238,2020-07-31T22:00:00Z
05,36,Breznica,157,55,212,16,3,19,6,6,12,1,6,7,20,12,32,0,0,0,0,0,0,200,82,282,2020-07-31T22:00:00Z
05,410,Sračinec,233,239,472,42,10,52,3,2,5,1,6,7,82,55,137,0,0,0,0,2,2,361,314,675,2020-07-31T22:00:00Z
05,437,Sveti Đurđ,89,82,171,28,5,33,28,9,37,3,2,5,35,30,65,0,0,0,1,0,1,184,128,312,2020-07-31T22:00:00Z
05,438,Sveti Ilija,130,153,283,13,8,21,3,1,4,0,4,4,47,26,73,0,0,0,1,0,1,194,192,386,2020-07-31T22:00:00Z
05,462,Trnovec Bartolovečki,1324,1547,2871,64,14,78,17,7,24,2,5,7,207,82,289,0,0,0,1,1,2,1615,1656,3271,2020-07-31T22:00:00Z
05,472,Varaždin,16026,14955,30981,483,313,796,43,22,65,81,127,208,561,643,1204,0,0,0,29,17,46,17223,16077,33300,2020-07-31T22:00:00Z
05,473,Varaždinske Toplice,566,438,1004,46,16,62,9,7,16,2,9,11,200,49,249,0,0,0,2,5,7,825,524,1349,2020-07-31T22:00:00Z
05,48,Cestica,421,334,755,44,22,66,16,19,35,2,4,6,93,76,169,0,0,0,1,3,4,577,458,1035,2020-07-31T22:00:00Z
05,484,Vidovec,213,210,423,52,15,67,69,36,105,1,5,6,114,86,200,0,0,0,0,1,1,449,353,802,2020-07-31T22:00:00Z
05,486,Vinica,259,195,454,23,10,33,7,5,12,1,5,6,27,23,50,0,0,0,0,1,1,317,239,556,2020-07-31T22:00:00Z
05,493,Visoko,94,46,140,16,0,16,6,4,10,0,0,0,27,21,48,0,0,0,1,0,1,144,71,215,2020-07-31T22:00:00Z
05,558,Veliki Bukovec,392,315,707,6,2,8,31,14,45,0,1,1,36,26,62,0,0,0,0,0,0,465,358,823,2020-07-31T22:00:00Z
05,80,Donja Voća,90,52,142,9,1,10,7,9,16,0,1,1,30,19,49,0,0,0,0,0,0,136,82,218,2020-07-31T22:00:00Z
05,85,Donji Martijanec,329,168,497,26,8,34,25,6,31,2,1,3,61,34,95,0,0,0,0,0,0,443,217,660,2020-07-31T22:00:00Z
06,104,Đelekovec,20,34,54,17,6,23,47,13,60,0,3,3,15,9,24,0,0,0,4,1,5,103,66,169,2020-07-31T22:00:00Z
06,107,Đurđevac,1311,1039,2350,74,42,116,85,58,143,12,11,23,81,79,160,0,0,0,13,14,27,1576,1243,2819,2020-07-31T22:00:00Z
06,115,Ferdinandovac,31,96,127,8,2,10,49,36,85,1,1,2,15,4,19,0,0,0,0,0,0,104,139,243,2020-07-31T22:00:00Z
06,122,Gola,157,140,297,9,2,11,95,43,138,0,6,6,7,19,26,0,0,0,1,0,1,269,210,479,2020-07-31T22:00:00Z
06,145,Hlebine,9,26,35,1,0,1,12,7,19,1,1,2,0,10,10,0,0,0,1,0,1,24,44,68,2020-07-31T22:00:00Z
06,194,Kloštar Podravski,170,142,312,21,9,30,43,39,82,0,1,1,38,50,88,0,0,0,2,1,3,274,242,516,2020-07-31T22:00:00Z
06,201,Koprivnica,7078,7378,14456,316,172,488,61,28,89,61,76,137,390,429,819,0,1,1,18,18,36,7924,8102,16026,2020-07-31T22:00:00Z
06,202,Koprivnički Bregi,73,75,148,11,5,16,23,7,30,0,0,0,26,11,37,0,0,0,1,0,1,134,98,232,2020-07-31T22:00:00Z
06,203,Koprivnički Ivanec,58,53,111,22,2,24,20,6,26,0,1,1,30,11,41,0,0,0,1,1,2,131,74,205,2020-07-31T22:00:00Z
06,214,Križevci,3285,3463,6748,149,94,243,251,204,455,12,30,42,219,216,435,0,0,0,8,10,18,3924,4017,7941,2020-07-31T22:00:00Z
06,227,Legrad,53,66,119,12,4,16,21,10,31,0,3,3,24,19,43,0,0,0,0,0,0,110,102,212,2020-07-31T22:00:00Z
06,270,Molve,230,115,345,7,9,16,64,33,97,1,3,4,46,22,68,0,0,0,2,1,3,350,183,533,2020-07-31T22:00:00Z
06,292,Novigrad Podravski,91,123,214,9,2,11,22,12,34,0,2,2,14,15,29,0,0,0,0,2,2,136,156,292,2020-07-31T22:00:00Z
06,324,Peteranec,79,35,114,13,3,16,21,9,30,0,1,1,28,8,36,0,0,0,1,2,3,142,58,200,2020-07-31T22:00:00Z
06,366,Rasinja,51,77,128,17,4,21,59,24,83,1,0,1,29,24,53,0,0,0,3,2,5,160,131,291,2020-07-31T22:00:00Z
06,405,Sokolovac,193,74,267,17,2,19,44,20,64,4,3,7,30,11,41,0,0,0,0,2,2,288,112,400,2020-07-31T22:00:00Z
06,439,Sveti Ivan Žabno,248,187,435,37,20,57,102,65,167,2,3,5,52,51,103,0,0,0,0,1,1,441,327,768,2020-07-31T22:00:00Z
06,442,Sveti Petar Orehovec,119,94,213,29,5,34,157,151,308,0,1,1,34,16,50,0,0,0,1,0,1,340,267,607,2020-07-31T22:00:00Z
06,490,Virje,277,207,484,29,10,39,41,27,68,3,2,5,32,39,71,0,0,0,1,1,2,383,286,669,2020-07-31T22:00:00Z
06,559,Kalinovac,406,89,495,5,2,7,10,2,12,0,0,0,9,11,20,0,0,0,0,1,1,430,105,535,2020-07-31T22:00:00Z
06,560,Kalnik,42,47,89,3,4,7,20,27,47,0,1,1,7,3,10,0,0,0,0,0,0,72,82,154,2020-07-31T22:00:00Z
06,561,Novo Virje,44,37,81,2,0,2,43,26,69,0,0,0,16,7,23,0,0,0,0,1,1,105,71,176,2020-07-31T22:00:00Z
06,616,Podravske Sesvete,104,100,204,3,5,8,23,15,38,2,1,3,9,8,17,0,0,0,0,1,1,141,130,271,2020-07-31T22:00:00Z
06,618,Gornja Reka,78,69,147,4,3,7,9,8,17,0,0,0,6,5,11,0,0,0,0,0,0,97,85,182,2020-07-31T22:00:00Z
06,96,Drnje,97,121,218,9,2,11,19,8,27,0,2,2,7,10,17,0,0,0,0,0,0,132,143,275,2020-07-31T22:00:00Z
07,105,Đulovac,226,70,296,10,7,17,34,13,47,1,6,7,91,23,114,0,0,0,0,0,0,362,119,481,2020-07-31T22:00:00Z
07,119,Garešnica,1036,1056,2092,54,32,86,64,37,101,14,20,34,96,127,223,0,0,0,5,6,11,1269,1278,2547,2020-07-31T22:00:00Z
07,139,Grubišno Polje,566,474,1040,33,22,55,108,45,153,5,7,12,66,77,143,0,0,0,1,3,4,779,628,1407,2020-07-31T22:00:00Z
07,144,Hercegovac,131,179,310,16,3,19,48,15,63,2,2,4,42,39,81,0,0,0,1,2,3,240,240,480,2020-07-31T22:00:00Z
07,161,Ivanska,128,87,215,4,3,7,44,13,57,2,2,4,80,21,101,0,0,0,2,1,3,260,127,387,2020-07-31T22:00:00Z
07,176,Kapela,89,84,173,4,2,6,51,29,80,0,1,1,18,10,28,0,0,0,2,1,3,164,127,291,2020-07-31T22:00:00Z
07,18,Berek,60,57,117,4,1,5,24,20,44,0,0,0,8,7,15,0,0,0,0,0,0,96,85,181,2020-07-31T22:00:00Z
07,199,Končanica,117,60,177,9,3,12,34,18,52,0,2,2,20,14,34,0,0,0,1,2,3,181,99,280,2020-07-31T22:00:00Z
07,24,Bjelovar,6999,6595,13594,302,167,469,209,114,323,61,84,145,423,500,923,1,0,1,19,17,36,8014,7477,15491,2020-07-31T22:00:00Z
07,287,Nova Rača,96,109,205,8,1,9,82,33,115,0,2,2,36,12,48,0,0,0,0,0,0,222,157,379,2020-07-31T22:00:00Z
07,375,Rovišće,190,195,385,25,12,37,57,35,92,1,3,4,22,38,60,0,0,0,1,1,2,296,284,580,2020-07-31T22:00:00Z
07,390,Sirač,258,141,399,12,2,14,9,4,13,2,1,3,22,8,30,0,0,0,1,2,3,304,158,462,2020-07-31T22:00:00Z
07,450,Štefanje,51,54,105,7,2,9,35,14,49,0,2,2,33,17,50,0,0,0,0,0,0,126,89,215,2020-07-31T22:00:00Z
07,478,Velika Pisanica,67,58,125,3,2,5,35,18,53,1,0,1,15,9,24,0,0,0,0,0,0,121,87,208,2020-07-31T22:00:00Z
07,480,Veliki Grđevac,168,116,284,9,4,13,74,34,108,1,2,3,69,21,90,0,0,0,1,0,1,322,177,499,2020-07-31T22:00:00Z
07,483,Veliko Trojstvo,57,74,131,14,4,18,11,13,24,0,0,0,45,18,63,0,0,0,1,0,1,128,109,237,2020-07-31T22:00:00Z
07,562,Severin,96,30,126,2,0,2,16,14,30,0,0,0,10,36,46,0,0,0,0,0,0,124,80,204,2020-07-31T22:00:00Z
07,564,Šandrovac,27,52,79,4,0,4,10,7,17,0,0,0,16,7,23,0,0,0,0,0,0,57,66,123,2020-07-31T22:00:00Z
07,565,Velika Trnovitica,64,58,122,7,1,8,33,22,55,1,0,1,23,9,32,0,0,0,1,1,2,129,91,220,2020-07-31T22:00:00Z
07,566,Zrinski Topolovac,6,25,31,2,1,3,33,20,53,0,1,1,5,0,5,0,0,0,1,0,1,47,47,94,2020-07-31T22:00:00Z
07,63,Čazma,1180,788,1968,51,17,68,62,49,111,7,8,15,98,75,173,0,0,0,6,3,9,1404,940,2344,2020-07-31T22:00:00Z
07,67,Daruvar,1401,1569,2970,93,52,145,47,21,68,15,22,37,139,177,316,0,0,0,4,9,13,1699,1850,3549,2020-07-31T22:00:00Z
07,71,Dežanovac,106,70,176,10,2,12,72,42,114,1,1,2,36,15,51,0,0,0,0,1,1,225,131,356,2020-07-31T22:00:00Z
08,117,Fužine,264,199,463,17,9,26,0,2,2,4,1,5,15,18,33,0,0,0,1,0,1,301,229,530,2020-07-31T22:00:00Z
08,170,Jelenje,273,243,516,95,39,134,6,2,8,34,8,42,64,46,110,0,0,0,3,2,5,475,340,815,2020-07-31T22:00:00Z
08,180,Kastav,1065,800,1865,128,55,183,4,1,5,51,9,60,114,80,194,2,0,2,3,10,13,1367,955,2322,2020-07-31T22:00:00Z
08,186,Klana,377,212,589,21,8,29,1,1,2,2,2,4,15,13,28,0,0,0,1,1,2,417,237,654,2020-07-31T22:00:00Z
08,209,Kraljevica,355,284,639,43,27,70,2,1,3,45,8,53,25,37,62,1,0,1,0,7,7,471,364,835,2020-07-31T22:00:00Z
08,215,Krk,1912,1317,3229,248,103,351,15,7,22,27,13,40,350,246,596,0,0,0,7,6,13,2559,1692,4251,2020-07-31T22:00:00Z
08,237,Lokve,115,99,214,10,4,14,0,0,0,0,2,2,11,11,22,0,0,0,0,0,0,136,116,252,2020-07-31T22:00:00Z
08,242,Lovran,428,598,1026,86,25,111,2,3,5,18,10,28,43,74,117,0,0,0,2,9,11,579,719,1298,2020-07-31T22:00:00Z
08,252,Mali Lošinj,1581,1621,3202,238,87,325,23,7,30,40,16,56,239,261,500,0,0,0,11,6,17,2132,1998,4130,2020-07-31T22:00:00Z
08,253,Malinska-Dubašnica,551,857,1408,138,65,203,10,9,19,11,4,15,186,198,384,0,0,0,8,2,10,904,1135,2039,2020-07-31T22:00:00Z
08,261,Matulji,1413,1013,2426,205,111,316,14,6,20,40,15,55,166,175,341,0,0,0,4,12,16,1842,1332,3174,2020-07-31T22:00:00Z
08,273,Mošćenička Draga,124,109,233,52,15,67,0,1,1,5,2,7,53,41,94,0,0,0,3,2,5,237,170,407,2020-07-31T22:00:00Z
08,275,Mrkopalj,62,40,102,18,2,20,2,0,2,2,0,2,6,7,13,0,0,0,1,0,1,91,49,140,2020-07-31T22:00:00Z
08,290,Novi Vinodolski,561,479,1040,124,74,198,3,2,5,12,8,20,134,122,256,0,0,0,0,3,3,834,688,1522,2020-07-31T22:00:00Z
08,301,Omišalj,682,449,1131,79,26,105,2,0,2,15,6,21,105,60,165,0,0,0,1,1,2,884,542,1426,2020-07-31T22:00:00Z
08,302,Opatija,2253,2721,4974,182,107,289,8,4,12,55,31,86,122,175,297,0,1,1,11,15,26,2631,3054,5685,2020-07-31T22:00:00Z
08,360,Punat,374,226,600,69,30,99,4,0,4,8,1,9,104,70,174,0,0,0,2,1,3,561,328,889,2020-07-31T22:00:00Z
08,363,Rab,1054,1178,2232,343,107,450,13,4,17,16,12,28,387,348,735,0,0,0,3,9,12,1816,1658,3474,2020-07-31T22:00:00Z
08,369,Ravna Gora,262,284,546,30,8,38,1,0,1,2,1,3,41,26,67,0,0,0,2,2,4,338,321,659,2020-07-31T22:00:00Z
08,373,Rijeka,27138,27658,54796,1150,926,2076,27,14,41,1067,371,1438,883,1304,2187,20,0,20,106,134,240,30391,30407,60798,2020-07-31T22:00:00Z
08,38,Brod Moravice,36,43,79,10,0,10,0,0,0,0,1,1,22,7,29,0,0,0,2,0,2,70,51,121,2020-07-31T22:00:00Z
08,393,Skrad,43,49,92,3,2,5,1,1,2,1,1,2,2,7,9,0,0,0,0,0,0,50,60,110,2020-07-31T22:00:00Z
08,4,Bakar,1896,903,2799,58,36,94,2,0,2,65,11,76,69,59,128,0,0,0,7,9,16,2097,1018,3115,2020-07-31T22:00:00Z
08,488,Vinodolska Općina,183,153,336,55,18,73,2,0,2,12,1,13,44,13,57,1,0,1,2,2,4,299,187,486,2020-07-31T22:00:00Z
08,495,Viškovo,1623,1049,2672,188,92,280,4,3,7,65,17,82,169,130,299,0,0,0,10,12,22,2059,1303,3362,2020-07-31T22:00:00Z
08,507,Vrbnik,152,106,258,29,13,42,8,5,13,1,0,1,37,23,60,0,0,0,1,1,2,228,148,376,2020-07-31T22:00:00Z
08,509,Vrbovsko,433,310,743,56,20,76,3,3,6,0,5,5,80,42,122,0,0,0,1,0,1,573,380,953,2020-07-31T22:00:00Z
08,52,Cres,576,506,1082,97,36,133,10,4,14,11,4,15,98,113,211,0,0,0,5,2,7,797,665,1462,2020-07-31T22:00:00Z
08,53,Crikvenica,1358,1787,3145,269,153,422,4,1,5,42,23,65,342,282,624,0,0,0,6,9,15,2021,2255,4276,2020-07-31T22:00:00Z
08,538,Kostrena,398,258,656,31,20,51,2,0,2,64,6,70,20,30,50,2,0,2,3,3,6,520,317,837,2020-07-31T22:00:00Z
08,55,Čabar,366,292,658,51,15,66,1,2,3,5,0,5,148,52,200,0,0,0,0,4,4,571,365,936,2020-07-31T22:00:00Z
08,61,Čavle,648,480,1128,82,48,130,1,2,3,37,9,46,102,86,188,0,0,0,1,4,5,871,629,1500,2020-07-31T22:00:00Z
08,624,Lopar,93,64,157,51,11,62,0,0,0,1,0,1,87,118,205,0,0,0,1,0,1,233,193,426,2020-07-31T22:00:00Z
08,69,Delnice,1143,738,1881,74,43,117,2,2,4,9,16,25,78,100,178,0,0,0,4,6,10,1310,905,2215,2020-07-31T22:00:00Z
08,74,Dobrinj,142,83,225,46,25,71,0,2,2,6,3,9,110,63,173,0,0,0,3,1,4,307,177,484,2020-07-31T22:00:00Z
08,8,Baška,264,300,564,95,46,141,6,2,8,2,4,6,151,134,285,0,0,0,5,2,7,523,488,1011,2020-07-31T22:00:00Z
09,130,Gospić,2245,2226,4471,107,56,163,69,34,103,12,12,24,135,172,307,0,0,0,9,11,20,2577,2511,5088,2020-07-31T22:00:00Z
09,178,Karlobag,101,84,185,12,5,17,6,1,7,4,0,4,11,10,21,0,0,0,0,0,0,134,100,234,2020-07-31T22:00:00Z
09,240,Lovinac,174,65,239,2,0,2,2,1,3,0,0,0,2,2,4,0,0,0,0,0,0,180,68,248,2020-07-31T22:00:00Z
09,288,Novalja,861,748,1609,166,56,222,20,7,27,4,3,7,228,159,387,0,0,0,4,5,9,1283,978,2261,2020-07-31T22:00:00Z
09,313,Otočac,851,849,1700,91,39,130,45,22,67,9,9,18,110,117,227,0,0,0,6,7,13,1112,1043,2155,2020-07-31T22:00:00Z
09,323,Perušić,381,223,604,22,7,29,26,22,48,0,2,2,17,31,48,0,0,0,1,0,1,447,285,732,2020-07-31T22:00:00Z
09,37,Brinje,332,180,512,25,5,30,7,5,12,0,1,1,16,20,36,0,0,0,3,0,3,383,211,594,2020-07-31T22:00:00Z
09,387,Senj,715,631,1346,121,60,181,6,4,10,16,9,25,142,162,304,1,0,1,7,6,13,1008,872,1880,2020-07-31T22:00:00Z
09,455,Plitvička Jezera,694,678,1372,44,24,68,61,12,73,2,5,7,190,163,353,0,0,0,2,0,2,993,882,1875,2020-07-31T22:00:00Z
09,467,Udbina,133,80,213,10,6,16,33,12,45,0,0,0,11,13,24,0,0,0,3,2,5,190,113,303,2020-07-31T22:00:00Z
09,512,Vrhovine,106,37,143,3,3,6,6,2,8,0,0,0,3,2,5,0,0,0,2,0,2,120,44,164,2020-07-31T22:00:00Z
09,84,Donji Lapac,103,77,180,6,3,9,22,7,29,0,0,0,12,6,18,0,0,0,0,0,0,143,93,236,2020-07-31T22:00:00Z
10,136,Gradina,83,82,165,12,5,17,129,43,172,2,0,2,37,30,67,0,0,0,0,0,0,263,160,423,2020-07-31T22:00:00Z
10,245,Lukač,172,94,266,13,4,17,39,16,55,1,0,1,77,51,128,0,0,0,0,1,1,302,166,468,2020-07-31T22:00:00Z
10,266,Mikleuš,75,41,116,8,1,9,13,6,19,0,0,0,12,10,22,0,0,0,0,0,0,108,58,166,2020-07-31T22:00:00Z
10,283,Nova Bukovica,35,39,74,8,5,13,37,8,45,1,0,1,21,20,41,0,0,0,1,0,1,103,72,175,2020-07-31T22:00:00Z
10,307,Orahovica,948,685,1633,65,39,104,12,2,14,9,13,22,103,97,200,0,0,0,2,3,5,1139,839,1978,2020-07-31T22:00:00Z
10,332,Pitomača,614,585,1199,78,39,117,163,87,250,2,8,10,217,202,419,0,0,0,3,2,5,1077,923,2000,2020-07-31T22:00:00Z
10,395,Slatina,1408,1363,2771,137,66,203,134,48,182,18,23,41,221,259,480,0,0,0,0,9,9,1918,1768,3686,2020-07-31T22:00:00Z
10,407,Sopje,136,45,181,4,2,6,90,26,116,0,0,0,21,21,42,0,0,0,0,0,0,251,94,345,2020-07-31T22:00:00Z
10,424,Suhopolje,229,235,464,25,15,40,102,46,148,0,1,1,51,49,100,0,0,0,2,0,2,409,346,755,2020-07-31T22:00:00Z
10,449,Špišić Bukovica,139,124,263,21,6,27,167,64,231,1,4,5,38,60,98,0,0,0,3,2,5,369,260,629,2020-07-31T22:00:00Z
10,491,Virovitica,3871,3696,7567,170,85,255,87,28,115,34,24,58,401,394,795,0,0,0,15,8,23,4578,4235,8813,2020-07-31T22:00:00Z
10,499,Voćin,133,88,221,8,4,12,28,34,62,0,1,1,11,4,15,0,0,0,0,0,0,180,131,311,2020-07-31T22:00:00Z
10,524,Zdenci,107,78,185,6,4,10,16,9,25,0,4,4,14,12,26,0,0,0,3,1,4,146,108,254,2020-07-31T22:00:00Z
10,54,Crnac,27,34,61,13,3,16,18,8,26,0,3,3,19,14,33,0,0,0,0,0,0,77,62,139,2020-07-31T22:00:00Z
10,56,Čačinci,170,102,272,17,10,27,19,7,26,0,4,4,20,31,51,0,0,0,2,0,2,228,154,382,2020-07-31T22:00:00Z
10,57,Čađavica,94,82,176,12,8,20,66,20,86,0,0,0,45,28,73,0,0,0,0,0,0,217,138,355,2020-07-31T22:00:00Z
11,164,Jakšić,136,103,239,23,3,26,26,7,33,0,2,2,43,18,61,0,0,0,0,0,0,228,133,361,2020-07-31T22:00:00Z
11,177,Kaptol,80,70,150,16,2,18,24,3,27,1,1,2,40,8,48,0,0,0,0,1,1,161,85,246,2020-07-31T22:00:00Z
11,221,Kutjevo,599,371,970,52,16,68,61,26,87,2,5,7,78,78,156,0,0,0,3,5,8,795,501,1296,2020-07-31T22:00:00Z
11,231,Lipik,714,549,1263,27,15,42,21,11,32,1,13,14,54,49,103,0,0,0,4,0,4,821,637,1458,2020-07-31T22:00:00Z
11,318,Pakrac,582,1035,1617,85,29,114,48,17,65,12,17,29,174,91,265,0,0,0,4,3,7,905,1192,2097,2020-07-31T22:00:00Z
11,334,Pleternica,539,395,934,76,25,101,50,17,67,3,6,9,163,120,283,0,0,0,3,5,8,834,568,1402,2020-07-31T22:00:00Z
11,35,Brestovac,121,116,237,12,3,15,16,4,20,1,1,2,31,11,42,0,0,0,0,1,1,181,136,317,2020-07-31T22:00:00Z
11,351,Požega,5053,4316,9369,296,147,443,102,31,133,42,115,157,391,373,764,0,1,1,13,28,41,5897,5011,10908,2020-07-31T22:00:00Z
11,475,Velika,263,239,502,17,9,26,26,4,30,2,3,5,40,36,76,0,0,0,1,0,1,349,291,640,2020-07-31T22:00:00Z
11,58,Čaglin,98,120,218,9,2,11,22,5,27,0,2,2,15,13,28,0,0,0,0,0,0,144,142,286,2020-07-31T22:00:00Z
12,10,Bebrina,25,43,68,8,7,15,15,7,22,1,0,1,9,7,16,0,0,0,0,0,0,58,64,122,2020-07-31T22:00:00Z
12,118,Garčin,119,144,263,28,9,37,27,14,41,0,0,0,22,21,43,0,0,0,1,1,2,197,189,386,2020-07-31T22:00:00Z
12,127,Gornji Bogićevci,45,18,63,8,2,10,9,2,11,0,0,0,20,32,52,0,0,0,0,0,0,82,54,136,2020-07-31T22:00:00Z
12,140,Gundinci,57,33,90,11,3,14,55,23,78,1,0,1,17,7,24,0,0,0,1,0,1,142,66,208,2020-07-31T22:00:00Z
12,185,Klakar,80,40,120,17,4,21,22,4,26,0,0,0,11,14,25,0,0,0,1,0,1,131,62,193,2020-07-31T22:00:00Z
12,284,Nova Gradiška,1951,1918,3869,141,90,231,24,16,40,22,21,43,261,300,561,0,0,0,5,4,9,2404,2349,4753,2020-07-31T22:00:00Z
12,285,Nova Kapela,139,170,309,18,14,32,24,8,32,2,3,5,52,51,103,0,0,0,1,2,3,236,248,484,2020-07-31T22:00:00Z
12,299,Okučani,191,137,328,22,5,27,8,2,10,0,1,1,48,31,79,0,0,0,1,2,3,270,178,448,2020-07-31T22:00:00Z
12,303,Oprisavci,208,132,340,10,0,10,34,9,43,1,0,1,7,18,25,0,0,0,0,3,3,260,162,422,2020-07-31T22:00:00Z
12,309,Oriovac,284,256,540,31,19,50,20,12,32,2,2,4,61,59,120,0,0,0,1,1,2,399,349,748,2020-07-31T22:00:00Z
12,338,Podcrkavlje,41,25,66,15,0,15,8,4,12,0,1,1,19,5,24,0,0,0,0,1,1,83,36,119,2020-07-31T22:00:00Z
12,372,Rešetari,204,207,411,36,8,44,19,8,27,4,1,5,89,36,125,0,0,0,1,2,3,353,262,615,2020-07-31T22:00:00Z
12,388,Sibinj,106,129,235,49,12,61,14,1,15,0,1,1,55,38,93,0,0,0,3,2,5,227,183,410,2020-07-31T22:00:00Z
12,39,Brodski Stupnik,72,46,118,17,8,25,4,3,7,1,1,2,73,35,108,0,0,0,1,0,1,168,93,261,2020-07-31T22:00:00Z
12,396,Slavonski Brod,13218,8966,22184,570,313,883,39,32,71,76,86,162,938,976,1914,1,0,1,13,18,31,14855,10391,25246,2020-07-31T22:00:00Z
12,397,Slavonski Šamac,66,37,103,8,3,11,14,6,20,0,1,1,12,3,15,0,0,0,0,0,0,100,50,150,2020-07-31T22:00:00Z
12,412,Stara Gradiška,139,72,211,4,1,5,8,2,10,0,0,0,19,6,25,0,0,0,0,0,0,170,81,251,2020-07-31T22:00:00Z
12,418,Staro Petrovo Selo,178,106,284,26,8,34,41,17,58,1,2,3,96,41,137,0,0,0,0,0,0,342,174,516,2020-07-31T22:00:00Z
12,46,Cernik,154,179,333,21,10,31,8,4,12,3,2,5,59,27,86,0,0,0,0,2,2,245,224,469,2020-07-31T22:00:00Z
12,476,Velika Kopanica,212,112,324,22,8,30,26,16,42,1,1,2,27,25,52,0,0,0,1,2,3,289,164,453,2020-07-31T22:00:00Z
12,506,Vrbje,34,27,61,8,0,8,20,1,21,0,0,0,29,18,47,0,0,0,0,1,1,91,47,138,2020-07-31T22:00:00Z
12,514,Vrpolje,165,102,267,24,6,30,42,16,58,0,2,2,11,13,24,0,0,0,1,0,1,243,139,382,2020-07-31T22:00:00Z
12,567,Bukovlje,63,63,126,12,6,18,0,0,0,1,0,1,10,19,29,0,0,0,0,0,0,86,88,174,2020-07-31T22:00:00Z
12,568,Dragalić,35,34,69,7,0,7,6,3,9,0,0,0,4,6,10,0,0,0,0,1,1,52,44,96,2020-07-31T22:00:00Z
12,569,Gornja Vrba,276,387,663,10,3,13,1,0,1,0,1,1,14,17,31,0,0,0,0,0,0,301,408,709,2020-07-31T22:00:00Z
12,570,Sikirevci,42,61,103,15,3,18,36,14,50,0,0,0,13,5,18,0,0,0,2,1,3,108,84,192,2020-07-31T22:00:00Z
12,68,Davor,98,65,163,12,4,16,13,4,17,0,0,0,13,16,29,0,0,0,2,1,3,138,90,228,2020-07-31T22:00:00Z
12,81,Donji Andrijevci,125,98,223,20,11,31,18,3,21,1,1,2,26,22,48,0,0,0,1,3,4,191,138,329,2020-07-31T22:00:00Z
13,131,Gračac,248,295,543,24,15,39,57,18,75,2,1,3,33,41,74,0,0,0,1,0,1,365,370,735,2020-07-31T22:00:00Z
13,167,Jasenice,135,63,198,14,2,16,4,3,7,1,0,1,18,10,28,0,0,0,0,0,0,172,78,250,2020-07-31T22:00:00Z
13,17,Benkovac,1096,889,1985,89,36,125,77,46,123,11,14,25,190,128,318,0,0,0,8,8,16,1471,1121,2592,2020-07-31T22:00:00Z
13,173,Kali,299,102,401,27,14,41,3,1,4,8,0,8,61,34,95,0,0,0,0,1,1,398,152,550,2020-07-31T22:00:00Z
13,20,Bibinje,178,178,356,51,25,76,4,0,4,2,2,4,77,67,144,0,0,0,2,1,3,314,273,587,2020-07-31T22:00:00Z
13,22,Biograd Na Moru,1150,1472,2622,156,96,252,23,15,38,17,10,27,207,290,497,1,0,1,3,6,9,1557,1889,3446,2020-07-31T22:00:00Z
13,234,Lišane Ostrovičke,26,27,53,8,3,11,1,0,1,0,0,0,4,5,9,0,0,0,0,0,0,39,35,74,2020-07-31T22:00:00Z
13,282,Nin,471,418,889,54,17,71,10,4,14,7,2,9,90,84,174,0,0,0,0,0,0,632,525,1157,2020-07-31T22:00:00Z
13,296,Obrovac,313,209,522,35,19,54,23,5,28,3,5,8,27,47,74,0,0,0,2,3,5,403,288,691,2020-07-31T22:00:00Z
13,316,Pag,526,447,973,103,39,142,27,9,36,5,7,12,146,113,259,0,0,0,5,3,8,812,618,1430,2020-07-31T22:00:00Z
13,317,Pakoštane,397,336,733,86,33,119,5,8,13,9,2,11,105,101,206,0,0,0,3,0,3,605,480,1085,2020-07-31T22:00:00Z
13,320,Pašman,96,107,203,49,16,65,2,3,5,7,0,7,49,45,94,0,0,0,2,1,3,205,172,377,2020-07-31T22:00:00Z
13,344,Polača,95,51,146,17,4,21,3,1,4,2,0,2,11,15,26,0,0,0,1,1,2,129,72,201,2020-07-31T22:00:00Z
13,345,Poličnik,380,271,651,46,4,50,6,7,13,9,1,10,37,20,57,0,0,0,1,0,1,479,303,782,2020-07-31T22:00:00Z
13,349,Posedarje,130,139,269,32,15,47,6,7,13,6,0,6,38,57,95,0,0,0,1,3,4,213,221,434,2020-07-31T22:00:00Z
13,354,Preko,287,411,698,49,14,63,4,5,9,17,4,21,55,39,94,0,0,0,2,4,6,414,477,891,2020-07-31T22:00:00Z
13,371,Ražanac,90,88,178,30,10,40,6,6,12,15,0,15,35,27,62,0,0,0,4,0,4,180,131,311,2020-07-31T22:00:00Z
13,379,Sali,207,179,386,53,22,75,6,3,9,6,1,7,47,52,99,0,0,0,1,0,1,320,257,577,2020-07-31T22:00:00Z
13,411,Stankovci,234,146,380,25,4,29,4,2,6,1,1,2,31,13,44,0,0,0,1,1,2,296,167,463,2020-07-31T22:00:00Z
13,416,Starigrad,160,198,358,53,33,86,7,2,9,3,0,3,45,79,124,0,0,0,2,2,4,270,314,584,2020-07-31T22:00:00Z
13,425,Sukošan,374,279,653,62,27,89,11,3,14,5,1,6,55,70,125,0,0,0,1,2,3,508,382,890,2020-07-31T22:00:00Z
13,428,Sveti Filip I Jakov,252,359,611,56,25,81,8,3,11,10,1,11,50,58,108,0,0,0,0,0,0,376,446,822,2020-07-31T22:00:00Z
13,445,Škabrnje,62,55,117,24,3,27,3,0,3,3,0,3,16,6,22,0,0,0,2,1,3,110,65,175,2020-07-31T22:00:00Z
13,489,Vir,343,289,632,58,15,73,3,2,5,2,1,3,85,73,158,0,0,0,2,2,4,493,382,875,2020-07-31T22:00:00Z
13,520,Zadar,14717,15918,30635,1055,601,1656,42,27,69,733,221,954,1448,1548,2996,4,0,4,129,66,195,18128,18381,36509,2020-07-31T22:00:00Z
13,525,Zemunik Donji,104,136,240,17,5,22,2,1,3,0,0,0,17,4,21,0,0,0,0,1,1,140,147,287,2020-07-31T22:00:00Z
13,537,Novigrad,67,68,135,25,5,30,4,4,8,5,1,6,28,17,45,0,0,0,1,2,3,130,97,227,2020-07-31T22:00:00Z
13,571,Galovac,30,55,85,11,1,12,5,4,9,4,2,6,8,13,21,0,0,0,0,2,2,58,77,135,2020-07-31T22:00:00Z
13,572,Kukljica,65,47,112,20,1,21,1,0,1,3,1,4,42,18,60,0,0,0,0,1,1,131,68,199,2020-07-31T22:00:00Z
13,573,Povljana,48,44,92,16,6,22,3,0,3,6,0,6,13,21,34,0,0,0,0,1,1,86,72,158,2020-07-31T22:00:00Z
13,574,Privlaka,125,119,244,24,12,36,1,2,3,7,0,7,40,19,59,0,0,0,5,2,7,202,154,356,2020-07-31T22:00:00Z
13,575,Tkon,93,76,169,23,8,31,3,2,5,1,0,1,55,31,86,0,0,0,1,1,2,176,118,294,2020-07-31T22:00:00Z
13,622,Kolan,166,129,295,26,11,37,3,1,4,0,0,0,43,33,76,0,0,0,0,0,0,238,174,412,2020-07-31T22:00:00Z
13,625,Vrsi,99,51,150,15,12,27,5,4,9,15,0,15,23,31,54,0,0,0,4,3,7,161,101,262,2020-07-31T22:00:00Z
14,103,Đakovo,2802,2737,5539,428,195,623,186,84,270,29,38,67,730,577,1307,0,0,0,14,17,31,4189,3648,7837,2020-07-31T22:00:00Z
14,106,Đurđenovac,517,485,1002,40,9,49,26,18,44,0,9,9,81,47,128,0,0,0,4,3,7,668,571,1239,2020-07-31T22:00:00Z
14,110,Erdut,302,199,501,38,13,51,59,15,74,2,4,6,45,37,82,0,0,0,2,1,3,448,269,717,2020-07-31T22:00:00Z
14,111,Ernestinovo,70,179,249,10,2,12,24,9,33,2,1,3,6,20,26,0,0,0,1,0,1,113,211,324,2020-07-31T22:00:00Z
14,116,Feričanci,133,107,240,24,5,29,3,0,3,0,4,4,44,14,58,0,0,0,1,0,1,205,130,335,2020-07-31T22:00:00Z
14,124,Gorjani,123,147,270,16,2,18,17,9,26,0,2,2,12,4,16,0,0,0,0,1,1,168,165,333,2020-07-31T22:00:00Z
14,13,Beli Manastir,1012,1088,2100,71,36,107,42,28,70,8,11,19,111,90,201,0,0,0,0,1,1,1244,1254,2498,2020-07-31T22:00:00Z
14,16,Belišće,1511,616,2127,61,29,90,30,7,37,2,8,10,80,101,181,0,0,0,3,1,4,1687,762,2449,2020-07-31T22:00:00Z
14,195,Kneževi Vinogradi,224,255,479,32,7,39,39,7,46,1,2,3,73,66,139,0,0,0,0,0,0,369,337,706,2020-07-31T22:00:00Z
14,2,Antunovac,186,185,371,26,10,36,17,8,25,0,0,0,17,8,25,0,0,0,0,0,0,246,211,457,2020-07-31T22:00:00Z
14,205,Koška,182,158,340,27,5,32,32,10,42,3,2,5,33,23,56,0,0,0,2,0,2,279,198,477,2020-07-31T22:00:00Z
14,21,Bilje,294,263,557,46,20,66,20,13,33,3,6,9,52,45,97,0,0,0,0,1,1,415,348,763,2020-07-31T22:00:00Z
14,23,Bizovac,252,263,515,25,11,36,30,11,41,1,7,8,32,39,71,0,0,0,1,1,2,341,332,673,2020-07-31T22:00:00Z
14,230,Levanjska Varoš,39,20,59,3,2,5,13,9,22,0,0,0,2,2,4,0,0,0,0,1,1,57,34,91,2020-07-31T22:00:00Z
14,257,Marijanci,93,61,154,7,4,11,13,1,14,0,0,0,19,28,47,0,0,0,1,1,2,133,95,228,2020-07-31T22:00:00Z
14,271,Moslavina Podravska,20,30,50,2,2,4,20,9,29,0,0,0,15,9,24,0,0,0,0,0,0,57,50,107,2020-07-31T22:00:00Z
14,278,Našice,2208,1690,3898,159,82,241,51,16,67,15,34,49,257,244,501,0,0,0,9,4,13,2699,2070,4769,2020-07-31T22:00:00Z
14,312,Osijek,23346,21649,44995,811,583,1394,99,41,140,182,206,388,791,1133,1924,1,0,1,39,55,94,25269,23667,48936,2020-07-31T22:00:00Z
14,325,Petlovac,50,48,98,5,4,9,15,0,15,0,0,0,14,7,21,0,0,0,1,0,1,85,59,144,2020-07-31T22:00:00Z
14,327,Petrijevci,290,197,487,17,3,20,12,5,17,0,1,1,13,8,21,0,0,0,1,2,3,333,216,549,2020-07-31T22:00:00Z
14,340,Podgorač,99,104,203,27,8,35,33,7,40,1,2,3,21,31,52,0,0,0,0,1,1,181,153,334,2020-07-31T22:00:00Z
14,346,Popovac,49,52,101,2,2,4,5,7,12,0,0,0,5,9,14,0,0,0,0,0,0,61,70,131,2020-07-31T22:00:00Z
14,361,Punitovci,47,46,93,20,3,23,18,4,22,0,1,1,24,7,31,0,0,0,0,0,0,109,61,170,2020-07-31T22:00:00Z
14,381,Satnica Đakovačka,117,106,223,24,4,28,11,3,14,0,0,0,44,31,75,0,0,0,0,1,1,196,145,341,2020-07-31T22:00:00Z
14,386,Semeljci,247,182,429,46,16,62,56,30,86,1,3,4,80,29,109,0,0,0,2,1,3,432,261,693,2020-07-31T22:00:00Z
14,421,Strizivojna,301,284,585,17,7,24,19,3,22,0,0,0,12,11,23,0,0,0,1,0,1,350,305,655,2020-07-31T22:00:00Z
14,461,Trnava,50,65,115,6,3,9,15,6,21,0,0,0,13,3,16,0,0,0,0,0,0,84,77,161,2020-07-31T22:00:00Z
14,471,Valpovo,860,986,1846,74,49,123,43,17,60,16,25,41,87,104,191,0,0,0,7,8,15,1087,1189,2276,2020-07-31T22:00:00Z
14,485,Viljevo,46,59,105,10,1,11,28,5,33,0,2,2,16,10,26,0,0,0,1,1,2,101,78,179,2020-07-31T22:00:00Z
14,494,Viškovci,225,210,435,21,3,24,15,6,21,0,1,1,23,2,25,0,0,0,2,0,2,286,222,508,2020-07-31T22:00:00Z
14,517,Vuka,43,61,104,13,2,15,18,5,23,0,1,1,19,13,32,0,0,0,0,0,0,93,82,175,2020-07-31T22:00:00Z
14,576,Donja Motičina,26,28,54,9,2,11,2,1,3,0,1,1,18,9,27,0,0,0,0,0,0,55,41,96,2020-07-31T22:00:00Z
14,578,Magadenovac,105,106,211,5,1,6,28,10,38,1,4,5,18,21,39,0,0,0,0,0,0,157,142,299,2020-07-31T22:00:00Z
14,579,Vladislavci,130,117,247,3,1,4,7,4,11,0,1,1,4,5,9,0,0,0,0,0,0,144,128,272,2020-07-31T22:00:00Z
14,609,Jagodnjak,137,80,217,7,4,11,25,4,29,0,0,0,9,5,14,0,0,0,0,0,0,178,93,271,2020-07-31T22:00:00Z
14,614,Šodolovci,20,29,49,0,0,0,0,0,0,0,0,0,15,4,19,0,0,0,0,0,0,35,33,68,2020-07-31T22:00:00Z
14,64,Čeminac,83,130,213,11,0,11,3,2,5,0,1,1,15,9,24,0,0,0,0,0,0,112,142,254,2020-07-31T22:00:00Z
14,65,Čepin,564,441,1005,87,33,120,54,23,77,6,8,14,92,95,187,0,0,0,4,3,7,807,603,1410,2020-07-31T22:00:00Z
14,66,Darda,1767,858,2625,54,28,82,34,4,38,1,4,5,61,50,111,0,0,0,1,0,1,1918,944,2862,2020-07-31T22:00:00Z
14,86,Donji Miholjac,1191,926,2117,85,48,133,153,40,193,6,17,23,165,121,286,0,0,0,3,1,4,1603,1153,2756,2020-07-31T22:00:00Z
14,91,Draž,93,134,227,11,4,15,18,8,26,0,0,0,11,10,21,0,0,0,0,0,0,133,156,289,2020-07-31T22:00:00Z
14,94,Drenje,91,135,226,28,7,35,54,22,76,0,0,0,12,16,28,0,0,0,0,0,0,185,180,365,2020-07-31T22:00:00Z
15,113,Ervenik,48,61,109,1,0,1,4,2,6,0,0,0,0,0,0,0,0,0,0,0,0,53,63,116,2020-07-31T22:00:00Z
15,183,Kijevo,36,32,68,2,0,2,1,0,1,0,0,0,0,0,0,0,0,0,0,0,0,39,32,71,2020-07-31T22:00:00Z
15,184,Kistanje,63,68,131,30,7,37,0,0,0,2,0,2,35,9,44,0,0,0,0,0,0,130,84,214,2020-07-31T22:00:00Z
15,196,Knin,1538,1290,2828,124,68,192,48,9,57,31,5,36,129,152,281,0,0,0,2,2,4,1872,1526,3398,2020-07-31T22:00:00Z
15,298,Promina,106,82,188,2,1,3,1,2,3,0,0,0,0,1,1,0,0,0,0,0,0,109,86,195,2020-07-31T22:00:00Z
15,310,Biskupija,79,34,113,2,0,2,1,1,2,1,0,1,0,0,0,0,0,0,0,0,0,83,35,118,2020-07-31T22:00:00Z
15,357,Primošten,334,350,684,107,40,147,3,0,3,5,0,5,128,91,219,0,0,0,1,1,2,578,482,1060,2020-07-31T22:00:00Z
15,377,Ružić,30,51,81,3,0,3,6,7,13,0,0,0,3,11,14,0,0,0,0,0,0,42,69,111,2020-07-31T22:00:00Z
15,394,Skradin,138,168,306,49,17,66,17,5,22,3,3,6,40,52,92,0,0,0,0,0,0,247,245,492,2020-07-31T22:00:00Z
15,444,Šibenik,7982,8256,16238,687,377,1064,38,13,51,171,109,280,635,755,1390,2,0,2,18,25,43,9533,9535,19068,2020-07-31T22:00:00Z
15,454,Tisno,320,309,629,118,53,171,5,0,5,10,3,13,108,95,203,0,0,0,0,2,2,561,462,1023,2020-07-31T22:00:00Z
15,469,Unešić,48,57,105,7,1,8,3,1,4,1,0,1,14,5,19,0,0,0,0,0,0,73,64,137,2020-07-31T22:00:00Z
15,500,Vodice,1007,1147,2154,292,124,416,10,6,16,10,7,17,270,236,506,0,0,0,5,7,12,1594,1527,3121,2020-07-31T22:00:00Z
15,51,Civljane,45,10,55,1,0,1,0,0,0,0,0,0,1,3,4,0,0,0,0,0,0,47,13,60,2020-07-31T22:00:00Z
15,581,Pirovac,151,144,295,39,23,62,4,2,6,1,2,3,46,76,122,0,0,0,0,1,1,241,248,489,2020-07-31T22:00:00Z
15,582,Rogoznica,272,256,528,60,23,83,2,1,3,7,2,9,63,73,136,0,0,0,0,0,0,404,355,759,2020-07-31T22:00:00Z
15,617,Murter,342,312,654,81,44,125,5,1,6,13,2,15,119,105,224,0,0,0,0,0,0,560,464,1024,2020-07-31T22:00:00Z
15,621,Bilice,68,39,107,20,7,27,0,0,0,6,0,6,23,16,39,0,0,0,0,0,0,117,62,179,2020-07-31T22:00:00Z
15,626,Tribunj,111,86,197,28,19,47,0,0,0,1,0,1,70,41,111,0,0,0,0,2,2,210,148,358,2020-07-31T22:00:00Z
15,95,Drniš,860,588,1448,67,53,120,40,19,59,6,8,14,80,87,167,0,0,0,0,2,2,1053,757,1810,2020-07-31T22:00:00Z
16,1,Andrijaševci,62,107,169,23,11,34,14,6,20,2,0,2,45,27,72,0,0,0,0,3,3,146,154,300,2020-07-31T22:00:00Z
16,137,Gradište,102,78,180,18,4,22,33,6,39,0,1,1,11,17,28,0,0,0,0,0,0,164,106,270,2020-07-31T22:00:00Z
16,141,Gunja,192,113,305,32,9,41,35,13,48,2,1,3,29,10,39,0,0,0,1,2,3,291,148,439,2020-07-31T22:00:00Z
16,154,Ilok,462,500,962,63,21,84,52,16,68,1,3,4,105,96,201,0,0,0,1,1,2,684,637,1321,2020-07-31T22:00:00Z
16,159,Ivankovo,328,349,677,68,28,96,49,11,60,3,5,8,105,88,193,0,0,0,3,2,5,556,483,1039,2020-07-31T22:00:00Z
16,166,Jarmina,36,60,96,12,8,20,24,9,33,0,1,1,24,13,37,0,0,0,0,4,4,96,95,191,2020-07-31T22:00:00Z
16,239,Lovas,62,62,124,5,0,5,14,0,14,1,0,1,4,6,10,0,0,0,0,1,1,86,69,155,2020-07-31T22:00:00Z
16,26,Bogdanovci,28,52,80,3,0,3,9,4,13,0,0,0,17,3,20,0,0,0,0,0,0,57,59,116,2020-07-31T22:00:00Z
16,29,Borovo,81,86,167,37,14,51,26,5,31,3,4,7,58,66,124,0,0,0,1,1,2,206,176,382,2020-07-31T22:00:00Z
16,294,Nuštar,237,297,534,32,18,50,30,6,36,2,3,5,43,28,71,0,0,0,3,1,4,347,353,700,2020-07-31T22:00:00Z
16,295,Nijemci,162,156,318,21,8,29,85,23,108,1,1,2,51,32,83,0,0,0,2,1,3,322,221,543,2020-07-31T22:00:00Z
16,3,Babina Greda,137,106,243,31,10,41,78,25,103,3,0,3,26,42,68,0,0,0,0,0,0,275,183,458,2020-07-31T22:00:00Z
16,32,Bošnjaci,113,85,198,23,6,29,44,7,51,2,0,2,27,32,59,0,0,0,1,0,1,210,130,340,2020-07-31T22:00:00Z
16,414,Stari Jankovci,129,130,259,20,4,24,41,9,50,1,0,1,31,20,51,0,0,0,2,1,3,224,164,388,2020-07-31T22:00:00Z
16,415,Stari Mikanovci,94,107,201,19,11,30,19,9,28,2,1,3,27,40,67,0,0,0,0,0,0,161,168,329,2020-07-31T22:00:00Z
16,44,Cerna,389,198,587,39,18,57,43,17,60,2,1,3,70,48,118,0,0,0,0,0,0,543,282,825,2020-07-31T22:00:00Z
16,456,Tompojevci,16,34,50,13,4,17,37,11,48,0,1,1,15,15,30,0,0,0,0,0,0,81,65,146,2020-07-31T22:00:00Z
16,458,Tordinci,85,86,171,5,2,7,11,0,11,1,0,1,7,8,15,0,0,0,0,0,0,109,96,205,2020-07-31T22:00:00Z
16,459,Tovarnik,154,129,283,16,4,20,42,18,60,1,1,2,13,16,29,0,0,0,0,1,1,226,169,395,2020-07-31T22:00:00Z
16,464,Trpinja,109,202,311,20,6,26,81,11,92,3,0,3,36,26,62,0,0,0,0,0,0,249,245,494,2020-07-31T22:00:00Z
16,487,Vinkovci,8045,6102,14147,282,182,464,33,17,50,57,53,110,478,646,1124,1,0,1,14,6,20,8910,7006,15916,2020-07-31T22:00:00Z
16,505,Vrbanja,236,117,353,30,12,42,75,13,88,2,0,2,21,21,42,0,0,0,0,1,1,364,164,528,2020-07-31T22:00:00Z
16,518,Vukovar,4187,4357,8544,265,140,405,66,28,94,29,42,71,384,374,758,0,0,0,5,5,10,4936,4946,9882,2020-07-31T22:00:00Z
16,534,Županja,2052,1525,3577,130,53,183,38,12,50,23,26,49,185,206,391,1,0,1,7,4,11,2436,1826,4262,2020-07-31T22:00:00Z
16,535,Otok (Vinkovci),364,302,666,35,19,54,60,14,74,9,1,10,64,43,107,0,0,0,0,2,2,532,381,913,2020-07-31T22:00:00Z
16,583,Privlaka,101,66,167,16,5,21,20,8,28,0,2,2,24,19,43,0,0,0,1,2,3,162,102,264,2020-07-31T22:00:00Z
16,584,Vođinci,35,143,178,15,2,17,6,4,10,0,1,1,10,12,22,0,0,0,0,0,0,66,162,228,2020-07-31T22:00:00Z
16,610,Markušica,54,41,95,9,3,12,45,15,60,0,1,1,13,15,28,0,0,0,2,0,2,123,75,198,2020-07-31T22:00:00Z
16,612,Negoslavci,18,10,28,4,0,4,13,3,16,1,0,1,15,14,29,0,0,0,0,0,0,51,27,78,2020-07-31T22:00:00Z
16,628,Štitar,102,45,147,6,0,6,13,3,16,0,1,1,9,8,17,0,0,0,0,0,0,130,57,187,2020-07-31T22:00:00Z
16,92,Drenovci,113,181,294,37,7,44,105,36,141,1,0,1,39,36,75,0,0,0,0,1,1,295,261,556,2020-07-31T22:00:00Z
17,100,Dugi Rat,621,603,1224,93,42,135,1,2,3,33,7,40,189,146,335,0,0,0,0,2,2,937,802,1739,2020-07-31T22:00:00Z
17,134,Gradac,223,304,527,84,39,123,5,1,6,3,1,4,94,150,244,0,0,0,1,3,4,410,498,908,2020-07-31T22:00:00Z
17,148,Hrvace,229,196,425,33,16,49,4,6,10,2,3,5,43,44,87,0,0,0,0,2,2,311,267,578,2020-07-31T22:00:00Z
17,153,Hvar,791,750,1541,231,108,339,13,11,24,16,8,24,326,275,601,1,0,1,3,9,12,1381,1161,2542,2020-07-31T22:00:00Z
17,155,Imotski,1207,1199,2406,136,84,220,11,8,19,33,13,46,130,236,366,0,0,0,13,14,27,1530,1554,3084,2020-07-31T22:00:00Z
17,171,Jelsa,387,341,728,122,37,159,30,10,40,10,0,10,180,113,293,0,0,0,5,5,10,734,506,1240,2020-07-31T22:00:00Z
17,181,Kaštela,3315,3517,6832,457,210,667,23,12,35,122,38,160,525,567,1092,0,0,0,36,25,61,4478,4369,8847,2020-07-31T22:00:00Z
17,192,Klis,221,160,381,35,9,44,6,3,9,17,1,18,39,26,65,0,0,0,0,2,2,318,201,519,2020-07-31T22:00:00Z
17,197,Komiža,187,162,349,66,22,88,4,0,4,2,2,4,51,58,109,0,0,0,2,2,4,312,246,558,2020-07-31T22:00:00Z
17,243,Lovreć,132,92,224,15,9,24,4,0,4,2,1,3,16,10,26,0,0,0,2,1,3,171,113,284,2020-07-31T22:00:00Z
17,249,Makarska,2533,2522,5055,332,206,538,3,2,5,47,29,76,510,543,1053,0,0,0,7,6,13,3432,3308,6740,2020-07-31T22:00:00Z
17,258,Marina,185,242,427,61,28,89,5,4,9,15,1,16,48,85,133,1,0,1,3,1,4,318,361,679,2020-07-31T22:00:00Z
17,267,Milna,113,98,211,22,11,33,3,1,4,4,0,4,39,44,83,0,0,0,5,1,6,186,155,341,2020-07-31T22:00:00Z
17,27,Bol,417,490,907,76,32,108,5,2,7,3,2,5,113,60,173,0,0,0,2,2,4,616,588,1204,2020-07-31T22:00:00Z
17,280,Nerežišća,140,51,191,16,3,19,6,2,8,2,0,2,31,15,46,0,0,0,1,0,1,196,71,267,2020-07-31T22:00:00Z
17,300,Omiš,1485,1694,3179,264,123,387,12,3,15,44,17,61,401,404,805,0,0,0,3,5,8,2209,2246,4455,2020-07-31T22:00:00Z
17,314,Otok,247,194,441,44,18,62,10,1,11,2,0,2,66,51,117,0,0,0,0,0,0,369,264,633,2020-07-31T22:00:00Z
17,337,Podbablje,259,170,429,31,3,34,6,0,6,1,1,2,23,30,53,0,0,0,1,5,6,321,209,530,2020-07-31T22:00:00Z
17,339,Podgora,317,276,593,97,36,133,1,1,2,2,0,2,123,98,221,0,0,0,3,2,5,543,413,956,2020-07-31T22:00:00Z
17,341,Podstrana,779,674,1453,61,18,79,16,4,20,34,5,39,53,82,135,1,0,1,3,3,6,947,786,1733,2020-07-31T22:00:00Z
17,350,Postira,266,231,497,42,18,60,11,3,14,1,3,4,20,19,39,0,0,0,2,1,3,342,275,617,2020-07-31T22:00:00Z
17,358,Pučišća,234,121,355,49,9,58,6,5,11,6,0,6,42,24,66,0,0,0,2,0,2,339,159,498,2020-07-31T22:00:00Z
17,382,Seget,476,486,962,42,11,53,7,3,10,7,2,9,143,94,237,0,0,0,3,1,4,678,597,1275,2020-07-31T22:00:00Z
17,383,Selca,126,121,247,44,24,68,9,3,12,4,2,6,64,43,107,0,0,0,2,1,3,249,194,443,2020-07-31T22:00:00Z
17,389,Sinj,1848,1875,3723,250,129,379,51,16,67,45,44,89,282,374,656,1,1,2,8,18,26,2485,2457,4942,2020-07-31T22:00:00Z
17,406,Solin,3481,2823,6304,248,133,381,10,8,18,113,31,144,314,291,605,0,0,0,11,14,25,4177,3300,7477,2020-07-31T22:00:00Z
17,409,Split,34771,36901,71672,1522,1080,2602,63,41,104,2079,446,2525,1620,2281,3901,4,0,4,165,156,321,40224,40905,81129,2020-07-31T22:00:00Z
17,413,Stari Grad,349,326,675,65,31,96,18,13,31,8,4,12,60,61,121,0,0,0,2,6,8,502,441,943,2020-07-31T22:00:00Z
17,423,Sućuraj,33,26,59,23,3,26,4,2,6,1,0,1,15,14,29,0,0,0,0,0,0,76,45,121,2020-07-31T22:00:00Z
17,427,Supetar,723,860,1583,130,71,201,14,5,19,26,8,34,150,160,310,0,0,0,7,3,10,1050,1107,2157,2020-07-31T22:00:00Z
17,443,Šestanovac,123,142,265,26,5,31,7,0,7,1,2,3,20,22,42,0,0,0,2,1,3,179,172,351,2020-07-31T22:00:00Z
17,447,Šolta,210,146,356,22,18,40,10,3,13,12,2,14,23,25,48,0,0,0,0,0,0,277,194,471,2020-07-31T22:00:00Z
17,460,Trilj,432,503,935,104,28,132,19,7,26,15,3,18,94,142,236,0,0,0,0,4,4,664,687,1351,2020-07-31T22:00:00Z
17,463,Trogir,2029,1894,3923,351,181,532,10,3,13,72,38,110,438,550,988,0,0,0,9,16,25,2909,2682,5591,2020-07-31T22:00:00Z
17,492,Vis,284,305,589,54,23,77,15,2,17,4,2,6,68,68,136,0,0,0,2,2,4,427,402,829,2020-07-31T22:00:00Z
17,50,Cista Provo,119,134,253,26,1,27,8,1,9,1,0,1,4,12,16,0,0,0,1,2,3,159,150,309,2020-07-31T22:00:00Z
17,511,Vrgorac,899,612,1511,50,23,73,25,17,42,5,6,11,44,89,133,0,0,0,0,3,3,1023,750,1773,2020-07-31T22:00:00Z
17,513,Vrlika,109,221,330,17,3,20,12,4,16,2,0,2,21,4,25,0,0,0,1,0,1,162,232,394,2020-07-31T22:00:00Z
17,522,Zagvozd,146,63,209,17,2,19,2,0,2,1,0,1,8,10,18,0,0,0,0,1,1,174,76,250,2020-07-31T22:00:00Z
17,528,Zmijavci,80,99,179,7,2,9,1,1,2,2,0,2,27,10,37,0,0,0,0,1,1,117,113,230,2020-07-31T22:00:00Z
17,585,Dugopolje,1314,726,2040,30,11,41,5,5,10,16,1,17,66,48,114,0,0,0,0,0,0,1431,791,2222,2020-07-31T22:00:00Z
17,586,Lećevica,11,24,35,5,0,5,0,0,0,0,0,0,1,0,1,0,0,0,0,0,0,17,24,41,2020-07-31T22:00:00Z
17,587,Lokvičići,36,23,59,1,0,1,2,0,2,0,0,0,1,2,3,0,0,0,1,0,1,41,25,66,2020-07-31T22:00:00Z
17,588,Okrug,173,187,360,44,24,68,1,1,2,15,4,19,146,77,223,0,0,0,3,3,6,382,296,678,2020-07-31T22:00:00Z
17,589,Prgomet,39,30,69,8,0,8,2,1,3,0,0,0,2,2,4,0,0,0,0,0,0,51,33,84,2020-07-31T22:00:00Z
17,590,Primorski Dolac,14,45,59,4,1,5,1,1,2,0,1,1,3,3,6,0,0,0,0,0,0,22,51,73,2020-07-31T22:00:00Z
17,591,Runovići,71,78,149,6,3,9,0,1,1,0,2,2,26,32,58,0,0,0,0,0,0,103,116,219,2020-07-31T22:00:00Z
17,592,Sutivan,118,90,208,14,6,20,4,1,5,9,1,10,34,27,61,0,0,0,0,0,0,179,125,304,2020-07-31T22:00:00Z
17,593,Tučepi,289,329,618,60,30,90,0,1,1,3,4,7,135,133,268,0,0,0,0,1,1,487,498,985,2020-07-31T22:00:00Z
17,595,Zadvarje,36,25,61,7,1,8,0,1,1,0,0,0,9,6,15,0,0,0,0,0,0,52,33,85,2020-07-31T22:00:00Z
17,72,Dicmo,425,170,595,31,16,47,3,2,5,4,1,5,37,46,83,0,0,0,0,1,1,500,236,736,2020-07-31T22:00:00Z
17,77,Brela,293,326,619,53,29,82,0,1,1,1,1,2,74,103,177,0,0,0,0,1,1,421,461,882,2020-07-31T22:00:00Z
17,87,Muć,155,197,352,19,4,23,3,3,6,6,4,10,8,13,21,0,0,0,0,1,1,191,222,413,2020-07-31T22:00:00Z
17,88,Proložac,180,176,356,13,4,17,2,3,5,0,0,0,32,19,51,0,0,0,3,1,4,230,203,433,2020-07-31T22:00:00Z
17,9,Baška Voda,273,357,630,107,69,176,2,1,3,7,2,9,144,167,311,0,0,0,1,1,2,534,597,1131,2020-07-31T22:00:00Z
18,132,Gračišće,39,30,69,31,3,34,13,3,16,0,0,0,38,9,47,0,0,0,1,1,2,122,46,168,2020-07-31T22:00:00Z
18,138,Grožnjan,29,24,53,15,4,19,12,4,16,0,0,0,13,13,26,0,0,0,0,2,2,69,47,116,2020-07-31T22:00:00Z
18,175,Kanfanar,427,180,607,22,7,29,5,0,5,2,0,2,29,17,46,0,0,0,2,1,3,487,205,692,2020-07-31T22:00:00Z
18,217,Kršan,271,285,556,44,10,54,7,5,12,2,0,2,97,51,148,0,0,0,3,4,7,424,355,779,2020-07-31T22:00:00Z
18,222,Labin,2584,2317,4901,257,119,376,17,10,27,31,35,66,316,266,582,0,0,0,13,10,23,3218,2757,5975,2020-07-31T22:00:00Z
18,223,Lanišće,14,13,27,4,0,4,2,0,2,0,0,0,9,3,12,0,0,0,0,1,1,29,17,46,2020-07-31T22:00:00Z
18,235,Ližnjan,146,136,282,14,5,19,2,0,2,4,0,4,32,40,72,0,0,0,1,0,1,199,181,380,2020-07-31T22:00:00Z
18,246,Lupoglav,176,92,268,11,6,17,7,3,10,0,1,1,13,13,26,0,0,0,0,1,1,207,116,323,2020-07-31T22:00:00Z
18,254,Marčana,161,157,318,38,15,53,3,2,5,6,1,7,34,28,62,0,0,0,2,1,3,244,204,448,2020-07-31T22:00:00Z
18,263,Medulin,799,721,1520,98,50,148,8,2,10,8,5,13,178,202,380,0,0,0,0,1,1,1091,981,2072,2020-07-31T22:00:00Z
18,274,Motovun,90,96,186,34,14,48,20,6,26,1,0,1,43,37,80,0,0,0,3,2,5,191,155,346,2020-07-31T22:00:00Z
18,291,Novigrad,856,1025,1881,123,57,180,20,6,26,2,8,10,171,145,316,0,0,0,4,7,11,1176,1248,2424,2020-07-31T22:00:00Z
18,304,Oprtalj,61,81,142,10,4,14,13,3,16,0,0,0,12,10,22,0,0,0,4,3,7,100,101,201,2020-07-31T22:00:00Z
18,321,Pazin,2028,1892,3920,288,115,403,47,22,69,14,23,37,317,206,523,0,0,0,5,17,22,2699,2275,4974,2020-07-31T22:00:00Z
18,330,Pićan,349,185,534,27,6,33,3,5,8,0,1,1,56,20,76,0,0,0,2,1,3,437,218,655,2020-07-31T22:00:00Z
18,348,Poreč,5239,5262,10501,628,325,953,44,18,62,56,52,108,672,611,1283,0,0,0,9,15,24,6648,6283,12931,2020-07-31T22:00:00Z
18,359,Pula,12969,12451,25420,1145,589,1734,62,43,105,302,176,478,963,1194,2157,0,0,0,76,47,123,15517,14500,30017,2020-07-31T22:00:00Z
18,368,Raša,261,158,419,25,8,33,1,0,1,3,1,4,48,25,73,0,0,0,0,0,0,338,192,530,2020-07-31T22:00:00Z
18,374,Rovinj,3231,3474,6705,418,256,674,27,11,38,35,35,70,626,595,1221,1,0,1,12,16,28,4350,4387,8737,2020-07-31T22:00:00Z
18,40,Brtonigla,185,113,298,36,15,51,25,8,33,1,1,2,45,50,95,0,0,0,0,2,2,292,189,481,2020-07-31T22:00:00Z
18,42,Buje,773,706,1479,89,44,133,24,13,37,7,11,18,57,66,123,0,0,0,3,6,9,953,846,1799,2020-07-31T22:00:00Z
18,43,Buzet,1505,994,2499,162,63,225,21,17,38,5,5,10,101,104,205,0,0,0,10,7,17,1804,1190,2994,2020-07-31T22:00:00Z
18,431,Sveti Lovreč,41,50,91,18,11,29,2,1,3,0,1,1,33,21,54,0,0,0,0,0,0,94,84,178,2020-07-31T22:00:00Z
18,432,Sveta Nedelja,137,133,270,24,7,31,7,3,10,7,1,8,35,18,53,0,0,0,7,5,12,217,167,384,2020-07-31T22:00:00Z
18,433,Sveti Petar U Šumi,162,110,272,25,4,29,2,4,6,0,0,0,28,5,33,0,0,0,1,1,2,218,124,342,2020-07-31T22:00:00Z
18,435,Svetvinčenat,114,96,210,20,4,24,1,0,1,0,1,1,25,27,52,0,0,0,1,0,1,161,128,289,2020-07-31T22:00:00Z
18,453,Tinjan,192,117,309,38,9,47,4,0,4,2,3,5,55,32,87,0,0,0,1,0,1,292,161,453,2020-07-31T22:00:00Z
18,468,Umag,2749,2406,5155,374,165,539,30,15,45,28,33,61,369,378,747,0,0,0,16,19,35,3566,3016,6582,2020-07-31T22:00:00Z
18,47,Cerovlje,93,44,137,39,2,41,5,4,9,1,0,1,35,19,54,0,0,0,1,2,3,174,71,245,2020-07-31T22:00:00Z
18,497,Višnjan,235,233,468,43,11,54,9,4,13,1,0,1,84,36,120,0,0,0,6,0,6,378,284,662,2020-07-31T22:00:00Z
18,498,Vižinada,58,43,101,23,5,28,17,5,22,1,0,1,30,22,52,0,0,0,0,0,0,129,75,204,2020-07-31T22:00:00Z
18,5,Bale,148,118,266,23,15,38,4,3,7,0,0,0,42,21,63,0,0,0,1,1,2,218,158,376,2020-07-31T22:00:00Z
18,502,Vodnjan,706,562,1268,55,20,75,10,4,14,10,4,14,101,63,164,0,0,0,0,0,0,882,653,1535,2020-07-31T22:00:00Z
18,516,Vrsar,382,403,785,80,43,123,4,1,5,5,1,6,154,147,301,1,0,1,3,0,3,629,595,1224,2020-07-31T22:00:00Z
18,531,Žminj,468,396,864,91,41,132,12,5,17,1,3,4,102,75,177,0,0,0,5,2,7,679,522,1201,2020-07-31T22:00:00Z
18,596,Karojba,88,133,221,33,7,40,2,1,3,0,0,0,53,9,62,0,0,0,1,0,1,177,150,327,2020-07-31T22:00:00Z
18,597,Kaštelir - Labinci,152,75,227,29,13,42,5,2,7,1,0,1,42,12,54,0,0,0,2,3,5,231,105,336,2020-07-31T22:00:00Z
18,6,Barban,217,106,323,40,5,45,8,5,13,0,1,1,18,24,42,0,0,0,4,1,5,287,142,429,2020-07-31T22:00:00Z
18,619,Fažana,324,241,565,32,17,49,0,1,1,4,2,6,78,89,167,0,0,0,0,2,2,438,352,790,2020-07-31T22:00:00Z
18,629,Funtana,179,188,367,22,10,32,1,0,1,0,0,0,73,78,151,0,0,0,1,1,2,276,277,553,2020-07-31T22:00:00Z
18,631,Tar-Vabriga,176,265,441,42,16,58,2,0,2,1,0,1,69,73,142,0,0,0,0,1,1,290,355,645,2020-07-31T22:00:00Z
19,198,Konavle,1255,926,2181,202,72,274,22,9,31,32,8,40,106,131,237,0,0,0,7,4,11,1624,1150,2774,2020-07-31T22:00:00Z
19,204,Korčula,738,896,1634,153,67,220,17,10,27,83,10,93,159,176,335,0,0,0,7,8,15,1157,1167,2324,2020-07-31T22:00:00Z
19,219,Kula Norinska,39,58,97,14,3,17,2,0,2,2,0,2,6,7,13,0,0,0,0,0,0,63,68,131,2020-07-31T22:00:00Z
19,226,Lastovo,83,105,188,24,11,35,1,1,2,4,1,5,22,20,42,0,0,0,2,4,6,136,142,278,2020-07-31T22:00:00Z
19,25,Blato,597,404,1001,63,22,85,19,5,24,8,8,16,164,53,217,0,0,0,5,3,8,856,495,1351,2020-07-31T22:00:00Z
19,264,Metković,1852,1548,3400,180,98,278,32,21,53,43,21,64,346,289,635,0,0,0,6,6,12,2459,1983,4442,2020-07-31T22:00:00Z
19,268,Mljet,194,106,300,31,15,46,4,0,4,5,2,7,26,30,56,0,0,0,2,1,3,262,154,416,2020-07-31T22:00:00Z
19,306,Opuzen,398,323,721,32,15,47,41,20,61,3,1,4,20,40,60,0,0,0,1,1,2,495,400,895,2020-07-31T22:00:00Z
19,308,Orebić,430,416,846,99,45,144,30,8,38,39,6,45,141,152,293,0,0,0,5,12,17,744,639,1383,2020-07-31T22:00:00Z
19,335,Ploče,1383,839,2222,81,44,125,16,3,19,31,9,40,83,145,228,0,0,0,3,3,6,1597,1043,2640,2020-07-31T22:00:00Z
19,343,Pojezerje,28,22,50,5,3,8,6,0,6,0,0,0,1,3,4,0,0,0,0,0,0,40,28,68,2020-07-31T22:00:00Z
19,399,Slivno,382,68,450,15,12,27,16,7,23,0,0,0,15,27,42,0,0,0,0,0,0,428,114,542,2020-07-31T22:00:00Z
19,402,Smokvica,36,66,102,15,2,17,12,6,18,5,0,5,34,11,45,0,0,0,3,2,5,105,87,192,2020-07-31T22:00:00Z
19,419,Ston,450,230,680,52,14,66,18,5,23,4,1,5,48,33,81,0,0,0,0,2,2,572,285,857,2020-07-31T22:00:00Z
19,474,Vela Luka,321,543,864,69,28,97,10,1,11,30,4,34,100,63,163,0,0,0,4,6,10,534,645,1179,2020-07-31T22:00:00Z
19,523,Zažablje,11,5,16,5,0,5,4,2,6,1,0,1,5,2,7,0,0,0,0,0,0,26,9,35,2020-07-31T22:00:00Z
19,598,Dubrovačko Primorje,167,116,283,24,7,31,5,6,11,7,3,10,42,22,64,0,0,0,1,2,3,246,156,402,2020-07-31T22:00:00Z
19,599,Janjina,299,68,367,12,5,17,11,3,14,1,1,2,9,11,20,0,0,0,2,0,2,334,88,422,2020-07-31T22:00:00Z
19,600,Lumbarda,56,66,122,43,16,59,8,1,9,11,1,12,36,33,69,0,0,0,2,2,4,156,119,275,2020-07-31T22:00:00Z
19,601,Trpanj,53,50,103,15,5,20,1,2,3,4,2,6,27,14,41,0,0,0,1,1,2,101,74,175,2020-07-31T22:00:00Z
19,602,Župa Dubrovačka,632,637,1269,124,67,191,5,5,10,48,2,50,87,81,168,1,0,1,7,1,8,904,793,1697,2020-07-31T22:00:00Z
19,98,Dubrovnik,10360,10589,20949,784,412,1196,29,14,43,508,81,589,699,753,1452,0,0,0,54,61,115,12434,11910,24344,2020-07-31T22:00:00Z
20,123,Goričan,318,148,466,7,3,10,8,2,10,0,2,2,13,16,29,0,0,0,0,0,0,346,171,517,2020-07-31T22:00:00Z
20,15,Belica,183,184,367,24,15,39,64,45,109,1,1,2,28,36,64,0,0,0,0,1,1,300,282,582,2020-07-31T22:00:00Z
20,206,Kotoriba,462,235,697,10,4,14,7,0,7,0,5,5,16,17,33,0,0,0,0,0,0,495,261,756,2020-07-31T22:00:00Z
20,250,Mala Subotica,485,956,1441,29,17,46,34,17,51,2,3,5,40,28,68,0,0,0,1,5,6,591,1026,1617,2020-07-31T22:00:00Z
20,276,Mursko Središće,755,722,1477,39,23,62,19,7,26,3,7,10,58,59,117,0,0,0,1,3,4,875,821,1696,2020-07-31T22:00:00Z
20,279,Nedelišće,1311,712,2023,89,36,125,42,19,61,2,7,9,150,64,214,0,0,0,3,7,10,1597,845,2442,2020-07-31T22:00:00Z
20,342,Podturen,185,85,270,21,6,27,18,16,34,1,3,4,53,40,93,0,0,0,0,2,2,278,152,430,2020-07-31T22:00:00Z
20,355,Prelog,2213,1569,3782,63,17,80,48,32,80,8,9,17,61,54,115,0,0,0,6,3,9,2399,1684,4083,2020-07-31T22:00:00Z
20,385,Selnica,129,116,245,7,7,14,8,7,15,1,2,3,12,16,28,0,0,0,0,1,1,157,149,306,2020-07-31T22:00:00Z
20,440,Sveti Juraj Na Bregu,253,141,394,28,13,41,14,7,21,2,2,4,46,62,108,0,0,0,0,1,1,343,226,569,2020-07-31T22:00:00Z
20,441,Sveti Martin Na Muri,540,309,849,9,9,18,12,6,18,0,3,3,29,36,65,0,0,0,1,1,2,591,364,955,2020-07-31T22:00:00Z
20,452,Štrigova,270,185,455,25,9,34,44,25,69,2,2,4,64,63,127,0,0,0,0,0,0,405,284,689,2020-07-31T22:00:00Z
20,504,Vratišinec,151,91,242,6,4,10,12,3,15,2,2,4,9,5,14,0,0,0,2,0,2,182,105,287,2020-07-31T22:00:00Z
20,60,Čakovec,9621,9118,18739,255,121,376,66,28,94,38,65,103,288,379,667,0,0,0,8,8,16,10276,9719,19995,2020-07-31T22:00:00Z
20,603,Dekanovec,71,75,146,5,2,7,8,6,14,0,0,0,5,3,8,0,0,0,0,1,1,89,87,176,2020-07-31T22:00:00Z
20,604,Gornji Mihaljevec,128,57,185,9,2,11,23,7,30,2,1,3,20,11,31,0,0,0,1,0,1,183,78,261,2020-07-31T22:00:00Z
20,605,Orehovica,78,99,177,14,2,16,29,14,43,1,3,4,46,21,67,0,0,0,1,2,3,169,141,310,2020-07-31T22:00:00Z
20,606,Strahoninec,242,115,357,12,4,16,3,1,4,0,0,0,37,11,48,0,0,0,0,2,2,294,133,427,2020-07-31T22:00:00Z
20,607,Sveta Marija,76,66,142,14,6,20,6,0,6,1,0,1,27,8,35,0,0,0,2,1,3,126,81,207,2020-07-31T22:00:00Z
20,608,Šenkovec,515,232,747,15,13,28,3,1,4,0,1,1,27,25,52,0,0,0,1,3,4,561,275,836,2020-07-31T22:00:00Z
20,620,Pribislavec,217,81,298,11,5,16,3,1,4,2,2,4,19,11,30,0,0,0,0,0,0,252,100,352,2020-07-31T22:00:00Z
20,75,Domašinec,315,110,425,7,9,16,19,12,31,0,1,1,18,9,27,0,0,0,2,2,4,361,143,504,2020-07-31T22:00:00Z
20,78,Donja Dubrava,180,213,393,15,7,22,7,3,10,0,1,1,11,12,23,0,0,0,0,0,0,213,236,449,2020-07-31T22:00:00Z
20,82,Donji Kraljevec,1308,558,1866,34,10,44,54,16,70,3,6,9,78,130,208,0,0,0,6,7,13,1483,727,2210,2020-07-31T22:00:00Z
20,89,Donji Vidovec,51,75,126,3,1,4,6,0,6,1,2,3,3,13,16,0,0,0,0,0,0,64,91,155,2020-07-31T22:00:00Z
21,133,Zagreb,220946,200664,421610,7860,5097,12957,309,197,506,2226,2103,4329,5626,7152,12778,20,2,22,403,573,976,237390,215788,453178,2020-07-31T22:00:00Z
01,101,Dugo Selo,2828,1962,4790,218,99,317,27,22,49,23,24,47,274,238,512,0,0,0,6,18,24,3376,2363,5739,2020-08-31T22:00:00Z
01,114,Farkaševac,180,234,414,7,4,11,29,13,42,0,2,2,40,15,55,0,0,0,0,0,0,256,268,524,2020-08-31T22:00:00Z
01,135,Gradec,151,134,285,15,3,18,13,7,20,0,2,2,40,18,58,0,0,0,0,0,0,219,164,383,2020-08-31T22:00:00Z
01,158,Ivanić-Grad,2970,1630,4600,88,73,161,54,31,85,7,19,26,147,200,347,0,0,0,10,9,19,3276,1962,5238,2020-08-31T22:00:00Z
01,163,Jakovlje,209,177,386,42,9,51,8,12,20,4,2,6,41,46,87,0,0,0,0,0,0,304,246,550,2020-08-31T22:00:00Z
01,169,Jastrebarsko,2152,1587,3739,219,117,336,64,32,96,15,19,34,256,239,495,0,0,0,7,9,16,2713,2003,4716,2020-08-31T22:00:00Z
01,190,Klinča Selo,195,146,341,36,7,43,5,3,8,0,0,0,76,52,128,0,0,0,0,1,1,312,209,521,2020-08-31T22:00:00Z
01,193,Kloštar Ivanić,381,289,670,25,10,35,21,7,28,1,11,12,60,45,105,0,0,0,2,0,2,490,362,852,2020-08-31T22:00:00Z
01,213,Križ,573,388,961,28,24,52,22,13,35,4,6,10,24,61,85,0,0,0,2,2,4,653,494,1147,2020-08-31T22:00:00Z
01,33,Brckovljani,282,302,584,7,3,10,0,0,0,0,2,2,21,12,33,0,0,0,0,0,0,310,319,629,2020-08-31T22:00:00Z
01,331,Pisarovina,378,284,662,27,16,43,23,20,43,1,3,4,21,33,54,0,0,0,1,3,4,451,359,810,2020-08-31T22:00:00Z
01,34,Brdovec,826,689,1515,97,30,127,12,8,20,3,8,11,83,62,145,0,0,0,2,4,6,1023,801,1824,2020-08-31T22:00:00Z
01,356,Preseka,19,9,28,5,2,7,14,12,26,0,1,1,18,6,24,0,0,0,1,1,2,57,31,88,2020-08-31T22:00:00Z
01,362,Pušča,174,193,367,29,14,43,8,2,10,1,3,4,54,27,81,0,0,0,0,0,0,266,239,505,2020-08-31T22:00:00Z
01,376,Rugvica,985,429,1414,9,5,14,4,2,6,1,2,3,26,26,52,0,0,0,1,0,1,1026,464,1490,2020-08-31T22:00:00Z
01,380,Samobor,5113,3680,8793,484,288,772,28,24,52,45,70,115,541,513,1054,0,0,0,32,24,56,6243,4599,10842,2020-08-31T22:00:00Z
01,429,Sveti Ivan Zelina,2133,1866,3999,170,68,238,87,64,151,15,19,34,242,209,451,0,0,0,10,4,14,2657,2230,4887,2020-08-31T22:00:00Z
01,436,Sveta Nedjelja,5106,3134,8240,220,83,303,9,4,13,8,13,21,333,176,509,0,0,0,9,7,16,5685,3417,9102,2020-08-31T22:00:00Z
01,508,Vrbovec,2145,1908,4053,152,68,220,76,33,109,7,24,31,270,155,425,0,0,0,10,9,19,2660,2197,4857,2020-08-31T22:00:00Z
01,533,Krašić,260,182,442,30,8,38,18,11,29,3,3,6,26,30,56,0,0,0,1,1,2,338,235,573,2020-08-31T22:00:00Z
01,536,Rakovec,27,15,42,10,2,12,13,11,24,0,1,1,19,11,30,0,0,0,0,0,0,69,40,109,2020-08-31T22:00:00Z
01,539,Marija Gorica,83,88,171,14,3,17,0,0,0,1,1,2,23,22,45,0,0,0,0,0,0,121,114,235,2020-08-31T22:00:00Z
01,540,Žumberak,14,21,35,5,2,7,8,6,14,0,0,0,9,9,18,0,0,0,0,0,0,36,38,74,2020-08-31T22:00:00Z
01,541,Velika Gorica,7562,5989,13551,603,337,940,69,32,101,53,64,117,607,542,1149,0,0,0,30,21,51,8924,6985,15909,2020-08-31T22:00:00Z
01,542,Orle,43,23,66,12,1,13,10,6,16,0,0,0,10,3,13,0,0,0,0,1,1,75,34,109,2020-08-31T22:00:00Z
01,543,Zaprešić,3276,2874,6150,208,137,345,15,10,25,35,45,80,239,237,476,0,0,0,15,17,32,3788,3320,7108,2020-08-31T22:00:00Z
01,544,Pokupsko,42,60,102,9,7,16,14,7,21,1,0,1,8,9,17,0,0,0,0,0,0,74,83,157,2020-08-31T22:00:00Z
01,545,Kravarsko,112,105,217,27,8,35,9,8,17,0,0,0,63,13,76,0,0,0,1,0,1,212,134,346,2020-08-31T22:00:00Z
01,547,Bistra,338,525,863,46,24,70,7,5,12,2,8,10,66,52,118,1,0,1,1,2,3,461,616,1077,2020-08-31T22:00:00Z
01,548,Luka,245,74,319,14,2,16,2,5,7,1,1,2,21,17,38,0,0,0,1,0,1,284,99,383,2020-08-31T22:00:00Z
01,549,Dubravica,70,41,111,14,0,14,14,8,22,0,0,0,18,12,30,0,0,0,0,0,0,116,61,177,2020-08-31T22:00:00Z
01,550,Bedenica,191,145,336,12,5,17,7,7,14,1,1,2,20,12,32,0,0,0,0,0,0,231,170,401,2020-08-31T22:00:00Z
01,551,Stupnik,1229,484,1713,22,14,36,0,4,4,2,2,4,18,21,39,0,0,0,0,1,1,1271,526,1797,2020-08-31T22:00:00Z
01,97,Dubrava,292,319,611,43,21,64,66,39,105,3,12,15,75,68,143,0,0,0,4,8,12,483,467,950,2020-08-31T22:00:00Z
02,108,Đurmanec,104,127,231,57,10,67,0,3,3,3,3,6,103,89,192,0,0,0,1,0,1,268,232,500,2020-08-31T22:00:00Z
02,11,Bedekovčina,514,726,1240,90,40,130,7,9,16,5,10,15,122,116,238,0,0,0,4,3,7,742,904,1646,2020-08-31T22:00:00Z
02,125,Gornja Stubica,187,280,467,48,13,61,10,3,13,1,1,2,64,48,112,0,0,0,0,2,2,310,347,657,2020-08-31T22:00:00Z
02,146,Hraščina,49,32,81,9,2,11,3,4,7,0,1,1,4,6,10,0,0,0,0,0,0,65,45,110,2020-08-31T22:00:00Z
02,152,Hum Na Sutli,1625,581,2206,52,32,84,4,0,4,1,8,9,167,68,235,0,0,0,0,1,1,1849,690,2539,2020-08-31T22:00:00Z
02,187,Klanjec,307,251,558,63,22,85,10,7,17,5,0,5,62,44,106,0,0,0,1,2,3,448,326,774,2020-08-31T22:00:00Z
02,200,Konjščina,385,358,743,33,14,47,2,0,2,1,3,4,27,32,59,0,0,0,1,3,4,449,410,859,2020-08-31T22:00:00Z
02,208,Kraljevec Na Sutli,59,52,111,15,6,21,4,3,7,0,0,0,19,6,25,0,0,0,0,2,2,97,69,166,2020-08-31T22:00:00Z
02,211,Krapina,2697,2710,5407,160,79,239,6,4,10,18,22,40,198,179,377,0,0,0,2,2,4,3081,2996,6077,2020-08-31T22:00:00Z
02,212,Krapinske Toplice,563,1153,1716,65,34,99,4,7,11,0,5,5,112,76,188,0,0,0,0,0,0,744,1275,2019,2020-08-31T22:00:00Z
02,236,Lobor,170,228,398,18,10,28,5,5,10,0,0,0,28,15,43,0,0,0,1,0,1,222,258,480,2020-08-31T22:00:00Z
02,248,Mače,114,56,170,25,7,32,3,3,6,1,0,1,46,36,82,0,0,0,0,0,0,189,102,291,2020-08-31T22:00:00Z
02,256,Marija Bistrica,341,317,658,60,41,101,16,6,22,0,4,4,88,78,166,0,0,0,3,4,7,508,450,958,2020-08-31T22:00:00Z
02,265,Mihovljan,103,95,198,32,5,37,6,0,6,0,0,0,65,13,78,0,0,0,1,1,2,207,114,321,2020-08-31T22:00:00Z
02,311,Oroslavje,869,772,1641,76,32,108,8,1,9,5,8,13,101,71,172,0,0,0,4,3,7,1063,887,1950,2020-08-31T22:00:00Z
02,329,Petrovsko,71,50,121,16,2,18,1,0,1,4,0,4,52,11,63,0,0,0,1,0,1,145,63,208,2020-08-31T22:00:00Z
02,352,Pregrada,778,927,1705,106,30,136,5,3,8,5,7,12,155,104,259,0,0,0,0,2,2,1049,1073,2122,2020-08-31T22:00:00Z
02,364,Radoboj,133,92,225,16,10,26,1,1,2,1,2,3,52,20,72,0,0,0,0,0,0,203,125,328,2020-08-31T22:00:00Z
02,41,Budinščina,162,170,332,14,6,20,7,2,9,1,2,3,18,11,29,0,0,0,1,1,2,203,192,395,2020-08-31T22:00:00Z
02,422,Stubičke Toplice,220,397,617,31,14,45,1,1,2,4,6,10,67,29,96,0,0,0,1,1,2,324,448,772,2020-08-31T22:00:00Z
02,430,Sveti Križ Začretje,615,717,1332,74,22,96,9,5,14,2,3,5,135,97,232,0,0,0,4,1,5,839,845,1684,2020-08-31T22:00:00Z
02,466,Tuhelj,122,207,329,18,12,30,5,1,6,1,2,3,31,36,67,0,0,0,0,0,0,177,258,435,2020-08-31T22:00:00Z
02,481,Veliko Trgovišće,482,303,785,49,14,63,4,4,8,2,5,7,104,55,159,0,0,0,5,1,6,646,382,1028,2020-08-31T22:00:00Z
02,519,Zabok,2763,2655,5418,139,79,218,5,4,9,14,17,31,196,329,525,0,0,0,1,3,4,3118,3087,6205,2020-08-31T22:00:00Z
02,521,Zagorska Sela,13,53,66,9,1,10,6,1,7,0,1,1,14,5,19,0,0,0,0,0,0,42,61,103,2020-08-31T22:00:00Z
02,526,Zlatar,520,638,1158,90,42,132,20,14,34,10,10,20,96,74,170,0,0,0,2,5,7,738,783,1521,2020-08-31T22:00:00Z
02,527,Zlatar Bistrica,370,578,948,26,8,34,3,2,5,4,2,6,70,43,113,0,0,0,2,6,8,475,639,1114,2020-08-31T22:00:00Z
02,552,Jesenje,53,54,107,9,1,10,0,1,1,1,0,1,50,8,58,0,0,0,0,0,0,113,64,177,2020-08-31T22:00:00Z
02,553,Kumrovec,86,102,188,19,5,24,2,0,2,2,1,3,26,18,44,0,0,0,0,0,0,135,126,261,2020-08-31T22:00:00Z
02,554,Novi Golubovec,140,54,194,4,2,6,1,0,1,0,0,0,7,2,9,0,0,0,0,0,0,152,58,210,2020-08-31T22:00:00Z
02,70,Desinić,142,277,419,30,7,37,9,2,11,2,1,3,29,29,58,0,0,0,0,1,1,212,317,529,2020-08-31T22:00:00Z
02,79,Donja Stubica,756,760,1516,95,49,144,5,3,8,6,3,9,106,55,161,0,0,0,2,3,5,970,873,1843,2020-08-31T22:00:00Z
03,102,Dvor,257,130,387,13,4,17,64,17,81,0,3,3,7,9,16,0,0,0,3,1,4,344,164,508,2020-08-31T22:00:00Z
03,121,Glina,1116,675,1791,36,24,60,56,21,77,3,13,16,71,78,149,0,0,0,1,2,3,1283,813,2096,2020-08-31T22:00:00Z
03,149,Hrvatska Dubica,65,81,146,7,2,9,12,3,15,0,0,0,5,4,9,0,0,0,0,0,0,89,90,179,2020-08-31T22:00:00Z
03,150,Hrvatska Kostajnica,313,273,586,16,9,25,12,2,14,1,3,4,5,15,20,0,0,0,2,0,2,349,302,651,2020-08-31T22:00:00Z
03,168,Jasenovac,136,116,252,12,3,15,12,7,19,0,0,0,12,9,21,0,0,0,0,0,0,172,135,307,2020-08-31T22:00:00Z
03,220,Kutina,3412,2846,6258,162,102,264,41,22,63,32,23,55,201,251,452,1,0,1,15,6,21,3864,3250,7114,2020-08-31T22:00:00Z
03,228,Lekenik,296,219,515,36,10,46,8,11,19,1,5,6,34,32,66,0,0,0,0,2,2,375,279,654,2020-08-31T22:00:00Z
03,232,Lipovljani,297,272,569,25,11,36,10,4,14,2,0,2,30,36,66,0,0,0,0,1,1,364,324,688,2020-08-31T22:00:00Z
03,259,Martinska Ves,133,68,201,8,3,11,31,18,49,1,0,1,35,15,50,0,0,0,1,0,1,209,104,313,2020-08-31T22:00:00Z
03,293,Novska,1295,983,2278,158,89,247,29,15,44,8,19,27,248,250,498,0,0,0,1,3,4,1739,1359,3098,2020-08-31T22:00:00Z
03,328,Petrinja,1524,1651,3175,197,81,278,65,21,86,9,27,36,258,262,520,0,0,0,7,8,15,2060,2050,4110,2020-08-31T22:00:00Z
03,347,Popovača,925,1003,1928,83,39,122,47,15,62,9,10,19,94,122,216,0,0,0,7,4,11,1165,1193,2358,2020-08-31T22:00:00Z
03,391,Sisak,6943,8078,15021,349,203,552,104,67,171,50,83,133,580,584,1164,0,0,0,17,19,36,8043,9034,17077,2020-08-31T22:00:00Z
03,426,Sunja,176,152,328,24,8,32,40,35,75,1,4,5,22,23,45,0,0,0,3,0,3,266,222,488,2020-08-31T22:00:00Z
03,457,Topusko,252,324,576,19,6,25,4,2,6,4,0,4,32,30,62,0,0,0,0,0,0,311,362,673,2020-08-31T22:00:00Z
03,477,Velika Ludina,118,143,261,11,8,19,12,4,16,0,0,0,25,27,52,0,0,0,0,0,0,166,182,348,2020-08-31T22:00:00Z
03,510,Gvozd,91,108,199,7,3,10,19,4,23,0,0,0,16,13,29,0,0,0,2,0,2,135,128,263,2020-08-31T22:00:00Z
03,555,Majur,102,78,180,0,1,1,5,1,6,0,0,0,2,0,2,0,0,0,1,0,1,110,80,190,2020-08-31T22:00:00Z
03,83,Donji Kukuruzari,47,61,108,4,0,4,5,3,8,0,0,0,1,3,4,0,0,0,1,0,1,58,67,125,2020-08-31T22:00:00Z
04,120,Generalski Stol,32,67,99,20,6,26,1,0,1,0,1,1,22,15,37,0,0,0,0,0,0,75,89,164,2020-08-31T22:00:00Z
04,172,Josipdol,209,180,389,29,17,46,3,9,12,2,1,3,43,55,98,0,0,0,0,1,1,286,263,549,2020-08-31T22:00:00Z
04,179,Karlovac,10436,8660,19096,399,270,669,72,52,124,74,99,173,614,803,1417,0,0,0,14,21,35,11609,9905,21514,2020-08-31T22:00:00Z
04,216,Krnjak,87,70,157,3,2,5,6,3,9,0,0,0,10,4,14,0,0,0,0,0,0,106,79,185,2020-08-31T22:00:00Z
04,225,Lasinja,29,47,76,5,2,7,1,5,6,2,0,2,8,6,14,0,0,0,0,0,0,45,60,105,2020-08-31T22:00:00Z
04,281,Netretić,71,88,159,15,3,18,3,1,4,1,1,2,41,33,74,0,0,0,0,0,0,131,126,257,2020-08-31T22:00:00Z
04,297,Ogulin,1787,1702,3489,147,80,227,31,13,44,8,29,37,137,171,308,0,0,0,6,7,13,2116,2002,4118,2020-08-31T22:00:00Z
04,30,Bosiljevo,106,92,198,5,0,5,0,0,0,1,0,1,27,23,50,0,0,0,0,0,0,139,115,254,2020-08-31T22:00:00Z
04,315,Ozalj,784,587,1371,89,30,119,19,16,35,6,10,16,126,99,225,0,0,0,4,4,8,1028,746,1774,2020-08-31T22:00:00Z
04,333,Plaški,91,90,181,10,4,14,9,2,11,0,0,0,29,29,58,0,0,0,0,0,0,139,125,264,2020-08-31T22:00:00Z
04,365,Rakovica,137,120,257,5,11,16,3,4,7,0,1,1,65,55,120,0,0,0,1,0,1,211,191,402,2020-08-31T22:00:00Z
04,378,Saborsko,16,13,29,2,1,3,1,0,1,0,0,0,7,1,8,0,0,0,0,0,0,26,15,41,2020-08-31T22:00:00Z
04,400,Slunj,347,403,750,45,17,62,26,15,41,2,7,9,125,96,221,0,0,0,2,11,13,547,549,1096,2020-08-31T22:00:00Z
04,49,Cetingrad,62,45,107,7,1,8,3,4,7,0,0,0,8,11,19,0,0,0,0,0,0,80,61,141,2020-08-31T22:00:00Z
04,503,Vojnić,390,234,624,21,12,33,38,9,47,2,0,2,21,32,53,0,0,0,2,4,6,474,291,765,2020-08-31T22:00:00Z
04,530,Žakanje,142,95,237,24,14,38,8,1,9,0,0,0,26,37,63,0,0,0,0,1,1,200,148,348,2020-08-31T22:00:00Z
04,556,Ribnik,6,3,9,8,4,12,1,2,3,0,0,0,8,12,20,0,0,0,0,0,0,23,21,44,2020-08-31T22:00:00Z
04,557,Tounj,69,27,96,3,0,3,0,0,0,0,0,0,3,6,9,0,0,0,0,0,0,75,33,108,2020-08-31T22:00:00Z
04,623,Kamanje,162,102,264,3,3,6,0,0,0,0,0,0,3,14,17,0,0,0,0,0,0,168,119,287,2020-08-31T22:00:00Z
04,7,Barilovići,275,156,431,21,8,29,7,2,9,0,1,1,127,31,158,0,0,0,0,0,0,430,198,628,2020-08-31T22:00:00Z
04,90,Draganić,123,110,233,14,4,18,7,3,10,1,2,3,22,35,57,0,0,0,0,0,0,167,154,321,2020-08-31T22:00:00Z
04,99,Duga Resa,1057,988,2045,137,62,199,19,12,31,5,15,20,196,208,404,0,0,0,4,6,10,1418,1291,2709,2020-08-31T22:00:00Z
05,12,Bednja,204,126,330,24,9,33,3,8,11,2,1,3,17,24,41,0,0,0,0,1,1,250,169,419,2020-08-31T22:00:00Z
05,129,Gornji Kneginec,499,1257,1756,46,22,68,11,5,16,0,8,8,95,60,155,0,0,0,8,6,14,659,1358,2017,2020-08-31T22:00:00Z
05,151,Breznički Hum,194,145,339,15,5,20,8,8,16,0,2,2,19,18,37,0,0,0,3,4,7,239,182,421,2020-08-31T22:00:00Z
05,156,Ivanec,1922,1730,3652,154,64,218,14,11,25,13,17,30,293,266,559,0,0,0,7,12,19,2403,2100,4503,2020-08-31T22:00:00Z
05,165,Jalžabet,732,967,1699,21,3,24,10,6,16,0,3,3,33,21,54,0,0,0,0,1,1,796,1001,1797,2020-08-31T22:00:00Z
05,189,Klenovnik,99,51,150,8,5,13,1,1,2,1,1,2,24,29,53,0,0,0,2,0,2,135,87,222,2020-08-31T22:00:00Z
05,19,Beretinec,68,37,105,19,2,21,3,3,6,0,1,1,18,21,39,0,0,0,1,1,2,109,65,174,2020-08-31T22:00:00Z
05,229,Lepoglava,1166,560,1726,48,29,77,8,5,13,1,6,7,97,79,176,0,0,0,2,6,8,1322,685,2007,2020-08-31T22:00:00Z
05,244,Ludbreg,1800,1449,3249,102,57,159,42,35,77,8,16,24,236,169,405,0,0,0,4,8,12,2192,1734,3926,2020-08-31T22:00:00Z
05,247,Ljubešćica,320,138,458,31,6,37,1,0,1,1,4,5,105,28,133,0,0,0,1,0,1,459,176,635,2020-08-31T22:00:00Z
05,251,Mali Bukovec,39,84,123,14,6,20,28,16,44,0,3,3,105,35,140,0,0,0,0,1,1,186,145,331,2020-08-31T22:00:00Z
05,260,Maruševec,356,265,621,46,24,70,23,26,49,3,4,7,103,45,148,0,0,0,3,3,6,534,367,901,2020-08-31T22:00:00Z
05,289,Novi Marof,1230,1212,2442,154,67,221,19,10,29,8,14,22,269,172,441,0,0,0,3,2,5,1683,1477,3160,2020-08-31T22:00:00Z
05,326,Petrijanec,394,645,1039,27,7,34,18,9,27,1,3,4,83,82,165,0,0,0,0,1,1,523,747,1270,2020-08-31T22:00:00Z
05,36,Breznica,154,51,205,16,3,19,6,6,12,1,6,7,20,11,31,0,0,0,0,0,0,197,77,274,2020-08-31T22:00:00Z
05,410,Sračinec,244,243,487,42,10,52,2,2,4,1,6,7,80,58,138,0,0,0,0,2,2,369,321,690,2020-08-31T22:00:00Z
05,437,Sveti Đurđ,85,86,171,28,5,33,28,9,37,3,2,5,38,30,68,0,0,0,1,0,1,183,132,315,2020-08-31T22:00:00Z
05,438,Sveti Ilija,136,166,302,13,8,21,3,1,4,0,4,4,47,26,73,0,0,0,1,0,1,200,205,405,2020-08-31T22:00:00Z
05,462,Trnovec Bartolovečki,1329,1557,2886,65,13,78,17,7,24,2,5,7,205,83,288,0,0,0,1,1,2,1619,1666,3285,2020-08-31T22:00:00Z
05,472,Varaždin,16078,15153,31231,480,315,795,42,23,65,80,126,206,560,644,1204,0,0,0,25,18,43,17265,16279,33544,2020-08-31T22:00:00Z
05,473,Varaždinske Toplice,570,444,1014,47,16,63,10,7,17,3,9,12,196,47,243,0,0,0,2,4,6,828,527,1355,2020-08-31T22:00:00Z
05,48,Cestica,431,348,779,45,23,68,16,19,35,2,4,6,94,79,173,0,0,0,0,3,3,588,476,1064,2020-08-31T22:00:00Z
05,484,Vidovec,215,220,435,53,15,68,70,35,105,1,5,6,114,88,202,0,0,0,0,1,1,453,364,817,2020-08-31T22:00:00Z
05,486,Vinica,269,203,472,23,10,33,7,5,12,1,5,6,29,22,51,0,0,0,0,1,1,329,246,575,2020-08-31T22:00:00Z
05,493,Visoko,91,50,141,16,0,16,6,4,10,0,0,0,26,20,46,0,0,0,1,0,1,140,74,214,2020-08-31T22:00:00Z
05,558,Veliki Bukovec,393,318,711,6,3,9,30,15,45,0,2,2,36,25,61,0,0,0,0,0,0,465,363,828,2020-08-31T22:00:00Z
05,80,Donja Voća,87,48,135,9,1,10,7,10,17,0,1,1,31,18,49,0,0,0,0,0,0,134,78,212,2020-08-31T22:00:00Z
05,85,Donji Martijanec,331,178,509,25,8,33,25,6,31,2,1,3,58,33,91,0,0,0,0,0,0,441,226,667,2020-08-31T22:00:00Z
06,104,Đelekovec,21,37,58,18,6,24,47,13,60,0,3,3,18,8,26,0,0,0,5,1,6,109,68,177,2020-08-31T22:00:00Z
06,107,Đurđevac,1337,1074,2411,78,41,119,86,59,145,11,11,22,85,81,166,0,0,0,14,10,24,1611,1276,2887,2020-08-31T22:00:00Z
06,115,Ferdinandovac,32,98,130,8,2,10,49,35,84,1,1,2,18,4,22,0,0,0,0,0,0,108,140,248,2020-08-31T22:00:00Z
06,122,Gola,157,144,301,9,2,11,95,43,138,0,5,5,7,19,26,0,0,0,1,0,1,269,213,482,2020-08-31T22:00:00Z
06,145,Hlebine,9,28,37,1,0,1,12,7,19,1,0,1,0,11,11,0,0,0,1,1,2,24,47,71,2020-08-31T22:00:00Z
06,194,Kloštar Podravski,169,147,316,21,9,30,43,39,82,0,1,1,37,50,87,0,0,0,2,1,3,272,247,519,2020-08-31T22:00:00Z
06,201,Koprivnica,7122,7444,14566,322,170,492,60,29,89,65,77,142,384,427,811,0,1,1,19,17,36,7972,8165,16137,2020-08-31T22:00:00Z
06,202,Koprivnički Bregi,69,76,145,12,6,18,23,6,29,0,0,0,27,11,38,0,0,0,1,0,1,132,99,231,2020-08-31T22:00:00Z
06,203,Koprivnički Ivanec,58,57,115,22,2,24,21,6,27,0,1,1,28,11,39,0,0,0,1,1,2,130,78,208,2020-08-31T22:00:00Z
06,214,Križevci,3289,3470,6759,153,95,248,250,202,452,14,30,44,226,219,445,0,0,0,8,9,17,3940,4025,7965,2020-08-31T22:00:00Z
06,227,Legrad,52,74,126,12,4,16,22,10,32,0,3,3,23,18,41,0,0,0,0,0,0,109,109,218,2020-08-31T22:00:00Z
06,270,Molve,228,119,347,8,9,17,64,32,96,1,3,4,48,23,71,0,0,0,1,1,2,350,187,537,2020-08-31T22:00:00Z
06,292,Novigrad Podravski,91,127,218,8,2,10,21,12,33,0,2,2,13,15,28,0,0,0,0,1,1,133,159,292,2020-08-31T22:00:00Z
06,324,Peteranec,78,40,118,13,3,16,21,9,30,0,0,0,28,9,37,0,0,0,0,2,2,140,63,203,2020-08-31T22:00:00Z
06,366,Rasinja,54,75,129,18,4,22,58,24,82,1,0,1,29,24,53,0,0,0,3,2,5,163,129,292,2020-08-31T22:00:00Z
06,405,Sokolovac,198,80,278,15,2,17,45,20,65,4,3,7,30,10,40,0,0,0,0,1,1,292,116,408,2020-08-31T22:00:00Z
06,439,Sveti Ivan Žabno,250,193,443,36,20,56,103,64,167,1,3,4,52,52,104,0,0,0,0,1,1,442,333,775,2020-08-31T22:00:00Z
06,442,Sveti Petar Orehovec,123,98,221,29,5,34,157,149,306,0,1,1,34,16,50,0,0,0,1,0,1,344,269,613,2020-08-31T22:00:00Z
06,490,Virje,287,211,498,29,10,39,40,27,67,3,2,5,30,38,68,0,0,0,1,1,2,390,289,679,2020-08-31T22:00:00Z
06,559,Kalinovac,410,92,502,5,2,7,10,2,12,0,0,0,8,10,18,0,0,0,0,0,0,433,106,539,2020-08-31T22:00:00Z
06,560,Kalnik,41,50,91,3,4,7,20,27,47,0,1,1,7,3,10,0,0,0,0,0,0,71,85,156,2020-08-31T22:00:00Z
06,561,Novo Virje,49,36,85,2,0,2,43,26,69,0,0,0,16,6,22,0,0,0,0,0,0,110,68,178,2020-08-31T22:00:00Z
06,616,Podravske Sesvete,98,100,198,2,5,7,23,15,38,2,0,2,12,8,20,0,0,0,0,1,1,137,129,266,2020-08-31T22:00:00Z
06,618,Gornja Reka,73,77,150,4,3,7,9,8,17,0,0,0,7,5,12,0,0,0,0,0,0,93,93,186,2020-08-31T22:00:00Z
06,96,Drnje,101,128,229,10,1,11,19,8,27,0,2,2,8,10,18,0,0,0,0,0,0,138,149,287,2020-08-31T22:00:00Z
07,105,Đulovac,234,61,295,10,7,17,34,13,47,1,5,6,92,23,115,0,0,0,0,0,0,371,109,480,2020-08-31T22:00:00Z
07,119,Garešnica,1046,1074,2120,52,31,83,64,37,101,15,19,34,102,131,233,0,0,0,3,5,8,1282,1297,2579,2020-08-31T22:00:00Z
07,139,Grubišno Polje,577,488,1065,33,22,55,109,44,153,5,7,12,68,78,146,0,0,0,3,4,7,795,643,1438,2020-08-31T22:00:00Z
07,144,Hercegovac,131,180,311,17,3,20,48,15,63,1,2,3,41,39,80,0,0,0,1,2,3,239,241,480,2020-08-31T22:00:00Z
07,161,Ivanska,126,88,214,4,3,7,45,13,58,2,2,4,83,21,104,0,0,0,3,1,4,263,128,391,2020-08-31T22:00:00Z
07,176,Kapela,89,85,174,4,3,7,51,29,80,0,1,1,18,9,27,0,0,0,3,0,3,165,127,292,2020-08-31T22:00:00Z
07,18,Berek,63,55,118,5,1,6,21,19,40,0,0,0,7,7,14,0,0,0,0,0,0,96,82,178,2020-08-31T22:00:00Z
07,199,Končanica,119,58,177,8,3,11,34,18,52,0,2,2,20,16,36,0,0,0,1,2,3,182,99,281,2020-08-31T22:00:00Z
07,24,Bjelovar,6999,6680,13679,299,166,465,206,118,324,59,84,143,425,502,927,1,0,1,21,19,40,8010,7569,15579,2020-08-31T22:00:00Z
07,287,Nova Rača,99,125,224,8,1,9,84,33,117,0,2,2,33,12,45,0,0,0,0,0,0,224,173,397,2020-08-31T22:00:00Z
07,375,Rovišće,196,214,410,25,12,37,55,35,90,1,3,4,23,41,64,0,0,0,1,1,2,301,306,607,2020-08-31T22:00:00Z
07,390,Sirač,254,135,389,13,2,15,8,4,12,2,1,3,22,8,30,0,0,0,2,2,4,301,152,453,2020-08-31T22:00:00Z
07,450,Štefanje,50,61,111,7,2,9,35,14,49,0,2,2,32,18,50,0,0,0,0,0,0,124,97,221,2020-08-31T22:00:00Z
07,478,Velika Pisanica,68,70,138,3,2,5,35,18,53,1,0,1,13,9,22,0,0,0,0,0,0,120,99,219,2020-08-31T22:00:00Z
07,480,Veliki Grđevac,166,127,293,9,4,13,75,33,108,1,2,3,71,23,94,0,0,0,1,0,1,323,189,512,2020-08-31T22:00:00Z
07,483,Veliko Trojstvo,58,92,150,14,4,18,11,13,24,0,0,0,46,21,67,0,0,0,1,0,1,130,130,260,2020-08-31T22:00:00Z
07,562,Severin,93,33,126,1,0,1,17,14,31,0,0,0,11,38,49,0,0,0,0,0,0,122,85,207,2020-08-31T22:00:00Z
07,564,Šandrovac,28,59,87,4,0,4,10,7,17,0,0,0,16,6,22,0,0,0,0,0,0,58,72,130,2020-08-31T22:00:00Z
07,565,Velika Trnovitica,64,58,122,7,1,8,33,22,55,1,0,1,23,10,33,0,0,0,1,1,2,129,92,221,2020-08-31T22:00:00Z
07,566,Zrinski Topolovac,7,28,35,2,1,3,34,20,54,0,1,1,5,1,6,0,0,0,1,0,1,49,51,100,2020-08-31T22:00:00Z
07,63,Čazma,1180,798,1978,50,17,67,64,47,111,7,7,14,97,73,170,0,0,0,5,3,8,1403,945,2348,2020-08-31T22:00:00Z
07,67,Daruvar,1408,1607,3015,87,52,139,45,22,67,15,21,36,142,182,324,0,0,0,4,7,11,1701,1891,3592,2020-08-31T22:00:00Z
07,71,Dežanovac,107,71,178,10,2,12,73,42,115,1,1,2,37,15,52,0,0,0,0,1,1,228,132,360,2020-08-31T22:00:00Z
08,117,Fužine,258,198,456,17,9,26,0,2,2,4,1,5,17,20,37,0,0,0,1,0,1,297,230,527,2020-08-31T22:00:00Z
08,170,Jelenje,278,244,522,95,39,134,6,2,8,28,8,36,61,43,104,0,0,0,3,2,5,471,338,809,2020-08-31T22:00:00Z
08,180,Kastav,1053,807,1860,126,55,181,4,1,5,55,9,64,110,82,192,2,0,2,3,9,12,1353,963,2316,2020-08-31T22:00:00Z
08,186,Klana,381,219,600,21,8,29,1,1,2,3,2,5,14,11,25,0,0,0,1,1,2,421,242,663,2020-08-31T22:00:00Z
08,209,Kraljevica,344,273,617,43,28,71,2,1,3,40,8,48,21,35,56,1,0,1,1,7,8,452,352,804,2020-08-31T22:00:00Z
08,215,Krk,1836,1214,3050,242,94,336,15,7,22,27,13,40,285,193,478,0,0,0,7,6,13,2412,1527,3939,2020-08-31T22:00:00Z
08,237,Lokve,112,97,209,11,5,16,0,0,0,0,2,2,11,12,23,0,0,0,0,0,0,134,116,250,2020-08-31T22:00:00Z
08,242,Lovran,409,591,1000,82,25,107,2,3,5,18,10,28,40,68,108,0,0,0,2,9,11,553,706,1259,2020-08-31T22:00:00Z
08,252,Mali Lošinj,1452,1483,2935,235,86,321,24,7,31,41,17,58,200,198,398,0,0,0,11,6,17,1963,1797,3760,2020-08-31T22:00:00Z
08,253,Malinska-Dubašnica,506,804,1310,135,60,195,9,9,18,9,4,13,164,157,321,0,0,0,6,2,8,829,1036,1865,2020-08-31T22:00:00Z
08,261,Matulji,1420,1048,2468,206,110,316,14,6,20,46,16,62,166,177,343,0,0,0,5,12,17,1857,1369,3226,2020-08-31T22:00:00Z
08,273,Mošćenička Draga,99,68,167,51,16,67,0,1,1,6,2,8,44,34,78,0,0,0,3,3,6,203,124,327,2020-08-31T22:00:00Z
08,275,Mrkopalj,63,45,108,18,2,20,2,0,2,2,0,2,6,8,14,0,0,0,1,0,1,92,55,147,2020-08-31T22:00:00Z
08,290,Novi Vinodolski,521,449,970,119,60,179,4,2,6,14,7,21,112,89,201,0,0,0,0,4,4,770,611,1381,2020-08-31T22:00:00Z
08,301,Omišalj,630,415,1045,77,26,103,2,0,2,15,6,21,81,46,127,0,0,0,1,1,2,806,494,1300,2020-08-31T22:00:00Z
08,302,Opatija,2174,2649,4823,182,104,286,8,4,12,56,30,86,109,163,272,0,1,1,12,16,28,2541,2967,5508,2020-08-31T22:00:00Z
08,360,Punat,325,187,512,66,25,91,4,0,4,7,1,8,81,55,136,0,0,0,2,1,3,485,269,754,2020-08-31T22:00:00Z
08,363,Rab,973,1121,2094,328,101,429,13,4,17,20,12,32,269,222,491,0,0,0,5,9,14,1608,1469,3077,2020-08-31T22:00:00Z
08,369,Ravna Gora,269,298,567,29,8,37,1,0,1,2,1,3,37,27,64,0,0,0,2,2,4,340,336,676,2020-08-31T22:00:00Z
08,373,Rijeka,27179,27906,55085,1141,935,2076,27,15,42,1068,375,1443,876,1308,2184,20,0,20,105,130,235,30416,30669,61085,2020-08-31T22:00:00Z
08,38,Brod Moravice,36,46,82,10,0,10,0,0,0,0,1,1,22,8,30,0,0,0,2,0,2,70,55,125,2020-08-31T22:00:00Z
08,393,Skrad,43,50,93,4,2,6,1,1,2,1,1,2,3,7,10,0,0,0,0,0,0,52,61,113,2020-08-31T22:00:00Z
08,4,Bakar,1911,924,2835,59,36,95,2,0,2,79,11,90,73,65,138,0,0,0,5,9,14,2129,1045,3174,2020-08-31T22:00:00Z
08,488,Vinodolska Općina,178,158,336,58,18,76,1,0,1,12,1,13,40,13,53,1,0,1,2,2,4,292,192,484,2020-08-31T22:00:00Z
08,495,Viškovo,1651,1083,2734,182,97,279,4,3,7,60,17,77,167,124,291,0,0,0,9,10,19,2073,1334,3407,2020-08-31T22:00:00Z
08,507,Vrbnik,143,95,238,30,12,42,8,5,13,2,0,2,33,22,55,0,0,0,1,1,2,217,135,352,2020-08-31T22:00:00Z
08,509,Vrbovsko,423,315,738,57,19,76,4,3,7,0,5,5,77,40,117,0,0,0,1,0,1,562,382,944,2020-08-31T22:00:00Z
08,52,Cres,539,453,992,92,32,124,11,4,15,11,4,15,68,87,155,0,0,0,5,3,8,726,583,1309,2020-08-31T22:00:00Z
08,53,Crikvenica,1208,1665,2873,250,143,393,4,1,5,44,23,67,231,192,423,0,0,0,6,10,16,1743,2034,3777,2020-08-31T22:00:00Z
08,538,Kostrena,395,263,658,31,20,51,2,0,2,69,7,76,21,31,52,2,0,2,2,3,5,522,324,846,2020-08-31T22:00:00Z
08,55,Čabar,371,300,671,51,16,67,2,2,4,5,0,5,151,52,203,0,0,0,0,2,2,580,372,952,2020-08-31T22:00:00Z
08,61,Čavle,650,495,1145,83,48,131,1,2,3,40,9,49,103,90,193,0,0,0,1,3,4,878,647,1525,2020-08-31T22:00:00Z
08,624,Lopar,65,39,104,39,7,46,0,0,0,1,0,1,33,39,72,0,0,0,1,0,1,139,85,224,2020-08-31T22:00:00Z
08,69,Delnice,1144,733,1877,74,43,117,3,2,5,12,15,27,77,98,175,0,0,0,4,6,10,1314,897,2211,2020-08-31T22:00:00Z
08,74,Dobrinj,128,75,203,46,23,69,0,2,2,4,3,7,95,53,148,0,0,0,3,1,4,276,157,433,2020-08-31T22:00:00Z
08,8,Baška,214,237,451,83,44,127,6,2,8,2,4,6,42,61,103,0,0,0,5,2,7,352,350,702,2020-08-31T22:00:00Z
09,130,Gospić,2255,2267,4522,108,57,165,66,35,101,12,11,23,140,166,306,0,0,0,9,8,17,2590,2544,5134,2020-08-31T22:00:00Z
09,178,Karlobag,81,69,150,10,4,14,5,1,6,3,0,3,12,7,19,0,0,0,0,0,0,111,81,192,2020-08-31T22:00:00Z
09,240,Lovinac,179,71,250,2,0,2,2,1,3,0,0,0,2,2,4,0,0,0,0,0,0,185,74,259,2020-08-31T22:00:00Z
09,288,Novalja,692,593,1285,144,35,179,21,7,28,4,3,7,167,94,261,0,0,0,4,8,12,1032,740,1772,2020-08-31T22:00:00Z
09,313,Otočac,860,878,1738,95,40,135,46,22,68,9,9,18,114,116,230,0,0,0,6,7,13,1130,1072,2202,2020-08-31T22:00:00Z
09,323,Perušić,367,228,595,22,7,29,26,23,49,0,2,2,18,29,47,0,0,0,2,0,2,435,289,724,2020-08-31T22:00:00Z
09,37,Brinje,338,184,522,24,5,29,8,5,13,0,1,1,19,21,40,0,0,0,3,0,3,392,216,608,2020-08-31T22:00:00Z
09,387,Senj,721,632,1353,115,58,173,6,4,10,14,7,21,104,135,239,1,0,1,9,7,16,970,843,1813,2020-08-31T22:00:00Z
09,455,Plitvička Jezera,686,696,1382,44,23,67,61,13,74,2,5,7,192,159,351,0,0,0,3,0,3,988,896,1884,2020-08-31T22:00:00Z
09,467,Udbina,135,82,217,11,6,17,33,10,43,0,0,0,12,13,25,0,0,0,3,2,5,194,113,307,2020-08-31T22:00:00Z
09,512,Vrhovine,105,37,142,3,3,6,5,1,6,0,0,0,4,4,8,0,0,0,1,0,1,118,45,163,2020-08-31T22:00:00Z
09,84,Donji Lapac,105,76,181,6,3,9,22,6,28,0,0,0,12,6,18,0,0,0,0,0,0,145,91,236,2020-08-31T22:00:00Z
10,136,Gradina,84,81,165,12,5,17,129,41,170,2,0,2,41,28,69,0,0,0,0,0,0,268,155,423,2020-08-31T22:00:00Z
10,245,Lukač,177,99,276,14,4,18,40,16,56,1,0,1,74,51,125,0,0,0,0,1,1,306,171,477,2020-08-31T22:00:00Z
10,266,Mikleuš,78,51,129,7,1,8,12,6,18,0,0,0,7,11,18,0,0,0,0,0,0,104,69,173,2020-08-31T22:00:00Z
10,283,Nova Bukovica,37,42,79,8,5,13,39,7,46,1,0,1,22,20,42,0,0,0,1,0,1,108,74,182,2020-08-31T22:00:00Z
10,307,Orahovica,955,685,1640,66,39,105,12,2,14,10,14,24,107,98,205,0,0,0,2,3,5,1152,841,1993,2020-08-31T22:00:00Z
10,332,Pitomača,612,595,1207,79,39,118,160,88,248,2,8,10,218,199,417,0,0,0,3,2,5,1074,931,2005,2020-08-31T22:00:00Z
10,395,Slatina,1454,1419,2873,136,67,203,133,48,181,16,23,39,222,255,477,0,0,0,0,7,7,1961,1819,3780,2020-08-31T22:00:00Z
10,407,Sopje,136,44,180,4,2,6,90,26,116,0,0,0,23,21,44,0,0,0,0,0,0,253,93,346,2020-08-31T22:00:00Z
10,424,Suhopolje,241,241,482,27,16,43,102,45,147,0,1,1,55,49,104,0,0,0,2,0,2,427,352,779,2020-08-31T22:00:00Z
10,449,Špišić Bukovica,138,130,268,23,6,29,165,65,230,1,4,5,37,58,95,0,0,0,3,2,5,367,265,632,2020-08-31T22:00:00Z
10,491,Virovitica,3962,3843,7805,174,84,258,85,29,114,34,22,56,401,382,783,0,0,0,15,9,24,4671,4369,9040,2020-08-31T22:00:00Z
10,499,Voćin,134,96,230,9,4,13,28,34,62,0,0,0,12,4,16,0,0,0,0,0,0,183,138,321,2020-08-31T22:00:00Z
10,524,Zdenci,107,83,190,6,4,10,16,9,25,0,3,3,14,13,27,0,0,0,3,1,4,146,113,259,2020-08-31T22:00:00Z
10,54,Crnac,28,33,61,13,4,17,18,8,26,0,3,3,20,14,34,0,0,0,0,0,0,79,62,141,2020-08-31T22:00:00Z
10,56,Čačinci,169,105,274,18,10,28,18,7,25,0,4,4,20,32,52,0,0,0,2,0,2,227,158,385,2020-08-31T22:00:00Z
10,57,Čađavica,102,82,184,14,8,22,66,20,86,0,0,0,47,25,72,0,0,0,0,0,0,229,135,364,2020-08-31T22:00:00Z
11,164,Jakšić,137,117,254,24,3,27,26,6,32,0,2,2,42,18,60,0,0,0,0,0,0,229,146,375,2020-08-31T22:00:00Z
11,177,Kaptol,87,76,163,16,2,18,25,3,28,1,1,2,41,7,48,0,0,0,0,1,1,170,90,260,2020-08-31T22:00:00Z
11,221,Kutjevo,607,391,998,53,16,69,60,27,87,2,5,7,80,80,160,0,0,0,3,4,7,805,523,1328,2020-08-31T22:00:00Z
11,231,Lipik,711,589,1300,29,14,43,22,11,33,1,15,16,53,51,104,0,0,0,3,0,3,819,680,1499,2020-08-31T22:00:00Z
11,318,Pakrac,593,1057,1650,86,29,115,47,17,64,12,19,31,167,90,257,0,0,0,5,3,8,910,1215,2125,2020-08-31T22:00:00Z
11,334,Pleternica,550,459,1009,78,25,103,50,17,67,3,7,10,164,116,280,0,0,0,3,4,7,848,628,1476,2020-08-31T22:00:00Z
11,35,Brestovac,118,121,239,12,3,15,16,4,20,1,1,2,30,11,41,0,0,0,0,1,1,177,141,318,2020-08-31T22:00:00Z
11,351,Požega,5075,4408,9483,293,152,445,101,31,132,42,108,150,394,363,757,0,1,1,13,28,41,5918,5091,11009,2020-08-31T22:00:00Z
11,475,Velika,281,261,542,17,9,26,26,4,30,2,3,5,43,35,78,0,0,0,1,0,1,370,312,682,2020-08-31T22:00:00Z
11,58,Čaglin,88,126,214,10,2,12,21,5,26,0,2,2,14,12,26,0,0,0,0,0,0,133,147,280,2020-08-31T22:00:00Z
12,10,Bebrina,28,63,91,8,7,15,15,9,24,1,0,1,10,7,17,0,0,0,0,0,0,62,86,148,2020-08-31T22:00:00Z
12,118,Garčin,132,164,296,29,9,38,28,14,42,0,0,0,21,20,41,0,0,0,1,1,2,211,208,419,2020-08-31T22:00:00Z
12,127,Gornji Bogićevci,49,18,67,8,2,10,9,2,11,0,0,0,22,31,53,0,0,0,0,0,0,88,53,141,2020-08-31T22:00:00Z
12,140,Gundinci,65,33,98,11,3,14,56,23,79,1,0,1,16,7,23,0,0,0,1,0,1,150,66,216,2020-08-31T22:00:00Z
12,185,Klakar,77,43,120,17,4,21,22,4,26,0,0,0,12,14,26,0,0,0,1,1,2,129,66,195,2020-08-31T22:00:00Z
12,284,Nova Gradiška,2019,1962,3981,141,91,232,24,15,39,23,21,44,256,299,555,0,0,0,4,4,8,2467,2392,4859,2020-08-31T22:00:00Z
12,285,Nova Kapela,151,205,356,18,14,32,24,8,32,2,3,5,53,51,104,0,0,0,1,1,2,249,282,531,2020-08-31T22:00:00Z
12,299,Okučani,209,146,355,22,5,27,7,2,9,0,1,1,47,31,78,0,0,0,1,2,3,286,187,473,2020-08-31T22:00:00Z
12,303,Oprisavci,202,134,336,9,0,9,33,10,43,1,0,1,7,17,24,0,0,0,0,3,3,252,164,416,2020-08-31T22:00:00Z
12,309,Oriovac,290,290,580,34,20,54,20,11,31,2,2,4,64,53,117,0,0,0,1,1,2,411,377,788,2020-08-31T22:00:00Z
12,338,Podcrkavlje,48,39,87,15,0,15,8,3,11,0,1,1,20,5,25,0,0,0,0,1,1,91,49,140,2020-08-31T22:00:00Z
12,372,Rešetari,205,183,388,36,8,44,19,8,27,4,1,5,86,37,123,0,0,0,1,2,3,351,239,590,2020-08-31T22:00:00Z
12,388,Sibinj,110,151,261,50,12,62,13,1,14,0,1,1,54,37,91,0,0,0,4,2,6,231,204,435,2020-08-31T22:00:00Z
12,39,Brodski Stupnik,77,47,124,17,8,25,4,3,7,1,1,2,75,37,112,0,0,0,0,0,0,174,96,270,2020-08-31T22:00:00Z
12,396,Slavonski Brod,13351,9144,22495,567,317,884,39,33,72,77,84,161,944,979,1923,1,0,1,14,18,32,14993,10575,25568,2020-08-31T22:00:00Z
12,397,Slavonski Šamac,70,59,129,8,3,11,13,6,19,0,1,1,10,3,13,0,0,0,0,0,0,101,72,173,2020-08-31T22:00:00Z
12,412,Stara Gradiška,139,77,216,4,1,5,8,2,10,0,0,0,18,6,24,0,0,0,0,0,0,169,86,255,2020-08-31T22:00:00Z
12,418,Staro Petrovo Selo,182,118,300,27,8,35,41,17,58,1,2,3,97,41,138,0,0,0,0,1,1,348,187,535,2020-08-31T22:00:00Z
12,46,Cernik,162,181,343,24,10,34,8,4,12,3,2,5,57,25,82,0,0,0,0,3,3,254,225,479,2020-08-31T22:00:00Z
12,476,Velika Kopanica,217,117,334,22,8,30,26,16,42,1,1,2,29,26,55,0,0,0,1,2,3,296,170,466,2020-08-31T22:00:00Z
12,506,Vrbje,33,30,63,8,0,8,19,1,20,0,0,0,26,18,44,0,0,0,0,1,1,86,50,136,2020-08-31T22:00:00Z
12,514,Vrpolje,172,113,285,25,6,31,41,16,57,0,2,2,12,11,23,0,0,0,1,0,1,251,148,399,2020-08-31T22:00:00Z
12,567,Bukovlje,68,73,141,12,6,18,0,0,0,1,0,1,11,20,31,0,0,0,0,0,0,92,99,191,2020-08-31T22:00:00Z
12,568,Dragalić,38,37,75,7,0,7,6,3,9,0,0,0,4,7,11,0,0,0,0,1,1,55,48,103,2020-08-31T22:00:00Z
12,569,Gornja Vrba,274,397,671,10,3,13,1,0,1,0,1,1,15,17,32,0,0,0,0,0,0,300,418,718,2020-08-31T22:00:00Z
12,570,Sikirevci,44,61,105,15,3,18,36,14,50,0,0,0,13,6,19,0,0,0,2,1,3,110,85,195,2020-08-31T22:00:00Z
12,68,Davor,104,74,178,12,4,16,13,4,17,0,0,0,15,16,31,0,0,0,1,1,2,145,99,244,2020-08-31T22:00:00Z
12,81,Donji Andrijevci,133,102,235,20,11,31,17,3,20,1,1,2,28,20,48,0,0,0,0,1,1,199,138,337,2020-08-31T22:00:00Z
13,131,Gračac,239,290,529,22,15,37,59,19,78,2,1,3,36,39,75,0,0,0,0,0,0,358,364,722,2020-08-31T22:00:00Z
13,167,Jasenice,137,58,195,14,0,14,4,3,7,1,0,1,16,10,26,0,0,0,0,0,0,172,71,243,2020-08-31T22:00:00Z
13,17,Benkovac,1130,936,2066,88,35,123,77,47,124,10,14,24,193,134,327,0,0,0,7,8,15,1505,1174,2679,2020-08-31T22:00:00Z
13,173,Kali,308,102,410,27,14,41,3,1,4,8,0,8,62,28,90,0,0,0,0,1,1,408,146,554,2020-08-31T22:00:00Z
13,20,Bibinje,179,185,364,52,23,75,4,0,4,2,2,4,62,66,128,0,0,0,2,1,3,301,277,578,2020-08-31T22:00:00Z
13,22,Biograd Na Moru,1104,1358,2462,140,83,223,23,14,37,17,10,27,161,244,405,1,0,1,3,8,11,1449,1717,3166,2020-08-31T22:00:00Z
13,234,Lišane Ostrovičke,30,32,62,8,3,11,1,0,1,0,0,0,4,5,9,0,0,0,0,0,0,43,40,83,2020-08-31T22:00:00Z
13,282,Nin,442,383,825,49,15,64,10,4,14,8,2,10,57,49,106,0,0,0,0,0,0,566,453,1019,2020-08-31T22:00:00Z
13,296,Obrovac,306,220,526,31,15,46,25,6,31,2,5,7,22,38,60,0,0,0,2,3,5,388,287,675,2020-08-31T22:00:00Z
13,316,Pag,442,407,849,95,37,132,28,10,38,6,6,12,82,58,140,0,0,0,5,3,8,658,521,1179,2020-08-31T22:00:00Z
13,317,Pakoštane,369,298,667,65,24,89,6,8,14,9,2,11,90,70,160,0,0,0,3,0,3,542,402,944,2020-08-31T22:00:00Z
13,320,Pašman,92,102,194,46,13,59,3,3,6,8,0,8,38,29,67,0,0,0,2,2,4,189,149,338,2020-08-31T22:00:00Z
13,344,Polača,96,58,154,17,4,21,3,1,4,2,0,2,11,16,27,0,0,0,1,1,2,130,80,210,2020-08-31T22:00:00Z
13,345,Poličnik,394,291,685,46,4,50,7,7,14,5,1,6,35,19,54,0,0,0,1,0,1,488,322,810,2020-08-31T22:00:00Z
13,349,Posedarje,129,141,270,30,13,43,5,7,12,8,0,8,34,48,82,0,0,0,1,3,4,207,212,419,2020-08-31T22:00:00Z
13,354,Preko,267,401,668,42,13,55,4,5,9,18,4,22,41,30,71,0,0,0,3,4,7,375,457,832,2020-08-31T22:00:00Z
13,371,Ražanac,84,82,166,27,9,36,6,6,12,16,0,16,28,13,41,0,0,0,4,0,4,165,110,275,2020-08-31T22:00:00Z
13,379,Sali,174,140,314,45,18,63,6,3,9,5,1,6,30,29,59,0,0,0,1,0,1,261,191,452,2020-08-31T22:00:00Z
13,411,Stankovci,233,154,387,25,4,29,3,2,5,1,1,2,31,14,45,0,0,0,0,1,1,293,176,469,2020-08-31T22:00:00Z
13,416,Starigrad,145,178,323,48,29,77,6,2,8,1,0,1,30,54,84,0,0,0,2,2,4,232,265,497,2020-08-31T22:00:00Z
13,425,Sukošan,351,257,608,59,22,81,11,4,15,6,1,7,49,58,107,0,0,0,1,2,3,477,344,821,2020-08-31T22:00:00Z
13,428,Sveti Filip I Jakov,233,348,581,48,22,70,8,3,11,8,1,9,33,41,74,0,0,0,0,0,0,330,415,745,2020-08-31T22:00:00Z
13,445,Škabrnje,61,60,121,24,3,27,3,0,3,2,0,2,18,7,25,0,0,0,2,1,3,110,71,181,2020-08-31T22:00:00Z
13,489,Vir,306,263,569,55,13,68,3,2,5,2,1,3,45,44,89,0,0,0,2,2,4,413,325,738,2020-08-31T22:00:00Z
13,520,Zadar,14383,15830,30213,1053,587,1640,41,28,69,746,220,966,1372,1460,2832,4,0,4,125,65,190,17724,18190,35914,2020-08-31T22:00:00Z
13,525,Zemunik Donji,102,141,243,16,5,21,2,1,3,0,0,0,17,4,21,0,0,0,0,1,1,137,152,289,2020-08-31T22:00:00Z
13,537,Novigrad,62,73,135,25,3,28,4,4,8,5,1,6,27,13,40,0,0,0,1,2,3,124,96,220,2020-08-31T22:00:00Z
13,571,Galovac,30,57,87,11,1,12,5,4,9,5,2,7,6,13,19,0,0,0,0,2,2,57,79,136,2020-08-31T22:00:00Z
13,572,Kukljica,56,33,89,18,1,19,1,0,1,2,1,3,28,10,38,0,0,0,1,1,2,106,46,152,2020-08-31T22:00:00Z
13,573,Povljana,53,36,89,16,3,19,3,1,4,7,0,7,6,18,24,0,0,0,0,1,1,85,59,144,2020-08-31T22:00:00Z
13,574,Privlaka,121,108,229,23,11,34,1,2,3,9,0,9,22,16,38,0,0,0,4,2,6,180,139,319,2020-08-31T22:00:00Z
13,575,Tkon,89,69,158,23,7,30,3,2,5,1,0,1,47,24,71,0,0,0,2,1,3,165,103,268,2020-08-31T22:00:00Z
13,622,Kolan,124,88,212,25,7,32,3,1,4,0,0,0,23,13,36,0,0,0,0,0,0,175,109,284,2020-08-31T22:00:00Z
13,625,Vrsi,93,47,140,12,5,17,5,4,9,15,0,15,18,27,45,0,0,0,4,3,7,147,86,233,2020-08-31T22:00:00Z
14,103,Đakovo,2819,2816,5635,432,195,627,185,84,269,30,37,67,722,571,1293,0,0,0,16,17,33,4204,3720,7924,2020-08-31T22:00:00Z
14,106,Đurđenovac,524,489,1013,39,9,48,26,18,44,0,9,9,83,46,129,0,0,0,4,3,7,676,574,1250,2020-08-31T22:00:00Z
14,110,Erdut,311,218,529,38,12,50,57,15,72,2,4,6,47,36,83,0,0,0,2,1,3,457,286,743,2020-08-31T22:00:00Z
14,111,Ernestinovo,72,175,247,9,2,11,24,10,34,2,1,3,12,19,31,0,0,0,1,0,1,120,207,327,2020-08-31T22:00:00Z
14,116,Feričanci,131,139,270,25,6,31,3,0,3,0,3,3,42,16,58,0,0,0,1,0,1,202,164,366,2020-08-31T22:00:00Z
14,124,Gorjani,126,148,274,16,2,18,18,9,27,0,2,2,13,4,17,0,0,0,1,0,1,174,165,339,2020-08-31T22:00:00Z
14,13,Beli Manastir,1031,1126,2157,70,36,106,41,27,68,8,11,19,115,89,204,0,0,0,0,1,1,1265,1290,2555,2020-08-31T22:00:00Z
14,16,Belišće,1514,655,2169,61,29,90,29,7,36,2,8,10,80,100,180,0,0,0,3,1,4,1689,800,2489,2020-08-31T22:00:00Z
14,195,Kneževi Vinogradi,226,260,486,32,7,39,38,7,45,1,2,3,73,65,138,0,0,0,0,0,0,370,341,711,2020-08-31T22:00:00Z
14,2,Antunovac,193,190,383,26,9,35,17,8,25,0,0,0,17,10,27,0,0,0,0,0,0,253,217,470,2020-08-31T22:00:00Z
14,205,Koška,183,167,350,26,5,31,32,10,42,3,3,6,35,23,58,0,0,0,2,0,2,281,208,489,2020-08-31T22:00:00Z
14,21,Bilje,304,278,582,46,20,66,19,13,32,3,6,9,51,44,95,0,0,0,0,1,1,423,362,785,2020-08-31T22:00:00Z
14,23,Bizovac,250,261,511,26,11,37,29,11,40,1,6,7,32,40,72,0,0,0,1,1,2,339,330,669,2020-08-31T22:00:00Z
14,230,Levanjska Varoš,43,27,70,3,2,5,13,9,22,0,0,0,2,2,4,0,0,0,0,1,1,61,41,102,2020-08-31T22:00:00Z
14,257,Marijanci,93,65,158,7,4,11,13,1,14,0,0,0,20,25,45,0,0,0,1,1,2,134,96,230,2020-08-31T22:00:00Z
14,271,Moslavina Podravska,22,22,44,2,2,4,20,8,28,0,0,0,14,9,23,0,0,0,0,0,0,58,41,99,2020-08-31T22:00:00Z
14,278,Našice,2298,1729,4027,161,83,244,51,16,67,15,33,48,264,232,496,0,0,0,8,4,12,2797,2097,4894,2020-08-31T22:00:00Z
14,312,Osijek,23459,21900,45359,818,585,1403,100,42,142,184,205,389,780,1146,1926,1,0,1,39,52,91,25381,23930,49311,2020-08-31T22:00:00Z
14,325,Petlovac,50,49,99,5,4,9,15,0,15,0,0,0,13,9,22,0,0,0,0,0,0,83,62,145,2020-08-31T22:00:00Z
14,327,Petrijevci,300,209,509,17,3,20,12,5,17,0,1,1,13,8,21,0,0,0,1,2,3,343,228,571,2020-08-31T22:00:00Z
14,340,Podgorač,106,117,223,27,8,35,33,7,40,1,2,3,22,31,53,0,0,0,0,1,1,189,166,355,2020-08-31T22:00:00Z
14,346,Popovac,61,58,119,2,2,4,5,7,12,0,0,0,5,9,14,0,0,0,0,0,0,73,76,149,2020-08-31T22:00:00Z
14,361,Punitovci,48,79,127,20,3,23,18,4,22,0,1,1,23,7,30,0,0,0,0,0,0,109,94,203,2020-08-31T22:00:00Z
14,381,Satnica Đakovačka,124,111,235,24,5,29,11,3,14,0,0,0,45,32,77,0,0,0,0,1,1,204,152,356,2020-08-31T22:00:00Z
14,386,Semeljci,255,229,484,46,15,61,56,30,86,1,3,4,78,28,106,0,0,0,2,0,2,438,305,743,2020-08-31T22:00:00Z
14,421,Strizivojna,311,295,606,18,6,24,19,3,22,0,0,0,12,10,22,0,0,0,1,0,1,361,314,675,2020-08-31T22:00:00Z
14,461,Trnava,59,80,139,6,3,9,15,6,21,0,1,1,13,3,16,0,0,0,0,0,0,93,93,186,2020-08-31T22:00:00Z
14,471,Valpovo,881,1009,1890,74,48,122,43,18,61,16,23,39,87,104,191,0,0,0,7,8,15,1108,1210,2318,2020-08-31T22:00:00Z
14,485,Viljevo,48,58,106,10,1,11,27,5,32,0,2,2,13,9,22,0,0,0,1,1,2,99,76,175,2020-08-31T22:00:00Z
14,494,Viškovci,228,220,448,20,3,23,15,6,21,0,1,1,24,3,27,0,0,0,2,0,2,289,233,522,2020-08-31T22:00:00Z
14,517,Vuka,41,63,104,14,2,16,18,5,23,0,1,1,21,12,33,0,0,0,0,0,0,94,83,177,2020-08-31T22:00:00Z
14,576,Donja Motičina,28,31,59,9,3,12,2,1,3,0,1,1,15,8,23,0,0,0,0,0,0,54,44,98,2020-08-31T22:00:00Z
14,578,Magadenovac,107,125,232,5,1,6,28,10,38,1,4,5,18,20,38,0,0,0,0,0,0,159,160,319,2020-08-31T22:00:00Z
14,579,Vladislavci,135,120,255,3,1,4,7,4,11,0,1,1,4,5,9,0,0,0,0,0,0,149,131,280,2020-08-31T22:00:00Z
14,609,Jagodnjak,148,85,233,7,4,11,24,4,28,0,0,0,10,6,16,0,0,0,0,0,0,189,99,288,2020-08-31T22:00:00Z
14,614,Šodolovci,23,28,51,0,0,0,0,0,0,0,0,0,8,4,12,0,0,0,0,0,0,31,32,63,2020-08-31T22:00:00Z
14,64,Čeminac,82,133,215,11,0,11,3,2,5,0,1,1,18,9,27,0,0,0,0,0,0,114,145,259,2020-08-31T22:00:00Z
14,65,Čepin,576,465,1041,88,33,121,54,23,77,5,8,13,97,93,190,0,0,0,3,3,6,823,625,1448,2020-08-31T22:00:00Z
14,66,Darda,1803,867,2670,53,28,81,34,4,38,1,4,5,66,51,117,0,0,0,1,0,1,1958,954,2912,2020-08-31T22:00:00Z
14,86,Donji Miholjac,1203,921,2124,83,48,131,155,41,196,5,18,23,169,122,291,0,0,0,3,1,4,1618,1151,2769,2020-08-31T22:00:00Z
14,91,Draž,98,116,214,11,3,14,18,8,26,0,0,0,10,10,20,0,0,0,0,0,0,137,137,274,2020-08-31T22:00:00Z
14,94,Drenje,96,102,198,28,7,35,54,22,76,0,0,0,12,16,28,0,0,0,0,0,0,190,147,337,2020-08-31T22:00:00Z
15,113,Ervenik,60,61,121,1,0,1,4,2,6,0,0,0,0,0,0,0,0,0,0,0,0,65,63,128,2020-08-31T22:00:00Z
15,183,Kijevo,39,38,77,2,0,2,1,0,1,0,0,0,0,0,0,0,0,0,0,0,0,42,38,80,2020-08-31T22:00:00Z
15,184,Kistanje,72,76,148,24,6,30,0,0,0,2,0,2,20,6,26,0,0,0,0,0,0,118,88,206,2020-08-31T22:00:00Z
15,196,Knin,1560,1399,2959,121,68,189,49,8,57,29,4,33,130,150,280,0,0,0,2,2,4,1891,1631,3522,2020-08-31T22:00:00Z
15,298,Promina,104,84,188,2,1,3,1,2,3,0,0,0,0,1,1,0,0,0,0,0,0,107,88,195,2020-08-31T22:00:00Z
15,310,Biskupija,87,40,127,3,0,3,1,1,2,1,0,1,0,0,0,0,0,0,0,0,0,92,41,133,2020-08-31T22:00:00Z
15,357,Primošten,289,311,600,97,34,131,4,1,5,5,0,5,69,53,122,0,0,0,1,2,3,465,401,866,2020-08-31T22:00:00Z
15,377,Ružić,33,52,85,3,0,3,5,7,12,0,0,0,3,11,14,0,0,0,0,0,0,44,70,114,2020-08-31T22:00:00Z
15,394,Skradin,124,152,276,49,15,64,18,5,23,2,3,5,35,44,79,0,0,0,0,0,0,228,219,447,2020-08-31T22:00:00Z
15,444,Šibenik,7865,8167,16032,670,355,1025,37,13,50,174,106,280,580,719,1299,2,0,2,17,22,39,9345,9382,18727,2020-08-31T22:00:00Z
15,454,Tisno,303,267,570,115,47,162,5,0,5,9,3,12,79,62,141,0,0,0,0,2,2,511,381,892,2020-08-31T22:00:00Z
15,469,Unešić,48,41,89,7,1,8,3,1,4,1,0,1,13,5,18,0,0,0,0,0,0,72,48,120,2020-08-31T22:00:00Z
15,500,Vodice,902,1012,1914,282,110,392,10,6,16,9,7,16,227,165,392,0,0,0,5,8,13,1435,1308,2743,2020-08-31T22:00:00Z
15,51,Civljane,40,12,52,1,0,1,0,0,0,0,0,0,1,4,5,0,0,0,0,0,0,42,16,58,2020-08-31T22:00:00Z
15,581,Pirovac,144,133,277,34,16,50,4,3,7,1,2,3,33,42,75,0,0,0,0,1,1,216,197,413,2020-08-31T22:00:00Z
15,582,Rogoznica,246,228,474,57,17,74,2,1,3,8,2,10,50,47,97,0,0,0,0,0,0,363,295,658,2020-08-31T22:00:00Z
15,617,Murter,277,273,550,76,37,113,5,1,6,13,2,15,84,62,146,0,0,0,0,1,1,455,376,831,2020-08-31T22:00:00Z
15,621,Bilice,67,37,104,19,6,25,0,0,0,7,0,7,21,13,34,0,0,0,0,0,0,114,56,170,2020-08-31T22:00:00Z
15,626,Tribunj,91,76,167,25,17,42,0,0,0,3,0,3,64,35,99,0,0,0,0,2,2,183,130,313,2020-08-31T22:00:00Z
15,95,Drniš,872,615,1487,68,53,121,40,18,58,6,8,14,82,85,167,0,0,0,0,1,1,1068,780,1848,2020-08-31T22:00:00Z
16,1,Andrijaševci,64,110,174,23,11,34,13,6,19,2,0,2,44,27,71,0,0,0,0,2,2,146,156,302,2020-08-31T22:00:00Z
16,137,Gradište,111,102,213,18,4,22,33,6,39,0,1,1,13,16,29,0,0,0,0,0,0,175,129,304,2020-08-31T22:00:00Z
16,141,Gunja,205,146,351,32,8,40,37,12,49,2,1,3,31,11,42,0,0,0,1,2,3,308,180,488,2020-08-31T22:00:00Z
16,154,Ilok,464,521,985,64,21,85,51,17,68,1,3,4,105,91,196,0,0,0,2,2,4,687,655,1342,2020-08-31T22:00:00Z
16,159,Ivankovo,320,379,699,67,28,95,49,11,60,3,5,8,110,85,195,0,0,0,3,3,6,552,511,1063,2020-08-31T22:00:00Z
16,166,Jarmina,33,62,95,12,8,20,24,9,33,0,1,1,22,16,38,0,0,0,0,3,3,91,99,190,2020-08-31T22:00:00Z
16,239,Lovas,62,87,149,5,0,5,14,0,14,1,0,1,4,5,9,0,0,0,0,0,0,86,92,178,2020-08-31T22:00:00Z
16,26,Bogdanovci,26,53,79,3,0,3,8,5,13,0,0,0,18,3,21,0,0,0,0,0,0,55,61,116,2020-08-31T22:00:00Z
16,29,Borovo,80,124,204,35,13,48,26,4,30,3,4,7,61,68,129,0,0,0,1,1,2,206,214,420,2020-08-31T22:00:00Z
16,294,Nuštar,242,299,541,32,17,49,30,6,36,2,3,5,45,28,73,0,0,0,3,1,4,354,354,708,2020-08-31T22:00:00Z
16,295,Nijemci,176,155,331,21,8,29,85,23,108,1,1,2,49,31,80,0,0,0,1,1,2,333,219,552,2020-08-31T22:00:00Z
16,3,Babina Greda,134,118,252,31,10,41,77,25,102,3,0,3,27,38,65,0,0,0,0,0,0,272,191,463,2020-08-31T22:00:00Z
16,32,Bošnjaci,116,90,206,23,6,29,42,7,49,2,0,2,29,31,60,0,0,0,1,0,1,213,134,347,2020-08-31T22:00:00Z
16,414,Stari Jankovci,132,132,264,19,4,23,41,9,50,1,0,1,31,17,48,0,0,0,2,1,3,226,163,389,2020-08-31T22:00:00Z
16,415,Stari Mikanovci,99,112,211,20,11,31,19,9,28,2,1,3,27,42,69,0,0,0,0,0,0,167,175,342,2020-08-31T22:00:00Z
16,44,Cerna,394,219,613,39,18,57,44,17,61,2,1,3,76,52,128,0,0,0,0,0,0,555,307,862,2020-08-31T22:00:00Z
16,456,Tompojevci,18,49,67,14,4,18,38,11,49,0,1,1,15,16,31,0,0,0,0,0,0,85,81,166,2020-08-31T22:00:00Z
16,458,Tordinci,89,105,194,5,2,7,11,0,11,1,0,1,6,8,14,0,0,0,0,0,0,112,115,227,2020-08-31T22:00:00Z
16,459,Tovarnik,154,157,311,17,3,20,42,19,61,1,1,2,14,15,29,0,0,0,0,1,1,228,196,424,2020-08-31T22:00:00Z
16,464,Trpinja,106,214,320,20,6,26,84,10,94,3,0,3,34,26,60,0,0,0,0,0,0,247,256,503,2020-08-31T22:00:00Z
16,487,Vinkovci,8100,6215,14315,280,180,460,34,17,51,57,53,110,486,637,1123,1,0,1,14,6,20,8972,7108,16080,2020-08-31T22:00:00Z
16,505,Vrbanja,229,166,395,30,12,42,75,13,88,2,0,2,22,21,43,0,0,0,0,0,0,358,212,570,2020-08-31T22:00:00Z
16,518,Vukovar,4245,4545,8790,266,137,403,66,29,95,31,43,74,392,381,773,0,0,0,5,5,10,5005,5140,10145,2020-08-31T22:00:00Z
16,534,Županja,2079,1581,3660,130,52,182,39,12,51,23,24,47,183,202,385,1,0,1,6,4,10,2461,1875,4336,2020-08-31T22:00:00Z
16,535,Otok (Vinkovci),369,321,690,34,18,52,60,14,74,8,1,9,66,43,109,0,0,0,0,2,2,537,399,936,2020-08-31T22:00:00Z
16,583,Privlaka,101,88,189,16,5,21,19,8,27,0,2,2,25,20,45,0,0,0,1,1,2,162,124,286,2020-08-31T22:00:00Z
16,584,Vođinci,41,166,207,14,2,16,6,4,10,0,1,1,10,11,21,0,0,0,0,0,0,71,184,255,2020-08-31T22:00:00Z
16,610,Markušica,58,58,116,9,3,12,45,15,60,0,1,1,14,13,27,0,0,0,2,0,2,128,90,218,2020-08-31T22:00:00Z
16,612,Negoslavci,19,31,50,5,0,5,13,3,16,1,0,1,16,15,31,0,0,0,0,0,0,54,49,103,2020-08-31T22:00:00Z
16,628,Štitar,101,51,152,6,0,6,12,3,15,0,1,1,9,7,16,0,0,0,0,0,0,128,62,190,2020-08-31T22:00:00Z
16,92,Drenovci,115,197,312,39,7,46,106,36,142,1,0,1,39,34,73,0,0,0,0,1,1,300,275,575,2020-08-31T22:00:00Z
17,100,Dugi Rat,622,612,1234,89,40,129,1,2,3,28,7,35,180,104,284,0,0,0,0,3,3,920,768,1688,2020-08-31T22:00:00Z
17,134,Gradac,180,244,424,66,32,98,5,1,6,3,1,4,40,74,114,0,0,0,1,2,3,295,354,649,2020-08-31T22:00:00Z
17,148,Hrvace,234,200,434,33,15,48,4,6,10,1,3,4,48,44,92,0,0,0,1,2,3,321,270,591,2020-08-31T22:00:00Z
17,153,Hvar,645,635,1280,219,90,309,13,11,24,16,8,24,226,204,430,1,0,1,4,9,13,1124,957,2081,2020-08-31T22:00:00Z
17,155,Imotski,1235,1226,2461,135,84,219,11,8,19,33,13,46,126,241,367,0,0,0,12,13,25,1552,1585,3137,2020-08-31T22:00:00Z
17,171,Jelsa,364,323,687,114,32,146,30,10,40,9,0,9,135,80,215,0,0,0,5,6,11,657,451,1108,2020-08-31T22:00:00Z
17,181,Kaštela,3314,3609,6923,456,207,663,22,12,34,129,38,167,510,531,1041,0,0,0,31,27,58,4462,4424,8886,2020-08-31T22:00:00Z
17,192,Klis,235,167,402,35,8,43,6,3,9,22,1,23,37,25,62,0,0,0,0,2,2,335,206,541,2020-08-31T22:00:00Z
17,197,Komiža,155,155,310,67,21,88,4,0,4,4,2,6,39,40,79,0,0,0,2,2,4,271,220,491,2020-08-31T22:00:00Z
17,243,Lovreć,136,98,234,15,9,24,4,0,4,2,1,3,18,10,28,0,0,0,2,1,3,177,119,296,2020-08-31T22:00:00Z
17,249,Makarska,2380,2354,4734,310,192,502,3,2,5,46,30,76,351,410,761,0,0,0,7,5,12,3097,2993,6090,2020-08-31T22:00:00Z
17,258,Marina,170,235,405,56,25,81,5,3,8,15,1,16,39,62,101,1,0,1,4,1,5,290,327,617,2020-08-31T22:00:00Z
17,267,Milna,104,87,191,22,8,30,3,1,4,3,0,3,28,34,62,0,0,0,5,1,6,165,131,296,2020-08-31T22:00:00Z
17,27,Bol,322,396,718,70,27,97,5,2,7,3,2,5,67,33,100,0,0,0,2,3,5,469,463,932,2020-08-31T22:00:00Z
17,280,Nerežišća,143,56,199,16,3,19,6,2,8,1,0,1,29,15,44,0,0,0,1,0,1,196,76,272,2020-08-31T22:00:00Z
17,300,Omiš,1462,1688,3150,247,102,349,11,4,15,43,18,61,321,334,655,0,0,0,3,4,7,2087,2150,4237,2020-08-31T22:00:00Z
17,314,Otok,247,207,454,43,17,60,10,1,11,2,0,2,64,49,113,0,0,0,0,0,0,366,274,640,2020-08-31T22:00:00Z
17,337,Podbablje,261,183,444,30,3,33,6,0,6,1,1,2,25,29,54,0,0,0,1,5,6,324,221,545,2020-08-31T22:00:00Z
17,339,Podgora,263,225,488,77,26,103,1,1,2,2,0,2,54,26,80,0,0,0,4,2,6,401,280,681,2020-08-31T22:00:00Z
17,341,Podstrana,768,660,1428,60,17,77,16,4,20,33,5,38,53,78,131,1,0,1,4,3,7,935,767,1702,2020-08-31T22:00:00Z
17,350,Postira,268,224,492,41,17,58,11,3,14,1,3,4,16,16,32,0,0,0,2,1,3,339,264,603,2020-08-31T22:00:00Z
17,358,Pučišća,231,127,358,47,9,56,7,5,12,8,0,8,36,22,58,0,0,0,2,0,2,331,163,494,2020-08-31T22:00:00Z
17,382,Seget,438,381,819,38,10,48,7,3,10,5,2,7,130,81,211,0,0,0,3,1,4,621,478,1099,2020-08-31T22:00:00Z
17,383,Selca,128,113,241,40,22,62,9,2,11,5,2,7,76,38,114,0,0,0,2,1,3,260,178,438,2020-08-31T22:00:00Z
17,389,Sinj,1860,1944,3804,247,131,378,53,16,69,43,44,87,286,372,658,0,1,1,8,20,28,2497,2528,5025,2020-08-31T22:00:00Z
17,406,Solin,3517,2942,6459,249,135,384,11,8,19,119,34,153,302,301,603,0,0,0,11,14,25,4209,3434,7643,2020-08-31T22:00:00Z
17,409,Split,34601,37145,71746,1505,1069,2574,64,41,105,2052,443,2495,1561,2239,3800,3,0,3,164,151,315,39950,41088,81038,2020-08-31T22:00:00Z
17,413,Stari Grad,337,319,656,65,31,96,18,13,31,6,4,10,48,48,96,0,0,0,2,6,8,476,421,897,2020-08-31T22:00:00Z
17,423,Sućuraj,32,22,54,23,2,25,4,2,6,1,0,1,13,11,24,0,0,0,0,0,0,73,37,110,2020-08-31T22:00:00Z
17,427,Supetar,626,741,1367,125,66,191,15,5,20,21,8,29,122,132,254,0,0,0,8,2,10,917,954,1871,2020-08-31T22:00:00Z
17,443,Šestanovac,134,157,291,27,5,32,7,0,7,1,2,3,21,22,43,0,0,0,2,1,3,192,187,379,2020-08-31T22:00:00Z
17,447,Šolta,197,133,330,20,18,38,10,3,13,11,1,12,13,18,31,0,0,0,0,0,0,251,173,424,2020-08-31T22:00:00Z
17,460,Trilj,436,533,969,103,29,132,18,7,25,13,3,16,94,139,233,0,0,0,0,5,5,664,716,1380,2020-08-31T22:00:00Z
17,463,Trogir,1953,1857,3810,337,172,509,11,3,14,67,38,105,364,483,847,0,0,0,9,16,25,2741,2569,5310,2020-08-31T22:00:00Z
17,492,Vis,268,286,554,54,24,78,14,2,16,7,2,9,55,54,109,0,0,0,2,2,4,400,370,770,2020-08-31T22:00:00Z
17,50,Cista Provo,117,138,255,26,1,27,8,1,9,1,0,1,6,10,16,0,0,0,1,3,4,159,153,312,2020-08-31T22:00:00Z
17,511,Vrgorac,922,676,1598,48,23,71,26,15,41,5,6,11,46,85,131,0,0,0,0,3,3,1047,808,1855,2020-08-31T22:00:00Z
17,513,Vrlika,119,223,342,17,3,20,12,4,16,2,0,2,24,3,27,0,0,0,1,0,1,175,233,408,2020-08-31T22:00:00Z
17,522,Zagvozd,146,69,215,17,2,19,2,0,2,1,0,1,12,11,23,0,0,0,0,1,1,178,83,261,2020-08-31T22:00:00Z
17,528,Zmijavci,84,103,187,7,2,9,2,1,3,2,0,2,26,8,34,0,0,0,0,1,1,121,115,236,2020-08-31T22:00:00Z
17,585,Dugopolje,1309,723,2032,31,11,42,5,5,10,14,1,15,63,50,113,0,0,0,0,0,0,1422,790,2212,2020-08-31T22:00:00Z
17,586,Lećevica,14,26,40,5,0,5,0,0,0,1,0,1,1,0,1,0,0,0,0,0,0,21,26,47,2020-08-31T22:00:00Z
17,587,Lokvičići,41,24,65,1,0,1,2,0,2,0,0,0,1,3,4,0,0,0,1,0,1,46,27,73,2020-08-31T22:00:00Z
17,588,Okrug,155,180,335,38,16,54,1,1,2,13,5,18,96,39,135,0,0,0,2,3,5,305,244,549,2020-08-31T22:00:00Z
17,589,Prgomet,38,33,71,8,0,8,2,1,3,0,0,0,2,2,4,0,0,0,0,0,0,50,36,86,2020-08-31T22:00:00Z
17,590,Primorski Dolac,14,43,57,4,1,5,1,1,2,0,1,1,3,3,6,0,0,0,0,0,0,22,49,71,2020-08-31T22:00:00Z
17,591,Runovići,73,89,162,6,3,9,0,1,1,0,2,2,26,34,60,0,0,0,0,0,0,105,129,234,2020-08-31T22:00:00Z
17,592,Sutivan,112,87,199,14,6,20,4,1,5,5,1,6,22,17,39,0,0,0,0,0,0,157,112,269,2020-08-31T22:00:00Z
17,593,Tučepi,238,249,487,43,24,67,0,1,1,3,4,7,57,35,92,0,0,0,0,1,1,341,314,655,2020-08-31T22:00:00Z
17,595,Zadvarje,35,25,60,7,1,8,0,1,1,0,0,0,11,8,19,0,0,0,0,0,0,53,35,88,2020-08-31T22:00:00Z
17,72,Dicmo,436,174,610,30,16,46,3,2,5,4,1,5,34,45,79,0,0,0,0,1,1,507,239,746,2020-08-31T22:00:00Z
17,77,Brela,255,252,507,45,25,70,0,1,1,1,1,2,34,55,89,0,0,0,1,1,2,336,335,671,2020-08-31T22:00:00Z
17,87,Muć,157,189,346,19,4,23,3,4,7,4,4,8,10,11,21,0,0,0,0,1,1,193,213,406,2020-08-31T22:00:00Z
17,88,Proložac,179,185,364,13,4,17,2,3,5,0,0,0,34,16,50,0,0,0,3,1,4,231,209,440,2020-08-31T22:00:00Z
17,9,Baška Voda,226,282,508,91,55,146,2,1,3,7,2,9,81,78,159,0,0,0,1,1,2,408,419,827,2020-08-31T22:00:00Z
18,132,Gračišće,41,28,69,31,3,34,12,3,15,0,0,0,39,9,48,0,0,0,1,1,2,124,44,168,2020-08-31T22:00:00Z
18,138,Grožnjan,24,22,46,15,4,19,12,4,16,0,0,0,11,12,23,0,0,0,0,2,2,62,44,106,2020-08-31T22:00:00Z
18,175,Kanfanar,433,180,613,25,6,31,4,0,4,2,0,2,28,18,46,0,0,0,3,1,4,495,205,700,2020-08-31T22:00:00Z
18,217,Kršan,297,304,601,46,12,58,7,5,12,4,0,4,93,54,147,0,0,0,2,4,6,449,379,828,2020-08-31T22:00:00Z
18,222,Labin,2562,2327,4889,249,115,364,18,10,28,28,35,63,286,248,534,0,0,0,13,9,22,3156,2744,5900,2020-08-31T22:00:00Z
18,223,Lanišće,13,13,26,4,0,4,2,0,2,0,0,0,8,2,10,0,0,0,0,1,1,27,16,43,2020-08-31T22:00:00Z
18,235,Ližnjan,133,133,266,11,5,16,2,0,2,4,0,4,21,36,57,0,0,0,1,0,1,172,174,346,2020-08-31T22:00:00Z
18,246,Lupoglav,172,93,265,11,5,16,7,3,10,0,1,1,13,12,25,0,0,0,0,1,1,203,115,318,2020-08-31T22:00:00Z
18,254,Marčana,164,163,327,36,15,51,3,2,5,7,1,8,33,22,55,0,0,0,2,1,3,245,204,449,2020-08-31T22:00:00Z
18,263,Medulin,631,586,1217,94,49,143,8,2,10,8,5,13,121,150,271,0,0,0,0,1,1,862,793,1655,2020-08-31T22:00:00Z
18,274,Motovun,90,97,187,35,14,49,20,6,26,0,0,0,41,35,76,0,0,0,3,2,5,189,154,343,2020-08-31T22:00:00Z
18,291,Novigrad,789,954,1743,121,53,174,20,5,25,2,8,10,149,114,263,0,0,0,5,6,11,1086,1140,2226,2020-08-31T22:00:00Z
18,304,Oprtalj,60,75,135,10,4,14,14,3,17,0,0,0,13,9,22,0,0,0,4,3,7,101,94,195,2020-08-31T22:00:00Z
18,321,Pazin,2024,1932,3956,286,113,399,47,22,69,14,23,37,311,202,513,0,0,0,5,13,18,2687,2305,4992,2020-08-31T22:00:00Z
18,330,Pićan,347,183,530,28,6,34,3,5,8,0,1,1,54,21,75,0,0,0,1,1,2,433,217,650,2020-08-31T22:00:00Z
18,348,Poreč,4846,4792,9638,625,319,944,45,18,63,57,52,109,544,502,1046,0,0,0,11,15,26,6128,5698,11826,2020-08-31T22:00:00Z
18,359,Pula,12807,12445,25252,1139,593,1732,62,44,106,306,172,478,902,1107,2009,0,0,0,77,46,123,15293,14407,29700,2020-08-31T22:00:00Z
18,368,Raša,257,159,416,25,8,33,1,0,1,2,1,3,44,23,67,0,0,0,0,0,0,329,191,520,2020-08-31T22:00:00Z
18,374,Rovinj,2987,3186,6173,408,240,648,27,10,37,34,35,69,510,469,979,1,0,1,12,16,28,3979,3956,7935,2020-08-31T22:00:00Z
18,40,Brtonigla,149,104,253,36,14,50,25,8,33,1,1,2,39,43,82,0,0,0,0,2,2,250,172,422,2020-08-31T22:00:00Z
18,42,Buje,774,720,1494,89,46,135,25,13,38,6,11,17,57,65,122,0,0,0,3,6,9,954,861,1815,2020-08-31T22:00:00Z
18,43,Buzet,1545,1001,2546,160,64,224,22,16,38,6,5,11,100,99,199,0,0,0,11,7,18,1844,1192,3036,2020-08-31T22:00:00Z
18,431,Sveti Lovreč,41,55,96,18,11,29,2,1,3,0,1,1,33,20,53,0,0,0,0,0,0,94,88,182,2020-08-31T22:00:00Z
18,432,Sveta Nedelja,146,137,283,25,7,32,7,3,10,4,1,5,35,19,54,0,0,0,5,5,10,222,172,394,2020-08-31T22:00:00Z
18,433,Sveti Petar U Šumi,162,114,276,25,4,29,2,4,6,0,0,0,27,5,32,0,0,0,1,1,2,217,128,345,2020-08-31T22:00:00Z
18,435,Svetvinčenat,118,106,224,20,4,24,1,0,1,0,1,1,25,28,53,0,0,0,1,0,1,165,139,304,2020-08-31T22:00:00Z
18,453,Tinjan,191,115,306,38,9,47,4,0,4,1,3,4,54,30,84,0,0,0,1,0,1,289,157,446,2020-08-31T22:00:00Z
18,468,Umag,2544,2213,4757,372,163,535,29,14,43,28,33,61,311,327,638,0,0,0,16,18,34,3300,2768,6068,2020-08-31T22:00:00Z
18,47,Cerovlje,96,42,138,39,2,41,5,4,9,0,0,0,34,17,51,0,0,0,1,2,3,175,67,242,2020-08-31T22:00:00Z
18,497,Višnjan,243,247,490,43,12,55,9,4,13,1,1,2,83,33,116,0,0,0,6,0,6,385,297,682,2020-08-31T22:00:00Z
18,498,Vižinada,57,45,102,23,5,28,17,5,22,1,0,1,28,20,48,0,0,0,0,1,1,126,76,202,2020-08-31T22:00:00Z
18,5,Bale,131,109,240,23,15,38,4,3,7,0,0,0,38,18,56,0,0,0,1,1,2,197,146,343,2020-08-31T22:00:00Z
18,502,Vodnjan,681,564,1245,51,20,71,11,4,15,10,4,14,92,57,149,0,0,0,0,1,1,845,650,1495,2020-08-31T22:00:00Z
18,516,Vrsar,323,328,651,81,42,123,4,1,5,5,1,6,113,122,235,1,0,1,3,0,3,530,494,1024,2020-08-31T22:00:00Z
18,531,Žminj,464,400,864,92,41,133,12,5,17,1,3,4,101,73,174,0,0,0,5,2,7,675,524,1199,2020-08-31T22:00:00Z
18,596,Karojba,87,102,189,33,7,40,2,1,3,0,0,0,52,12,64,0,0,0,1,0,1,175,122,297,2020-08-31T22:00:00Z
18,597,Kaštelir - Labinci,153,75,228,32,14,46,5,2,7,1,0,1,40,15,55,0,0,0,2,3,5,233,109,342,2020-08-31T22:00:00Z
18,6,Barban,222,112,334,39,5,44,8,5,13,0,1,1,18,22,40,0,0,0,4,1,5,291,146,437,2020-08-31T22:00:00Z
18,619,Fažana,273,209,482,31,17,48,0,1,1,4,2,6,56,73,129,0,0,0,0,2,2,364,304,668,2020-08-31T22:00:00Z
18,629,Funtana,118,121,239,22,9,31,1,0,1,0,0,0,42,44,86,0,0,0,1,1,2,184,175,359,2020-08-31T22:00:00Z
18,631,Tar-Vabriga,151,246,397,43,16,59,2,0,2,1,0,1,46,49,95,0,0,0,0,1,1,243,312,555,2020-08-31T22:00:00Z
19,198,Konavle,1084,836,1920,201,69,270,20,8,28,34,9,43,92,120,212,0,0,0,6,3,9,1437,1045,2482,2020-08-31T22:00:00Z
19,204,Korčula,686,880,1566,152,64,216,18,10,28,115,10,125,127,137,264,0,0,0,8,8,16,1106,1109,2215,2020-08-31T22:00:00Z
19,219,Kula Norinska,37,58,95,14,3,17,2,0,2,2,0,2,6,6,12,0,0,0,0,0,0,61,67,128,2020-08-31T22:00:00Z
19,226,Lastovo,74,96,170,24,10,34,1,1,2,5,1,6,14,13,27,0,0,0,2,4,6,120,125,245,2020-08-31T22:00:00Z
19,25,Blato,572,410,982,59,23,82,20,5,25,9,8,17,155,45,200,0,0,0,5,3,8,820,494,1314,2020-08-31T22:00:00Z
19,264,Metković,1883,1640,3523,180,97,277,32,22,54,42,20,62,344,280,624,0,0,0,5,6,11,2486,2065,4551,2020-08-31T22:00:00Z
19,268,Mljet,196,99,295,30,13,43,5,0,5,5,2,7,16,23,39,0,0,0,2,1,3,254,138,392,2020-08-31T22:00:00Z
19,306,Opuzen,457,413,870,30,13,43,40,21,61,4,1,5,17,38,55,0,0,0,1,1,2,549,487,1036,2020-08-31T22:00:00Z
19,308,Orebić,406,414,820,89,44,133,30,8,38,33,6,39,97,106,203,0,0,0,4,13,17,659,591,1250,2020-08-31T22:00:00Z
19,335,Ploče,1385,889,2274,80,41,121,15,3,18,31,8,39,77,137,214,0,0,0,3,3,6,1591,1081,2672,2020-08-31T22:00:00Z
19,343,Pojezerje,25,24,49,5,2,7,6,0,6,0,0,0,1,3,4,0,0,0,0,0,0,37,29,66,2020-08-31T22:00:00Z
19,399,Slivno,387,58,445,12,11,23,16,6,22,0,0,0,6,19,25,0,0,0,1,0,1,422,94,516,2020-08-31T22:00:00Z
19,402,Smokvica,33,73,106,12,2,14,13,6,19,4,0,4,30,9,39,0,0,0,4,2,6,96,92,188,2020-08-31T22:00:00Z
19,419,Ston,482,232,714,50,14,64,19,5,24,4,1,5,44,29,73,0,0,0,1,2,3,600,283,883,2020-08-31T22:00:00Z
19,474,Vela Luka,293,521,814,63,24,87,10,1,11,30,4,34,82,54,136,0,0,0,4,7,11,482,611,1093,2020-08-31T22:00:00Z
19,523,Zažablje,11,5,16,5,0,5,3,2,5,1,0,1,5,2,7,0,0,0,0,0,0,25,9,34,2020-08-31T22:00:00Z
19,598,Dubrovačko Primorje,157,106,263,24,7,31,5,6,11,8,3,11,39,22,61,0,0,0,1,2,3,234,146,380,2020-08-31T22:00:00Z
19,599,Janjina,363,76,439,10,5,15,11,3,14,2,1,3,8,11,19,0,0,0,2,0,2,396,96,492,2020-08-31T22:00:00Z
19,600,Lumbarda,53,65,118,41,14,55,8,1,9,10,1,11,28,14,42,0,0,0,3,2,5,143,97,240,2020-08-31T22:00:00Z
19,601,Trpanj,49,49,98,15,5,20,1,2,3,4,1,5,20,9,29,0,0,0,2,1,3,91,67,158,2020-08-31T22:00:00Z
19,602,Župa Dubrovačka,636,612,1248,124,67,191,5,5,10,50,2,52,79,74,153,1,0,1,7,1,8,902,761,1663,2020-08-31T22:00:00Z
19,98,Dubrovnik,10174,10544,20718,776,404,1180,28,14,42,512,81,593,626,705,1331,0,0,0,57,59,116,12173,11807,23980,2020-08-31T22:00:00Z
20,123,Goričan,311,146,457,7,3,10,8,2,10,0,2,2,13,16,29,0,0,0,0,0,0,339,169,508,2020-08-31T22:00:00Z
20,15,Belica,186,193,379,24,15,39,64,45,109,1,1,2,29,35,64,0,0,0,0,1,1,304,290,594,2020-08-31T22:00:00Z
20,206,Kotoriba,477,240,717,10,4,14,7,0,7,0,5,5,16,17,33,0,0,0,0,0,0,510,266,776,2020-08-31T22:00:00Z
20,250,Mala Subotica,498,963,1461,28,18,46,34,17,51,2,3,5,39,28,67,0,0,0,0,5,5,601,1034,1635,2020-08-31T22:00:00Z
20,276,Mursko Središće,779,733,1512,38,23,61,18,7,25,3,7,10,62,59,121,0,0,0,1,3,4,901,832,1733,2020-08-31T22:00:00Z
20,279,Nedelišće,1327,748,2075,91,35,126,42,18,60,2,7,9,145,67,212,0,0,0,2,6,8,1609,881,2490,2020-08-31T22:00:00Z
20,342,Podturen,182,86,268,21,6,27,18,16,34,1,3,4,54,40,94,0,0,0,0,2,2,276,153,429,2020-08-31T22:00:00Z
20,355,Prelog,2245,1594,3839,66,17,83,47,33,80,8,9,17,60,55,115,0,0,0,7,4,11,2433,1712,4145,2020-08-31T22:00:00Z
20,385,Selnica,129,127,256,7,7,14,8,7,15,1,3,4,12,19,31,0,0,0,0,1,1,157,164,321,2020-08-31T22:00:00Z
20,440,Sveti Juraj Na Bregu,249,141,390,28,13,41,13,7,20,2,2,4,47,61,108,0,0,0,0,1,1,339,225,564,2020-08-31T22:00:00Z
20,441,Sveti Martin Na Muri,546,308,854,10,9,19,13,6,19,0,3,3,28,35,63,0,0,0,1,3,4,598,364,962,2020-08-31T22:00:00Z
20,452,Štrigova,271,189,460,26,9,35,44,25,69,2,3,5,64,63,127,0,0,0,0,0,0,407,289,696,2020-08-31T22:00:00Z
20,504,Vratišinec,153,91,244,6,4,10,12,3,15,2,2,4,8,5,13,0,0,0,2,0,2,183,105,288,2020-08-31T22:00:00Z
20,60,Čakovec,9701,9295,18996,256,125,381,66,26,92,39,65,104,282,380,662,0,0,0,7,8,15,10351,9899,20250,2020-08-31T22:00:00Z
20,603,Dekanovec,71,74,145,5,3,8,8,6,14,0,0,0,5,3,8,0,0,0,0,1,1,89,87,176,2020-08-31T22:00:00Z
20,604,Gornji Mihaljevec,122,54,176,10,2,12,23,7,30,2,2,4,20,11,31,0,0,0,1,0,1,178,76,254,2020-08-31T22:00:00Z
20,605,Orehovica,79,115,194,14,2,16,29,14,43,1,3,4,46,21,67,0,0,0,1,2,3,170,157,327,2020-08-31T22:00:00Z
20,606,Strahoninec,246,127,373,12,4,16,3,1,4,0,0,0,40,9,49,0,0,0,0,2,2,301,143,444,2020-08-31T22:00:00Z
20,607,Sveta Marija,76,70,146,14,6,20,6,0,6,1,0,1,26,8,34,0,0,0,1,1,2,124,85,209,2020-08-31T22:00:00Z
20,608,Šenkovec,518,240,758,14,12,26,3,1,4,0,1,1,29,27,56,0,0,0,1,3,4,565,284,849,2020-08-31T22:00:00Z
20,620,Pribislavec,217,97,314,11,5,16,3,1,4,2,2,4,18,11,29,0,0,0,0,0,0,251,116,367,2020-08-31T22:00:00Z
20,75,Domašinec,321,114,435,7,9,16,19,13,32,0,1,1,17,9,26,0,0,0,2,2,4,366,148,514,2020-08-31T22:00:00Z
20,78,Donja Dubrava,180,226,406,15,7,22,7,3,10,0,1,1,11,12,23,0,0,0,0,0,0,213,249,462,2020-08-31T22:00:00Z
20,82,Donji Kraljevec,1325,565,1890,35,10,45,53,16,69,3,6,9,80,129,209,0,0,0,6,8,14,1502,734,2236,2020-08-31T22:00:00Z
20,89,Donji Vidovec,51,74,125,3,1,4,6,0,6,1,2,3,3,14,17,0,0,0,0,0,0,64,91,155,2020-08-31T22:00:00Z
21,133,Zagreb,221927,202389,424316,7846,5074,12920,305,197,502,2218,2090,4308,5628,7142,12770,19,2,21,407,571,978,238350,217465,455815,2020-08-31T22:00:00Z
01,101,Dugo Selo,2837,1971,4808,221,98,319,29,21,50,23,24,47,278,237,515,0,0,0,6,18,24,3394,2369,5763,2020-09-30T22:00:00Z
01,114,Farkaševac,175,235,410,7,4,11,29,13,42,0,2,2,38,14,52,0,0,0,1,0,1,250,268,518,2020-09-30T22:00:00Z
01,135,Gradec,147,128,275,13,3,16,13,7,20,0,2,2,40,18,58,0,0,0,0,0,0,213,158,371,2020-09-30T22:00:00Z
01,158,Ivanić-Grad,2968,1641,4609,90,74,164,51,29,80,9,19,28,152,201,353,0,0,0,8,11,19,3278,1975,5253,2020-09-30T22:00:00Z
01,163,Jakovlje,211,184,395,42,9,51,8,12,20,4,2,6,40,44,84,0,0,0,0,0,0,305,251,556,2020-09-30T22:00:00Z
01,169,Jastrebarsko,2172,1565,3737,218,117,335,63,32,95,15,19,34,248,241,489,0,0,0,7,9,16,2723,1983,4706,2020-09-30T22:00:00Z
01,190,Klinča Selo,196,154,350,37,7,44,5,3,8,0,0,0,79,54,133,0,0,0,0,1,1,317,219,536,2020-09-30T22:00:00Z
01,193,Kloštar Ivanić,384,288,672,25,10,35,21,7,28,1,11,12,61,46,107,0,0,0,2,0,2,494,362,856,2020-09-30T22:00:00Z
01,213,Križ,574,393,967,28,23,51,22,13,35,5,6,11,26,63,89,0,0,0,2,2,4,657,500,1157,2020-09-30T22:00:00Z
01,33,Brckovljani,301,308,609,7,3,10,0,0,0,0,2,2,23,13,36,0,0,0,0,0,0,331,326,657,2020-09-30T22:00:00Z
01,331,Pisarovina,386,285,671,26,17,43,24,20,44,1,2,3,21,32,53,0,0,0,1,3,4,459,359,818,2020-09-30T22:00:00Z
01,34,Brdovec,844,696,1540,97,32,129,12,8,20,2,8,10,81,63,144,0,0,0,2,4,6,1038,811,1849,2020-09-30T22:00:00Z
01,356,Preseka,19,9,28,5,2,7,14,12,26,0,1,1,18,6,24,0,0,0,1,1,2,57,31,88,2020-09-30T22:00:00Z
01,362,Pušča,166,190,356,29,14,43,8,2,10,1,3,4,57,28,85,0,0,0,0,0,0,261,237,498,2020-09-30T22:00:00Z
01,376,Rugvica,1016,445,1461,9,6,15,4,2,6,1,2,3,26,27,53,0,0,0,1,0,1,1057,482,1539,2020-09-30T22:00:00Z
01,380,Samobor,5185,3697,8882,485,289,774,28,24,52,45,71,116,545,518,1063,0,0,0,32,25,57,6320,4624,10944,2020-09-30T22:00:00Z
01,429,Sveti Ivan Zelina,2151,1864,4015,171,69,240,86,64,150,15,20,35,246,219,465,0,0,0,10,4,14,2679,2240,4919,2020-09-30T22:00:00Z
01,436,Sveta Nedjelja,5175,3127,8302,221,85,306,9,4,13,8,12,20,340,180,520,0,0,0,9,6,15,5762,3414,9176,2020-09-30T22:00:00Z
01,508,Vrbovec,2148,1925,4073,154,68,222,77,33,110,7,24,31,276,162,438,0,0,0,10,10,20,2672,2222,4894,2020-09-30T22:00:00Z
01,533,Krašić,263,184,447,30,8,38,18,11,29,3,2,5,25,29,54,0,0,0,1,1,2,340,235,575,2020-09-30T22:00:00Z
01,536,Rakovec,28,13,41,10,2,12,13,10,23,0,1,1,19,11,30,0,0,0,0,0,0,70,37,107,2020-09-30T22:00:00Z
01,539,Marija Gorica,90,83,173,14,3,17,0,0,0,1,1,2,23,24,47,0,0,0,0,0,0,128,111,239,2020-09-30T22:00:00Z
01,540,Žumberak,14,20,34,5,2,7,8,5,13,0,0,0,9,9,18,0,0,0,0,0,0,36,36,72,2020-09-30T22:00:00Z
01,541,Velika Gorica,7590,5990,13580,604,336,940,69,31,100,55,64,119,611,547,1158,0,0,0,25,21,46,8954,6989,15943,2020-09-30T22:00:00Z
01,542,Orle,47,34,81,13,1,14,10,6,16,0,0,0,11,4,15,0,0,0,0,0,0,81,45,126,2020-09-30T22:00:00Z
01,543,Zaprešić,3306,2898,6204,207,136,343,15,10,25,35,45,80,245,236,481,0,0,0,16,18,34,3824,3343,7167,2020-09-30T22:00:00Z
01,544,Pokupsko,50,65,115,9,7,16,14,8,22,1,0,1,7,8,15,0,0,0,0,0,0,81,88,169,2020-09-30T22:00:00Z
01,545,Kravarsko,116,94,210,27,8,35,9,8,17,0,0,0,67,13,80,0,0,0,1,0,1,220,123,343,2020-09-30T22:00:00Z
01,547,Bistra,348,526,874,46,24,70,7,5,12,2,8,10,67,50,117,1,0,1,1,2,3,472,615,1087,2020-09-30T22:00:00Z
01,548,Luka,249,79,328,14,2,16,2,5,7,1,1,2,21,18,39,0,0,0,1,0,1,288,105,393,2020-09-30T22:00:00Z
01,549,Dubravica,70,41,111,14,0,14,14,8,22,0,0,0,15,12,27,0,0,0,0,0,0,113,61,174,2020-09-30T22:00:00Z
01,550,Bedenica,195,149,344,12,5,17,7,7,14,1,1,2,20,12,32,0,0,0,0,0,0,235,174,409,2020-09-30T22:00:00Z
01,551,Stupnik,1240,487,1727,23,16,39,0,4,4,2,2,4,20,29,49,0,0,0,0,1,1,1285,539,1824,2020-09-30T22:00:00Z
01,97,Dubrava,293,323,616,42,21,63,65,39,104,3,13,16,74,70,144,0,0,0,5,8,13,482,474,956,2020-09-30T22:00:00Z
02,108,Đurmanec,111,127,238,59,11,70,0,2,2,3,3,6,102,90,192,0,0,0,1,0,1,276,233,509,2020-09-30T22:00:00Z
02,11,Bedekovčina,528,743,1271,90,39,129,7,10,17,5,8,13,126,117,243,0,0,0,4,3,7,760,920,1680,2020-09-30T22:00:00Z
02,125,Gornja Stubica,187,279,466,50,12,62,8,3,11,1,1,2,66,52,118,0,0,0,1,2,3,313,349,662,2020-09-30T22:00:00Z
02,146,Hraščina,47,34,81,9,2,11,3,4,7,0,1,1,4,8,12,0,0,0,0,0,0,63,49,112,2020-09-30T22:00:00Z
02,152,Hum Na Sutli,1621,585,2206,52,33,85,4,0,4,1,8,9,165,69,234,0,0,0,0,1,1,1843,696,2539,2020-09-30T22:00:00Z
02,187,Klanjec,303,250,553,66,24,90,9,7,16,5,0,5,66,44,110,0,0,0,1,2,3,450,327,777,2020-09-30T22:00:00Z
02,200,Konjščina,382,358,740,33,15,48,2,0,2,2,2,4,25,34,59,0,0,0,0,1,1,444,410,854,2020-09-30T22:00:00Z
02,208,Kraljevec Na Sutli,59,49,108,15,6,21,4,3,7,0,0,0,19,6,25,0,0,0,0,2,2,97,66,163,2020-09-30T22:00:00Z
02,211,Krapina,2747,2707,5454,166,82,248,7,5,12,19,22,41,204,181,385,0,0,0,2,2,4,3145,2999,6144,2020-09-30T22:00:00Z
02,212,Krapinske Toplice,571,1148,1719,67,35,102,4,7,11,0,5,5,114,77,191,0,0,0,0,0,0,756,1272,2028,2020-09-30T22:00:00Z
02,236,Lobor,167,227,394,18,9,27,5,5,10,0,0,0,28,15,43,0,0,0,1,1,2,219,257,476,2020-09-30T22:00:00Z
02,248,Mače,112,51,163,27,7,34,3,3,6,1,0,1,47,35,82,0,0,0,0,0,0,190,96,286,2020-09-30T22:00:00Z
02,256,Marija Bistrica,346,312,658,61,41,102,15,6,21,0,5,5,91,82,173,0,0,0,3,4,7,516,450,966,2020-09-30T22:00:00Z
02,265,Mihovljan,102,94,196,32,6,38,6,0,6,0,0,0,69,14,83,0,0,0,1,1,2,210,115,325,2020-09-30T22:00:00Z
02,311,Oroslavje,866,774,1640,78,32,110,9,2,11,5,8,13,99,69,168,0,0,0,4,3,7,1061,888,1949,2020-09-30T22:00:00Z
02,329,Petrovsko,71,51,122,16,2,18,1,0,1,4,0,4,54,11,65,0,0,0,1,0,1,147,64,211,2020-09-30T22:00:00Z
02,352,Pregrada,777,930,1707,108,30,138,5,3,8,6,7,13,156,107,263,0,0,0,0,2,2,1052,1079,2131,2020-09-30T22:00:00Z
02,364,Radoboj,134,95,229,16,10,26,1,1,2,1,2,3,53,20,73,0,0,0,0,0,0,205,128,333,2020-09-30T22:00:00Z
02,41,Budinščina,164,171,335,14,6,20,8,2,10,1,2,3,19,11,30,0,0,0,1,2,3,207,194,401,2020-09-30T22:00:00Z
02,422,Stubičke Toplice,230,393,623,31,15,46,1,1,2,4,6,10,69,26,95,0,0,0,1,1,2,336,442,778,2020-09-30T22:00:00Z
02,430,Sveti Križ Začretje,628,717,1345,73,22,95,9,5,14,2,3,5,135,97,232,0,0,0,5,1,6,852,845,1697,2020-09-30T22:00:00Z
02,466,Tuhelj,124,204,328,18,12,30,5,1,6,1,2,3,30,34,64,0,0,0,0,0,0,178,253,431,2020-09-30T22:00:00Z
02,481,Veliko Trgovišće,499,309,808,50,14,64,4,4,8,2,5,7,105,58,163,0,0,0,5,1,6,665,391,1056,2020-09-30T22:00:00Z
02,519,Zabok,2773,2665,5438,140,80,220,5,4,9,14,18,32,198,334,532,0,0,0,2,2,4,3132,3103,6235,2020-09-30T22:00:00Z
02,521,Zagorska Sela,13,53,66,8,1,9,6,1,7,0,1,1,14,5,19,0,0,0,0,0,0,41,61,102,2020-09-30T22:00:00Z
02,526,Zlatar,520,648,1168,91,43,134,20,14,34,8,9,17,93,75,168,0,0,0,2,4,6,734,793,1527,2020-09-30T22:00:00Z
02,527,Zlatar Bistrica,362,572,934,26,9,35,3,2,5,4,1,5,71,40,111,0,0,0,2,6,8,468,630,1098,2020-09-30T22:00:00Z
02,552,Jesenje,57,62,119,10,1,11,0,1,1,1,0,1,51,7,58,0,0,0,0,0,0,119,71,190,2020-09-30T22:00:00Z
02,553,Kumrovec,84,102,186,18,5,23,2,0,2,2,1,3,25,18,43,0,0,0,0,0,0,131,126,257,2020-09-30T22:00:00Z
02,554,Novi Golubovec,138,52,190,4,2,6,1,0,1,0,0,0,7,2,9,0,0,0,0,0,0,150,56,206,2020-09-30T22:00:00Z
02,70,Desinić,145,276,421,32,7,39,9,2,11,2,1,3,31,31,62,0,0,0,0,1,1,219,318,537,2020-09-30T22:00:00Z
02,79,Donja Stubica,780,759,1539,95,47,142,5,3,8,6,3,9,104,57,161,0,0,0,2,3,5,992,872,1864,2020-09-30T22:00:00Z
03,102,Dvor,267,142,409,13,4,17,62,18,80,0,3,3,8,9,17,0,0,0,3,1,4,353,177,530,2020-09-30T22:00:00Z
03,121,Glina,1123,683,1806,35,22,57,57,21,78,3,13,16,74,79,153,0,0,0,1,2,3,1293,820,2113,2020-09-30T22:00:00Z
03,149,Hrvatska Dubica,78,85,163,8,2,10,12,3,15,0,0,0,5,4,9,0,0,0,0,0,0,103,94,197,2020-09-30T22:00:00Z
03,150,Hrvatska Kostajnica,312,290,602,16,9,25,13,2,15,1,3,4,5,15,20,0,0,0,2,0,2,349,319,668,2020-09-30T22:00:00Z
03,168,Jasenovac,134,116,250,12,3,15,12,7,19,0,0,0,12,8,20,0,0,0,0,0,0,170,134,304,2020-09-30T22:00:00Z
03,220,Kutina,3466,2769,6235,165,103,268,40,22,62,31,23,54,199,252,451,1,0,1,11,7,18,3913,3176,7089,2020-09-30T22:00:00Z
03,228,Lekenik,293,230,523,36,10,46,7,11,18,1,5,6,32,30,62,0,0,0,0,2,2,369,288,657,2020-09-30T22:00:00Z
03,232,Lipovljani,295,264,559,27,11,38,11,4,15,2,0,2,29,37,66,0,0,0,0,1,1,364,317,681,2020-09-30T22:00:00Z
03,259,Martinska Ves,134,68,202,9,3,12,32,18,50,1,0,1,36,13,49,0,0,0,0,0,0,212,102,314,2020-09-30T22:00:00Z
03,293,Novska,1312,1004,2316,161,90,251,30,12,42,8,19,27,251,252,503,0,0,0,3,3,6,1765,1380,3145,2020-09-30T22:00:00Z
03,328,Petrinja,1519,1680,3199,204,82,286,63,20,83,9,26,35,262,264,526,0,0,0,9,8,17,2066,2080,4146,2020-09-30T22:00:00Z
03,347,Popovača,911,1006,1917,83,39,122,47,15,62,8,10,18,100,121,221,0,0,0,6,2,8,1155,1193,2348,2020-09-30T22:00:00Z
03,391,Sisak,6958,8152,15110,351,205,556,103,66,169,51,79,130,591,578,1169,0,0,0,19,20,39,8073,9100,17173,2020-09-30T22:00:00Z
03,426,Sunja,182,146,328,24,8,32,40,35,75,1,3,4,22,25,47,0,0,0,3,0,3,272,217,489,2020-09-30T22:00:00Z
03,457,Topusko,252,325,577,19,6,25,4,2,6,4,0,4,32,31,63,0,0,0,0,0,0,311,364,675,2020-09-30T22:00:00Z
03,477,Velika Ludina,115,146,261,11,8,19,12,4,16,0,0,0,26,26,52,0,0,0,0,0,0,164,184,348,2020-09-30T22:00:00Z
03,510,Gvozd,98,111,209,7,3,10,19,3,22,0,0,0,14,13,27,0,0,0,2,0,2,140,130,270,2020-09-30T22:00:00Z
03,555,Majur,104,75,179,0,1,1,5,1,6,0,0,0,2,0,2,0,0,0,0,0,0,111,77,188,2020-09-30T22:00:00Z
03,83,Donji Kukuruzari,46,72,118,4,0,4,5,3,8,0,0,0,2,3,5,0,0,0,1,0,1,58,78,136,2020-09-30T22:00:00Z
04,120,Generalski Stol,34,65,99,21,6,27,1,0,1,0,1,1,21,13,34,0,0,0,0,0,0,77,85,162,2020-09-30T22:00:00Z
04,172,Josipdol,214,163,377,29,17,46,3,9,12,2,1,3,47,58,105,0,0,0,0,1,1,295,249,544,2020-09-30T22:00:00Z
04,179,Karlovac,10533,8671,19204,398,280,678,73,51,124,75,97,172,604,808,1412,0,0,0,16,21,37,11699,9928,21627,2020-09-30T22:00:00Z
04,216,Krnjak,99,72,171,2,2,4,6,3,9,0,0,0,10,4,14,0,0,0,0,0,0,117,81,198,2020-09-30T22:00:00Z
04,225,Lasinja,48,46,94,5,2,7,1,5,6,2,0,2,8,7,15,0,0,0,0,0,0,64,60,124,2020-09-30T22:00:00Z
04,281,Netretić,70,89,159,15,3,18,3,1,4,1,1,2,42,33,75,0,0,0,0,0,0,131,127,258,2020-09-30T22:00:00Z
04,297,Ogulin,1774,1695,3469,148,82,230,32,14,46,8,29,37,137,177,314,0,0,0,6,6,12,2105,2003,4108,2020-09-30T22:00:00Z
04,30,Bosiljevo,107,92,199,5,0,5,0,0,0,1,0,1,29,25,54,0,0,0,0,0,0,142,117,259,2020-09-30T22:00:00Z
04,315,Ozalj,796,584,1380,87,30,117,20,16,36,6,10,16,123,99,222,0,0,0,4,4,8,1036,743,1779,2020-09-30T22:00:00Z
04,333,Plaški,90,94,184,10,4,14,9,2,11,0,0,0,32,29,61,0,0,0,0,0,0,141,129,270,2020-09-30T22:00:00Z
04,365,Rakovica,134,116,250,5,11,16,3,3,6,0,1,1,59,53,112,0,0,0,1,0,1,202,184,386,2020-09-30T22:00:00Z
04,378,Saborsko,14,12,26,2,1,3,1,0,1,0,0,0,7,2,9,0,0,0,0,0,0,24,15,39,2020-09-30T22:00:00Z
04,400,Slunj,345,403,748,47,17,64,26,15,41,3,6,9,129,93,222,0,0,0,2,14,16,552,548,1100,2020-09-30T22:00:00Z
04,49,Cetingrad,61,49,110,7,1,8,3,4,7,0,0,0,8,11,19,0,0,0,0,0,0,79,65,144,2020-09-30T22:00:00Z
04,503,Vojnić,389,224,613,22,12,34,39,9,48,2,0,2,23,31,54,0,0,0,1,4,5,476,280,756,2020-09-30T22:00:00Z
04,530,Žakanje,142,96,238,24,13,37,8,1,9,0,0,0,25,36,61,0,0,0,0,1,1,199,147,346,2020-09-30T22:00:00Z
04,556,Ribnik,6,3,9,10,4,14,1,2,3,0,0,0,8,13,21,0,0,0,0,0,0,25,22,47,2020-09-30T22:00:00Z
04,557,Tounj,69,27,96,3,0,3,0,0,0,0,0,0,3,5,8,0,0,0,0,0,0,75,32,107,2020-09-30T22:00:00Z
04,623,Kamanje,160,104,264,3,3,6,0,0,0,0,0,0,2,16,18,0,0,0,0,0,0,165,123,288,2020-09-30T22:00:00Z
04,7,Barilovići,273,159,432,21,8,29,7,1,8,0,1,1,125,30,155,0,0,0,0,0,0,426,199,625,2020-09-30T22:00:00Z
04,90,Draganić,122,107,229,14,4,18,7,3,10,1,2,3,24,35,59,0,0,0,0,0,0,168,151,319,2020-09-30T22:00:00Z
04,99,Duga Resa,1068,987,2055,136,62,198,19,12,31,5,15,20,192,211,403,0,0,0,3,6,9,1423,1293,2716,2020-09-30T22:00:00Z
05,12,Bednja,200,137,337,23,9,32,2,8,10,2,1,3,18,25,43,0,0,0,0,1,1,245,181,426,2020-09-30T22:00:00Z
05,129,Gornji Kneginec,515,1246,1761,48,22,70,11,5,16,1,7,8,88,58,146,0,0,0,8,6,14,671,1344,2015,2020-09-30T22:00:00Z
05,151,Breznički Hum,197,146,343,14,5,19,8,8,16,0,2,2,20,17,37,0,0,0,3,4,7,242,182,424,2020-09-30T22:00:00Z
05,156,Ivanec,1933,1729,3662,158,64,222,13,11,24,13,17,30,289,260,549,0,0,0,7,12,19,2413,2093,4506,2020-09-30T22:00:00Z
05,165,Jalžabet,728,984,1712,21,3,24,10,6,16,0,3,3,35,20,55,0,0,0,0,1,1,794,1017,1811,2020-09-30T22:00:00Z
05,189,Klenovnik,98,52,150,8,5,13,1,1,2,1,1,2,23,29,52,0,0,0,2,0,2,133,88,221,2020-09-30T22:00:00Z
05,19,Beretinec,67,38,105,19,2,21,3,3,6,0,1,1,19,22,41,0,0,0,1,1,2,109,67,176,2020-09-30T22:00:00Z
05,229,Lepoglava,1175,565,1740,49,30,79,8,5,13,1,5,6,100,81,181,0,0,0,2,6,8,1335,692,2027,2020-09-30T22:00:00Z
05,244,Ludbreg,1799,1463,3262,103,58,161,41,36,77,9,16,25,241,173,414,0,0,0,6,7,13,2199,1753,3952,2020-09-30T22:00:00Z
05,247,Ljubešćica,317,135,452,31,6,37,1,0,1,1,3,4,101,28,129,0,0,0,1,0,1,452,172,624,2020-09-30T22:00:00Z
05,251,Mali Bukovec,41,86,127,14,6,20,28,16,44,0,3,3,104,36,140,0,0,0,0,1,1,187,148,335,2020-09-30T22:00:00Z
05,260,Maruševec,364,270,634,46,23,69,23,26,49,3,4,7,103,45,148,0,0,0,4,3,7,543,371,914,2020-09-30T22:00:00Z
05,289,Novi Marof,1224,1219,2443,156,64,220,19,10,29,8,14,22,271,176,447,0,0,0,4,2,6,1682,1485,3167,2020-09-30T22:00:00Z
05,326,Petrijanec,388,661,1049,26,7,33,18,9,27,1,3,4,87,82,169,0,0,0,0,1,1,520,763,1283,2020-09-30T22:00:00Z
05,36,Breznica,153,50,203,16,3,19,6,6,12,1,6,7,19,12,31,0,0,0,0,0,0,195,77,272,2020-09-30T22:00:00Z
05,410,Sračinec,244,243,487,41,10,51,2,2,4,1,6,7,79,59,138,0,0,0,0,2,2,367,322,689,2020-09-30T22:00:00Z
05,437,Sveti Đurđ,86,90,176,30,4,34,28,9,37,3,1,4,38,31,69,0,0,0,1,0,1,186,135,321,2020-09-30T22:00:00Z
05,438,Sveti Ilija,138,162,300,13,8,21,2,1,3,0,4,4,49,26,75,0,0,0,1,0,1,203,201,404,2020-09-30T22:00:00Z
05,462,Trnovec Bartolovečki,1334,1569,2903,66,13,79,17,7,24,3,5,8,203,87,290,0,0,0,0,1,1,1623,1682,3305,2020-09-30T22:00:00Z
05,472,Varaždin,16247,15179,31426,479,319,798,42,21,63,76,126,202,543,644,1187,0,0,0,22,16,38,17409,16305,33714,2020-09-30T22:00:00Z
05,473,Varaždinske Toplice,573,447,1020,48,16,64,10,7,17,3,9,12,192,49,241,0,0,0,2,4,6,828,532,1360,2020-09-30T22:00:00Z
05,48,Cestica,425,357,782,47,24,71,15,19,34,2,4,6,95,79,174,0,0,0,0,3,3,584,486,1070,2020-09-30T22:00:00Z
05,484,Vidovec,222,225,447,53,15,68,71,35,106,1,5,6,108,88,196,0,0,0,0,1,1,455,369,824,2020-09-30T22:00:00Z
05,486,Vinica,269,205,474,24,10,34,7,5,12,1,5,6,29,25,54,0,0,0,0,1,1,330,251,581,2020-09-30T22:00:00Z
05,493,Visoko,89,46,135,16,0,16,6,4,10,0,0,0,27,20,47,0,0,0,1,0,1,139,70,209,2020-09-30T22:00:00Z
05,558,Veliki Bukovec,403,317,720,6,3,9,28,15,43,0,2,2,35,25,60,0,0,0,0,0,0,472,362,834,2020-09-30T22:00:00Z
05,80,Donja Voća,86,50,136,9,1,10,7,10,17,0,1,1,30,19,49,0,0,0,0,0,0,132,81,213,2020-09-30T22:00:00Z
05,85,Donji Martijanec,336,184,520,25,8,33,25,6,31,1,1,2,58,34,92,0,0,0,0,0,0,445,233,678,2020-09-30T22:00:00Z
06,104,Đelekovec,20,40,60,18,6,24,46,13,59,0,3,3,18,9,27,0,0,0,5,0,5,107,71,178,2020-09-30T22:00:00Z
06,107,Đurđevac,1344,1064,2408,80,41,121,84,57,141,12,11,23,85,83,168,0,0,0,13,9,22,1618,1265,2883,2020-09-30T22:00:00Z
06,115,Ferdinandovac,31,83,114,8,2,10,49,34,83,1,1,2,17,4,21,0,0,0,0,0,0,106,124,230,2020-09-30T22:00:00Z
06,122,Gola,161,147,308,10,2,12,95,44,139,0,4,4,7,18,25,0,0,0,2,0,2,275,215,490,2020-09-30T22:00:00Z
06,145,Hlebine,9,20,29,1,0,1,12,6,18,1,0,1,0,11,11,0,0,0,1,1,2,24,38,62,2020-09-30T22:00:00Z
06,194,Kloštar Podravski,168,147,315,21,9,30,43,39,82,0,1,1,33,50,83,0,0,0,2,1,3,267,247,514,2020-09-30T22:00:00Z
06,201,Koprivnica,7167,7512,14679,327,176,503,61,28,89,63,77,140,393,430,823,0,1,1,17,17,34,8028,8241,16269,2020-09-30T22:00:00Z
06,202,Koprivnički Bregi,70,78,148,13,5,18,23,6,29,0,0,0,28,10,38,0,0,0,0,0,0,134,99,233,2020-09-30T22:00:00Z
06,203,Koprivnički Ivanec,59,52,111,24,2,26,21,6,27,0,1,1,25,11,36,0,0,0,0,1,1,129,73,202,2020-09-30T22:00:00Z
06,214,Križevci,3294,3505,6799,155,94,249,248,200,448,14,29,43,236,221,457,0,0,0,8,7,15,3955,4056,8011,2020-09-30T22:00:00Z
06,227,Legrad,49,76,125,12,4,16,22,10,32,0,3,3,24,17,41,0,0,0,0,0,0,107,110,217,2020-09-30T22:00:00Z
06,270,Molve,224,113,337,8,9,17,63,32,95,1,2,3,49,21,70,0,0,0,1,1,2,346,178,524,2020-09-30T22:00:00Z
06,292,Novigrad Podravski,91,126,217,8,2,10,21,12,33,0,2,2,12,15,27,0,0,0,0,1,1,132,158,290,2020-09-30T22:00:00Z
06,324,Peteranec,79,32,111,14,4,18,21,9,30,0,0,0,28,8,36,0,0,0,0,2,2,142,55,197,2020-09-30T22:00:00Z
06,366,Rasinja,57,71,128,18,4,22,58,24,82,1,0,1,25,25,50,0,0,0,2,2,4,161,126,287,2020-09-30T22:00:00Z
06,405,Sokolovac,209,80,289,15,2,17,45,20,65,4,3,7,29,10,39,0,0,0,0,1,1,302,116,418,2020-09-30T22:00:00Z
06,439,Sveti Ivan Žabno,261,195,456,36,21,57,103,64,167,1,3,4,56,54,110,0,0,0,0,1,1,457,338,795,2020-09-30T22:00:00Z
06,442,Sveti Petar Orehovec,122,101,223,30,5,35,157,149,306,0,1,1,32,16,48,0,0,0,1,0,1,342,272,614,2020-09-30T22:00:00Z
06,490,Virje,290,214,504,29,9,38,43,27,70,3,2,5,28,41,69,0,0,0,1,2,3,394,295,689,2020-09-30T22:00:00Z
06,559,Kalinovac,408,92,500,5,2,7,10,2,12,0,0,0,9,11,20,0,0,0,0,0,0,432,107,539,2020-09-30T22:00:00Z
06,560,Kalnik,38,50,88,3,4,7,20,27,47,0,1,1,7,4,11,0,0,0,0,0,0,68,86,154,2020-09-30T22:00:00Z
06,561,Novo Virje,47,40,87,2,0,2,43,26,69,0,0,0,15,5,20,0,0,0,0,1,1,107,72,179,2020-09-30T22:00:00Z
06,616,Podravske Sesvete,97,93,190,2,5,7,23,15,38,2,0,2,12,9,21,0,0,0,0,1,1,136,123,259,2020-09-30T22:00:00Z
06,618,Gornja Reka,77,73,150,6,3,9,9,8,17,0,0,0,7,4,11,0,0,0,0,0,0,99,88,187,2020-09-30T22:00:00Z
06,96,Drnje,99,118,217,10,1,11,19,8,27,0,3,3,9,10,19,0,0,0,0,0,0,137,140,277,2020-09-30T22:00:00Z
07,105,Đulovac,241,61,302,9,7,16,35,13,48,1,6,7,95,22,117,0,0,0,0,0,0,381,109,490,2020-09-30T22:00:00Z
07,119,Garešnica,1055,1062,2117,54,31,85,62,37,99,15,21,36,101,130,231,0,0,0,3,5,8,1290,1286,2576,2020-09-30T22:00:00Z
07,139,Grubišno Polje,584,505,1089,33,23,56,108,45,153,5,7,12,74,77,151,0,0,0,3,3,6,807,660,1467,2020-09-30T22:00:00Z
07,144,Hercegovac,131,176,307,17,3,20,48,16,64,1,2,3,42,39,81,0,0,0,1,2,3,240,238,478,2020-09-30T22:00:00Z
07,161,Ivanska,127,87,214,4,3,7,47,12,59,2,2,4,83,24,107,0,0,0,3,1,4,266,129,395,2020-09-30T22:00:00Z
07,176,Kapela,86,94,180,4,3,7,51,28,79,0,1,1,19,8,27,0,0,0,2,0,2,162,134,296,2020-09-30T22:00:00Z
07,18,Berek,61,46,107,5,1,6,22,19,41,0,0,0,7,7,14,0,0,0,0,0,0,95,73,168,2020-09-30T22:00:00Z
07,199,Končanica,119,56,175,9,3,12,34,18,52,0,2,2,22,16,38,0,0,0,2,2,4,186,97,283,2020-09-30T22:00:00Z
07,24,Bjelovar,7012,6726,13738,296,169,465,203,118,321,59,87,146,428,511,939,1,0,1,21,17,38,8020,7628,15648,2020-09-30T22:00:00Z
07,287,Nova Rača,104,127,231,8,1,9,83,33,116,0,2,2,33,12,45,0,0,0,0,0,0,228,175,403,2020-09-30T22:00:00Z
07,375,Rovišće,185,217,402,25,10,35,56,35,91,1,3,4,25,41,66,0,0,0,1,1,2,293,307,600,2020-09-30T22:00:00Z
07,390,Sirač,257,143,400,13,2,15,8,3,11,2,0,2,24,7,31,0,0,0,1,2,3,305,157,462,2020-09-30T22:00:00Z
07,450,Štefanje,44,55,99,7,2,9,35,14,49,0,2,2,32,18,50,0,0,0,0,0,0,118,91,209,2020-09-30T22:00:00Z
07,478,Velika Pisanica,65,83,148,3,2,5,34,17,51,1,0,1,13,11,24,0,0,0,0,0,0,116,113,229,2020-09-30T22:00:00Z
07,480,Veliki Grđevac,152,122,274,9,4,13,75,33,108,1,2,3,71,22,93,0,0,0,1,0,1,309,183,492,2020-09-30T22:00:00Z
07,483,Veliko Trojstvo,56,94,150,15,4,19,12,13,25,0,0,0,45,21,66,0,0,0,1,0,1,129,132,261,2020-09-30T22:00:00Z
07,562,Severin,89,33,122,1,0,1,16,14,30,0,0,0,12,37,49,0,0,0,0,0,0,118,84,202,2020-09-30T22:00:00Z
07,564,Šandrovac,30,62,92,4,0,4,10,8,18,0,0,0,15,6,21,0,0,0,0,0,0,59,76,135,2020-09-30T22:00:00Z
07,565,Velika Trnovitica,65,56,121,7,1,8,35,21,56,1,0,1,22,10,32,0,0,0,1,1,2,131,89,220,2020-09-30T22:00:00Z
07,566,Zrinski Topolovac,7,29,36,2,1,3,34,20,54,0,1,1,5,2,7,0,0,0,2,0,2,50,53,103,2020-09-30T22:00:00Z
07,63,Čazma,1183,803,1986,51,18,69,63,46,109,7,6,13,94,72,166,0,0,0,4,3,7,1402,948,2350,2020-09-30T22:00:00Z
07,67,Daruvar,1429,1644,3073,87,53,140,45,23,68,16,20,36,145,184,329,0,0,0,3,7,10,1725,1931,3656,2020-09-30T22:00:00Z
07,71,Dežanovac,108,71,179,10,2,12,74,42,116,1,0,1,37,14,51,0,0,0,0,1,1,230,130,360,2020-09-30T22:00:00Z
08,117,Fužine,254,198,452,18,10,28,0,2,2,4,1,5,17,22,39,0,0,0,1,0,1,294,233,527,2020-09-30T22:00:00Z
08,170,Jelenje,286,247,533,97,39,136,5,2,7,31,8,39,60,44,104,0,0,0,2,2,4,481,342,823,2020-09-30T22:00:00Z
08,180,Kastav,1045,799,1844,127,55,182,4,1,5,53,9,62,109,80,189,3,0,3,3,7,10,1344,951,2295,2020-09-30T22:00:00Z
08,186,Klana,394,222,616,21,8,29,2,1,3,3,2,5,15,11,26,0,0,0,1,1,2,436,245,681,2020-09-30T22:00:00Z
08,209,Kraljevica,341,264,605,38,27,65,2,1,3,41,8,49,22,35,57,1,0,1,1,8,9,446,343,789,2020-09-30T22:00:00Z
08,215,Krk,1825,1154,2979,219,76,295,15,8,23,27,13,40,250,176,426,0,0,0,9,9,18,2345,1436,3781,2020-09-30T22:00:00Z
08,237,Lokve,113,98,211,11,5,16,0,0,0,0,2,2,10,11,21,0,0,0,0,1,1,134,117,251,2020-09-30T22:00:00Z
08,242,Lovran,409,589,998,80,26,106,2,3,5,17,10,27,40,64,104,0,0,0,4,8,12,552,700,1252,2020-09-30T22:00:00Z
08,252,Mali Lošinj,1353,1378,2731,222,76,298,25,8,33,41,16,57,167,155,322,0,0,0,11,5,16,1819,1638,3457,2020-09-30T22:00:00Z
08,253,Malinska-Dubašnica,496,783,1279,127,56,183,8,9,17,8,4,12,162,133,295,0,0,0,6,2,8,807,987,1794,2020-09-30T22:00:00Z
08,261,Matulji,1429,1036,2465,207,110,317,14,6,20,42,16,58,159,180,339,0,0,0,5,11,16,1856,1359,3215,2020-09-30T22:00:00Z
08,273,Mošćenička Draga,91,60,151,50,12,62,0,1,1,5,2,7,39,24,63,0,0,0,3,4,7,188,103,291,2020-09-30T22:00:00Z
08,275,Mrkopalj,63,43,106,18,2,20,2,0,2,2,0,2,9,8,17,0,0,0,1,0,1,95,53,148,2020-09-30T22:00:00Z
08,290,Novi Vinodolski,483,400,883,103,46,149,6,4,10,12,7,19,96,73,169,0,0,0,0,4,4,700,534,1234,2020-09-30T22:00:00Z
08,301,Omišalj,626,404,1030,77,19,96,2,0,2,15,5,20,69,41,110,0,0,0,1,2,3,790,471,1261,2020-09-30T22:00:00Z
08,302,Opatija,2130,2590,4720,178,103,281,8,4,12,56,30,86,99,154,253,0,1,1,13,17,30,2484,2899,5383,2020-09-30T22:00:00Z
08,360,Punat,300,155,455,57,24,81,4,0,4,9,1,10,68,39,107,0,0,0,2,1,3,440,220,660,2020-09-30T22:00:00Z
08,363,Rab,929,1045,1974,288,79,367,13,4,17,18,13,31,216,171,387,0,0,0,9,9,18,1473,1321,2794,2020-09-30T22:00:00Z
08,369,Ravna Gora,274,289,563,30,9,39,2,0,2,2,1,3,42,27,69,0,0,0,2,2,4,352,328,680,2020-09-30T22:00:00Z
08,373,Rijeka,27309,28001,55310,1148,943,2091,28,16,44,1065,375,1440,880,1336,2216,20,0,20,106,135,241,30556,30806,61362,2020-09-30T22:00:00Z
08,38,Brod Moravice,38,47,85,11,0,11,0,0,0,0,1,1,22,8,30,0,0,0,1,0,1,72,56,128,2020-09-30T22:00:00Z
08,393,Skrad,45,44,89,4,2,6,1,1,2,1,1,2,3,7,10,0,0,0,0,0,0,54,55,109,2020-09-30T22:00:00Z
08,4,Bakar,1946,931,2877,60,36,96,2,0,2,86,11,97,74,65,139,0,0,0,5,10,15,2173,1053,3226,2020-09-30T22:00:00Z
08,488,Vinodolska Općina,176,149,325,57,18,75,1,0,1,5,1,6,39,13,52,1,0,1,2,2,4,281,183,464,2020-09-30T22:00:00Z
08,495,Viškovo,1656,1087,2743,183,94,277,4,3,7,65,17,82,168,128,296,0,0,0,10,9,19,2086,1338,3424,2020-09-30T22:00:00Z
08,507,Vrbnik,134,83,217,29,10,39,8,6,14,1,0,1,26,22,48,0,0,0,1,1,2,199,122,321,2020-09-30T22:00:00Z
08,509,Vrbovsko,387,300,687,57,19,76,3,3,6,1,5,6,79,40,119,0,0,0,1,0,1,528,367,895,2020-09-30T22:00:00Z
08,52,Cres,519,421,940,79,23,102,11,3,14,10,4,14,41,69,110,0,0,0,7,3,10,667,523,1190,2020-09-30T22:00:00Z
08,53,Crikvenica,1145,1543,2688,213,119,332,4,1,5,43,23,66,193,166,359,0,0,0,7,12,19,1605,1864,3469,2020-09-30T22:00:00Z
08,538,Kostrena,389,266,655,30,21,51,2,0,2,72,7,79,21,26,47,1,0,1,2,3,5,517,323,840,2020-09-30T22:00:00Z
08,55,Čabar,372,305,677,52,16,68,2,2,4,5,0,5,152,51,203,0,0,0,1,2,3,584,376,960,2020-09-30T22:00:00Z
08,61,Čavle,645,492,1137,83,48,131,1,2,3,43,9,52,104,88,192,0,0,0,1,2,3,877,641,1518,2020-09-30T22:00:00Z
08,624,Lopar,60,37,97,17,3,20,0,0,0,1,0,1,12,19,31,0,0,0,1,0,1,91,59,150,2020-09-30T22:00:00Z
08,69,Delnice,1158,749,1907,72,45,117,3,2,5,12,15,27,79,97,176,0,0,0,3,6,9,1327,914,2241,2020-09-30T22:00:00Z
08,74,Dobrinj,129,65,194,44,18,62,0,2,2,6,3,9,80,45,125,0,0,0,3,2,5,262,135,397,2020-09-30T22:00:00Z
08,8,Baška,173,197,370,44,23,67,6,2,8,3,4,7,26,32,58,0,0,0,6,2,8,258,260,518,2020-09-30T22:00:00Z
09,130,Gospić,2262,2258,4520,106,56,162,67,35,102,13,10,23,137,164,301,0,0,0,9,7,16,2594,2530,5124,2020-09-30T22:00:00Z
09,178,Karlobag,80,69,149,11,4,15,5,1,6,3,0,3,9,4,13,0,0,0,0,1,1,108,79,187,2020-09-30T22:00:00Z
09,240,Lovinac,174,68,242,2,0,2,2,1,3,1,0,1,2,1,3,0,0,0,0,0,0,181,70,251,2020-09-30T22:00:00Z
09,288,Novalja,644,536,1180,123,23,146,21,7,28,2,3,5,145,73,218,0,0,0,6,8,14,941,650,1591,2020-09-30T22:00:00Z
09,313,Otočac,853,885,1738,93,38,131,46,24,70,9,8,17,113,117,230,0,0,0,5,7,12,1119,1079,2198,2020-09-30T22:00:00Z
09,323,Perušić,352,220,572,22,7,29,26,24,50,0,1,1,19,28,47,0,0,0,1,0,1,420,280,700,2020-09-30T22:00:00Z
09,37,Brinje,339,178,517,23,5,28,8,5,13,0,1,1,17,20,37,0,0,0,3,0,3,390,209,599,2020-09-30T22:00:00Z
09,387,Senj,725,629,1354,104,50,154,6,4,10,14,9,23,89,112,201,1,0,1,10,10,20,949,814,1763,2020-09-30T22:00:00Z
09,455,Plitvička Jezera,687,677,1364,45,22,67,61,13,74,2,6,8,187,151,338,0,0,0,3,0,3,985,869,1854,2020-09-30T22:00:00Z
09,467,Udbina,134,82,216,11,6,17,34,10,44,0,0,0,11,14,25,0,0,0,3,2,5,193,114,307,2020-09-30T22:00:00Z
09,512,Vrhovine,102,37,139,3,3,6,5,1,6,0,0,0,4,4,8,0,0,0,1,0,1,115,45,160,2020-09-30T22:00:00Z
09,84,Donji Lapac,104,75,179,6,4,10,22,7,29,0,0,0,9,7,16,0,0,0,0,0,0,141,93,234,2020-09-30T22:00:00Z
10,136,Gradina,91,84,175,13,5,18,129,42,171,2,0,2,40,28,68,0,0,0,0,0,0,275,159,434,2020-09-30T22:00:00Z
10,245,Lukač,176,101,277,13,4,17,40,15,55,1,0,1,73,53,126,0,0,0,0,1,1,303,174,477,2020-09-30T22:00:00Z
10,266,Mikleuš,78,50,128,8,1,9,12,6,18,0,0,0,9,11,20,0,0,0,0,0,0,107,68,175,2020-09-30T22:00:00Z
10,283,Nova Bukovica,44,43,87,8,5,13,39,7,46,1,0,1,21,19,40,0,0,0,1,0,1,114,74,188,2020-09-30T22:00:00Z
10,307,Orahovica,971,682,1653,65,41,106,13,2,15,11,14,25,100,96,196,0,0,0,1,4,5,1161,839,2000,2020-09-30T22:00:00Z
10,332,Pitomača,619,605,1224,79,41,120,160,88,248,2,9,11,218,190,408,0,0,0,3,4,7,1081,937,2018,2020-09-30T22:00:00Z
10,395,Slatina,1455,1447,2902,143,67,210,130,46,176,16,23,39,220,259,479,0,0,0,3,7,10,1967,1849,3816,2020-09-30T22:00:00Z
10,407,Sopje,139,43,182,4,2,6,89,25,114,0,0,0,22,21,43,0,0,0,0,0,0,254,91,345,2020-09-30T22:00:00Z
10,424,Suhopolje,244,233,477,26,17,43,101,45,146,0,2,2,55,47,102,0,0,0,1,0,1,427,344,771,2020-09-30T22:00:00Z
10,449,Špišić Bukovica,132,130,262,23,6,29,165,65,230,1,4,5,41,60,101,0,0,0,3,2,5,365,267,632,2020-09-30T22:00:00Z
10,491,Virovitica,3952,3860,7812,173,86,259,88,29,117,35,22,57,401,387,788,0,0,0,15,8,23,4664,4392,9056,2020-09-30T22:00:00Z
10,499,Voćin,138,95,233,9,4,13,28,34,62,0,0,0,13,4,17,0,0,0,0,0,0,188,137,325,2020-09-30T22:00:00Z
10,524,Zdenci,110,86,196,6,3,9,16,9,25,0,2,2,14,13,27,0,0,0,3,1,4,149,114,263,2020-09-30T22:00:00Z
10,54,Crnac,28,21,49,13,4,17,18,8,26,0,2,2,18,14,32,0,0,0,0,0,0,77,49,126,2020-09-30T22:00:00Z
10,56,Čačinci,168,88,256,18,10,28,18,8,26,0,5,5,19,33,52,0,0,0,2,0,2,225,144,369,2020-09-30T22:00:00Z
10,57,Čađavica,103,74,177,14,9,23,67,20,87,0,0,0,48,28,76,0,0,0,1,0,1,233,131,364,2020-09-30T22:00:00Z
11,164,Jakšić,134,115,249,24,3,27,26,6,32,0,2,2,41,18,59,0,0,0,0,0,0,225,144,369,2020-09-30T22:00:00Z
11,177,Kaptol,91,82,173,16,2,18,25,3,28,1,1,2,39,8,47,0,0,0,0,1,1,172,97,269,2020-09-30T22:00:00Z
11,221,Kutjevo,612,403,1015,52,16,68,60,27,87,2,4,6,78,82,160,0,0,0,3,4,7,807,536,1343,2020-09-30T22:00:00Z
11,231,Lipik,720,602,1322,29,14,43,21,10,31,1,14,15,52,51,103,0,0,0,3,0,3,826,691,1517,2020-09-30T22:00:00Z
11,318,Pakrac,604,1064,1668,86,28,114,47,18,65,12,18,30,167,94,261,0,0,0,5,4,9,921,1226,2147,2020-09-30T22:00:00Z
11,334,Pleternica,571,458,1029,81,26,107,50,17,67,3,7,10,156,115,271,0,0,0,3,4,7,864,627,1491,2020-09-30T22:00:00Z
11,35,Brestovac,119,118,237,12,3,15,16,4,20,1,1,2,26,11,37,0,0,0,0,1,1,174,138,312,2020-09-30T22:00:00Z
11,351,Požega,5121,4439,9560,297,149,446,101,32,133,42,104,146,409,378,787,0,1,1,14,30,44,5984,5133,11117,2020-09-30T22:00:00Z
11,475,Velika,275,260,535,17,10,27,26,4,30,2,3,5,44,35,79,0,0,0,1,0,1,365,312,677,2020-09-30T22:00:00Z
11,58,Čaglin,85,125,210,10,2,12,22,5,27,0,1,1,16,12,28,0,0,0,0,0,0,133,145,278,2020-09-30T22:00:00Z
12,10,Bebrina,28,58,86,8,7,15,15,8,23,1,0,1,11,7,18,0,0,0,0,0,0,63,80,143,2020-09-30T22:00:00Z
12,118,Garčin,131,166,297,29,9,38,27,14,41,0,0,0,21,22,43,0,0,0,1,1,2,209,212,421,2020-09-30T22:00:00Z
12,127,Gornji Bogićevci,52,19,71,8,2,10,9,2,11,0,0,0,21,33,54,0,0,0,0,0,0,90,56,146,2020-09-30T22:00:00Z
12,140,Gundinci,65,44,109,10,3,13,56,21,77,1,0,1,16,8,24,0,0,0,1,0,1,149,76,225,2020-09-30T22:00:00Z
12,185,Klakar,77,50,127,17,4,21,22,4,26,0,0,0,12,14,26,0,0,0,1,1,2,129,73,202,2020-09-30T22:00:00Z
12,284,Nova Gradiška,2045,2082,4127,141,91,232,25,15,40,23,20,43,262,305,567,0,0,0,2,4,6,2498,2517,5015,2020-09-30T22:00:00Z
12,285,Nova Kapela,150,208,358,18,14,32,24,8,32,2,3,5,53,47,100,0,0,0,1,0,1,248,280,528,2020-09-30T22:00:00Z
12,299,Okučani,204,141,345,23,5,28,7,1,8,0,1,1,47,31,78,0,0,0,1,2,3,282,181,463,2020-09-30T22:00:00Z
12,303,Oprisavci,204,132,336,8,0,8,32,10,42,1,0,1,6,16,22,0,0,0,0,1,1,251,159,410,2020-09-30T22:00:00Z
12,309,Oriovac,293,285,578,34,20,54,21,12,33,2,2,4,63,56,119,0,0,0,1,1,2,414,376,790,2020-09-30T22:00:00Z
12,338,Podcrkavlje,53,39,92,14,0,14,8,3,11,0,1,1,19,4,23,0,0,0,0,1,1,94,48,142,2020-09-30T22:00:00Z
12,372,Rešetari,208,185,393,36,8,44,19,8,27,4,1,5,86,36,122,0,0,0,1,2,3,354,240,594,2020-09-30T22:00:00Z
12,388,Sibinj,108,172,280,50,13,63,13,1,14,0,1,1,54,38,92,0,0,0,4,2,6,229,227,456,2020-09-30T22:00:00Z
12,39,Brodski Stupnik,76,75,151,17,8,25,4,3,7,2,1,3,77,37,114,0,0,0,0,0,0,176,124,300,2020-09-30T22:00:00Z
12,396,Slavonski Brod,13399,9209,22608,576,319,895,41,33,74,74,81,155,960,972,1932,1,0,1,13,17,30,15064,10631,25695,2020-09-30T22:00:00Z
12,397,Slavonski Šamac,68,62,130,8,3,11,15,6,21,0,1,1,11,3,14,0,0,0,0,0,0,102,75,177,2020-09-30T22:00:00Z
12,412,Stara Gradiška,141,78,219,4,1,5,8,2,10,0,0,0,18,6,24,0,0,0,0,0,0,171,87,258,2020-09-30T22:00:00Z
12,418,Staro Petrovo Selo,191,123,314,27,8,35,39,17,56,1,2,3,98,42,140,0,0,0,0,1,1,356,193,549,2020-09-30T22:00:00Z
12,46,Cernik,159,180,339,24,10,34,8,4,12,3,2,5,58,26,84,0,0,0,0,3,3,252,225,477,2020-09-30T22:00:00Z
12,476,Velika Kopanica,155,116,271,22,7,29,26,16,42,1,1,2,29,26,55,0,0,0,1,2,3,234,168,402,2020-09-30T22:00:00Z
12,506,Vrbje,34,28,62,8,0,8,19,1,20,0,0,0,25,21,46,0,0,0,0,1,1,86,51,137,2020-09-30T22:00:00Z
12,514,Vrpolje,183,124,307,25,6,31,39,16,55,0,2,2,12,12,24,0,0,0,1,0,1,260,160,420,2020-09-30T22:00:00Z
12,567,Bukovlje,74,74,148,14,5,19,0,0,0,1,0,1,12,17,29,0,0,0,0,0,0,101,96,197,2020-09-30T22:00:00Z
12,568,Dragalić,38,41,79,7,0,7,6,3,9,0,0,0,4,7,11,0,0,0,0,1,1,55,52,107,2020-09-30T22:00:00Z
12,569,Gornja Vrba,288,411,699,10,3,13,1,0,1,0,1,1,14,18,32,0,0,0,0,0,0,313,433,746,2020-09-30T22:00:00Z
12,570,Sikirevci,42,63,105,16,4,20,36,14,50,0,0,0,13,5,18,0,0,0,1,1,2,108,87,195,2020-09-30T22:00:00Z
12,68,Davor,105,72,177,13,4,17,13,4,17,0,0,0,15,20,35,0,0,0,1,1,2,147,101,248,2020-09-30T22:00:00Z
12,81,Donji Andrijevci,134,104,238,20,12,32,18,3,21,1,1,2,28,21,49,0,0,0,0,1,1,201,142,343,2020-09-30T22:00:00Z
13,131,Gračac,249,264,513,23,15,38,60,21,81,2,1,3,35,40,75,0,0,0,0,2,2,369,343,712,2020-09-30T22:00:00Z
13,167,Jasenice,139,55,194,13,1,14,4,3,7,1,0,1,15,7,22,0,0,0,0,0,0,172,66,238,2020-09-30T22:00:00Z
13,17,Benkovac,1124,944,2068,88,34,122,78,48,126,11,14,25,200,134,334,0,0,0,7,6,13,1508,1180,2688,2020-09-30T22:00:00Z
13,173,Kali,313,98,411,27,13,40,3,1,4,12,0,12,61,28,89,0,0,0,0,1,1,416,141,557,2020-09-30T22:00:00Z
13,20,Bibinje,179,176,355,51,19,70,4,0,4,2,2,4,61,62,123,0,0,0,2,1,3,299,260,559,2020-09-30T22:00:00Z
13,22,Biograd Na Moru,1069,1320,2389,121,66,187,24,15,39,17,9,26,141,217,358,1,0,1,5,8,13,1378,1635,3013,2020-09-30T22:00:00Z
13,234,Lišane Ostrovičke,31,31,62,8,3,11,1,0,1,0,0,0,4,5,9,0,0,0,0,0,0,44,39,83,2020-09-30T22:00:00Z
13,282,Nin,425,362,787,40,11,51,10,4,14,5,2,7,44,34,78,0,0,0,0,0,0,524,413,937,2020-09-30T22:00:00Z
13,296,Obrovac,315,213,528,26,12,38,26,7,33,2,5,7,18,32,50,0,0,0,4,4,8,391,273,664,2020-09-30T22:00:00Z
13,316,Pag,441,399,840,71,25,96,28,10,38,7,6,13,62,51,113,0,0,0,6,3,9,615,494,1109,2020-09-30T22:00:00Z
13,317,Pakoštane,343,272,615,44,19,63,7,8,15,7,2,9,77,58,135,0,0,0,5,0,5,483,359,842,2020-09-30T22:00:00Z
13,320,Pašman,95,102,197,45,9,54,3,3,6,11,0,11,37,23,60,0,0,0,1,2,3,192,139,331,2020-09-30T22:00:00Z
13,344,Polača,96,52,148,17,4,21,3,1,4,2,0,2,10,14,24,0,0,0,1,2,3,129,73,202,2020-09-30T22:00:00Z
13,345,Poličnik,390,290,680,46,6,52,7,7,14,5,1,6,37,18,55,0,0,0,1,1,2,486,323,809,2020-09-30T22:00:00Z
13,349,Posedarje,136,143,279,29,12,41,5,7,12,12,0,12,35,39,74,0,0,0,1,3,4,218,204,422,2020-09-30T22:00:00Z
13,354,Preko,257,387,644,32,10,42,4,5,9,22,4,26,40,26,66,0,0,0,4,4,8,359,436,795,2020-09-30T22:00:00Z
13,371,Ražanac,77,85,162,23,7,30,6,6,12,16,0,16,24,12,36,0,0,0,3,0,3,149,110,259,2020-09-30T22:00:00Z
13,379,Sali,165,134,299,37,14,51,5,3,8,5,1,6,19,18,37,0,0,0,1,1,2,232,171,403,2020-09-30T22:00:00Z
13,411,Stankovci,218,158,376,24,4,28,3,2,5,1,1,2,32,15,47,0,0,0,0,1,1,278,181,459,2020-09-30T22:00:00Z
13,416,Starigrad,134,158,292,41,28,69,6,2,8,2,0,2,20,35,55,0,0,0,3,2,5,206,225,431,2020-09-30T22:00:00Z
13,425,Sukošan,343,244,587,55,20,75,12,4,16,5,2,7,51,53,104,0,0,0,2,3,5,468,326,794,2020-09-30T22:00:00Z
13,428,Sveti Filip I Jakov,238,318,556,35,17,52,8,3,11,10,2,12,27,38,65,0,0,0,0,0,0,318,378,696,2020-09-30T22:00:00Z
13,445,Škabrnje,61,61,122,24,3,27,3,1,4,2,0,2,17,7,24,0,0,0,1,1,2,108,73,181,2020-09-30T22:00:00Z
13,489,Vir,299,252,551,50,8,58,3,2,5,1,1,2,33,33,66,0,0,0,2,3,5,388,299,687,2020-09-30T22:00:00Z
13,520,Zadar,14395,15760,30155,1015,568,1583,44,29,73,757,219,976,1321,1435,2756,4,0,4,126,66,192,17662,18077,35739,2020-09-30T22:00:00Z
13,525,Zemunik Donji,104,140,244,16,8,24,2,1,3,0,0,0,17,5,22,0,0,0,0,1,1,139,155,294,2020-09-30T22:00:00Z
13,537,Novigrad,71,86,157,23,3,26,4,5,9,5,1,6,25,11,36,0,0,0,1,2,3,129,108,237,2020-09-30T22:00:00Z
13,571,Galovac,29,54,83,11,1,12,5,4,9,4,2,6,7,14,21,0,0,0,0,2,2,56,77,133,2020-09-30T22:00:00Z
13,572,Kukljica,56,31,87,18,1,19,1,1,2,1,1,2,26,7,33,0,0,0,1,1,2,103,42,145,2020-09-30T22:00:00Z
13,573,Povljana,52,31,83,11,2,13,4,1,5,6,1,7,6,8,14,0,0,0,0,1,1,79,44,123,2020-09-30T22:00:00Z
13,574,Privlaka,123,110,233,18,9,27,0,2,2,8,0,8,22,13,35,0,0,0,4,2,6,175,136,311,2020-09-30T22:00:00Z
13,575,Tkon,80,49,129,20,6,26,3,2,5,1,0,1,46,22,68,0,0,0,2,2,4,152,81,233,2020-09-30T22:00:00Z
13,622,Kolan,116,71,187,22,4,26,4,1,5,0,0,0,22,14,36,0,0,0,1,0,1,165,90,255,2020-09-30T22:00:00Z
13,625,Vrsi,93,49,142,12,4,16,5,4,9,16,0,16,19,26,45,0,0,0,3,3,6,148,86,234,2020-09-30T22:00:00Z
14,103,Đakovo,2818,2827,5645,440,203,643,188,85,273,30,37,67,719,568,1287,0,0,0,16,15,31,4211,3735,7946,2020-09-30T22:00:00Z
14,106,Đurđenovac,525,497,1022,40,9,49,24,18,42,0,8,8,82,46,128,0,0,0,4,3,7,675,581,1256,2020-09-30T22:00:00Z
14,110,Erdut,305,220,525,37,12,49,59,16,75,2,4,6,47,33,80,0,0,0,2,1,3,452,286,738,2020-09-30T22:00:00Z
14,111,Ernestinovo,71,180,251,9,2,11,24,10,34,2,1,3,12,19,31,0,0,0,1,0,1,119,212,331,2020-09-30T22:00:00Z
14,116,Feričanci,132,139,271,24,6,30,3,0,3,0,3,3,40,18,58,0,0,0,1,0,1,200,166,366,2020-09-30T22:00:00Z
14,124,Gorjani,125,177,302,16,3,19,18,9,27,0,1,1,14,4,18,0,0,0,1,0,1,174,194,368,2020-09-30T22:00:00Z
14,13,Beli Manastir,1059,1152,2211,71,36,107,41,28,69,8,11,19,111,98,209,0,0,0,0,1,1,1290,1326,2616,2020-09-30T22:00:00Z
14,16,Belišće,1498,651,2149,60,29,89,29,7,36,2,8,10,77,99,176,0,0,0,3,1,4,1669,795,2464,2020-09-30T22:00:00Z
14,195,Kneževi Vinogradi,217,263,480,32,7,39,38,7,45,1,2,3,71,65,136,0,0,0,0,0,0,359,344,703,2020-09-30T22:00:00Z
14,2,Antunovac,191,201,392,27,9,36,17,8,25,0,0,0,15,11,26,0,0,0,0,0,0,250,229,479,2020-09-30T22:00:00Z
14,205,Koška,188,145,333,26,5,31,32,10,42,3,4,7,34,23,57,0,0,0,2,0,2,285,187,472,2020-09-30T22:00:00Z
14,21,Bilje,309,285,594,48,18,66,19,12,31,3,6,9,56,41,97,0,0,0,0,1,1,435,363,798,2020-09-30T22:00:00Z
14,23,Bizovac,242,247,489,26,11,37,29,11,40,1,6,7,34,38,72,0,0,0,1,1,2,333,314,647,2020-09-30T22:00:00Z
14,230,Levanjska Varoš,41,29,70,3,2,5,12,9,21,0,0,0,2,2,4,0,0,0,0,1,1,58,43,101,2020-09-30T22:00:00Z
14,257,Marijanci,92,63,155,7,4,11,13,1,14,0,0,0,21,25,46,0,0,0,1,1,2,134,94,228,2020-09-30T22:00:00Z
14,271,Moslavina Podravska,20,21,41,2,2,4,20,8,28,0,0,0,14,8,22,0,0,0,0,0,0,56,39,95,2020-09-30T22:00:00Z
14,278,Našice,2314,1806,4120,159,86,245,51,18,69,16,34,50,261,229,490,0,0,0,6,5,11,2807,2178,4985,2020-09-30T22:00:00Z
14,312,Osijek,23620,21934,45554,817,594,1411,98,43,141,187,202,389,803,1159,1962,1,0,1,39,50,89,25565,23982,49547,2020-09-30T22:00:00Z
14,325,Petlovac,54,53,107,5,4,9,15,0,15,0,0,0,14,10,24,0,0,0,0,0,0,88,67,155,2020-09-30T22:00:00Z
14,327,Petrijevci,298,240,538,17,3,20,11,5,16,0,1,1,15,9,24,0,0,0,1,2,3,342,260,602,2020-09-30T22:00:00Z
14,340,Podgorač,108,118,226,27,8,35,32,6,38,1,2,3,20,29,49,0,0,0,0,1,1,188,164,352,2020-09-30T22:00:00Z
14,346,Popovac,59,57,116,2,2,4,5,7,12,0,0,0,5,9,14,0,0,0,0,0,0,71,75,146,2020-09-30T22:00:00Z
14,361,Punitovci,47,77,124,20,3,23,18,4,22,0,1,1,24,7,31,0,0,0,0,0,0,109,92,201,2020-09-30T22:00:00Z
14,381,Satnica Đakovačka,121,108,229,23,5,28,11,3,14,0,0,0,47,31,78,0,0,0,0,1,1,202,148,350,2020-09-30T22:00:00Z
14,386,Semeljci,251,235,486,45,15,60,55,29,84,1,1,2,82,31,113,0,0,0,2,0,2,436,311,747,2020-09-30T22:00:00Z
14,421,Strizivojna,311,294,605,18,7,25,20,3,23,0,0,0,10,11,21,0,0,0,1,0,1,360,315,675,2020-09-30T22:00:00Z
14,461,Trnava,57,100,157,6,3,9,15,6,21,0,1,1,12,3,15,0,0,0,0,0,0,90,113,203,2020-09-30T22:00:00Z
14,471,Valpovo,867,1085,1952,76,49,125,44,18,62,16,23,39,88,103,191,0,0,0,8,8,16,1099,1286,2385,2020-09-30T22:00:00Z
14,485,Viljevo,48,56,104,10,1,11,27,5,32,0,2,2,14,9,23,0,0,0,1,1,2,100,74,174,2020-09-30T22:00:00Z
14,494,Viškovci,230,214,444,22,4,26,15,6,21,0,1,1,24,3,27,0,0,0,2,0,2,293,228,521,2020-09-30T22:00:00Z
14,517,Vuka,42,61,103,14,2,16,17,5,22,0,1,1,21,11,32,0,0,0,0,0,0,94,80,174,2020-09-30T22:00:00Z
14,576,Donja Motičina,26,33,59,9,3,12,2,1,3,0,1,1,15,7,22,0,0,0,0,0,0,52,45,97,2020-09-30T22:00:00Z
14,578,Magadenovac,107,125,232,5,1,6,28,10,38,1,4,5,18,20,38,0,0,0,0,0,0,159,160,319,2020-09-30T22:00:00Z
14,579,Vladislavci,126,121,247,3,1,4,7,4,11,0,1,1,4,5,9,0,0,0,0,0,0,140,132,272,2020-09-30T22:00:00Z
14,609,Jagodnjak,159,91,250,7,3,10,24,4,28,0,0,0,9,5,14,0,0,0,0,0,0,199,103,302,2020-09-30T22:00:00Z
14,614,Šodolovci,20,29,49,0,0,0,0,0,0,0,0,0,8,4,12,0,0,0,0,0,0,28,33,61,2020-09-30T22:00:00Z
14,64,Čeminac,81,133,214,11,0,11,3,2,5,0,0,0,17,10,27,0,0,0,0,0,0,112,145,257,2020-09-30T22:00:00Z
14,65,Čepin,595,471,1066,87,33,120,54,25,79,5,8,13,102,98,200,0,0,0,3,3,6,846,638,1484,2020-09-30T22:00:00Z
14,66,Darda,1810,901,2711,51,28,79,34,4,38,1,4,5,60,47,107,0,0,0,1,0,1,1957,984,2941,2020-09-30T22:00:00Z
14,86,Donji Miholjac,1200,910,2110,82,48,130,155,42,197,7,20,27,171,119,290,0,0,0,2,2,4,1617,1141,2758,2020-09-30T22:00:00Z
14,91,Draž,93,110,203,11,2,13,18,8,26,0,0,0,10,8,18,0,0,0,0,1,1,132,129,261,2020-09-30T22:00:00Z
14,94,Drenje,98,107,205,27,7,34,54,22,76,0,0,0,14,17,31,0,0,0,0,0,0,193,153,346,2020-09-30T22:00:00Z
15,113,Ervenik,54,62,116,1,0,1,4,2,6,0,0,0,1,0,1,0,0,0,0,0,0,60,64,124,2020-09-30T22:00:00Z
15,183,Kijevo,37,39,76,2,0,2,1,0,1,0,0,0,0,0,0,0,0,0,0,0,0,40,39,79,2020-09-30T22:00:00Z
15,184,Kistanje,75,75,150,12,4,16,0,0,0,2,0,2,15,5,20,0,0,0,0,0,0,104,84,188,2020-09-30T22:00:00Z
15,196,Knin,1590,1397,2987,118,69,187,50,8,58,27,5,32,123,151,274,0,0,0,3,3,6,1911,1633,3544,2020-09-30T22:00:00Z
15,298,Promina,104,80,184,2,1,3,1,2,3,0,0,0,0,1,1,0,0,0,0,0,0,107,84,191,2020-09-30T22:00:00Z
15,310,Biskupija,83,40,123,3,0,3,1,1,2,1,0,1,0,0,0,0,0,0,0,0,0,88,41,129,2020-09-30T22:00:00Z
15,357,Primošten,275,297,572,70,24,94,4,1,5,6,0,6,45,35,80,0,0,0,2,1,3,402,358,760,2020-09-30T22:00:00Z
15,377,Ružić,31,33,64,4,1,5,5,7,12,0,0,0,2,12,14,0,0,0,0,0,0,42,53,95,2020-09-30T22:00:00Z
15,394,Skradin,137,148,285,42,13,55,18,5,23,2,4,6,30,35,65,0,0,0,0,1,1,229,206,435,2020-09-30T22:00:00Z
15,444,Šibenik,7797,8077,15874,620,338,958,38,12,50,172,105,277,565,692,1257,2,0,2,24,22,46,9218,9246,18464,2020-09-30T22:00:00Z
15,454,Tisno,290,244,534,100,28,128,5,0,5,9,3,12,64,47,111,0,0,0,0,2,2,468,324,792,2020-09-30T22:00:00Z
15,469,Unešić,46,38,84,7,1,8,3,1,4,1,0,1,13,6,19,0,0,0,0,0,0,70,46,116,2020-09-30T22:00:00Z
15,500,Vodice,893,961,1854,248,91,339,10,6,16,10,6,16,211,136,347,0,0,0,8,8,16,1380,1208,2588,2020-09-30T22:00:00Z
15,51,Civljane,40,12,52,1,0,1,0,0,0,0,0,0,1,3,4,0,0,0,0,0,0,42,15,57,2020-09-30T22:00:00Z
15,581,Pirovac,136,135,271,28,13,41,4,2,6,0,2,2,28,31,59,0,0,0,0,1,1,196,184,380,2020-09-30T22:00:00Z
15,582,Rogoznica,235,218,453,50,12,62,3,1,4,10,1,11,36,36,72,0,0,0,0,0,0,334,268,602,2020-09-30T22:00:00Z
15,617,Murter,245,258,503,48,26,74,5,1,6,13,3,16,57,43,100,0,0,0,1,1,2,369,332,701,2020-09-30T22:00:00Z
15,621,Bilice,68,38,106,19,7,26,0,0,0,7,0,7,21,13,34,0,0,0,0,0,0,115,58,173,2020-09-30T22:00:00Z
15,626,Tribunj,86,80,166,17,11,28,0,0,0,3,0,3,58,25,83,0,0,0,0,2,2,164,118,282,2020-09-30T22:00:00Z
15,95,Drniš,862,618,1480,66,53,119,43,18,61,6,9,15,83,87,170,0,0,0,0,1,1,1060,786,1846,2020-09-30T22:00:00Z
16,1,Andrijaševci,66,112,178,24,11,35,15,5,20,2,0,2,47,25,72,0,0,0,0,1,1,154,154,308,2020-09-30T22:00:00Z
16,137,Gradište,107,102,209,18,4,22,33,6,39,0,1,1,12,17,29,0,0,0,0,0,0,170,130,300,2020-09-30T22:00:00Z
16,141,Gunja,207,148,355,32,9,41,37,12,49,2,1,3,30,10,40,0,0,0,1,2,3,309,182,491,2020-09-30T22:00:00Z
16,154,Ilok,478,567,1045,63,21,84,51,17,68,1,3,4,106,94,200,0,0,0,1,2,3,700,704,1404,2020-09-30T22:00:00Z
16,159,Ivankovo,322,375,697,67,28,95,48,10,58,3,5,8,109,83,192,0,0,0,3,4,7,552,505,1057,2020-09-30T22:00:00Z
16,166,Jarmina,33,83,116,12,8,20,23,9,32,0,1,1,23,16,39,0,0,0,0,2,2,91,119,210,2020-09-30T22:00:00Z
16,239,Lovas,62,88,150,4,0,4,14,0,14,1,0,1,4,5,9,0,0,0,0,0,0,85,93,178,2020-09-30T22:00:00Z
16,26,Bogdanovci,26,53,79,3,0,3,8,4,12,0,0,0,18,3,21,0,0,0,0,0,0,55,60,115,2020-09-30T22:00:00Z
16,29,Borovo,81,120,201,38,13,51,27,4,31,3,4,7,59,72,131,0,0,0,1,1,2,209,214,423,2020-09-30T22:00:00Z
16,294,Nuštar,246,300,546,31,17,48,29,6,35,2,3,5,45,30,75,0,0,0,3,1,4,356,357,713,2020-09-30T22:00:00Z
16,295,Nijemci,190,196,386,20,8,28,85,22,107,1,1,2,48,29,77,0,0,0,1,1,2,345,257,602,2020-09-30T22:00:00Z
16,3,Babina Greda,133,128,261,31,10,41,80,26,106,3,0,3,27,39,66,0,0,0,0,1,1,274,204,478,2020-09-30T22:00:00Z
16,32,Bošnjaci,128,95,223,23,6,29,41,7,48,1,0,1,29,29,58,0,0,0,1,0,1,223,137,360,2020-09-30T22:00:00Z
16,414,Stari Jankovci,135,166,301,20,4,24,42,10,52,1,0,1,31,16,47,0,0,0,2,1,3,231,197,428,2020-09-30T22:00:00Z
16,415,Stari Mikanovci,99,129,228,20,10,30,19,9,28,2,1,3,28,41,69,0,0,0,0,1,1,168,191,359,2020-09-30T22:00:00Z
16,44,Cerna,391,228,619,39,18,57,44,17,61,2,1,3,72,52,124,0,0,0,0,0,0,548,316,864,2020-09-30T22:00:00Z
16,456,Tompojevci,17,51,68,15,3,18,38,11,49,0,1,1,15,15,30,0,0,0,0,0,0,85,81,166,2020-09-30T22:00:00Z
16,458,Tordinci,90,101,191,6,2,8,11,0,11,1,0,1,6,8,14,0,0,0,0,0,0,114,111,225,2020-09-30T22:00:00Z
16,459,Tovarnik,156,160,316,17,3,20,42,19,61,1,1,2,14,15,29,0,0,0,0,1,1,230,199,429,2020-09-30T22:00:00Z
16,464,Trpinja,102,207,309,20,7,27,84,10,94,3,0,3,35,24,59,0,0,0,1,0,1,245,248,493,2020-09-30T22:00:00Z
16,487,Vinkovci,8124,6305,14429,278,181,459,34,17,51,58,54,112,469,634,1103,1,0,1,14,8,22,8978,7199,16177,2020-09-30T22:00:00Z
16,505,Vrbanja,234,161,395,30,11,41,75,13,88,2,0,2,21,21,42,0,0,0,0,0,0,362,206,568,2020-09-30T22:00:00Z
16,518,Vukovar,4312,4554,8866,273,136,409,67,30,97,28,44,72,396,380,776,0,0,0,6,4,10,5082,5148,10230,2020-09-30T22:00:00Z
16,534,Županja,2050,1561,3611,129,52,181,40,10,50,23,24,47,189,204,393,1,0,1,6,4,10,2438,1855,4293,2020-09-30T22:00:00Z
16,535,Otok (Vinkovci),378,328,706,34,19,53,60,14,74,8,1,9,65,48,113,0,0,0,0,2,2,545,412,957,2020-09-30T22:00:00Z
16,583,Privlaka,102,131,233,16,4,20,19,8,27,0,2,2,24,20,44,0,0,0,1,1,2,162,166,328,2020-09-30T22:00:00Z
16,584,Vođinci,44,169,213,15,2,17,6,4,10,0,1,1,11,12,23,0,0,0,0,0,0,76,188,264,2020-09-30T22:00:00Z
16,610,Markušica,51,57,108,9,3,12,45,15,60,0,1,1,13,13,26,0,0,0,2,0,2,120,89,209,2020-09-30T22:00:00Z
16,612,Negoslavci,19,33,52,5,0,5,12,3,15,1,0,1,16,13,29,0,0,0,0,0,0,53,49,102,2020-09-30T22:00:00Z
16,628,Štitar,98,53,151,6,0,6,11,3,14,0,1,1,9,7,16,0,0,0,0,0,0,124,64,188,2020-09-30T22:00:00Z
16,92,Drenovci,118,199,317,39,6,45,107,36,143,1,0,1,35,34,69,0,0,0,0,1,1,300,276,576,2020-09-30T22:00:00Z
17,100,Dugi Rat,615,615,1230,75,30,105,1,3,4,24,4,28,158,100,258,0,0,0,2,3,5,875,755,1630,2020-09-30T22:00:00Z
17,134,Gradac,153,214,367,39,15,54,5,1,6,3,1,4,26,44,70,0,0,0,1,2,3,227,277,504,2020-09-30T22:00:00Z
17,148,Hrvace,233,206,439,33,14,47,4,6,10,2,3,5,50,47,97,0,0,0,0,2,2,322,278,600,2020-09-30T22:00:00Z
17,153,Hvar,577,588,1165,178,73,251,15,10,25,15,8,23,151,137,288,1,0,1,5,10,15,942,826,1768,2020-09-30T22:00:00Z
17,155,Imotski,1248,1239,2487,140,85,225,12,8,20,33,14,47,133,236,369,0,0,0,11,13,24,1577,1595,3172,2020-09-30T22:00:00Z
17,171,Jelsa,319,273,592,91,23,114,29,11,40,9,0,9,103,52,155,0,0,0,4,4,8,555,363,918,2020-09-30T22:00:00Z
17,181,Kaštela,3343,3551,6894,450,202,652,22,13,35,138,38,176,503,518,1021,0,0,0,30,29,59,4486,4351,8837,2020-09-30T22:00:00Z
17,192,Klis,226,166,392,32,8,40,6,3,9,20,1,21,39,25,64,0,0,0,0,2,2,323,205,528,2020-09-30T22:00:00Z
17,197,Komiža,143,142,285,58,18,76,4,0,4,5,2,7,31,31,62,0,0,0,3,2,5,244,195,439,2020-09-30T22:00:00Z
17,243,Lovreć,130,81,211,16,8,24,4,0,4,2,0,2,17,11,28,0,0,0,2,1,3,171,101,272,2020-09-30T22:00:00Z
17,249,Makarska,2311,2297,4608,267,170,437,3,2,5,45,29,74,334,370,704,0,0,0,8,5,13,2968,2873,5841,2020-09-30T22:00:00Z
17,258,Marina,172,243,415,51,22,73,6,2,8,12,1,13,38,55,93,1,0,1,4,2,6,284,325,609,2020-09-30T22:00:00Z
17,267,Milna,100,83,183,19,5,24,3,1,4,3,0,3,18,22,40,0,0,0,4,1,5,147,112,259,2020-09-30T22:00:00Z
17,27,Bol,267,333,600,46,19,65,5,2,7,4,2,6,54,21,75,0,0,0,2,3,5,378,380,758,2020-09-30T22:00:00Z
17,280,Nerežišća,145,56,201,14,3,17,6,2,8,2,0,2,28,14,42,0,0,0,1,0,1,196,75,271,2020-09-30T22:00:00Z
17,300,Omiš,1425,1665,3090,214,83,297,11,4,15,43,17,60,303,305,608,0,0,0,3,4,7,1999,2078,4077,2020-09-30T22:00:00Z
17,314,Otok,235,208,443,43,17,60,10,0,10,2,0,2,67,47,114,0,0,0,0,0,0,357,272,629,2020-09-30T22:00:00Z
17,337,Podbablje,266,190,456,30,2,32,6,0,6,1,1,2,25,32,57,0,0,0,1,5,6,329,230,559,2020-09-30T22:00:00Z
17,339,Podgora,246,198,444,46,11,57,0,1,1,1,0,1,33,13,46,0,0,0,4,2,6,330,225,555,2020-09-30T22:00:00Z
17,341,Podstrana,753,639,1392,58,16,74,17,4,21,34,5,39,50,78,128,1,0,1,4,4,8,917,746,1663,2020-09-30T22:00:00Z
17,350,Postira,269,230,499,35,15,50,11,3,14,1,3,4,17,15,32,0,0,0,2,1,3,335,267,602,2020-09-30T22:00:00Z
17,358,Pučišća,233,126,359,42,6,48,7,5,12,10,0,10,35,14,49,0,0,0,2,0,2,329,151,480,2020-09-30T22:00:00Z
17,382,Seget,453,392,845,29,8,37,7,3,10,6,2,8,130,72,202,0,0,0,2,1,3,627,478,1105,2020-09-30T22:00:00Z
17,383,Selca,125,114,239,39,20,59,8,3,11,5,2,7,80,32,112,0,0,0,2,1,3,259,172,431,2020-09-30T22:00:00Z
17,389,Sinj,1883,1958,3841,247,131,378,53,15,68,41,44,85,295,368,663,0,0,0,8,21,29,2527,2537,5064,2020-09-30T22:00:00Z
17,406,Solin,3543,2992,6535,248,132,380,10,7,17,118,34,152,300,299,599,0,0,0,10,11,21,4229,3475,7704,2020-09-30T22:00:00Z
17,409,Split,34617,37006,71623,1484,1046,2530,63,42,105,2072,450,2522,1552,2233,3785,3,0,3,159,146,305,39950,40923,80873,2020-09-30T22:00:00Z
17,413,Stari Grad,323,316,639,60,25,85,19,13,32,5,4,9,42,40,82,0,0,0,3,6,9,452,404,856,2020-09-30T22:00:00Z
17,423,Sućuraj,23,21,44,22,2,24,3,2,5,1,0,1,11,7,18,0,0,0,0,0,0,60,32,92,2020-09-30T22:00:00Z
17,427,Supetar,576,687,1263,105,57,162,16,5,21,24,8,32,106,120,226,0,0,0,8,2,10,835,879,1714,2020-09-30T22:00:00Z
17,443,Šestanovac,139,157,296,27,5,32,7,0,7,1,2,3,20,23,43,0,0,0,2,1,3,196,188,384,2020-09-30T22:00:00Z
17,447,Šolta,173,123,296,18,9,27,10,3,13,9,1,10,5,16,21,0,0,0,0,0,0,215,152,367,2020-09-30T22:00:00Z
17,460,Trilj,448,540,988,106,28,134,19,7,26,13,3,16,97,139,236,0,0,0,1,6,7,684,723,1407,2020-09-30T22:00:00Z
17,463,Trogir,1917,1796,3713,312,136,448,12,3,15,68,37,105,337,433,770,0,0,0,12,20,32,2658,2425,5083,2020-09-30T22:00:00Z
17,492,Vis,232,264,496,43,17,60,15,2,17,6,2,8,47,38,85,0,0,0,2,2,4,345,325,670,2020-09-30T22:00:00Z
17,50,Cista Provo,119,139,258,26,1,27,8,1,9,1,0,1,6,10,16,0,0,0,1,3,4,161,154,315,2020-09-30T22:00:00Z
17,511,Vrgorac,927,679,1606,46,23,69,24,15,39,5,6,11,48,84,132,0,0,0,0,3,3,1050,810,1860,2020-09-30T22:00:00Z
17,513,Vrlika,112,224,336,17,3,20,11,4,15,2,0,2,27,3,30,0,0,0,1,0,1,170,234,404,2020-09-30T22:00:00Z
17,522,Zagvozd,139,71,210,16,2,18,2,0,2,1,0,1,13,9,22,0,0,0,0,1,1,171,83,254,2020-09-30T22:00:00Z
17,528,Zmijavci,84,104,188,7,2,9,2,1,3,2,0,2,26,7,33,0,0,0,0,1,1,121,115,236,2020-09-30T22:00:00Z
17,585,Dugopolje,1286,716,2002,30,11,41,5,5,10,11,1,12,63,51,114,0,0,0,0,0,0,1395,784,2179,2020-09-30T22:00:00Z
17,586,Lećevica,13,26,39,5,0,5,0,0,0,1,0,1,1,0,1,0,0,0,0,0,0,20,26,46,2020-09-30T22:00:00Z
17,587,Lokvičići,39,24,63,1,0,1,2,0,2,0,0,0,1,2,3,0,0,0,1,0,1,44,26,70,2020-09-30T22:00:00Z
17,588,Okrug,150,166,316,28,8,36,1,1,2,11,5,16,84,28,112,0,0,0,2,3,5,276,211,487,2020-09-30T22:00:00Z
17,589,Prgomet,37,30,67,8,0,8,2,1,3,0,0,0,2,2,4,0,0,0,0,0,0,49,33,82,2020-09-30T22:00:00Z
17,590,Primorski Dolac,15,43,58,4,1,5,1,1,2,0,1,1,3,4,7,0,0,0,0,0,0,23,50,73,2020-09-30T22:00:00Z
17,591,Runovići,72,91,163,6,3,9,0,1,1,0,2,2,26,35,61,0,0,0,0,1,1,104,133,237,2020-09-30T22:00:00Z
17,592,Sutivan,96,67,163,13,4,17,4,1,5,10,1,11,25,16,41,0,0,0,0,0,0,148,89,237,2020-09-30T22:00:00Z
17,593,Tučepi,219,209,428,24,11,35,0,1,1,3,4,7,36,21,57,0,0,0,0,1,1,282,247,529,2020-09-30T22:00:00Z
17,595,Zadvarje,29,27,56,7,1,8,0,1,1,0,0,0,9,7,16,0,0,0,0,0,0,45,36,81,2020-09-30T22:00:00Z
17,72,Dicmo,410,177,587,31,16,47,3,2,5,2,1,3,33,47,80,0,0,0,1,1,2,480,244,724,2020-09-30T22:00:00Z
17,77,Brela,191,171,362,28,11,39,0,1,1,1,1,2,20,24,44,0,0,0,1,1,2,241,209,450,2020-09-30T22:00:00Z
17,87,Muć,149,189,338,19,4,23,3,4,7,3,4,7,9,13,22,0,0,0,0,1,1,183,215,398,2020-09-30T22:00:00Z
17,88,Proložac,182,184,366,14,4,18,2,4,6,0,0,0,33,12,45,0,0,0,3,1,4,234,205,439,2020-09-30T22:00:00Z
17,9,Baška Voda,206,254,460,63,24,87,2,1,3,7,2,9,50,46,96,0,0,0,2,2,4,330,329,659,2020-09-30T22:00:00Z
18,132,Gračišće,42,30,72,30,3,33,12,3,15,0,0,0,38,9,47,0,0,0,1,1,2,123,46,169,2020-09-30T22:00:00Z
18,138,Grožnjan,25,22,47,15,3,18,12,4,16,0,0,0,8,11,19,0,0,0,0,2,2,60,42,102,2020-09-30T22:00:00Z
18,175,Kanfanar,429,177,606,25,7,32,4,0,4,2,0,2,22,19,41,0,0,0,4,1,5,486,204,690,2020-09-30T22:00:00Z
18,217,Kršan,310,303,613,45,12,57,7,5,12,2,0,2,95,53,148,0,0,0,3,4,7,462,377,839,2020-09-30T22:00:00Z
18,222,Labin,2557,2301,4858,243,109,352,17,10,27,28,35,63,276,228,504,0,0,0,11,9,20,3132,2692,5824,2020-09-30T22:00:00Z
18,223,Lanišće,13,13,26,4,0,4,2,0,2,0,0,0,8,2,10,0,0,0,0,1,1,27,16,43,2020-09-30T22:00:00Z
18,235,Ližnjan,130,134,264,9,4,13,2,0,2,4,0,4,23,35,58,0,0,0,1,0,1,169,173,342,2020-09-30T22:00:00Z
18,246,Lupoglav,169,94,263,11,5,16,7,3,10,0,1,1,11,12,23,0,0,0,0,1,1,198,116,314,2020-09-30T22:00:00Z
18,254,Marčana,157,162,319,36,14,50,3,2,5,6,1,7,31,21,52,0,0,0,2,1,3,235,201,436,2020-09-30T22:00:00Z
18,263,Medulin,582,540,1122,67,29,96,8,2,10,8,5,13,87,114,201,0,0,0,1,1,2,753,691,1444,2020-09-30T22:00:00Z
18,274,Motovun,94,95,189,35,14,49,20,6,26,0,0,0,40,33,73,0,0,0,2,2,4,191,150,341,2020-09-30T22:00:00Z
18,291,Novigrad,763,923,1686,111,46,157,19,4,23,2,8,10,133,96,229,0,0,0,8,7,15,1036,1084,2120,2020-09-30T22:00:00Z
18,304,Oprtalj,60,76,136,12,3,15,14,2,16,0,0,0,13,9,22,0,0,0,4,3,7,103,93,196,2020-09-30T22:00:00Z
18,321,Pazin,2032,1945,3977,284,110,394,49,22,71,16,24,40,304,204,508,0,0,0,6,14,20,2691,2319,5010,2020-09-30T22:00:00Z
18,330,Pićan,339,181,520,27,6,33,3,5,8,0,1,1,53,19,72,0,0,0,1,1,2,423,213,636,2020-09-30T22:00:00Z
18,348,Poreč,4582,4401,8983,569,277,846,49,19,68,60,54,114,456,435,891,0,0,0,16,16,32,5732,5202,10934,2020-09-30T22:00:00Z
18,359,Pula,12765,12381,25146,1112,585,1697,63,44,107,306,171,477,853,1078,1931,0,0,0,78,50,128,15177,14309,29486,2020-09-30T22:00:00Z
18,368,Raša,265,164,429,25,7,32,1,0,1,1,1,2,38,22,60,0,0,0,0,0,0,330,194,524,2020-09-30T22:00:00Z
18,374,Rovinj,2808,2942,5750,379,220,599,27,10,37,32,35,67,411,381,792,0,0,0,12,16,28,3669,3604,7273,2020-09-30T22:00:00Z
18,40,Brtonigla,145,100,245,36,15,51,25,8,33,1,1,2,35,41,76,0,0,0,1,2,3,243,167,410,2020-09-30T22:00:00Z
18,42,Buje,764,730,1494,88,45,133,25,12,37,6,11,17,57,61,118,0,0,0,4,7,11,944,866,1810,2020-09-30T22:00:00Z
18,43,Buzet,1567,1016,2583,161,66,227,23,16,39,5,5,10,101,98,199,0,0,0,12,8,20,1869,1209,3078,2020-09-30T22:00:00Z
18,431,Sveti Lovreč,43,59,102,19,10,29,2,1,3,0,1,1,35,18,53,0,0,0,0,0,0,99,89,188,2020-09-30T22:00:00Z
18,432,Sveta Nedelja,144,135,279,25,7,32,7,3,10,3,1,4,37,17,54,0,0,0,5,4,9,221,167,388,2020-09-30T22:00:00Z
18,433,Sveti Petar U Šumi,161,120,281,25,4,29,2,4,6,0,0,0,25,5,30,0,0,0,1,1,2,214,134,348,2020-09-30T22:00:00Z
18,435,Svetvinčenat,118,107,225,20,4,24,1,0,1,0,1,1,25,25,50,0,0,0,1,0,1,165,137,302,2020-09-30T22:00:00Z
18,453,Tinjan,189,104,293,38,9,47,4,0,4,1,3,4,53,28,81,0,0,0,1,0,1,286,144,430,2020-09-30T22:00:00Z
18,468,Umag,2487,2129,4616,351,147,498,29,14,43,28,33,61,275,309,584,0,0,0,17,20,37,3187,2652,5839,2020-09-30T22:00:00Z
18,47,Cerovlje,95,40,135,38,2,40,5,4,9,0,0,0,34,15,49,0,0,0,1,2,3,173,63,236,2020-09-30T22:00:00Z
18,497,Višnjan,244,245,489,43,12,55,9,4,13,1,1,2,81,31,112,0,0,0,5,0,5,383,293,676,2020-09-30T22:00:00Z
18,498,Vižinada,57,44,101,22,5,27,16,5,21,1,0,1,30,19,49,0,0,0,1,2,3,127,75,202,2020-09-30T22:00:00Z
18,5,Bale,116,98,214,22,14,36,3,2,5,0,0,0,42,14,56,0,0,0,1,1,2,184,129,313,2020-09-30T22:00:00Z
18,502,Vodnjan,682,557,1239,50,20,70,11,4,15,10,4,14,87,57,144,0,0,0,0,1,1,840,643,1483,2020-09-30T22:00:00Z
18,516,Vrsar,285,280,565,78,31,109,3,1,4,5,1,6,90,90,180,1,0,1,3,1,4,465,404,869,2020-09-30T22:00:00Z
18,531,Žminj,455,394,849,94,42,136,12,5,17,1,4,5,99,69,168,0,0,0,5,1,6,666,515,1181,2020-09-30T22:00:00Z
18,596,Karojba,91,82,173,33,7,40,2,1,3,0,0,0,49,11,60,0,0,0,1,0,1,176,101,277,2020-09-30T22:00:00Z
18,597,Kaštelir - Labinci,161,72,233,31,12,43,5,2,7,1,0,1,42,14,56,0,0,0,2,3,5,242,103,345,2020-09-30T22:00:00Z
18,6,Barban,217,114,331,38,6,44,9,4,13,1,1,2,20,25,45,0,0,0,3,1,4,288,151,439,2020-09-30T22:00:00Z
18,619,Fažana,247,195,442,22,11,33,0,1,1,4,2,6,43,62,105,0,0,0,0,2,2,316,273,589,2020-09-30T22:00:00Z
18,629,Funtana,106,102,208,15,7,22,1,0,1,0,0,0,23,26,49,0,0,0,2,1,3,147,136,283,2020-09-30T22:00:00Z
18,631,Tar-Vabriga,139,212,351,34,15,49,3,0,3,1,0,1,30,30,60,0,0,0,0,1,1,207,258,465,2020-09-30T22:00:00Z
19,198,Konavle,1084,830,1914,197,70,267,20,8,28,29,9,38,81,105,186,0,0,0,6,3,9,1417,1025,2442,2020-09-30T22:00:00Z
19,204,Korčula,629,846,1475,124,49,173,16,10,26,117,10,127,98,107,205,0,0,0,9,7,16,993,1029,2022,2020-09-30T22:00:00Z
19,219,Kula Norinska,39,60,99,14,3,17,2,0,2,1,0,1,7,5,12,0,0,0,0,0,0,63,68,131,2020-09-30T22:00:00Z
19,226,Lastovo,60,90,150,20,8,28,1,1,2,6,1,7,8,5,13,0,0,0,3,4,7,98,109,207,2020-09-30T22:00:00Z
19,25,Blato,558,403,961,54,19,73,20,5,25,10,8,18,158,47,205,0,0,0,5,4,9,805,486,1291,2020-09-30T22:00:00Z
19,264,Metković,1917,1686,3603,175,96,271,31,21,52,38,20,58,328,277,605,0,0,0,4,7,11,2493,2107,4600,2020-09-30T22:00:00Z
19,268,Mljet,189,91,280,17,8,25,3,0,3,5,2,7,9,14,23,0,0,0,3,2,5,226,117,343,2020-09-30T22:00:00Z
19,306,Opuzen,521,521,1042,29,13,42,42,21,63,4,1,5,23,37,60,0,0,0,1,1,2,620,594,1214,2020-09-30T22:00:00Z
19,308,Orebić,381,367,748,79,37,116,29,8,37,32,6,38,76,75,151,0,0,0,4,14,18,601,507,1108,2020-09-30T22:00:00Z
19,335,Ploče,1378,890,2268,77,41,118,17,3,20,29,7,36,75,139,214,0,0,0,2,4,6,1578,1084,2662,2020-09-30T22:00:00Z
19,343,Pojezerje,23,25,48,5,2,7,6,0,6,0,0,0,1,3,4,0,0,0,0,0,0,35,30,65,2020-09-30T22:00:00Z
19,399,Slivno,369,56,425,10,7,17,16,6,22,0,0,0,3,12,15,0,0,0,1,0,1,399,81,480,2020-09-30T22:00:00Z
19,402,Smokvica,25,73,98,11,1,12,12,6,18,6,0,6,31,6,37,0,0,0,5,3,8,90,89,179,2020-09-30T22:00:00Z
19,419,Ston,508,239,747,54,12,66,21,5,26,5,1,6,42,27,69,0,0,0,2,2,4,632,286,918,2020-09-30T22:00:00Z
19,474,Vela Luka,287,517,804,57,18,75,10,1,11,30,4,34,77,48,125,0,0,0,5,7,12,466,595,1061,2020-09-30T22:00:00Z
19,523,Zažablje,14,9,23,5,0,5,3,2,5,1,0,1,6,2,8,0,0,0,0,1,1,29,14,43,2020-09-30T22:00:00Z
19,598,Dubrovačko Primorje,150,102,252,24,4,28,5,6,11,7,3,10,35,22,57,0,0,0,1,2,3,222,139,361,2020-09-30T22:00:00Z
19,599,Janjina,350,73,423,11,4,15,12,3,15,2,1,3,6,12,18,0,0,0,2,0,2,383,93,476,2020-09-30T22:00:00Z
19,600,Lumbarda,51,61,112,33,12,45,8,1,9,10,1,11,24,10,34,0,0,0,6,4,10,132,89,221,2020-09-30T22:00:00Z
19,601,Trpanj,45,48,93,10,3,13,1,2,3,4,1,5,21,9,30,0,0,0,2,1,3,83,64,147,2020-09-30T22:00:00Z
19,602,Župa Dubrovačka,632,611,1243,121,62,183,5,5,10,53,2,55,75,72,147,1,0,1,7,0,7,894,752,1646,2020-09-30T22:00:00Z
19,98,Dubrovnik,9999,10401,20400,747,401,1148,30,13,43,497,81,578,557,651,1208,0,0,0,59,60,119,11889,11607,23496,2020-09-30T22:00:00Z
20,123,Goričan,311,144,455,7,3,10,8,2,10,0,2,2,14,12,26,0,0,0,0,0,0,340,163,503,2020-09-30T22:00:00Z
20,15,Belica,181,190,371,25,15,40,64,45,109,1,1,2,29,36,65,0,0,0,0,1,1,300,288,588,2020-09-30T22:00:00Z
20,206,Kotoriba,476,244,720,10,4,14,7,0,7,0,5,5,16,17,33,0,0,0,0,0,0,509,270,779,2020-09-30T22:00:00Z
20,250,Mala Subotica,484,963,1447,28,19,47,34,17,51,2,4,6,40,28,68,0,0,0,0,5,5,588,1036,1624,2020-09-30T22:00:00Z
20,276,Mursko Središće,790,743,1533,40,24,64,17,7,24,3,6,9,61,55,116,0,0,0,1,3,4,912,838,1750,2020-09-30T22:00:00Z
20,279,Nedelišće,1348,761,2109,93,37,130,41,18,59,2,6,8,145,71,216,0,0,0,2,7,9,1631,900,2531,2020-09-30T22:00:00Z
20,342,Podturen,180,93,273,21,6,27,18,16,34,1,3,4,54,41,95,0,0,0,0,2,2,274,161,435,2020-09-30T22:00:00Z
20,355,Prelog,2264,1619,3883,67,18,85,46,32,78,8,9,17,60,58,118,0,0,0,7,4,11,2452,1740,4192,2020-09-30T22:00:00Z
20,385,Selnica,131,120,251,6,7,13,8,7,15,1,3,4,12,18,30,0,0,0,0,1,1,158,156,314,2020-09-30T22:00:00Z
20,440,Sveti Juraj Na Bregu,260,152,412,29,13,42,13,7,20,2,2,4,48,65,113,0,0,0,0,1,1,352,240,592,2020-09-30T22:00:00Z
20,441,Sveti Martin Na Muri,537,308,845,10,8,18,12,6,18,0,3,3,29,36,65,0,0,0,1,3,4,589,364,953,2020-09-30T22:00:00Z
20,452,Štrigova,278,195,473,26,10,36,43,25,68,2,3,5,65,64,129,0,0,0,0,0,0,414,297,711,2020-09-30T22:00:00Z
20,504,Vratišinec,148,93,241,6,4,10,12,3,15,1,1,2,6,6,12,0,0,0,1,0,1,174,107,281,2020-09-30T22:00:00Z
20,60,Čakovec,9754,9333,19087,259,128,387,67,26,93,39,65,104,284,375,659,0,0,0,6,8,14,10409,9935,20344,2020-09-30T22:00:00Z
20,603,Dekanovec,68,76,144,5,3,8,9,6,15,0,0,0,5,3,8,0,0,0,0,1,1,87,89,176,2020-09-30T22:00:00Z
20,604,Gornji Mihaljevec,123,52,175,10,2,12,23,7,30,2,2,4,19,12,31,0,0,0,1,0,1,178,75,253,2020-09-30T22:00:00Z
20,605,Orehovica,85,117,202,14,2,16,29,14,43,1,3,4,42,21,63,0,0,0,1,2,3,172,159,331,2020-09-30T22:00:00Z
20,606,Strahoninec,243,126,369,12,4,16,3,1,4,0,1,1,40,11,51,0,0,0,0,2,2,298,145,443,2020-09-30T22:00:00Z
20,607,Sveta Marija,74,69,143,14,6,20,6,0,6,1,0,1,27,8,35,0,0,0,1,1,2,123,84,207,2020-09-30T22:00:00Z
20,608,Šenkovec,511,235,746,14,12,26,3,1,4,0,1,1,30,24,54,0,0,0,1,2,3,559,275,834,2020-09-30T22:00:00Z
20,620,Pribislavec,253,120,373,11,5,16,3,1,4,2,2,4,17,11,28,0,0,0,0,0,0,286,139,425,2020-09-30T22:00:00Z
20,75,Domašinec,325,121,446,7,9,16,18,13,31,0,1,1,17,9,26,0,0,0,2,3,5,369,156,525,2020-09-30T22:00:00Z
20,78,Donja Dubrava,177,225,402,15,7,22,7,3,10,0,1,1,12,12,24,0,0,0,0,0,0,211,248,459,2020-09-30T22:00:00Z
20,82,Donji Kraljevec,1342,572,1914,36,9,45,53,16,69,3,6,9,81,130,211,0,0,0,4,9,13,1519,742,2261,2020-09-30T22:00:00Z
20,89,Donji Vidovec,49,72,121,2,1,3,5,0,5,1,2,3,3,14,17,0,0,0,0,0,0,60,89,149,2020-09-30T22:00:00Z
21,133,Zagreb,223098,203458,426556,7813,5089,12902,302,195,497,2238,2101,4339,5642,7208,12850,19,2,21,410,560,970,239522,218613,458135,2020-09-30T22:00:00Z
01,101,Dugo Selo,2846,1988,4834,224,97,321,29,21,50,23,24,47,293,243,536,0,0,0,6,17,23,3421,2390,5811,2020-10-31T23:00:00Z
01,114,Farkaševac,176,235,411,7,4,11,29,12,41,0,2,2,38,14,52,0,0,0,1,0,1,251,267,518,2020-10-31T23:00:00Z
01,135,Gradec,168,129,297,14,3,17,13,7,20,0,2,2,39,19,58,0,0,0,0,0,0,234,160,394,2020-10-31T23:00:00Z
01,158,Ivanić-Grad,2981,1647,4628,91,74,165,52,30,82,6,19,25,144,195,339,0,0,0,10,10,20,3284,1975,5259,2020-10-31T23:00:00Z
01,163,Jakovlje,218,184,402,43,9,52,8,12,20,4,2,6,41,43,84,0,0,0,0,0,0,314,250,564,2020-10-31T23:00:00Z
01,169,Jastrebarsko,2175,1579,3754,215,117,332,63,33,96,15,19,34,247,238,485,0,0,0,7,9,16,2722,1995,4717,2020-10-31T23:00:00Z
01,190,Klinča Selo,201,155,356,37,7,44,5,3,8,0,0,0,80,53,133,0,0,0,0,1,1,323,219,542,2020-10-31T23:00:00Z
01,193,Kloštar Ivanić,379,286,665,24,10,34,20,7,27,1,11,12,61,47,108,0,0,0,2,0,2,487,361,848,2020-10-31T23:00:00Z
01,213,Križ,581,398,979,27,23,50,22,13,35,4,6,10,28,62,90,0,0,0,2,2,4,664,504,1168,2020-10-31T23:00:00Z
01,33,Brckovljani,311,322,633,8,4,12,0,0,0,0,2,2,26,14,40,0,0,0,0,0,0,345,342,687,2020-10-31T23:00:00Z
01,331,Pisarovina,391,296,687,26,17,43,24,20,44,1,2,3,22,30,52,0,0,0,1,3,4,465,368,833,2020-10-31T23:00:00Z
01,34,Brdovec,847,696,1543,101,32,133,13,8,21,3,8,11,81,61,142,0,0,0,2,4,6,1047,809,1856,2020-10-31T23:00:00Z
01,356,Preseka,19,9,28,5,2,7,13,12,25,0,1,1,18,6,24,0,0,0,1,1,2,56,31,87,2020-10-31T23:00:00Z
01,362,Pušča,167,190,357,28,14,42,8,2,10,1,3,4,56,27,83,0,0,0,0,0,0,260,236,496,2020-10-31T23:00:00Z
01,376,Rugvica,1018,443,1461,8,6,14,4,2,6,1,2,3,27,27,54,0,0,0,1,0,1,1059,480,1539,2020-10-31T23:00:00Z
01,380,Samobor,5246,3702,8948,485,289,774,28,24,52,45,71,116,545,521,1066,0,0,0,33,24,57,6382,4631,11013,2020-10-31T23:00:00Z
01,429,Sveti Ivan Zelina,2162,1868,4030,170,69,239,83,63,146,14,20,34,247,218,465,0,0,0,10,4,14,2686,2242,4928,2020-10-31T23:00:00Z
01,436,Sveta Nedjelja,5211,3080,8291,216,85,301,9,4,13,9,12,21,339,180,519,0,0,0,7,7,14,5791,3368,9159,2020-10-31T23:00:00Z
01,508,Vrbovec,2161,1924,4085,153,68,221,76,33,109,7,24,31,277,162,439,0,0,0,10,9,19,2684,2220,4904,2020-10-31T23:00:00Z
01,533,Krašić,265,180,445,28,8,36,18,11,29,4,2,6,25,30,55,0,0,0,1,1,2,341,232,573,2020-10-31T23:00:00Z
01,536,Rakovec,30,13,43,10,2,12,12,9,21,0,1,1,19,11,30,0,0,0,0,0,0,71,36,107,2020-10-31T23:00:00Z
01,539,Marija Gorica,88,84,172,14,2,16,0,0,0,1,1,2,22,23,45,0,0,0,0,0,0,125,110,235,2020-10-31T23:00:00Z
01,540,Žumberak,14,22,36,4,2,6,8,5,13,0,0,0,9,9,18,0,0,0,0,0,0,35,38,73,2020-10-31T23:00:00Z
01,541,Velika Gorica,7604,6028,13632,609,339,948,71,32,103,58,63,121,614,550,1164,0,0,0,29,18,47,8985,7030,16015,2020-10-31T23:00:00Z
01,542,Orle,46,34,80,15,1,16,9,6,15,0,0,0,11,4,15,0,0,0,0,0,0,81,45,126,2020-10-31T23:00:00Z
01,543,Zaprešić,3338,2890,6228,211,137,348,15,10,25,33,45,78,241,238,479,0,0,0,16,16,32,3854,3336,7190,2020-10-31T23:00:00Z
01,544,Pokupsko,48,63,111,10,6,16,14,8,22,0,0,0,10,9,19,0,0,0,0,0,0,82,86,168,2020-10-31T23:00:00Z
01,545,Kravarsko,110,94,204,28,7,35,9,8,17,0,0,0,66,13,79,0,0,0,1,0,1,214,122,336,2020-10-31T23:00:00Z
01,547,Bistra,347,524,871,46,24,70,7,5,12,2,8,10,67,51,118,1,0,1,1,3,4,471,615,1086,2020-10-31T23:00:00Z
01,548,Luka,250,80,330,14,2,16,2,4,6,1,1,2,21,17,38,0,0,0,1,0,1,289,104,393,2020-10-31T23:00:00Z
01,549,Dubravica,70,42,112,14,0,14,14,8,22,0,0,0,15,11,26,0,0,0,0,0,0,113,61,174,2020-10-31T23:00:00Z
01,550,Bedenica,193,146,339,12,5,17,7,7,14,1,1,2,20,12,32,0,0,0,0,0,0,233,171,404,2020-10-31T23:00:00Z
01,551,Stupnik,1275,484,1759,23,16,39,0,4,4,2,2,4,22,26,48,0,0,0,0,1,1,1322,533,1855,2020-10-31T23:00:00Z
01,97,Dubrava,302,324,626,42,20,62,64,39,103,4,13,17,74,73,147,0,0,0,4,8,12,490,477,967,2020-10-31T23:00:00Z
02,108,Đurmanec,114,135,249,59,11,70,1,2,3,3,1,4,104,93,197,0,0,0,1,0,1,282,242,524,2020-10-31T23:00:00Z
02,11,Bedekovčina,516,745,1261,90,40,130,6,10,16,5,8,13,130,118,248,0,0,0,4,3,7,751,924,1675,2020-10-31T23:00:00Z
02,125,Gornja Stubica,194,286,480,50,13,63,8,3,11,1,1,2,65,49,114,0,0,0,1,2,3,319,354,673,2020-10-31T23:00:00Z
02,146,Hraščina,47,33,80,8,2,10,3,4,7,0,1,1,4,8,12,0,0,0,0,0,0,62,48,110,2020-10-31T23:00:00Z
02,152,Hum Na Sutli,1621,589,2210,53,31,84,4,0,4,1,8,9,163,70,233,0,0,0,0,1,1,1842,699,2541,2020-10-31T23:00:00Z
02,187,Klanjec,305,256,561,66,24,90,9,7,16,5,0,5,69,47,116,0,0,0,0,3,3,454,337,791,2020-10-31T23:00:00Z
02,200,Konjščina,384,355,739,33,14,47,2,1,3,2,2,4,25,34,59,0,0,0,0,2,2,446,408,854,2020-10-31T23:00:00Z
02,208,Kraljevec Na Sutli,60,48,108,16,6,22,4,3,7,0,0,0,19,6,25,0,0,0,0,2,2,99,65,164,2020-10-31T23:00:00Z
02,211,Krapina,2741,2614,5355,168,84,252,6,5,11,19,23,42,206,180,386,0,0,0,2,1,3,3142,2907,6049,2020-10-31T23:00:00Z
02,212,Krapinske Toplice,573,1142,1715,68,34,102,3,8,11,0,5,5,114,75,189,0,0,0,0,0,0,758,1264,2022,2020-10-31T23:00:00Z
02,236,Lobor,168,213,381,19,9,28,5,5,10,0,0,0,28,15,43,0,0,0,1,1,2,221,243,464,2020-10-31T23:00:00Z
02,248,Mače,110,58,168,27,7,34,3,3,6,1,0,1,51,35,86,0,0,0,0,0,0,192,103,295,2020-10-31T23:00:00Z
02,256,Marija Bistrica,341,315,656,64,40,104,15,6,21,0,5,5,91,78,169,0,0,0,3,4,7,514,448,962,2020-10-31T23:00:00Z
02,265,Mihovljan,105,98,203,32,6,38,6,0,6,0,0,0,69,14,83,0,0,0,1,1,2,213,119,332,2020-10-31T23:00:00Z
02,311,Oroslavje,857,802,1659,77,35,112,9,2,11,5,8,13,100,72,172,0,0,0,4,3,7,1052,922,1974,2020-10-31T23:00:00Z
02,329,Petrovsko,73,49,122,16,2,18,1,0,1,4,0,4,53,11,64,0,0,0,1,0,1,148,62,210,2020-10-31T23:00:00Z
02,352,Pregrada,770,925,1695,107,30,137,5,3,8,6,7,13,153,103,256,0,0,0,0,4,4,1041,1072,2113,2020-10-31T23:00:00Z
02,364,Radoboj,135,97,232,16,10,26,1,1,2,1,2,3,54,19,73,0,0,0,0,1,1,207,130,337,2020-10-31T23:00:00Z
02,41,Budinščina,166,174,340,14,6,20,8,2,10,1,2,3,19,11,30,0,0,0,1,3,4,209,198,407,2020-10-31T23:00:00Z
02,422,Stubičke Toplice,237,388,625,31,15,46,1,1,2,4,6,10,67,28,95,0,0,0,1,1,2,341,439,780,2020-10-31T23:00:00Z
02,430,Sveti Križ Začretje,643,717,1360,73,22,95,9,5,14,2,3,5,135,98,233,0,0,0,5,1,6,867,846,1713,2020-10-31T23:00:00Z
02,466,Tuhelj,121,206,327,18,12,30,4,1,5,1,2,3,30,33,63,0,0,0,0,0,0,174,254,428,2020-10-31T23:00:00Z
02,481,Veliko Trgovišće,502,308,810,50,15,65,4,5,9,2,5,7,102,57,159,0,0,0,5,1,6,665,391,1056,2020-10-31T23:00:00Z
02,519,Zabok,2786,2674,5460,142,79,221,5,4,9,14,18,32,196,339,535,0,0,0,2,2,4,3145,3116,6261,2020-10-31T23:00:00Z
02,521,Zagorska Sela,13,55,68,7,1,8,6,1,7,0,1,1,14,4,18,0,0,0,0,0,0,40,62,102,2020-10-31T23:00:00Z
02,526,Zlatar,519,651,1170,93,43,136,21,14,35,9,9,18,96,74,170,0,0,0,2,3,5,740,794,1534,2020-10-31T23:00:00Z
02,527,Zlatar Bistrica,363,571,934,26,9,35,3,2,5,4,1,5,72,40,112,0,0,0,2,6,8,470,629,1099,2020-10-31T23:00:00Z
02,552,Jesenje,60,60,120,10,1,11,0,1,1,1,0,1,50,7,57,0,0,0,0,0,0,121,69,190,2020-10-31T23:00:00Z
02,553,Kumrovec,86,104,190,18,5,23,2,0,2,2,1,3,23,17,40,0,0,0,0,0,0,131,127,258,2020-10-31T23:00:00Z
02,554,Novi Golubovec,139,54,193,4,2,6,1,0,1,0,0,0,7,2,9,0,0,0,0,0,0,151,58,209,2020-10-31T23:00:00Z
02,70,Desinić,146,283,429,32,7,39,9,2,11,2,1,3,32,28,60,0,0,0,0,1,1,221,322,543,2020-10-31T23:00:00Z
02,79,Donja Stubica,783,757,1540,94,48,142,5,3,8,6,3,9,100,54,154,0,0,0,2,3,5,990,868,1858,2020-10-31T23:00:00Z
03,102,Dvor,263,135,398,13,4,17,63,18,81,0,3,3,9,10,19,0,0,0,3,1,4,351,171,522,2020-10-31T23:00:00Z
03,121,Glina,1125,709,1834,36,19,55,56,21,77,3,13,16,74,79,153,0,0,0,1,0,1,1295,841,2136,2020-10-31T23:00:00Z
03,149,Hrvatska Dubica,94,85,179,8,2,10,12,3,15,0,0,0,5,5,10,0,0,0,0,0,0,119,95,214,2020-10-31T23:00:00Z
03,150,Hrvatska Kostajnica,312,291,603,17,9,26,12,2,14,1,3,4,6,16,22,0,0,0,2,0,2,350,321,671,2020-10-31T23:00:00Z
03,168,Jasenovac,136,116,252,12,3,15,11,7,18,0,0,0,13,8,21,0,0,0,0,0,0,172,134,306,2020-10-31T23:00:00Z
03,220,Kutina,3634,2844,6478,169,105,274,40,22,62,33,24,57,199,249,448,1,0,1,9,7,16,4085,3251,7336,2020-10-31T23:00:00Z
03,228,Lekenik,298,235,533,34,10,44,7,11,18,1,5,6,32,31,63,0,0,0,0,2,2,372,294,666,2020-10-31T23:00:00Z
03,232,Lipovljani,297,275,572,26,11,37,11,3,14,1,0,1,30,38,68,0,0,0,0,1,1,365,328,693,2020-10-31T23:00:00Z
03,259,Martinska Ves,136,71,207,9,2,11,32,18,50,1,0,1,36,13,49,0,0,0,0,0,0,214,104,318,2020-10-31T23:00:00Z
03,293,Novska,1321,1019,2340,162,91,253,29,12,41,8,19,27,253,252,505,0,0,0,4,3,7,1777,1396,3173,2020-10-31T23:00:00Z
03,328,Petrinja,1522,1674,3196,209,82,291,63,20,83,6,25,31,265,266,531,0,0,0,9,9,18,2074,2076,4150,2020-10-31T23:00:00Z
03,347,Popovača,910,1002,1912,82,39,121,47,16,63,7,10,17,98,120,218,0,0,0,6,2,8,1150,1189,2339,2020-10-31T23:00:00Z
03,391,Sisak,6946,8162,15108,355,209,564,104,65,169,49,80,129,582,576,1158,0,0,0,22,19,41,8058,9111,17169,2020-10-31T23:00:00Z
03,426,Sunja,185,148,333,24,8,32,40,36,76,1,3,4,22,26,48,0,0,0,2,0,2,274,221,495,2020-10-31T23:00:00Z
03,457,Topusko,248,320,568,19,6,25,4,2,6,4,0,4,34,32,66,0,0,0,0,0,0,309,360,669,2020-10-31T23:00:00Z
03,477,Velika Ludina,110,136,246,11,8,19,12,4,16,0,0,0,28,24,52,0,0,0,0,0,0,161,172,333,2020-10-31T23:00:00Z
03,510,Gvozd,95,110,205,7,3,10,21,3,24,0,0,0,13,11,24,0,0,0,2,0,2,138,127,265,2020-10-31T23:00:00Z
03,555,Majur,102,84,186,0,1,1,5,1,6,0,0,0,2,0,2,0,0,0,0,0,0,109,86,195,2020-10-31T23:00:00Z
03,83,Donji Kukuruzari,42,68,110,4,0,4,5,3,8,0,0,0,2,3,5,0,0,0,1,0,1,54,74,128,2020-10-31T23:00:00Z
04,120,Generalski Stol,36,69,105,20,6,26,1,0,1,0,1,1,22,13,35,0,0,0,0,0,0,79,89,168,2020-10-31T23:00:00Z
04,172,Josipdol,217,169,386,28,17,45,3,9,12,2,1,3,47,58,105,0,0,0,0,1,1,297,255,552,2020-10-31T23:00:00Z
04,179,Karlovac,10589,8695,19284,401,280,681,74,50,124,74,94,168,618,795,1413,0,0,0,18,22,40,11774,9936,21710,2020-10-31T23:00:00Z
04,216,Krnjak,107,71,178,2,2,4,6,3,9,0,0,0,10,3,13,0,0,0,0,0,0,125,79,204,2020-10-31T23:00:00Z
04,225,Lasinja,64,49,113,5,2,7,0,5,5,2,0,2,9,7,16,0,0,0,0,0,0,80,63,143,2020-10-31T23:00:00Z
04,281,Netretić,71,90,161,15,3,18,3,1,4,1,1,2,43,33,76,0,0,0,0,0,0,133,128,261,2020-10-31T23:00:00Z
04,297,Ogulin,1776,1702,3478,150,82,232,31,13,44,8,29,37,141,179,320,0,0,0,5,7,12,2111,2012,4123,2020-10-31T23:00:00Z
04,30,Bosiljevo,106,92,198,5,0,5,0,0,0,1,0,1,31,25,56,0,0,0,0,0,0,143,117,260,2020-10-31T23:00:00Z
04,315,Ozalj,795,587,1382,87,30,117,21,16,37,6,10,16,123,99,222,0,0,0,4,4,8,1036,746,1782,2020-10-31T23:00:00Z
04,333,Plaški,84,90,174,10,4,14,9,2,11,0,0,0,32,28,60,0,0,0,0,0,0,135,124,259,2020-10-31T23:00:00Z
04,365,Rakovica,134,111,245,5,11,16,3,3,6,0,1,1,59,45,104,0,0,0,1,0,1,202,171,373,2020-10-31T23:00:00Z
04,378,Saborsko,14,13,27,2,1,3,1,0,1,0,0,0,7,1,8,0,0,0,0,0,0,24,15,39,2020-10-31T23:00:00Z
04,400,Slunj,340,396,736,47,17,64,24,15,39,3,5,8,127,89,216,0,0,0,2,14,16,543,536,1079,2020-10-31T23:00:00Z
04,49,Cetingrad,66,49,115,7,1,8,3,4,7,0,0,0,8,10,18,0,0,0,0,0,0,84,64,148,2020-10-31T23:00:00Z
04,503,Vojnić,383,241,624,21,12,33,38,9,47,2,0,2,23,32,55,0,0,0,1,4,5,468,298,766,2020-10-31T23:00:00Z
04,530,Žakanje,139,97,236,24,13,37,7,1,8,0,0,0,27,34,61,0,0,0,0,1,1,197,146,343,2020-10-31T23:00:00Z
04,556,Ribnik,6,3,9,10,4,14,1,2,3,0,0,0,8,13,21,0,0,0,0,0,0,25,22,47,2020-10-31T23:00:00Z
04,557,Tounj,69,27,96,3,0,3,0,0,0,0,0,0,3,4,7,0,0,0,0,0,0,75,31,106,2020-10-31T23:00:00Z
04,623,Kamanje,161,103,264,3,3,6,0,0,0,0,0,0,2,15,17,0,0,0,0,0,0,166,121,287,2020-10-31T23:00:00Z
04,7,Barilovići,272,159,431,21,9,30,7,1,8,0,1,1,122,31,153,0,0,0,0,0,0,422,201,623,2020-10-31T23:00:00Z
04,90,Draganić,124,106,230,14,4,18,7,3,10,1,2,3,23,36,59,0,0,0,0,0,0,169,151,320,2020-10-31T23:00:00Z
04,99,Duga Resa,1095,992,2087,134,62,196,18,12,30,5,15,20,192,199,391,0,0,0,3,7,10,1447,1287,2734,2020-10-31T23:00:00Z
05,12,Bednja,202,153,355,23,9,32,2,8,10,2,1,3,16,23,39,0,0,0,0,1,1,245,195,440,2020-10-31T23:00:00Z
05,129,Gornji Kneginec,522,1242,1764,47,24,71,11,5,16,2,7,9,85,58,143,0,0,0,7,7,14,674,1343,2017,2020-10-31T23:00:00Z
05,151,Breznički Hum,197,142,339,14,5,19,8,8,16,0,2,2,19,17,36,0,0,0,3,4,7,241,178,419,2020-10-31T23:00:00Z
05,156,Ivanec,1953,1728,3681,159,64,223,13,11,24,13,17,30,287,258,545,0,0,0,8,12,20,2433,2090,4523,2020-10-31T23:00:00Z
05,165,Jalžabet,738,1023,1761,21,3,24,10,6,16,0,3,3,35,21,56,0,0,0,0,1,1,804,1057,1861,2020-10-31T23:00:00Z
05,189,Klenovnik,101,52,153,8,4,12,1,1,2,1,1,2,22,26,48,0,0,0,2,0,2,135,84,219,2020-10-31T23:00:00Z
05,19,Beretinec,68,36,104,19,2,21,3,3,6,0,1,1,18,21,39,0,0,0,1,1,2,109,64,173,2020-10-31T23:00:00Z
05,229,Lepoglava,1178,569,1747,51,30,81,7,5,12,1,4,5,98,79,177,0,0,0,2,7,9,1337,694,2031,2020-10-31T23:00:00Z
05,244,Ludbreg,1785,1457,3242,105,59,164,42,36,78,9,16,25,239,173,412,0,0,0,5,8,13,2185,1749,3934,2020-10-31T23:00:00Z
05,247,Ljubešćica,320,138,458,31,6,37,1,0,1,1,3,4,104,28,132,0,0,0,1,0,1,458,175,633,2020-10-31T23:00:00Z
05,251,Mali Bukovec,38,86,124,14,6,20,28,16,44,0,3,3,102,38,140,0,0,0,0,1,1,182,150,332,2020-10-31T23:00:00Z
05,260,Maruševec,366,272,638,48,25,73,24,27,51,3,5,8,101,44,145,0,0,0,4,2,6,546,375,921,2020-10-31T23:00:00Z
05,289,Novi Marof,1229,1204,2433,157,64,221,18,10,28,8,14,22,275,171,446,0,0,0,5,3,8,1692,1466,3158,2020-10-31T23:00:00Z
05,326,Petrijanec,392,660,1052,26,7,33,18,9,27,1,3,4,86,80,166,0,0,0,0,1,1,523,760,1283,2020-10-31T23:00:00Z
05,36,Breznica,156,53,209,17,3,20,6,6,12,1,6,7,19,12,31,0,0,0,0,0,0,199,80,279,2020-10-31T23:00:00Z
05,410,Sračinec,237,247,484,42,10,52,2,2,4,1,6,7,78,60,138,0,0,0,0,2,2,360,327,687,2020-10-31T23:00:00Z
05,437,Sveti Đurđ,84,93,177,30,4,34,27,9,36,3,1,4,40,31,71,0,0,0,1,0,1,185,138,323,2020-10-31T23:00:00Z
05,438,Sveti Ilija,141,159,300,13,8,21,2,2,4,0,4,4,50,25,75,0,0,0,1,0,1,207,198,405,2020-10-31T23:00:00Z
05,462,Trnovec Bartolovečki,1333,1570,2903,67,13,80,17,7,24,3,4,7,203,85,288,0,0,0,0,1,1,1623,1680,3303,2020-10-31T23:00:00Z
05,472,Varaždin,16295,15184,31479,478,324,802,41,22,63,74,125,199,550,631,1181,0,0,0,23,16,39,17461,16302,33763,2020-10-31T23:00:00Z
05,473,Varaždinske Toplice,588,441,1029,48,17,65,9,8,17,2,8,10,196,48,244,0,0,0,2,2,4,845,524,1369,2020-10-31T23:00:00Z
05,48,Cestica,423,358,781,47,23,70,14,19,33,1,4,5,94,74,168,0,0,0,0,2,2,579,480,1059,2020-10-31T23:00:00Z
05,484,Vidovec,219,231,450,53,16,69,70,33,103,1,5,6,102,88,190,0,0,0,0,0,0,445,373,818,2020-10-31T23:00:00Z
05,486,Vinica,275,212,487,23,10,33,6,5,11,1,5,6,30,23,53,0,0,0,0,1,1,335,256,591,2020-10-31T23:00:00Z
05,493,Visoko,89,46,135,16,0,16,6,4,10,0,0,0,25,22,47,0,0,0,1,0,1,137,72,209,2020-10-31T23:00:00Z
05,558,Veliki Bukovec,408,312,720,6,3,9,28,15,43,0,2,2,36,25,61,0,0,0,0,0,0,478,357,835,2020-10-31T23:00:00Z
05,80,Donja Voća,88,50,138,8,1,9,7,10,17,0,1,1,30,20,50,0,0,0,0,0,0,133,82,215,2020-10-31T23:00:00Z
05,85,Donji Martijanec,336,181,517,25,8,33,25,6,31,1,1,2,57,33,90,0,0,0,0,0,0,444,229,673,2020-10-31T23:00:00Z
06,104,Đelekovec,23,44,67,18,6,24,47,13,60,0,2,2,18,9,27,0,0,0,4,1,5,110,75,185,2020-10-31T23:00:00Z
06,107,Đurđevac,1340,1094,2434,81,41,122,83,56,139,12,11,23,83,82,165,0,0,0,12,9,21,1611,1293,2904,2020-10-31T23:00:00Z
06,115,Ferdinandovac,29,80,109,8,2,10,47,33,80,1,1,2,18,4,22,0,0,0,0,0,0,103,120,223,2020-10-31T23:00:00Z
06,122,Gola,158,150,308,11,2,13,95,43,138,0,4,4,7,18,25,0,0,0,2,0,2,273,217,490,2020-10-31T23:00:00Z
06,145,Hlebine,10,20,30,1,0,1,13,6,19,1,0,1,0,11,11,0,0,0,1,1,2,26,38,64,2020-10-31T23:00:00Z
06,194,Kloštar Podravski,165,143,308,20,10,30,44,39,83,0,1,1,31,49,80,0,0,0,1,1,2,261,243,504,2020-10-31T23:00:00Z
06,201,Koprivnica,7151,7496,14647,324,176,500,61,27,88,63,77,140,387,429,816,0,1,1,17,18,35,8003,8224,16227,2020-10-31T23:00:00Z
06,202,Koprivnički Bregi,69,75,144,14,5,19,23,6,29,0,0,0,27,10,37,0,0,0,0,0,0,133,96,229,2020-10-31T23:00:00Z
06,203,Koprivnički Ivanec,59,55,114,24,2,26,21,6,27,0,1,1,27,11,38,0,0,0,0,1,1,131,76,207,2020-10-31T23:00:00Z
06,214,Križevci,3318,3491,6809,160,93,253,246,199,445,14,29,43,241,219,460,0,0,0,10,7,17,3989,4038,8027,2020-10-31T23:00:00Z
06,227,Legrad,52,75,127,12,4,16,22,10,32,0,3,3,23,19,42,0,0,0,0,0,0,109,111,220,2020-10-31T23:00:00Z
06,270,Molve,224,115,339,8,9,17,63,31,94,1,3,4,48,21,69,0,0,0,1,1,2,345,180,525,2020-10-31T23:00:00Z
06,292,Novigrad Podravski,95,122,217,9,2,11,21,12,33,0,2,2,13,17,30,0,0,0,0,1,1,138,156,294,2020-10-31T23:00:00Z
06,324,Peteranec,77,35,112,14,4,18,21,9,30,0,0,0,27,8,35,0,0,0,0,2,2,139,58,197,2020-10-31T23:00:00Z
06,366,Rasinja,57,72,129,18,4,22,58,24,82,1,0,1,24,26,50,0,0,0,2,2,4,160,128,288,2020-10-31T23:00:00Z
06,405,Sokolovac,216,82,298,15,2,17,45,20,65,4,3,7,28,11,39,0,0,0,0,1,1,308,119,427,2020-10-31T23:00:00Z
06,439,Sveti Ivan Žabno,267,201,468,37,20,57,103,63,166,1,3,4,54,52,106,0,0,0,0,1,1,462,340,802,2020-10-31T23:00:00Z
06,442,Sveti Petar Orehovec,122,100,222,30,5,35,155,149,304,0,1,1,35,16,51,0,0,0,1,0,1,343,271,614,2020-10-31T23:00:00Z
06,490,Virje,287,211,498,29,9,38,45,27,72,3,2,5,29,35,64,0,0,0,1,2,3,394,286,680,2020-10-31T23:00:00Z
06,559,Kalinovac,410,96,506,5,2,7,10,2,12,0,0,0,8,10,18,0,0,0,0,0,0,433,110,543,2020-10-31T23:00:00Z
06,560,Kalnik,40,56,96,3,4,7,19,27,46,0,1,1,7,4,11,0,0,0,0,0,0,69,92,161,2020-10-31T23:00:00Z
06,561,Novo Virje,47,39,86,2,0,2,44,28,72,0,0,0,15,5,20,0,0,0,0,1,1,108,73,181,2020-10-31T23:00:00Z
06,616,Podravske Sesvete,99,92,191,2,5,7,23,15,38,2,0,2,8,10,18,0,0,0,0,1,1,134,123,257,2020-10-31T23:00:00Z
06,618,Gornja Reka,82,78,160,6,3,9,9,8,17,0,0,0,7,4,11,0,0,0,0,0,0,104,93,197,2020-10-31T23:00:00Z
06,96,Drnje,100,122,222,10,1,11,19,8,27,0,4,4,9,10,19,0,0,0,0,0,0,138,145,283,2020-10-31T23:00:00Z
07,105,Đulovac,242,61,303,9,7,16,34,12,46,1,5,6,99,23,122,0,0,0,0,0,0,385,108,493,2020-10-31T23:00:00Z
07,119,Garešnica,1059,1059,2118,53,32,85,61,37,98,15,20,35,103,129,232,0,0,0,3,5,8,1294,1282,2576,2020-10-31T23:00:00Z
07,139,Grubišno Polje,587,500,1087,33,23,56,106,45,151,5,6,11,73,74,147,0,0,0,3,3,6,807,651,1458,2020-10-31T23:00:00Z
07,144,Hercegovac,133,174,307,17,3,20,49,16,65,1,2,3,45,38,83,0,0,0,1,2,3,246,235,481,2020-10-31T23:00:00Z
07,161,Ivanska,128,89,217,4,3,7,49,12,61,2,2,4,85,25,110,0,0,0,2,1,3,270,132,402,2020-10-31T23:00:00Z
07,176,Kapela,89,93,182,4,3,7,50,28,78,0,1,1,18,8,26,0,0,0,2,0,2,163,133,296,2020-10-31T23:00:00Z
07,18,Berek,59,53,112,5,1,6,21,19,40,0,0,0,7,7,14,0,0,0,0,0,0,92,80,172,2020-10-31T23:00:00Z
07,199,Končanica,123,89,212,9,2,11,34,17,51,0,2,2,20,15,35,0,0,0,2,1,3,188,126,314,2020-10-31T23:00:00Z
07,24,Bjelovar,7061,6752,13813,292,170,462,206,116,322,57,86,143,423,498,921,1,0,1,20,16,36,8060,7638,15698,2020-10-31T23:00:00Z
07,287,Nova Rača,100,117,217,8,1,9,83,33,116,0,2,2,33,13,46,0,0,0,0,0,0,224,166,390,2020-10-31T23:00:00Z
07,375,Rovišće,184,216,400,26,11,37,54,35,89,1,3,4,22,43,65,0,0,0,0,1,1,287,309,596,2020-10-31T23:00:00Z
07,390,Sirač,256,141,397,12,2,14,8,3,11,2,0,2,25,8,33,0,0,0,0,2,2,303,156,459,2020-10-31T23:00:00Z
07,450,Štefanje,44,49,93,7,2,9,35,15,50,0,2,2,33,18,51,0,0,0,0,0,0,119,86,205,2020-10-31T23:00:00Z
07,478,Velika Pisanica,70,80,150,3,2,5,34,17,51,1,0,1,8,8,16,0,0,0,0,0,0,116,107,223,2020-10-31T23:00:00Z
07,480,Veliki Grđevac,154,125,279,9,4,13,75,33,108,1,3,4,71,23,94,0,0,0,1,0,1,311,188,499,2020-10-31T23:00:00Z
07,483,Veliko Trojstvo,56,106,162,15,4,19,12,13,25,0,0,0,45,21,66,0,0,0,1,0,1,129,144,273,2020-10-31T23:00:00Z
07,562,Severin,83,26,109,1,0,1,16,14,30,0,0,0,13,35,48,0,0,0,0,0,0,113,75,188,2020-10-31T23:00:00Z
07,564,Šandrovac,30,53,83,4,0,4,11,8,19,0,0,0,15,6,21,0,0,0,0,0,0,60,67,127,2020-10-31T23:00:00Z
07,565,Velika Trnovitica,65,57,122,7,1,8,34,22,56,1,0,1,23,9,32,0,0,0,1,1,2,131,90,221,2020-10-31T23:00:00Z
07,566,Zrinski Topolovac,7,28,35,2,1,3,35,20,55,0,0,0,5,2,7,0,0,0,2,0,2,51,51,102,2020-10-31T23:00:00Z
07,63,Čazma,1189,823,2012,52,18,70,62,45,107,6,7,13,99,70,169,0,0,0,3,2,5,1411,965,2376,2020-10-31T23:00:00Z
07,67,Daruvar,1442,1705,3147,87,52,139,47,22,69,16,21,37,141,177,318,0,0,0,3,5,8,1736,1982,3718,2020-10-31T23:00:00Z
07,71,Dežanovac,115,82,197,10,2,12,71,41,112,1,0,1,37,14,51,0,0,0,0,1,1,234,140,374,2020-10-31T23:00:00Z
08,117,Fužine,254,199,453,18,10,28,0,2,2,4,1,5,19,19,38,0,0,0,1,0,1,296,231,527,2020-10-31T23:00:00Z
08,170,Jelenje,282,246,528,95,40,135,5,2,7,32,8,40,61,41,102,0,0,0,3,2,5,478,339,817,2020-10-31T23:00:00Z
08,180,Kastav,1049,801,1850,126,55,181,4,1,5,60,9,69,109,80,189,3,0,3,6,6,12,1357,952,2309,2020-10-31T23:00:00Z
08,186,Klana,400,220,620,22,8,30,2,1,3,5,2,7,13,10,23,0,0,0,1,1,2,443,242,685,2020-10-31T23:00:00Z
08,209,Kraljevica,339,263,602,39,27,66,2,1,3,52,8,60,21,32,53,1,0,1,1,8,9,455,339,794,2020-10-31T23:00:00Z
08,215,Krk,1868,1164,3032,216,75,291,13,8,21,28,14,42,247,168,415,0,0,0,9,9,18,2381,1438,3819,2020-10-31T23:00:00Z
08,237,Lokve,114,95,209,12,5,17,0,0,0,0,2,2,10,11,21,0,0,0,0,1,1,136,114,250,2020-10-31T23:00:00Z
08,242,Lovran,401,591,992,79,26,105,2,3,5,14,10,24,41,59,100,0,0,0,4,8,12,541,697,1238,2020-10-31T23:00:00Z
08,252,Mali Lošinj,1331,1349,2680,222,75,297,26,8,34,46,16,62,160,149,309,0,0,0,12,6,18,1797,1603,3400,2020-10-31T23:00:00Z
08,253,Malinska-Dubašnica,492,782,1274,128,57,185,8,8,16,10,4,14,158,129,287,0,0,0,8,3,11,804,983,1787,2020-10-31T23:00:00Z
08,261,Matulji,1439,1040,2479,208,113,321,13,6,19,37,16,53,157,173,330,0,0,0,7,12,19,1861,1360,3221,2020-10-31T23:00:00Z
08,273,Mošćenička Draga,86,55,141,49,11,60,0,1,1,4,2,6,40,19,59,0,0,0,4,5,9,183,93,276,2020-10-31T23:00:00Z
08,275,Mrkopalj,63,45,108,18,2,20,2,0,2,2,0,2,8,10,18,0,0,0,1,0,1,94,57,151,2020-10-31T23:00:00Z
08,290,Novi Vinodolski,486,392,878,102,45,147,6,4,10,11,7,18,99,66,165,0,0,0,1,4,5,705,518,1223,2020-10-31T23:00:00Z
08,301,Omišalj,613,380,993,74,18,92,2,0,2,15,6,21,64,33,97,0,0,0,1,3,4,769,440,1209,2020-10-31T23:00:00Z
08,302,Opatija,2103,2558,4661,175,103,278,8,4,12,59,30,89,95,147,242,0,1,1,14,17,31,2454,2860,5314,2020-10-31T23:00:00Z
08,360,Punat,291,144,435,55,22,77,4,0,4,7,1,8,62,37,99,0,0,0,2,1,3,421,205,626,2020-10-31T23:00:00Z
08,363,Rab,918,1034,1952,283,75,358,13,4,17,16,13,29,204,160,364,0,0,0,11,10,21,1445,1296,2741,2020-10-31T23:00:00Z
08,369,Ravna Gora,283,290,573,30,10,40,2,0,2,1,1,2,36,29,65,0,0,0,2,2,4,354,332,686,2020-10-31T23:00:00Z
08,373,Rijeka,27375,28002,55377,1156,956,2112,29,16,45,1075,373,1448,882,1327,2209,19,0,19,105,135,240,30641,30809,61450,2020-10-31T23:00:00Z
08,38,Brod Moravice,40,48,88,11,0,11,0,0,0,0,1,1,24,8,32,0,0,0,1,0,1,76,57,133,2020-10-31T23:00:00Z
08,393,Skrad,46,42,88,5,3,8,1,1,2,1,1,2,3,7,10,0,0,0,0,0,0,56,54,110,2020-10-31T23:00:00Z
08,4,Bakar,1947,932,2879,60,36,96,2,0,2,87,11,98,76,67,143,0,0,0,5,10,15,2177,1056,3233,2020-10-31T23:00:00Z
08,488,Vinodolska Općina,174,150,324,58,18,76,1,0,1,5,1,6,39,10,49,1,0,1,2,3,5,280,182,462,2020-10-31T23:00:00Z
08,495,Viškovo,1675,1072,2747,185,94,279,4,4,8,62,16,78,164,122,286,0,0,0,7,11,18,2097,1319,3416,2020-10-31T23:00:00Z
08,507,Vrbnik,131,83,214,30,10,40,8,6,14,2,0,2,26,21,47,0,0,0,0,1,1,197,121,318,2020-10-31T23:00:00Z
08,509,Vrbovsko,385,301,686,58,20,78,3,3,6,1,5,6,77,41,118,0,0,0,1,0,1,525,370,895,2020-10-31T23:00:00Z
08,52,Cres,510,405,915,77,22,99,10,3,13,10,4,14,42,65,107,0,0,0,7,4,11,656,503,1159,2020-10-31T23:00:00Z
08,53,Crikvenica,1152,1528,2680,205,113,318,4,1,5,47,23,70,190,163,353,0,0,0,5,14,19,1603,1842,3445,2020-10-31T23:00:00Z
08,538,Kostrena,387,267,654,31,21,52,2,0,2,81,7,88,19,25,44,0,0,0,2,3,5,522,323,845,2020-10-31T23:00:00Z
08,55,Čabar,372,292,664,53,18,71,2,3,5,5,0,5,149,51,200,0,0,0,1,2,3,582,366,948,2020-10-31T23:00:00Z
08,61,Čavle,647,495,1142,81,48,129,1,2,3,44,9,53,100,89,189,0,0,0,1,2,3,874,645,1519,2020-10-31T23:00:00Z
08,624,Lopar,63,37,100,18,3,21,0,0,0,1,0,1,10,15,25,0,0,0,1,0,1,93,55,148,2020-10-31T23:00:00Z
08,69,Delnice,1154,740,1894,75,44,119,4,1,5,11,15,26,78,94,172,0,0,0,3,7,10,1325,901,2226,2020-10-31T23:00:00Z
08,74,Dobrinj,125,61,186,46,18,64,0,2,2,6,3,9,74,44,118,0,0,0,3,2,5,254,130,384,2020-10-31T23:00:00Z
08,8,Baška,162,184,346,43,23,66,6,2,8,4,4,8,26,27,53,0,0,0,6,2,8,247,242,489,2020-10-31T23:00:00Z
09,130,Gospić,2267,2242,4509,105,56,161,67,36,103,14,10,24,126,160,286,0,0,0,8,7,15,2587,2511,5098,2020-10-31T23:00:00Z
09,178,Karlobag,79,70,149,10,4,14,5,1,6,3,0,3,9,4,13,0,0,0,0,2,2,106,81,187,2020-10-31T23:00:00Z
09,240,Lovinac,179,70,249,2,0,2,2,1,3,1,0,1,2,1,3,0,0,0,0,0,0,186,72,258,2020-10-31T23:00:00Z
09,288,Novalja,634,518,1152,121,23,144,22,7,29,3,3,6,149,71,220,0,0,0,6,8,14,935,630,1565,2020-10-31T23:00:00Z
09,313,Otočac,845,879,1724,93,37,130,48,24,72,9,7,16,118,114,232,0,0,0,5,7,12,1118,1068,2186,2020-10-31T23:00:00Z
09,323,Perušić,353,222,575,22,6,28,26,24,50,0,2,2,20,27,47,0,0,0,1,0,1,422,281,703,2020-10-31T23:00:00Z
09,37,Brinje,338,178,516,22,5,27,8,5,13,0,1,1,15,20,35,0,0,0,3,0,3,386,209,595,2020-10-31T23:00:00Z
09,387,Senj,718,625,1343,100,48,148,6,4,10,17,9,26,91,104,195,0,0,0,9,11,20,941,801,1742,2020-10-31T23:00:00Z
09,455,Plitvička Jezera,662,664,1326,45,22,67,61,13,74,3,6,9,180,144,324,0,0,0,3,0,3,954,849,1803,2020-10-31T23:00:00Z
09,467,Udbina,143,119,262,10,6,16,34,10,44,0,0,0,11,14,25,0,0,0,3,2,5,201,151,352,2020-10-31T23:00:00Z
09,512,Vrhovine,97,37,134,3,3,6,5,1,6,0,0,0,4,5,9,0,0,0,0,0,0,109,46,155,2020-10-31T23:00:00Z
09,84,Donji Lapac,106,73,179,6,4,10,21,6,27,0,0,0,9,5,14,0,0,0,0,0,0,142,88,230,2020-10-31T23:00:00Z
10,136,Gradina,88,81,169,12,5,17,130,42,172,2,0,2,39,27,66,0,0,0,0,0,0,271,155,426,2020-10-31T23:00:00Z
10,245,Lukač,170,99,269,13,4,17,40,15,55,1,0,1,88,52,140,0,0,0,0,1,1,312,171,483,2020-10-31T23:00:00Z
10,266,Mikleuš,79,50,129,8,1,9,12,6,18,0,0,0,10,11,21,0,0,0,0,0,0,109,68,177,2020-10-31T23:00:00Z
10,283,Nova Bukovica,43,43,86,8,5,13,37,7,44,1,0,1,21,18,39,0,0,0,1,0,1,111,73,184,2020-10-31T23:00:00Z
10,307,Orahovica,975,681,1656,63,42,105,14,2,16,10,12,22,104,95,199,0,0,0,0,4,4,1166,836,2002,2020-10-31T23:00:00Z
10,332,Pitomača,619,609,1228,78,43,121,160,86,246,2,9,11,218,188,406,0,0,0,3,3,6,1080,938,2018,2020-10-31T23:00:00Z
10,395,Slatina,1477,1457,2934,144,67,211,128,44,172,15,23,38,214,251,465,0,0,0,2,7,9,1980,1849,3829,2020-10-31T23:00:00Z
10,407,Sopje,142,43,185,4,2,6,88,25,113,0,0,0,21,21,42,0,0,0,0,0,0,255,91,346,2020-10-31T23:00:00Z
10,424,Suhopolje,242,233,475,26,18,44,100,46,146,1,2,3,57,45,102,0,0,0,2,0,2,428,344,772,2020-10-31T23:00:00Z
10,449,Špišić Bukovica,131,134,265,21,6,27,162,65,227,1,3,4,33,58,91,0,0,0,3,2,5,351,268,619,2020-10-31T23:00:00Z
10,491,Virovitica,4037,3980,8017,176,88,264,87,29,116,36,22,58,390,378,768,0,0,0,12,7,19,4738,4504,9242,2020-10-31T23:00:00Z
10,499,Voćin,139,95,234,9,4,13,28,34,62,0,0,0,13,6,19,0,0,0,0,0,0,189,139,328,2020-10-31T23:00:00Z
10,524,Zdenci,113,84,197,6,3,9,16,9,25,0,3,3,13,12,25,0,0,0,3,1,4,151,112,263,2020-10-31T23:00:00Z
10,54,Crnac,27,23,50,14,4,18,19,8,27,0,2,2,18,14,32,0,0,0,0,0,0,78,51,129,2020-10-31T23:00:00Z
10,56,Čačinci,167,88,255,18,10,28,18,8,26,0,5,5,20,33,53,0,0,0,2,0,2,225,144,369,2020-10-31T23:00:00Z
10,57,Čađavica,100,74,174,14,9,23,69,20,89,0,0,0,43,27,70,0,0,0,1,0,1,227,130,357,2020-10-31T23:00:00Z
11,164,Jakšić,134,115,249,24,3,27,26,6,32,0,2,2,42,17,59,0,0,0,0,0,0,226,143,369,2020-10-31T23:00:00Z
11,177,Kaptol,93,84,177,16,2,18,25,3,28,1,1,2,40,8,48,0,0,0,0,1,1,175,99,274,2020-10-31T23:00:00Z
11,221,Kutjevo,600,397,997,52,16,68,60,26,86,2,4,6,79,78,157,0,0,0,5,4,9,798,525,1323,2020-10-31T23:00:00Z
11,231,Lipik,744,614,1358,28,12,40,21,10,31,1,13,14,52,52,104,0,0,0,3,0,3,849,701,1550,2020-10-31T23:00:00Z
11,318,Pakrac,601,1069,1670,86,29,115,47,17,64,13,21,34,164,94,258,0,0,0,5,4,9,916,1234,2150,2020-10-31T23:00:00Z
11,334,Pleternica,569,455,1024,81,26,107,49,17,66,3,7,10,158,115,273,0,0,0,3,4,7,863,624,1487,2020-10-31T23:00:00Z
11,35,Brestovac,124,116,240,12,3,15,16,4,20,1,1,2,27,10,37,0,0,0,0,1,1,180,135,315,2020-10-31T23:00:00Z
11,351,Požega,5141,4450,9591,295,151,446,103,33,136,43,107,150,411,368,779,0,1,1,15,29,44,6008,5139,11147,2020-10-31T23:00:00Z
11,475,Velika,274,258,532,17,10,27,25,4,29,2,3,5,42,34,76,0,0,0,1,0,1,361,309,670,2020-10-31T23:00:00Z
11,58,Čaglin,85,124,209,10,2,12,21,5,26,0,1,1,14,11,25,0,0,0,0,0,0,130,143,273,2020-10-31T23:00:00Z
12,10,Bebrina,27,60,87,8,7,15,16,8,24,1,0,1,11,8,19,0,0,0,0,0,0,63,83,146,2020-10-31T23:00:00Z
12,118,Garčin,131,156,287,29,9,38,26,14,40,0,0,0,22,22,44,0,0,0,1,1,2,209,202,411,2020-10-31T23:00:00Z
12,127,Gornji Bogićevci,51,19,70,8,2,10,9,2,11,0,0,0,20,34,54,0,0,0,0,0,0,88,57,145,2020-10-31T23:00:00Z
12,140,Gundinci,61,42,103,12,3,15,55,22,77,0,0,0,16,8,24,0,0,0,1,0,1,145,75,220,2020-10-31T23:00:00Z
12,185,Klakar,77,52,129,17,3,20,22,4,26,0,0,0,14,14,28,0,0,0,1,1,2,131,74,205,2020-10-31T23:00:00Z
12,284,Nova Gradiška,2072,2100,4172,144,90,234,25,15,40,22,20,42,259,303,562,0,0,0,3,4,7,2525,2532,5057,2020-10-31T23:00:00Z
12,285,Nova Kapela,151,207,358,20,14,34,23,8,31,2,3,5,52,52,104,0,0,0,1,0,1,249,284,533,2020-10-31T23:00:00Z
12,299,Okučani,205,140,345,24,5,29,8,1,9,0,1,1,46,32,78,0,0,0,1,3,4,284,182,466,2020-10-31T23:00:00Z
12,303,Oprisavci,204,134,338,9,0,9,32,10,42,1,0,1,7,16,23,0,0,0,0,1,1,253,161,414,2020-10-31T23:00:00Z
12,309,Oriovac,298,283,581,34,20,54,21,13,34,2,2,4,68,57,125,0,0,0,0,1,1,423,376,799,2020-10-31T23:00:00Z
12,338,Podcrkavlje,59,41,100,15,0,15,8,3,11,0,1,1,18,5,23,0,0,0,0,1,1,100,51,151,2020-10-31T23:00:00Z
12,372,Rešetari,208,189,397,37,8,45,19,8,27,4,1,5,85,38,123,0,0,0,2,2,4,355,246,601,2020-10-31T23:00:00Z
12,388,Sibinj,108,168,276,50,11,61,13,1,14,0,1,1,53,37,90,0,0,0,3,2,5,227,220,447,2020-10-31T23:00:00Z
12,39,Brodski Stupnik,76,73,149,17,8,25,5,3,8,2,1,3,77,38,115,0,0,0,0,0,0,177,123,300,2020-10-31T23:00:00Z
12,396,Slavonski Brod,13497,9140,22637,579,321,900,44,34,78,75,82,157,946,959,1905,1,0,1,13,19,32,15155,10555,25710,2020-10-31T23:00:00Z
12,397,Slavonski Šamac,66,60,126,8,3,11,15,6,21,0,1,1,11,3,14,0,0,0,0,0,0,100,73,173,2020-10-31T23:00:00Z
12,412,Stara Gradiška,142,77,219,4,1,5,8,2,10,0,0,0,17,6,23,0,0,0,0,0,0,171,86,257,2020-10-31T23:00:00Z
12,418,Staro Petrovo Selo,194,157,351,29,9,38,40,17,57,1,2,3,102,42,144,0,0,0,0,1,1,366,228,594,2020-10-31T23:00:00Z
12,46,Cernik,168,187,355,24,10,34,8,4,12,3,2,5,55,24,79,0,0,0,0,3,3,258,230,488,2020-10-31T23:00:00Z
12,476,Velika Kopanica,163,121,284,22,7,29,26,16,42,1,1,2,28,26,54,0,0,0,1,2,3,241,173,414,2020-10-31T23:00:00Z
12,506,Vrbje,34,29,63,8,0,8,19,1,20,0,0,0,26,21,47,0,0,0,0,1,1,87,52,139,2020-10-31T23:00:00Z
12,514,Vrpolje,188,122,310,25,6,31,38,16,54,0,2,2,12,13,25,0,0,0,1,0,1,264,159,423,2020-10-31T23:00:00Z
12,567,Bukovlje,92,73,165,14,6,20,0,0,0,1,0,1,11,16,27,0,0,0,0,0,0,118,95,213,2020-10-31T23:00:00Z
12,568,Dragalić,40,42,82,7,0,7,6,2,8,0,0,0,4,7,11,0,0,0,0,1,1,57,52,109,2020-10-31T23:00:00Z
12,569,Gornja Vrba,287,423,710,10,2,12,1,0,1,0,1,1,13,17,30,0,0,0,0,0,0,311,443,754,2020-10-31T23:00:00Z
12,570,Sikirevci,43,66,109,16,4,20,36,14,50,0,0,0,14,5,19,0,0,0,1,1,2,110,90,200,2020-10-31T23:00:00Z
12,68,Davor,103,74,177,13,4,17,13,3,16,0,0,0,14,19,33,0,0,0,1,2,3,144,102,246,2020-10-31T23:00:00Z
12,81,Donji Andrijevci,130,106,236,21,12,33,18,4,22,1,1,2,27,20,47,0,0,0,0,1,1,197,144,341,2020-10-31T23:00:00Z
13,131,Gračac,247,261,508,22,15,37,58,20,78,2,1,3,34,40,74,0,0,0,0,2,2,363,339,702,2020-10-31T23:00:00Z
13,167,Jasenice,140,56,196,13,1,14,4,3,7,1,0,1,12,7,19,0,0,0,0,0,0,170,67,237,2020-10-31T23:00:00Z
13,17,Benkovac,1134,951,2085,92,31,123,78,50,128,10,14,24,205,130,335,0,0,0,7,6,13,1526,1182,2708,2020-10-31T23:00:00Z
13,173,Kali,329,101,430,27,13,40,3,1,4,13,1,14,61,29,90,0,0,0,0,1,1,433,146,579,2020-10-31T23:00:00Z
13,20,Bibinje,184,181,365,50,19,69,4,0,4,2,2,4,65,59,124,0,0,0,2,1,3,307,262,569,2020-10-31T23:00:00Z
13,22,Biograd Na Moru,1056,1306,2362,115,64,179,25,15,40,17,9,26,134,207,341,1,0,1,5,10,15,1353,1611,2964,2020-10-31T23:00:00Z
13,234,Lišane Ostrovičke,32,30,62,8,3,11,1,0,1,0,0,0,4,5,9,0,0,0,0,0,0,45,38,83,2020-10-31T23:00:00Z
13,282,Nin,436,341,777,38,11,49,10,4,14,5,2,7,45,33,78,0,0,0,0,0,0,534,391,925,2020-10-31T23:00:00Z
13,296,Obrovac,336,219,555,28,11,39,27,7,34,2,4,6,16,33,49,0,0,0,4,5,9,413,279,692,2020-10-31T23:00:00Z
13,316,Pag,449,389,838,70,24,94,30,11,41,5,7,12,59,50,109,0,0,0,7,3,10,620,484,1104,2020-10-31T23:00:00Z
13,317,Pakoštane,346,277,623,46,19,65,8,8,16,6,2,8,80,60,140,0,0,0,5,0,5,491,366,857,2020-10-31T23:00:00Z
13,320,Pašman,97,103,200,43,8,51,3,3,6,11,0,11,36,23,59,0,0,0,1,2,3,191,139,330,2020-10-31T23:00:00Z
13,344,Polača,101,55,156,17,4,21,3,1,4,1,0,1,8,14,22,0,0,0,1,2,3,131,76,207,2020-10-31T23:00:00Z
13,345,Poličnik,391,293,684,47,6,53,7,8,15,3,1,4,37,17,54,0,0,0,1,1,2,486,326,812,2020-10-31T23:00:00Z
13,349,Posedarje,133,146,279,31,11,42,5,7,12,11,0,11,34,34,68,0,0,0,1,3,4,215,201,416,2020-10-31T23:00:00Z
13,354,Preko,259,389,648,35,10,45,5,5,10,26,4,30,38,26,64,0,0,0,2,5,7,365,439,804,2020-10-31T23:00:00Z
13,371,Ražanac,79,83,162,24,8,32,6,6,12,17,0,17,27,13,40,0,0,0,3,0,3,156,110,266,2020-10-31T23:00:00Z
13,379,Sali,164,136,300,35,12,47,5,3,8,7,1,8,20,16,36,0,0,0,1,1,2,232,169,401,2020-10-31T23:00:00Z
13,411,Stankovci,225,158,383,24,4,28,3,2,5,1,1,2,31,17,48,0,0,0,0,1,1,284,183,467,2020-10-31T23:00:00Z
13,416,Starigrad,122,148,270,41,27,68,6,2,8,3,0,3,19,33,52,0,0,0,2,3,5,193,213,406,2020-10-31T23:00:00Z
13,425,Sukošan,338,238,576,54,20,74,12,4,16,5,2,7,52,52,104,0,0,0,2,3,5,463,319,782,2020-10-31T23:00:00Z
13,428,Sveti Filip I Jakov,236,318,554,33,17,50,8,3,11,14,2,16,27,36,63,0,0,0,0,0,0,318,376,694,2020-10-31T23:00:00Z
13,445,Škabrnje,62,59,121,24,3,27,3,1,4,3,0,3,17,7,24,0,0,0,1,1,2,110,71,181,2020-10-31T23:00:00Z
13,489,Vir,296,247,543,50,6,56,3,2,5,2,1,3,27,29,56,0,0,0,2,3,5,380,288,668,2020-10-31T23:00:00Z
13,520,Zadar,14403,15722,30125,1019,565,1584,45,29,74,748,217,965,1304,1413,2717,4,0,4,129,68,197,17652,18014,35666,2020-10-31T23:00:00Z
13,525,Zemunik Donji,106,144,250,17,8,25,2,1,3,0,0,0,16,5,21,0,0,0,0,1,1,141,159,300,2020-10-31T23:00:00Z
13,537,Novigrad,71,84,155,24,2,26,4,4,8,4,1,5,27,12,39,0,0,0,1,2,3,131,105,236,2020-10-31T23:00:00Z
13,571,Galovac,29,58,87,11,1,12,5,4,9,4,2,6,7,15,22,0,0,0,0,2,2,56,82,138,2020-10-31T23:00:00Z
13,572,Kukljica,55,29,84,16,1,17,1,1,2,2,1,3,27,6,33,0,0,0,1,1,2,102,39,141,2020-10-31T23:00:00Z
13,573,Povljana,52,30,82,11,2,13,4,1,5,6,1,7,6,8,14,0,0,0,0,1,1,79,43,122,2020-10-31T23:00:00Z
13,574,Privlaka,117,105,222,17,9,26,0,2,2,8,0,8,20,13,33,0,0,0,5,2,7,167,131,298,2020-10-31T23:00:00Z
13,575,Tkon,81,48,129,20,5,25,3,2,5,1,0,1,48,21,69,0,0,0,2,2,4,155,78,233,2020-10-31T23:00:00Z
13,622,Kolan,110,70,180,20,4,24,4,1,5,0,0,0,22,15,37,0,0,0,1,0,1,157,90,247,2020-10-31T23:00:00Z
13,625,Vrsi,91,48,139,12,4,16,5,4,9,19,0,19,16,25,41,0,0,0,3,2,5,146,83,229,2020-10-31T23:00:00Z
14,103,Đakovo,2805,2816,5621,447,200,647,188,85,273,31,37,68,702,567,1269,0,0,0,17,11,28,4190,3716,7906,2020-10-31T23:00:00Z
14,106,Đurđenovac,535,468,1003,41,9,50,24,18,42,0,7,7,72,44,116,0,0,0,4,3,7,676,549,1225,2020-10-31T23:00:00Z
14,110,Erdut,314,221,535,36,12,48,58,16,74,2,4,6,47,33,80,0,0,0,3,1,4,460,287,747,2020-10-31T23:00:00Z
14,111,Ernestinovo,74,154,228,9,2,11,25,9,34,2,1,3,11,17,28,0,0,0,1,0,1,122,183,305,2020-10-31T23:00:00Z
14,116,Feričanci,131,134,265,24,6,30,3,0,3,0,3,3,41,16,57,0,0,0,0,0,0,199,159,358,2020-10-31T23:00:00Z
14,124,Gorjani,120,178,298,16,4,20,18,8,26,0,1,1,13,4,17,0,0,0,1,0,1,168,195,363,2020-10-31T23:00:00Z
14,13,Beli Manastir,1048,1174,2222,71,37,108,42,28,70,9,11,20,111,99,210,0,0,0,0,2,2,1281,1351,2632,2020-10-31T23:00:00Z
14,16,Belišće,1469,696,2165,61,29,90,29,6,35,2,10,12,77,96,173,0,0,0,3,2,5,1641,839,2480,2020-10-31T23:00:00Z
14,195,Kneževi Vinogradi,216,253,469,31,7,38,38,7,45,1,2,3,67,63,130,0,0,0,0,0,0,353,332,685,2020-10-31T23:00:00Z
14,2,Antunovac,205,199,404,27,10,37,17,8,25,0,0,0,15,11,26,0,0,0,0,0,0,264,228,492,2020-10-31T23:00:00Z
14,205,Koška,189,141,330,26,5,31,32,10,42,3,4,7,33,22,55,0,0,0,2,0,2,285,182,467,2020-10-31T23:00:00Z
14,21,Bilje,303,283,586,47,18,65,19,12,31,3,6,9,56,39,95,0,0,0,0,1,1,428,359,787,2020-10-31T23:00:00Z
14,23,Bizovac,237,231,468,26,11,37,29,11,40,1,6,7,34,38,72,0,0,0,1,1,2,328,298,626,2020-10-31T23:00:00Z
14,230,Levanjska Varoš,41,30,71,3,2,5,12,9,21,0,0,0,2,2,4,0,0,0,0,1,1,58,44,102,2020-10-31T23:00:00Z
14,257,Marijanci,89,61,150,7,4,11,13,1,14,0,0,0,20,20,40,0,0,0,1,1,2,130,87,217,2020-10-31T23:00:00Z
14,271,Moslavina Podravska,24,17,41,2,2,4,20,8,28,0,0,0,13,8,21,0,0,0,0,0,0,59,35,94,2020-10-31T23:00:00Z
14,278,Našice,2321,1812,4133,161,86,247,52,18,70,16,35,51,265,224,489,0,0,0,6,6,12,2821,2181,5002,2020-10-31T23:00:00Z
14,312,Osijek,23843,21980,45823,833,607,1440,96,43,139,189,197,386,759,1138,1897,1,0,1,40,48,88,25761,24013,49774,2020-10-31T23:00:00Z
14,325,Petlovac,57,54,111,5,4,9,15,0,15,0,0,0,14,11,25,0,0,0,0,0,0,91,69,160,2020-10-31T23:00:00Z
14,327,Petrijevci,304,231,535,19,3,22,11,5,16,0,1,1,14,9,23,0,0,0,1,2,3,349,251,600,2020-10-31T23:00:00Z
14,340,Podgorač,107,109,216,27,8,35,33,6,39,1,2,3,21,29,50,0,0,0,0,1,1,189,155,344,2020-10-31T23:00:00Z
14,346,Popovac,61,60,121,2,2,4,5,7,12,0,0,0,5,9,14,0,0,0,0,0,0,73,78,151,2020-10-31T23:00:00Z
14,361,Punitovci,48,71,119,20,3,23,18,4,22,0,1,1,26,7,33,0,0,0,0,0,0,112,86,198,2020-10-31T23:00:00Z
14,381,Satnica Đakovačka,126,109,235,23,5,28,11,3,14,0,0,0,44,30,74,0,0,0,0,1,1,204,148,352,2020-10-31T23:00:00Z
14,386,Semeljci,249,238,487,45,17,62,56,29,85,1,1,2,82,31,113,0,0,0,2,0,2,435,316,751,2020-10-31T23:00:00Z
14,421,Strizivojna,308,291,599,18,7,25,20,3,23,0,0,0,10,13,23,0,0,0,1,0,1,357,314,671,2020-10-31T23:00:00Z
14,461,Trnava,61,104,165,6,3,9,15,6,21,0,1,1,13,3,16,0,0,0,0,0,0,95,117,212,2020-10-31T23:00:00Z
14,471,Valpovo,861,1085,1946,75,49,124,45,19,64,16,23,39,78,102,180,0,0,0,8,9,17,1083,1287,2370,2020-10-31T23:00:00Z
14,485,Viljevo,42,59,101,10,1,11,27,5,32,0,2,2,15,9,24,0,0,0,1,1,2,95,77,172,2020-10-31T23:00:00Z
14,494,Viškovci,233,217,450,21,4,25,16,6,22,0,1,1,24,3,27,0,0,0,2,0,2,296,231,527,2020-10-31T23:00:00Z
14,517,Vuka,43,66,109,14,2,16,17,5,22,0,1,1,21,10,31,0,0,0,0,0,0,95,84,179,2020-10-31T23:00:00Z
14,576,Donja Motičina,25,27,52,9,3,12,2,1,3,0,1,1,15,8,23,0,0,0,0,0,0,51,40,91,2020-10-31T23:00:00Z
14,578,Magadenovac,103,124,227,5,1,6,28,10,38,1,4,5,18,19,37,0,0,0,0,0,0,155,158,313,2020-10-31T23:00:00Z
14,579,Vladislavci,133,124,257,3,1,4,7,4,11,0,1,1,4,5,9,0,0,0,0,0,0,147,135,282,2020-10-31T23:00:00Z
14,609,Jagodnjak,147,92,239,7,3,10,24,4,28,0,0,0,9,4,13,0,0,0,0,0,0,187,103,290,2020-10-31T23:00:00Z
14,614,Šodolovci,22,34,56,0,0,0,0,0,0,0,0,0,8,5,13,0,0,0,0,0,0,30,39,69,2020-10-31T23:00:00Z
14,64,Čeminac,82,141,223,11,0,11,3,2,5,0,0,0,15,10,25,0,0,0,0,0,0,111,153,264,2020-10-31T23:00:00Z
14,65,Čepin,589,491,1080,89,32,121,54,25,79,4,7,11,106,97,203,0,0,0,2,3,5,844,655,1499,2020-10-31T23:00:00Z
14,66,Darda,1792,875,2667,50,27,77,34,4,38,1,4,5,59,48,107,0,0,0,1,0,1,1937,958,2895,2020-10-31T23:00:00Z
14,86,Donji Miholjac,1205,914,2119,84,45,129,155,41,196,7,19,26,171,113,284,0,0,0,3,2,5,1625,1134,2759,2020-10-31T23:00:00Z
14,91,Draž,78,103,181,11,2,13,18,8,26,0,0,0,10,10,20,0,0,0,0,1,1,117,124,241,2020-10-31T23:00:00Z
14,94,Drenje,98,101,199,29,7,36,53,23,76,0,0,0,13,16,29,0,0,0,0,0,0,193,147,340,2020-10-31T23:00:00Z
15,113,Ervenik,53,62,115,1,0,1,4,2,6,0,0,0,1,0,1,0,0,0,0,0,0,59,64,123,2020-10-31T23:00:00Z
15,183,Kijevo,36,38,74,2,0,2,1,0,1,0,0,0,0,0,0,0,0,0,0,0,0,39,38,77,2020-10-31T23:00:00Z
15,184,Kistanje,70,71,141,12,3,15,0,0,0,1,0,1,15,5,20,0,0,0,0,0,0,98,79,177,2020-10-31T23:00:00Z
15,196,Knin,1579,1428,3007,119,67,186,52,8,60,27,5,32,123,150,273,0,0,0,3,2,5,1903,1660,3563,2020-10-31T23:00:00Z
15,298,Promina,105,83,188,2,1,3,1,2,3,0,0,0,0,1,1,0,0,0,0,0,0,108,87,195,2020-10-31T23:00:00Z
15,310,Biskupija,84,41,125,3,0,3,2,1,3,1,0,1,0,0,0,0,0,0,0,0,0,90,42,132,2020-10-31T23:00:00Z
15,357,Primošten,267,284,551,67,24,91,5,2,7,7,0,7,45,30,75,0,0,0,2,1,3,393,341,734,2020-10-31T23:00:00Z
15,377,Ružić,34,32,66,4,1,5,5,7,12,0,0,0,2,12,14,0,0,0,0,0,0,45,52,97,2020-10-31T23:00:00Z
15,394,Skradin,135,141,276,43,11,54,20,5,25,2,4,6,28,34,62,0,0,0,0,0,0,228,195,423,2020-10-31T23:00:00Z
15,444,Šibenik,7805,8090,15895,618,334,952,38,13,51,181,105,286,559,674,1233,2,0,2,25,22,47,9228,9238,18466,2020-10-31T23:00:00Z
15,454,Tisno,290,236,526,96,26,122,6,0,6,8,3,11,57,41,98,0,0,0,0,3,3,457,309,766,2020-10-31T23:00:00Z
15,469,Unešić,46,36,82,8,1,9,3,1,4,1,0,1,12,5,17,0,0,0,0,0,0,70,43,113,2020-10-31T23:00:00Z
15,500,Vodice,874,952,1826,242,88,330,9,6,15,9,6,15,208,135,343,0,0,0,8,8,16,1350,1195,2545,2020-10-31T23:00:00Z
15,51,Civljane,38,12,50,1,0,1,0,0,0,0,0,0,1,3,4,0,0,0,0,0,0,40,15,55,2020-10-31T23:00:00Z
15,581,Pirovac,139,131,270,26,12,38,4,2,6,0,2,2,30,30,60,0,0,0,0,1,1,199,178,377,2020-10-31T23:00:00Z
15,582,Rogoznica,230,212,442,49,10,59,3,1,4,11,1,12,33,34,67,0,0,0,0,0,0,326,258,584,2020-10-31T23:00:00Z
15,617,Murter,232,252,484,45,24,69,5,1,6,14,3,17,49,37,86,0,0,0,1,1,2,346,318,664,2020-10-31T23:00:00Z
15,621,Bilice,67,35,102,21,8,29,0,0,0,7,0,7,21,12,33,0,0,0,0,0,0,116,55,171,2020-10-31T23:00:00Z
15,626,Tribunj,84,80,164,16,11,27,0,0,0,4,0,4,53,26,79,0,0,0,0,2,2,157,119,276,2020-10-31T23:00:00Z
15,95,Drniš,865,639,1504,66,51,117,47,18,65,6,8,14,85,86,171,0,0,0,1,0,1,1070,802,1872,2020-10-31T23:00:00Z
16,1,Andrijaševci,69,106,175,24,11,35,14,5,19,2,0,2,49,25,74,0,0,0,0,1,1,158,148,306,2020-10-31T23:00:00Z
16,137,Gradište,103,104,207,18,4,22,33,6,39,0,1,1,13,16,29,0,0,0,0,0,0,167,131,298,2020-10-31T23:00:00Z
16,141,Gunja,209,154,363,33,9,42,37,12,49,2,1,3,29,10,39,0,0,0,1,2,3,311,188,499,2020-10-31T23:00:00Z
16,154,Ilok,477,564,1041,63,20,83,51,17,68,1,3,4,107,94,201,0,0,0,1,2,3,700,700,1400,2020-10-31T23:00:00Z
16,159,Ivankovo,325,399,724,69,28,97,48,10,58,3,5,8,113,81,194,0,0,0,3,4,7,561,527,1088,2020-10-31T23:00:00Z
16,166,Jarmina,34,83,117,12,8,20,23,9,32,0,1,1,21,14,35,0,0,0,0,2,2,90,117,207,2020-10-31T23:00:00Z
16,239,Lovas,61,91,152,4,0,4,14,0,14,1,0,1,4,5,9,0,0,0,0,0,0,84,96,180,2020-10-31T23:00:00Z
16,26,Bogdanovci,26,54,80,3,0,3,8,4,12,0,0,0,17,3,20,0,0,0,0,0,0,54,61,115,2020-10-31T23:00:00Z
16,29,Borovo,80,126,206,40,13,53,27,5,32,2,3,5,54,69,123,0,0,0,1,1,2,204,217,421,2020-10-31T23:00:00Z
16,294,Nuštar,250,291,541,33,17,50,29,6,35,2,3,5,45,30,75,0,0,0,2,1,3,361,348,709,2020-10-31T23:00:00Z
16,295,Nijemci,195,202,397,20,8,28,86,23,109,1,1,2,48,32,80,0,0,0,1,2,3,351,268,619,2020-10-31T23:00:00Z
16,3,Babina Greda,138,124,262,31,10,41,82,27,109,3,0,3,28,35,63,0,0,0,0,1,1,282,197,479,2020-10-31T23:00:00Z
16,32,Bošnjaci,130,92,222,23,6,29,40,8,48,1,0,1,30,29,59,0,0,0,1,0,1,225,135,360,2020-10-31T23:00:00Z
16,414,Stari Jankovci,135,172,307,20,4,24,42,9,51,1,0,1,31,16,47,0,0,0,1,1,2,230,202,432,2020-10-31T23:00:00Z
16,415,Stari Mikanovci,99,136,235,20,10,30,22,9,31,2,1,3,28,43,71,0,0,0,0,0,0,171,199,370,2020-10-31T23:00:00Z
16,44,Cerna,396,226,622,39,17,56,45,17,62,2,1,3,72,53,125,0,0,0,0,0,0,554,314,868,2020-10-31T23:00:00Z
16,456,Tompojevci,19,50,69,15,3,18,38,12,50,0,1,1,17,16,33,0,0,0,0,0,0,89,82,171,2020-10-31T23:00:00Z
16,458,Tordinci,86,105,191,6,2,8,10,0,10,1,0,1,6,8,14,0,0,0,0,0,0,109,115,224,2020-10-31T23:00:00Z
16,459,Tovarnik,150,158,308,17,3,20,42,19,61,1,1,2,15,12,27,0,0,0,0,1,1,225,194,419,2020-10-31T23:00:00Z
16,464,Trpinja,107,204,311,20,7,27,84,11,95,3,0,3,37,24,61,0,0,0,1,0,1,252,246,498,2020-10-31T23:00:00Z
16,487,Vinkovci,8118,6322,14440,282,180,462,34,17,51,58,53,111,462,624,1086,1,0,1,14,5,19,8969,7201,16170,2020-10-31T23:00:00Z
16,505,Vrbanja,233,157,390,30,11,41,72,13,85,2,0,2,24,21,45,0,0,0,0,0,0,361,202,563,2020-10-31T23:00:00Z
16,518,Vukovar,4307,4654,8961,273,140,413,70,31,101,27,38,65,392,381,773,0,0,0,6,4,10,5075,5248,10323,2020-10-31T23:00:00Z
16,534,Županja,2066,1575,3641,127,52,179,41,10,51,23,23,46,191,203,394,1,0,1,6,3,9,2455,1866,4321,2020-10-31T23:00:00Z
16,535,Otok (Vinkovci),381,331,712,36,19,55,59,14,73,8,1,9,64,46,110,0,0,0,0,2,2,548,413,961,2020-10-31T23:00:00Z
16,583,Privlaka,103,136,239,16,4,20,19,9,28,0,2,2,20,19,39,0,0,0,0,1,1,158,171,329,2020-10-31T23:00:00Z
16,584,Vođinci,44,167,211,15,2,17,6,4,10,0,1,1,11,12,23,0,0,0,0,0,0,76,186,262,2020-10-31T23:00:00Z
16,610,Markušica,50,57,107,9,3,12,47,14,61,0,1,1,13,13,26,0,0,0,2,0,2,121,88,209,2020-10-31T23:00:00Z
16,612,Negoslavci,18,33,51,5,0,5,12,3,15,1,0,1,16,13,29,0,0,0,0,0,0,52,49,101,2020-10-31T23:00:00Z
16,628,Štitar,100,53,153,6,0,6,11,3,14,0,1,1,9,7,16,0,0,0,0,0,0,126,64,190,2020-10-31T23:00:00Z
16,92,Drenovci,117,193,310,39,6,45,106,36,142,1,0,1,35,35,70,0,0,0,0,1,1,298,271,569,2020-10-31T23:00:00Z
17,100,Dugi Rat,605,612,1217,76,28,104,1,3,4,24,3,27,155,97,252,0,0,0,3,3,6,864,746,1610,2020-10-31T23:00:00Z
17,134,Gradac,153,217,370,34,14,48,5,1,6,3,1,4,21,35,56,0,0,0,0,3,3,216,271,487,2020-10-31T23:00:00Z
17,148,Hrvace,233,215,448,33,14,47,4,7,11,1,3,4,55,45,100,0,0,0,0,2,2,326,286,612,2020-10-31T23:00:00Z
17,153,Hvar,566,575,1141,167,64,231,15,10,25,17,8,25,136,121,257,1,0,1,4,11,15,906,789,1695,2020-10-31T23:00:00Z
17,155,Imotski,1261,1270,2531,140,87,227,13,8,21,32,14,46,128,236,364,0,0,0,11,11,22,1585,1626,3211,2020-10-31T23:00:00Z
17,171,Jelsa,306,266,572,84,19,103,30,11,41,10,0,10,96,48,144,0,0,0,5,5,10,531,349,880,2020-10-31T23:00:00Z
17,181,Kaštela,3328,3524,6852,446,199,645,20,13,33,130,38,168,498,507,1005,0,0,0,30,30,60,4452,4311,8763,2020-10-31T23:00:00Z
17,192,Klis,233,171,404,32,7,39,7,3,10,16,1,17,40,26,66,0,0,0,0,2,2,328,210,538,2020-10-31T23:00:00Z
17,197,Komiža,134,139,273,53,16,69,4,0,4,6,2,8,26,31,57,0,0,0,2,3,5,225,191,416,2020-10-31T23:00:00Z
17,243,Lovreć,127,84,211,16,8,24,4,0,4,2,0,2,20,12,32,0,0,0,2,1,3,171,105,276,2020-10-31T23:00:00Z
17,249,Makarska,2338,2272,4610,253,160,413,3,2,5,48,29,77,338,356,694,0,0,0,8,6,14,2988,2825,5813,2020-10-31T23:00:00Z
17,258,Marina,167,242,409,51,21,72,6,3,9,12,1,13,38,55,93,1,0,1,4,2,6,279,324,603,2020-10-31T23:00:00Z
17,267,Milna,96,83,179,20,4,24,4,1,5,2,0,2,17,19,36,0,0,0,4,1,5,143,108,251,2020-10-31T23:00:00Z
17,27,Bol,252,319,571,43,14,57,6,2,8,3,2,5,49,20,69,0,0,0,2,4,6,355,361,716,2020-10-31T23:00:00Z
17,280,Nerežišća,144,57,201,14,2,16,6,2,8,1,0,1,27,14,41,0,0,0,1,0,1,193,75,268,2020-10-31T23:00:00Z
17,300,Omiš,1438,1658,3096,213,79,292,11,4,15,42,17,59,301,305,606,0,0,0,5,4,9,2010,2067,4077,2020-10-31T23:00:00Z
17,314,Otok,236,208,444,42,17,59,10,0,10,4,0,4,66,49,115,0,0,0,0,0,0,358,274,632,2020-10-31T23:00:00Z
17,337,Podbablje,267,187,454,30,2,32,6,0,6,2,1,3,23,33,56,0,0,0,2,5,7,330,228,558,2020-10-31T23:00:00Z
17,339,Podgora,243,197,440,41,9,50,0,1,1,1,1,2,37,8,45,0,0,0,3,2,5,325,218,543,2020-10-31T23:00:00Z
17,341,Podstrana,766,641,1407,59,16,75,17,4,21,33,4,37,52,78,130,1,0,1,4,4,8,932,747,1679,2020-10-31T23:00:00Z
17,350,Postira,268,228,496,34,13,47,10,3,13,0,3,3,14,11,25,0,0,0,3,1,4,329,259,588,2020-10-31T23:00:00Z
17,358,Pučišća,231,123,354,40,6,46,6,5,11,7,0,7,34,13,47,0,0,0,2,0,2,320,147,467,2020-10-31T23:00:00Z
17,382,Seget,453,382,835,29,6,35,7,3,10,6,2,8,136,69,205,0,0,0,1,2,3,632,464,1096,2020-10-31T23:00:00Z
17,383,Selca,126,110,236,39,16,55,8,3,11,4,1,5,80,33,113,0,0,0,1,1,2,258,164,422,2020-10-31T23:00:00Z
17,389,Sinj,1895,1979,3874,248,130,378,53,15,68,41,44,85,300,370,670,0,0,0,8,22,30,2545,2560,5105,2020-10-31T23:00:00Z
17,406,Solin,3575,2978,6553,250,135,385,11,7,18,110,33,143,291,304,595,0,0,0,13,10,23,4250,3467,7717,2020-10-31T23:00:00Z
17,409,Split,34614,37092,71706,1460,1035,2495,62,42,104,2053,443,2496,1528,2211,3739,3,0,3,162,150,312,39882,40973,80855,2020-10-31T23:00:00Z
17,413,Stari Grad,300,281,581,56,22,78,20,13,33,7,3,10,43,38,81,0,0,0,4,11,15,430,368,798,2020-10-31T23:00:00Z
17,423,Sućuraj,21,22,43,21,2,23,3,2,5,1,0,1,12,7,19,0,0,0,0,0,0,58,33,91,2020-10-31T23:00:00Z
17,427,Supetar,569,685,1254,100,55,155,17,6,23,23,8,31,101,123,224,0,0,0,8,2,10,818,879,1697,2020-10-31T23:00:00Z
17,443,Šestanovac,142,163,305,27,4,31,8,0,8,1,2,3,20,23,43,0,0,0,2,0,2,200,192,392,2020-10-31T23:00:00Z
17,447,Šolta,180,121,301,16,5,21,10,3,13,13,1,14,5,16,21,0,0,0,1,1,2,225,147,372,2020-10-31T23:00:00Z
17,460,Trilj,455,538,993,107,29,136,19,7,26,8,3,11,99,141,240,0,0,0,1,7,8,689,725,1414,2020-10-31T23:00:00Z
17,463,Trogir,1896,1782,3678,298,129,427,13,4,17,75,37,112,323,407,730,0,0,0,15,21,36,2620,2380,5000,2020-10-31T23:00:00Z
17,492,Vis,228,253,481,37,15,52,15,3,18,5,2,7,35,25,60,0,0,0,2,1,3,322,299,621,2020-10-31T23:00:00Z
17,50,Cista Provo,117,145,262,26,2,28,8,1,9,0,0,0,5,10,15,0,0,0,1,3,4,157,161,318,2020-10-31T23:00:00Z
17,511,Vrgorac,938,689,1627,47,23,70,24,15,39,5,6,11,46,79,125,0,0,0,0,3,3,1060,815,1875,2020-10-31T23:00:00Z
17,513,Vrlika,109,225,334,17,3,20,11,4,15,2,0,2,27,3,30,0,0,0,1,0,1,167,235,402,2020-10-31T23:00:00Z
17,522,Zagvozd,140,70,210,16,2,18,2,0,2,0,0,0,13,9,22,0,0,0,0,1,1,171,82,253,2020-10-31T23:00:00Z
17,528,Zmijavci,86,107,193,7,2,9,2,1,3,2,0,2,25,8,33,0,0,0,0,1,1,122,119,241,2020-10-31T23:00:00Z
17,585,Dugopolje,1291,712,2003,29,11,40,5,5,10,11,1,12,62,51,113,0,0,0,0,0,0,1398,780,2178,2020-10-31T23:00:00Z
17,586,Lećevica,13,26,39,5,0,5,0,0,0,1,0,1,1,0,1,0,0,0,0,0,0,20,26,46,2020-10-31T23:00:00Z
17,587,Lokvičići,39,23,62,1,0,1,2,0,2,0,0,0,2,2,4,0,0,0,1,0,1,45,25,70,2020-10-31T23:00:00Z
17,588,Okrug,150,166,316,27,6,33,1,1,2,13,5,18,84,29,113,0,0,0,3,4,7,278,211,489,2020-10-31T23:00:00Z
17,589,Prgomet,37,30,67,8,0,8,2,1,3,0,0,0,2,2,4,0,0,0,0,0,0,49,33,82,2020-10-31T23:00:00Z
17,590,Primorski Dolac,15,27,42,4,1,5,1,1,2,1,1,2,3,4,7,0,0,0,0,0,0,24,34,58,2020-10-31T23:00:00Z
17,591,Runovići,77,67,144,7,3,10,0,1,1,1,2,3,26,34,60,0,0,0,0,1,1,111,108,219,2020-10-31T23:00:00Z
17,592,Sutivan,96,64,160,12,4,16,4,1,5,8,1,9,30,16,46,0,0,0,0,0,0,150,86,236,2020-10-31T23:00:00Z
17,593,Tučepi,214,197,411,20,10,30,1,1,2,3,4,7,31,19,50,0,0,0,0,0,0,269,231,500,2020-10-31T23:00:00Z
17,595,Zadvarje,29,24,53,8,1,9,0,1,1,0,0,0,12,7,19,0,0,0,0,0,0,49,33,82,2020-10-31T23:00:00Z
17,72,Dicmo,423,179,602,31,15,46,3,2,5,3,1,4,35,44,79,0,0,0,1,1,2,496,242,738,2020-10-31T23:00:00Z
17,77,Brela,182,157,339,23,6,29,0,1,1,1,1,2,18,15,33,0,0,0,1,1,2,225,181,406,2020-10-31T23:00:00Z
17,87,Muć,149,183,332,18,4,22,3,4,7,4,4,8,8,15,23,0,0,0,0,1,1,182,211,393,2020-10-31T23:00:00Z
17,88,Proložac,189,174,363,14,4,18,2,4,6,0,0,0,35,13,48,0,0,0,3,1,4,243,196,439,2020-10-31T23:00:00Z
17,9,Baška Voda,199,250,449,56,20,76,2,0,2,6,3,9,48,43,91,0,0,0,2,2,4,313,318,631,2020-10-31T23:00:00Z
18,132,Gračišće,42,27,69,30,3,33,11,3,14,0,0,0,38,10,48,0,0,0,1,0,1,122,43,165,2020-10-31T23:00:00Z
18,138,Grožnjan,24,20,44,15,2,17,12,4,16,0,0,0,10,12,22,0,0,0,0,2,2,61,40,101,2020-10-31T23:00:00Z
18,175,Kanfanar,442,179,621,25,7,32,4,0,4,2,0,2,21,17,38,0,0,0,3,1,4,497,204,701,2020-10-31T23:00:00Z
18,217,Kršan,320,308,628,45,12,57,7,5,12,2,0,2,97,51,148,0,0,0,2,4,6,473,380,853,2020-10-31T23:00:00Z
18,222,Labin,2554,2306,4860,240,110,350,18,10,28,29,35,64,266,219,485,0,0,0,10,9,19,3117,2689,5806,2020-10-31T23:00:00Z
18,223,Lanišće,12,14,26,4,0,4,2,0,2,0,0,0,8,1,9,0,0,0,0,1,1,26,16,42,2020-10-31T23:00:00Z
18,235,Ližnjan,126,132,258,11,4,15,2,0,2,4,0,4,19,33,52,0,0,0,1,0,1,163,169,332,2020-10-31T23:00:00Z
18,246,Lupoglav,168,94,262,11,6,17,8,3,11,0,1,1,13,12,25,0,0,0,0,1,1,200,117,317,2020-10-31T23:00:00Z
18,254,Marčana,161,164,325,36,14,50,3,2,5,5,1,6,32,23,55,0,0,0,2,1,3,239,205,444,2020-10-31T23:00:00Z
18,263,Medulin,559,528,1087,64,31,95,8,2,10,8,5,13,88,106,194,0,0,0,0,1,1,727,673,1400,2020-10-31T23:00:00Z
18,274,Motovun,90,92,182,35,13,48,20,5,25,0,0,0,36,27,63,0,0,0,2,2,4,183,139,322,2020-10-31T23:00:00Z
18,291,Novigrad,752,902,1654,114,44,158,19,4,23,2,8,10,125,90,215,0,0,0,9,7,16,1021,1055,2076,2020-10-31T23:00:00Z
18,304,Oprtalj,59,76,135,12,3,15,13,2,15,0,0,0,13,8,21,0,0,0,4,3,7,101,92,193,2020-10-31T23:00:00Z
18,321,Pazin,2034,1938,3972,285,111,396,50,21,71,13,24,37,303,201,504,0,0,0,6,13,19,2691,2308,4999,2020-10-31T23:00:00Z
18,330,Pićan,341,178,519,27,6,33,2,5,7,0,1,1,52,19,71,0,0,0,1,1,2,423,210,633,2020-10-31T23:00:00Z
18,348,Poreč,4556,4374,8930,557,274,831,48,18,66,61,54,115,446,403,849,0,0,0,18,16,34,5686,5139,10825,2020-10-31T23:00:00Z
18,359,Pula,12773,12395,25168,1126,589,1715,66,43,109,302,167,469,836,1052,1888,0,0,0,76,54,130,15179,14300,29479,2020-10-31T23:00:00Z
18,368,Raša,269,161,430,25,7,32,1,0,1,3,1,4,38,22,60,0,0,0,0,0,0,336,191,527,2020-10-31T23:00:00Z
18,374,Rovinj,2741,2830,5571,371,200,571,27,10,37,33,36,69,397,357,754,0,0,0,13,19,32,3582,3452,7034,2020-10-31T23:00:00Z
18,40,Brtonigla,144,101,245,35,15,50,25,8,33,1,1,2,35,38,73,0,0,0,1,1,2,241,164,405,2020-10-31T23:00:00Z
18,42,Buje,750,729,1479,87,44,131,26,12,38,6,11,17,59,63,122,0,0,0,4,7,11,932,866,1798,2020-10-31T23:00:00Z
18,43,Buzet,1587,1020,2607,163,66,229,22,16,38,7,5,12,100,98,198,0,0,0,9,8,17,1888,1213,3101,2020-10-31T23:00:00Z
18,431,Sveti Lovreč,44,60,104,20,10,30,2,1,3,0,1,1,32,17,49,0,0,0,0,0,0,98,89,187,2020-10-31T23:00:00Z
18,432,Sveta Nedelja,143,133,276,25,7,32,7,3,10,3,1,4,37,17,54,0,0,0,5,5,10,220,166,386,2020-10-31T23:00:00Z
18,433,Sveti Petar U Šumi,162,121,283,23,5,28,2,4,6,0,0,0,23,5,28,0,0,0,1,1,2,211,136,347,2020-10-31T23:00:00Z
18,435,Svetvinčenat,117,107,224,20,4,24,1,0,1,0,1,1,27,24,51,0,0,0,0,0,0,165,136,301,2020-10-31T23:00:00Z
18,453,Tinjan,189,107,296,37,8,45,4,0,4,1,3,4,52,28,80,0,0,0,1,0,1,284,146,430,2020-10-31T23:00:00Z
18,468,Umag,2475,2121,4596,354,147,501,29,14,43,30,33,63,277,296,573,0,0,0,19,18,37,3184,2629,5813,2020-10-31T23:00:00Z
18,47,Cerovlje,97,43,140,38,2,40,5,4,9,0,0,0,33,16,49,0,0,0,1,2,3,174,67,241,2020-10-31T23:00:00Z
18,497,Višnjan,253,247,500,43,12,55,9,4,13,1,1,2,86,31,117,0,0,0,4,1,5,396,296,692,2020-10-31T23:00:00Z
18,498,Vižinada,59,44,103,22,5,27,17,5,22,1,0,1,29,17,46,0,0,0,1,1,2,129,72,201,2020-10-31T23:00:00Z
18,5,Bale,104,92,196,22,14,36,3,2,5,0,0,0,34,13,47,0,0,0,1,1,2,164,122,286,2020-10-31T23:00:00Z
18,502,Vodnjan,680,556,1236,49,20,69,11,4,15,10,4,14,90,51,141,0,0,0,0,1,1,840,636,1476,2020-10-31T23:00:00Z
18,516,Vrsar,272,263,535,76,29,105,3,1,4,5,1,6,87,84,171,1,0,1,3,2,5,447,380,827,2020-10-31T23:00:00Z
18,531,Žminj,459,395,854,95,42,137,12,5,17,1,4,5,97,69,166,0,0,0,4,2,6,668,517,1185,2020-10-31T23:00:00Z
18,596,Karojba,88,77,165,34,6,40,2,1,3,0,0,0,51,9,60,0,0,0,1,0,1,176,93,269,2020-10-31T23:00:00Z
18,597,Kaštelir - Labinci,160,71,231,33,12,45,5,2,7,2,0,2,40,13,53,0,0,0,2,3,5,242,101,343,2020-10-31T23:00:00Z
18,6,Barban,218,115,333,39,6,45,10,4,14,0,1,1,19,26,45,0,0,0,3,1,4,289,153,442,2020-10-31T23:00:00Z
18,619,Fažana,254,194,448,21,11,32,0,1,1,4,2,6,41,63,104,0,0,0,0,2,2,320,273,593,2020-10-31T23:00:00Z
18,629,Funtana,104,100,204,15,6,21,1,0,1,0,0,0,19,22,41,0,0,0,2,1,3,141,129,270,2020-10-31T23:00:00Z
18,631,Tar-Vabriga,134,206,340,34,14,48,3,0,3,1,0,1,29,29,58,0,0,0,0,1,1,201,250,451,2020-10-31T23:00:00Z
19,198,Konavle,1067,818,1885,197,69,266,20,9,29,30,9,39,78,102,180,0,0,0,6,4,10,1398,1011,2409,2020-10-31T23:00:00Z
19,204,Korčula,620,820,1440,108,45,153,16,9,25,114,11,125,92,97,189,0,0,0,10,8,18,960,990,1950,2020-10-31T23:00:00Z
19,219,Kula Norinska,38,56,94,14,1,15,2,0,2,1,0,1,6,6,12,0,0,0,0,0,0,61,63,124,2020-10-31T23:00:00Z
19,226,Lastovo,61,89,150,18,8,26,2,1,3,4,1,5,6,4,10,0,0,0,2,4,6,93,107,200,2020-10-31T23:00:00Z
19,25,Blato,571,401,972,57,19,76,20,5,25,11,9,20,158,49,207,0,0,0,5,5,10,822,488,1310,2020-10-31T23:00:00Z
19,264,Metković,1926,1671,3597,176,98,274,31,21,52,39,20,59,322,270,592,0,0,0,4,7,11,2498,2087,4585,2020-10-31T23:00:00Z
19,268,Mljet,182,86,268,15,7,22,3,0,3,4,2,6,5,11,16,0,0,0,3,2,5,212,108,320,2020-10-31T23:00:00Z
19,306,Opuzen,500,490,990,29,15,44,44,21,65,5,1,6,24,38,62,0,0,0,1,0,1,603,565,1168,2020-10-31T23:00:00Z
19,308,Orebić,375,358,733,68,33,101,32,9,41,34,6,40,72,68,140,0,0,0,4,14,18,585,488,1073,2020-10-31T23:00:00Z
19,335,Ploče,1388,893,2281,76,42,118,17,3,20,32,7,39,76,133,209,0,0,0,2,4,6,1591,1082,2673,2020-10-31T23:00:00Z
19,343,Pojezerje,21,28,49,5,2,7,6,0,6,0,0,0,1,3,4,0,0,0,0,0,0,33,33,66,2020-10-31T23:00:00Z
19,399,Slivno,367,54,421,10,7,17,16,6,22,0,0,0,3,12,15,0,0,0,1,0,1,397,79,476,2020-10-31T23:00:00Z
19,402,Smokvica,25,76,101,10,1,11,12,6,18,4,0,4,28,6,34,0,0,0,5,3,8,84,92,176,2020-10-31T23:00:00Z
19,419,Ston,516,237,753,51,12,63,23,4,27,2,1,3,43,25,68,0,0,0,2,2,4,637,281,918,2020-10-31T23:00:00Z
19,474,Vela Luka,283,516,799,54,19,73,10,1,11,33,4,37,78,49,127,0,0,0,4,7,11,462,596,1058,2020-10-31T23:00:00Z
19,523,Zažablje,13,11,24,5,0,5,3,2,5,1,0,1,8,2,10,0,0,0,0,0,0,30,15,45,2020-10-31T23:00:00Z
19,598,Dubrovačko Primorje,149,97,246,23,4,27,5,6,11,12,3,15,34,19,53,0,0,0,0,2,2,223,131,354,2020-10-31T23:00:00Z
19,599,Janjina,319,72,391,11,4,15,13,3,16,2,1,3,5,11,16,0,0,0,2,0,2,352,91,443,2020-10-31T23:00:00Z
19,600,Lumbarda,53,58,111,35,12,47,8,1,9,8,0,8,21,9,30,0,0,0,5,4,9,130,84,214,2020-10-31T23:00:00Z
19,601,Trpanj,43,45,88,10,3,13,1,2,3,2,1,3,20,9,29,0,0,0,2,1,3,78,61,139,2020-10-31T23:00:00Z
19,602,Župa Dubrovačka,627,609,1236,117,62,179,5,5,10,52,2,54,69,70,139,1,0,1,8,1,9,879,749,1628,2020-10-31T23:00:00Z
19,98,Dubrovnik,9874,10303,20177,730,382,1112,30,13,43,514,80,594,546,626,1172,0,0,0,51,60,111,11745,11464,23209,2020-10-31T23:00:00Z
20,123,Goričan,311,143,454,7,3,10,8,2,10,0,2,2,14,12,26,0,0,0,0,0,0,340,162,502,2020-10-31T23:00:00Z
20,15,Belica,183,191,374,25,16,41,64,44,108,1,1,2,28,35,63,0,0,0,0,1,1,301,288,589,2020-10-31T23:00:00Z
20,206,Kotoriba,469,241,710,10,4,14,7,0,7,0,5,5,16,17,33,0,0,0,0,0,0,502,267,769,2020-10-31T23:00:00Z
20,250,Mala Subotica,485,958,1443,29,18,47,34,16,50,2,4,6,39,28,67,0,0,0,0,5,5,589,1029,1618,2020-10-31T23:00:00Z
20,276,Mursko Središće,790,759,1549,41,24,65,18,7,25,3,6,9,65,56,121,0,0,0,1,1,2,918,853,1771,2020-10-31T23:00:00Z
20,279,Nedelišće,1346,773,2119,96,38,134,40,18,58,2,6,8,148,69,217,0,0,0,2,8,10,1634,912,2546,2020-10-31T23:00:00Z
20,342,Podturen,196,87,283,21,6,27,18,16,34,1,3,4,55,42,97,0,0,0,0,2,2,291,156,447,2020-10-31T23:00:00Z
20,355,Prelog,2291,1625,3916,68,18,86,46,32,78,8,9,17,60,58,118,0,0,0,7,4,11,2480,1746,4226,2020-10-31T23:00:00Z
20,385,Selnica,131,126,257,6,7,13,8,7,15,1,3,4,13,18,31,0,0,0,0,1,1,159,162,321,2020-10-31T23:00:00Z
20,440,Sveti Juraj Na Bregu,262,154,416,28,12,40,13,7,20,2,2,4,49,64,113,0,0,0,0,1,1,354,240,594,2020-10-31T23:00:00Z
20,441,Sveti Martin Na Muri,533,310,843,10,8,18,13,6,19,0,2,2,28,37,65,0,0,0,1,3,4,585,366,951,2020-10-31T23:00:00Z
20,452,Štrigova,290,195,485,26,10,36,43,25,68,2,3,5,63,63,126,0,0,0,0,0,0,424,296,720,2020-10-31T23:00:00Z
20,504,Vratišinec,150,90,240,7,4,11,12,3,15,1,1,2,5,6,11,0,0,0,1,0,1,176,104,280,2020-10-31T23:00:00Z
20,60,Čakovec,9836,9368,19204,262,127,389,68,27,95,39,63,102,291,373,664,0,0,0,7,8,15,10503,9966,20469,2020-10-31T23:00:00Z
20,603,Dekanovec,71,76,147,5,3,8,9,6,15,0,0,0,5,3,8,0,0,0,0,1,1,90,89,179,2020-10-31T23:00:00Z
20,604,Gornji Mihaljevec,128,49,177,10,2,12,23,7,30,2,1,3,19,11,30,0,0,0,1,0,1,183,70,253,2020-10-31T23:00:00Z
20,605,Orehovica,86,119,205,14,2,16,28,15,43,1,3,4,45,20,65,0,0,0,1,2,3,175,161,336,2020-10-31T23:00:00Z
20,606,Strahoninec,242,128,370,12,4,16,3,1,4,0,1,1,40,11,51,0,0,0,0,2,2,297,147,444,2020-10-31T23:00:00Z
20,607,Sveta Marija,74,72,146,14,6,20,7,0,7,1,0,1,26,9,35,0,0,0,1,1,2,123,88,211,2020-10-31T23:00:00Z
20,608,Šenkovec,518,236,754,14,12,26,2,1,3,0,1,1,29,24,53,0,0,0,1,2,3,564,276,840,2020-10-31T23:00:00Z
20,620,Pribislavec,285,145,430,11,5,16,3,1,4,2,2,4,16,12,28,0,0,0,0,0,0,317,165,482,2020-10-31T23:00:00Z
20,75,Domašinec,328,121,449,7,9,16,18,12,30,0,1,1,18,10,28,0,0,0,3,3,6,374,156,530,2020-10-31T23:00:00Z
20,78,Donja Dubrava,177,229,406,15,6,21,7,3,10,0,1,1,12,12,24,0,0,0,0,0,0,211,251,462,2020-10-31T23:00:00Z
20,82,Donji Kraljevec,1340,582,1922,35,9,44,52,17,69,3,6,9,82,124,206,0,0,0,4,9,13,1516,747,2263,2020-10-31T23:00:00Z
20,89,Donji Vidovec,52,73,125,2,1,3,5,0,5,1,2,3,3,14,17,0,0,0,0,0,0,63,90,153,2020-10-31T23:00:00Z
21,133,Zagreb,223929,204131,428060,7840,5116,12956,302,193,495,2232,2117,4349,5651,7154,12805,18,2,20,406,556,962,240378,219269,459647,2020-10-31T23:00:00Z
01,101,Dugo Selo,2835,1963,4798,222,97,319,28,21,49,23,24,47,291,247,538,0,0,0,6,16,22,3405,2368,5773,2020-11-30T23:00:00Z
01,114,Farkaševac,176,234,410,7,4,11,29,12,41,0,2,2,38,14,52,0,0,0,0,0,0,250,266,516,2020-11-30T23:00:00Z
01,135,Gradec,165,129,294,13,3,16,13,7,20,0,1,1,38,19,57,0,0,0,0,0,0,229,159,388,2020-11-30T23:00:00Z
01,158,Ivanić-Grad,2956,1615,4571,92,74,166,52,30,82,8,19,27,143,195,338,0,0,0,10,10,20,3261,1943,5204,2020-11-30T23:00:00Z
01,163,Jakovlje,222,191,413,43,8,51,8,11,19,4,2,6,44,44,88,0,0,0,0,0,0,321,256,577,2020-11-30T23:00:00Z
01,169,Jastrebarsko,2175,1566,3741,213,117,330,61,33,94,16,19,35,243,236,479,0,0,0,6,9,15,2714,1980,4694,2020-11-30T23:00:00Z
01,190,Klinča Selo,191,152,343,37,7,44,6,3,9,0,0,0,76,53,129,0,0,0,0,1,1,310,216,526,2020-11-30T23:00:00Z
01,193,Kloštar Ivanić,370,287,657,24,9,33,20,6,26,1,11,12,59,44,103,0,0,0,2,0,2,476,357,833,2020-11-30T23:00:00Z
01,213,Križ,586,400,986,25,23,48,22,12,34,4,6,10,28,63,91,0,0,0,2,1,3,667,505,1172,2020-11-30T23:00:00Z
01,33,Brckovljani,303,308,611,8,4,12,0,0,0,0,2,2,25,15,40,0,0,0,0,0,0,336,329,665,2020-11-30T23:00:00Z
01,331,Pisarovina,393,288,681,27,17,44,24,20,44,1,2,3,23,28,51,0,0,0,2,3,5,470,358,828,2020-11-30T23:00:00Z
01,34,Brdovec,853,690,1543,101,33,134,13,8,21,3,7,10,81,61,142,0,0,0,3,4,7,1054,803,1857,2020-11-30T23:00:00Z
01,356,Preseka,18,9,27,5,2,7,13,12,25,0,1,1,18,6,24,0,0,0,1,1,2,55,31,86,2020-11-30T23:00:00Z
01,362,Pušča,167,194,361,28,14,42,8,2,10,1,3,4,53,27,80,0,0,0,0,0,0,257,240,497,2020-11-30T23:00:00Z
01,376,Rugvica,1006,442,1448,9,5,14,4,2,6,1,2,3,26,26,52,0,0,0,1,0,1,1047,477,1524,2020-11-30T23:00:00Z
01,380,Samobor,5284,3701,8985,487,291,778,28,24,52,43,72,115,536,506,1042,0,0,0,34,25,59,6412,4619,11031,2020-11-30T23:00:00Z
01,429,Sveti Ivan Zelina,2147,1858,4005,169,69,238,84,63,147,13,20,33,250,219,469,0,0,0,10,3,13,2673,2232,4905,2020-11-30T23:00:00Z
01,436,Sveta Nedjelja,5241,3124,8365,215,84,299,9,4,13,10,12,22,339,178,517,0,0,0,6,7,13,5820,3409,9229,2020-11-30T23:00:00Z
01,508,Vrbovec,2160,1900,4060,150,66,216,76,33,109,6,23,29,277,157,434,0,0,0,10,10,20,2679,2189,4868,2020-11-30T23:00:00Z
01,533,Krašić,263,184,447,28,9,37,17,11,28,4,4,8,27,30,57,0,0,0,1,1,2,340,239,579,2020-11-30T23:00:00Z
01,536,Rakovec,30,13,43,10,2,12,12,8,20,0,1,1,20,11,31,0,0,0,0,0,0,72,35,107,2020-11-30T23:00:00Z
01,539,Marija Gorica,88,82,170,14,2,16,0,0,0,1,1,2,21,24,45,0,0,0,0,0,0,124,109,233,2020-11-30T23:00:00Z
01,540,Žumberak,14,22,36,4,2,6,8,5,13,0,0,0,9,9,18,0,0,0,0,0,0,35,38,73,2020-11-30T23:00:00Z
01,541,Velika Gorica,7560,5986,13546,603,334,937,68,32,100,57,62,119,613,547,1160,0,0,0,29,20,49,8930,6981,15911,2020-11-30T23:00:00Z
01,542,Orle,44,34,78,15,1,16,9,6,15,0,0,0,11,4,15,0,0,0,0,0,0,79,45,124,2020-11-30T23:00:00Z
01,543,Zaprešić,3321,2874,6195,211,142,353,16,10,26,34,43,77,246,237,483,0,0,0,17,16,33,3845,3322,7167,2020-11-30T23:00:00Z
01,544,Pokupsko,47,80,127,10,6,16,14,8,22,0,0,0,10,9,19,0,0,0,0,0,0,81,103,184,2020-11-30T23:00:00Z
01,545,Kravarsko,108,92,200,30,7,37,8,8,16,0,0,0,68,14,82,0,0,0,1,0,1,215,121,336,2020-11-30T23:00:00Z
01,547,Bistra,349,535,884,45,24,69,7,5,12,2,8,10,63,50,113,1,0,1,2,3,5,469,625,1094,2020-11-30T23:00:00Z
01,548,Luka,246,77,323,14,2,16,2,4,6,1,1,2,21,16,37,0,0,0,0,0,0,284,100,384,2020-11-30T23:00:00Z
01,549,Dubravica,72,41,113,14,0,14,14,8,22,0,0,0,14,12,26,0,0,0,0,0,0,114,61,175,2020-11-30T23:00:00Z
01,550,Bedenica,195,147,342,12,5,17,7,7,14,1,1,2,18,12,30,0,0,0,0,0,0,233,172,405,2020-11-30T23:00:00Z
01,551,Stupnik,1262,486,1748,23,16,39,0,4,4,2,2,4,22,23,45,0,0,0,0,1,1,1309,532,1841,2020-11-30T23:00:00Z
01,97,Dubrava,303,321,624,42,20,62,65,39,104,4,13,17,72,69,141,0,0,0,4,8,12,490,470,960,2020-11-30T23:00:00Z
02,108,Đurmanec,116,132,248,58,11,69,1,2,3,3,1,4,103,95,198,0,0,0,1,0,1,282,241,523,2020-11-30T23:00:00Z
02,11,Bedekovčina,514,743,1257,89,39,128,7,9,16,5,8,13,131,117,248,0,0,0,4,3,7,750,919,1669,2020-11-30T23:00:00Z
02,125,Gornja Stubica,200,277,477,50,13,63,8,3,11,1,1,2,63,45,108,0,0,0,2,2,4,324,341,665,2020-11-30T23:00:00Z
02,146,Hraščina,47,43,90,8,2,10,2,4,6,0,1,1,4,7,11,0,0,0,0,0,0,61,57,118,2020-11-30T23:00:00Z
02,152,Hum Na Sutli,1614,585,2199,53,31,84,4,0,4,1,8,9,160,70,230,0,0,0,0,1,1,1832,695,2527,2020-11-30T23:00:00Z
02,187,Klanjec,300,248,548,66,24,90,9,7,16,5,1,6,69,47,116,0,0,0,0,4,4,449,331,780,2020-11-30T23:00:00Z
02,200,Konjščina,382,350,732,33,15,48,2,0,2,1,2,3,24,33,57,0,0,0,0,1,1,442,401,843,2020-11-30T23:00:00Z
02,208,Kraljevec Na Sutli,59,52,111,16,6,22,4,3,7,0,0,0,17,7,24,0,0,0,0,2,2,96,70,166,2020-11-30T23:00:00Z
02,211,Krapina,2721,2594,5315,170,83,253,6,4,10,18,21,39,206,174,380,0,0,0,2,2,4,3123,2878,6001,2020-11-30T23:00:00Z
02,212,Krapinske Toplice,571,1150,1721,69,34,103,3,8,11,0,5,5,114,74,188,0,0,0,0,0,0,757,1271,2028,2020-11-30T23:00:00Z
02,236,Lobor,169,215,384,19,9,28,5,5,10,0,0,0,29,14,43,0,0,0,1,1,2,223,244,467,2020-11-30T23:00:00Z
02,248,Mače,109,55,164,27,7,34,4,3,7,1,0,1,52,34,86,0,0,0,0,0,0,193,99,292,2020-11-30T23:00:00Z
02,256,Marija Bistrica,334,305,639,64,41,105,15,6,21,0,5,5,89,77,166,0,0,0,3,4,7,505,438,943,2020-11-30T23:00:00Z
02,265,Mihovljan,102,94,196,32,6,38,6,0,6,0,0,0,69,13,82,0,0,0,1,1,2,210,114,324,2020-11-30T23:00:00Z
02,311,Oroslavje,856,804,1660,77,36,113,9,2,11,5,8,13,99,74,173,0,0,0,3,3,6,1049,927,1976,2020-11-30T23:00:00Z
02,329,Petrovsko,72,49,121,16,2,18,1,0,1,4,0,4,52,11,63,0,0,0,1,0,1,146,62,208,2020-11-30T23:00:00Z
02,352,Pregrada,771,928,1699,109,31,140,5,3,8,6,7,13,153,101,254,0,0,0,0,4,4,1044,1074,2118,2020-11-30T23:00:00Z
02,364,Radoboj,133,99,232,18,10,28,1,1,2,1,2,3,53,20,73,0,0,0,0,1,1,206,133,339,2020-11-30T23:00:00Z
02,41,Budinščina,164,175,339,14,6,20,8,2,10,1,2,3,18,11,29,0,0,0,2,3,5,207,199,406,2020-11-30T23:00:00Z
02,422,Stubičke Toplice,238,398,636,31,15,46,1,1,2,4,6,10,67,27,94,0,0,0,1,1,2,342,448,790,2020-11-30T23:00:00Z
02,430,Sveti Križ Začretje,635,729,1364,72,22,94,9,5,14,2,3,5,134,96,230,0,0,0,5,1,6,857,856,1713,2020-11-30T23:00:00Z
02,466,Tuhelj,121,204,325,18,12,30,4,1,5,1,2,3,30,33,63,0,0,0,0,0,0,174,252,426,2020-11-30T23:00:00Z
02,481,Veliko Trgovišće,498,306,804,51,15,66,4,5,9,2,5,7,102,53,155,0,0,0,4,1,5,661,385,1046,2020-11-30T23:00:00Z
02,519,Zabok,2784,2663,5447,141,77,218,5,4,9,14,18,32,194,338,532,0,0,0,2,3,5,3140,3103,6243,2020-11-30T23:00:00Z
02,521,Zagorska Sela,13,56,69,7,1,8,6,1,7,0,1,1,14,4,18,0,0,0,0,0,0,40,63,103,2020-11-30T23:00:00Z
02,526,Zlatar,507,650,1157,92,43,135,21,14,35,8,9,17,93,74,167,0,0,0,2,3,5,723,793,1516,2020-11-30T23:00:00Z
02,527,Zlatar Bistrica,365,573,938,26,9,35,3,2,5,4,1,5,70,40,110,0,0,0,2,4,6,470,629,1099,2020-11-30T23:00:00Z
02,552,Jesenje,58,57,115,10,1,11,0,1,1,0,0,0,50,6,56,0,0,0,0,0,0,118,65,183,2020-11-30T23:00:00Z
02,553,Kumrovec,86,97,183,18,6,24,2,0,2,2,1,3,23,17,40,0,0,0,0,0,0,131,121,252,2020-11-30T23:00:00Z
02,554,Novi Golubovec,139,53,192,5,2,7,1,0,1,0,0,0,6,2,8,0,0,0,0,0,0,151,57,208,2020-11-30T23:00:00Z
02,70,Desinić,145,284,429,32,7,39,9,2,11,2,1,3,31,25,56,0,0,0,0,1,1,219,320,539,2020-11-30T23:00:00Z
02,79,Donja Stubica,787,749,1536,93,47,140,6,3,9,6,3,9,99,59,158,0,0,0,2,3,5,993,864,1857,2020-11-30T23:00:00Z
03,102,Dvor,258,132,390,13,4,17,64,18,82,0,3,3,9,11,20,0,0,0,3,1,4,347,169,516,2020-11-30T23:00:00Z
03,121,Glina,1112,695,1807,36,20,56,56,23,79,3,14,17,68,73,141,0,0,0,1,0,1,1276,825,2101,2020-11-30T23:00:00Z
03,149,Hrvatska Dubica,94,87,181,8,2,10,12,3,15,0,0,0,5,4,9,0,0,0,0,0,0,119,96,215,2020-11-30T23:00:00Z
03,150,Hrvatska Kostajnica,315,292,607,17,9,26,12,2,14,1,3,4,6,16,22,0,0,0,2,0,2,353,322,675,2020-11-30T23:00:00Z
03,168,Jasenovac,135,150,285,12,3,15,12,7,19,0,0,0,13,7,20,0,0,0,0,0,0,172,167,339,2020-11-30T23:00:00Z
03,220,Kutina,3622,2865,6487,170,105,275,40,22,62,33,23,56,195,247,442,1,0,1,10,8,18,4071,3270,7341,2020-11-30T23:00:00Z
03,228,Lekenik,286,228,514,34,10,44,7,11,18,1,5,6,32,27,59,0,0,0,0,2,2,360,283,643,2020-11-30T23:00:00Z
03,232,Lipovljani,289,260,549,26,11,37,11,3,14,1,0,1,28,39,67,0,0,0,0,1,1,355,314,669,2020-11-30T23:00:00Z
03,259,Martinska Ves,137,69,206,9,2,11,32,18,50,1,0,1,37,14,51,0,0,0,0,0,0,216,103,319,2020-11-30T23:00:00Z
03,293,Novska,1303,1013,2316,163,93,256,31,12,43,8,19,27,242,239,481,0,0,0,5,3,8,1752,1379,3131,2020-11-30T23:00:00Z
03,328,Petrinja,1489,1683,3172,208,82,290,64,20,84,7,27,34,268,264,532,0,0,0,10,9,19,2046,2085,4131,2020-11-30T23:00:00Z
03,347,Popovača,906,962,1868,82,38,120,47,16,63,7,10,17,94,115,209,0,0,0,7,3,10,1143,1144,2287,2020-11-30T23:00:00Z
03,391,Sisak,6953,8158,15111,360,216,576,104,64,168,47,80,127,584,575,1159,0,0,0,21,20,41,8069,9113,17182,2020-11-30T23:00:00Z
03,426,Sunja,172,138,310,24,8,32,41,36,77,1,3,4,19,25,44,0,0,0,2,0,2,259,210,469,2020-11-30T23:00:00Z
03,457,Topusko,244,322,566,19,6,25,4,2,6,3,0,3,29,30,59,0,0,0,0,0,0,299,360,659,2020-11-30T23:00:00Z
03,477,Velika Ludina,106,135,241,10,8,18,13,4,17,0,0,0,29,24,53,0,0,0,0,0,0,158,171,329,2020-11-30T23:00:00Z
03,510,Gvozd,95,110,205,7,3,10,21,3,24,0,0,0,12,10,22,0,0,0,2,0,2,137,126,263,2020-11-30T23:00:00Z
03,555,Majur,101,100,201,0,1,1,5,1,6,0,0,0,2,0,2,0,0,0,0,0,0,108,102,210,2020-11-30T23:00:00Z
03,83,Donji Kukuruzari,38,44,82,4,0,4,4,3,7,0,0,0,2,2,4,0,0,0,1,0,1,49,49,98,2020-11-30T23:00:00Z
04,120,Generalski Stol,35,65,100,20,6,26,1,0,1,0,1,1,22,13,35,0,0,0,0,0,0,78,85,163,2020-11-30T23:00:00Z
04,172,Josipdol,203,155,358,28,17,45,3,9,12,2,1,3,46,56,102,0,0,0,0,1,1,282,239,521,2020-11-30T23:00:00Z
04,179,Karlovac,10537,8660,19197,396,281,677,74,50,124,73,93,166,599,781,1380,0,0,0,19,23,42,11698,9888,21586,2020-11-30T23:00:00Z
04,216,Krnjak,113,70,183,2,2,4,6,3,9,0,0,0,10,4,14,0,0,0,0,0,0,131,79,210,2020-11-30T23:00:00Z
04,225,Lasinja,65,46,111,5,2,7,0,5,5,2,0,2,7,7,14,0,0,0,0,0,0,79,60,139,2020-11-30T23:00:00Z
04,281,Netretić,71,87,158,15,3,18,3,1,4,1,1,2,40,32,72,0,0,0,0,0,0,130,124,254,2020-11-30T23:00:00Z
04,297,Ogulin,1770,1698,3468,149,83,232,32,14,46,8,29,37,140,174,314,0,0,0,5,7,12,2104,2005,4109,2020-11-30T23:00:00Z
04,30,Bosiljevo,107,92,199,5,0,5,0,0,0,1,0,1,30,25,55,0,0,0,0,0,0,143,117,260,2020-11-30T23:00:00Z
04,315,Ozalj,802,590,1392,86,30,116,20,16,36,4,10,14,120,99,219,0,0,0,5,4,9,1037,749,1786,2020-11-30T23:00:00Z
04,333,Plaški,77,95,172,10,4,14,9,2,11,0,0,0,29,25,54,0,0,0,0,0,0,125,126,251,2020-11-30T23:00:00Z
04,365,Rakovica,130,111,241,5,12,17,3,3,6,0,1,1,56,43,99,0,0,0,1,0,1,195,170,365,2020-11-30T23:00:00Z
04,378,Saborsko,15,13,28,2,1,3,1,0,1,0,0,0,7,1,8,0,0,0,0,0,0,25,15,40,2020-11-30T23:00:00Z
04,400,Slunj,333,391,724,47,16,63,24,15,39,3,5,8,124,85,209,0,0,0,2,14,16,533,526,1059,2020-11-30T23:00:00Z
04,49,Cetingrad,62,49,111,7,1,8,3,4,7,0,0,0,9,9,18,0,0,0,0,0,0,81,63,144,2020-11-30T23:00:00Z
04,503,Vojnić,378,241,619,21,13,34,38,9,47,2,0,2,25,31,56,0,0,0,1,4,5,465,298,763,2020-11-30T23:00:00Z
04,530,Žakanje,137,93,230,24,13,37,7,1,8,0,0,0,28,34,62,0,0,0,0,1,1,196,142,338,2020-11-30T23:00:00Z
04,556,Ribnik,6,3,9,10,4,14,1,2,3,0,0,0,8,13,21,0,0,0,0,0,0,25,22,47,2020-11-30T23:00:00Z
04,557,Tounj,69,27,96,3,0,3,0,0,0,0,0,0,3,4,7,0,0,0,0,0,0,75,31,106,2020-11-30T23:00:00Z
04,623,Kamanje,160,105,265,3,3,6,0,0,0,0,0,0,3,15,18,0,0,0,0,0,0,166,123,289,2020-11-30T23:00:00Z
04,7,Barilovići,274,154,428,21,9,30,7,1,8,0,1,1,122,32,154,0,0,0,0,0,0,424,197,621,2020-11-30T23:00:00Z
04,90,Draganić,130,109,239,13,4,17,7,3,10,1,2,3,22,36,58,0,0,0,0,0,0,173,154,327,2020-11-30T23:00:00Z
04,99,Duga Resa,1103,983,2086,134,62,196,17,12,29,5,16,21,190,200,390,0,0,0,4,7,11,1453,1280,2733,2020-11-30T23:00:00Z
05,12,Bednja,206,156,362,23,9,32,2,8,10,2,1,3,16,22,38,0,0,0,0,0,0,249,196,445,2020-11-30T23:00:00Z
05,129,Gornji Kneginec,515,1237,1752,46,25,71,11,4,15,1,7,8,84,58,142,0,0,0,6,6,12,663,1337,2000,2020-11-30T23:00:00Z
05,151,Breznički Hum,194,145,339,15,5,20,8,8,16,0,2,2,20,17,37,0,0,0,3,4,7,240,181,421,2020-11-30T23:00:00Z
05,156,Ivanec,1934,1723,3657,156,65,221,14,11,25,12,17,29,290,258,548,0,0,0,8,15,23,2414,2089,4503,2020-11-30T23:00:00Z
05,165,Jalžabet,734,1015,1749,21,3,24,11,5,16,0,3,3,35,20,55,0,0,0,0,1,1,801,1047,1848,2020-11-30T23:00:00Z
05,189,Klenovnik,94,53,147,8,4,12,1,1,2,1,1,2,24,26,50,0,0,0,2,0,2,130,85,215,2020-11-30T23:00:00Z
05,19,Beretinec,68,37,105,19,2,21,3,3,6,0,1,1,17,21,38,0,0,0,1,1,2,108,65,173,2020-11-30T23:00:00Z
05,229,Lepoglava,1184,568,1752,51,30,81,7,4,11,1,5,6,100,75,175,0,0,0,2,7,9,1345,689,2034,2020-11-30T23:00:00Z
05,244,Ludbreg,1760,1441,3201,105,59,164,42,36,78,9,14,23,235,175,410,0,0,0,5,9,14,2156,1734,3890,2020-11-30T23:00:00Z
05,247,Ljubešćica,320,134,454,30,6,36,1,0,1,1,3,4,106,27,133,0,0,0,1,0,1,459,170,629,2020-11-30T23:00:00Z
05,251,Mali Bukovec,35,85,120,14,6,20,28,16,44,0,3,3,101,36,137,0,0,0,0,1,1,178,147,325,2020-11-30T23:00:00Z
05,260,Maruševec,360,273,633,47,25,72,25,27,52,3,5,8,100,43,143,0,0,0,4,2,6,539,375,914,2020-11-30T23:00:00Z
05,289,Novi Marof,1216,1206,2422,155,66,221,18,10,28,8,13,21,276,173,449,0,0,0,6,3,9,1679,1471,3150,2020-11-30T23:00:00Z
05,326,Petrijanec,379,641,1020,26,7,33,19,9,28,1,3,4,87,81,168,0,0,0,0,1,1,512,742,1254,2020-11-30T23:00:00Z
05,36,Breznica,158,51,209,17,3,20,5,6,11,1,6,7,19,12,31,0,0,0,0,0,0,200,78,278,2020-11-30T23:00:00Z
05,410,Sračinec,243,245,488,42,10,52,2,2,4,1,6,7,79,58,137,0,0,0,0,2,2,367,323,690,2020-11-30T23:00:00Z
05,437,Sveti Đurđ,76,89,165,30,4,34,30,9,39,3,1,4,38,32,70,0,0,0,1,0,1,178,135,313,2020-11-30T23:00:00Z
05,438,Sveti Ilija,146,155,301,13,8,21,2,1,3,0,4,4,49,26,75,0,0,0,1,0,1,211,194,405,2020-11-30T23:00:00Z
05,462,Trnovec Bartolovečki,1328,1555,2883,67,13,80,17,7,24,2,4,6,200,87,287,0,0,0,0,1,1,1614,1667,3281,2020-11-30T23:00:00Z
05,472,Varaždin,16268,15103,31371,483,325,808,39,22,61,76,124,200,534,621,1155,0,0,0,22,18,40,17422,16213,33635,2020-11-30T23:00:00Z
05,473,Varaždinske Toplice,584,439,1023,48,17,65,9,7,16,2,8,10,194,49,243,0,0,0,3,2,5,840,522,1362,2020-11-30T23:00:00Z
05,48,Cestica,414,361,775,47,24,71,14,19,33,1,4,5,94,76,170,0,0,0,0,2,2,570,486,1056,2020-11-30T23:00:00Z
05,484,Vidovec,212,225,437,53,16,69,70,32,102,1,5,6,112,87,199,0,0,0,0,0,0,448,365,813,2020-11-30T23:00:00Z
05,486,Vinica,264,211,475,23,10,33,6,5,11,1,5,6,30,22,52,0,0,0,0,1,1,324,254,578,2020-11-30T23:00:00Z
05,493,Visoko,91,45,136,16,0,16,5,4,9,0,0,0,24,22,46,0,0,0,1,0,1,137,71,208,2020-11-30T23:00:00Z
05,558,Veliki Bukovec,410,311,721,5,3,8,29,15,44,0,2,2,35,26,61,0,0,0,0,0,0,479,357,836,2020-11-30T23:00:00Z
05,80,Donja Voća,89,52,141,8,1,9,7,9,16,0,1,1,29,20,49,0,0,0,0,0,0,133,83,216,2020-11-30T23:00:00Z
05,85,Donji Martijanec,336,177,513,25,8,33,25,6,31,1,2,3,57,33,90,0,0,0,0,0,0,444,226,670,2020-11-30T23:00:00Z
06,104,Đelekovec,24,46,70,18,6,24,47,13,60,0,2,2,16,9,25,0,0,0,4,1,5,109,77,186,2020-11-30T23:00:00Z
06,107,Đurđevac,1308,1047,2355,80,41,121,82,55,137,11,11,22,82,80,162,0,0,0,14,8,22,1577,1242,2819,2020-11-30T23:00:00Z
06,115,Ferdinandovac,29,81,110,9,2,11,47,34,81,1,1,2,8,5,13,0,0,0,1,0,1,95,123,218,2020-11-30T23:00:00Z
06,122,Gola,167,150,317,11,2,13,95,42,137,0,3,3,7,19,26,0,0,0,2,0,2,282,216,498,2020-11-30T23:00:00Z
06,145,Hlebine,10,20,30,1,0,1,13,6,19,1,0,1,0,11,11,0,0,0,1,1,2,26,38,64,2020-11-30T23:00:00Z
06,194,Kloštar Podravski,164,144,308,20,10,30,44,38,82,0,1,1,26,41,67,0,0,0,1,1,2,255,235,490,2020-11-30T23:00:00Z
06,201,Koprivnica,7072,7460,14532,325,176,501,60,28,88,63,75,138,383,422,805,0,1,1,15,17,32,7918,8179,16097,2020-11-30T23:00:00Z
06,202,Koprivnički Bregi,72,78,150,14,5,19,23,5,28,0,1,1,28,11,39,0,0,0,0,0,0,137,100,237,2020-11-30T23:00:00Z
06,203,Koprivnički Ivanec,58,53,111,24,2,26,21,6,27,0,1,1,26,11,37,0,0,0,0,1,1,129,74,203,2020-11-30T23:00:00Z
06,214,Križevci,3260,3462,6722,160,94,254,247,196,443,13,28,41,237,212,449,0,0,0,10,7,17,3927,3999,7926,2020-11-30T23:00:00Z
06,227,Legrad,52,72,124,12,4,16,22,10,32,0,2,2,23,18,41,0,0,0,0,0,0,109,106,215,2020-11-30T23:00:00Z
06,270,Molve,217,111,328,7,9,16,63,31,94,1,3,4,45,21,66,0,0,0,2,1,3,335,176,511,2020-11-30T23:00:00Z
06,292,Novigrad Podravski,95,125,220,10,2,12,20,11,31,0,2,2,16,16,32,0,0,0,0,0,0,141,156,297,2020-11-30T23:00:00Z
06,324,Peteranec,75,41,116,14,4,18,21,9,30,0,0,0,27,9,36,0,0,0,0,1,1,137,64,201,2020-11-30T23:00:00Z
06,366,Rasinja,54,74,128,18,4,22,57,23,80,1,1,2,23,25,48,0,0,0,2,2,4,155,129,284,2020-11-30T23:00:00Z
06,405,Sokolovac,214,74,288,16,2,18,43,20,63,4,3,7,28,10,38,0,0,0,0,1,1,305,110,415,2020-11-30T23:00:00Z
06,439,Sveti Ivan Žabno,264,196,460,37,18,55,102,63,165,1,3,4,51,52,103,0,0,0,0,1,1,455,333,788,2020-11-30T23:00:00Z
06,442,Sveti Petar Orehovec,123,102,225,30,5,35,155,144,299,0,1,1,29,16,45,0,0,0,1,0,1,338,268,606,2020-11-30T23:00:00Z
06,490,Virje,278,202,480,29,9,38,46,28,74,3,2,5,29,36,65,0,0,0,1,2,3,386,279,665,2020-11-30T23:00:00Z
06,559,Kalinovac,411,103,514,4,2,6,10,2,12,0,0,0,7,10,17,0,0,0,1,0,1,433,117,550,2020-11-30T23:00:00Z
06,560,Kalnik,41,53,94,3,4,7,19,27,46,0,1,1,6,4,10,0,0,0,0,0,0,69,89,158,2020-11-30T23:00:00Z
06,561,Novo Virje,47,39,86,2,0,2,43,27,70,0,0,0,14,5,19,0,0,0,0,1,1,106,72,178,2020-11-30T23:00:00Z
06,616,Podravske Sesvete,99,93,192,2,5,7,23,15,38,2,0,2,6,10,16,0,0,0,0,1,1,132,124,256,2020-11-30T23:00:00Z
06,618,Gornja Reka,80,78,158,6,3,9,9,8,17,0,0,0,7,4,11,0,0,0,0,0,0,102,93,195,2020-11-30T23:00:00Z
06,96,Drnje,105,108,213,9,1,10,19,9,28,0,4,4,8,10,18,0,0,0,0,0,0,141,132,273,2020-11-30T23:00:00Z
07,105,Đulovac,246,61,307,9,7,16,34,12,46,1,5,6,103,22,125,0,0,0,0,0,0,393,107,500,2020-11-30T23:00:00Z
07,119,Garešnica,1055,1058,2113,53,32,85,60,36,96,15,19,34,97,120,217,0,0,0,3,5,8,1283,1270,2553,2020-11-30T23:00:00Z
07,139,Grubišno Polje,583,479,1062,32,23,55,107,45,152,6,6,12,74,70,144,0,0,0,3,4,7,805,627,1432,2020-11-30T23:00:00Z
07,144,Hercegovac,129,173,302,17,4,21,49,16,65,1,2,3,42,39,81,0,0,0,1,2,3,239,236,475,2020-11-30T23:00:00Z
07,161,Ivanska,124,87,211,4,3,7,49,13,62,2,2,4,83,24,107,0,0,0,2,2,4,264,131,395,2020-11-30T23:00:00Z
07,176,Kapela,87,93,180,4,3,7,48,29,77,0,1,1,17,8,25,0,0,0,2,0,2,158,134,292,2020-11-30T23:00:00Z
07,18,Berek,56,57,113,5,1,6,21,19,40,0,0,0,8,7,15,0,0,0,0,0,0,90,84,174,2020-11-30T23:00:00Z
07,199,Končanica,109,89,198,8,2,10,34,17,51,0,2,2,18,15,33,0,0,0,2,1,3,171,126,297,2020-11-30T23:00:00Z
07,24,Bjelovar,7017,6712,13729,291,171,462,206,114,320,56,84,140,408,501,909,1,0,1,18,16,34,7997,7598,15595,2020-11-30T23:00:00Z
07,287,Nova Rača,101,119,220,8,1,9,83,33,116,0,2,2,32,13,45,0,0,0,0,0,0,224,168,392,2020-11-30T23:00:00Z
07,375,Rovišće,184,222,406,25,11,36,54,35,89,1,3,4,21,40,61,0,0,0,0,1,1,285,312,597,2020-11-30T23:00:00Z
07,390,Sirač,258,136,394,11,2,13,8,3,11,2,0,2,25,7,32,0,0,0,0,2,2,304,150,454,2020-11-30T23:00:00Z
07,450,Štefanje,45,50,95,7,2,9,33,14,47,0,2,2,30,19,49,0,0,0,0,0,0,115,87,202,2020-11-30T23:00:00Z
07,478,Velika Pisanica,69,80,149,3,2,5,34,16,50,1,0,1,8,8,16,0,0,0,0,0,0,115,106,221,2020-11-30T23:00:00Z
07,480,Veliki Grđevac,147,116,263,9,4,13,75,33,108,1,2,3,69,24,93,0,0,0,1,0,1,302,179,481,2020-11-30T23:00:00Z
07,483,Veliko Trojstvo,58,106,164,15,4,19,12,13,25,0,0,0,44,23,67,0,0,0,1,1,2,130,147,277,2020-11-30T23:00:00Z
07,562,Severin,80,26,106,1,0,1,16,13,29,0,0,0,13,34,47,0,0,0,0,0,0,110,73,183,2020-11-30T23:00:00Z
07,564,Šandrovac,28,54,82,4,0,4,11,8,19,1,0,1,15,6,21,0,0,0,0,0,0,59,68,127,2020-11-30T23:00:00Z
07,565,Velika Trnovitica,63,51,114,7,1,8,33,22,55,1,0,1,22,10,32,0,0,0,1,1,2,127,85,212,2020-11-30T23:00:00Z
07,566,Zrinski Topolovac,7,21,28,2,1,3,35,20,55,0,0,0,5,2,7,0,0,0,2,0,2,51,44,95,2020-11-30T23:00:00Z
07,63,Čazma,1184,809,1993,53,18,71,63,44,107,6,7,13,97,69,166,0,0,0,3,2,5,1406,949,2355,2020-11-30T23:00:00Z
07,67,Daruvar,1457,1694,3151,84,52,136,47,21,68,18,21,39,142,174,316,0,0,0,3,5,8,1751,1967,3718,2020-11-30T23:00:00Z
07,71,Dežanovac,114,81,195,10,2,12,73,41,114,1,0,1,37,15,52,0,0,0,0,1,1,235,140,375,2020-11-30T23:00:00Z
08,117,Fužine,252,195,447,17,10,27,0,2,2,6,1,7,18,21,39,0,0,0,1,0,1,294,229,523,2020-11-30T23:00:00Z
08,170,Jelenje,269,246,515,97,40,137,5,3,8,29,8,37,62,40,102,0,0,0,3,2,5,465,339,804,2020-11-30T23:00:00Z
08,180,Kastav,1043,795,1838,124,57,181,4,1,5,55,9,64,106,78,184,3,0,3,7,6,13,1342,946,2288,2020-11-30T23:00:00Z
08,186,Klana,408,222,630,23,8,31,2,1,3,3,2,5,13,11,24,0,0,0,1,1,2,450,245,695,2020-11-30T23:00:00Z
08,209,Kraljevica,339,254,593,38,26,64,2,1,3,53,8,61,22,30,52,1,0,1,1,8,9,456,327,783,2020-11-30T23:00:00Z
08,215,Krk,1869,1142,3011,216,79,295,13,8,21,30,14,44,247,168,415,0,0,0,9,9,18,2384,1420,3804,2020-11-30T23:00:00Z
08,237,Lokve,110,98,208,12,5,17,0,0,0,0,2,2,10,11,21,0,0,0,0,1,1,132,117,249,2020-11-30T23:00:00Z
08,242,Lovran,393,575,968,79,25,104,2,3,5,15,10,25,40,57,97,0,0,0,4,8,12,533,678,1211,2020-11-30T23:00:00Z
08,252,Mali Lošinj,1315,1324,2639,222,74,296,27,9,36,38,16,54,161,146,307,0,0,0,12,6,18,1775,1575,3350,2020-11-30T23:00:00Z
08,253,Malinska-Dubašnica,483,760,1243,127,55,182,8,8,16,10,4,14,148,122,270,0,0,0,8,3,11,784,952,1736,2020-11-30T23:00:00Z
08,261,Matulji,1437,1042,2479,209,117,326,14,6,20,44,16,60,159,171,330,0,0,0,8,12,20,1871,1364,3235,2020-11-30T23:00:00Z
08,273,Mošćenička Draga,76,53,129,49,11,60,0,1,1,5,2,7,38,15,53,0,0,0,3,5,8,171,87,258,2020-11-30T23:00:00Z
08,275,Mrkopalj,63,43,106,16,2,18,2,0,2,2,0,2,11,10,21,0,0,0,1,0,1,95,55,150,2020-11-30T23:00:00Z
08,290,Novi Vinodolski,484,387,871,101,46,147,6,4,10,14,7,21,98,64,162,0,0,0,1,4,5,704,512,1216,2020-11-30T23:00:00Z
08,301,Omišalj,610,370,980,76,19,95,2,0,2,16,6,22,68,33,101,0,0,0,1,3,4,773,431,1204,2020-11-30T23:00:00Z
08,302,Opatija,2053,2537,4590,179,103,282,8,4,12,65,29,94,93,144,237,0,1,1,12,17,29,2410,2835,5245,2020-11-30T23:00:00Z
08,360,Punat,289,139,428,54,21,75,4,0,4,8,1,9,57,32,89,0,0,0,1,1,2,413,194,607,2020-11-30T23:00:00Z
08,363,Rab,923,1031,1954,282,74,356,13,4,17,13,12,25,203,158,361,0,0,0,12,10,22,1446,1289,2735,2020-11-30T23:00:00Z
08,369,Ravna Gora,274,289,563,30,10,40,2,0,2,1,1,2,47,29,76,0,0,0,2,2,4,356,331,687,2020-11-30T23:00:00Z
08,373,Rijeka,27148,27916,55064,1164,972,2136,28,17,45,1027,370,1397,894,1295,2189,19,0,19,101,134,235,30381,30704,61085,2020-11-30T23:00:00Z
08,38,Brod Moravice,40,43,83,11,1,12,0,0,0,0,1,1,25,8,33,0,0,0,1,0,1,77,53,130,2020-11-30T23:00:00Z
08,393,Skrad,43,39,82,5,3,8,1,1,2,1,1,2,3,7,10,0,0,0,0,0,0,53,51,104,2020-11-30T23:00:00Z
08,4,Bakar,1932,912,2844,59,36,95,3,0,3,81,11,92,76,67,143,0,0,0,5,9,14,2156,1035,3191,2020-11-30T23:00:00Z
08,488,Vinodolska Općina,176,150,326,55,19,74,1,0,1,7,1,8,42,10,52,1,0,1,2,3,5,284,183,467,2020-11-30T23:00:00Z
08,495,Viškovo,1669,1066,2735,188,95,283,4,4,8,55,16,71,160,122,282,0,0,0,7,12,19,2083,1315,3398,2020-11-30T23:00:00Z
08,507,Vrbnik,129,81,210,30,10,40,8,6,14,2,0,2,25,20,45,0,0,0,0,1,1,194,118,312,2020-11-30T23:00:00Z
08,509,Vrbovsko,380,294,674,57,20,77,3,3,6,2,5,7,70,43,113,0,0,0,1,0,1,513,365,878,2020-11-30T23:00:00Z
08,52,Cres,503,391,894,76,23,99,12,3,15,11,3,14,42,63,105,0,0,0,6,4,10,650,487,1137,2020-11-30T23:00:00Z
08,53,Crikvenica,1139,1501,2640,208,112,320,4,1,5,41,23,64,185,161,346,0,0,0,5,15,20,1582,1813,3395,2020-11-30T23:00:00Z
08,538,Kostrena,383,265,648,32,21,53,2,0,2,84,7,91,19,26,45,0,0,0,1,3,4,521,322,843,2020-11-30T23:00:00Z
08,55,Čabar,369,286,655,51,18,69,2,3,5,5,0,5,146,50,196,0,0,0,1,2,3,574,359,933,2020-11-30T23:00:00Z
08,61,Čavle,642,489,1131,82,50,132,1,1,2,32,9,41,97,83,180,0,0,0,1,2,3,855,634,1489,2020-11-30T23:00:00Z
08,624,Lopar,53,37,90,18,3,21,0,0,0,1,0,1,12,14,26,0,0,0,1,0,1,85,54,139,2020-11-30T23:00:00Z
08,69,Delnice,1132,745,1877,75,44,119,4,1,5,11,14,25,72,94,166,0,0,0,3,7,10,1297,905,2202,2020-11-30T23:00:00Z
08,74,Dobrinj,113,57,170,45,18,63,0,2,2,5,3,8,84,42,126,0,0,0,3,2,5,250,124,374,2020-11-30T23:00:00Z
08,8,Baška,157,178,335,43,23,66,6,2,8,4,4,8,24,27,51,0,0,0,6,2,8,240,236,476,2020-11-30T23:00:00Z
09,130,Gospić,2226,2230,4456,102,56,158,69,36,105,12,9,21,127,155,282,0,0,0,8,7,15,2544,2493,5037,2020-11-30T23:00:00Z
09,178,Karlobag,76,73,149,9,3,12,6,1,7,4,0,4,7,4,11,0,0,0,0,2,2,102,83,185,2020-11-30T23:00:00Z
09,240,Lovinac,178,68,246,2,0,2,2,1,3,1,0,1,2,1,3,0,0,0,0,0,0,185,70,255,2020-11-30T23:00:00Z
09,288,Novalja,624,516,1140,120,23,143,22,7,29,3,3,6,153,70,223,0,0,0,5,7,12,927,626,1553,2020-11-30T23:00:00Z
09,313,Otočac,839,883,1722,95,36,131,50,25,75,8,7,15,122,116,238,0,0,0,5,7,12,1119,1074,2193,2020-11-30T23:00:00Z
09,323,Perušić,348,220,568,22,6,28,27,24,51,0,1,1,19,24,43,0,0,0,1,0,1,417,275,692,2020-11-30T23:00:00Z
09,37,Brinje,341,192,533,22,6,28,9,5,14,0,1,1,15,21,36,0,0,0,3,0,3,390,225,615,2020-11-30T23:00:00Z
09,387,Senj,717,612,1329,99,48,147,6,4,10,19,9,28,91,105,196,0,0,0,8,10,18,940,788,1728,2020-11-30T23:00:00Z
09,455,Plitvička Jezera,656,664,1320,44,22,66,62,13,75,3,6,9,171,139,310,0,0,0,3,0,3,939,844,1783,2020-11-30T23:00:00Z
09,467,Udbina,136,120,256,11,6,17,36,10,46,0,0,0,11,15,26,0,0,0,3,2,5,197,153,350,2020-11-30T23:00:00Z
09,512,Vrhovine,96,37,133,3,3,6,5,1,6,0,0,0,4,5,9,0,0,0,0,0,0,108,46,154,2020-11-30T23:00:00Z
09,84,Donji Lapac,102,72,174,6,4,10,22,7,29,0,0,0,10,6,16,0,0,0,0,0,0,140,89,229,2020-11-30T23:00:00Z
10,136,Gradina,87,82,169,13,5,18,126,43,169,2,0,2,40,25,65,0,0,0,0,0,0,268,155,423,2020-11-30T23:00:00Z
10,245,Lukač,158,99,257,14,4,18,39,15,54,1,0,1,79,48,127,0,0,0,0,1,1,291,167,458,2020-11-30T23:00:00Z
10,266,Mikleuš,87,47,134,8,1,9,13,6,19,0,0,0,10,11,21,0,0,0,0,0,0,118,65,183,2020-11-30T23:00:00Z
10,283,Nova Bukovica,43,40,83,8,5,13,36,7,43,1,0,1,22,18,40,0,0,0,1,0,1,111,70,181,2020-11-30T23:00:00Z
10,307,Orahovica,965,683,1648,62,41,103,14,2,16,10,12,22,98,93,191,0,0,0,0,4,4,1149,835,1984,2020-11-30T23:00:00Z
10,332,Pitomača,618,614,1232,78,42,120,158,87,245,2,9,11,194,165,359,0,0,0,3,2,5,1053,919,1972,2020-11-30T23:00:00Z
10,395,Slatina,1454,1463,2917,144,69,213,129,44,173,14,23,37,219,248,467,0,0,0,2,7,9,1962,1854,3816,2020-11-30T23:00:00Z
10,407,Sopje,141,44,185,4,2,6,87,24,111,0,0,0,21,21,42,0,0,0,0,0,0,253,91,344,2020-11-30T23:00:00Z
10,424,Suhopolje,239,231,470,26,18,44,98,46,144,1,1,2,49,43,92,0,0,0,2,0,2,415,339,754,2020-11-30T23:00:00Z
10,449,Špišić Bukovica,130,132,262,21,6,27,161,65,226,1,3,4,34,52,86,0,0,0,2,2,4,349,260,609,2020-11-30T23:00:00Z
10,491,Virovitica,4009,3942,7951,175,89,264,87,30,117,34,22,56,376,360,736,0,0,0,13,8,21,4694,4451,9145,2020-11-30T23:00:00Z
10,499,Voćin,140,96,236,9,4,13,27,34,61,0,0,0,14,5,19,0,0,0,0,0,0,190,139,329,2020-11-30T23:00:00Z
10,524,Zdenci,114,82,196,6,3,9,16,9,25,0,2,2,11,13,24,0,0,0,3,1,4,150,110,260,2020-11-30T23:00:00Z
10,54,Crnac,25,25,50,14,4,18,19,8,27,0,2,2,19,13,32,0,0,0,0,0,0,77,52,129,2020-11-30T23:00:00Z
10,56,Čačinci,163,86,249,18,10,28,18,8,26,0,5,5,20,32,52,0,0,0,3,0,3,222,141,363,2020-11-30T23:00:00Z
10,57,Čađavica,94,68,162,14,9,23,68,20,88,0,0,0,42,26,68,0,0,0,1,0,1,219,123,342,2020-11-30T23:00:00Z
11,164,Jakšić,132,132,264,24,3,27,26,6,32,0,2,2,43,18,61,0,0,0,0,0,0,225,161,386,2020-11-30T23:00:00Z
11,177,Kaptol,91,104,195,16,2,18,25,3,28,1,1,2,41,8,49,0,0,0,0,1,1,174,119,293,2020-11-30T23:00:00Z
11,221,Kutjevo,598,397,995,52,16,68,60,26,86,2,4,6,79,78,157,0,0,0,5,3,8,796,524,1320,2020-11-30T23:00:00Z
11,231,Lipik,738,605,1343,28,12,40,21,10,31,1,13,14,47,53,100,0,0,0,3,0,3,838,693,1531,2020-11-30T23:00:00Z
11,318,Pakrac,586,1055,1641,86,29,115,46,18,64,13,22,35,160,95,255,0,0,0,5,4,9,896,1223,2119,2020-11-30T23:00:00Z
11,334,Pleternica,552,447,999,80,26,106,50,17,67,3,7,10,158,115,273,0,0,0,3,4,7,846,616,1462,2020-11-30T23:00:00Z
11,35,Brestovac,115,120,235,12,3,15,16,4,20,1,1,2,26,10,36,0,0,0,0,1,1,170,139,309,2020-11-30T23:00:00Z
11,351,Požega,5092,4395,9487,296,150,446,103,34,137,43,108,151,405,362,767,0,1,1,15,25,40,5954,5075,11029,2020-11-30T23:00:00Z
11,475,Velika,274,279,553,17,10,27,25,4,29,2,3,5,42,35,77,0,0,0,0,0,0,360,331,691,2020-11-30T23:00:00Z
11,58,Čaglin,90,148,238,9,2,11,21,5,26,0,1,1,14,11,25,0,0,0,0,0,0,134,167,301,2020-11-30T23:00:00Z
12,10,Bebrina,28,60,88,8,7,15,16,8,24,1,0,1,11,7,18,0,0,0,0,0,0,64,82,146,2020-11-30T23:00:00Z
12,118,Garčin,126,152,278,29,9,38,26,14,40,0,0,0,22,21,43,0,0,0,0,1,1,203,197,400,2020-11-30T23:00:00Z
12,127,Gornji Bogićevci,50,19,69,8,2,10,9,2,11,0,0,0,19,32,51,0,0,0,0,0,0,86,55,141,2020-11-30T23:00:00Z
12,140,Gundinci,64,48,112,11,4,15,56,22,78,0,0,0,15,7,22,0,0,0,1,0,1,147,81,228,2020-11-30T23:00:00Z
12,185,Klakar,81,50,131,17,3,20,22,4,26,0,1,1,14,15,29,0,0,0,1,1,2,135,74,209,2020-11-30T23:00:00Z
12,284,Nova Gradiška,2047,2085,4132,144,90,234,25,16,41,22,20,42,256,297,553,0,0,0,3,4,7,2497,2512,5009,2020-11-30T23:00:00Z
12,285,Nova Kapela,146,209,355,21,15,36,23,8,31,2,3,5,52,52,104,0,0,0,1,0,1,245,287,532,2020-11-30T23:00:00Z
12,299,Okučani,196,137,333,25,5,30,9,1,10,0,1,1,45,28,73,0,0,0,1,3,4,276,175,451,2020-11-30T23:00:00Z
12,303,Oprisavci,208,145,353,9,0,9,32,10,42,1,0,1,6,14,20,0,0,0,0,1,1,256,170,426,2020-11-30T23:00:00Z
12,309,Oriovac,279,269,548,35,21,56,21,13,34,2,2,4,68,56,124,0,0,0,0,1,1,405,362,767,2020-11-30T23:00:00Z
12,338,Podcrkavlje,61,41,102,15,0,15,7,3,10,0,1,1,17,5,22,0,0,0,0,1,1,100,51,151,2020-11-30T23:00:00Z
12,372,Rešetari,208,190,398,37,8,45,19,8,27,4,1,5,83,40,123,0,0,0,2,3,5,353,250,603,2020-11-30T23:00:00Z
12,388,Sibinj,109,162,271,51,11,62,13,1,14,0,1,1,55,37,92,0,0,0,3,2,5,231,214,445,2020-11-30T23:00:00Z
12,39,Brodski Stupnik,71,74,145,17,8,25,5,3,8,1,1,2,80,38,118,0,0,0,0,0,0,174,124,298,2020-11-30T23:00:00Z
12,396,Slavonski Brod,13290,9085,22375,578,321,899,45,34,79,75,82,157,927,944,1871,1,0,1,14,19,33,14930,10485,25415,2020-11-30T23:00:00Z
12,397,Slavonski Šamac,63,60,123,8,3,11,15,6,21,0,1,1,11,3,14,0,0,0,0,0,0,97,73,170,2020-11-30T23:00:00Z
12,412,Stara Gradiška,140,78,218,4,1,5,8,2,10,0,0,0,16,6,22,0,0,0,0,0,0,168,87,255,2020-11-30T23:00:00Z
12,418,Staro Petrovo Selo,189,154,343,29,9,38,40,17,57,1,2,3,96,43,139,0,0,0,0,1,1,355,226,581,2020-11-30T23:00:00Z
12,46,Cernik,156,211,367,25,10,35,9,4,13,3,2,5,51,24,75,0,0,0,0,3,3,244,254,498,2020-11-30T23:00:00Z
12,476,Velika Kopanica,171,119,290,23,7,30,27,16,43,1,1,2,26,26,52,0,0,0,2,2,4,250,171,421,2020-11-30T23:00:00Z
12,506,Vrbje,33,44,77,8,0,8,19,1,20,0,0,0,26,22,48,0,0,0,0,1,1,86,68,154,2020-11-30T23:00:00Z
12,514,Vrpolje,200,121,321,26,7,33,38,16,54,0,2,2,14,12,26,0,0,0,1,0,1,279,158,437,2020-11-30T23:00:00Z
12,567,Bukovlje,113,72,185,14,6,20,1,0,1,1,0,1,10,17,27,0,0,0,0,0,0,139,95,234,2020-11-30T23:00:00Z
12,568,Dragalić,33,51,84,7,0,7,5,2,7,0,0,0,4,5,9,0,0,0,0,1,1,49,59,108,2020-11-30T23:00:00Z
12,569,Gornja Vrba,280,420,700,10,2,12,1,0,1,0,1,1,16,18,34,0,0,0,0,0,0,307,441,748,2020-11-30T23:00:00Z
12,570,Sikirevci,40,62,102,16,4,20,36,12,48,0,0,0,16,6,22,0,0,0,1,1,2,109,85,194,2020-11-30T23:00:00Z
12,68,Davor,101,101,202,12,5,17,13,3,16,0,0,0,13,17,30,0,0,0,1,1,2,140,127,267,2020-11-30T23:00:00Z
12,81,Donji Andrijevci,131,100,231,21,12,33,18,4,22,1,1,2,23,20,43,0,0,0,0,1,1,194,138,332,2020-11-30T23:00:00Z
13,131,Gračac,246,254,500,22,15,37,59,20,79,2,1,3,32,38,70,0,0,0,0,2,2,361,330,691,2020-11-30T23:00:00Z
13,167,Jasenice,139,56,195,13,1,14,4,3,7,1,0,1,11,7,18,0,0,0,0,0,0,168,67,235,2020-11-30T23:00:00Z
13,17,Benkovac,1130,948,2078,92,31,123,79,50,129,11,14,25,195,123,318,0,0,0,7,5,12,1514,1171,2685,2020-11-30T23:00:00Z
13,173,Kali,332,101,433,27,12,39,3,1,4,11,0,11,59,26,85,0,0,0,0,1,1,432,141,573,2020-11-30T23:00:00Z
13,20,Bibinje,189,179,368,49,19,68,4,0,4,2,2,4,65,60,125,0,0,0,2,1,3,311,261,572,2020-11-30T23:00:00Z
13,22,Biograd Na Moru,1062,1301,2363,114,64,178,26,15,41,18,9,27,133,204,337,1,0,1,5,10,15,1359,1603,2962,2020-11-30T23:00:00Z
13,234,Lišane Ostrovičke,30,31,61,8,3,11,1,0,1,0,0,0,4,5,9,0,0,0,0,0,0,43,39,82,2020-11-30T23:00:00Z
13,282,Nin,444,340,784,37,11,48,10,4,14,4,2,6,45,30,75,0,0,0,0,0,0,540,387,927,2020-11-30T23:00:00Z
13,296,Obrovac,335,214,549,27,11,38,27,7,34,2,4,6,16,32,48,0,0,0,4,6,10,411,274,685,2020-11-30T23:00:00Z
13,316,Pag,456,392,848,68,24,92,29,11,40,5,7,12,56,50,106,0,0,0,8,3,11,622,487,1109,2020-11-30T23:00:00Z
13,317,Pakoštane,338,276,614,48,20,68,8,8,16,5,2,7,82,62,144,0,0,0,5,0,5,486,368,854,2020-11-30T23:00:00Z
13,320,Pašman,98,101,199,44,9,53,3,3,6,12,0,12,37,22,59,0,0,0,1,2,3,195,137,332,2020-11-30T23:00:00Z
13,344,Polača,104,52,156,17,4,21,3,1,4,1,0,1,8,15,23,0,0,0,1,2,3,134,74,208,2020-11-30T23:00:00Z
13,345,Poličnik,386,290,676,46,5,51,8,8,16,3,1,4,38,17,55,0,0,0,2,1,3,483,322,805,2020-11-30T23:00:00Z
13,349,Posedarje,145,143,288,31,11,42,5,7,12,12,0,12,34,34,68,0,0,0,1,3,4,228,198,426,2020-11-30T23:00:00Z
13,354,Preko,254,385,639,35,10,45,5,5,10,25,4,29,38,26,64,0,0,0,1,5,6,358,435,793,2020-11-30T23:00:00Z
13,371,Ražanac,78,79,157,22,8,30,6,6,12,12,0,12,25,13,38,0,0,0,4,0,4,147,106,253,2020-11-30T23:00:00Z
13,379,Sali,162,138,300,36,13,49,5,2,7,7,1,8,18,13,31,0,0,0,1,1,2,229,168,397,2020-11-30T23:00:00Z
13,411,Stankovci,230,162,392,24,5,29,2,2,4,0,1,1,31,18,49,0,0,0,0,1,1,287,189,476,2020-11-30T23:00:00Z
13,416,Starigrad,126,148,274,41,27,68,7,2,9,3,0,3,22,31,53,0,0,0,1,3,4,200,211,411,2020-11-30T23:00:00Z
13,425,Sukošan,341,237,578,54,19,73,12,4,16,6,2,8,51,53,104,0,0,0,2,3,5,466,318,784,2020-11-30T23:00:00Z
13,428,Sveti Filip I Jakov,235,315,550,34,16,50,8,3,11,13,2,15,28,36,64,0,0,0,0,0,0,318,372,690,2020-11-30T23:00:00Z
13,445,Škabrnje,65,56,121,23,3,26,3,1,4,0,0,0,17,7,24,0,0,0,1,1,2,109,68,177,2020-11-30T23:00:00Z
13,489,Vir,295,245,540,49,6,55,3,2,5,2,1,3,27,28,55,0,0,0,2,3,5,378,285,663,2020-11-30T23:00:00Z
13,520,Zadar,14390,15659,30049,1018,562,1580,45,29,74,735,215,950,1296,1370,2666,4,0,4,133,66,199,17621,17901,35522,2020-11-30T23:00:00Z
13,525,Zemunik Donji,101,137,238,17,8,25,2,1,3,0,0,0,15,7,22,0,0,0,0,1,1,135,154,289,2020-11-30T23:00:00Z
13,537,Novigrad,69,82,151,24,2,26,4,4,8,4,1,5,27,11,38,0,0,0,1,2,3,129,102,231,2020-11-30T23:00:00Z
13,571,Galovac,28,55,83,11,1,12,5,4,9,4,2,6,7,14,21,0,0,0,0,2,2,55,78,133,2020-11-30T23:00:00Z
13,572,Kukljica,49,28,77,15,1,16,1,1,2,2,1,3,26,6,32,0,0,0,1,1,2,94,38,132,2020-11-30T23:00:00Z
13,573,Povljana,51,30,81,11,2,13,4,1,5,2,1,3,6,8,14,0,0,0,0,1,1,74,43,117,2020-11-30T23:00:00Z
13,574,Privlaka,118,101,219,17,8,25,0,2,2,12,0,12,20,12,32,0,0,0,5,2,7,172,125,297,2020-11-30T23:00:00Z
13,575,Tkon,78,45,123,21,5,26,3,2,5,3,0,3,51,21,72,0,0,0,1,2,3,157,75,232,2020-11-30T23:00:00Z
13,622,Kolan,105,69,174,20,4,24,4,1,5,0,0,0,22,15,37,0,0,0,1,0,1,152,89,241,2020-11-30T23:00:00Z
13,625,Vrsi,90,45,135,12,4,16,5,4,9,12,0,12,17,24,41,0,0,0,5,3,8,141,80,221,2020-11-30T23:00:00Z
14,103,Đakovo,2763,2776,5539,449,201,650,188,85,273,31,36,67,704,559,1263,0,0,0,14,10,24,4149,3667,7816,2020-11-30T23:00:00Z
14,106,Đurđenovac,529,479,1008,44,9,53,25,17,42,0,6,6,71,46,117,0,0,0,4,2,6,673,559,1232,2020-11-30T23:00:00Z
14,110,Erdut,306,244,550,36,13,49,60,16,76,2,5,7,41,35,76,0,0,0,3,1,4,448,314,762,2020-11-30T23:00:00Z
14,111,Ernestinovo,68,148,216,8,2,10,26,9,35,2,1,3,11,16,27,0,0,0,1,0,1,116,176,292,2020-11-30T23:00:00Z
14,116,Feričanci,127,127,254,25,6,31,3,0,3,0,3,3,40,15,55,0,0,0,0,0,0,195,151,346,2020-11-30T23:00:00Z
14,124,Gorjani,118,177,295,16,4,20,18,8,26,0,1,1,12,4,16,0,0,0,0,0,0,164,194,358,2020-11-30T23:00:00Z
14,13,Beli Manastir,1025,1153,2178,73,38,111,43,29,72,9,11,20,104,94,198,0,0,0,1,1,2,1255,1326,2581,2020-11-30T23:00:00Z
14,16,Belišće,1461,667,2128,61,30,91,29,6,35,1,9,10,77,90,167,0,0,0,4,3,7,1633,805,2438,2020-11-30T23:00:00Z
14,195,Kneževi Vinogradi,208,249,457,32,7,39,38,7,45,1,2,3,61,60,121,0,0,0,0,0,0,340,325,665,2020-11-30T23:00:00Z
14,2,Antunovac,192,195,387,27,11,38,17,8,25,0,0,0,15,11,26,0,0,0,0,0,0,251,225,476,2020-11-30T23:00:00Z
14,205,Koška,184,133,317,26,4,30,31,10,41,3,3,6,33,21,54,0,0,0,2,0,2,279,171,450,2020-11-30T23:00:00Z
14,21,Bilje,300,279,579,46,19,65,19,12,31,3,6,9,54,41,95,0,0,0,0,1,1,422,358,780,2020-11-30T23:00:00Z
14,23,Bizovac,232,228,460,25,11,36,29,11,40,1,5,6,36,38,74,0,0,0,1,1,2,324,294,618,2020-11-30T23:00:00Z
14,230,Levanjska Varoš,39,25,64,3,2,5,12,9,21,0,0,0,2,2,4,0,0,0,0,1,1,56,39,95,2020-11-30T23:00:00Z
14,257,Marijanci,84,60,144,7,4,11,13,1,14,0,0,0,20,20,40,0,0,0,1,1,2,125,86,211,2020-11-30T23:00:00Z
14,271,Moslavina Podravska,23,17,40,2,2,4,19,8,27,0,0,0,14,8,22,0,0,0,0,0,0,58,35,93,2020-11-30T23:00:00Z
14,278,Našice,2284,1802,4086,159,86,245,50,18,68,15,34,49,259,220,479,0,0,0,6,6,12,2773,2166,4939,2020-11-30T23:00:00Z
14,312,Osijek,23574,21766,45340,849,619,1468,96,43,139,186,197,383,769,1124,1893,1,0,1,40,50,90,25515,23799,49314,2020-11-30T23:00:00Z
14,325,Petlovac,50,45,95,5,4,9,15,0,15,0,0,0,14,9,23,0,0,0,0,0,0,84,58,142,2020-11-30T23:00:00Z
14,327,Petrijevci,298,232,530,19,3,22,9,5,14,0,1,1,12,9,21,0,0,0,1,2,3,339,252,591,2020-11-30T23:00:00Z
14,340,Podgorač,102,113,215,27,7,34,33,6,39,1,3,4,21,29,50,0,0,0,0,1,1,184,159,343,2020-11-30T23:00:00Z
14,346,Popovac,46,60,106,2,2,4,5,7,12,0,0,0,5,8,13,0,0,0,0,0,0,58,77,135,2020-11-30T23:00:00Z
14,361,Punitovci,44,70,114,20,3,23,18,4,22,0,1,1,28,7,35,0,0,0,0,0,0,110,85,195,2020-11-30T23:00:00Z
14,381,Satnica Đakovačka,123,106,229,23,5,28,11,3,14,0,0,0,43,29,72,0,0,0,0,0,0,200,143,343,2020-11-30T23:00:00Z
14,386,Semeljci,241,234,475,46,17,63,57,28,85,1,1,2,77,31,108,0,0,0,2,0,2,424,311,735,2020-11-30T23:00:00Z
14,421,Strizivojna,309,294,603,18,7,25,20,3,23,0,0,0,10,12,22,0,0,0,1,0,1,358,316,674,2020-11-30T23:00:00Z
14,461,Trnava,56,97,153,6,3,9,15,6,21,0,1,1,13,3,16,0,0,0,0,0,0,90,110,200,2020-11-30T23:00:00Z
14,471,Valpovo,835,1073,1908,75,51,126,46,20,66,16,23,39,79,100,179,0,0,0,7,9,16,1058,1276,2334,2020-11-30T23:00:00Z
14,485,Viljevo,45,56,101,10,1,11,27,5,32,0,1,1,13,9,22,0,0,0,0,1,1,95,73,168,2020-11-30T23:00:00Z
14,494,Viškovci,221,192,413,21,5,26,16,6,22,0,1,1,23,3,26,0,0,0,2,0,2,283,207,490,2020-11-30T23:00:00Z
14,517,Vuka,43,67,110,14,2,16,17,5,22,0,1,1,20,10,30,0,0,0,0,0,0,94,85,179,2020-11-30T23:00:00Z
14,576,Donja Motičina,27,23,50,9,3,12,2,1,3,0,1,1,16,8,24,0,0,0,0,0,0,54,36,90,2020-11-30T23:00:00Z
14,578,Magadenovac,101,122,223,5,1,6,28,10,38,1,4,5,18,19,37,0,0,0,0,0,0,153,156,309,2020-11-30T23:00:00Z
14,579,Vladislavci,121,120,241,3,1,4,7,4,11,0,1,1,4,4,8,0,0,0,0,0,0,135,130,265,2020-11-30T23:00:00Z
14,609,Jagodnjak,131,92,223,7,3,10,25,4,29,0,0,0,9,4,13,0,0,0,0,0,0,172,103,275,2020-11-30T23:00:00Z
14,614,Šodolovci,22,30,52,0,0,0,0,0,0,0,0,0,8,5,13,0,0,0,0,0,0,30,35,65,2020-11-30T23:00:00Z
14,64,Čeminac,80,142,222,11,0,11,3,2,5,0,0,0,16,11,27,0,0,0,0,0,0,110,155,265,2020-11-30T23:00:00Z
14,65,Čepin,583,489,1072,91,33,124,54,25,79,4,7,11,103,99,202,0,0,0,3,3,6,838,656,1494,2020-11-30T23:00:00Z
14,66,Darda,1747,827,2574,51,29,80,35,4,39,1,3,4,58,48,106,0,0,0,1,0,1,1893,911,2804,2020-11-30T23:00:00Z
14,86,Donji Miholjac,1193,910,2103,88,47,135,156,42,198,5,17,22,158,109,267,0,0,0,2,2,4,1602,1127,2729,2020-11-30T23:00:00Z
14,91,Draž,77,109,186,11,2,13,18,7,25,0,0,0,9,9,18,0,0,0,0,1,1,115,128,243,2020-11-30T23:00:00Z
14,94,Drenje,93,104,197,29,7,36,53,22,75,0,0,0,11,17,28,0,0,0,0,0,0,186,150,336,2020-11-30T23:00:00Z
15,113,Ervenik,52,58,110,1,0,1,4,2,6,0,0,0,1,0,1,0,0,0,0,0,0,58,60,118,2020-11-30T23:00:00Z
15,183,Kijevo,36,38,74,2,0,2,1,0,1,0,0,0,0,0,0,0,0,0,0,0,0,39,38,77,2020-11-30T23:00:00Z
15,184,Kistanje,69,76,145,12,3,15,0,0,0,1,0,1,14,5,19,0,0,0,0,0,0,96,84,180,2020-11-30T23:00:00Z
15,196,Knin,1520,1422,2942,122,69,191,52,8,60,30,5,35,129,153,282,0,0,0,2,2,4,1855,1659,3514,2020-11-30T23:00:00Z
15,298,Promina,106,84,190,2,1,3,1,2,3,0,0,0,0,1,1,0,0,0,0,0,0,109,88,197,2020-11-30T23:00:00Z
15,310,Biskupija,81,41,122,3,0,3,2,1,3,1,0,1,0,0,0,0,0,0,0,0,0,87,42,129,2020-11-30T23:00:00Z
15,357,Primošten,258,273,531,67,22,89,5,2,7,8,0,8,43,27,70,0,0,0,2,1,3,383,325,708,2020-11-30T23:00:00Z
15,377,Ružić,37,32,69,4,1,5,5,7,12,0,0,0,2,13,15,0,0,0,0,0,0,48,53,101,2020-11-30T23:00:00Z
15,394,Skradin,135,157,292,43,11,54,20,5,25,2,4,6,26,35,61,0,0,0,0,0,0,226,212,438,2020-11-30T23:00:00Z
15,444,Šibenik,7745,8037,15782,621,331,952,38,14,52,164,102,266,548,653,1201,2,0,2,25,22,47,9143,9159,18302,2020-11-30T23:00:00Z
15,454,Tisno,286,225,511,96,26,122,6,0,6,5,3,8,58,41,99,0,0,0,0,3,3,451,298,749,2020-11-30T23:00:00Z
15,469,Unešić,47,41,88,8,1,9,3,1,4,1,0,1,13,5,18,0,0,0,0,0,0,72,48,120,2020-11-30T23:00:00Z
15,500,Vodice,852,934,1786,236,84,320,9,6,15,11,5,16,207,132,339,0,0,0,8,9,17,1323,1170,2493,2020-11-30T23:00:00Z
15,51,Civljane,38,12,50,1,0,1,0,0,0,0,0,0,1,2,3,0,0,0,0,0,0,40,14,54,2020-11-30T23:00:00Z
15,581,Pirovac,133,127,260,26,12,38,4,2,6,0,2,2,31,31,62,0,0,0,0,1,1,194,175,369,2020-11-30T23:00:00Z
15,582,Rogoznica,224,210,434,46,10,56,3,1,4,10,1,11,32,30,62,0,0,0,0,0,0,315,252,567,2020-11-30T23:00:00Z
15,617,Murter,225,237,462,46,24,70,6,1,7,14,3,17,43,34,77,0,0,0,1,1,2,335,300,635,2020-11-30T23:00:00Z
15,621,Bilice,71,36,107,21,8,29,0,0,0,6,0,6,20,12,32,0,0,0,0,0,0,118,56,174,2020-11-30T23:00:00Z
15,626,Tribunj,81,78,159,16,11,27,0,0,0,2,0,2,51,24,75,0,0,0,0,2,2,150,115,265,2020-11-30T23:00:00Z
15,95,Drniš,860,626,1486,67,52,119,47,18,65,6,8,14,82,88,170,0,0,0,1,0,1,1063,792,1855,2020-11-30T23:00:00Z
16,1,Andrijaševci,68,105,173,23,12,35,13,4,17,2,0,2,46,25,71,0,0,0,0,1,1,152,147,299,2020-11-30T23:00:00Z
16,137,Gradište,100,101,201,18,4,22,33,6,39,0,1,1,13,16,29,0,0,0,0,0,0,164,128,292,2020-11-30T23:00:00Z
16,141,Gunja,219,151,370,33,9,42,37,12,49,2,1,3,28,11,39,0,0,0,1,2,3,320,186,506,2020-11-30T23:00:00Z
16,154,Ilok,479,567,1046,67,21,88,51,17,68,1,3,4,105,94,199,0,0,0,1,2,3,704,704,1408,2020-11-30T23:00:00Z
16,159,Ivankovo,330,409,739,69,27,96,48,10,58,3,5,8,114,81,195,0,0,0,3,5,8,567,537,1104,2020-11-30T23:00:00Z
16,166,Jarmina,32,77,109,12,8,20,23,9,32,0,1,1,18,12,30,0,0,0,0,2,2,85,109,194,2020-11-30T23:00:00Z
16,239,Lovas,59,86,145,4,0,4,14,0,14,1,0,1,5,5,10,0,0,0,0,0,0,83,91,174,2020-11-30T23:00:00Z
16,26,Bogdanovci,26,54,80,3,0,3,8,4,12,0,0,0,17,3,20,0,0,0,0,0,0,54,61,115,2020-11-30T23:00:00Z
16,29,Borovo,77,129,206,39,13,52,28,5,33,2,3,5,50,70,120,0,0,0,1,1,2,197,221,418,2020-11-30T23:00:00Z
16,294,Nuštar,247,310,557,33,17,50,29,6,35,2,3,5,40,29,69,0,0,0,2,1,3,353,366,719,2020-11-30T23:00:00Z
16,295,Nijemci,199,196,395,20,8,28,85,23,108,1,1,2,49,31,80,0,0,0,1,2,3,355,261,616,2020-11-30T23:00:00Z
16,3,Babina Greda,137,123,260,31,11,42,82,28,110,3,0,3,28,34,62,0,0,0,0,1,1,281,197,478,2020-11-30T23:00:00Z
16,32,Bošnjaci,132,121,253,23,6,29,39,8,47,2,0,2,25,28,53,0,0,0,1,1,2,222,164,386,2020-11-30T23:00:00Z
16,414,Stari Jankovci,137,160,297,22,4,26,43,10,53,1,0,1,28,15,43,0,0,0,1,1,2,232,190,422,2020-11-30T23:00:00Z
16,415,Stari Mikanovci,98,135,233,20,10,30,22,9,31,2,1,3,29,38,67,0,0,0,0,0,0,171,193,364,2020-11-30T23:00:00Z
16,44,Cerna,397,222,619,40,18,58,45,17,62,2,1,3,71,52,123,0,0,0,0,0,0,555,310,865,2020-11-30T23:00:00Z
16,456,Tompojevci,22,47,69,15,3,18,38,12,50,0,1,1,16,16,32,0,0,0,0,0,0,91,79,170,2020-11-30T23:00:00Z
16,458,Tordinci,88,102,190,6,2,8,10,0,10,1,0,1,5,7,12,0,0,0,0,0,0,110,111,221,2020-11-30T23:00:00Z
16,459,Tovarnik,149,156,305,17,3,20,42,18,60,1,1,2,15,12,27,0,0,0,0,1,1,224,191,415,2020-11-30T23:00:00Z
16,464,Trpinja,106,205,311,20,7,27,84,11,95,3,0,3,31,23,54,0,0,0,1,0,1,245,246,491,2020-11-30T23:00:00Z
16,487,Vinkovci,7963,6252,14215,283,179,462,34,17,51,58,51,109,454,613,1067,1,0,1,13,5,18,8806,7117,15923,2020-11-30T23:00:00Z
16,505,Vrbanja,239,157,396,30,11,41,71,13,84,2,0,2,24,21,45,0,0,0,0,1,1,366,203,569,2020-11-30T23:00:00Z
16,518,Vukovar,4285,4590,8875,277,141,418,72,31,103,26,38,64,386,378,764,0,0,0,6,4,10,5052,5182,10234,2020-11-30T23:00:00Z
16,534,Županja,2033,1558,3591,124,51,175,41,10,51,23,23,46,183,199,382,1,0,1,6,3,9,2411,1844,4255,2020-11-30T23:00:00Z
16,535,Otok (Vinkovci),386,329,715,36,19,55,58,14,72,8,1,9,63,48,111,0,0,0,0,2,2,551,413,964,2020-11-30T23:00:00Z
16,583,Privlaka,102,128,230,17,4,21,19,9,28,0,2,2,19,21,40,0,0,0,0,1,1,157,165,322,2020-11-30T23:00:00Z
16,584,Vođinci,44,166,210,15,2,17,6,4,10,0,1,1,11,11,22,0,0,0,0,0,0,76,184,260,2020-11-30T23:00:00Z
16,610,Markušica,42,57,99,9,3,12,48,12,60,0,1,1,12,13,25,0,0,0,2,0,2,113,86,199,2020-11-30T23:00:00Z
16,612,Negoslavci,14,34,48,5,0,5,12,3,15,1,0,1,15,13,28,0,0,0,0,0,0,47,50,97,2020-11-30T23:00:00Z
16,628,Štitar,101,64,165,6,0,6,11,3,14,0,1,1,10,6,16,0,0,0,0,0,0,128,74,202,2020-11-30T23:00:00Z
16,92,Drenovci,113,200,313,39,6,45,106,36,142,1,0,1,31,35,66,0,0,0,0,1,1,290,278,568,2020-11-30T23:00:00Z
17,100,Dugi Rat,609,616,1225,76,28,104,1,3,4,23,2,25,157,92,249,0,0,0,4,4,8,870,745,1615,2020-11-30T23:00:00Z
17,134,Gradac,142,182,324,34,13,47,5,1,6,1,1,2,19,34,53,0,0,0,0,3,3,201,234,435,2020-11-30T23:00:00Z
17,148,Hrvace,235,211,446,33,14,47,5,7,12,2,3,5,55,43,98,0,0,0,0,3,3,330,281,611,2020-11-30T23:00:00Z
17,153,Hvar,551,566,1117,167,63,230,16,11,27,17,8,25,129,116,245,1,0,1,6,11,17,887,775,1662,2020-11-30T23:00:00Z
17,155,Imotski,1257,1251,2508,143,88,231,13,8,21,32,14,46,125,232,357,0,0,0,11,11,22,1581,1604,3185,2020-11-30T23:00:00Z
17,171,Jelsa,297,259,556,85,20,105,30,11,41,11,0,11,88,47,135,0,0,0,5,6,11,516,343,859,2020-11-30T23:00:00Z
17,181,Kaštela,3326,3500,6826,452,201,653,21,13,34,124,39,163,479,498,977,0,0,0,29,29,58,4431,4280,8711,2020-11-30T23:00:00Z
17,192,Klis,223,169,392,33,7,40,7,3,10,11,1,12,43,26,69,0,0,0,0,2,2,317,208,525,2020-11-30T23:00:00Z
17,197,Komiža,132,136,268,53,16,69,4,0,4,6,2,8,29,29,58,0,0,0,2,3,5,226,186,412,2020-11-30T23:00:00Z
17,243,Lovreć,130,82,212,16,8,24,4,0,4,2,0,2,18,12,30,0,0,0,2,1,3,172,103,275,2020-11-30T23:00:00Z
17,249,Makarska,2327,2261,4588,252,158,410,3,2,5,50,30,80,329,351,680,0,0,0,7,6,13,2968,2808,5776,2020-11-30T23:00:00Z
17,258,Marina,169,224,393,51,21,72,6,3,9,7,0,7,37,51,88,1,0,1,3,2,5,274,301,575,2020-11-30T23:00:00Z
17,267,Milna,92,82,174,20,4,24,5,1,6,2,0,2,16,19,35,0,0,0,4,1,5,139,107,246,2020-11-30T23:00:00Z
17,27,Bol,250,320,570,42,12,54,6,2,8,3,2,5,51,19,70,0,0,0,2,4,6,354,359,713,2020-11-30T23:00:00Z
17,280,Nerežišća,143,56,199,14,2,16,6,2,8,0,0,0,28,15,43,0,0,0,1,0,1,192,75,267,2020-11-30T23:00:00Z
17,300,Omiš,1443,1661,3104,216,80,296,11,4,15,36,15,51,299,288,587,0,0,0,4,4,8,2009,2052,4061,2020-11-30T23:00:00Z
17,314,Otok,184,217,401,43,16,59,10,0,10,4,0,4,66,50,116,0,0,0,0,0,0,307,283,590,2020-11-30T23:00:00Z
17,337,Podbablje,275,182,457,32,3,35,6,0,6,2,1,3,22,32,54,0,0,0,2,5,7,339,223,562,2020-11-30T23:00:00Z
17,339,Podgora,243,194,437,41,10,51,0,1,1,1,1,2,29,9,38,0,0,0,3,1,4,317,216,533,2020-11-30T23:00:00Z
17,341,Podstrana,761,637,1398,61,16,77,17,4,21,32,4,36,53,73,126,1,0,1,4,4,8,929,738,1667,2020-11-30T23:00:00Z
17,350,Postira,260,220,480,33,13,46,10,3,13,0,3,3,14,12,26,0,0,0,2,1,3,319,252,571,2020-11-30T23:00:00Z
17,358,Pučišća,225,123,348,41,6,47,6,5,11,5,0,5,34,13,47,0,0,0,3,0,3,314,147,461,2020-11-30T23:00:00Z
17,382,Seget,450,380,830,29,7,36,7,3,10,9,2,11,129,69,198,0,0,0,1,2,3,625,463,1088,2020-11-30T23:00:00Z
17,383,Selca,122,108,230,39,16,55,8,3,11,5,1,6,76,33,109,0,0,0,0,1,1,250,162,412,2020-11-30T23:00:00Z
17,389,Sinj,1891,1989,3880,252,127,379,53,15,68,40,44,84,295,364,659,0,0,0,9,22,31,2540,2561,5101,2020-11-30T23:00:00Z
17,406,Solin,3576,2959,6535,250,134,384,11,7,18,102,33,135,295,299,594,0,0,0,14,11,25,4248,3443,7691,2020-11-30T23:00:00Z
17,409,Split,34533,36795,71328,1458,1046,2504,62,42,104,1977,442,2419,1511,2205,3716,3,0,3,164,156,320,39708,40686,80394,2020-11-30T23:00:00Z
17,413,Stari Grad,298,280,578,56,21,77,18,13,31,8,3,11,43,35,78,0,0,0,4,12,16,427,364,791,2020-11-30T23:00:00Z
17,423,Sućuraj,23,22,45,21,2,23,3,2,5,1,0,1,12,7,19,0,0,0,0,0,0,60,33,93,2020-11-30T23:00:00Z
17,427,Supetar,549,677,1226,99,56,155,17,6,23,21,8,29,100,123,223,0,0,0,8,3,11,794,873,1667,2020-11-30T23:00:00Z
17,443,Šestanovac,146,160,306,27,4,31,9,1,10,1,2,3,21,21,42,0,0,0,2,0,2,206,188,394,2020-11-30T23:00:00Z
17,447,Šolta,169,121,290,16,5,21,9,3,12,12,1,13,5,15,20,0,0,0,2,2,4,213,147,360,2020-11-30T23:00:00Z
17,460,Trilj,459,518,977,107,30,137,18,7,25,7,3,10,98,140,238,0,0,0,1,7,8,690,705,1395,2020-11-30T23:00:00Z
17,463,Trogir,1876,1731,3607,300,130,430,14,5,19,74,37,111,315,403,718,0,0,0,20,21,41,2599,2327,4926,2020-11-30T23:00:00Z
17,492,Vis,227,249,476,37,15,52,15,3,18,5,2,7,34,24,58,0,0,0,2,1,3,320,294,614,2020-11-30T23:00:00Z
17,50,Cista Provo,112,144,256,26,2,28,8,1,9,0,0,0,6,8,14,0,0,0,0,3,3,152,158,310,2020-11-30T23:00:00Z
17,511,Vrgorac,917,696,1613,47,23,70,24,16,40,5,6,11,48,77,125,0,0,0,2,2,4,1043,820,1863,2020-11-30T23:00:00Z
17,513,Vrlika,105,206,311,17,3,20,10,4,14,2,0,2,27,3,30,0,0,0,1,0,1,162,216,378,2020-11-30T23:00:00Z
17,522,Zagvozd,137,67,204,15,2,17,2,0,2,0,0,0,12,10,22,0,0,0,0,1,1,166,80,246,2020-11-30T23:00:00Z
17,528,Zmijavci,85,102,187,6,2,8,2,1,3,2,0,2,27,8,35,0,0,0,0,1,1,122,114,236,2020-11-30T23:00:00Z
17,585,Dugopolje,1280,710,1990,29,12,41,5,6,11,12,1,13,61,50,111,0,0,0,0,0,0,1387,779,2166,2020-11-30T23:00:00Z
17,586,Lećevica,13,26,39,5,0,5,1,1,2,2,0,2,1,0,1,0,0,0,0,0,0,22,27,49,2020-11-30T23:00:00Z
17,587,Lokvičići,39,25,64,1,0,1,2,0,2,0,0,0,2,2,4,0,0,0,1,0,1,45,27,72,2020-11-30T23:00:00Z
17,588,Okrug,152,159,311,28,6,34,1,0,1,9,5,14,81,26,107,0,0,0,3,4,7,274,200,474,2020-11-30T23:00:00Z
17,589,Prgomet,37,31,68,8,0,8,2,1,3,0,0,0,2,2,4,0,0,0,0,0,0,49,34,83,2020-11-30T23:00:00Z
17,590,Primorski Dolac,16,28,44,4,1,5,1,1,2,1,1,2,3,4,7,0,0,0,0,0,0,25,35,60,2020-11-30T23:00:00Z
17,591,Runovići,78,64,142,7,3,10,0,1,1,1,2,3,27,34,61,0,0,0,0,1,1,113,105,218,2020-11-30T23:00:00Z
17,592,Sutivan,96,64,160,12,4,16,4,1,5,8,1,9,21,13,34,0,0,0,0,0,0,141,83,224,2020-11-30T23:00:00Z
17,593,Tučepi,208,189,397,20,9,29,1,1,2,4,3,7,30,20,50,0,0,0,0,0,0,263,222,485,2020-11-30T23:00:00Z
17,595,Zadvarje,28,26,54,8,1,9,0,1,1,0,0,0,12,7,19,0,0,0,0,0,0,48,35,83,2020-11-30T23:00:00Z
17,72,Dicmo,376,175,551,31,15,46,3,2,5,3,1,4,34,44,78,0,0,0,1,1,2,448,238,686,2020-11-30T23:00:00Z
17,77,Brela,179,156,335,23,6,29,0,1,1,1,1,2,18,13,31,0,0,0,1,1,2,222,178,400,2020-11-30T23:00:00Z
17,87,Muć,151,180,331,18,4,22,3,4,7,4,4,8,8,14,22,0,0,0,0,1,1,184,207,391,2020-11-30T23:00:00Z
17,88,Proložac,192,168,360,14,4,18,2,4,6,0,0,0,35,14,49,0,0,0,3,1,4,246,191,437,2020-11-30T23:00:00Z
17,9,Baška Voda,209,254,463,55,20,75,2,0,2,5,2,7,47,41,88,0,0,0,2,2,4,320,319,639,2020-11-30T23:00:00Z
18,132,Gračišće,40,26,66,28,3,31,11,3,14,0,0,0,38,10,48,0,0,0,2,0,2,119,42,161,2020-11-30T23:00:00Z
18,138,Grožnjan,23,20,43,15,2,17,13,4,17,0,0,0,9,12,21,0,0,0,0,2,2,60,40,100,2020-11-30T23:00:00Z
18,175,Kanfanar,438,181,619,25,7,32,4,0,4,2,0,2,21,17,38,0,0,0,3,1,4,493,206,699,2020-11-30T23:00:00Z
18,217,Kršan,317,300,617,46,13,59,7,5,12,2,0,2,99,51,150,0,0,0,2,4,6,473,373,846,2020-11-30T23:00:00Z
18,222,Labin,2517,2274,4791,240,110,350,18,10,28,30,36,66,263,217,480,0,0,0,12,10,22,3080,2657,5737,2020-11-30T23:00:00Z
18,223,Lanišće,12,15,27,4,0,4,2,0,2,0,0,0,8,1,9,0,0,0,0,1,1,26,17,43,2020-11-30T23:00:00Z
18,235,Ližnjan,129,133,262,10,4,14,2,0,2,4,0,4,21,32,53,0,0,0,1,0,1,167,169,336,2020-11-30T23:00:00Z
18,246,Lupoglav,172,91,263,11,6,17,8,3,11,0,1,1,12,12,24,0,0,0,0,1,1,203,114,317,2020-11-30T23:00:00Z
18,254,Marčana,164,161,325,36,14,50,3,2,5,4,1,5,30,23,53,0,0,0,2,1,3,239,202,441,2020-11-30T23:00:00Z
18,263,Medulin,544,517,1061,66,31,97,8,2,10,9,5,14,86,101,187,0,0,0,0,1,1,713,657,1370,2020-11-30T23:00:00Z
18,274,Motovun,86,91,177,35,13,48,21,5,26,0,0,0,35,23,58,0,0,0,2,2,4,179,134,313,2020-11-30T23:00:00Z
18,291,Novigrad,729,888,1617,117,44,161,20,4,24,2,8,10,126,88,214,0,0,0,9,7,16,1003,1039,2042,2020-11-30T23:00:00Z
18,304,Oprtalj,58,72,130,12,3,15,14,2,16,0,0,0,12,8,20,0,0,0,4,3,7,100,88,188,2020-11-30T23:00:00Z
18,321,Pazin,2004,1928,3932,284,110,394,50,23,73,14,24,38,307,198,505,0,0,0,6,12,18,2665,2295,4960,2020-11-30T23:00:00Z
18,330,Pićan,340,181,521,27,6,33,2,5,7,0,1,1,51,19,70,0,0,0,1,1,2,421,213,634,2020-11-30T23:00:00Z
18,348,Poreč,4470,4344,8814,552,273,825,47,18,65,59,53,112,440,397,837,0,0,0,19,14,33,5587,5099,10686,2020-11-30T23:00:00Z
18,359,Pula,12670,12319,24989,1135,596,1731,70,44,114,303,168,471,831,1044,1875,0,0,0,76,53,129,15085,14224,29309,2020-11-30T23:00:00Z
18,368,Raša,265,165,430,25,7,32,1,0,1,2,1,3,37,20,57,0,0,0,0,0,0,330,193,523,2020-11-30T23:00:00Z
18,374,Rovinj,2696,2801,5497,363,198,561,27,12,39,32,36,68,385,345,730,0,0,0,14,21,35,3517,3413,6930,2020-11-30T23:00:00Z
18,40,Brtonigla,144,99,243,36,15,51,25,8,33,1,1,2,36,39,75,0,0,0,1,2,3,243,164,407,2020-11-30T23:00:00Z
18,42,Buje,742,725,1467,88,43,131,26,12,38,6,11,17,56,61,117,0,0,0,4,7,11,922,859,1781,2020-11-30T23:00:00Z
18,43,Buzet,1582,1024,2606,164,66,230,22,16,38,8,5,13,100,96,196,0,0,0,9,8,17,1885,1215,3100,2020-11-30T23:00:00Z
18,431,Sveti Lovreč,41,57,98,21,10,31,2,1,3,0,1,1,33,14,47,0,0,0,0,0,0,97,83,180,2020-11-30T23:00:00Z
18,432,Sveta Nedelja,140,131,271,24,7,31,7,3,10,4,0,4,37,13,50,0,0,0,5,5,10,217,159,376,2020-11-30T23:00:00Z
18,433,Sveti Petar U Šumi,159,121,280,22,5,27,2,4,6,0,0,0,23,4,27,0,0,0,1,1,2,207,135,342,2020-11-30T23:00:00Z
18,435,Svetvinčenat,118,98,216,20,4,24,1,0,1,0,1,1,29,24,53,0,0,0,0,0,0,168,127,295,2020-11-30T23:00:00Z
18,453,Tinjan,187,103,290,38,9,47,4,0,4,1,3,4,49,26,75,0,0,0,1,0,1,280,141,421,2020-11-30T23:00:00Z
18,468,Umag,2438,2086,4524,354,149,503,30,14,44,30,33,63,266,285,551,0,0,0,18,19,37,3136,2586,5722,2020-11-30T23:00:00Z
18,47,Cerovlje,96,46,142,37,2,39,5,4,9,1,0,1,35,15,50,0,0,0,1,2,3,175,69,244,2020-11-30T23:00:00Z
18,497,Višnjan,257,245,502,43,12,55,9,4,13,1,1,2,84,32,116,0,0,0,3,0,3,397,294,691,2020-11-30T23:00:00Z
18,498,Vižinada,64,43,107,22,5,27,17,5,22,1,0,1,27,17,44,0,0,0,1,1,2,132,71,203,2020-11-30T23:00:00Z
18,5,Bale,105,92,197,23,14,37,3,2,5,0,0,0,34,13,47,0,0,0,1,1,2,166,122,288,2020-11-30T23:00:00Z
18,502,Vodnjan,676,552,1228,48,19,67,11,4,15,10,4,14,91,52,143,0,0,0,0,1,1,836,632,1468,2020-11-30T23:00:00Z
18,516,Vrsar,266,264,530,75,29,104,3,1,4,5,1,6,79,76,155,1,0,1,3,2,5,432,373,805,2020-11-30T23:00:00Z
18,531,Žminj,458,392,850,95,43,138,12,5,17,1,5,6,94,66,160,0,0,0,4,2,6,664,513,1177,2020-11-30T23:00:00Z
18,596,Karojba,89,69,158,33,6,39,2,1,3,0,0,0,49,10,59,0,0,0,1,0,1,174,86,260,2020-11-30T23:00:00Z
18,597,Kaštelir - Labinci,158,67,225,31,12,43,5,2,7,1,0,1,38,12,50,0,0,0,2,3,5,235,96,331,2020-11-30T23:00:00Z
18,6,Barban,224,112,336,39,5,44,10,5,15,0,1,1,22,25,47,0,0,0,5,2,7,300,150,450,2020-11-30T23:00:00Z
18,619,Fažana,250,187,437,21,11,32,0,1,1,3,2,5,39,63,102,0,0,0,0,2,2,313,266,579,2020-11-30T23:00:00Z
18,629,Funtana,102,101,203,14,6,20,1,0,1,0,0,0,16,22,38,0,0,0,2,1,3,135,130,265,2020-11-30T23:00:00Z
18,631,Tar-Vabriga,130,202,332,34,14,48,2,0,2,1,0,1,26,28,54,0,0,0,0,1,1,193,245,438,2020-11-30T23:00:00Z
19,198,Konavle,1064,811,1875,205,68,273,21,9,30,26,8,34,76,102,178,0,0,0,7,4,11,1399,1002,2401,2020-11-30T23:00:00Z
19,204,Korčula,618,812,1430,111,48,159,16,8,24,76,11,87,89,93,182,0,0,0,12,8,20,922,980,1902,2020-11-30T23:00:00Z
19,219,Kula Norinska,46,73,119,14,1,15,2,0,2,0,0,0,6,6,12,0,0,0,0,0,0,68,80,148,2020-11-30T23:00:00Z
19,226,Lastovo,59,89,148,20,8,28,2,1,3,3,1,4,6,4,10,0,0,0,5,5,10,95,108,203,2020-11-30T23:00:00Z
19,25,Blato,570,404,974,61,19,80,19,4,23,12,9,21,158,48,206,0,0,0,5,5,10,825,489,1314,2020-11-30T23:00:00Z
19,264,Metković,1932,1681,3613,181,99,280,31,22,53,41,20,61,309,272,581,0,0,0,4,7,11,2498,2101,4599,2020-11-30T23:00:00Z
19,268,Mljet,175,83,258,15,7,22,3,1,4,5,2,7,7,11,18,0,0,0,3,2,5,208,106,314,2020-11-30T23:00:00Z
19,306,Opuzen,424,356,780,29,16,45,44,23,67,5,1,6,21,31,52,0,0,0,1,1,2,524,428,952,2020-11-30T23:00:00Z
19,308,Orebić,370,356,726,67,34,101,32,9,41,30,6,36,70,68,138,0,0,0,5,15,20,574,488,1062,2020-11-30T23:00:00Z
19,335,Ploče,1401,941,2342,77,44,121,17,3,20,24,6,30,76,130,206,0,0,0,2,4,6,1597,1128,2725,2020-11-30T23:00:00Z
19,343,Pojezerje,27,54,81,5,2,7,6,0,6,0,0,0,1,3,4,0,0,0,0,0,0,39,59,98,2020-11-30T23:00:00Z
19,399,Slivno,332,52,384,10,7,17,16,6,22,0,0,0,3,12,15,0,0,0,1,0,1,362,77,439,2020-11-30T23:00:00Z
19,402,Smokvica,27,76,103,11,2,13,13,6,19,5,0,5,28,6,34,0,0,0,5,3,8,89,93,182,2020-11-30T23:00:00Z
19,419,Ston,508,240,748,51,12,63,23,4,27,2,1,3,40,24,64,0,0,0,2,2,4,626,283,909,2020-11-30T23:00:00Z
19,474,Vela Luka,290,509,799,53,20,73,10,1,11,36,4,40,77,49,126,0,0,0,5,7,12,471,590,1061,2020-11-30T23:00:00Z
19,523,Zažablje,18,24,42,5,0,5,3,2,5,1,0,1,9,2,11,0,0,0,0,0,0,36,28,64,2020-11-30T23:00:00Z
19,598,Dubrovačko Primorje,149,96,245,22,4,26,5,6,11,8,2,10,34,19,53,0,0,0,0,2,2,218,129,347,2020-11-30T23:00:00Z
19,599,Janjina,271,71,342,10,5,15,11,3,14,1,1,2,5,11,16,0,0,0,1,0,1,299,91,390,2020-11-30T23:00:00Z
19,600,Lumbarda,48,59,107,36,12,48,9,1,10,8,0,8,20,9,29,0,0,0,6,4,10,127,85,212,2020-11-30T23:00:00Z
19,601,Trpanj,41,45,86,11,3,14,2,2,4,4,1,5,17,8,25,0,0,0,3,1,4,78,60,138,2020-11-30T23:00:00Z
19,602,Župa Dubrovačka,623,602,1225,121,64,185,5,5,10,61,2,63,69,69,138,1,0,1,7,1,8,887,743,1630,2020-11-30T23:00:00Z
19,98,Dubrovnik,9810,10224,20034,742,383,1125,30,12,42,483,80,563,533,616,1149,0,0,0,51,61,112,11649,11376,23025,2020-11-30T23:00:00Z
20,123,Goričan,312,144,456,6,3,9,9,2,11,0,2,2,12,11,23,0,0,0,0,0,0,339,162,501,2020-11-30T23:00:00Z
20,15,Belica,182,192,374,25,17,42,64,43,107,1,1,2,29,34,63,0,0,0,0,1,1,301,288,589,2020-11-30T23:00:00Z
20,206,Kotoriba,468,237,705,10,4,14,7,0,7,0,5,5,16,16,32,0,0,0,0,0,0,501,262,763,2020-11-30T23:00:00Z
20,250,Mala Subotica,475,953,1428,29,20,49,34,16,50,2,4,6,40,30,70,0,0,0,0,5,5,580,1028,1608,2020-11-30T23:00:00Z
20,276,Mursko Središće,785,756,1541,40,24,64,18,7,25,3,6,9,64,55,119,0,0,0,1,2,3,911,850,1761,2020-11-30T23:00:00Z
20,279,Nedelišće,1330,766,2096,97,38,135,41,18,59,2,5,7,148,69,217,0,0,0,2,8,10,1620,904,2524,2020-11-30T23:00:00Z
20,342,Podturen,196,85,281,21,6,27,18,16,34,1,3,4,56,42,98,0,0,0,0,2,2,292,154,446,2020-11-30T23:00:00Z
20,355,Prelog,2287,1620,3907,68,17,85,46,33,79,8,9,17,60,56,116,0,0,0,7,5,12,2476,1740,4216,2020-11-30T23:00:00Z
20,385,Selnica,136,123,259,7,7,14,8,7,15,1,3,4,12,19,31,0,0,0,0,1,1,164,160,324,2020-11-30T23:00:00Z
20,440,Sveti Juraj Na Bregu,263,151,414,29,12,41,13,7,20,2,2,4,45,63,108,0,0,0,0,1,1,352,236,588,2020-11-30T23:00:00Z
20,441,Sveti Martin Na Muri,528,308,836,10,8,18,13,6,19,0,3,3,28,33,61,0,0,0,2,3,5,581,361,942,2020-11-30T23:00:00Z
20,452,Štrigova,284,193,477,27,10,37,43,25,68,2,3,5,62,61,123,0,0,0,0,0,0,418,292,710,2020-11-30T23:00:00Z
20,504,Vratišinec,149,90,239,6,4,10,11,3,14,1,1,2,5,6,11,0,0,0,1,0,1,173,104,277,2020-11-30T23:00:00Z
20,60,Čakovec,9776,9340,19116,259,126,385,68,27,95,37,61,98,284,370,654,0,0,0,7,8,15,10431,9932,20363,2020-11-30T23:00:00Z
20,603,Dekanovec,75,76,151,5,3,8,9,6,15,0,0,0,5,3,8,0,0,0,0,1,1,94,89,183,2020-11-30T23:00:00Z
20,604,Gornji Mihaljevec,117,49,166,10,2,12,23,7,30,2,1,3,21,12,33,0,0,0,1,0,1,174,71,245,2020-11-30T23:00:00Z
20,605,Orehovica,87,121,208,14,2,16,29,15,44,1,3,4,43,20,63,0,0,0,1,2,3,175,163,338,2020-11-30T23:00:00Z
20,606,Strahoninec,239,130,369,12,4,16,3,1,4,0,1,1,39,11,50,0,0,0,0,2,2,293,149,442,2020-11-30T23:00:00Z
20,607,Sveta Marija,75,71,146,13,6,19,7,0,7,1,0,1,24,9,33,0,0,0,0,1,1,120,87,207,2020-11-30T23:00:00Z
20,608,Šenkovec,516,241,757,14,12,26,2,1,3,0,1,1,29,26,55,0,0,0,2,2,4,563,283,846,2020-11-30T23:00:00Z
20,620,Pribislavec,318,163,481,11,5,16,3,1,4,2,2,4,15,10,25,0,0,0,0,0,0,349,181,530,2020-11-30T23:00:00Z
20,75,Domašinec,322,117,439,7,9,16,18,12,30,0,1,1,19,10,29,0,0,0,3,3,6,369,152,521,2020-11-30T23:00:00Z
20,78,Donja Dubrava,177,226,403,13,6,19,7,3,10,0,1,1,12,12,24,0,0,0,0,0,0,209,248,457,2020-11-30T23:00:00Z
20,82,Donji Kraljevec,1333,579,1912,36,10,46,52,17,69,3,6,9,78,128,206,0,0,0,5,9,14,1507,749,2256,2020-11-30T23:00:00Z
20,89,Donji Vidovec,50,72,122,2,1,3,5,0,5,1,2,3,3,14,17,0,0,0,0,0,0,61,89,150,2020-11-30T23:00:00Z
21,133,Zagreb,223652,203536,427188,7851,5162,13013,303,194,497,2234,2106,4340,5609,7065,12674,18,2,20,411,553,964,240078,218618,458696,2020-11-30T23:00:00Z
01,101,Dugo Selo,2848,1961,4809,222,96,318,26,21,47,23,24,47,274,245,519,0,0,0,6,16,22,3399,2363,5762,2020-12-31T23:00:00Z
01,114,Farkaševac,176,233,409,7,4,11,28,12,40,0,2,2,38,13,51,0,0,0,0,0,0,249,264,513,2020-12-31T23:00:00Z
01,135,Gradec,162,127,289,13,2,15,13,7,20,0,1,1,40,18,58,0,0,0,0,0,0,228,155,383,2020-12-31T23:00:00Z
01,158,Ivanić-Grad,2960,1609,4569,93,74,167,53,32,85,8,20,28,151,186,337,0,0,0,11,9,20,3276,1930,5206,2020-12-31T23:00:00Z
01,163,Jakovlje,224,199,423,43,8,51,8,12,20,4,2,6,41,40,81,0,0,0,0,0,0,320,261,581,2020-12-31T23:00:00Z
01,169,Jastrebarsko,2180,1559,3739,214,116,330,62,34,96,15,19,34,238,236,474,0,0,0,7,9,16,2716,1973,4689,2020-12-31T23:00:00Z
01,190,Klinča Selo,189,155,344,36,7,43,6,3,9,0,0,0,77,52,129,0,0,0,0,1,1,308,218,526,2020-12-31T23:00:00Z
01,193,Kloštar Ivanić,376,285,661,24,9,33,19,6,25,1,11,12,57,43,100,0,0,0,2,0,2,479,354,833,2020-12-31T23:00:00Z
01,213,Križ,578,395,973,25,21,46,23,13,36,4,6,10,24,65,89,0,0,0,2,1,3,656,501,1157,2020-12-31T23:00:00Z
01,33,Brckovljani,325,318,643,8,4,12,0,0,0,1,2,3,26,15,41,0,0,0,0,0,0,360,339,699,2020-12-31T23:00:00Z
01,331,Pisarovina,388,287,675,26,17,43,24,19,43,1,2,3,21,28,49,0,0,0,2,3,5,462,356,818,2020-12-31T23:00:00Z
01,34,Brdovec,835,705,1540,101,31,132,13,8,21,3,7,10,80,61,141,0,0,0,3,4,7,1035,816,1851,2020-12-31T23:00:00Z
01,356,Preseka,18,10,28,5,2,7,13,12,25,0,1,1,18,6,24,0,0,0,1,1,2,55,32,87,2020-12-31T23:00:00Z
01,362,Pušča,162,195,357,28,14,42,8,2,10,1,3,4,54,22,76,0,0,0,0,0,0,253,236,489,2020-12-31T23:00:00Z
01,376,Rugvica,1016,452,1468,9,5,14,4,2,6,1,2,3,26,23,49,0,0,0,1,0,1,1057,484,1541,2020-12-31T23:00:00Z
01,380,Samobor,5281,3681,8962,486,290,776,28,24,52,43,72,115,517,495,1012,0,0,0,32,26,58,6387,4588,10975,2020-12-31T23:00:00Z
01,429,Sveti Ivan Zelina,2160,1858,4018,167,69,236,79,60,139,14,20,34,246,218,464,0,0,0,9,3,12,2675,2228,4903,2020-12-31T23:00:00Z
01,436,Sveta Nedjelja,5260,3132,8392,218,83,301,8,4,12,10,12,22,334,176,510,0,0,0,8,8,16,5838,3415,9253,2020-12-31T23:00:00Z
01,508,Vrbovec,2163,1923,4086,150,66,216,74,33,107,7,22,29,276,153,429,0,0,0,10,10,20,2680,2207,4887,2020-12-31T23:00:00Z
01,533,Krašić,261,184,445,27,9,36,16,12,28,4,3,7,27,31,58,0,0,0,2,1,3,337,240,577,2020-12-31T23:00:00Z
01,536,Rakovec,29,13,42,10,2,12,12,8,20,0,1,1,21,11,32,0,0,0,0,0,0,72,35,107,2020-12-31T23:00:00Z
01,539,Marija Gorica,88,86,174,14,2,16,0,0,0,1,1,2,23,23,46,0,0,0,0,0,0,126,112,238,2020-12-31T23:00:00Z
01,540,Žumberak,14,21,35,4,2,6,7,5,12,0,0,0,8,8,16,0,0,0,0,0,0,33,36,69,2020-12-31T23:00:00Z
01,541,Velika Gorica,7577,5967,13544,603,335,938,72,31,103,59,62,121,605,534,1139,0,0,0,28,23,51,8944,6952,15896,2020-12-31T23:00:00Z
01,542,Orle,42,35,77,15,1,16,9,6,15,0,0,0,11,4,15,0,0,0,0,0,0,77,46,123,2020-12-31T23:00:00Z
01,543,Zaprešić,3328,2867,6195,210,140,350,15,11,26,34,42,76,243,234,477,0,0,0,18,16,34,3848,3310,7158,2020-12-31T23:00:00Z
01,544,Pokupsko,47,80,127,10,6,16,14,8,22,0,0,0,8,9,17,0,0,0,0,0,0,79,103,182,2020-12-31T23:00:00Z
01,545,Kravarsko,111,89,200,31,7,38,7,7,14,0,0,0,66,15,81,0,0,0,1,0,1,216,118,334,2020-12-31T23:00:00Z
01,547,Bistra,350,530,880,45,24,69,7,5,12,2,8,10,60,51,111,1,0,1,1,3,4,466,621,1087,2020-12-31T23:00:00Z
01,548,Luka,241,78,319,14,2,16,2,4,6,1,1,2,21,17,38,0,0,0,0,0,0,279,102,381,2020-12-31T23:00:00Z
01,549,Dubravica,73,41,114,14,0,14,15,7,22,0,0,0,13,13,26,0,0,0,0,0,0,115,61,176,2020-12-31T23:00:00Z
01,550,Bedenica,198,147,345,12,5,17,7,6,13,1,1,2,18,12,30,0,0,0,0,0,0,236,171,407,2020-12-31T23:00:00Z
01,551,Stupnik,1266,483,1749,22,17,39,0,4,4,2,2,4,22,23,45,0,0,0,0,1,1,1312,530,1842,2020-12-31T23:00:00Z
01,97,Dubrava,300,318,618,39,20,59,66,39,105,4,13,17,68,64,132,0,0,0,5,8,13,482,462,944,2020-12-31T23:00:00Z
02,108,Đurmanec,114,135,249,58,11,69,0,2,2,3,1,4,103,96,199,0,0,0,1,0,1,279,245,524,2020-12-31T23:00:00Z
02,11,Bedekovčina,518,744,1262,88,38,126,7,8,15,6,8,14,125,114,239,0,0,0,3,3,6,747,915,1662,2020-12-31T23:00:00Z
02,125,Gornja Stubica,202,278,480,50,13,63,8,3,11,1,1,2,66,47,113,0,0,0,2,2,4,329,344,673,2020-12-31T23:00:00Z
02,146,Hraščina,48,43,91,8,2,10,2,3,5,0,1,1,4,7,11,0,0,0,0,0,0,62,56,118,2020-12-31T23:00:00Z
02,152,Hum Na Sutli,1624,600,2224,52,30,82,4,0,4,1,7,8,162,70,232,0,0,0,0,2,2,1843,709,2552,2020-12-31T23:00:00Z
02,187,Klanjec,296,250,546,62,22,84,10,7,17,5,1,6,68,48,116,0,0,0,1,3,4,442,331,773,2020-12-31T23:00:00Z
02,200,Konjščina,379,351,730,32,15,47,2,0,2,1,2,3,23,33,56,0,0,0,0,1,1,437,402,839,2020-12-31T23:00:00Z
02,208,Kraljevec Na Sutli,61,48,109,14,6,20,4,2,6,0,0,0,17,7,24,0,0,0,0,2,2,96,65,161,2020-12-31T23:00:00Z
02,211,Krapina,2700,2581,5281,171,81,252,7,5,12,18,19,37,201,171,372,0,0,0,1,3,4,3098,2860,5958,2020-12-31T23:00:00Z
02,212,Krapinske Toplice,569,1156,1725,67,34,101,3,6,9,0,5,5,114,72,186,0,0,0,0,0,0,753,1273,2026,2020-12-31T23:00:00Z
02,236,Lobor,172,207,379,19,9,28,5,5,10,0,0,0,31,14,45,0,0,0,1,1,2,228,236,464,2020-12-31T23:00:00Z
02,248,Mače,105,57,162,27,7,34,4,3,7,1,0,1,52,33,85,0,0,0,0,0,0,189,100,289,2020-12-31T23:00:00Z
02,256,Marija Bistrica,332,313,645,63,41,104,16,6,22,0,5,5,91,73,164,0,0,0,3,5,8,505,443,948,2020-12-31T23:00:00Z
02,265,Mihovljan,104,98,202,32,6,38,6,0,6,0,0,0,67,13,80,0,0,0,1,1,2,210,118,328,2020-12-31T23:00:00Z
02,311,Oroslavje,841,801,1642,77,36,113,9,2,11,5,9,14,88,72,160,0,0,0,4,2,6,1024,922,1946,2020-12-31T23:00:00Z
02,329,Petrovsko,72,48,120,15,2,17,1,0,1,5,0,5,53,11,64,0,0,0,1,0,1,147,61,208,2020-12-31T23:00:00Z
02,352,Pregrada,769,924,1693,108,31,139,4,4,8,6,8,14,151,98,249,0,0,0,0,3,3,1038,1068,2106,2020-12-31T23:00:00Z
02,364,Radoboj,131,98,229,18,10,28,1,1,2,1,2,3,52,19,71,0,0,0,0,1,1,203,131,334,2020-12-31T23:00:00Z
02,41,Budinščina,166,173,339,14,6,20,7,2,9,1,2,3,17,11,28,0,0,0,2,2,4,207,196,403,2020-12-31T23:00:00Z
02,422,Stubičke Toplice,232,393,625,31,15,46,1,1,2,4,6,10,65,28,93,0,0,0,1,1,2,334,444,778,2020-12-31T23:00:00Z
02,430,Sveti Križ Začretje,635,733,1368,73,22,95,9,5,14,2,3,5,138,99,237,0,0,0,5,1,6,862,863,1725,2020-12-31T23:00:00Z
02,466,Tuhelj,124,196,320,18,12,30,4,1,5,1,2,3,30,32,62,0,0,0,0,0,0,177,243,420,2020-12-31T23:00:00Z
02,481,Veliko Trgovišće,491,301,792,51,15,66,4,5,9,2,5,7,101,53,154,0,0,0,4,1,5,653,380,1033,2020-12-31T23:00:00Z
02,519,Zabok,2775,2656,5431,141,78,219,5,4,9,14,18,32,196,331,527,0,0,0,1,3,4,3132,3090,6222,2020-12-31T23:00:00Z
02,521,Zagorska Sela,14,56,70,8,1,9,6,1,7,0,1,1,14,5,19,0,0,0,0,0,0,42,64,106,2020-12-31T23:00:00Z
02,526,Zlatar,511,650,1161,93,43,136,22,14,36,8,9,17,88,75,163,0,0,0,2,5,7,724,796,1520,2020-12-31T23:00:00Z
02,527,Zlatar Bistrica,357,573,930,26,9,35,3,2,5,4,0,4,69,40,109,0,0,0,2,4,6,461,628,1089,2020-12-31T23:00:00Z
02,552,Jesenje,59,58,117,10,1,11,0,1,1,0,0,0,50,7,57,0,0,0,0,0,0,119,67,186,2020-12-31T23:00:00Z
02,553,Kumrovec,86,100,186,18,5,23,2,0,2,2,1,3,23,17,40,0,0,0,0,0,0,131,123,254,2020-12-31T23:00:00Z
02,554,Novi Golubovec,138,53,191,3,2,5,1,0,1,0,0,0,6,2,8,0,0,0,0,0,0,148,57,205,2020-12-31T23:00:00Z
02,70,Desinić,145,285,430,32,7,39,9,1,10,2,1,3,32,26,58,0,0,0,0,0,0,220,320,540,2020-12-31T23:00:00Z
02,79,Donja Stubica,784,752,1536,93,47,140,5,3,8,6,3,9,97,59,156,0,0,0,1,3,4,986,867,1853,2020-12-31T23:00:00Z
03,102,Dvor,257,132,389,13,4,17,65,19,84,0,3,3,9,9,18,0,0,0,2,1,3,346,168,514,2020-12-31T23:00:00Z
03,121,Glina,1111,696,1807,38,20,58,56,23,79,3,13,16,68,68,136,0,0,0,1,0,1,1277,820,2097,2020-12-31T23:00:00Z
03,149,Hrvatska Dubica,90,86,176,8,2,10,12,3,15,0,0,0,5,4,9,0,0,0,0,0,0,115,95,210,2020-12-31T23:00:00Z
03,150,Hrvatska Kostajnica,323,284,607,17,9,26,11,2,13,1,3,4,6,14,20,0,0,0,2,0,2,360,312,672,2020-12-31T23:00:00Z
03,168,Jasenovac,135,147,282,12,3,15,12,7,19,0,0,0,12,7,19,0,0,0,0,0,0,171,164,335,2020-12-31T23:00:00Z
03,220,Kutina,3644,2906,6550,173,103,276,39,22,61,32,22,54,186,244,430,1,0,1,14,8,22,4089,3305,7394,2020-12-31T23:00:00Z
03,228,Lekenik,288,229,517,34,10,44,7,11,18,1,5,6,36,28,64,0,0,0,0,2,2,366,285,651,2020-12-31T23:00:00Z
03,232,Lipovljani,283,262,545,26,11,37,12,3,15,2,0,2,27,38,65,0,0,0,0,1,1,350,315,665,2020-12-31T23:00:00Z
03,259,Martinska Ves,135,65,200,9,2,11,32,17,49,1,0,1,40,16,56,0,0,0,0,0,0,217,100,317,2020-12-31T23:00:00Z
03,293,Novska,1288,1019,2307,163,93,256,33,12,45,8,20,28,244,232,476,0,0,0,4,2,6,1740,1378,3118,2020-12-31T23:00:00Z
03,328,Petrinja,1496,1675,3171,207,81,288,64,20,84,6,28,34,246,258,504,0,0,0,10,8,18,2029,2070,4099,2020-12-31T23:00:00Z
03,347,Popovača,860,955,1815,80,37,117,49,15,64,7,10,17,93,114,207,0,0,0,8,2,10,1097,1133,2230,2020-12-31T23:00:00Z
03,391,Sisak,6914,8120,15034,361,215,576,104,63,167,47,79,126,549,561,1110,0,0,0,24,18,42,7999,9056,17055,2020-12-31T23:00:00Z
03,426,Sunja,185,142,327,23,8,31,41,35,76,1,3,4,13,22,35,0,0,0,2,0,2,265,210,475,2020-12-31T23:00:00Z
03,457,Topusko,236,322,558,19,6,25,4,2,6,3,0,3,27,31,58,0,0,0,1,0,1,290,361,651,2020-12-31T23:00:00Z
03,477,Velika Ludina,105,136,241,10,8,18,13,4,17,0,0,0,27,24,51,0,0,0,0,0,0,155,172,327,2020-12-31T23:00:00Z
03,510,Gvozd,103,110,213,7,3,10,20,3,23,0,0,0,12,9,21,0,0,0,2,0,2,144,125,269,2020-12-31T23:00:00Z
03,555,Majur,98,100,198,0,1,1,5,1,6,0,0,0,2,0,2,0,0,0,0,0,0,105,102,207,2020-12-31T23:00:00Z
03,83,Donji Kukuruzari,37,45,82,4,0,4,4,3,7,0,0,0,2,2,4,0,0,0,1,0,1,48,50,98,2020-12-31T23:00:00Z
04,120,Generalski Stol,32,67,99,20,6,26,1,0,1,0,1,1,22,12,34,0,0,0,0,0,0,75,86,161,2020-12-31T23:00:00Z
04,172,Josipdol,203,162,365,28,17,45,3,9,12,2,1,3,41,55,96,0,0,0,0,1,1,277,245,522,2020-12-31T23:00:00Z
04,179,Karlovac,10519,8654,19173,396,280,676,75,49,124,73,93,166,590,768,1358,0,0,0,18,23,41,11671,9867,21538,2020-12-31T23:00:00Z
04,216,Krnjak,118,70,188,2,2,4,6,3,9,0,0,0,10,3,13,0,0,0,0,0,0,136,78,214,2020-12-31T23:00:00Z
04,225,Lasinja,84,47,131,5,2,7,0,5,5,2,0,2,7,7,14,0,0,0,0,0,0,98,61,159,2020-12-31T23:00:00Z
04,281,Netretić,71,88,159,15,3,18,3,1,4,1,1,2,40,33,73,0,0,0,0,0,0,130,126,256,2020-12-31T23:00:00Z
04,297,Ogulin,1763,1687,3450,149,83,232,33,14,47,9,29,38,131,171,302,0,0,0,6,7,13,2091,1991,4082,2020-12-31T23:00:00Z
04,30,Bosiljevo,105,87,192,5,0,5,0,0,0,1,0,1,32,25,57,0,0,0,0,0,0,143,112,255,2020-12-31T23:00:00Z
04,315,Ozalj,796,588,1384,86,30,116,19,16,35,4,10,14,123,96,219,0,0,0,4,4,8,1032,744,1776,2020-12-31T23:00:00Z
04,333,Plaški,78,105,183,10,4,14,9,2,11,0,0,0,31,20,51,0,0,0,0,0,0,128,131,259,2020-12-31T23:00:00Z
04,365,Rakovica,130,111,241,5,12,17,3,3,6,0,1,1,57,43,100,0,0,0,1,0,1,196,170,366,2020-12-31T23:00:00Z
04,378,Saborsko,15,13,28,2,1,3,1,0,1,0,0,0,7,2,9,0,0,0,0,0,0,25,16,41,2020-12-31T23:00:00Z
04,400,Slunj,332,389,721,45,16,61,25,14,39,3,4,7,122,85,207,0,0,0,2,14,16,529,522,1051,2020-12-31T23:00:00Z
04,49,Cetingrad,65,51,116,6,1,7,3,4,7,0,0,0,9,9,18,0,0,0,0,0,0,83,65,148,2020-12-31T23:00:00Z
04,503,Vojnić,387,243,630,21,13,34,38,9,47,2,0,2,24,33,57,0,0,0,1,4,5,473,302,775,2020-12-31T23:00:00Z
04,530,Žakanje,137,96,233,24,12,36,7,1,8,1,0,1,28,35,63,0,0,0,0,1,1,197,145,342,2020-12-31T23:00:00Z
04,556,Ribnik,6,3,9,10,4,14,1,2,3,0,0,0,7,11,18,0,0,0,0,0,0,24,20,44,2020-12-31T23:00:00Z
04,557,Tounj,68,27,95,3,0,3,0,0,0,0,0,0,3,4,7,0,0,0,0,0,0,74,31,105,2020-12-31T23:00:00Z
04,623,Kamanje,156,104,260,3,3,6,0,0,0,0,0,0,3,15,18,0,0,0,0,0,0,162,122,284,2020-12-31T23:00:00Z
04,7,Barilovići,271,150,421,20,9,29,7,1,8,0,1,1,121,34,155,0,0,0,0,0,0,419,195,614,2020-12-31T23:00:00Z
04,90,Draganić,135,103,238,12,4,16,7,3,10,1,2,3,21,34,55,0,0,0,0,0,0,176,146,322,2020-12-31T23:00:00Z
04,99,Duga Resa,1109,980,2089,133,62,195,16,15,31,5,17,22,185,201,386,0,0,0,4,8,12,1452,1283,2735,2020-12-31T23:00:00Z
05,12,Bednja,200,160,360,22,8,30,2,8,10,2,1,3,17,20,37,0,0,0,0,0,0,243,197,440,2020-12-31T23:00:00Z
05,129,Gornji Kneginec,517,1224,1741,46,25,71,12,4,16,1,7,8,84,59,143,0,0,0,6,6,12,666,1325,1991,2020-12-31T23:00:00Z
05,151,Breznički Hum,190,143,333,13,5,18,8,8,16,0,2,2,19,16,35,0,0,0,3,4,7,233,178,411,2020-12-31T23:00:00Z
05,156,Ivanec,1945,1712,3657,158,65,223,15,11,26,12,16,28,287,254,541,0,0,0,7,17,24,2424,2075,4499,2020-12-31T23:00:00Z
05,165,Jalžabet,730,1039,1769,21,3,24,10,6,16,0,3,3,34,20,54,0,0,0,0,1,1,795,1072,1867,2020-12-31T23:00:00Z
05,189,Klenovnik,94,51,145,8,4,12,1,1,2,1,2,3,24,25,49,0,0,0,2,0,2,130,83,213,2020-12-31T23:00:00Z
05,19,Beretinec,66,35,101,18,2,20,3,3,6,0,1,1,18,21,39,0,0,0,1,1,2,106,63,169,2020-12-31T23:00:00Z
05,229,Lepoglava,1187,561,1748,51,30,81,7,4,11,1,5,6,97,72,169,0,0,0,2,7,9,1345,679,2024,2020-12-31T23:00:00Z
05,244,Ludbreg,1741,1434,3175,104,58,162,42,35,77,9,14,23,239,178,417,0,0,0,5,10,15,2140,1729,3869,2020-12-31T23:00:00Z
05,247,Ljubešćica,315,135,450,31,6,37,1,0,1,1,3,4,106,27,133,0,0,0,1,0,1,455,171,626,2020-12-31T23:00:00Z
05,251,Mali Bukovec,33,85,118,13,6,19,28,16,44,0,2,2,101,36,137,0,0,0,0,1,1,175,146,321,2020-12-31T23:00:00Z
05,260,Maruševec,361,275,636,46,25,71,26,26,52,3,5,8,99,45,144,0,0,0,4,2,6,539,378,917,2020-12-31T23:00:00Z
05,289,Novi Marof,1212,1193,2405,156,67,223,18,10,28,8,14,22,277,170,447,0,0,0,5,3,8,1676,1457,3133,2020-12-31T23:00:00Z
05,326,Petrijanec,376,658,1034,26,7,33,18,9,27,1,3,4,86,81,167,0,0,0,0,1,1,507,759,1266,2020-12-31T23:00:00Z
05,36,Breznica,159,53,212,18,3,21,4,5,9,1,6,7,18,13,31,0,0,0,0,0,0,200,80,280,2020-12-31T23:00:00Z
05,410,Sračinec,227,242,469,42,10,52,2,2,4,1,6,7,79,56,135,0,0,0,0,2,2,351,318,669,2020-12-31T23:00:00Z
05,437,Sveti Đurđ,71,93,164,30,4,34,29,9,38,3,1,4,39,31,70,0,0,0,1,0,1,173,138,311,2020-12-31T23:00:00Z
05,438,Sveti Ilija,146,157,303,13,8,21,2,1,3,1,4,5,48,26,74,0,0,0,1,0,1,211,196,407,2020-12-31T23:00:00Z
05,462,Trnovec Bartolovečki,1324,1559,2883,67,13,80,18,7,25,2,3,5,198,83,281,0,0,0,0,1,1,1609,1666,3275,2020-12-31T23:00:00Z
05,472,Varaždin,16252,15062,31314,475,329,804,39,25,64,80,123,203,518,624,1142,0,0,0,23,22,45,17387,16185,33572,2020-12-31T23:00:00Z
05,473,Varaždinske Toplice,579,439,1018,49,17,66,9,7,16,2,7,9,197,48,245,0,0,0,2,2,4,838,520,1358,2020-12-31T23:00:00Z
05,48,Cestica,412,367,779,46,24,70,13,20,33,1,4,5,94,74,168,0,0,0,0,2,2,566,491,1057,2020-12-31T23:00:00Z
05,484,Vidovec,222,227,449,53,16,69,69,31,100,2,6,8,106,89,195,0,0,0,0,0,0,452,369,821,2020-12-31T23:00:00Z
05,486,Vinica,264,207,471,23,9,32,6,5,11,1,5,6,30,23,53,0,0,0,0,1,1,324,250,574,2020-12-31T23:00:00Z
05,493,Visoko,90,45,135,17,0,17,6,4,10,0,1,1,22,22,44,0,0,0,1,0,1,136,72,208,2020-12-31T23:00:00Z
05,558,Veliki Bukovec,409,319,728,5,3,8,28,15,43,0,2,2,36,26,62,0,0,0,0,0,0,478,365,843,2020-12-31T23:00:00Z
05,80,Donja Voća,82,53,135,8,1,9,7,9,16,0,1,1,30,20,50,0,0,0,0,0,0,127,84,211,2020-12-31T23:00:00Z
05,85,Donji Martijanec,339,179,518,25,8,33,23,6,29,1,2,3,57,33,90,0,0,0,0,0,0,445,228,673,2020-12-31T23:00:00Z
06,104,Đelekovec,21,44,65,18,7,25,46,13,59,0,1,1,15,9,24,0,0,0,4,1,5,104,75,179,2020-12-31T23:00:00Z
06,107,Đurđevac,1294,1050,2344,80,41,121,81,54,135,11,11,22,83,75,158,0,0,0,12,7,19,1561,1238,2799,2020-12-31T23:00:00Z
06,115,Ferdinandovac,29,80,109,9,2,11,46,35,81,1,1,2,8,6,14,0,0,0,0,1,1,93,125,218,2020-12-31T23:00:00Z
06,122,Gola,167,153,320,11,2,13,95,42,137,0,3,3,7,19,26,0,0,0,3,0,3,283,219,502,2020-12-31T23:00:00Z
06,145,Hlebine,9,21,30,1,0,1,13,6,19,1,0,1,1,11,12,0,0,0,1,0,1,26,38,64,2020-12-31T23:00:00Z
06,194,Kloštar Podravski,164,143,307,19,10,29,43,35,78,0,1,1,28,38,66,0,0,0,1,1,2,255,228,483,2020-12-31T23:00:00Z
06,201,Koprivnica,7021,7434,14455,323,178,501,60,28,88,58,72,130,375,411,786,0,1,1,21,19,40,7858,8143,16001,2020-12-31T23:00:00Z
06,202,Koprivnički Bregi,73,73,146,14,5,19,23,5,28,0,1,1,27,11,38,0,0,0,1,0,1,138,95,233,2020-12-31T23:00:00Z
06,203,Koprivnički Ivanec,61,51,112,24,2,26,21,6,27,0,1,1,24,9,33,0,0,0,0,1,1,130,70,200,2020-12-31T23:00:00Z
06,214,Križevci,3247,3454,6701,157,92,249,246,194,440,14,26,40,239,203,442,0,0,0,10,7,17,3913,3976,7889,2020-12-31T23:00:00Z
06,227,Legrad,49,69,118,12,4,16,22,11,33,0,2,2,24,18,42,0,0,0,0,0,0,107,104,211,2020-12-31T23:00:00Z
06,270,Molve,237,114,351,6,9,15,63,30,93,1,2,3,33,21,54,0,0,0,2,1,3,342,177,519,2020-12-31T23:00:00Z
06,292,Novigrad Podravski,85,123,208,9,2,11,21,11,32,0,2,2,14,17,31,0,0,0,1,1,2,130,156,286,2020-12-31T23:00:00Z
06,324,Peteranec,79,42,121,14,4,18,21,9,30,0,1,1,27,12,39,0,0,0,1,0,1,142,68,210,2020-12-31T23:00:00Z
06,366,Rasinja,51,72,123,18,4,22,55,24,79,2,1,3,24,26,50,0,0,0,2,2,4,152,129,281,2020-12-31T23:00:00Z
06,405,Sokolovac,206,67,273,16,2,18,42,20,62,4,5,9,26,10,36,0,0,0,0,0,0,294,104,398,2020-12-31T23:00:00Z
06,439,Sveti Ivan Žabno,258,207,465,37,18,55,100,60,160,1,2,3,51,51,102,0,0,0,0,1,1,447,339,786,2020-12-31T23:00:00Z
06,442,Sveti Petar Orehovec,123,104,227,30,5,35,153,143,296,0,1,1,29,15,44,0,0,0,2,0,2,337,268,605,2020-12-31T23:00:00Z
06,490,Virje,272,202,474,30,9,39,46,29,75,3,2,5,29,37,66,0,0,0,3,2,5,383,281,664,2020-12-31T23:00:00Z
06,559,Kalinovac,407,88,495,4,1,5,10,2,12,0,0,0,7,9,16,0,0,0,2,0,2,430,100,530,2020-12-31T23:00:00Z
06,560,Kalnik,39,51,90,3,4,7,19,26,45,0,1,1,6,4,10,0,0,0,0,0,0,67,86,153,2020-12-31T23:00:00Z
06,561,Novo Virje,47,38,85,2,0,2,43,28,71,0,0,0,14,5,19,0,0,0,0,0,0,106,71,177,2020-12-31T23:00:00Z
06,616,Podravske Sesvete,100,92,192,2,5,7,23,14,37,2,0,2,5,10,15,0,0,0,0,1,1,132,122,254,2020-12-31T23:00:00Z
06,618,Gornja Reka,81,84,165,6,3,9,8,8,16,0,0,0,7,4,11,0,0,0,0,0,0,102,99,201,2020-12-31T23:00:00Z
06,96,Drnje,105,112,217,9,1,10,20,9,29,0,5,5,7,10,17,0,0,0,0,0,0,141,137,278,2020-12-31T23:00:00Z
07,105,Đulovac,248,56,304,9,7,16,35,14,49,1,7,8,104,22,126,0,0,0,0,0,0,397,106,503,2020-12-31T23:00:00Z
07,119,Garešnica,1052,1054,2106,52,31,83,59,36,95,14,19,33,100,122,222,0,0,0,3,5,8,1280,1267,2547,2020-12-31T23:00:00Z
07,139,Grubišno Polje,598,494,1092,32,23,55,107,44,151,6,6,12,66,68,134,0,0,0,4,4,8,813,639,1452,2020-12-31T23:00:00Z
07,144,Hercegovac,126,162,288,17,4,21,49,16,65,1,2,3,42,35,77,0,0,0,1,2,3,236,221,457,2020-12-31T23:00:00Z
07,161,Ivanska,125,83,208,4,3,7,49,13,62,2,2,4,83,24,107,0,0,0,2,2,4,265,127,392,2020-12-31T23:00:00Z
07,176,Kapela,84,91,175,4,3,7,47,28,75,0,1,1,20,8,28,0,0,0,2,0,2,157,131,288,2020-12-31T23:00:00Z
07,18,Berek,55,49,104,5,1,6,20,19,39,0,0,0,8,7,15,0,0,0,0,0,0,88,76,164,2020-12-31T23:00:00Z
07,199,Končanica,110,90,200,8,2,10,34,17,51,0,1,1,17,14,31,0,0,0,2,2,4,171,126,297,2020-12-31T23:00:00Z
07,24,Bjelovar,7020,6711,13731,290,170,460,206,114,320,55,83,138,413,490,903,1,0,1,17,20,37,8002,7588,15590,2020-12-31T23:00:00Z
07,287,Nova Rača,99,121,220,8,1,9,83,33,116,0,2,2,33,15,48,0,0,0,0,0,0,223,172,395,2020-12-31T23:00:00Z
07,375,Rovišće,181,222,403,24,10,34,54,34,88,1,3,4,23,40,63,0,0,0,0,1,1,283,310,593,2020-12-31T23:00:00Z
07,390,Sirač,255,139,394,11,2,13,8,3,11,2,1,3,23,7,30,0,0,0,0,2,2,299,154,453,2020-12-31T23:00:00Z
07,450,Štefanje,49,55,104,7,2,9,33,14,47,0,2,2,31,19,50,0,0,0,0,0,0,120,92,212,2020-12-31T23:00:00Z
07,478,Velika Pisanica,71,80,151,3,2,5,34,16,50,1,0,1,8,8,16,0,0,0,0,0,0,117,106,223,2020-12-31T23:00:00Z
07,480,Veliki Grđevac,145,113,258,9,4,13,75,31,106,1,2,3,72,26,98,0,0,0,1,0,1,303,176,479,2020-12-31T23:00:00Z
07,483,Veliko Trojstvo,62,107,169,15,4,19,13,12,25,0,0,0,47,23,70,0,0,0,1,1,2,138,147,285,2020-12-31T23:00:00Z
07,562,Severin,75,26,101,1,0,1,16,13,29,0,0,0,16,30,46,0,0,0,0,0,0,108,69,177,2020-12-31T23:00:00Z
07,564,Šandrovac,23,55,78,4,0,4,10,7,17,1,0,1,14,6,20,0,0,0,0,0,0,52,68,120,2020-12-31T23:00:00Z
07,565,Velika Trnovitica,65,55,120,6,2,8,34,22,56,1,0,1,21,9,30,0,0,0,1,1,2,128,89,217,2020-12-31T23:00:00Z
07,566,Zrinski Topolovac,7,28,35,2,1,3,35,21,56,0,0,0,5,2,7,0,0,0,2,1,3,51,53,104,2020-12-31T23:00:00Z
07,63,Čazma,1175,810,1985,52,18,70,61,45,106,6,7,13,96,68,164,0,0,0,3,3,6,1393,951,2344,2020-12-31T23:00:00Z
07,67,Daruvar,1469,1693,3162,83,51,134,45,20,65,15,21,36,137,176,313,0,0,0,3,7,10,1752,1968,3720,2020-12-31T23:00:00Z
07,71,Dežanovac,113,81,194,10,2,12,75,39,114,0,0,0,36,15,51,0,0,0,0,1,1,234,138,372,2020-12-31T23:00:00Z
08,117,Fužine,252,197,449,17,11,28,0,1,1,6,1,7,18,20,38,0,0,0,1,0,1,294,230,524,2020-12-31T23:00:00Z
08,170,Jelenje,270,250,520,98,40,138,6,3,9,32,8,40,58,37,95,0,0,0,4,2,6,468,340,808,2020-12-31T23:00:00Z
08,180,Kastav,1041,793,1834,123,57,180,4,1,5,50,9,59,108,77,185,3,0,3,6,6,12,1335,943,2278,2020-12-31T23:00:00Z
08,186,Klana,406,220,626,23,8,31,2,1,3,3,1,4,14,11,25,0,0,0,1,1,2,449,242,691,2020-12-31T23:00:00Z
08,209,Kraljevica,338,258,596,37,25,62,2,1,3,50,8,58,22,31,53,1,0,1,1,7,8,451,330,781,2020-12-31T23:00:00Z
08,215,Krk,1872,1136,3008,216,78,294,14,8,22,29,14,43,237,159,396,0,0,0,8,9,17,2376,1404,3780,2020-12-31T23:00:00Z
08,237,Lokve,114,98,212,12,5,17,0,0,0,0,2,2,8,9,17,0,0,0,0,1,1,134,115,249,2020-12-31T23:00:00Z
08,242,Lovran,400,566,966,78,27,105,2,2,4,14,10,24,40,55,95,0,0,0,4,8,12,538,668,1206,2020-12-31T23:00:00Z
08,252,Mali Lošinj,1306,1316,2622,218,72,290,27,8,35,35,16,51,161,142,303,0,0,0,13,8,21,1760,1562,3322,2020-12-31T23:00:00Z
08,253,Malinska-Dubašnica,488,753,1241,128,54,182,8,8,16,9,4,13,148,120,268,0,0,0,9,3,12,790,942,1732,2020-12-31T23:00:00Z
08,261,Matulji,1429,1042,2471,211,117,328,13,6,19,44,16,60,157,161,318,0,0,0,7,12,19,1861,1354,3215,2020-12-31T23:00:00Z
08,273,Mošćenička Draga,71,50,121,47,11,58,0,1,1,5,2,7,38,15,53,0,0,0,4,5,9,165,84,249,2020-12-31T23:00:00Z
08,275,Mrkopalj,62,45,107,16,2,18,2,0,2,1,0,1,11,11,22,0,0,0,1,0,1,93,58,151,2020-12-31T23:00:00Z
08,290,Novi Vinodolski,483,382,865,99,46,145,6,4,10,13,7,20,97,64,161,0,0,0,1,4,5,699,507,1206,2020-12-31T23:00:00Z
08,301,Omišalj,621,364,985,75,18,93,2,0,2,14,6,20,66,31,97,0,0,0,1,3,4,779,422,1201,2020-12-31T23:00:00Z
08,302,Opatija,2026,2503,4529,178,100,278,8,4,12,56,29,85,88,142,230,0,1,1,11,17,28,2367,2796,5163,2020-12-31T23:00:00Z
08,360,Punat,287,132,419,54,21,75,4,0,4,8,2,10,57,31,88,0,0,0,1,1,2,411,187,598,2020-12-31T23:00:00Z
08,363,Rab,926,1030,1956,279,71,350,13,4,17,16,12,28,199,159,358,0,0,0,11,10,21,1444,1286,2730,2020-12-31T23:00:00Z
08,369,Ravna Gora,280,289,569,30,10,40,2,0,2,2,1,3,37,29,66,0,0,0,1,2,3,352,331,683,2020-12-31T23:00:00Z
08,373,Rijeka,27125,27866,54991,1156,964,2120,26,17,43,1057,371,1428,851,1262,2113,21,0,21,109,136,245,30345,30616,60961,2020-12-31T23:00:00Z
08,38,Brod Moravice,39,42,81,11,1,12,0,0,0,0,1,1,22,8,30,0,0,0,1,0,1,73,52,125,2020-12-31T23:00:00Z
08,393,Skrad,44,43,87,5,3,8,1,1,2,1,1,2,3,7,10,0,0,0,0,0,0,54,55,109,2020-12-31T23:00:00Z
08,4,Bakar,1912,898,2810,59,35,94,3,0,3,75,11,86,73,67,140,0,0,0,5,9,14,2127,1020,3147,2020-12-31T23:00:00Z
08,488,Vinodolska Općina,170,149,319,56,21,77,1,0,1,9,1,10,42,10,52,1,0,1,2,3,5,281,184,465,2020-12-31T23:00:00Z
08,495,Viškovo,1678,1056,2734,190,98,288,5,4,9,54,16,70,151,123,274,0,0,0,6,12,18,2084,1309,3393,2020-12-31T23:00:00Z
08,507,Vrbnik,129,80,209,30,10,40,8,6,14,3,0,3,26,20,46,0,0,0,0,1,1,196,117,313,2020-12-31T23:00:00Z
08,509,Vrbovsko,366,290,656,56,21,77,3,3,6,2,5,7,69,43,112,0,0,0,1,0,1,497,362,859,2020-12-31T23:00:00Z
08,52,Cres,508,378,886,76,23,99,13,3,16,13,3,16,42,62,104,0,0,0,5,5,10,657,474,1131,2020-12-31T23:00:00Z
08,53,Crikvenica,1130,1492,2622,205,110,315,4,1,5,40,23,63,189,161,350,0,0,0,8,14,22,1576,1801,3377,2020-12-31T23:00:00Z
08,538,Kostrena,389,263,652,33,22,55,2,0,2,74,7,81,17,26,43,0,0,0,1,3,4,516,321,837,2020-12-31T23:00:00Z
08,55,Čabar,365,280,645,51,18,69,2,2,4,5,0,5,147,50,197,0,0,0,1,2,3,571,352,923,2020-12-31T23:00:00Z
08,61,Čavle,650,500,1150,81,50,131,1,1,2,29,9,38,96,81,177,0,0,0,2,2,4,859,643,1502,2020-12-31T23:00:00Z
08,624,Lopar,48,37,85,17,3,20,0,0,0,1,0,1,10,13,23,0,0,0,0,0,0,76,53,129,2020-12-31T23:00:00Z
08,69,Delnice,1128,736,1864,74,46,120,4,1,5,10,14,24,70,90,160,0,0,0,3,5,8,1289,892,2181,2020-12-31T23:00:00Z
08,74,Dobrinj,126,54,180,45,18,63,0,2,2,3,2,5,70,41,111,0,0,0,2,2,4,246,119,365,2020-12-31T23:00:00Z
08,8,Baška,150,174,324,40,23,63,6,2,8,3,3,6,22,25,47,0,0,0,6,2,8,227,229,456,2020-12-31T23:00:00Z
09,130,Gospić,2207,2220,4427,100,55,155,68,37,105,13,9,22,123,153,276,0,0,0,9,7,16,2520,2481,5001,2020-12-31T23:00:00Z
09,178,Karlobag,76,84,160,9,3,12,6,1,7,3,0,3,7,4,11,0,0,0,1,2,3,102,94,196,2020-12-31T23:00:00Z
09,240,Lovinac,177,67,244,2,0,2,2,1,3,0,0,0,1,1,2,0,0,0,0,0,0,182,69,251,2020-12-31T23:00:00Z
09,288,Novalja,624,517,1141,115,24,139,22,7,29,3,3,6,153,66,219,0,0,0,5,7,12,922,624,1546,2020-12-31T23:00:00Z
09,313,Otočac,835,866,1701,93,37,130,52,26,78,8,7,15,115,110,225,0,0,0,5,7,12,1108,1053,2161,2020-12-31T23:00:00Z
09,323,Perušić,346,222,568,22,6,28,27,24,51,0,1,1,18,23,41,0,0,0,0,0,0,413,276,689,2020-12-31T23:00:00Z
09,37,Brinje,337,194,531,21,6,27,9,5,14,0,1,1,15,21,36,0,0,0,3,0,3,385,227,612,2020-12-31T23:00:00Z
09,387,Senj,711,613,1324,99,45,144,6,4,10,15,9,24,93,99,192,0,0,0,4,10,14,928,780,1708,2020-12-31T23:00:00Z
09,455,Plitvička Jezera,646,666,1312,44,24,68,63,13,76,1,6,7,181,136,317,0,0,0,2,0,2,937,845,1782,2020-12-31T23:00:00Z
09,467,Udbina,133,119,252,11,6,17,35,10,45,0,0,0,11,14,25,0,0,0,3,2,5,193,151,344,2020-12-31T23:00:00Z
09,512,Vrhovine,95,39,134,3,3,6,5,1,6,0,0,0,4,5,9,0,0,0,0,0,0,107,48,155,2020-12-31T23:00:00Z
09,84,Donji Lapac,98,74,172,6,4,10,23,6,29,0,0,0,9,5,14,0,0,0,0,0,0,136,89,225,2020-12-31T23:00:00Z
10,136,Gradina,85,84,169,13,5,18,129,42,171,2,0,2,42,25,67,0,0,0,0,0,0,271,156,427,2020-12-31T23:00:00Z
10,245,Lukač,185,118,303,14,4,18,39,14,53,1,0,1,50,25,75,0,0,0,1,1,2,290,162,452,2020-12-31T23:00:00Z
10,266,Mikleuš,86,47,133,8,1,9,13,6,19,0,0,0,11,11,22,0,0,0,0,0,0,118,65,183,2020-12-31T23:00:00Z
10,283,Nova Bukovica,45,41,86,8,5,13,37,6,43,1,0,1,21,18,39,0,0,0,1,0,1,113,70,183,2020-12-31T23:00:00Z
10,307,Orahovica,936,684,1620,61,40,101,14,2,16,9,11,20,108,96,204,0,0,0,0,5,5,1128,838,1966,2020-12-31T23:00:00Z
10,332,Pitomača,612,608,1220,78,42,120,153,85,238,2,10,12,181,158,339,0,0,0,3,3,6,1029,906,1935,2020-12-31T23:00:00Z
10,395,Slatina,1431,1388,2819,144,69,213,129,44,173,13,23,36,211,245,456,0,0,0,2,6,8,1930,1775,3705,2020-12-31T23:00:00Z
10,407,Sopje,141,47,188,4,2,6,86,27,113,0,0,0,18,19,37,0,0,0,0,0,0,249,95,344,2020-12-31T23:00:00Z
10,424,Suhopolje,241,234,475,25,19,44,96,45,141,1,1,2,48,43,91,0,0,0,3,0,3,414,342,756,2020-12-31T23:00:00Z
10,449,Špišić Bukovica,125,136,261,19,7,26,162,64,226,1,3,4,28,46,74,0,0,0,3,2,5,338,258,596,2020-12-31T23:00:00Z
10,491,Virovitica,3993,3946,7939,172,92,264,89,30,119,34,22,56,373,353,726,0,0,0,13,11,24,4674,4454,9128,2020-12-31T23:00:00Z
10,499,Voćin,144,99,243,9,4,13,27,34,61,0,0,0,12,6,18,0,0,0,0,0,0,192,143,335,2020-12-31T23:00:00Z
10,524,Zdenci,112,85,197,6,3,9,17,8,25,0,2,2,11,13,24,0,0,0,2,1,3,148,112,260,2020-12-31T23:00:00Z
10,54,Crnac,26,24,50,14,4,18,19,9,28,0,2,2,18,11,29,0,0,0,0,0,0,77,50,127,2020-12-31T23:00:00Z
10,56,Čačinci,164,85,249,18,10,28,18,9,27,0,7,7,20,32,52,0,0,0,2,0,2,222,143,365,2020-12-31T23:00:00Z
10,57,Čađavica,89,66,155,14,9,23,71,20,91,0,0,0,44,24,68,0,0,0,1,0,1,219,119,338,2020-12-31T23:00:00Z
11,164,Jakšić,129,132,261,24,2,26,26,7,33,0,2,2,39,14,53,0,0,0,0,0,0,218,157,375,2020-12-31T23:00:00Z
11,177,Kaptol,89,101,190,16,1,17,24,3,27,0,1,1,39,8,47,0,0,0,0,1,1,168,115,283,2020-12-31T23:00:00Z
11,221,Kutjevo,588,393,981,49,15,64,57,27,84,2,4,6,80,77,157,0,0,0,6,3,9,782,519,1301,2020-12-31T23:00:00Z
11,231,Lipik,729,597,1326,28,12,40,22,10,32,1,11,12,45,50,95,0,0,0,3,0,3,828,680,1508,2020-12-31T23:00:00Z
11,318,Pakrac,584,1065,1649,83,30,113,46,18,64,13,20,33,161,91,252,0,0,0,5,4,9,892,1228,2120,2020-12-31T23:00:00Z
11,334,Pleternica,555,419,974,81,26,107,52,16,68,3,7,10,154,116,270,0,0,0,4,3,7,849,587,1436,2020-12-31T23:00:00Z
11,35,Brestovac,112,115,227,11,3,14,16,4,20,1,1,2,23,9,32,0,0,0,0,1,1,163,133,296,2020-12-31T23:00:00Z
11,351,Požega,5118,4405,9523,297,148,445,107,35,142,42,110,152,401,354,755,0,1,1,13,28,41,5978,5081,11059,2020-12-31T23:00:00Z
11,475,Velika,276,277,553,18,9,27,24,4,28,2,3,5,43,35,78,0,0,0,1,0,1,364,328,692,2020-12-31T23:00:00Z
11,58,Čaglin,87,146,233,9,2,11,21,5,26,0,1,1,14,11,25,0,0,0,0,0,0,131,165,296,2020-12-31T23:00:00Z
12,10,Bebrina,29,60,89,7,7,14,16,8,24,1,0,1,11,7,18,0,0,0,0,0,0,64,82,146,2020-12-31T23:00:00Z
12,118,Garčin,124,153,277,28,9,37,26,14,40,0,0,0,22,21,43,0,0,0,0,0,0,200,197,397,2020-12-31T23:00:00Z
12,127,Gornji Bogićevci,53,37,90,8,2,10,9,2,11,0,0,0,14,19,33,0,0,0,0,0,0,84,60,144,2020-12-31T23:00:00Z
12,140,Gundinci,66,49,115,11,3,14,54,22,76,0,0,0,13,8,21,0,0,0,1,0,1,145,82,227,2020-12-31T23:00:00Z
12,185,Klakar,78,51,129,17,3,20,22,4,26,0,1,1,13,16,29,0,0,0,1,1,2,131,76,207,2020-12-31T23:00:00Z
12,284,Nova Gradiška,2041,2057,4098,143,89,232,25,16,41,23,20,43,247,289,536,0,0,0,3,3,6,2482,2474,4956,2020-12-31T23:00:00Z
12,285,Nova Kapela,142,208,350,21,15,36,23,8,31,1,3,4,52,48,100,0,0,0,1,0,1,240,282,522,2020-12-31T23:00:00Z
12,299,Okučani,192,141,333,25,5,30,9,1,10,0,1,1,44,26,70,0,0,0,1,3,4,271,177,448,2020-12-31T23:00:00Z
12,303,Oprisavci,212,152,364,9,0,9,32,10,42,1,0,1,8,16,24,0,0,0,0,1,1,262,179,441,2020-12-31T23:00:00Z
12,309,Oriovac,266,282,548,36,19,55,21,12,33,2,2,4,67,55,122,0,0,0,0,1,1,392,371,763,2020-12-31T23:00:00Z
12,338,Podcrkavlje,61,40,101,15,0,15,6,3,9,0,1,1,20,5,25,0,0,0,0,1,1,102,50,152,2020-12-31T23:00:00Z
12,372,Rešetari,208,192,400,35,8,43,19,8,27,4,1,5,78,39,117,0,0,0,2,2,4,346,250,596,2020-12-31T23:00:00Z
12,388,Sibinj,109,171,280,51,11,62,17,1,18,0,1,1,53,36,89,0,0,0,2,2,4,232,222,454,2020-12-31T23:00:00Z
12,39,Brodski Stupnik,70,72,142,16,9,25,5,3,8,2,1,3,78,38,116,0,0,0,0,0,0,171,123,294,2020-12-31T23:00:00Z
12,396,Slavonski Brod,13200,9079,22279,578,320,898,47,34,81,75,84,159,919,920,1839,1,0,1,18,19,37,14838,10456,25294,2020-12-31T23:00:00Z
12,397,Slavonski Šamac,51,60,111,9,3,12,15,6,21,0,1,1,10,3,13,0,0,0,0,0,0,85,73,158,2020-12-31T23:00:00Z
12,412,Stara Gradiška,139,75,214,4,1,5,8,2,10,0,0,0,16,6,22,0,0,0,0,0,0,167,84,251,2020-12-31T23:00:00Z
12,418,Staro Petrovo Selo,186,159,345,29,9,38,39,16,55,1,2,3,95,43,138,0,0,0,0,1,1,350,230,580,2020-12-31T23:00:00Z
12,46,Cernik,156,208,364,25,10,35,9,4,13,3,2,5,50,24,74,0,0,0,0,3,3,243,251,494,2020-12-31T23:00:00Z
12,476,Velika Kopanica,170,121,291,22,7,29,28,16,44,1,1,2,30,28,58,0,0,0,2,1,3,253,174,427,2020-12-31T23:00:00Z
12,506,Vrbje,31,43,74,8,0,8,19,1,20,0,0,0,28,23,51,0,0,0,0,1,1,86,68,154,2020-12-31T23:00:00Z
12,514,Vrpolje,199,122,321,25,6,31,39,16,55,0,2,2,14,11,25,0,0,0,0,0,0,277,157,434,2020-12-31T23:00:00Z
12,567,Bukovlje,130,73,203,14,6,20,1,0,1,1,0,1,10,16,26,0,0,0,0,0,0,156,95,251,2020-12-31T23:00:00Z
12,568,Dragalić,34,56,90,7,0,7,5,2,7,0,0,0,4,5,9,0,0,0,0,1,1,50,64,114,2020-12-31T23:00:00Z
12,569,Gornja Vrba,288,427,715,10,2,12,1,0,1,0,1,1,17,17,34,0,0,0,0,0,0,316,447,763,2020-12-31T23:00:00Z
12,570,Sikirevci,41,63,104,16,4,20,37,12,49,0,0,0,16,6,22,0,0,0,1,1,2,111,86,197,2020-12-31T23:00:00Z
12,68,Davor,102,102,204,11,6,17,13,4,17,0,0,0,13,16,29,0,0,0,1,1,2,140,129,269,2020-12-31T23:00:00Z
12,81,Donji Andrijevci,128,101,229,21,12,33,18,4,22,1,1,2,23,20,43,0,0,0,0,1,1,191,139,330,2020-12-31T23:00:00Z
13,131,Gračac,236,246,482,21,15,36,61,20,81,2,1,3,30,37,67,0,0,0,0,1,1,350,320,670,2020-12-31T23:00:00Z
13,167,Jasenice,139,61,200,13,1,14,4,3,7,1,0,1,12,7,19,0,0,0,0,0,0,169,72,241,2020-12-31T23:00:00Z
13,17,Benkovac,1133,952,2085,92,31,123,82,51,133,11,13,24,190,123,313,0,0,0,7,5,12,1515,1175,2690,2020-12-31T23:00:00Z
13,173,Kali,329,112,441,27,12,39,3,1,4,17,1,18,56,25,81,0,0,0,0,1,1,432,152,584,2020-12-31T23:00:00Z
13,20,Bibinje,194,189,383,48,19,67,4,0,4,2,2,4,64,61,125,0,0,0,2,2,4,314,273,587,2020-12-31T23:00:00Z
13,22,Biograd Na Moru,1066,1312,2378,114,64,178,27,17,44,16,9,25,135,197,332,1,0,1,4,10,14,1363,1609,2972,2020-12-31T23:00:00Z
13,234,Lišane Ostrovičke,30,31,61,8,3,11,1,0,1,0,0,0,4,5,9,0,0,0,0,0,0,43,39,82,2020-12-31T23:00:00Z
13,282,Nin,440,354,794,38,12,50,9,4,13,4,2,6,44,31,75,0,0,0,0,0,0,535,403,938,2020-12-31T23:00:00Z
13,296,Obrovac,330,224,554,27,11,38,27,7,34,2,4,6,13,32,45,0,0,0,4,6,10,403,284,687,2020-12-31T23:00:00Z
13,316,Pag,459,394,853,63,23,86,27,10,37,5,6,11,58,50,108,0,0,0,8,3,11,620,486,1106,2020-12-31T23:00:00Z
13,317,Pakoštane,336,291,627,50,20,70,9,9,18,7,2,9,84,62,146,0,0,0,5,0,5,491,384,875,2020-12-31T23:00:00Z
13,320,Pašman,100,108,208,43,9,52,3,3,6,14,0,14,37,21,58,0,0,0,2,1,3,199,142,341,2020-12-31T23:00:00Z
13,344,Polača,99,53,152,17,4,21,3,1,4,1,0,1,8,14,22,0,0,0,1,2,3,129,74,203,2020-12-31T23:00:00Z
13,345,Poličnik,377,310,687,46,5,51,8,9,17,6,1,7,37,17,54,0,0,0,2,1,3,476,343,819,2020-12-31T23:00:00Z
13,349,Posedarje,146,160,306,31,11,42,5,7,12,13,0,13,34,33,67,0,0,0,1,3,4,230,214,444,2020-12-31T23:00:00Z
13,354,Preko,257,398,655,36,10,46,5,5,10,27,4,31,40,26,66,0,0,0,0,5,5,365,448,813,2020-12-31T23:00:00Z
13,371,Ražanac,82,90,172,22,8,30,6,6,12,7,0,7,20,13,33,0,0,0,5,0,5,142,117,259,2020-12-31T23:00:00Z
13,379,Sali,160,136,296,36,13,49,5,2,7,6,1,7,18,12,30,0,0,0,1,1,2,226,165,391,2020-12-31T23:00:00Z
13,411,Stankovci,224,158,382,24,5,29,2,2,4,0,1,1,31,17,48,0,0,0,0,1,1,281,184,465,2020-12-31T23:00:00Z
13,416,Starigrad,117,146,263,41,27,68,7,2,9,2,0,2,22,32,54,0,0,0,1,3,4,190,210,400,2020-12-31T23:00:00Z
13,425,Sukošan,341,252,593,54,19,73,12,5,17,4,2,6,48,53,101,0,0,0,2,3,5,461,334,795,2020-12-31T23:00:00Z
13,428,Sveti Filip I Jakov,226,314,540,33,16,49,8,3,11,12,2,14,30,34,64,0,0,0,0,0,0,309,369,678,2020-12-31T23:00:00Z
13,445,Škabrnje,66,65,131,23,3,26,3,1,4,0,0,0,14,7,21,0,0,0,1,1,2,107,77,184,2020-12-31T23:00:00Z
13,489,Vir,295,252,547,47,6,53,3,2,5,2,1,3,24,28,52,0,0,0,2,3,5,373,292,665,2020-12-31T23:00:00Z
13,520,Zadar,14286,15341,29627,1021,559,1580,48,27,75,731,210,941,1304,1352,2656,4,0,4,130,65,195,17524,17554,35078,2020-12-31T23:00:00Z
13,525,Zemunik Donji,102,148,250,17,5,22,2,1,3,0,0,0,16,7,23,0,0,0,0,1,1,137,162,299,2020-12-31T23:00:00Z
13,537,Novigrad,70,110,180,24,2,26,4,4,8,5,1,6,27,11,38,0,0,0,1,2,3,131,130,261,2020-12-31T23:00:00Z
13,571,Galovac,30,62,92,11,1,12,5,4,9,4,2,6,7,14,21,0,0,0,0,2,2,57,85,142,2020-12-31T23:00:00Z
13,572,Kukljica,46,38,84,15,1,16,1,1,2,3,1,4,26,4,30,0,0,0,1,1,2,92,46,138,2020-12-31T23:00:00Z
13,573,Povljana,50,30,80,11,2,13,4,1,5,2,1,3,6,8,14,0,0,0,0,1,1,73,43,116,2020-12-31T23:00:00Z
13,574,Privlaka,115,115,230,17,7,24,1,2,3,13,0,13,20,12,32,0,0,0,5,2,7,171,138,309,2020-12-31T23:00:00Z
13,575,Tkon,80,47,127,21,5,26,3,2,5,3,0,3,50,20,70,0,0,0,1,2,3,158,76,234,2020-12-31T23:00:00Z
13,622,Kolan,102,70,172,20,4,24,4,1,5,1,0,1,22,16,38,0,0,0,1,0,1,150,91,241,2020-12-31T23:00:00Z
13,625,Vrsi,90,53,143,13,4,17,5,4,9,16,0,16,17,25,42,0,0,0,5,2,7,146,88,234,2020-12-31T23:00:00Z
14,103,Đakovo,2774,2831,5605,447,200,647,188,86,274,30,39,69,653,542,1195,0,0,0,14,10,24,4106,3708,7814,2020-12-31T23:00:00Z
14,106,Đurđenovac,522,475,997,42,10,52,24,17,41,0,5,5,73,43,116,0,0,0,4,1,5,665,551,1216,2020-12-31T23:00:00Z
14,110,Erdut,301,239,540,36,13,49,58,16,74,2,4,6,38,36,74,0,0,0,2,1,3,437,309,746,2020-12-31T23:00:00Z
14,111,Ernestinovo,67,152,219,8,2,10,27,9,36,2,1,3,11,15,26,0,0,0,1,0,1,116,179,295,2020-12-31T23:00:00Z
14,116,Feričanci,129,129,258,26,6,32,3,0,3,0,3,3,41,15,56,0,0,0,0,0,0,199,153,352,2020-12-31T23:00:00Z
14,124,Gorjani,121,179,300,16,4,20,18,8,26,0,1,1,11,4,15,0,0,0,0,0,0,166,196,362,2020-12-31T23:00:00Z
14,13,Beli Manastir,1039,1150,2189,73,36,109,45,30,75,9,10,19,101,91,192,0,0,0,1,1,2,1268,1318,2586,2020-12-31T23:00:00Z
14,16,Belišće,1464,659,2123,60,31,91,27,7,34,1,8,9,80,87,167,0,0,0,4,3,7,1636,795,2431,2020-12-31T23:00:00Z
14,195,Kneževi Vinogradi,206,239,445,32,7,39,37,7,44,1,2,3,60,63,123,0,0,0,0,0,0,336,318,654,2020-12-31T23:00:00Z
14,2,Antunovac,206,192,398,27,11,38,17,8,25,0,0,0,14,10,24,0,0,0,0,0,0,264,221,485,2020-12-31T23:00:00Z
14,205,Koška,190,136,326,26,4,30,30,10,40,3,4,7,33,22,55,0,0,0,2,0,2,284,176,460,2020-12-31T23:00:00Z
14,21,Bilje,286,308,594,46,19,65,19,13,32,3,5,8,55,39,94,0,0,0,0,1,1,409,385,794,2020-12-31T23:00:00Z
14,23,Bizovac,220,202,422,25,10,35,27,12,39,1,5,6,34,36,70,0,0,0,1,1,2,308,266,574,2020-12-31T23:00:00Z
14,230,Levanjska Varoš,44,27,71,3,2,5,12,9,21,0,0,0,2,2,4,0,0,0,0,1,1,61,41,102,2020-12-31T23:00:00Z
14,257,Marijanci,84,62,146,7,4,11,13,1,14,0,0,0,20,19,39,0,0,0,1,1,2,125,87,212,2020-12-31T23:00:00Z
14,271,Moslavina Podravska,26,17,43,2,2,4,19,8,27,0,0,0,14,8,22,0,0,0,0,0,0,61,35,96,2020-12-31T23:00:00Z
14,278,Našice,2278,1782,4060,155,83,238,53,18,71,22,35,57,247,212,459,0,0,0,6,6,12,2761,2136,4897,2020-12-31T23:00:00Z
14,312,Osijek,23452,21741,45193,849,616,1465,95,43,138,188,198,386,750,1095,1845,1,0,1,39,52,91,25374,23745,49119,2020-12-31T23:00:00Z
14,325,Petlovac,47,40,87,5,3,8,15,0,15,0,0,0,14,8,22,0,0,0,1,0,1,82,51,133,2020-12-31T23:00:00Z
14,327,Petrijevci,297,233,530,19,3,22,9,5,14,0,1,1,13,9,22,0,0,0,1,2,3,339,253,592,2020-12-31T23:00:00Z
14,340,Podgorač,101,118,219,28,7,35,32,6,38,1,3,4,21,30,51,0,0,0,0,1,1,183,165,348,2020-12-31T23:00:00Z
14,346,Popovac,43,61,104,2,2,4,5,7,12,0,0,0,5,6,11,0,0,0,0,0,0,55,76,131,2020-12-31T23:00:00Z
14,361,Punitovci,45,70,115,20,3,23,18,4,22,0,1,1,28,8,36,0,0,0,0,0,0,111,86,197,2020-12-31T23:00:00Z
14,381,Satnica Đakovačka,123,105,228,22,4,26,11,3,14,0,0,0,41,29,70,0,0,0,0,0,0,197,141,338,2020-12-31T23:00:00Z
14,386,Semeljci,240,230,470,46,17,63,56,28,84,2,1,3,76,34,110,0,0,0,1,0,1,421,310,731,2020-12-31T23:00:00Z
14,421,Strizivojna,311,302,613,19,8,27,20,3,23,0,0,0,10,12,22,0,0,0,1,0,1,361,325,686,2020-12-31T23:00:00Z
14,461,Trnava,55,95,150,6,3,9,15,6,21,0,1,1,12,3,15,0,0,0,0,0,0,88,108,196,2020-12-31T23:00:00Z
14,471,Valpovo,825,1080,1905,75,51,126,47,19,66,16,22,38,76,104,180,0,0,0,9,9,18,1048,1285,2333,2020-12-31T23:00:00Z
14,485,Viljevo,46,58,104,10,1,11,26,5,31,0,1,1,16,9,25,0,0,0,0,1,1,98,75,173,2020-12-31T23:00:00Z
14,494,Viškovci,214,184,398,20,5,25,16,5,21,0,1,1,23,5,28,0,0,0,1,0,1,274,200,474,2020-12-31T23:00:00Z
14,517,Vuka,45,64,109,14,2,16,17,5,22,0,0,0,20,9,29,0,0,0,0,0,0,96,80,176,2020-12-31T23:00:00Z
14,576,Donja Motičina,28,26,54,9,3,12,2,1,3,0,1,1,15,9,24,0,0,0,0,0,0,54,40,94,2020-12-31T23:00:00Z
14,578,Magadenovac,99,122,221,5,1,6,27,10,37,1,3,4,17,19,36,0,0,0,0,0,0,149,155,304,2020-12-31T23:00:00Z
14,579,Vladislavci,129,122,251,3,1,4,7,4,11,0,1,1,4,4,8,0,0,0,0,0,0,143,132,275,2020-12-31T23:00:00Z
14,609,Jagodnjak,119,87,206,7,3,10,25,4,29,0,0,0,9,4,13,0,0,0,0,0,0,160,98,258,2020-12-31T23:00:00Z
14,614,Šodolovci,22,30,52,0,0,0,0,0,0,0,0,0,8,5,13,0,0,0,0,0,0,30,35,65,2020-12-31T23:00:00Z
14,64,Čeminac,73,137,210,11,0,11,3,2,5,0,0,0,17,9,26,0,0,0,0,0,0,104,148,252,2020-12-31T23:00:00Z
14,65,Čepin,596,493,1089,90,33,123,53,25,78,4,6,10,102,96,198,0,0,0,3,3,6,848,656,1504,2020-12-31T23:00:00Z
14,66,Darda,1783,883,2666,51,29,80,35,3,38,1,4,5,57,48,105,0,0,0,1,1,2,1928,968,2896,2020-12-31T23:00:00Z
14,86,Donji Miholjac,1165,952,2117,86,49,135,157,39,196,5,18,23,155,112,267,0,0,0,2,2,4,1570,1172,2742,2020-12-31T23:00:00Z
14,91,Draž,79,108,187,11,2,13,17,6,23,0,0,0,9,10,19,0,0,0,1,1,2,117,127,244,2020-12-31T23:00:00Z
14,94,Drenje,90,101,191,32,7,39,53,21,74,0,0,0,11,18,29,0,0,0,0,0,0,186,147,333,2020-12-31T23:00:00Z
15,113,Ervenik,38,59,97,1,0,1,4,2,6,0,0,0,1,0,1,0,0,0,0,0,0,44,61,105,2020-12-31T23:00:00Z
15,183,Kijevo,36,38,74,2,0,2,1,0,1,0,0,0,0,0,0,0,0,0,0,0,0,39,38,77,2020-12-31T23:00:00Z
15,184,Kistanje,66,74,140,12,3,15,0,0,0,1,0,1,14,4,18,0,0,0,0,0,0,93,81,174,2020-12-31T23:00:00Z
15,196,Knin,1517,1430,2947,123,69,192,52,8,60,30,4,34,121,147,268,0,0,0,3,2,5,1846,1660,3506,2020-12-31T23:00:00Z
15,298,Promina,118,77,195,2,1,3,1,2,3,0,0,0,0,1,1,0,0,0,0,0,0,121,81,202,2020-12-31T23:00:00Z
15,310,Biskupija,80,41,121,3,0,3,2,1,3,1,0,1,0,0,0,0,0,0,0,0,0,86,42,128,2020-12-31T23:00:00Z
15,357,Primošten,257,277,534,67,21,88,6,2,8,8,0,8,46,26,72,0,0,0,1,1,2,385,327,712,2020-12-31T23:00:00Z
15,377,Ružić,40,30,70,4,1,5,5,7,12,0,0,0,2,12,14,0,0,0,0,0,0,51,50,101,2020-12-31T23:00:00Z
15,394,Skradin,134,155,289,42,10,52,21,5,26,1,4,5,26,30,56,0,0,0,0,0,0,224,204,428,2020-12-31T23:00:00Z
15,444,Šibenik,7687,7999,15686,619,327,946,39,13,52,174,103,277,533,642,1175,2,0,2,26,22,48,9080,9106,18186,2020-12-31T23:00:00Z
15,454,Tisno,277,227,504,95,26,121,6,0,6,7,3,10,56,40,96,0,0,0,1,3,4,442,299,741,2020-12-31T23:00:00Z
15,469,Unešić,47,41,88,8,1,9,3,1,4,1,0,1,12,5,17,0,0,0,0,0,0,71,48,119,2020-12-31T23:00:00Z
15,500,Vodice,862,923,1785,239,83,322,10,6,16,13,6,19,202,128,330,0,0,0,8,8,16,1334,1154,2488,2020-12-31T23:00:00Z
15,51,Civljane,40,12,52,1,0,1,0,0,0,0,0,0,1,2,3,0,0,0,0,0,0,42,14,56,2020-12-31T23:00:00Z
15,581,Pirovac,135,130,265,25,12,37,4,2,6,2,2,4,30,33,63,0,0,0,0,1,1,196,180,376,2020-12-31T23:00:00Z
15,582,Rogoznica,220,209,429,45,10,55,3,1,4,10,1,11,32,30,62,0,0,0,0,0,0,310,251,561,2020-12-31T23:00:00Z
15,617,Murter,219,233,452,46,25,71,7,1,8,16,3,19,43,33,76,0,0,0,1,1,2,332,296,628,2020-12-31T23:00:00Z
15,621,Bilice,69,35,104,20,8,28,0,0,0,5,0,5,19,12,31,0,0,0,0,0,0,113,55,168,2020-12-31T23:00:00Z
15,626,Tribunj,81,78,159,17,10,27,0,0,0,2,0,2,53,22,75,0,0,0,0,2,2,153,112,265,2020-12-31T23:00:00Z
15,95,Drniš,851,628,1479,67,51,118,47,20,67,7,7,14,78,87,165,0,0,0,1,0,1,1051,793,1844,2020-12-31T23:00:00Z
16,1,Andrijaševci,67,122,189,23,12,35,14,3,17,2,0,2,43,24,67,0,0,0,0,1,1,149,162,311,2020-12-31T23:00:00Z
16,137,Gradište,98,103,201,18,4,22,33,6,39,0,1,1,12,16,28,0,0,0,1,1,2,162,131,293,2020-12-31T23:00:00Z
16,141,Gunja,221,147,368,32,9,41,37,13,50,2,1,3,25,12,37,0,0,0,0,2,2,317,184,501,2020-12-31T23:00:00Z
16,154,Ilok,473,553,1026,68,22,90,48,16,64,1,3,4,99,92,191,0,0,0,1,2,3,690,688,1378,2020-12-31T23:00:00Z
16,159,Ivankovo,324,410,734,69,29,98,49,10,59,3,5,8,115,73,188,0,0,0,3,4,7,563,531,1094,2020-12-31T23:00:00Z
16,166,Jarmina,32,83,115,12,7,19,24,10,34,0,1,1,18,12,30,0,0,0,0,2,2,86,115,201,2020-12-31T23:00:00Z
16,239,Lovas,61,90,151,4,0,4,14,0,14,1,0,1,5,5,10,0,0,0,0,0,0,85,95,180,2020-12-31T23:00:00Z
16,26,Bogdanovci,26,54,80,3,0,3,8,4,12,0,0,0,17,3,20,0,0,0,0,0,0,54,61,115,2020-12-31T23:00:00Z
16,29,Borovo,80,126,206,41,13,54,28,5,33,2,3,5,49,70,119,0,0,0,1,2,3,201,219,420,2020-12-31T23:00:00Z
16,294,Nuštar,241,317,558,32,17,49,30,7,37,2,3,5,41,32,73,0,0,0,2,1,3,348,377,725,2020-12-31T23:00:00Z
16,295,Nijemci,199,204,403,21,8,29,86,24,110,1,1,2,50,29,79,0,0,0,0,2,2,357,268,625,2020-12-31T23:00:00Z
16,3,Babina Greda,139,124,263,31,11,42,83,29,112,3,0,3,26,31,57,0,0,0,0,1,1,282,196,478,2020-12-31T23:00:00Z
16,32,Bošnjaci,129,120,249,23,6,29,38,8,46,2,0,2,24,28,52,0,0,0,1,1,2,217,163,380,2020-12-31T23:00:00Z
16,414,Stari Jankovci,132,165,297,22,4,26,42,10,52,1,0,1,27,15,42,0,0,0,1,1,2,225,195,420,2020-12-31T23:00:00Z
16,415,Stari Mikanovci,93,140,233,19,10,29,22,8,30,2,1,3,28,36,64,0,0,0,0,0,0,164,195,359,2020-12-31T23:00:00Z
16,44,Cerna,403,210,613,40,18,58,45,17,62,2,1,3,70,53,123,0,0,0,0,0,0,560,299,859,2020-12-31T23:00:00Z
16,456,Tompojevci,21,48,69,15,2,17,38,12,50,0,1,1,15,15,30,0,0,0,0,0,0,89,78,167,2020-12-31T23:00:00Z
16,458,Tordinci,83,99,182,6,2,8,10,0,10,1,0,1,6,8,14,0,0,0,0,0,0,106,109,215,2020-12-31T23:00:00Z
16,459,Tovarnik,150,160,310,17,3,20,42,18,60,1,1,2,11,11,22,0,0,0,0,1,1,221,194,415,2020-12-31T23:00:00Z
16,464,Trpinja,104,207,311,20,7,27,82,11,93,3,0,3,30,23,53,0,0,0,1,0,1,240,248,488,2020-12-31T23:00:00Z
16,487,Vinkovci,7970,6256,14226,282,174,456,37,17,54,59,52,111,459,597,1056,1,0,1,14,6,20,8822,7102,15924,2020-12-31T23:00:00Z
16,505,Vrbanja,235,153,388,29,12,41,72,13,85,2,0,2,26,20,46,0,0,0,0,1,1,364,199,563,2020-12-31T23:00:00Z
16,518,Vukovar,4245,4668,8913,275,142,417,77,30,107,26,37,63,374,372,746,0,0,0,8,4,12,5005,5253,10258,2020-12-31T23:00:00Z
16,534,Županja,1999,1528,3527,124,51,175,41,11,52,23,23,46,184,198,382,1,0,1,6,3,9,2378,1814,4192,2020-12-31T23:00:00Z
16,535,Otok (Vinkovci),387,323,710,36,19,55,58,14,72,8,1,9,61,44,105,0,0,0,0,2,2,550,403,953,2020-12-31T23:00:00Z
16,583,Privlaka,100,130,230,17,4,21,21,9,30,0,2,2,18,21,39,0,0,0,0,1,1,156,167,323,2020-12-31T23:00:00Z
16,584,Vođinci,43,168,211,15,2,17,6,4,10,0,1,1,11,10,21,0,0,0,1,0,1,76,185,261,2020-12-31T23:00:00Z
16,610,Markušica,43,58,101,9,3,12,51,13,64,0,1,1,10,12,22,0,0,0,2,0,2,115,87,202,2020-12-31T23:00:00Z
16,612,Negoslavci,16,35,51,5,0,5,12,3,15,1,0,1,14,13,27,0,0,0,0,0,0,48,51,99,2020-12-31T23:00:00Z
16,628,Štitar,95,68,163,6,0,6,12,4,16,0,1,1,10,6,16,0,0,0,0,0,0,123,79,202,2020-12-31T23:00:00Z
16,92,Drenovci,114,203,317,37,6,43,105,36,141,1,0,1,34,34,68,0,0,0,0,1,1,291,280,571,2020-12-31T23:00:00Z
17,100,Dugi Rat,613,611,1224,76,29,105,1,3,4,26,2,28,160,91,251,0,0,0,4,4,8,880,740,1620,2020-12-31T23:00:00Z
17,134,Gradac,145,184,329,36,12,48,5,1,6,1,1,2,19,32,51,0,0,0,0,3,3,206,233,439,2020-12-31T23:00:00Z
17,148,Hrvace,236,213,449,33,14,47,5,7,12,2,3,5,53,44,97,0,0,0,0,3,3,329,284,613,2020-12-31T23:00:00Z
17,153,Hvar,547,555,1102,162,61,223,16,11,27,17,8,25,127,109,236,2,0,2,6,10,16,877,754,1631,2020-12-31T23:00:00Z
17,155,Imotski,1284,1272,2556,145,87,232,12,7,19,32,14,46,116,184,300,0,0,0,11,10,21,1600,1574,3174,2020-12-31T23:00:00Z
17,171,Jelsa,291,262,553,83,17,100,30,12,42,13,0,13,85,45,130,0,0,0,6,7,13,508,343,851,2020-12-31T23:00:00Z
17,181,Kaštela,3324,3509,6833,449,200,649,20,13,33,129,39,168,469,488,957,0,0,0,26,30,56,4417,4279,8696,2020-12-31T23:00:00Z
17,192,Klis,225,171,396,34,7,41,7,3,10,14,1,15,42,24,66,0,0,0,0,2,2,322,208,530,2020-12-31T23:00:00Z
17,197,Komiža,129,132,261,54,15,69,5,0,5,5,2,7,28,29,57,0,0,0,2,3,5,223,181,404,2020-12-31T23:00:00Z
17,243,Lovreć,130,80,210,16,8,24,4,0,4,2,0,2,19,12,31,0,0,0,2,1,3,173,101,274,2020-12-31T23:00:00Z
17,249,Makarska,2322,2250,4572,253,158,411,3,2,5,50,28,78,329,348,677,0,0,0,6,5,11,2963,2791,5754,2020-12-31T23:00:00Z
17,258,Marina,170,217,387,52,21,73,6,3,9,9,0,9,33,48,81,1,0,1,3,2,5,274,291,565,2020-12-31T23:00:00Z
17,267,Milna,87,76,163,20,4,24,5,1,6,2,0,2,16,19,35,0,0,0,4,1,5,134,101,235,2020-12-31T23:00:00Z
17,27,Bol,249,316,565,42,13,55,6,2,8,3,2,5,50,18,68,0,0,0,4,3,7,354,354,708,2020-12-31T23:00:00Z
17,280,Nerežišća,150,56,206,14,2,16,6,2,8,1,0,1,24,15,39,0,0,0,1,0,1,196,75,271,2020-12-31T23:00:00Z
17,300,Omiš,1449,1659,3108,214,78,292,11,4,15,38,15,53,296,281,577,0,0,0,4,4,8,2012,2041,4053,2020-12-31T23:00:00Z
17,314,Otok,204,198,402,42,16,58,10,0,10,3,0,3,69,50,119,0,0,0,0,1,1,328,265,593,2020-12-31T23:00:00Z
17,337,Podbablje,269,182,451,32,3,35,6,0,6,3,1,4,17,32,49,0,0,0,2,4,6,329,222,551,2020-12-31T23:00:00Z
17,339,Podgora,227,181,408,42,8,50,0,1,1,1,0,1,29,10,39,0,0,0,3,1,4,302,201,503,2020-12-31T23:00:00Z
17,341,Podstrana,750,615,1365,61,17,78,17,4,21,40,4,44,55,74,129,1,0,1,4,4,8,928,718,1646,2020-12-31T23:00:00Z
17,350,Postira,259,224,483,33,12,45,10,3,13,0,3,3,12,12,24,0,0,0,1,1,2,315,255,570,2020-12-31T23:00:00Z
17,358,Pučišća,232,124,356,39,6,45,6,4,10,5,0,5,36,13,49,0,0,0,3,0,3,321,147,468,2020-12-31T23:00:00Z
17,382,Seget,453,380,833,28,7,35,7,3,10,12,2,14,128,66,194,0,0,0,1,2,3,629,460,1089,2020-12-31T23:00:00Z
17,383,Selca,121,109,230,39,16,55,8,3,11,5,1,6,75,33,108,0,0,0,0,1,1,248,163,411,2020-12-31T23:00:00Z
17,389,Sinj,1889,1987,3876,256,127,383,54,15,69,47,43,90,298,353,651,0,0,0,9,22,31,2553,2547,5100,2020-12-31T23:00:00Z
17,406,Solin,3603,2948,6551,251,134,385,11,7,18,109,33,142,291,297,588,0,0,0,13,8,21,4278,3427,7705,2020-12-31T23:00:00Z
17,409,Split,34477,36775,71252,1444,1048,2492,62,42,104,2006,443,2449,1500,2170,3670,3,0,3,163,159,322,39655,40637,80292,2020-12-31T23:00:00Z
17,413,Stari Grad,298,280,578,57,20,77,18,13,31,5,3,8,45,34,79,0,0,0,4,12,16,427,362,789,2020-12-31T23:00:00Z
17,423,Sućuraj,24,22,46,21,2,23,3,2,5,1,0,1,12,7,19,0,0,0,0,0,0,61,33,94,2020-12-31T23:00:00Z
17,427,Supetar,546,683,1229,99,56,155,18,6,24,23,8,31,103,122,225,0,0,0,6,2,8,795,877,1672,2020-12-31T23:00:00Z
17,443,Šestanovac,144,161,305,27,4,31,9,1,10,1,2,3,21,19,40,0,0,0,2,1,3,204,188,392,2020-12-31T23:00:00Z
17,447,Šolta,167,119,286,15,5,20,9,3,12,10,1,11,5,15,20,0,0,0,1,2,3,207,145,352,2020-12-31T23:00:00Z
17,460,Trilj,465,542,1007,106,29,135,18,7,25,6,3,9,90,134,224,0,0,0,1,7,8,686,722,1408,2020-12-31T23:00:00Z
17,463,Trogir,1866,1734,3600,302,134,436,14,5,19,72,37,109,303,396,699,0,0,0,18,22,40,2575,2328,4903,2020-12-31T23:00:00Z
17,492,Vis,219,248,467,37,15,52,17,3,20,2,2,4,34,24,58,0,0,0,2,1,3,311,293,604,2020-12-31T23:00:00Z
17,50,Cista Provo,117,134,251,25,2,27,9,1,10,1,0,1,5,8,13,0,0,0,0,3,3,157,148,305,2020-12-31T23:00:00Z
17,511,Vrgorac,921,685,1606,47,23,70,24,15,39,5,5,10,47,78,125,0,0,0,3,2,5,1047,808,1855,2020-12-31T23:00:00Z
17,513,Vrlika,103,202,305,18,4,22,10,4,14,1,0,1,25,3,28,0,0,0,1,0,1,158,213,371,2020-12-31T23:00:00Z
17,522,Zagvozd,138,71,209,15,2,17,2,0,2,0,0,0,10,9,19,0,0,0,0,1,1,165,83,248,2020-12-31T23:00:00Z
17,528,Zmijavci,84,106,190,6,2,8,2,1,3,2,0,2,26,8,34,0,0,0,0,1,1,120,118,238,2020-12-31T23:00:00Z
17,585,Dugopolje,1277,711,1988,30,11,41,5,6,11,15,1,16,59,45,104,0,0,0,1,0,1,1387,774,2161,2020-12-31T23:00:00Z
17,586,Lećevica,12,27,39,5,0,5,1,1,2,2,0,2,1,0,1,0,0,0,0,0,0,21,28,49,2020-12-31T23:00:00Z
17,587,Lokvičići,39,26,65,1,0,1,2,0,2,0,0,0,2,2,4,0,0,0,1,0,1,45,28,73,2020-12-31T23:00:00Z
17,588,Okrug,141,172,313,29,6,35,1,0,1,10,4,14,84,27,111,0,0,0,3,4,7,268,213,481,2020-12-31T23:00:00Z
17,589,Prgomet,37,31,68,8,0,8,2,1,3,0,0,0,2,1,3,0,0,0,0,0,0,49,33,82,2020-12-31T23:00:00Z
17,590,Primorski Dolac,15,27,42,4,1,5,1,1,2,1,1,2,2,4,6,0,0,0,0,0,0,23,34,57,2020-12-31T23:00:00Z
17,591,Runovići,72,66,138,7,3,10,0,1,1,1,2,3,27,34,61,0,0,0,0,1,1,107,107,214,2020-12-31T23:00:00Z
17,592,Sutivan,95,62,157,11,4,15,4,1,5,10,1,11,21,12,33,0,0,0,0,0,0,141,80,221,2020-12-31T23:00:00Z
17,593,Tučepi,202,182,384,20,9,29,1,1,2,4,3,7,28,21,49,0,0,0,0,0,0,255,216,471,2020-12-31T23:00:00Z
17,595,Zadvarje,29,26,55,8,1,9,0,1,1,1,0,1,13,6,19,0,0,0,0,0,0,51,34,85,2020-12-31T23:00:00Z
17,72,Dicmo,433,184,617,31,16,47,2,2,4,5,1,6,32,45,77,0,0,0,1,1,2,504,249,753,2020-12-31T23:00:00Z
17,77,Brela,178,154,332,23,6,29,0,1,1,1,1,2,18,13,31,0,0,0,1,1,2,221,176,397,2020-12-31T23:00:00Z
17,87,Muć,155,196,351,18,3,21,2,4,6,4,4,8,7,14,21,0,0,0,0,1,1,186,222,408,2020-12-31T23:00:00Z
17,88,Proložac,197,164,361,14,4,18,2,4,6,0,0,0,34,15,49,0,0,0,3,1,4,250,188,438,2020-12-31T23:00:00Z
17,9,Baška Voda,209,250,459,54,20,74,2,0,2,3,2,5,43,40,83,0,0,0,2,2,4,313,314,627,2020-12-31T23:00:00Z
18,132,Gračišće,48,28,76,27,4,31,11,3,14,0,0,0,31,10,41,0,0,0,0,0,0,117,45,162,2020-12-31T23:00:00Z
18,138,Grožnjan,23,21,44,15,2,17,13,5,18,0,0,0,9,12,21,0,0,0,0,2,2,60,42,102,2020-12-31T23:00:00Z
18,175,Kanfanar,455,184,639,25,8,33,4,0,4,2,0,2,20,17,37,0,0,0,2,1,3,508,210,718,2020-12-31T23:00:00Z
18,217,Kršan,319,296,615,47,13,60,7,5,12,2,0,2,98,50,148,0,0,0,2,3,5,475,367,842,2020-12-31T23:00:00Z
18,222,Labin,2498,2268,4766,238,108,346,17,10,27,29,38,67,259,208,467,0,0,0,12,10,22,3053,2642,5695,2020-12-31T23:00:00Z
18,223,Lanišće,12,15,27,4,0,4,2,0,2,0,0,0,7,1,8,0,0,0,0,1,1,25,17,42,2020-12-31T23:00:00Z
18,235,Ližnjan,132,130,262,8,3,11,2,0,2,4,0,4,20,33,53,0,0,0,1,0,1,167,166,333,2020-12-31T23:00:00Z
18,246,Lupoglav,169,92,261,11,6,17,7,3,10,0,1,1,12,11,23,0,0,0,0,1,1,199,114,313,2020-12-31T23:00:00Z
18,254,Marčana,164,162,326,36,14,50,3,2,5,5,1,6,33,22,55,0,0,0,2,1,3,243,202,445,2020-12-31T23:00:00Z
18,263,Medulin,543,514,1057,66,31,97,8,2,10,9,5,14,86,105,191,0,0,0,0,1,1,712,658,1370,2020-12-31T23:00:00Z
18,274,Motovun,85,91,176,34,13,47,20,5,25,0,0,0,33,22,55,0,0,0,1,2,3,173,133,306,2020-12-31T23:00:00Z
18,291,Novigrad,739,872,1611,121,44,165,19,4,23,2,9,11,122,86,208,0,0,0,9,7,16,1012,1022,2034,2020-12-31T23:00:00Z
18,304,Oprtalj,60,72,132,12,3,15,14,2,16,0,0,0,11,8,19,0,0,0,4,2,6,101,87,188,2020-12-31T23:00:00Z
18,321,Pazin,1994,1924,3918,286,110,396,48,24,72,15,24,39,302,197,499,0,0,0,6,12,18,2651,2291,4942,2020-12-31T23:00:00Z
18,330,Pićan,337,182,519,27,5,32,2,5,7,1,1,2,50,20,70,0,0,0,1,1,2,418,214,632,2020-12-31T23:00:00Z
18,348,Poreč,4433,4298,8731,553,274,827,47,19,66,58,51,109,431,386,817,0,0,0,18,14,32,5540,5042,10582,2020-12-31T23:00:00Z
18,359,Pula,12608,12292,24900,1135,600,1735,67,45,112,307,167,474,801,1023,1824,0,0,0,75,56,131,14993,14183,29176,2020-12-31T23:00:00Z
18,368,Raša,265,159,424,26,7,33,1,0,1,3,1,4,37,18,55,0,0,0,0,1,1,332,186,518,2020-12-31T23:00:00Z
18,374,Rovinj,2626,2725,5351,364,199,563,28,12,40,30,37,67,365,331,696,0,0,0,15,21,36,3428,3325,6753,2020-12-31T23:00:00Z
18,40,Brtonigla,134,98,232,36,15,51,25,8,33,1,1,2,33,38,71,0,0,0,3,2,5,232,162,394,2020-12-31T23:00:00Z
18,42,Buje,738,717,1455,89,43,132,26,12,38,6,11,17,56,58,114,0,0,0,4,6,10,919,847,1766,2020-12-31T23:00:00Z
18,43,Buzet,1593,1022,2615,161,66,227,22,15,37,7,5,12,96,96,192,0,0,0,11,8,19,1890,1212,3102,2020-12-31T23:00:00Z
18,431,Sveti Lovreč,42,55,97,21,10,31,2,1,3,0,1,1,32,13,45,0,0,0,0,0,0,97,80,177,2020-12-31T23:00:00Z
18,432,Sveta Nedelja,135,114,249,25,7,32,7,3,10,5,0,5,37,16,53,0,0,0,5,5,10,214,145,359,2020-12-31T23:00:00Z
18,433,Sveti Petar U Šumi,156,111,267,21,5,26,2,4,6,0,0,0,14,3,17,0,0,0,1,1,2,194,124,318,2020-12-31T23:00:00Z
18,435,Svetvinčenat,120,99,219,20,4,24,1,0,1,0,1,1,26,23,49,0,0,0,0,0,0,167,127,294,2020-12-31T23:00:00Z
18,453,Tinjan,195,106,301,37,9,46,4,0,4,1,3,4,49,26,75,0,0,0,1,0,1,287,144,431,2020-12-31T23:00:00Z
18,468,Umag,2452,2076,4528,355,152,507,29,15,44,28,32,60,257,277,534,0,0,0,18,20,38,3139,2572,5711,2020-12-31T23:00:00Z
18,47,Cerovlje,96,44,140,37,2,39,5,4,9,1,0,1,34,16,50,0,0,0,1,2,3,174,68,242,2020-12-31T23:00:00Z
18,497,Višnjan,245,231,476,42,12,54,9,4,13,1,1,2,84,31,115,0,0,0,3,0,3,384,279,663,2020-12-31T23:00:00Z
18,498,Vižinada,59,43,102,22,5,27,16,5,21,1,0,1,24,19,43,0,0,0,1,1,2,123,73,196,2020-12-31T23:00:00Z
18,5,Bale,105,91,196,22,15,37,3,2,5,0,0,0,32,13,45,0,0,0,1,1,2,163,122,285,2020-12-31T23:00:00Z
18,502,Vodnjan,676,545,1221,47,20,67,10,3,13,10,4,14,86,49,135,0,0,0,0,2,2,829,623,1452,2020-12-31T23:00:00Z
18,516,Vrsar,257,254,511,74,27,101,3,1,4,5,1,6,78,76,154,1,0,1,3,2,5,421,361,782,2020-12-31T23:00:00Z
18,531,Žminj,476,387,863,95,43,138,12,5,17,1,5,6,93,65,158,0,0,0,4,1,5,681,506,1187,2020-12-31T23:00:00Z
18,596,Karojba,98,68,166,32,6,38,2,1,3,0,0,0,45,11,56,0,0,0,1,0,1,178,86,264,2020-12-31T23:00:00Z
18,597,Kaštelir - Labinci,159,71,230,31,12,43,5,2,7,1,0,1,36,13,49,0,0,0,1,3,4,233,101,334,2020-12-31T23:00:00Z
18,6,Barban,231,114,345,38,5,43,10,5,15,1,1,2,21,23,44,0,0,0,5,2,7,306,150,456,2020-12-31T23:00:00Z
18,619,Fažana,252,195,447,21,11,32,0,1,1,3,2,5,38,56,94,0,0,0,0,2,2,314,267,581,2020-12-31T23:00:00Z
18,629,Funtana,102,98,200,14,6,20,1,0,1,0,0,0,13,20,33,0,0,0,2,1,3,132,125,257,2020-12-31T23:00:00Z
18,631,Tar-Vabriga,136,209,345,34,14,48,2,0,2,1,0,1,24,26,50,0,0,0,0,1,1,197,250,447,2020-12-31T23:00:00Z
19,198,Konavle,1067,811,1878,201,67,268,20,9,29,34,9,43,77,104,181,0,0,0,7,4,11,1406,1004,2410,2020-12-31T23:00:00Z
19,204,Korčula,617,810,1427,108,45,153,16,6,22,101,11,112,85,90,175,0,0,0,12,8,20,939,970,1909,2020-12-31T23:00:00Z
19,219,Kula Norinska,44,72,116,14,1,15,2,0,2,0,0,0,6,6,12,0,0,0,0,0,0,66,79,145,2020-12-31T23:00:00Z
19,226,Lastovo,59,87,146,20,8,28,2,1,3,3,1,4,6,4,10,0,0,0,5,4,9,95,105,200,2020-12-31T23:00:00Z
19,25,Blato,575,402,977,61,19,80,19,4,23,11,10,21,156,48,204,0,0,0,5,4,9,827,487,1314,2020-12-31T23:00:00Z
19,264,Metković,1963,1686,3649,180,98,278,32,22,54,40,19,59,286,267,553,0,0,0,4,7,11,2505,2099,4604,2020-12-31T23:00:00Z
19,268,Mljet,170,80,250,14,7,21,3,1,4,6,2,8,7,11,18,0,0,0,4,2,6,204,103,307,2020-12-31T23:00:00Z
19,306,Opuzen,406,342,748,30,16,46,44,23,67,3,1,4,19,31,50,0,0,0,1,1,2,503,414,917,2020-12-31T23:00:00Z
19,308,Orebić,366,350,716,66,35,101,31,9,40,36,6,42,70,68,138,0,0,0,4,16,20,573,484,1057,2020-12-31T23:00:00Z
19,335,Ploče,1382,947,2329,77,45,122,18,3,21,25,7,32,73,128,201,0,0,0,4,4,8,1579,1134,2713,2020-12-31T23:00:00Z
19,343,Pojezerje,28,54,82,4,2,6,7,0,7,0,0,0,1,2,3,0,0,0,0,0,0,40,58,98,2020-12-31T23:00:00Z
19,399,Slivno,284,51,335,9,7,16,16,6,22,0,0,0,4,11,15,1,0,1,1,0,1,315,75,390,2020-12-31T23:00:00Z
19,402,Smokvica,29,76,105,11,2,13,14,6,20,5,0,5,34,6,40,0,0,0,3,3,6,96,93,189,2020-12-31T23:00:00Z
19,419,Ston,514,234,748,51,12,63,25,4,29,3,1,4,38,23,61,0,0,0,2,2,4,633,276,909,2020-12-31T23:00:00Z
19,474,Vela Luka,286,504,790,53,20,73,10,1,11,37,4,41,78,47,125,0,0,0,4,7,11,468,583,1051,2020-12-31T23:00:00Z
19,523,Zažablje,18,24,42,5,0,5,4,2,6,1,0,1,9,2,11,0,0,0,0,0,0,37,28,65,2020-12-31T23:00:00Z
19,598,Dubrovačko Primorje,151,98,249,22,4,26,5,6,11,11,2,13,34,18,52,0,0,0,0,2,2,223,130,353,2020-12-31T23:00:00Z
19,599,Janjina,222,71,293,10,5,15,11,3,14,1,1,2,4,10,14,0,0,0,1,0,1,249,90,339,2020-12-31T23:00:00Z
19,600,Lumbarda,47,58,105,35,12,47,11,1,12,6,0,6,19,10,29,0,0,0,6,4,10,124,85,209,2020-12-31T23:00:00Z
19,601,Trpanj,40,46,86,11,3,14,2,2,4,4,1,5,17,7,24,0,0,0,3,1,4,77,60,137,2020-12-31T23:00:00Z
19,602,Župa Dubrovačka,618,596,1214,121,64,185,5,5,10,64,2,66,67,70,137,1,0,1,7,1,8,883,738,1621,2020-12-31T23:00:00Z
19,98,Dubrovnik,9711,10171,19882,742,382,1124,29,12,41,509,73,582,528,618,1146,0,0,0,50,61,111,11569,11317,22886,2020-12-31T23:00:00Z
20,123,Goričan,309,145,454,6,3,9,10,2,12,0,2,2,12,12,24,0,0,0,0,0,0,337,164,501,2020-12-31T23:00:00Z
20,15,Belica,179,195,374,25,17,42,63,43,106,1,1,2,29,33,62,0,0,0,0,1,1,297,290,587,2020-12-31T23:00:00Z
20,206,Kotoriba,473,243,716,10,3,13,7,0,7,0,5,5,15,17,32,0,0,0,0,0,0,505,268,773,2020-12-31T23:00:00Z
20,250,Mala Subotica,476,958,1434,29,20,49,34,16,50,2,4,6,41,28,69,0,0,0,0,5,5,582,1031,1613,2020-12-31T23:00:00Z
20,276,Mursko Središće,771,759,1530,41,24,65,17,7,24,2,6,8,62,53,115,0,0,0,1,3,4,894,852,1746,2020-12-31T23:00:00Z
20,279,Nedelišće,1346,771,2117,95,37,132,41,18,59,2,5,7,124,66,190,0,0,0,0,7,7,1608,904,2512,2020-12-31T23:00:00Z
20,342,Podturen,181,86,267,21,6,27,18,15,33,1,3,4,56,45,101,0,0,0,0,2,2,277,157,434,2020-12-31T23:00:00Z
20,355,Prelog,2318,1622,3940,68,16,84,46,32,78,8,10,18,61,56,117,0,0,0,7,5,12,2508,1741,4249,2020-12-31T23:00:00Z
20,385,Selnica,140,124,264,7,7,14,8,6,14,1,3,4,12,19,31,0,0,0,0,0,0,168,159,327,2020-12-31T23:00:00Z
20,440,Sveti Juraj Na Bregu,263,151,414,28,12,40,13,7,20,2,2,4,46,64,110,0,0,0,0,1,1,352,237,589,2020-12-31T23:00:00Z
20,441,Sveti Martin Na Muri,522,308,830,10,8,18,12,5,17,0,3,3,24,35,59,0,0,0,1,2,3,569,361,930,2020-12-31T23:00:00Z
20,452,Štrigova,278,191,469,27,11,38,42,25,67,2,3,5,61,62,123,0,0,0,0,0,0,410,292,702,2020-12-31T23:00:00Z
20,504,Vratišinec,149,93,242,6,4,10,11,3,14,1,1,2,6,6,12,0,0,0,1,1,2,174,108,282,2020-12-31T23:00:00Z
20,60,Čakovec,9743,9294,19037,256,125,381,66,26,92,37,62,99,283,366,649,0,0,0,10,10,20,10395,9883,20278,2020-12-31T23:00:00Z
20,603,Dekanovec,71,74,145,5,2,7,8,6,14,0,0,0,5,3,8,0,0,0,0,1,1,89,86,175,2020-12-31T23:00:00Z
20,604,Gornji Mihaljevec,120,47,167,10,2,12,23,7,30,2,1,3,21,12,33,0,0,0,1,0,1,177,69,246,2020-12-31T23:00:00Z
20,605,Orehovica,83,126,209,14,2,16,29,15,44,1,3,4,42,19,61,0,0,0,1,2,3,170,167,337,2020-12-31T23:00:00Z
20,606,Strahoninec,240,128,368,12,4,16,3,1,4,0,1,1,37,12,49,0,0,0,0,2,2,292,148,440,2020-12-31T23:00:00Z
20,607,Sveta Marija,76,65,141,13,6,19,6,0,6,1,0,1,24,8,32,0,0,0,0,1,1,120,80,200,2020-12-31T23:00:00Z
20,608,Šenkovec,521,245,766,14,12,26,2,1,3,0,1,1,28,24,52,0,0,0,2,2,4,567,285,852,2020-12-31T23:00:00Z
20,620,Pribislavec,324,183,507,10,5,15,3,1,4,2,2,4,13,11,24,0,0,0,0,0,0,352,202,554,2020-12-31T23:00:00Z
20,75,Domašinec,315,115,430,7,9,16,18,14,32,0,1,1,19,10,29,0,0,0,3,2,5,362,151,513,2020-12-31T23:00:00Z
20,78,Donja Dubrava,172,222,394,13,5,18,7,3,10,0,1,1,11,12,23,0,0,0,0,0,0,203,243,446,2020-12-31T23:00:00Z
20,82,Donji Kraljevec,1332,574,1906,36,11,47,53,17,70,3,6,9,79,127,206,0,0,0,5,8,13,1508,743,2251,2020-12-31T23:00:00Z
20,89,Donji Vidovec,49,71,120,2,1,3,5,0,5,1,2,3,3,15,18,0,0,0,0,0,0,60,89,149,2020-12-31T23:00:00Z
21,133,Zagreb,223297,203272,426569,7796,5154,12950,302,202,504,2263,2115,4378,5540,6979,12519,18,2,20,389,559,948,239605,218283,457888,2020-12-31T23:00:00Z
01,101,Dugo Selo,2935,1984,4919,235,100,335,25,22,47,25,26,51,305,268,573,0,0,0,4,15,19,3529,2415,5944,2021-09-30T22:00:00Z
01,114,Farkaševac,165,236,401,7,4,11,28,11,39,0,2,2,35,17,52,0,0,0,0,0,0,235,270,505,2021-09-30T22:00:00Z
01,135,Gradec,152,129,281,15,2,17,13,7,20,0,1,1,44,17,61,0,0,0,0,0,0,224,156,380,2021-09-30T22:00:00Z
01,158,Ivanić-Grad,2956,1709,4665,96,79,175,51,32,83,8,18,26,155,193,348,0,0,0,13,11,24,3279,2042,5321,2021-09-30T22:00:00Z
01,163,Jakovlje,260,223,483,38,8,46,8,9,17,3,0,3,41,33,74,0,0,0,1,0,1,351,273,624,2021-09-30T22:00:00Z
01,169,Jastrebarsko,2213,1612,3825,218,115,333,55,34,89,16,20,36,260,236,496,0,0,0,7,9,16,2769,2026,4795,2021-09-30T22:00:00Z
01,190,Klinča Selo,218,167,385,38,7,45,7,3,10,0,0,0,76,53,129,0,0,0,0,1,1,339,231,570,2021-09-30T22:00:00Z
01,193,Kloštar Ivanić,403,314,717,27,9,36,19,5,24,2,8,10,59,42,101,1,0,1,2,0,2,513,378,891,2021-09-30T22:00:00Z
01,213,Križ,583,420,1003,26,20,46,20,13,33,4,6,10,27,57,84,0,0,0,4,2,6,664,518,1182,2021-09-30T22:00:00Z
01,33,Brckovljani,322,330,652,7,4,11,0,0,0,3,2,5,26,19,45,0,0,0,0,0,0,358,355,713,2021-09-30T22:00:00Z
01,331,Pisarovina,369,292,661,28,22,50,25,19,44,1,2,3,26,33,59,0,0,0,2,3,5,451,371,822,2021-09-30T22:00:00Z
01,34,Brdovec,840,743,1583,102,33,135,15,6,21,2,7,9,86,59,145,1,0,1,5,3,8,1051,851,1902,2021-09-30T22:00:00Z
01,356,Preseka,20,9,29,5,2,7,12,12,24,0,1,1,16,6,22,0,0,0,1,0,1,54,30,84,2021-09-30T22:00:00Z
01,362,Pušča,146,205,351,27,13,40,7,2,9,1,3,4,57,26,83,0,0,0,0,0,0,238,249,487,2021-09-30T22:00:00Z
01,376,Rugvica,1231,458,1689,8,3,11,4,2,6,1,2,3,30,21,51,0,0,0,0,0,0,1274,486,1760,2021-09-30T22:00:00Z
01,380,Samobor,5476,3809,9285,511,304,815,26,23,49,45,68,113,517,490,1007,0,0,0,36,22,58,6611,4716,11327,2021-09-30T22:00:00Z
01,429,Sveti Ivan Zelina,2282,1903,4185,168,67,235,75,56,131,15,21,36,258,225,483,0,0,0,9,3,12,2807,2275,5082,2021-09-30T22:00:00Z
01,436,Sveta Nedjelja,5550,3411,8961,230,91,321,6,4,10,9,12,21,362,183,545,0,0,0,8,10,18,6165,3711,9876,2021-09-30T22:00:00Z
01,508,Vrbovec,2144,2035,4179,159,69,228,71,36,107,7,22,29,304,165,469,0,0,0,8,12,20,2693,2339,5032,2021-09-30T22:00:00Z
01,533,Krašić,253,182,435,28,10,38,16,10,26,2,3,5,28,24,52,0,0,0,3,1,4,330,230,560,2021-09-30T22:00:00Z
01,536,Rakovec,29,14,43,10,2,12,12,4,16,0,1,1,21,11,32,0,0,0,0,0,0,72,32,104,2021-09-30T22:00:00Z
01,539,Marija Gorica,78,92,170,15,3,18,0,0,0,1,1,2,19,24,43,0,0,0,0,0,0,113,120,233,2021-09-30T22:00:00Z
01,540,Žumberak,16,18,34,4,2,6,6,4,10,0,0,0,3,7,10,0,0,0,0,0,0,29,31,60,2021-09-30T22:00:00Z
01,541,Velika Gorica,7865,6119,13984,627,353,980,70,32,102,62,65,127,606,527,1133,0,0,0,23,25,48,9253,7121,16374,2021-09-30T22:00:00Z
01,542,Orle,45,25,70,15,0,15,8,5,13,0,0,0,13,2,15,0,0,0,0,0,0,81,32,113,2021-09-30T22:00:00Z
01,543,Zaprešić,3327,2936,6263,221,147,368,13,9,22,32,43,75,258,243,501,0,0,0,13,15,28,3864,3393,7257,2021-09-30T22:00:00Z
01,544,Pokupsko,47,71,118,10,6,16,13,6,19,1,0,1,8,7,15,0,0,0,0,0,0,79,90,169,2021-09-30T22:00:00Z
01,545,Kravarsko,107,108,215,34,10,44,7,6,13,0,0,0,65,17,82,0,0,0,1,1,2,214,142,356,2021-09-30T22:00:00Z
01,547,Bistra,372,519,891,44,23,67,8,6,14,2,7,9,55,55,110,1,0,1,1,1,2,483,611,1094,2021-09-30T22:00:00Z
01,548,Luka,225,96,321,14,2,16,2,3,5,1,1,2,22,17,39,0,0,0,0,0,0,264,119,383,2021-09-30T22:00:00Z
01,549,Dubravica,72,42,114,15,0,15,15,7,22,0,0,0,14,15,29,0,0,0,0,0,0,116,64,180,2021-09-30T22:00:00Z
01,550,Bedenica,217,155,372,13,4,17,6,5,11,1,1,2,14,13,27,0,0,0,0,0,0,251,178,429,2021-09-30T22:00:00Z
01,551,Stupnik,1374,507,1881,31,17,48,0,4,4,2,2,4,21,28,49,0,0,0,2,0,2,1430,558,1988,2021-09-30T22:00:00Z
01,97,Dubrava,318,322,640,44,19,63,64,40,104,3,12,15,68,65,133,0,0,0,2,7,9,499,465,964,2021-09-30T22:00:00Z
02,108,Đurmanec,115,151,266,58,13,71,1,2,3,3,1,4,113,87,200,0,0,0,1,0,1,291,254,545,2021-09-30T22:00:00Z
02,11,Bedekovčina,521,779,1300,89,41,130,7,7,14,7,8,15,134,112,246,0,0,0,4,3,7,762,950,1712,2021-09-30T22:00:00Z
02,125,Gornja Stubica,207,297,504,49,15,64,7,3,10,1,1,2,70,43,113,0,0,0,1,1,2,335,360,695,2021-09-30T22:00:00Z
02,146,Hraščina,51,46,97,8,2,10,2,3,5,0,1,1,5,9,14,0,0,0,0,0,0,66,61,127,2021-09-30T22:00:00Z
02,152,Hum Na Sutli,1559,668,2227,58,29,87,4,0,4,1,7,8,255,75,330,0,0,0,1,1,2,1878,780,2658,2021-09-30T22:00:00Z
02,187,Klanjec,300,277,577,65,24,89,12,7,19,5,1,6,71,48,119,0,0,0,2,3,5,455,360,815,2021-09-30T22:00:00Z
02,200,Konjščina,459,399,858,34,15,49,2,0,2,1,2,3,33,32,65,0,0,0,0,1,1,529,449,978,2021-09-30T22:00:00Z
02,208,Kraljevec Na Sutli,65,50,115,13,6,19,4,1,5,0,0,0,18,7,25,0,0,0,0,2,2,100,66,166,2021-09-30T22:00:00Z
02,211,Krapina,2731,2428,5159,177,86,263,7,6,13,16,14,30,218,178,396,0,0,0,1,3,4,3150,2715,5865,2021-09-30T22:00:00Z
02,212,Krapinske Toplice,594,1188,1782,69,37,106,4,6,10,0,5,5,115,69,184,0,0,0,1,1,2,783,1306,2089,2021-09-30T22:00:00Z
02,236,Lobor,159,244,403,21,8,29,3,4,7,0,0,0,37,15,52,0,0,0,1,2,3,221,273,494,2021-09-30T22:00:00Z
02,248,Mače,101,72,173,30,6,36,4,3,7,1,0,1,60,36,96,0,0,0,0,0,0,196,117,313,2021-09-30T22:00:00Z
02,256,Marija Bistrica,327,348,675,66,42,108,15,6,21,1,5,6,84,76,160,0,0,0,4,4,8,497,481,978,2021-09-30T22:00:00Z
02,265,Mihovljan,103,119,222,31,7,38,4,0,4,0,0,0,68,14,82,0,0,0,1,1,2,207,141,348,2021-09-30T22:00:00Z
02,311,Oroslavje,864,823,1687,79,37,116,11,2,13,6,7,13,106,82,188,0,0,0,4,2,6,1070,953,2023,2021-09-30T22:00:00Z
02,329,Petrovsko,65,58,123,16,3,19,1,0,1,5,0,5,59,10,69,0,0,0,1,0,1,147,71,218,2021-09-30T22:00:00Z
02,352,Pregrada,837,918,1755,112,32,144,3,4,7,6,6,12,163,105,268,0,0,0,2,2,4,1123,1067,2190,2021-09-30T22:00:00Z
02,364,Radoboj,137,102,239,16,10,26,1,1,2,1,3,4,56,22,78,0,0,0,0,0,0,211,138,349,2021-09-30T22:00:00Z
02,41,Budinščina,180,180,360,15,5,20,5,2,7,1,2,3,24,11,35,0,0,0,2,1,3,227,201,428,2021-09-30T22:00:00Z
02,422,Stubičke Toplice,243,419,662,34,18,52,0,2,2,3,5,8,69,29,98,0,0,0,1,1,2,350,474,824,2021-09-30T22:00:00Z
02,430,Sveti Križ Začretje,684,789,1473,72,22,94,9,4,13,1,5,6,137,99,236,0,0,0,5,2,7,908,921,1829,2021-09-30T22:00:00Z
02,466,Tuhelj,131,210,341,18,11,29,4,1,5,1,2,3,34,33,67,0,0,0,0,0,0,188,257,445,2021-09-30T22:00:00Z
02,481,Veliko Trgovišće,527,335,862,52,17,69,4,3,7,3,5,8,106,60,166,0,0,0,5,1,6,697,421,1118,2021-09-30T22:00:00Z
02,519,Zabok,2794,2764,5558,143,84,227,5,3,8,13,17,30,190,336,526,0,0,0,2,6,8,3147,3210,6357,2021-09-30T22:00:00Z
02,521,Zagorska Sela,12,57,69,7,1,8,5,1,6,0,1,1,16,4,20,0,0,0,0,0,0,40,64,104,2021-09-30T22:00:00Z
02,526,Zlatar,529,664,1193,96,41,137,23,15,38,8,9,17,107,82,189,0,0,0,4,3,7,767,814,1581,2021-09-30T22:00:00Z
02,527,Zlatar Bistrica,324,559,883,29,9,38,4,4,8,4,0,4,77,46,123,0,0,0,3,4,7,441,622,1063,2021-09-30T22:00:00Z
02,552,Jesenje,55,64,119,9,1,10,0,1,1,0,0,0,48,6,54,0,0,0,0,0,0,112,72,184,2021-09-30T22:00:00Z
02,553,Kumrovec,83,88,171,16,4,20,2,0,2,3,1,4,24,18,42,0,0,0,0,0,0,128,111,239,2021-09-30T22:00:00Z
02,554,Novi Golubovec,133,57,190,3,2,5,1,0,1,0,0,0,5,2,7,0,0,0,0,0,0,142,61,203,2021-09-30T22:00:00Z
02,70,Desinić,133,282,415,31,8,39,11,1,12,2,1,3,43,35,78,0,0,0,0,1,1,220,328,548,2021-09-30T22:00:00Z
02,79,Donja Stubica,928,794,1722,97,49,146,5,3,8,7,3,10,89,60,149,0,0,0,2,1,3,1128,910,2038,2021-09-30T22:00:00Z
03,102,Dvor,289,155,444,13,5,18,65,21,86,0,3,3,13,14,27,0,0,0,3,2,5,383,200,583,2021-09-30T22:00:00Z
03,121,Glina,1168,723,1891,40,24,64,55,24,79,4,10,14,66,69,135,0,0,0,0,0,0,1333,850,2183,2021-09-30T22:00:00Z
03,149,Hrvatska Dubica,76,61,137,8,2,10,11,4,15,0,0,0,5,5,10,0,0,0,0,0,0,100,72,172,2021-09-30T22:00:00Z
03,150,Hrvatska Kostajnica,308,310,618,20,9,29,9,2,11,1,3,4,9,16,25,0,0,0,2,0,2,349,340,689,2021-09-30T22:00:00Z
03,168,Jasenovac,139,164,303,11,3,14,12,6,18,0,1,1,14,10,24,0,0,0,0,0,0,176,184,360,2021-09-30T22:00:00Z
03,220,Kutina,3715,2960,6675,173,112,285,42,23,65,35,23,58,228,269,497,0,0,0,16,6,22,4209,3393,7602,2021-09-30T22:00:00Z
03,228,Lekenik,305,272,577,36,9,45,8,9,17,1,3,4,47,32,79,0,0,0,1,1,2,398,326,724,2021-09-30T22:00:00Z
03,232,Lipovljani,272,286,558,25,11,36,11,3,14,1,0,1,31,38,69,0,0,0,0,1,1,340,339,679,2021-09-30T22:00:00Z
03,259,Martinska Ves,131,55,186,8,2,10,31,15,46,3,0,3,47,16,63,0,0,0,1,0,1,221,88,309,2021-09-30T22:00:00Z
03,293,Novska,1321,1057,2378,170,102,272,33,16,49,7,21,28,268,236,504,0,0,0,1,4,5,1800,1436,3236,2021-09-30T22:00:00Z
03,328,Petrinja,1665,1693,3358,226,84,310,64,23,87,8,27,35,287,298,585,0,0,0,8,6,14,2258,2131,4389,2021-09-30T22:00:00Z
03,347,Popovača,896,1035,1931,79,41,120,47,16,63,8,11,19,100,131,231,0,0,0,5,1,6,1135,1235,2370,2021-09-30T22:00:00Z
03,391,Sisak,6990,8070,15060,379,228,607,101,57,158,43,76,119,604,601,1205,0,0,0,21,16,37,8138,9048,17186,2021-09-30T22:00:00Z
03,426,Sunja,181,162,343,25,10,35,46,34,80,1,2,3,18,21,39,0,0,0,2,0,2,273,229,502,2021-09-30T22:00:00Z
03,457,Topusko,237,331,568,16,6,22,5,2,7,3,1,4,31,27,58,0,0,0,0,0,0,292,367,659,2021-09-30T22:00:00Z
03,477,Velika Ludina,114,141,255,9,9,18,15,3,18,0,0,0,26,23,49,0,0,0,0,0,0,164,176,340,2021-09-30T22:00:00Z
03,510,Gvozd,127,91,218,8,4,12,20,4,24,0,0,0,18,16,34,0,0,0,2,0,2,175,115,290,2021-09-30T22:00:00Z
03,555,Majur,123,70,193,1,1,2,5,0,5,0,0,0,3,0,3,0,0,0,0,0,0,132,71,203,2021-09-30T22:00:00Z
03,83,Donji Kukuruzari,49,84,133,5,0,5,5,3,8,0,0,0,3,2,5,0,0,0,1,0,1,63,89,152,2021-09-30T22:00:00Z
04,120,Generalski Stol,35,74,109,21,5,26,1,0,1,0,1,1,24,15,39,0,0,0,0,0,0,81,95,176,2021-09-30T22:00:00Z
04,172,Josipdol,190,164,354,26,17,43,4,9,13,2,1,3,52,51,103,0,0,0,0,0,0,274,242,516,2021-09-30T22:00:00Z
04,179,Karlovac,10579,8891,19470,420,296,716,74,52,126,70,89,159,611,800,1411,0,0,0,18,16,34,11772,10144,21916,2021-09-30T22:00:00Z
04,216,Krnjak,166,68,234,2,2,4,7,3,10,0,0,0,10,4,14,0,0,0,0,0,0,185,77,262,2021-09-30T22:00:00Z
04,225,Lasinja,64,49,113,5,3,8,0,5,5,2,0,2,6,8,14,0,0,0,0,0,0,77,65,142,2021-09-30T22:00:00Z
04,281,Netretić,76,91,167,19,3,22,3,1,4,1,1,2,47,32,79,0,0,0,0,0,0,146,128,274,2021-09-30T22:00:00Z
04,297,Ogulin,1759,1819,3578,141,90,231,34,14,48,8,31,39,138,177,315,0,0,0,5,11,16,2085,2142,4227,2021-09-30T22:00:00Z
04,30,Bosiljevo,107,93,200,4,0,4,0,0,0,1,1,2,29,33,62,0,0,0,0,0,0,141,127,268,2021-09-30T22:00:00Z
04,315,Ozalj,769,631,1400,86,32,118,18,13,31,4,10,14,120,94,214,0,0,0,1,4,5,998,784,1782,2021-09-30T22:00:00Z
04,333,Plaški,88,76,164,9,5,14,10,2,12,0,0,0,31,24,55,0,0,0,0,0,0,138,107,245,2021-09-30T22:00:00Z
04,365,Rakovica,145,144,289,6,11,17,3,4,7,0,0,0,74,81,155,0,0,0,1,0,1,229,240,469,2021-09-30T22:00:00Z
04,378,Saborsko,16,19,35,2,1,3,1,0,1,0,0,0,6,4,10,0,0,0,0,0,0,25,24,49,2021-09-30T22:00:00Z
04,400,Slunj,342,416,758,51,17,68,29,15,44,3,6,9,120,100,220,0,0,0,2,12,14,547,566,1113,2021-09-30T22:00:00Z
04,49,Cetingrad,67,54,121,6,1,7,3,4,7,0,0,0,8,11,19,0,0,0,0,0,0,84,70,154,2021-09-30T22:00:00Z
04,503,Vojnić,385,259,644,25,12,37,37,10,47,2,0,2,30,35,65,0,0,0,1,3,4,480,319,799,2021-09-30T22:00:00Z
04,530,Žakanje,142,100,242,27,11,38,4,0,4,0,0,0,27,31,58,0,0,0,0,1,1,200,143,343,2021-09-30T22:00:00Z
04,556,Ribnik,7,4,11,10,4,14,1,2,3,0,0,0,7,12,19,0,0,0,0,0,0,25,22,47,2021-09-30T22:00:00Z
04,557,Tounj,67,35,102,4,0,4,0,0,0,0,0,0,4,5,9,0,0,0,0,0,0,75,40,115,2021-09-30T22:00:00Z
04,623,Kamanje,156,99,255,3,3,6,0,0,0,0,0,0,2,14,16,0,0,0,0,0,0,161,116,277,2021-09-30T22:00:00Z
04,7,Barilovići,264,148,412,20,9,29,6,1,7,1,1,2,121,31,152,0,0,0,0,0,0,412,190,602,2021-09-30T22:00:00Z
04,90,Draganić,135,138,273,12,4,16,7,3,10,1,1,2,20,27,47,0,0,0,0,0,0,175,173,348,2021-09-30T22:00:00Z
04,99,Duga Resa,1214,1013,2227,137,75,212,17,19,36,5,19,24,192,209,401,1,0,1,6,7,13,1572,1342,2914,2021-09-30T22:00:00Z
05,12,Bednja,206,175,381,22,7,29,2,8,10,2,1,3,24,21,45,0,0,0,0,0,0,256,212,468,2021-09-30T22:00:00Z
05,129,Gornji Kneginec,559,973,1532,49,28,77,12,4,16,1,6,7,67,58,125,0,0,0,5,9,14,693,1078,1771,2021-09-30T22:00:00Z
05,151,Breznički Hum,190,150,340,13,5,18,9,6,15,0,1,1,18,12,30,0,0,0,2,4,6,232,178,410,2021-09-30T22:00:00Z
05,156,Ivanec,2059,1822,3881,160,63,223,14,11,25,12,17,29,306,269,575,0,0,0,6,13,19,2557,2195,4752,2021-09-30T22:00:00Z
05,165,Jalžabet,745,1105,1850,21,3,24,10,6,16,0,3,3,34,20,54,0,0,0,0,1,1,810,1138,1948,2021-09-30T22:00:00Z
05,189,Klenovnik,117,57,174,8,4,12,0,1,1,0,0,0,22,26,48,0,0,0,2,0,2,149,88,237,2021-09-30T22:00:00Z
05,19,Beretinec,73,32,105,18,2,20,3,2,5,0,1,1,16,26,42,0,0,0,1,0,1,111,63,174,2021-09-30T22:00:00Z
05,229,Lepoglava,1293,570,1863,57,31,88,5,4,9,1,5,6,103,63,166,0,0,0,1,7,8,1460,680,2140,2021-09-30T22:00:00Z
05,244,Ludbreg,1800,1520,3320,115,59,174,50,36,86,10,14,24,238,185,423,0,0,0,5,8,13,2218,1822,4040,2021-09-30T22:00:00Z
05,247,Ljubešćica,335,149,484,32,7,39,1,0,1,1,3,4,97,25,122,0,0,0,0,1,1,466,185,651,2021-09-30T22:00:00Z
05,251,Mali Bukovec,37,81,118,13,6,19,26,15,41,0,1,1,100,35,135,0,0,0,0,1,1,176,139,315,2021-09-30T22:00:00Z
05,260,Maruševec,349,303,652,54,25,79,22,24,46,3,4,7,110,39,149,0,0,0,3,3,6,541,398,939,2021-09-30T22:00:00Z
05,289,Novi Marof,1233,1244,2477,163,67,230,14,11,25,8,17,25,292,176,468,0,0,0,5,2,7,1715,1517,3232,2021-09-30T22:00:00Z
05,326,Petrijanec,411,701,1112,25,8,33,16,9,25,1,3,4,91,78,169,0,0,0,0,1,1,544,800,1344,2021-09-30T22:00:00Z
05,36,Breznica,161,66,227,18,3,21,3,5,8,1,5,6,29,15,44,0,0,0,0,0,0,212,94,306,2021-09-30T22:00:00Z
05,410,Sračinec,253,273,526,42,13,55,2,2,4,1,6,7,88,55,143,0,0,0,0,2,2,386,351,737,2021-09-30T22:00:00Z
05,437,Sveti Đurđ,74,95,169,30,4,34,27,8,35,3,1,4,34,35,69,0,0,0,0,0,0,168,143,311,2021-09-30T22:00:00Z
05,438,Sveti Ilija,168,182,350,16,8,24,2,1,3,0,4,4,44,29,73,0,0,0,1,0,1,231,224,455,2021-09-30T22:00:00Z
05,462,Trnovec Bartolovečki,1180,1489,2669,68,16,84,19,8,27,2,4,6,343,90,433,0,0,0,0,1,1,1612,1608,3220,2021-09-30T22:00:00Z
05,472,Varaždin,16447,15256,31703,500,354,854,45,25,70,74,119,193,560,651,1211,0,0,0,19,18,37,17645,16423,34068,2021-09-30T22:00:00Z
05,473,Varaždinske Toplice,606,462,1068,47,22,69,9,6,15,3,7,10,191,49,240,0,0,0,2,4,6,858,550,1408,2021-09-30T22:00:00Z
05,48,Cestica,384,375,759,46,25,71,15,17,32,1,4,5,101,79,180,0,0,0,0,2,2,547,502,1049,2021-09-30T22:00:00Z
05,484,Vidovec,215,244,459,51,15,66,66,31,97,2,5,7,116,94,210,0,0,0,0,0,0,450,389,839,2021-09-30T22:00:00Z
05,486,Vinica,279,209,488,22,10,32,4,4,8,1,5,6,29,30,59,0,0,0,0,1,1,335,259,594,2021-09-30T22:00:00Z
05,493,Visoko,90,57,147,19,0,19,6,3,9,0,0,0,24,21,45,0,0,0,1,0,1,140,81,221,2021-09-30T22:00:00Z
05,558,Veliki Bukovec,362,277,639,5,2,7,26,13,39,0,2,2,35,26,61,0,0,0,0,0,0,428,320,748,2021-09-30T22:00:00Z
05,80,Donja Voća,89,59,148,9,1,10,5,9,14,0,1,1,30,23,53,0,0,0,0,0,0,133,93,226,2021-09-30T22:00:00Z
05,85,Donji Martijanec,359,171,530,27,8,35,21,5,26,1,1,2,53,33,86,0,0,0,0,0,0,461,218,679,2021-09-30T22:00:00Z
06,104,Đelekovec,27,48,75,21,9,30,41,12,53,0,1,1,19,11,30,0,0,0,0,0,0,108,81,189,2021-09-30T22:00:00Z
06,107,Đurđevac,1364,1172,2536,85,42,127,68,45,113,12,13,25,87,80,167,0,0,0,13,4,17,1629,1356,2985,2021-09-30T22:00:00Z
06,115,Ferdinandovac,39,89,128,8,2,10,42,32,74,1,1,2,18,7,25,0,0,0,0,0,0,108,131,239,2021-09-30T22:00:00Z
06,122,Gola,177,152,329,12,2,14,92,40,132,0,2,2,5,23,28,0,0,0,1,0,1,287,219,506,2021-09-30T22:00:00Z
06,145,Hlebine,10,22,32,1,0,1,14,4,18,1,1,2,0,11,11,0,0,0,1,1,2,27,39,66,2021-09-30T22:00:00Z
06,194,Kloštar Podravski,186,164,350,18,13,31,41,37,78,0,1,1,35,55,90,0,0,0,1,1,2,281,271,552,2021-09-30T22:00:00Z
06,201,Koprivnica,7077,7549,14626,342,192,534,61,28,89,63,80,143,433,445,878,0,2,2,14,14,28,7990,8310,16300,2021-09-30T22:00:00Z
06,202,Koprivnički Bregi,55,78,133,17,5,22,23,8,31,0,1,1,35,9,44,0,0,0,0,0,0,130,101,231,2021-09-30T22:00:00Z
06,203,Koprivnički Ivanec,62,62,124,25,4,29,23,8,31,0,0,0,27,10,37,0,0,0,0,0,0,137,84,221,2021-09-30T22:00:00Z
06,214,Križevci,3296,3633,6929,165,100,265,231,185,416,12,28,40,240,226,466,0,0,0,11,7,18,3955,4179,8134,2021-09-30T22:00:00Z
06,227,Legrad,59,93,152,13,4,17,21,5,26,1,1,2,20,16,36,0,0,0,0,0,0,114,119,233,2021-09-30T22:00:00Z
06,270,Molve,221,115,336,7,9,16,58,32,90,1,2,3,37,19,56,0,0,0,2,1,3,326,178,504,2021-09-30T22:00:00Z
06,292,Novigrad Podravski,94,147,241,10,2,12,21,11,32,0,2,2,19,17,36,0,0,0,0,0,0,144,179,323,2021-09-30T22:00:00Z
06,324,Peteranec,75,46,121,16,4,20,21,8,29,0,1,1,28,13,41,0,0,0,0,0,0,140,72,212,2021-09-30T22:00:00Z
06,366,Rasinja,54,76,130,20,4,24,54,24,78,1,1,2,21,27,48,0,0,0,1,0,1,151,132,283,2021-09-30T22:00:00Z
06,405,Sokolovac,221,89,310,16,2,18,45,18,63,5,5,10,25,12,37,0,0,0,1,0,1,313,126,439,2021-09-30T22:00:00Z
06,439,Sveti Ivan Žabno,255,203,458,40,18,58,99,58,157,1,2,3,54,63,117,0,0,0,0,1,1,449,345,794,2021-09-30T22:00:00Z
06,442,Sveti Petar Orehovec,126,111,237,30,6,36,140,131,271,1,2,3,40,19,59,0,0,0,1,0,1,338,269,607,2021-09-30T22:00:00Z
06,490,Virje,280,223,503,29,11,40,43,21,64,4,1,5,30,34,64,0,0,0,2,1,3,388,291,679,2021-09-30T22:00:00Z
06,559,Kalinovac,400,99,499,4,1,5,8,2,10,0,0,0,8,8,16,0,0,0,1,0,1,421,110,531,2021-09-30T22:00:00Z
06,560,Kalnik,45,55,100,2,4,6,17,22,39,0,1,1,7,4,11,0,0,0,0,0,0,71,86,157,2021-09-30T22:00:00Z
06,561,Novo Virje,49,41,90,2,0,2,40,25,65,0,0,0,14,6,20,0,0,0,0,1,1,105,73,178,2021-09-30T22:00:00Z
06,616,Podravske Sesvete,101,120,221,3,5,8,23,13,36,2,0,2,8,8,16,0,0,0,1,1,2,138,147,285,2021-09-30T22:00:00Z
06,618,Gornja Reka,83,76,159,6,3,9,7,8,15,0,0,0,8,5,13,0,0,0,0,0,0,104,92,196,2021-09-30T22:00:00Z
06,96,Drnje,118,111,229,11,2,13,18,10,28,0,2,2,6,9,15,0,0,0,2,0,2,155,134,289,2021-09-30T22:00:00Z
07,105,Đulovac,280,66,346,8,7,15,36,16,52,2,2,4,114,29,143,0,0,0,0,0,0,440,120,560,2021-09-30T22:00:00Z
07,119,Garešnica,1092,1119,2211,61,31,92,61,37,98,15,20,35,106,129,235,0,0,0,1,5,6,1336,1341,2677,2021-09-30T22:00:00Z
07,139,Grubišno Polje,593,522,1115,33,24,57,113,45,158,4,7,11,74,72,146,0,0,0,3,3,6,820,673,1493,2021-09-30T22:00:00Z
07,144,Hercegovac,130,153,283,19,3,22,48,17,65,1,1,2,43,32,75,0,0,0,1,1,2,242,207,449,2021-09-30T22:00:00Z
07,161,Ivanska,127,98,225,5,3,8,49,13,62,2,2,4,90,26,116,0,0,0,2,1,3,275,143,418,2021-09-30T22:00:00Z
07,176,Kapela,91,96,187,3,3,6,48,25,73,0,1,1,21,8,29,0,0,0,2,0,2,165,133,298,2021-09-30T22:00:00Z
07,18,Berek,49,56,105,7,1,8,20,17,37,0,0,0,9,6,15,0,0,0,0,0,0,85,80,165,2021-09-30T22:00:00Z
07,199,Končanica,127,101,228,8,2,10,32,15,47,0,0,0,15,7,22,0,0,0,2,0,2,184,125,309,2021-09-30T22:00:00Z
07,24,Bjelovar,7149,6959,14108,298,182,480,200,96,296,50,91,141,438,531,969,1,0,1,17,12,29,8153,7871,16024,2021-09-30T22:00:00Z
07,287,Nova Rača,98,122,220,12,2,14,79,33,112,0,2,2,30,16,46,0,0,0,0,0,0,219,175,394,2021-09-30T22:00:00Z
07,375,Rovišće,203,215,418,24,10,34,49,35,84,1,3,4,24,40,64,0,0,0,0,1,1,301,304,605,2021-09-30T22:00:00Z
07,390,Sirač,262,166,428,11,2,13,12,4,16,1,0,1,17,9,26,0,0,0,0,2,2,303,183,486,2021-09-30T22:00:00Z
07,450,Štefanje,52,65,117,7,3,10,33,13,46,0,2,2,35,19,54,0,0,0,1,0,1,128,102,230,2021-09-30T22:00:00Z
07,478,Velika Pisanica,70,84,154,3,2,5,33,14,47,1,0,1,12,10,22,0,0,0,0,0,0,119,110,229,2021-09-30T22:00:00Z
07,480,Veliki Grđevac,153,148,301,10,5,15,71,29,100,1,1,2,74,25,99,0,0,0,1,0,1,310,208,518,2021-09-30T22:00:00Z
07,483,Veliko Trojstvo,66,125,191,15,4,19,14,14,28,0,0,0,44,20,64,0,0,0,0,0,0,139,163,302,2021-09-30T22:00:00Z
07,562,Severin,64,33,97,1,0,1,16,13,29,0,0,0,13,24,37,0,0,0,0,0,0,94,70,164,2021-09-30T22:00:00Z
07,564,Šandrovac,29,49,78,4,0,4,14,8,22,0,0,0,12,6,18,0,0,0,0,0,0,59,63,122,2021-09-30T22:00:00Z
07,565,Velika Trnovitica,60,60,120,7,2,9,32,22,54,1,0,1,21,12,33,0,0,0,1,1,2,122,97,219,2021-09-30T22:00:00Z
07,566,Zrinski Topolovac,12,25,37,2,1,3,32,17,49,0,0,0,5,1,6,0,0,0,0,1,1,51,45,96,2021-09-30T22:00:00Z
07,63,Čazma,1138,831,1969,53,18,71,56,42,98,7,12,19,110,67,177,0,0,0,3,0,3,1367,970,2337,2021-09-30T22:00:00Z
07,67,Daruvar,1466,1732,3198,75,51,126,44,21,65,17,19,36,144,186,330,0,0,0,3,5,8,1749,2014,3763,2021-09-30T22:00:00Z
07,71,Dežanovac,122,84,206,9,2,11,73,39,112,0,0,0,35,15,50,0,0,0,0,1,1,239,141,380,2021-09-30T22:00:00Z
08,117,Fužine,267,190,457,17,12,29,0,1,1,4,1,5,14,20,34,0,0,0,2,1,3,304,225,529,2021-09-30T22:00:00Z
08,170,Jelenje,287,255,542,97,48,145,7,1,8,32,9,41,58,41,99,0,0,0,2,1,3,483,355,838,2021-09-30T22:00:00Z
08,180,Kastav,1105,841,1946,127,67,194,4,1,5,52,10,62,108,92,200,2,0,2,7,6,13,1405,1017,2422,2021-09-30T22:00:00Z
08,186,Klana,395,222,617,21,8,29,1,1,2,3,2,5,16,12,28,0,0,0,1,2,3,437,247,684,2021-09-30T22:00:00Z
08,209,Kraljevica,343,284,627,38,23,61,2,1,3,41,5,46,19,31,50,1,0,1,0,7,7,444,351,795,2021-09-30T22:00:00Z
08,215,Krk,1873,1259,3132,232,92,324,15,7,22,27,14,41,274,167,441,0,0,0,8,7,15,2429,1546,3975,2021-09-30T22:00:00Z
08,237,Lokve,114,90,204,14,6,20,0,0,0,0,2,2,12,9,21,0,0,0,0,0,0,140,107,247,2021-09-30T22:00:00Z
08,242,Lovran,427,617,1044,86,28,114,1,1,2,9,10,19,47,55,102,0,0,0,3,8,11,573,719,1292,2021-09-30T22:00:00Z
08,252,Mali Lošinj,1434,1498,2932,225,77,302,21,8,29,35,16,51,179,163,342,0,0,0,12,5,17,1906,1767,3673,2021-09-30T22:00:00Z
08,253,Malinska-Dubašnica,507,791,1298,137,58,195,6,10,16,10,4,14,175,163,338,0,0,0,11,6,17,846,1032,1878,2021-09-30T22:00:00Z
08,261,Matulji,1468,1085,2553,216,123,339,14,6,20,47,16,63,171,181,352,0,0,0,2,12,14,1918,1423,3341,2021-09-30T22:00:00Z
08,273,Mošćenička Draga,108,86,194,51,12,63,0,1,1,2,2,4,38,26,64,0,0,0,4,4,8,203,131,334,2021-09-30T22:00:00Z
08,275,Mrkopalj,66,48,114,17,3,20,2,0,2,2,0,2,10,11,21,0,0,0,1,1,2,98,63,161,2021-09-30T22:00:00Z
08,290,Novi Vinodolski,511,447,958,105,43,148,7,4,11,14,7,21,112,69,181,0,0,0,3,5,8,752,575,1327,2021-09-30T22:00:00Z
08,301,Omišalj,626,412,1038,84,21,105,0,0,0,15,5,20,72,38,110,0,0,0,1,3,4,798,479,1277,2021-09-30T22:00:00Z
08,302,Opatija,2266,2810,5076,200,104,304,6,6,12,54,29,83,96,147,243,0,1,1,11,13,24,2633,3110,5743,2021-09-30T22:00:00Z
08,360,Punat,302,161,463,61,22,83,4,0,4,7,2,9,62,45,107,0,0,0,3,2,5,439,232,671,2021-09-30T22:00:00Z
08,363,Rab,951,1121,2072,292,71,363,13,5,18,14,12,26,236,186,422,0,0,0,8,12,20,1514,1407,2921,2021-09-30T22:00:00Z
08,369,Ravna Gora,276,301,577,28,11,39,2,0,2,3,1,4,43,22,65,0,0,0,1,2,3,353,337,690,2021-09-30T22:00:00Z
08,373,Rijeka,27409,28299,55708,1267,1047,2314,23,17,40,1058,361,1419,939,1276,2215,4,0,4,94,118,212,30794,31118,61912,2021-09-30T22:00:00Z
08,38,Brod Moravice,43,39,82,10,1,11,0,0,0,0,1,1,20,8,28,0,0,0,1,0,1,74,49,123,2021-09-30T22:00:00Z
08,393,Skrad,39,54,93,4,3,7,1,1,2,1,1,2,2,8,10,0,0,0,0,0,0,47,67,114,2021-09-30T22:00:00Z
08,4,Bakar,1979,989,2968,62,39,101,2,0,2,74,10,84,77,76,153,0,0,0,2,10,12,2196,1124,3320,2021-09-30T22:00:00Z
08,488,Vinodolska Općina,190,161,351,58,20,78,2,0,2,9,1,10,39,15,54,1,0,1,0,1,1,299,198,497,2021-09-30T22:00:00Z
08,495,Viškovo,1693,1113,2806,202,103,305,7,4,11,73,17,90,155,139,294,0,0,0,9,9,18,2139,1385,3524,2021-09-30T22:00:00Z
08,507,Vrbnik,133,100,233,30,10,40,9,4,13,2,0,2,30,23,53,0,0,0,0,1,1,204,138,342,2021-09-30T22:00:00Z
08,509,Vrbovsko,335,282,617,62,21,83,5,4,9,0,5,5,77,51,128,0,0,0,1,0,1,480,363,843,2021-09-30T22:00:00Z
08,52,Cres,505,442,947,74,23,97,12,3,15,10,3,13,48,81,129,0,0,0,7,3,10,656,555,1211,2021-09-30T22:00:00Z
08,53,Crikvenica,1214,1642,2856,214,118,332,7,2,9,42,23,65,218,172,390,0,0,0,8,14,22,1703,1971,3674,2021-09-30T22:00:00Z
08,538,Kostrena,432,288,720,38,20,58,1,1,2,84,7,91,22,27,49,0,0,0,1,4,5,578,347,925,2021-09-30T22:00:00Z
08,55,Čabar,337,284,621,55,18,73,2,4,6,5,0,5,152,50,202,0,0,0,1,4,5,552,360,912,2021-09-30T22:00:00Z
08,61,Čavle,664,517,1181,90,51,141,0,2,2,29,10,39,108,82,190,0,0,0,4,2,6,895,664,1559,2021-09-30T22:00:00Z
08,624,Lopar,66,38,104,23,2,25,0,0,0,1,0,1,28,25,53,0,0,0,2,2,4,120,67,187,2021-09-30T22:00:00Z
08,69,Delnice,1148,756,1904,71,48,119,6,1,7,12,12,24,75,94,169,0,0,0,1,6,7,1313,917,2230,2021-09-30T22:00:00Z
08,74,Dobrinj,131,79,210,49,21,70,1,2,3,6,1,7,93,44,137,0,0,0,1,2,3,281,149,430,2021-09-30T22:00:00Z
08,8,Baška,216,205,421,44,24,68,7,2,9,3,3,6,29,41,70,0,0,0,6,4,10,305,279,584,2021-09-30T22:00:00Z
09,130,Gospić,2250,2316,4566,106,61,167,72,39,111,11,9,20,148,155,303,0,0,0,9,8,17,2596,2588,5184,2021-09-30T22:00:00Z
09,178,Karlobag,88,94,182,9,5,14,7,1,8,1,0,1,8,3,11,0,0,0,1,1,2,114,104,218,2021-09-30T22:00:00Z
09,240,Lovinac,190,76,266,1,0,1,2,2,4,1,0,1,1,2,3,0,0,0,0,0,0,195,80,275,2021-09-30T22:00:00Z
09,288,Novalja,692,568,1260,127,29,156,18,8,26,5,5,10,165,80,245,0,0,0,7,10,17,1014,700,1714,2021-09-30T22:00:00Z
09,313,Otočac,844,892,1736,94,40,134,56,27,83,7,6,13,123,117,240,0,0,0,2,5,7,1126,1087,2213,2021-09-30T22:00:00Z
09,323,Perušić,342,242,584,20,10,30,31,22,53,0,1,1,23,27,50,0,0,0,0,0,0,416,302,718,2021-09-30T22:00:00Z
09,37,Brinje,363,233,596,23,6,29,9,6,15,0,1,1,14,22,36,0,0,0,0,1,1,409,269,678,2021-09-30T22:00:00Z
09,387,Senj,737,631,1368,98,49,147,5,5,10,15,7,22,101,116,217,0,0,0,8,8,16,964,816,1780,2021-09-30T22:00:00Z
09,455,Plitvička Jezera,730,759,1489,43,23,66,60,14,74,2,5,7,201,151,352,0,0,0,1,0,1,1037,952,1989,2021-09-30T22:00:00Z
09,467,Udbina,134,130,264,10,6,16,34,10,44,0,0,0,17,14,31,0,0,0,4,1,5,199,161,360,2021-09-30T22:00:00Z
09,512,Vrhovine,94,39,133,3,3,6,7,1,8,0,0,0,3,4,7,0,0,0,0,0,0,107,47,154,2021-09-30T22:00:00Z
09,84,Donji Lapac,106,76,182,6,4,10,22,8,30,0,0,0,11,5,16,0,0,0,0,0,0,145,93,238,2021-09-30T22:00:00Z
10,136,Gradina,83,87,170,13,6,19,129,41,170,2,0,2,41,29,70,0,0,0,0,0,0,268,163,431,2021-09-30T22:00:00Z
10,245,Lukač,222,113,335,13,5,18,42,16,58,1,0,1,63,27,90,0,0,0,0,0,0,341,161,502,2021-09-30T22:00:00Z
10,266,Mikleuš,72,51,123,9,2,11,15,7,22,0,0,0,12,12,24,0,0,0,0,0,0,108,72,180,2021-09-30T22:00:00Z
10,283,Nova Bukovica,39,47,86,8,5,13,35,6,41,1,0,1,24,17,41,0,0,0,1,0,1,108,75,183,2021-09-30T22:00:00Z
10,307,Orahovica,951,675,1626,65,40,105,13,3,16,10,11,21,101,103,204,0,0,0,2,6,8,1142,838,1980,2021-09-30T22:00:00Z
10,332,Pitomača,660,667,1327,79,45,124,159,86,245,2,7,9,223,189,412,0,0,0,2,1,3,1125,995,2120,2021-09-30T22:00:00Z
10,395,Slatina,1422,1445,2867,152,70,222,133,37,170,12,22,34,217,262,479,0,0,0,3,7,10,1939,1843,3782,2021-09-30T22:00:00Z
10,407,Sopje,150,41,191,5,1,6,88,22,110,0,0,0,22,20,42,0,0,0,0,0,0,265,84,349,2021-09-30T22:00:00Z
10,424,Suhopolje,263,278,541,25,20,45,100,40,140,1,1,2,59,49,108,0,0,0,4,0,4,452,388,840,2021-09-30T22:00:00Z
10,449,Špišić Bukovica,141,145,286,20,8,28,165,61,226,1,2,3,35,62,97,0,0,0,1,2,3,363,280,643,2021-09-30T22:00:00Z
10,491,Virovitica,3887,3946,7833,186,102,288,102,26,128,30,20,50,399,375,774,0,0,0,8,12,20,4612,4481,9093,2021-09-30T22:00:00Z
10,499,Voćin,144,100,244,10,3,13,27,33,60,0,0,0,10,6,16,0,0,0,0,0,0,191,142,333,2021-09-30T22:00:00Z
10,524,Zdenci,128,84,212,10,3,13,19,6,25,0,2,2,13,15,28,0,0,0,1,2,3,171,112,283,2021-09-30T22:00:00Z
10,54,Crnac,28,34,62,15,3,18,18,6,24,0,1,1,21,10,31,0,0,0,0,0,0,82,54,136,2021-09-30T22:00:00Z
10,56,Čačinci,165,100,265,21,12,33,19,11,30,0,3,3,25,30,55,0,0,0,1,1,2,231,157,388,2021-09-30T22:00:00Z
10,57,Čađavica,114,92,206,16,9,25,66,20,86,0,0,0,49,29,78,0,0,0,1,0,1,246,150,396,2021-09-30T22:00:00Z
11,164,Jakšić,136,143,279,28,3,31,24,6,30,0,2,2,59,16,75,0,0,0,0,0,0,247,170,417,2021-09-30T22:00:00Z
11,177,Kaptol,87,98,185,16,2,18,22,3,25,0,1,1,45,9,54,0,0,0,0,1,1,170,114,284,2021-09-30T22:00:00Z
11,221,Kutjevo,584,400,984,49,18,67,63,28,91,2,2,4,82,76,158,0,0,0,7,1,8,787,525,1312,2021-09-30T22:00:00Z
11,231,Lipik,773,609,1382,30,14,44,22,11,33,2,9,11,57,54,111,0,0,0,2,0,2,886,697,1583,2021-09-30T22:00:00Z
11,318,Pakrac,623,1101,1724,85,28,113,49,20,69,14,16,30,172,90,262,0,0,0,3,2,5,946,1257,2203,2021-09-30T22:00:00Z
11,334,Pleternica,622,429,1051,80,25,105,56,14,70,3,5,8,176,122,298,0,0,0,2,8,10,939,603,1542,2021-09-30T22:00:00Z
11,35,Brestovac,119,128,247,15,3,18,16,3,19,1,1,2,25,11,36,0,0,0,0,1,1,176,147,323,2021-09-30T22:00:00Z
11,351,Požega,5279,4325,9604,306,157,463,123,44,167,39,104,143,455,375,830,0,1,1,9,19,28,6211,5025,11236,2021-09-30T22:00:00Z
11,475,Velika,320,300,620,22,12,34,22,4,26,2,3,5,49,37,86,0,0,0,0,0,0,415,356,771,2021-09-30T22:00:00Z
11,58,Čaglin,95,172,267,9,2,11,19,6,25,0,1,1,14,11,25,0,0,0,0,0,0,137,192,329,2021-09-30T22:00:00Z
12,10,Bebrina,39,48,87,10,8,18,16,6,22,2,0,2,10,6,16,0,0,0,0,0,0,77,68,145,2021-09-30T22:00:00Z
12,118,Garčin,131,204,335,31,9,40,29,14,43,0,0,0,20,22,42,0,0,0,0,0,0,211,249,460,2021-09-30T22:00:00Z
12,127,Gornji Bogićevci,51,39,90,10,2,12,9,2,11,0,0,0,15,23,38,0,0,0,0,0,0,85,66,151,2021-09-30T22:00:00Z
12,140,Gundinci,77,68,145,11,3,14,49,24,73,0,0,0,18,7,25,0,0,0,1,0,1,156,102,258,2021-09-30T22:00:00Z
12,185,Klakar,79,65,144,15,3,18,22,4,26,0,1,1,14,15,29,0,0,0,1,0,1,131,88,219,2021-09-30T22:00:00Z
12,284,Nova Gradiška,2138,2016,4154,143,93,236,27,19,46,24,21,45,270,317,587,0,0,0,1,2,3,2603,2468,5071,2021-09-30T22:00:00Z
12,285,Nova Kapela,157,189,346,21,17,38,22,6,28,2,3,5,55,56,111,0,0,0,1,1,2,258,272,530,2021-09-30T22:00:00Z
12,299,Okučani,226,147,373,29,7,36,12,1,13,0,1,1,46,28,74,0,0,0,1,3,4,314,187,501,2021-09-30T22:00:00Z
12,303,Oprisavci,267,182,449,11,0,11,34,10,44,1,0,1,9,16,25,0,0,0,0,0,0,322,208,530,2021-09-30T22:00:00Z
12,309,Oriovac,285,281,566,37,20,57,19,10,29,2,3,5,68,54,122,0,0,0,0,2,2,411,370,781,2021-09-30T22:00:00Z
12,338,Podcrkavlje,38,34,72,17,0,17,7,4,11,0,1,1,24,4,28,0,0,0,0,0,0,86,43,129,2021-09-30T22:00:00Z
12,372,Rešetari,215,229,444,36,9,45,20,8,28,3,1,4,92,42,134,0,0,0,0,1,1,366,290,656,2021-09-30T22:00:00Z
12,388,Sibinj,126,240,366,56,18,74,16,0,16,0,0,0,52,36,88,0,0,0,2,2,4,252,296,548,2021-09-30T22:00:00Z
12,39,Brodski Stupnik,71,64,135,16,8,24,9,3,12,1,1,2,77,36,113,0,0,0,0,0,0,174,112,286,2021-09-30T22:00:00Z
12,396,Slavonski Brod,13529,9338,22867,609,339,948,44,33,77,77,92,169,967,957,1924,1,0,1,20,19,39,15247,10778,26025,2021-09-30T22:00:00Z
12,397,Slavonski Šamac,63,48,111,8,4,12,18,8,26,0,1,1,13,5,18,0,0,0,0,0,0,102,66,168,2021-09-30T22:00:00Z
12,412,Stara Gradiška,153,79,232,4,1,5,8,3,11,0,0,0,29,7,36,0,0,0,0,1,1,194,91,285,2021-09-30T22:00:00Z
12,418,Staro Petrovo Selo,202,154,356,34,8,42,42,16,58,1,1,2,94,49,143,0,0,0,0,1,1,373,229,602,2021-09-30T22:00:00Z
12,46,Cernik,152,213,365,31,12,43,9,6,15,3,2,5,59,25,84,0,0,0,0,1,1,254,259,513,2021-09-30T22:00:00Z
12,476,Velika Kopanica,182,103,285,27,7,34,30,17,47,1,1,2,33,32,65,0,0,0,1,2,3,274,162,436,2021-09-30T22:00:00Z
12,506,Vrbje,32,32,64,9,1,10,20,2,22,0,0,0,25,28,53,0,0,0,0,0,0,86,63,149,2021-09-30T22:00:00Z
12,514,Vrpolje,191,106,297,24,5,29,43,15,58,0,2,2,19,15,34,0,0,0,0,0,0,277,143,420,2021-09-30T22:00:00Z
12,567,Bukovlje,110,52,162,18,9,27,0,0,0,1,0,1,12,18,30,0,0,0,0,0,0,141,79,220,2021-09-30T22:00:00Z
12,568,Dragalić,36,58,94,6,1,7,6,2,8,0,0,0,5,6,11,0,0,0,0,1,1,53,68,121,2021-09-30T22:00:00Z
12,569,Gornja Vrba,374,299,673,13,2,15,1,0,1,0,1,1,25,16,41,0,0,0,0,1,1,413,319,732,2021-09-30T22:00:00Z
12,570,Sikirevci,45,43,88,19,4,23,39,13,52,0,0,0,14,9,23,0,0,0,1,1,2,118,70,188,2021-09-30T22:00:00Z
12,68,Davor,115,102,217,12,6,18,15,4,19,0,0,0,14,19,33,0,0,0,0,0,0,156,131,287,2021-09-30T22:00:00Z
12,81,Donji Andrijevci,163,110,273,21,11,32,20,5,25,1,1,2,28,17,45,0,0,0,0,3,3,233,147,380,2021-09-30T22:00:00Z
13,131,Gračac,240,263,503,23,16,39,63,24,87,2,1,3,42,38,80,0,0,0,0,2,2,370,344,714,2021-09-30T22:00:00Z
13,167,Jasenice,148,78,226,14,0,14,5,3,8,1,0,1,9,10,19,0,0,0,0,1,1,177,92,269,2021-09-30T22:00:00Z
13,17,Benkovac,1150,1016,2166,93,37,130,93,50,143,9,10,19,212,134,346,0,0,0,5,5,10,1562,1252,2814,2021-09-30T22:00:00Z
13,173,Kali,306,122,428,24,13,37,3,1,4,16,1,17,59,27,86,0,0,0,0,1,1,408,165,573,2021-09-30T22:00:00Z
13,20,Bibinje,199,203,402,52,22,74,4,0,4,3,2,5,74,75,149,0,0,0,0,3,3,332,305,637,2021-09-30T22:00:00Z
13,22,Biograd Na Moru,1111,1397,2508,127,66,193,27,18,45,16,8,24,166,237,403,0,0,0,4,10,14,1451,1736,3187,2021-09-30T22:00:00Z
13,234,Lišane Ostrovičke,24,33,57,8,2,10,0,0,0,0,0,0,8,6,14,0,0,0,0,0,0,40,41,81,2021-09-30T22:00:00Z
13,282,Nin,533,430,963,43,11,54,9,4,13,3,3,6,50,40,90,0,0,0,4,0,4,642,488,1130,2021-09-30T22:00:00Z
13,296,Obrovac,330,218,548,27,12,39,28,8,36,3,2,5,13,32,45,0,0,0,5,5,10,406,277,683,2021-09-30T22:00:00Z
13,316,Pag,486,441,927,61,26,87,29,9,38,8,6,14,60,46,106,0,0,0,7,2,9,651,530,1181,2021-09-30T22:00:00Z
13,317,Pakoštane,327,324,651,54,21,75,9,10,19,9,2,11,106,56,162,0,0,0,28,10,38,533,423,956,2021-09-30T22:00:00Z
13,320,Pašman,108,107,215,42,12,54,3,3,6,15,0,15,40,26,66,0,0,0,1,1,2,209,149,358,2021-09-30T22:00:00Z
13,344,Polača,109,62,171,16,5,21,4,2,6,3,0,3,10,17,27,0,0,0,1,2,3,143,88,231,2021-09-30T22:00:00Z
13,345,Poličnik,410,333,743,46,6,52,8,6,14,7,1,8,50,25,75,0,0,0,1,0,1,522,371,893,2021-09-30T22:00:00Z
13,349,Posedarje,137,184,321,31,11,42,6,8,14,11,1,12,31,40,71,0,0,0,2,2,4,218,246,464,2021-09-30T22:00:00Z
13,354,Preko,264,444,708,40,11,51,5,5,10,31,2,33,46,30,76,0,0,0,2,5,7,388,497,885,2021-09-30T22:00:00Z
13,371,Ražanac,88,100,188,26,8,34,6,7,13,12,1,13,23,13,36,0,0,0,4,1,5,159,130,289,2021-09-30T22:00:00Z
13,379,Sali,172,138,310,39,13,52,6,2,8,7,2,9,39,30,69,0,0,0,1,1,2,264,186,450,2021-09-30T22:00:00Z
13,411,Stankovci,237,161,398,26,4,30,5,3,8,0,1,1,31,19,50,0,0,0,0,2,2,299,190,489,2021-09-30T22:00:00Z
13,416,Starigrad,161,190,351,42,27,69,7,2,9,3,0,3,34,47,81,0,0,0,2,3,5,249,269,518,2021-09-30T22:00:00Z
13,425,Sukošan,372,292,664,59,19,78,10,3,13,3,1,4,58,56,114,0,0,0,1,3,4,503,374,877,2021-09-30T22:00:00Z
13,428,Sveti Filip I Jakov,208,345,553,41,19,60,8,2,10,16,3,19,41,44,85,0,0,0,0,0,0,314,413,727,2021-09-30T22:00:00Z
13,445,Škabrnje,67,72,139,25,3,28,3,1,4,4,1,5,13,6,19,0,0,0,1,1,2,113,84,197,2021-09-30T22:00:00Z
13,489,Vir,283,256,539,48,11,59,2,2,4,2,1,3,33,42,75,0,0,0,4,2,6,372,314,686,2021-09-30T22:00:00Z
13,520,Zadar,14757,16024,30781,1060,603,1663,48,29,77,718,220,938,1332,1472,2804,3,0,3,106,62,168,18024,18410,36434,2021-09-30T22:00:00Z
13,525,Zemunik Donji,138,209,347,17,7,24,2,2,4,0,0,0,26,8,34,0,0,0,0,1,1,183,227,410,2021-09-30T22:00:00Z
13,537,Novigrad,63,98,161,25,2,27,4,4,8,3,1,4,29,12,41,0,0,0,1,3,4,125,120,245,2021-09-30T22:00:00Z
13,571,Galovac,28,60,88,9,1,10,4,4,8,4,2,6,9,12,21,0,0,0,0,2,2,54,81,135,2021-09-30T22:00:00Z
13,572,Kukljica,42,41,83,17,2,19,1,0,1,4,1,5,31,11,42,0,0,0,1,0,1,96,55,151,2021-09-30T22:00:00Z
13,573,Povljana,45,29,74,16,2,18,5,3,8,4,0,4,6,8,14,0,0,0,0,1,1,76,43,119,2021-09-30T22:00:00Z
13,574,Privlaka,115,116,231,18,13,31,0,2,2,10,0,10,22,14,36,0,0,0,6,2,8,171,147,318,2021-09-30T22:00:00Z
13,575,Tkon,83,81,164,23,5,28,2,2,4,3,0,3,46,23,69,0,0,0,1,2,3,158,113,271,2021-09-30T22:00:00Z
13,622,Kolan,131,77,208,21,5,26,4,2,6,1,0,1,26,18,44,0,0,0,1,0,1,184,102,286,2021-09-30T22:00:00Z
13,625,Vrsi,92,55,147,14,5,19,5,3,8,13,0,13,27,25,52,0,0,0,5,1,6,156,89,245,2021-09-30T22:00:00Z
14,103,Đakovo,2809,2881,5690,487,213,700,197,92,289,31,40,71,729,584,1313,0,0,0,12,13,25,4265,3823,8088,2021-09-30T22:00:00Z
14,106,Đurđenovac,550,545,1095,42,11,53,20,15,35,0,6,6,72,47,119,0,0,0,3,0,3,687,624,1311,2021-09-30T22:00:00Z
14,110,Erdut,309,234,543,38,16,54,58,16,74,2,6,8,56,44,100,0,0,0,1,0,1,464,316,780,2021-09-30T22:00:00Z
14,111,Ernestinovo,67,196,263,6,1,7,27,9,36,2,1,3,12,11,23,0,0,0,1,0,1,115,218,333,2021-09-30T22:00:00Z
14,116,Feričanci,130,123,253,26,5,31,3,0,3,0,1,1,42,15,57,0,0,0,0,0,0,201,144,345,2021-09-30T22:00:00Z
14,124,Gorjani,125,143,268,17,4,21,16,8,24,0,0,0,14,6,20,0,0,0,0,0,0,172,161,333,2021-09-30T22:00:00Z
14,13,Beli Manastir,1111,1130,2241,76,39,115,55,32,87,8,12,20,123,103,226,0,0,0,3,1,4,1376,1317,2693,2021-09-30T22:00:00Z
14,16,Belišće,1656,680,2336,71,31,102,29,7,36,2,9,11,86,103,189,0,0,0,2,3,5,1846,833,2679,2021-09-30T22:00:00Z
14,195,Kneževi Vinogradi,216,277,493,33,7,40,37,6,43,1,2,3,61,72,133,0,0,0,0,0,0,348,364,712,2021-09-30T22:00:00Z
14,2,Antunovac,176,140,316,30,11,41,14,8,22,1,0,1,14,11,25,0,0,0,0,0,0,235,170,405,2021-09-30T22:00:00Z
14,205,Koška,183,165,348,26,5,31,29,8,37,2,2,4,39,27,66,0,0,0,2,0,2,281,207,488,2021-09-30T22:00:00Z
14,21,Bilje,301,328,629,46,20,66,18,12,30,3,5,8,54,47,101,0,0,0,0,1,1,422,413,835,2021-09-30T22:00:00Z
14,23,Bizovac,233,254,487,27,11,38,25,11,36,2,4,6,27,36,63,0,0,0,1,1,2,315,317,632,2021-09-30T22:00:00Z
14,230,Levanjska Varoš,39,52,91,3,2,5,11,8,19,0,0,0,2,4,6,0,0,0,0,1,1,55,67,122,2021-09-30T22:00:00Z
14,257,Marijanci,103,73,176,7,5,12,12,2,14,0,1,1,20,22,42,0,0,0,1,1,2,143,104,247,2021-09-30T22:00:00Z
14,271,Moslavina Podravska,26,41,67,4,2,6,17,6,23,0,0,0,11,11,22,0,0,0,0,0,0,58,60,118,2021-09-30T22:00:00Z
14,278,Našice,2212,1780,3992,174,88,262,57,22,79,23,31,54,293,220,513,0,0,0,7,3,10,2766,2144,4910,2021-09-30T22:00:00Z
14,312,Osijek,23913,22283,46196,922,650,1572,106,42,148,180,186,366,803,1151,1954,1,0,1,36,38,74,25961,24350,50311,2021-09-30T22:00:00Z
14,325,Petlovac,58,48,106,4,4,8,14,0,14,0,0,0,14,8,22,0,0,0,0,0,0,90,60,150,2021-09-30T22:00:00Z
14,327,Petrijevci,303,211,514,20,3,23,6,4,10,0,0,0,18,8,26,0,0,0,2,3,5,349,229,578,2021-09-30T22:00:00Z
14,340,Podgorač,101,125,226,26,6,32,27,5,32,1,2,3,23,35,58,0,0,0,0,0,0,178,173,351,2021-09-30T22:00:00Z
14,346,Popovac,53,62,115,2,3,5,5,6,11,0,0,0,6,7,13,0,0,0,0,0,0,66,78,144,2021-09-30T22:00:00Z
14,361,Punitovci,49,50,99,22,3,25,17,4,21,0,0,0,36,8,44,0,0,0,0,0,0,124,65,189,2021-09-30T22:00:00Z
14,381,Satnica Đakovačka,118,84,202,23,6,29,10,2,12,0,0,0,45,32,77,0,0,0,0,0,0,196,124,320,2021-09-30T22:00:00Z
14,386,Semeljci,249,205,454,48,16,64,56,27,83,1,1,2,75,38,113,0,0,0,0,1,1,429,288,717,2021-09-30T22:00:00Z
14,421,Strizivojna,316,293,609,19,8,27,19,3,22,0,0,0,20,12,32,0,0,0,1,1,2,375,317,692,2021-09-30T22:00:00Z
14,461,Trnava,56,59,115,7,3,10,13,7,20,0,0,0,13,3,16,0,0,0,0,0,0,89,72,161,2021-09-30T22:00:00Z
14,471,Valpovo,881,1070,1951,76,57,133,48,18,66,15,27,42,88,108,196,0,0,0,7,6,13,1115,1286,2401,2021-09-30T22:00:00Z
14,485,Viljevo,38,72,110,11,0,11,25,5,30,0,1,1,18,7,25,0,0,0,0,1,1,92,86,178,2021-09-30T22:00:00Z
14,494,Viškovci,219,221,440,25,6,31,17,5,22,0,0,0,22,7,29,0,0,0,1,0,1,284,239,523,2021-09-30T22:00:00Z
14,517,Vuka,41,67,108,15,2,17,15,5,20,0,0,0,20,9,29,0,0,0,0,0,0,91,83,174,2021-09-30T22:00:00Z
14,576,Donja Motičina,26,60,86,9,3,12,1,1,2,0,0,0,14,7,21,0,0,0,0,0,0,50,71,121,2021-09-30T22:00:00Z
14,578,Magadenovac,100,117,217,5,2,7,30,10,40,0,1,1,18,22,40,0,0,0,0,0,0,153,152,305,2021-09-30T22:00:00Z
14,579,Vladislavci,130,122,252,3,0,3,8,4,12,0,0,0,6,4,10,0,0,0,0,0,0,147,130,277,2021-09-30T22:00:00Z
14,609,Jagodnjak,141,80,221,7,2,9,23,6,29,0,0,0,10,2,12,0,0,0,0,0,0,181,90,271,2021-09-30T22:00:00Z
14,614,Šodolovci,26,34,60,0,0,0,0,0,0,0,0,0,9,4,13,0,0,0,0,0,0,35,38,73,2021-09-30T22:00:00Z
14,64,Čeminac,67,90,157,11,0,11,5,2,7,0,0,0,18,9,27,0,0,0,0,0,0,101,101,202,2021-09-30T22:00:00Z
14,65,Čepin,685,491,1176,96,29,125,51,25,76,4,6,10,152,97,249,0,0,0,3,5,8,991,653,1644,2021-09-30T22:00:00Z
14,66,Darda,1822,949,2771,55,30,85,35,4,39,2,4,6,60,56,116,0,0,0,1,2,3,1975,1045,3020,2021-09-30T22:00:00Z
14,86,Donji Miholjac,1181,981,2162,93,50,143,158,38,196,6,17,23,157,117,274,0,0,0,1,3,4,1596,1206,2802,2021-09-30T22:00:00Z
14,91,Draž,85,125,210,10,3,13,16,7,23,0,0,0,9,10,19,0,0,0,0,1,1,120,146,266,2021-09-30T22:00:00Z
14,94,Drenje,98,136,234,34,7,41,50,18,68,0,1,1,16,20,36,0,0,0,0,0,0,198,182,380,2021-09-30T22:00:00Z
15,113,Ervenik,39,49,88,1,0,1,3,1,4,0,0,0,3,1,4,0,0,0,0,0,0,46,51,97,2021-09-30T22:00:00Z
15,183,Kijevo,35,34,69,2,0,2,0,0,0,0,0,0,0,0,0,0,0,0,0,0,0,37,34,71,2021-09-30T22:00:00Z
15,184,Kistanje,63,78,141,17,7,24,1,1,2,1,0,1,17,9,26,0,0,0,0,0,0,99,95,194,2021-09-30T22:00:00Z
15,196,Knin,1536,1461,2997,131,69,200,58,13,71,33,4,37,127,154,281,0,0,0,3,3,6,1888,1704,3592,2021-09-30T22:00:00Z
15,298,Promina,110,92,202,1,1,2,1,2,3,0,0,0,1,1,2,0,0,0,0,0,0,113,96,209,2021-09-30T22:00:00Z
15,310,Biskupija,100,30,130,2,0,2,2,1,3,1,0,1,0,0,0,0,0,0,0,0,0,105,31,136,2021-09-30T22:00:00Z
15,357,Primošten,303,314,617,79,24,103,5,2,7,8,0,8,61,46,107,0,1,1,0,1,1,456,388,844,2021-09-30T22:00:00Z
15,377,Ružić,37,45,82,4,1,5,5,6,11,0,0,0,2,7,9,0,0,0,0,0,0,48,59,107,2021-09-30T22:00:00Z
15,394,Skradin,117,170,287,46,15,61,21,8,29,2,2,4,32,38,70,0,0,0,1,0,1,219,233,452,2021-09-30T22:00:00Z
15,444,Šibenik,7858,8360,16218,642,339,981,38,16,54,191,100,291,609,698,1307,0,0,0,19,27,46,9357,9540,18897,2021-09-30T22:00:00Z
15,454,Tisno,332,274,606,103,29,132,4,0,4,8,3,11,69,54,123,0,0,0,1,2,3,517,362,879,2021-09-30T22:00:00Z
15,469,Unešić,42,63,105,8,1,9,4,1,5,1,0,1,18,5,23,0,0,0,0,0,0,73,70,143,2021-09-30T22:00:00Z
15,500,Vodice,891,1084,1975,261,90,351,14,4,18,13,10,23,232,154,386,0,0,0,7,7,14,1418,1349,2767,2021-09-30T22:00:00Z
15,51,Civljane,50,9,59,1,2,3,0,0,0,0,0,0,3,3,6,0,0,0,0,0,0,54,14,68,2021-09-30T22:00:00Z
15,581,Pirovac,141,156,297,31,16,47,6,2,8,2,2,4,47,38,85,0,0,0,0,0,0,227,214,441,2021-09-30T22:00:00Z
15,582,Rogoznica,246,240,486,50,12,62,2,1,3,9,1,10,47,55,102,0,0,0,0,1,1,354,310,664,2021-09-30T22:00:00Z
15,617,Murter,272,287,559,56,28,84,5,1,6,18,3,21,75,54,129,0,0,0,3,3,6,429,376,805,2021-09-30T22:00:00Z
15,621,Bilice,75,44,119,23,7,30,0,0,0,7,0,7,19,13,32,0,0,0,0,0,0,124,64,188,2021-09-30T22:00:00Z
15,626,Tribunj,82,91,173,19,11,30,1,0,1,3,0,3,60,27,87,0,0,0,0,1,1,165,130,295,2021-09-30T22:00:00Z
15,95,Drniš,923,631,1554,71,53,124,50,19,69,7,7,14,90,88,178,0,0,0,1,1,2,1142,799,1941,2021-09-30T22:00:00Z
16,1,Andrijaševci,69,123,192,27,12,39,12,5,17,2,1,3,35,34,69,0,0,0,0,3,3,145,178,323,2021-09-30T22:00:00Z
16,137,Gradište,102,93,195,16,4,20,32,5,37,0,1,1,13,17,30,0,0,0,0,1,1,163,121,284,2021-09-30T22:00:00Z
16,141,Gunja,190,122,312,29,10,39,40,15,55,2,1,3,38,8,46,0,0,0,1,3,4,300,159,459,2021-09-30T22:00:00Z
16,154,Ilok,467,535,1002,67,24,91,49,17,66,1,3,4,107,95,202,0,0,0,0,2,2,691,676,1367,2021-09-30T22:00:00Z
16,159,Ivankovo,322,441,763,71,29,100,52,14,66,2,5,7,126,75,201,0,0,0,2,1,3,575,565,1140,2021-09-30T22:00:00Z
16,166,Jarmina,30,75,105,14,7,21,25,10,35,0,1,1,24,12,36,0,0,0,0,3,3,93,108,201,2021-09-30T22:00:00Z
16,239,Lovas,56,60,116,6,0,6,14,0,14,1,0,1,4,7,11,0,0,0,0,0,0,81,67,148,2021-09-30T22:00:00Z
16,26,Bogdanovci,30,24,54,3,0,3,8,4,12,0,0,0,18,4,22,0,0,0,0,0,0,59,32,91,2021-09-30T22:00:00Z
16,29,Borovo,76,105,181,45,14,59,28,5,33,2,3,5,61,69,130,0,0,0,3,1,4,215,197,412,2021-09-30T22:00:00Z
16,294,Nuštar,236,322,558,35,18,53,28,7,35,1,2,3,40,35,75,0,0,0,1,1,2,341,385,726,2021-09-30T22:00:00Z
16,295,Nijemci,204,199,403,24,7,31,88,26,114,1,1,2,46,27,73,0,0,0,1,2,3,364,262,626,2021-09-30T22:00:00Z
16,3,Babina Greda,132,137,269,28,14,42,80,27,107,3,0,3,28,41,69,0,0,0,0,0,0,271,219,490,2021-09-30T22:00:00Z
16,32,Bošnjaci,128,128,256,24,6,30,37,7,44,2,0,2,33,30,63,0,0,0,0,0,0,224,171,395,2021-09-30T22:00:00Z
16,414,Stari Jankovci,140,124,264,21,4,25,39,8,47,1,0,1,29,14,43,0,0,0,0,1,1,230,151,381,2021-09-30T22:00:00Z
16,415,Stari Mikanovci,104,125,229,17,10,27,22,12,34,2,1,3,28,34,62,0,0,0,0,0,0,173,182,355,2021-09-30T22:00:00Z
16,44,Cerna,416,217,633,37,21,58,47,17,64,2,1,3,78,62,140,0,0,0,0,0,0,580,318,898,2021-09-30T22:00:00Z
16,456,Tompojevci,22,43,65,15,4,19,37,13,50,0,0,0,17,10,27,0,0,0,0,0,0,91,70,161,2021-09-30T22:00:00Z
16,458,Tordinci,96,95,191,7,2,9,10,0,10,1,0,1,8,9,17,0,0,0,0,0,0,122,106,228,2021-09-30T22:00:00Z
16,459,Tovarnik,161,137,298,19,3,22,47,21,68,1,2,3,10,20,30,0,0,0,0,1,1,238,184,422,2021-09-30T22:00:00Z
16,464,Trpinja,121,204,325,24,7,31,80,12,92,2,0,2,36,22,58,0,0,0,1,0,1,264,245,509,2021-09-30T22:00:00Z
16,487,Vinkovci,8182,6387,14569,296,182,478,43,23,66,58,53,111,467,650,1117,1,0,1,12,14,26,9059,7309,16368,2021-09-30T22:00:00Z
16,505,Vrbanja,279,124,403,26,12,38,67,17,84,2,1,3,25,28,53,0,0,0,0,0,0,399,182,581,2021-09-30T22:00:00Z
16,518,Vukovar,4408,4748,9156,286,150,436,91,41,132,26,34,60,435,400,835,0,0,0,10,10,20,5256,5383,10639,2021-09-30T22:00:00Z
16,534,Županja,2091,1548,3639,139,55,194,39,10,49,20,22,42,180,196,376,1,0,1,5,6,11,2475,1837,4312,2021-09-30T22:00:00Z
16,535,Otok (Vinkovci),404,277,681,38,18,56,62,14,76,7,1,8,69,55,124,0,0,0,1,1,2,581,366,947,2021-09-30T22:00:00Z
16,583,Privlaka,96,86,182,16,6,22,22,8,30,0,2,2,15,20,35,0,0,0,0,0,0,149,122,271,2021-09-30T22:00:00Z
16,584,Vođinci,42,153,195,14,2,16,7,5,12,0,1,1,17,12,29,0,0,0,0,1,1,80,174,254,2021-09-30T22:00:00Z
16,610,Markušica,42,51,93,10,4,14,53,15,68,0,1,1,9,13,22,0,0,0,1,1,2,115,85,200,2021-09-30T22:00:00Z
16,612,Negoslavci,32,18,50,4,0,4,12,2,14,1,0,1,18,14,32,0,0,0,0,0,0,67,34,101,2021-09-30T22:00:00Z
16,628,Štitar,77,77,154,6,0,6,13,4,17,0,1,1,11,7,18,0,0,0,0,0,0,107,89,196,2021-09-30T22:00:00Z
16,92,Drenovci,116,164,280,39,5,44,104,36,140,1,0,1,49,37,86,0,0,0,0,0,0,309,242,551,2021-09-30T22:00:00Z
17,100,Dugi Rat,581,613,1194,80,35,115,1,2,3,26,4,30,173,118,291,0,0,0,6,4,10,867,776,1643,2021-09-30T22:00:00Z
17,134,Gradac,158,205,363,41,17,58,5,1,6,1,2,3,31,40,71,0,0,0,3,2,5,239,267,506,2021-09-30T22:00:00Z
17,148,Hrvace,280,167,447,38,16,54,6,7,13,2,3,5,45,41,86,0,0,0,1,2,3,372,236,608,2021-09-30T22:00:00Z
17,153,Hvar,610,580,1190,186,82,268,15,10,25,18,8,26,180,176,356,2,0,2,9,19,28,1020,875,1895,2021-09-30T22:00:00Z
17,155,Imotski,1341,1374,2715,165,95,260,12,7,19,32,14,46,129,180,309,0,0,0,10,10,20,1689,1680,3369,2021-09-30T22:00:00Z
17,171,Jelsa,341,341,682,95,27,122,31,11,42,10,0,10,129,58,187,0,0,0,5,3,8,611,440,1051,2021-09-30T22:00:00Z
17,181,Kaštela,3346,3791,7137,490,235,725,22,13,35,139,38,177,508,542,1050,0,0,0,76,28,104,4581,4647,9228,2021-09-30T22:00:00Z
17,192,Klis,235,195,430,34,7,41,7,4,11,23,2,25,53,32,85,0,0,0,0,2,2,352,242,594,2021-09-30T22:00:00Z
17,197,Komiža,137,143,280,63,14,77,4,1,5,3,2,5,34,37,71,0,0,0,1,2,3,242,199,441,2021-09-30T22:00:00Z
17,243,Lovreć,135,105,240,16,9,25,4,0,4,2,0,2,23,13,36,0,0,0,2,2,4,182,129,311,2021-09-30T22:00:00Z
17,249,Makarska,2406,2448,4854,278,170,448,2,2,4,48,30,78,354,373,727,0,0,0,10,25,35,3098,3048,6146,2021-09-30T22:00:00Z
17,258,Marina,208,257,465,57,26,83,6,6,12,19,0,19,52,54,106,1,0,1,3,1,4,346,344,690,2021-09-30T22:00:00Z
17,267,Milna,79,89,168,24,7,31,5,1,6,6,0,6,23,30,53,0,0,0,3,1,4,140,128,268,2021-09-30T22:00:00Z
17,27,Bol,342,415,757,49,17,66,6,2,8,5,2,7,59,27,86,0,0,0,2,0,2,463,463,926,2021-09-30T22:00:00Z
17,280,Nerežišća,153,55,208,18,2,20,5,2,7,3,0,3,29,15,44,0,0,0,1,0,1,209,74,283,2021-09-30T22:00:00Z
17,300,Omiš,1455,1678,3133,222,86,308,12,5,17,46,18,64,330,311,641,0,0,0,3,8,11,2068,2106,4174,2021-09-30T22:00:00Z
17,314,Otok,196,250,446,47,18,65,12,0,12,4,1,5,73,51,124,0,0,0,0,0,0,332,320,652,2021-09-30T22:00:00Z
17,337,Podbablje,273,178,451,34,3,37,6,0,6,3,1,4,18,31,49,0,0,0,1,4,5,335,217,552,2021-09-30T22:00:00Z
17,339,Podgora,277,221,498,48,13,61,0,1,1,2,0,2,37,31,68,0,0,0,2,1,3,366,267,633,2021-09-30T22:00:00Z
17,341,Podstrana,817,716,1533,66,21,87,16,4,20,45,3,48,66,90,156,1,0,1,2,3,5,1013,837,1850,2021-09-30T22:00:00Z
17,350,Postira,272,239,511,34,17,51,10,3,13,2,3,5,11,13,24,0,0,0,0,1,1,329,276,605,2021-09-30T22:00:00Z
17,358,Pučišća,226,137,363,49,7,56,6,6,12,2,0,2,35,17,52,0,0,0,4,1,5,322,168,490,2021-09-30T22:00:00Z
17,382,Seget,480,397,877,36,8,44,7,3,10,9,3,12,156,76,232,0,0,0,1,1,2,689,488,1177,2021-09-30T22:00:00Z
17,383,Selca,147,121,268,46,16,62,9,3,12,3,1,4,70,29,99,0,0,0,0,3,3,275,173,448,2021-09-30T22:00:00Z
17,389,Sinj,1900,2083,3983,271,146,417,55,19,74,44,44,88,309,398,707,0,0,0,10,18,28,2589,2708,5297,2021-09-30T22:00:00Z
17,406,Solin,3626,3095,6721,262,137,399,11,6,17,132,37,169,298,306,604,0,0,0,12,8,20,4341,3589,7930,2021-09-30T22:00:00Z
17,409,Split,35037,38147,73184,1568,1112,2680,62,41,103,2203,448,2651,1514,2253,3767,4,1,5,152,162,314,40540,42164,82704,2021-09-30T22:00:00Z
17,413,Stari Grad,364,331,695,66,22,88,21,12,33,4,5,9,45,44,89,0,0,0,3,6,9,503,420,923,2021-09-30T22:00:00Z
17,423,Sućuraj,24,21,45,23,2,25,3,2,5,1,0,1,11,8,19,0,0,0,0,1,1,62,34,96,2021-09-30T22:00:00Z
17,427,Supetar,633,820,1453,112,68,180,17,7,24,22,8,30,125,129,254,0,0,0,7,1,8,916,1033,1949,2021-09-30T22:00:00Z
17,443,Šestanovac,127,157,284,28,5,33,9,1,10,1,2,3,20,21,41,0,0,0,3,0,3,188,186,374,2021-09-30T22:00:00Z
17,447,Šolta,177,127,304,15,9,24,9,2,11,11,0,11,16,21,37,0,0,0,5,3,8,233,162,395,2021-09-30T22:00:00Z
17,460,Trilj,492,582,1074,119,30,149,17,7,24,13,2,15,99,130,229,0,0,0,0,6,6,740,757,1497,2021-09-30T22:00:00Z
17,463,Trogir,1761,1897,3658,328,144,472,15,4,19,73,38,111,328,458,786,0,0,0,19,16,35,2524,2557,5081,2021-09-30T22:00:00Z
17,492,Vis,245,277,522,46,18,64,15,3,18,8,2,10,54,42,96,0,0,0,1,2,3,369,344,713,2021-09-30T22:00:00Z
17,50,Cista Provo,127,159,286,25,2,27,7,0,7,1,0,1,5,9,14,0,0,0,1,2,3,166,172,338,2021-09-30T22:00:00Z
17,511,Vrgorac,941,695,1636,52,23,75,25,15,40,5,5,10,55,85,140,0,0,0,0,2,2,1078,825,1903,2021-09-30T22:00:00Z
17,513,Vrlika,94,225,319,16,4,20,14,5,19,1,0,1,24,4,28,0,0,0,2,0,2,151,238,389,2021-09-30T22:00:00Z
17,522,Zagvozd,136,77,213,14,2,16,2,0,2,1,0,1,12,9,21,0,0,0,0,0,0,165,88,253,2021-09-30T22:00:00Z
17,528,Zmijavci,89,124,213,6,2,8,1,1,2,2,0,2,28,11,39,0,0,0,1,1,2,127,139,266,2021-09-30T22:00:00Z
17,585,Dugopolje,1457,767,2224,38,10,48,5,4,9,19,1,20,63,52,115,0,0,0,0,0,0,1582,834,2416,2021-09-30T22:00:00Z
17,586,Lećevica,10,39,49,5,0,5,0,1,1,0,0,0,2,1,3,0,0,0,0,0,0,17,41,58,2021-09-30T22:00:00Z
17,587,Lokvičići,33,27,60,1,0,1,2,0,2,0,0,0,2,2,4,0,0,0,1,0,1,39,29,68,2021-09-30T22:00:00Z
17,588,Okrug,151,209,360,31,7,38,1,0,1,11,5,16,95,40,135,0,0,0,4,8,12,293,269,562,2021-09-30T22:00:00Z
17,589,Prgomet,36,38,74,7,0,7,1,1,2,1,0,1,4,2,6,0,0,0,0,0,0,49,41,90,2021-09-30T22:00:00Z
17,590,Primorski Dolac,17,58,75,5,1,6,1,2,3,1,1,2,2,4,6,0,0,0,0,0,0,26,66,92,2021-09-30T22:00:00Z
17,591,Runovići,74,65,139,10,2,12,0,1,1,0,2,2,27,39,66,0,0,0,0,1,1,111,110,221,2021-09-30T22:00:00Z
17,592,Sutivan,104,89,193,12,5,17,3,1,4,8,0,8,24,11,35,0,0,0,0,1,1,151,107,258,2021-09-30T22:00:00Z
17,593,Tučepi,251,286,537,27,14,41,0,1,1,5,3,8,36,28,64,0,0,0,1,0,1,320,332,652,2021-09-30T22:00:00Z
17,595,Zadvarje,26,24,50,7,1,8,1,1,2,0,0,0,11,5,16,0,0,0,0,1,1,45,32,77,2021-09-30T22:00:00Z
17,72,Dicmo,410,186,596,34,16,50,4,2,6,1,1,2,30,42,72,0,0,0,0,1,1,479,248,727,2021-09-30T22:00:00Z
17,77,Brela,255,274,529,29,15,44,0,1,1,1,1,2,22,33,55,0,0,0,2,1,3,309,325,634,2021-09-30T22:00:00Z
17,87,Muć,185,192,377,20,4,24,1,5,6,3,4,7,14,12,26,0,0,0,1,1,2,224,218,442,2021-09-30T22:00:00Z
17,88,Proložac,203,194,397,15,4,19,2,4,6,0,0,0,33,19,52,0,0,0,3,2,5,256,223,479,2021-09-30T22:00:00Z
17,9,Baška Voda,216,260,476,60,25,85,1,0,1,8,1,9,58,54,112,0,0,0,6,13,19,349,353,702,2021-09-30T22:00:00Z
18,132,Gračišće,42,27,69,28,4,32,11,3,14,0,0,0,33,10,43,0,0,0,0,0,0,114,44,158,2021-09-30T22:00:00Z
18,138,Grožnjan,24,21,45,15,2,17,13,5,18,0,0,0,14,12,26,0,0,0,0,3,3,66,43,109,2021-09-30T22:00:00Z
18,175,Kanfanar,496,193,689,28,6,34,4,0,4,1,0,1,20,22,42,0,0,0,1,3,4,550,224,774,2021-09-30T22:00:00Z
18,217,Kršan,319,301,620,50,15,65,8,4,12,2,0,2,109,56,165,0,0,0,1,3,4,489,379,868,2021-09-30T22:00:00Z
18,222,Labin,2639,2482,5121,256,123,379,17,10,27,26,38,64,284,240,524,0,0,0,17,8,25,3239,2901,6140,2021-09-30T22:00:00Z
18,223,Lanišće,13,14,27,4,0,4,2,0,2,0,0,0,8,2,10,0,0,0,1,1,2,28,17,45,2021-09-30T22:00:00Z
18,235,Ližnjan,147,135,282,9,4,13,2,0,2,2,0,2,21,36,57,0,0,0,2,1,3,183,176,359,2021-09-30T22:00:00Z
18,246,Lupoglav,192,92,284,11,5,16,6,2,8,0,1,1,13,12,25,0,0,0,1,0,1,223,112,335,2021-09-30T22:00:00Z
18,254,Marčana,166,192,358,38,13,51,4,2,6,5,1,6,48,22,70,0,0,0,0,1,1,261,231,492,2021-09-30T22:00:00Z
18,263,Medulin,632,609,1241,71,35,106,6,2,8,11,6,17,93,120,213,0,0,0,2,2,4,815,774,1589,2021-09-30T22:00:00Z
18,274,Motovun,98,115,213,34,14,48,20,5,25,0,1,1,44,34,78,0,0,0,2,3,5,198,172,370,2021-09-30T22:00:00Z
18,291,Novigrad,873,992,1865,121,47,168,17,3,20,3,9,12,129,126,255,0,0,0,6,7,13,1149,1184,2333,2021-09-30T22:00:00Z
18,304,Oprtalj,68,84,152,12,5,17,13,1,14,0,0,0,11,13,24,0,0,0,4,2,6,108,105,213,2021-09-30T22:00:00Z
18,321,Pazin,1971,1957,3928,297,119,416,54,24,78,16,22,38,319,211,530,0,0,0,6,11,17,2663,2344,5007,2021-09-30T22:00:00Z
18,330,Pićan,341,162,503,31,7,38,2,5,7,1,1,2,55,18,73,0,0,0,1,1,2,431,194,625,2021-09-30T22:00:00Z
18,348,Poreč,4858,4861,9719,624,313,937,45,20,65,60,49,109,524,476,1000,0,0,0,19,34,53,6130,5753,11883,2021-09-30T22:00:00Z
18,359,Pula,12859,12630,25489,1219,642,1861,63,42,105,273,170,443,920,1102,2022,0,0,0,74,48,122,15408,14634,30042,2021-09-30T22:00:00Z
18,368,Raša,271,151,422,29,7,36,1,0,1,4,1,5,40,24,64,0,0,0,2,0,2,347,183,530,2021-09-30T22:00:00Z
18,374,Rovinj,3060,3296,6356,399,230,629,28,12,40,29,36,65,490,416,906,0,0,0,17,48,65,4023,4038,8061,2021-09-30T22:00:00Z
18,40,Brtonigla,146,102,248,42,13,55,23,9,32,1,1,2,41,46,87,0,0,0,1,1,2,254,172,426,2021-09-30T22:00:00Z
18,42,Buje,778,761,1539,99,45,144,27,12,39,8,9,17,64,61,125,0,0,0,4,5,9,980,893,1873,2021-09-30T22:00:00Z
18,43,Buzet,1517,1040,2557,171,68,239,21,15,36,6,4,10,121,120,241,0,0,0,7,11,18,1843,1258,3101,2021-09-30T22:00:00Z
18,431,Sveti Lovreč,52,48,100,20,8,28,3,0,3,0,1,1,43,23,66,0,0,0,0,0,0,118,80,198,2021-09-30T22:00:00Z
18,432,Sveta Nedelja,141,143,284,26,7,33,8,3,11,5,0,5,39,17,56,0,0,0,6,2,8,225,172,397,2021-09-30T22:00:00Z
18,433,Sveti Petar U Šumi,160,103,263,21,5,26,2,3,5,0,0,0,15,3,18,0,0,0,1,1,2,199,115,314,2021-09-30T22:00:00Z
18,435,Svetvinčenat,121,109,230,20,5,25,1,0,1,0,1,1,25,22,47,0,0,0,0,0,0,167,137,304,2021-09-30T22:00:00Z
18,453,Tinjan,192,112,304,40,9,49,4,1,5,1,3,4,59,28,87,0,0,0,1,1,2,297,154,451,2021-09-30T22:00:00Z
18,468,Umag,2685,2368,5053,373,165,538,32,16,48,36,33,69,297,306,603,0,0,0,12,31,43,3435,2919,6354,2021-09-30T22:00:00Z
18,47,Cerovlje,97,48,145,36,3,39,4,4,8,1,0,1,27,15,42,0,0,0,0,2,2,165,72,237,2021-09-30T22:00:00Z
18,497,Višnjan,251,235,486,42,11,53,10,4,14,2,1,3,101,37,138,0,0,0,2,1,3,408,289,697,2021-09-30T22:00:00Z
18,498,Vižinada,69,48,117,25,5,30,15,5,20,1,0,1,34,25,59,0,0,0,1,2,3,145,85,230,2021-09-30T22:00:00Z
18,5,Bale,133,117,250,22,16,38,3,2,5,0,0,0,38,11,49,0,0,0,1,1,2,197,147,344,2021-09-30T22:00:00Z
18,502,Vodnjan,768,591,1359,48,22,70,9,3,12,8,4,12,84,55,139,0,0,0,0,0,0,917,675,1592,2021-09-30T22:00:00Z
18,516,Vrsar,364,396,760,82,31,113,3,1,4,6,1,7,110,104,214,0,0,0,4,2,6,569,535,1104,2021-09-30T22:00:00Z
18,531,Žminj,467,416,883,99,46,145,12,5,17,1,5,6,98,76,174,0,0,0,3,1,4,680,549,1229,2021-09-30T22:00:00Z
18,596,Karojba,107,78,185,31,6,37,2,2,4,0,0,0,46,11,57,0,1,1,1,0,1,187,98,285,2021-09-30T22:00:00Z
18,597,Kaštelir - Labinci,165,83,248,31,13,44,7,3,10,1,0,1,47,17,64,0,0,0,3,4,7,254,120,374,2021-09-30T22:00:00Z
18,6,Barban,248,114,362,42,6,48,10,5,15,0,1,1,23,25,48,0,0,0,3,1,4,326,152,478,2021-09-30T22:00:00Z
18,619,Fažana,284,244,528,25,14,39,1,1,2,4,2,6,37,20,57,0,0,0,1,3,4,352,284,636,2021-09-30T22:00:00Z
18,629,Funtana,128,138,266,15,8,23,1,1,2,0,0,0,25,31,56,0,0,0,1,2,3,170,180,350,2021-09-30T22:00:00Z
18,631,Tar-Vabriga,151,228,379,38,16,54,3,0,3,0,0,0,39,31,70,0,0,0,0,3,3,231,278,509,2021-09-30T22:00:00Z
19,198,Konavle,1305,1017,2322,206,73,279,18,9,27,37,8,45,77,108,185,0,0,0,7,6,13,1650,1221,2871,2021-09-30T22:00:00Z
19,204,Korčula,689,902,1591,134,59,193,15,7,22,97,9,106,105,117,222,0,0,0,12,9,21,1052,1103,2155,2021-09-30T22:00:00Z
19,219,Kula Norinska,47,53,100,12,1,13,2,0,2,1,0,1,6,7,13,0,0,0,0,0,0,68,61,129,2021-09-30T22:00:00Z
19,226,Lastovo,66,93,159,24,9,33,2,1,3,4,1,5,7,10,17,0,0,0,1,4,5,104,118,222,2021-09-30T22:00:00Z
19,25,Blato,558,412,970,62,20,82,19,4,23,11,7,18,173,49,222,0,0,0,7,2,9,830,494,1324,2021-09-30T22:00:00Z
19,264,Metković,2093,1774,3867,187,110,297,32,19,51,46,18,64,295,259,554,0,0,0,7,12,19,2660,2192,4852,2021-09-30T22:00:00Z
19,268,Mljet,185,103,288,17,8,25,3,0,3,5,2,7,9,11,20,0,0,0,3,2,5,222,126,348,2021-09-30T22:00:00Z
19,306,Opuzen,568,526,1094,30,18,48,45,21,66,6,1,7,36,52,88,0,0,0,0,1,1,685,619,1304,2021-09-30T22:00:00Z
19,308,Orebić,410,414,824,74,45,119,29,8,37,35,7,42,82,83,165,0,0,0,3,18,21,633,575,1208,2021-09-30T22:00:00Z
19,335,Ploče,1350,909,2259,85,44,129,21,4,25,29,6,35,102,130,232,0,0,0,3,2,5,1590,1095,2685,2021-09-30T22:00:00Z
19,343,Pojezerje,24,39,63,4,2,6,8,0,8,0,0,0,2,4,6,0,0,0,0,0,0,38,45,83,2021-09-30T22:00:00Z
19,399,Slivno,452,54,506,11,6,17,18,6,24,0,0,0,5,10,15,0,0,0,1,0,1,487,76,563,2021-09-30T22:00:00Z
19,402,Smokvica,26,70,96,13,3,16,15,4,19,8,0,8,35,7,42,0,0,0,4,1,5,101,85,186,2021-09-30T22:00:00Z
19,419,Ston,522,229,751,56,11,67,22,5,27,11,1,12,45,24,69,0,0,0,2,4,6,658,274,932,2021-09-30T22:00:00Z
19,474,Vela Luka,287,528,815,56,20,76,9,2,11,41,3,44,87,54,141,0,0,0,3,9,12,483,616,1099,2021-09-30T22:00:00Z
19,523,Zažablje,13,15,28,4,0,4,4,2,6,1,0,1,12,3,15,0,0,0,0,0,0,34,20,54,2021-09-30T22:00:00Z
19,598,Dubrovačko Primorje,154,119,273,23,6,29,5,6,11,11,2,13,40,25,65,0,0,0,2,2,4,235,160,395,2021-09-30T22:00:00Z
19,599,Janjina,144,58,202,10,4,14,9,3,12,1,1,2,8,10,18,0,0,0,2,0,2,174,76,250,2021-09-30T22:00:00Z
19,600,Lumbarda,50,59,109,37,14,51,8,2,10,5,0,5,19,18,37,0,0,0,5,2,7,124,95,219,2021-09-30T22:00:00Z
19,601,Trpanj,58,54,112,12,4,16,2,2,4,3,1,4,18,9,27,0,0,0,2,1,3,95,71,166,2021-09-30T22:00:00Z
19,602,Župa Dubrovačka,694,705,1399,119,61,180,5,4,9,64,3,67,75,83,158,0,0,0,7,2,9,964,858,1822,2021-09-30T22:00:00Z
19,98,Dubrovnik,10198,10819,21017,776,402,1178,32,16,48,529,76,605,560,680,1240,0,0,0,50,67,117,12145,12060,24205,2021-09-30T22:00:00Z
20,123,Goričan,320,149,469,8,4,12,8,2,10,0,2,2,11,13,24,0,0,0,0,0,0,347,170,517,2021-09-30T22:00:00Z
20,15,Belica,197,196,393,28,16,44,60,39,99,1,1,2,28,37,65,0,0,0,1,1,2,315,290,605,2021-09-30T22:00:00Z
20,206,Kotoriba,492,260,752,9,4,13,6,0,6,0,5,5,14,16,30,0,0,0,0,0,0,521,285,806,2021-09-30T22:00:00Z
20,250,Mala Subotica,485,989,1474,27,21,48,34,17,51,2,4,6,42,32,74,0,0,0,0,4,4,590,1067,1657,2021-09-30T22:00:00Z
20,276,Mursko Središće,774,750,1524,47,26,73,18,7,25,2,7,9,52,53,105,0,0,0,1,1,2,894,844,1738,2021-09-30T22:00:00Z
20,279,Nedelišće,1382,773,2155,95,40,135,41,20,61,1,6,7,146,67,213,0,0,0,0,5,5,1665,911,2576,2021-09-30T22:00:00Z
20,342,Podturen,202,102,304,21,8,29,17,14,31,1,2,3,46,30,76,0,0,0,0,3,3,287,159,446,2021-09-30T22:00:00Z
20,355,Prelog,2408,1638,4046,69,17,86,49,31,80,9,9,18,68,60,128,0,0,0,3,7,10,2606,1762,4368,2021-09-30T22:00:00Z
20,385,Selnica,140,140,280,9,10,19,8,5,13,1,1,2,17,17,34,0,0,0,0,0,0,175,173,348,2021-09-30T22:00:00Z
20,440,Sveti Juraj Na Bregu,257,162,419,29,14,43,13,8,21,2,2,4,47,63,110,0,0,0,0,0,0,348,249,597,2021-09-30T22:00:00Z
20,441,Sveti Martin Na Muri,559,332,891,13,8,21,12,4,16,0,3,3,32,37,69,0,0,0,1,0,1,617,384,1001,2021-09-30T22:00:00Z
20,452,Štrigova,305,190,495,28,10,38,37,23,60,2,1,3,71,66,137,0,0,0,1,2,3,444,292,736,2021-09-30T22:00:00Z
20,504,Vratišinec,155,91,246,8,4,12,11,2,13,1,1,2,6,6,12,0,0,0,1,1,2,182,105,287,2021-09-30T22:00:00Z
20,60,Čakovec,9799,9447,19246,274,134,408,63,24,87,35,60,95,311,370,681,0,0,0,5,15,20,10487,10050,20537,2021-09-30T22:00:00Z
20,603,Dekanovec,99,71,170,5,2,7,6,5,11,0,1,1,5,2,7,0,0,0,0,1,1,115,82,197,2021-09-30T22:00:00Z
20,604,Gornji Mihaljevec,110,50,160,11,2,13,23,8,31,2,2,4,24,13,37,0,0,0,1,0,1,171,75,246,2021-09-30T22:00:00Z
20,605,Orehovica,91,121,212,16,3,19,30,11,41,1,2,3,47,20,67,0,0,0,0,2,2,185,159,344,2021-09-30T22:00:00Z
20,606,Strahoninec,258,148,406,12,5,17,3,1,4,0,1,1,38,14,52,0,0,0,0,2,2,311,171,482,2021-09-30T22:00:00Z
20,607,Sveta Marija,70,78,148,12,5,17,6,0,6,1,0,1,26,7,33,0,0,0,0,1,1,115,91,206,2021-09-30T22:00:00Z
20,608,Šenkovec,552,242,794,20,12,32,2,1,3,0,1,1,28,28,56,0,0,0,1,2,3,603,286,889,2021-09-30T22:00:00Z
20,620,Pribislavec,427,184,611,11,5,16,3,1,4,2,1,3,11,11,22,0,0,0,0,0,0,454,202,656,2021-09-30T22:00:00Z
20,75,Domašinec,257,100,357,8,11,19,20,15,35,0,1,1,17,13,30,0,0,0,2,3,5,304,143,447,2021-09-30T22:00:00Z
20,78,Donja Dubrava,187,213,400,14,7,21,6,3,9,0,1,1,13,10,23,0,0,0,0,0,0,220,234,454,2021-09-30T22:00:00Z
20,82,Donji Kraljevec,1347,626,1973,41,11,52,51,19,70,3,6,9,82,122,204,0,0,0,1,5,6,1525,789,2314,2021-09-30T22:00:00Z
20,89,Donji Vidovec,49,75,124,3,1,4,2,0,2,1,2,3,3,17,20,0,0,0,0,0,0,58,95,153,2021-09-30T22:00:00Z
21,133,Zagreb,228018,207890,435908,8118,5508,13626,296,195,491,2264,2093,4357,5639,7097,12736,21,4,25,373,542,915,244729,223329,468058,2021-09-30T22:00:00Z
01,101,Dugo Selo,2942,1984,4926,239,102,341,26,22,48,25,26,51,300,257,557,0,0,0,4,12,16,3536,2403,5939,2021-10-31T23:00:00Z
01,114,Farkaševac,164,236,400,7,4,11,28,11,39,0,2,2,35,17,52,0,0,0,0,0,0,234,270,504,2021-10-31T23:00:00Z
01,135,Gradec,147,130,277,15,1,16,13,7,20,0,1,1,44,19,63,0,0,0,0,0,0,219,158,377,2021-10-31T23:00:00Z
01,158,Ivanić-Grad,2945,1688,4633,95,79,174,51,32,83,10,18,28,160,191,351,0,0,0,11,10,21,3272,2018,5290,2021-10-31T23:00:00Z
01,163,Jakovlje,265,226,491,38,8,46,8,9,17,3,0,3,40,33,73,0,0,0,1,0,1,355,276,631,2021-10-31T23:00:00Z
01,169,Jastrebarsko,2222,1621,3843,215,114,329,55,34,89,17,20,37,269,239,508,0,0,0,6,9,15,2784,2037,4821,2021-10-31T23:00:00Z
01,190,Klinča Selo,219,169,388,38,7,45,7,3,10,0,0,0,71,56,127,0,0,0,0,1,1,335,236,571,2021-10-31T23:00:00Z
01,193,Kloštar Ivanić,367,300,667,27,9,36,19,5,24,2,8,10,58,41,99,1,0,1,2,0,2,476,363,839,2021-10-31T23:00:00Z
01,213,Križ,591,423,1014,26,20,46,20,13,33,3,6,9,27,57,84,0,0,0,4,2,6,671,521,1192,2021-10-31T23:00:00Z
01,33,Brckovljani,327,326,653,7,4,11,0,0,0,3,2,5,26,19,45,0,0,0,0,0,0,363,351,714,2021-10-31T23:00:00Z
01,331,Pisarovina,363,297,660,29,22,51,23,19,42,1,2,3,26,33,59,0,0,0,2,3,5,444,376,820,2021-10-31T23:00:00Z
01,34,Brdovec,845,755,1600,102,34,136,16,6,22,2,7,9,87,59,146,1,0,1,4,3,7,1057,864,1921,2021-10-31T23:00:00Z
01,356,Preseka,19,9,28,5,2,7,12,12,24,0,1,1,16,6,22,0,0,0,1,0,1,53,30,83,2021-10-31T23:00:00Z
01,362,Pušča,145,202,347,27,13,40,7,2,9,1,3,4,56,25,81,0,0,0,0,0,0,236,245,481,2021-10-31T23:00:00Z
01,376,Rugvica,1244,466,1710,8,4,12,3,2,5,1,2,3,27,23,50,0,0,0,0,0,0,1283,497,1780,2021-10-31T23:00:00Z
01,380,Samobor,5506,3837,9343,510,307,817,26,21,47,42,68,110,517,489,1006,0,0,0,37,22,59,6638,4744,11382,2021-10-31T23:00:00Z
01,429,Sveti Ivan Zelina,2361,1916,4277,168,66,234,74,55,129,15,21,36,255,229,484,0,0,0,7,4,11,2880,2291,5171,2021-10-31T23:00:00Z
01,436,Sveta Nedjelja,5589,3459,9048,224,93,317,7,4,11,8,12,20,373,190,563,0,0,0,8,9,17,6209,3767,9976,2021-10-31T23:00:00Z
01,508,Vrbovec,2164,2045,4209,157,72,229,72,36,108,7,22,29,303,159,462,0,0,0,7,12,19,2710,2346,5056,2021-10-31T23:00:00Z
01,533,Krašić,256,191,447,27,8,35,15,10,25,2,2,4,28,23,51,0,0,0,2,1,3,330,235,565,2021-10-31T23:00:00Z
01,536,Rakovec,30,15,45,10,2,12,12,4,16,0,1,1,20,11,31,0,0,0,0,0,0,72,33,105,2021-10-31T23:00:00Z
01,539,Marija Gorica,76,97,173,15,3,18,0,0,0,1,1,2,19,23,42,0,0,0,0,0,0,111,124,235,2021-10-31T23:00:00Z
01,540,Žumberak,15,16,31,4,2,6,6,4,10,0,0,0,3,7,10,0,0,0,0,0,0,28,29,57,2021-10-31T23:00:00Z
01,541,Velika Gorica,7892,6165,14057,629,349,978,68,31,99,61,65,126,616,524,1140,0,0,0,25,24,49,9291,7158,16449,2021-10-31T23:00:00Z
01,542,Orle,46,25,71,16,0,16,8,5,13,0,0,0,14,2,16,0,0,0,0,0,0,84,32,116,2021-10-31T23:00:00Z
01,543,Zaprešić,3328,2965,6293,220,148,368,13,9,22,32,43,75,263,243,506,0,0,0,13,13,26,3869,3421,7290,2021-10-31T23:00:00Z
01,544,Pokupsko,46,71,117,11,6,17,13,6,19,1,0,1,8,6,14,0,0,0,0,0,0,79,89,168,2021-10-31T23:00:00Z
01,545,Kravarsko,104,107,211,34,10,44,6,6,12,0,0,0,67,16,83,0,0,0,1,1,2,212,140,352,2021-10-31T23:00:00Z
01,547,Bistra,376,524,900,44,22,66,8,5,13,2,8,10,53,54,107,1,0,1,1,1,2,485,614,1099,2021-10-31T23:00:00Z
01,548,Luka,232,99,331,15,2,17,2,3,5,1,1,2,22,18,40,0,0,0,0,0,0,272,123,395,2021-10-31T23:00:00Z
01,549,Dubravica,74,43,117,15,0,15,15,7,22,0,0,0,14,15,29,0,0,0,0,0,0,118,65,183,2021-10-31T23:00:00Z
01,550,Bedenica,217,155,372,13,4,17,6,5,11,1,1,2,15,13,28,0,0,0,0,0,0,252,178,430,2021-10-31T23:00:00Z
01,551,Stupnik,1388,521,1909,31,17,48,0,3,3,2,2,4,21,25,46,0,0,0,2,0,2,1444,568,2012,2021-10-31T23:00:00Z
01,97,Dubrava,314,324,638,43,19,62,66,42,108,4,12,16,65,67,132,0,0,0,2,7,9,494,471,965,2021-10-31T23:00:00Z
02,108,Đurmanec,112,150,262,58,13,71,1,2,3,3,1,4,115,90,205,0,0,0,1,0,1,290,256,546,2021-10-31T23:00:00Z
02,11,Bedekovčina,526,782,1308,89,43,132,7,7,14,8,8,16,131,111,242,0,0,0,4,3,7,765,954,1719,2021-10-31T23:00:00Z
02,125,Gornja Stubica,209,300,509,51,16,67,7,3,10,1,1,2,71,44,115,0,0,0,1,1,2,340,365,705,2021-10-31T23:00:00Z
02,146,Hraščina,51,45,96,8,2,10,2,3,5,0,1,1,5,9,14,0,0,0,0,0,0,66,60,126,2021-10-31T23:00:00Z
02,152,Hum Na Sutli,1568,661,2229,58,29,87,4,0,4,1,7,8,256,77,333,0,0,0,0,1,1,1887,775,2662,2021-10-31T23:00:00Z
02,187,Klanjec,294,279,573,67,25,92,13,7,20,5,1,6,73,48,121,0,0,0,2,3,5,454,363,817,2021-10-31T23:00:00Z
02,200,Konjščina,460,400,860,34,14,48,2,0,2,1,2,3,34,33,67,0,0,0,1,1,2,532,450,982,2021-10-31T23:00:00Z
02,208,Kraljevec Na Sutli,61,46,107,13,6,19,4,1,5,0,0,0,17,6,23,0,0,0,0,2,2,95,61,156,2021-10-31T23:00:00Z
02,211,Krapina,2765,2397,5162,176,90,266,7,6,13,16,15,31,215,175,390,0,0,0,1,3,4,3180,2686,5866,2021-10-31T23:00:00Z
02,212,Krapinske Toplice,607,1188,1795,70,37,107,4,6,10,0,5,5,112,71,183,0,0,0,0,0,0,793,1307,2100,2021-10-31T23:00:00Z
02,236,Lobor,161,242,403,22,8,30,2,4,6,0,0,0,37,14,51,0,0,0,1,2,3,223,270,493,2021-10-31T23:00:00Z
02,248,Mače,106,67,173,31,6,37,4,3,7,1,0,1,60,34,94,0,0,0,0,0,0,202,110,312,2021-10-31T23:00:00Z
02,256,Marija Bistrica,334,346,680,65,41,106,15,7,22,1,5,6,85,75,160,0,0,0,3,4,7,503,478,981,2021-10-31T23:00:00Z
02,265,Mihovljan,99,118,217,31,7,38,4,0,4,0,0,0,73,14,87,0,0,0,1,1,2,208,140,348,2021-10-31T23:00:00Z
02,311,Oroslavje,873,805,1678,79,37,116,11,3,14,6,7,13,104,84,188,0,0,0,4,2,6,1077,938,2015,2021-10-31T23:00:00Z
02,329,Petrovsko,72,63,135,17,3,20,1,0,1,5,0,5,60,10,70,0,0,0,1,0,1,156,76,232,2021-10-31T23:00:00Z
02,352,Pregrada,836,917,1753,112,32,144,3,4,7,6,6,12,156,106,262,0,0,0,2,2,4,1115,1067,2182,2021-10-31T23:00:00Z
02,364,Radoboj,139,103,242,16,10,26,1,1,2,1,3,4,57,22,79,0,0,0,0,0,0,214,139,353,2021-10-31T23:00:00Z
02,41,Budinščina,177,178,355,15,5,20,5,2,7,1,2,3,24,11,35,0,0,0,2,1,3,224,199,423,2021-10-31T23:00:00Z
02,422,Stubičke Toplice,231,421,652,34,18,52,0,2,2,3,5,8,70,31,101,0,0,0,1,0,1,339,477,816,2021-10-31T23:00:00Z
02,430,Sveti Križ Začretje,685,788,1473,73,22,95,9,4,13,1,5,6,135,99,234,0,0,0,5,2,7,908,920,1828,2021-10-31T23:00:00Z
02,466,Tuhelj,129,209,338,18,11,29,4,1,5,1,2,3,35,33,68,0,0,0,0,0,0,187,256,443,2021-10-31T23:00:00Z
02,481,Veliko Trgovišće,536,341,877,54,17,71,3,3,6,3,5,8,107,59,166,0,0,0,4,1,5,707,426,1133,2021-10-31T23:00:00Z
02,519,Zabok,2807,2805,5612,145,88,233,6,3,9,14,17,31,195,336,531,0,0,0,2,6,8,3169,3255,6424,2021-10-31T23:00:00Z
02,521,Zagorska Sela,11,55,66,7,1,8,6,2,8,0,1,1,16,5,21,0,0,0,0,0,0,40,64,104,2021-10-31T23:00:00Z
02,526,Zlatar,546,664,1210,97,41,138,23,16,39,9,8,17,109,82,191,0,0,0,4,3,7,788,814,1602,2021-10-31T23:00:00Z
02,527,Zlatar Bistrica,326,559,885,29,10,39,4,3,7,4,0,4,75,47,122,0,0,0,3,3,6,441,622,1063,2021-10-31T23:00:00Z
02,552,Jesenje,55,67,122,10,1,11,0,1,1,0,0,0,47,6,53,0,0,0,0,0,0,112,75,187,2021-10-31T23:00:00Z
02,553,Kumrovec,81,91,172,16,4,20,2,0,2,3,1,4,23,18,41,0,0,0,0,0,0,125,114,239,2021-10-31T23:00:00Z
02,554,Novi Golubovec,132,57,189,3,2,5,1,0,1,0,0,0,5,2,7,0,0,0,0,0,0,141,61,202,2021-10-31T23:00:00Z
02,70,Desinić,133,286,419,31,8,39,10,1,11,2,1,3,47,35,82,0,0,0,0,1,1,223,332,555,2021-10-31T23:00:00Z
02,79,Donja Stubica,953,793,1746,98,48,146,5,3,8,7,3,10,88,62,150,0,0,0,2,2,4,1153,911,2064,2021-10-31T23:00:00Z
03,102,Dvor,290,150,440,14,5,19,65,21,86,0,3,3,13,15,28,0,0,0,3,2,5,385,196,581,2021-10-31T23:00:00Z
03,121,Glina,1162,705,1867,39,24,63,55,25,80,4,9,13,66,73,139,0,0,0,0,0,0,1326,836,2162,2021-10-31T23:00:00Z
03,149,Hrvatska Dubica,79,62,141,8,2,10,11,4,15,0,0,0,4,5,9,0,0,0,0,0,0,102,73,175,2021-10-31T23:00:00Z
03,150,Hrvatska Kostajnica,320,320,640,20,9,29,9,2,11,1,3,4,9,18,27,0,0,0,2,0,2,361,352,713,2021-10-31T23:00:00Z
03,168,Jasenovac,141,162,303,11,3,14,12,6,18,0,1,1,16,10,26,0,0,0,0,0,0,180,182,362,2021-10-31T23:00:00Z
03,220,Kutina,3729,2955,6684,173,113,286,43,23,66,38,23,61,224,265,489,0,0,0,13,7,20,4220,3386,7606,2021-10-31T23:00:00Z
03,228,Lekenik,308,283,591,37,8,45,8,9,17,1,3,4,43,34,77,0,0,0,1,1,2,398,338,736,2021-10-31T23:00:00Z
03,232,Lipovljani,268,281,549,25,11,36,11,3,14,1,0,1,30,36,66,0,0,0,0,2,2,335,333,668,2021-10-31T23:00:00Z
03,259,Martinska Ves,131,57,188,8,2,10,31,15,46,3,0,3,47,15,62,0,0,0,1,1,2,221,90,311,2021-10-31T23:00:00Z
03,293,Novska,1337,1061,2398,175,100,275,33,16,49,7,21,28,267,238,505,0,0,0,1,4,5,1820,1440,3260,2021-10-31T23:00:00Z
03,328,Petrinja,1706,1711,3417,233,87,320,64,23,87,8,27,35,292,290,582,0,0,0,7,5,12,2310,2143,4453,2021-10-31T23:00:00Z
03,347,Popovača,900,1043,1943,80,41,121,47,16,63,8,11,19,96,132,228,0,0,0,5,2,7,1136,1245,2381,2021-10-31T23:00:00Z
03,391,Sisak,7020,8066,15086,381,227,608,101,56,157,43,75,118,607,605,1212,0,0,0,20,19,39,8172,9048,17220,2021-10-31T23:00:00Z
03,426,Sunja,197,170,367,25,10,35,44,34,78,1,2,3,18,21,39,0,0,0,2,0,2,287,237,524,2021-10-31T23:00:00Z
03,457,Topusko,233,329,562,16,6,22,4,2,6,4,1,5,33,24,57,0,0,0,0,0,0,290,362,652,2021-10-31T23:00:00Z
03,477,Velika Ludina,111,141,252,9,9,18,15,3,18,0,0,0,25,22,47,0,0,0,0,0,0,160,175,335,2021-10-31T23:00:00Z
03,510,Gvozd,126,92,218,8,4,12,19,4,23,0,0,0,18,14,32,0,0,0,2,1,3,173,115,288,2021-10-31T23:00:00Z
03,555,Majur,123,57,180,1,1,2,4,0,4,0,0,0,3,0,3,0,0,0,0,0,0,131,58,189,2021-10-31T23:00:00Z
03,83,Donji Kukuruzari,49,83,132,5,0,5,5,3,8,0,0,0,3,2,5,0,0,0,1,0,1,63,88,151,2021-10-31T23:00:00Z
04,120,Generalski Stol,37,74,111,22,5,27,1,0,1,0,1,1,26,15,41,0,0,0,0,0,0,86,95,181,2021-10-31T23:00:00Z
04,172,Josipdol,194,167,361,25,17,42,4,9,13,2,1,3,49,49,98,0,0,0,0,0,0,274,243,517,2021-10-31T23:00:00Z
04,179,Karlovac,10615,8906,19521,426,295,721,74,51,125,71,90,161,606,786,1392,0,0,0,19,19,38,11811,10147,21958,2021-10-31T23:00:00Z
04,216,Krnjak,168,66,234,2,2,4,6,3,9,0,0,0,10,3,13,0,0,0,0,0,0,186,74,260,2021-10-31T23:00:00Z
04,225,Lasinja,56,48,104,5,3,8,0,5,5,2,0,2,6,8,14,0,0,0,0,0,0,69,64,133,2021-10-31T23:00:00Z
04,281,Netretić,77,91,168,19,3,22,3,1,4,1,1,2,44,32,76,0,0,0,0,0,0,144,128,272,2021-10-31T23:00:00Z
04,297,Ogulin,1770,1826,3596,140,91,231,34,14,48,8,33,41,142,179,321,0,0,0,5,12,17,2099,2155,4254,2021-10-31T23:00:00Z
04,30,Bosiljevo,106,94,200,4,0,4,0,0,0,1,1,2,27,32,59,0,0,0,0,0,0,138,127,265,2021-10-31T23:00:00Z
04,315,Ozalj,780,630,1410,87,34,121,19,15,34,4,11,15,120,93,213,0,0,0,1,4,5,1011,787,1798,2021-10-31T23:00:00Z
04,333,Plaški,88,78,166,9,5,14,10,2,12,0,0,0,30,21,51,0,0,0,0,0,0,137,106,243,2021-10-31T23:00:00Z
04,365,Rakovica,142,153,295,6,11,17,3,5,8,0,0,0,69,60,129,0,0,0,1,0,1,221,229,450,2021-10-31T23:00:00Z
04,378,Saborsko,16,19,35,2,1,3,1,0,1,0,0,0,6,4,10,0,0,0,0,0,0,25,24,49,2021-10-31T23:00:00Z
04,400,Slunj,335,401,736,49,17,66,29,14,43,3,5,8,124,99,223,0,0,0,2,13,15,542,549,1091,2021-10-31T23:00:00Z
04,49,Cetingrad,64,52,116,6,0,6,3,4,7,0,0,0,10,11,21,0,0,0,0,0,0,83,67,150,2021-10-31T23:00:00Z
04,503,Vojnić,380,244,624,25,15,40,37,10,47,2,0,2,31,36,67,0,0,0,2,2,4,477,307,784,2021-10-31T23:00:00Z
04,530,Žakanje,144,96,240,26,11,37,4,1,5,0,0,0,27,32,59,0,0,0,0,1,1,201,141,342,2021-10-31T23:00:00Z
04,556,Ribnik,8,3,11,10,4,14,1,2,3,0,0,0,8,12,20,0,0,0,0,0,0,27,21,48,2021-10-31T23:00:00Z
04,557,Tounj,67,36,103,4,0,4,0,0,0,0,0,0,5,4,9,0,0,0,0,0,0,76,40,116,2021-10-31T23:00:00Z
04,623,Kamanje,154,105,259,3,2,5,0,0,0,0,0,0,3,12,15,0,0,0,0,0,0,160,119,279,2021-10-31T23:00:00Z
04,7,Barilovići,268,154,422,21,9,30,6,1,7,1,1,2,118,31,149,0,0,0,0,0,0,414,196,610,2021-10-31T23:00:00Z
04,90,Draganić,132,142,274,12,4,16,7,3,10,1,1,2,21,28,49,0,0,0,0,0,0,173,178,351,2021-10-31T23:00:00Z
04,99,Duga Resa,1224,1022,2246,138,74,212,18,18,36,5,20,25,185,206,391,1,0,1,6,11,17,1577,1351,2928,2021-10-31T23:00:00Z
05,12,Bednja,200,165,365,22,7,29,2,8,10,2,1,3,25,20,45,0,0,0,0,0,0,251,201,452,2021-10-31T23:00:00Z
05,129,Gornji Kneginec,558,973,1531,49,29,78,10,4,14,1,6,7,71,60,131,0,0,0,4,7,11,693,1079,1772,2021-10-31T23:00:00Z
05,151,Breznički Hum,193,146,339,12,5,17,10,6,16,0,1,1,19,12,31,0,0,0,2,4,6,236,174,410,2021-10-31T23:00:00Z
05,156,Ivanec,2087,1840,3927,163,64,227,14,11,25,11,17,28,306,265,571,0,0,0,5,14,19,2586,2211,4797,2021-10-31T23:00:00Z
05,165,Jalžabet,750,1118,1868,21,3,24,10,6,16,0,4,4,34,21,55,0,0,0,0,1,1,815,1153,1968,2021-10-31T23:00:00Z
05,189,Klenovnik,120,59,179,8,3,11,0,1,1,0,0,0,20,26,46,0,0,0,2,0,2,150,89,239,2021-10-31T23:00:00Z
05,19,Beretinec,75,33,108,18,2,20,3,2,5,0,1,1,17,26,43,0,0,0,1,0,1,114,64,178,2021-10-31T23:00:00Z
05,229,Lepoglava,1324,575,1899,56,31,87,6,4,10,1,4,5,104,65,169,0,0,0,0,8,8,1491,687,2178,2021-10-31T23:00:00Z
05,244,Ludbreg,1793,1545,3338,117,61,178,50,34,84,10,14,24,240,184,424,0,0,0,5,8,13,2215,1846,4061,2021-10-31T23:00:00Z
05,247,Ljubešćica,337,151,488,31,7,38,1,0,1,1,3,4,96,26,122,0,0,0,0,1,1,466,188,654,2021-10-31T23:00:00Z
05,251,Mali Bukovec,37,86,123,13,5,18,26,15,41,0,1,1,102,34,136,0,0,0,0,1,1,178,142,320,2021-10-31T23:00:00Z
05,260,Maruševec,348,303,651,55,25,80,23,24,47,3,3,6,112,40,152,0,0,0,3,3,6,544,398,942,2021-10-31T23:00:00Z
05,289,Novi Marof,1233,1244,2477,164,68,232,14,12,26,8,17,25,295,176,471,0,0,0,6,2,8,1720,1519,3239,2021-10-31T23:00:00Z
05,326,Petrijanec,423,706,1129,25,8,33,15,9,24,1,3,4,91,84,175,0,0,0,0,1,1,555,811,1366,2021-10-31T23:00:00Z
05,36,Breznica,164,65,229,19,3,22,3,5,8,1,5,6,30,15,45,0,0,0,0,0,0,217,93,310,2021-10-31T23:00:00Z
05,410,Sračinec,247,274,521,42,13,55,2,2,4,1,6,7,89,55,144,0,0,0,0,2,2,381,352,733,2021-10-31T23:00:00Z
05,437,Sveti Đurđ,74,107,181,31,4,35,27,8,35,3,1,4,34,33,67,0,0,0,0,0,0,169,153,322,2021-10-31T23:00:00Z
05,438,Sveti Ilija,181,183,364,16,8,24,2,1,3,1,4,5,45,29,74,0,0,0,1,0,1,246,225,471,2021-10-31T23:00:00Z
05,462,Trnovec Bartolovečki,1178,1489,2667,70,16,86,20,8,28,1,4,5,352,92,444,0,0,0,0,1,1,1621,1610,3231,2021-10-31T23:00:00Z
05,472,Varaždin,16573,15371,31944,503,354,857,46,25,71,74,118,192,554,650,1204,0,0,0,18,18,36,17768,16536,34304,2021-10-31T23:00:00Z
05,473,Varaždinske Toplice,602,474,1076,47,22,69,9,6,15,4,5,9,189,49,238,0,0,0,2,4,6,853,560,1413,2021-10-31T23:00:00Z
05,48,Cestica,386,394,780,50,27,77,14,17,31,1,4,5,100,77,177,0,0,0,0,2,2,551,521,1072,2021-10-31T23:00:00Z
05,484,Vidovec,215,255,470,51,15,66,64,31,95,2,5,7,116,93,209,0,0,0,0,0,0,448,399,847,2021-10-31T23:00:00Z
05,486,Vinica,283,211,494,21,8,29,4,4,8,1,5,6,29,26,55,0,0,0,0,1,1,338,255,593,2021-10-31T23:00:00Z
05,493,Visoko,91,58,149,19,0,19,6,3,9,0,0,0,25,20,45,0,0,0,1,0,1,142,81,223,2021-10-31T23:00:00Z
05,558,Veliki Bukovec,366,273,639,5,2,7,26,13,39,0,2,2,35,24,59,0,0,0,0,0,0,432,314,746,2021-10-31T23:00:00Z
05,80,Donja Voća,90,61,151,8,1,9,5,9,14,0,1,1,30,23,53,0,0,0,0,0,0,133,95,228,2021-10-31T23:00:00Z
05,85,Donji Martijanec,360,173,533,27,8,35,21,4,25,1,1,2,54,34,88,0,0,0,0,0,0,463,220,683,2021-10-31T23:00:00Z
06,104,Đelekovec,25,46,71,21,10,31,40,11,51,0,1,1,19,11,30,0,0,0,0,0,0,105,79,184,2021-10-31T23:00:00Z
06,107,Đurđevac,1359,1184,2543,86,43,129,70,45,115,12,13,25,88,77,165,0,0,0,13,4,17,1628,1366,2994,2021-10-31T23:00:00Z
06,115,Ferdinandovac,40,87,127,8,2,10,41,31,72,1,1,2,18,7,25,0,0,0,0,0,0,108,128,236,2021-10-31T23:00:00Z
06,122,Gola,182,156,338,12,2,14,89,40,129,0,2,2,7,23,30,0,0,0,1,0,1,291,223,514,2021-10-31T23:00:00Z
06,145,Hlebine,9,23,32,1,0,1,15,4,19,1,1,2,0,11,11,0,0,0,1,1,2,27,40,67,2021-10-31T23:00:00Z
06,194,Kloštar Podravski,184,168,352,18,13,31,42,35,77,0,1,1,34,53,87,0,0,0,1,1,2,279,271,550,2021-10-31T23:00:00Z
06,201,Koprivnica,7067,7560,14627,348,190,538,61,28,89,65,80,145,432,449,881,0,2,2,16,14,30,7989,8323,16312,2021-10-31T23:00:00Z
06,202,Koprivnički Bregi,56,82,138,17,4,21,23,9,32,0,1,1,33,9,42,0,0,0,0,0,0,129,105,234,2021-10-31T23:00:00Z
06,203,Koprivnički Ivanec,62,58,120,24,4,28,24,8,32,0,0,0,26,11,37,0,0,0,0,0,0,136,81,217,2021-10-31T23:00:00Z
06,214,Križevci,3301,3649,6950,165,101,266,233,185,418,11,29,40,243,220,463,0,0,0,9,8,17,3962,4192,8154,2021-10-31T23:00:00Z
06,227,Legrad,62,89,151,14,3,17,21,5,26,1,1,2,21,16,37,0,0,0,0,0,0,119,114,233,2021-10-31T23:00:00Z
06,270,Molve,220,114,334,7,9,16,59,31,90,1,2,3,34,19,53,0,0,0,2,1,3,323,176,499,2021-10-31T23:00:00Z
06,292,Novigrad Podravski,93,148,241,10,2,12,21,11,32,0,2,2,19,19,38,0,0,0,0,0,0,143,182,325,2021-10-31T23:00:00Z
06,324,Peteranec,72,45,117,17,4,21,21,7,28,0,1,1,26,14,40,0,0,0,0,0,0,136,71,207,2021-10-31T23:00:00Z
06,366,Rasinja,48,76,124,20,4,24,53,23,76,1,1,2,21,25,46,0,0,0,1,0,1,144,129,273,2021-10-31T23:00:00Z
06,405,Sokolovac,222,90,312,17,2,19,46,18,64,6,4,10,24,12,36,0,0,0,1,0,1,316,126,442,2021-10-31T23:00:00Z
06,439,Sveti Ivan Žabno,265,196,461,41,16,57,98,57,155,1,2,3,52,61,113,0,0,0,0,1,1,457,333,790,2021-10-31T23:00:00Z
06,442,Sveti Petar Orehovec,127,114,241,30,7,37,141,130,271,1,2,3,41,20,61,0,0,0,1,0,1,341,273,614,2021-10-31T23:00:00Z
06,490,Virje,286,219,505,28,11,39,42,21,63,4,1,5,30,33,63,0,0,0,2,1,3,392,286,678,2021-10-31T23:00:00Z
06,559,Kalinovac,401,105,506,4,1,5,8,2,10,0,0,0,8,6,14,0,0,0,1,0,1,422,114,536,2021-10-31T23:00:00Z
06,560,Kalnik,43,55,98,2,4,6,17,22,39,0,1,1,7,4,11,0,0,0,0,0,0,69,86,155,2021-10-31T23:00:00Z
06,561,Novo Virje,48,39,87,2,0,2,39,25,64,0,0,0,16,6,22,0,0,0,0,1,1,105,71,176,2021-10-31T23:00:00Z
06,616,Podravske Sesvete,100,122,222,3,5,8,24,13,37,2,0,2,9,8,17,0,0,0,1,1,2,139,149,288,2021-10-31T23:00:00Z
06,618,Gornja Reka,86,75,161,6,3,9,7,8,15,0,0,0,8,5,13,0,0,0,0,0,0,107,91,198,2021-10-31T23:00:00Z
06,96,Drnje,120,118,238,11,2,13,18,10,28,0,2,2,7,9,16,0,0,0,2,0,2,158,141,299,2021-10-31T23:00:00Z
07,105,Đulovac,276,68,344,8,7,15,35,16,51,2,1,3,118,34,152,0,0,0,0,0,0,439,126,565,2021-10-31T23:00:00Z
07,119,Garešnica,1088,1120,2208,62,32,94,63,36,99,15,19,34,105,127,232,0,0,0,1,5,6,1334,1339,2673,2021-10-31T23:00:00Z
07,139,Grubišno Polje,592,525,1117,34,25,59,112,45,157,4,7,11,74,69,143,0,0,0,3,3,6,819,674,1493,2021-10-31T23:00:00Z
07,144,Hercegovac,136,148,284,19,2,21,48,16,64,2,1,3,42,30,72,0,0,0,1,1,2,248,198,446,2021-10-31T23:00:00Z
07,161,Ivanska,128,102,230,5,3,8,48,13,61,2,2,4,89,25,114,0,0,0,2,1,3,274,146,420,2021-10-31T23:00:00Z
07,176,Kapela,87,94,181,3,3,6,48,25,73,0,1,1,20,7,27,0,0,0,1,0,1,159,130,289,2021-10-31T23:00:00Z
07,18,Berek,47,56,103,7,1,8,19,17,36,0,0,0,9,6,15,0,0,0,0,0,0,82,80,162,2021-10-31T23:00:00Z
07,199,Končanica,125,73,198,8,2,10,32,15,47,0,0,0,15,8,23,0,0,0,2,0,2,182,98,280,2021-10-31T23:00:00Z
07,24,Bjelovar,7164,6955,14119,294,183,477,199,96,295,49,90,139,439,535,974,1,0,1,18,12,30,8164,7871,16035,2021-10-31T23:00:00Z
07,287,Nova Rača,98,124,222,12,2,14,78,33,111,0,2,2,30,13,43,0,0,0,0,0,0,218,174,392,2021-10-31T23:00:00Z
07,375,Rovišće,201,215,416,24,10,34,50,36,86,1,3,4,27,39,66,0,0,0,0,1,1,303,304,607,2021-10-31T23:00:00Z
07,390,Sirač,263,162,425,11,2,13,12,5,17,1,0,1,17,10,27,0,0,0,0,2,2,304,181,485,2021-10-31T23:00:00Z
07,450,Štefanje,51,67,118,7,3,10,33,13,46,0,2,2,35,21,56,0,0,0,1,0,1,127,106,233,2021-10-31T23:00:00Z
07,478,Velika Pisanica,73,87,160,3,2,5,33,14,47,1,0,1,9,8,17,0,0,0,2,0,2,121,111,232,2021-10-31T23:00:00Z
07,480,Veliki Grđevac,152,149,301,10,5,15,69,29,98,1,1,2,74,26,100,0,0,0,1,0,1,307,210,517,2021-10-31T23:00:00Z
07,483,Veliko Trojstvo,62,112,174,15,4,19,14,14,28,0,0,0,44,18,62,0,0,0,0,0,0,135,148,283,2021-10-31T23:00:00Z
07,562,Severin,62,32,94,1,0,1,17,14,31,0,0,0,13,24,37,0,0,0,0,0,0,93,70,163,2021-10-31T23:00:00Z
07,564,Šandrovac,26,50,76,4,0,4,14,8,22,0,0,0,11,6,17,0,0,0,0,0,0,55,64,119,2021-10-31T23:00:00Z
07,565,Velika Trnovitica,57,63,120,7,2,9,31,22,53,1,0,1,22,12,34,0,0,0,1,1,2,119,100,219,2021-10-31T23:00:00Z
07,566,Zrinski Topolovac,11,23,34,2,1,3,32,17,49,0,0,0,4,2,6,0,0,0,0,1,1,49,44,93,2021-10-31T23:00:00Z
07,63,Čazma,1127,832,1959,53,18,71,56,42,98,7,11,18,108,64,172,0,0,0,3,1,4,1354,968,2322,2021-10-31T23:00:00Z
07,67,Daruvar,1464,1698,3162,76,52,128,44,21,65,17,19,36,145,182,327,0,0,0,3,7,10,1749,1979,3728,2021-10-31T23:00:00Z
07,71,Dežanovac,124,77,201,9,2,11,71,38,109,0,0,0,35,16,51,0,0,0,0,1,1,239,134,373,2021-10-31T23:00:00Z
08,117,Fužine,261,185,446,17,12,29,0,1,1,5,1,6,17,22,39,0,0,0,1,1,2,301,222,523,2021-10-31T23:00:00Z
08,170,Jelenje,296,257,553,97,49,146,6,2,8,24,9,33,58,41,99,0,0,0,1,1,2,482,359,841,2021-10-31T23:00:00Z
08,180,Kastav,1109,842,1951,132,67,199,4,1,5,51,10,61,107,89,196,3,1,4,6,5,11,1412,1015,2427,2021-10-31T23:00:00Z
08,186,Klana,391,222,613,21,8,29,1,1,2,4,2,6,14,12,26,0,0,0,1,2,3,432,247,679,2021-10-31T23:00:00Z
08,209,Kraljevica,337,279,616,38,24,62,2,1,3,41,5,46,20,32,52,1,0,1,1,7,8,440,348,788,2021-10-31T23:00:00Z
08,215,Krk,1851,1217,3068,223,93,316,15,7,22,25,15,40,256,161,417,0,0,0,16,14,30,2386,1507,3893,2021-10-31T23:00:00Z
08,237,Lokve,114,90,204,14,6,20,0,0,0,0,2,2,11,9,20,0,0,0,0,0,0,139,107,246,2021-10-31T23:00:00Z
08,242,Lovran,410,601,1011,87,25,112,1,1,2,12,9,21,44,51,95,0,0,0,5,9,14,559,696,1255,2021-10-31T23:00:00Z
08,252,Mali Lošinj,1350,1389,2739,222,77,299,23,8,31,36,15,51,179,151,330,0,0,0,21,13,34,1831,1653,3484,2021-10-31T23:00:00Z
08,253,Malinska-Dubašnica,499,781,1280,138,58,196,6,11,17,10,4,14,171,146,317,0,0,0,15,9,24,839,1009,1848,2021-10-31T23:00:00Z
08,261,Matulji,1476,1073,2549,218,124,342,15,6,21,45,15,60,174,185,359,0,0,0,2,12,14,1930,1415,3345,2021-10-31T23:00:00Z
08,273,Mošćenička Draga,105,77,182,49,12,61,0,1,1,4,2,6,35,22,57,0,0,0,3,3,6,196,117,313,2021-10-31T23:00:00Z
08,275,Mrkopalj,64,47,111,18,3,21,2,0,2,2,0,2,9,9,18,0,0,0,1,1,2,96,60,156,2021-10-31T23:00:00Z
08,290,Novi Vinodolski,495,422,917,104,42,146,7,4,11,12,7,19,115,64,179,0,0,0,4,7,11,737,546,1283,2021-10-31T23:00:00Z
08,301,Omišalj,614,405,1019,81,21,102,0,0,0,12,4,16,67,36,103,0,0,0,2,4,6,776,470,1246,2021-10-31T23:00:00Z
08,302,Opatija,2239,2790,5029,197,106,303,6,6,12,56,27,83,97,136,233,0,1,1,10,14,24,2605,3080,5685,2021-10-31T23:00:00Z
08,360,Punat,298,145,443,61,22,83,4,0,4,6,2,8,58,38,96,0,0,0,3,3,6,430,210,640,2021-10-31T23:00:00Z
08,363,Rab,935,1076,2011,281,68,349,13,5,18,13,12,25,218,163,381,0,0,0,13,23,36,1473,1347,2820,2021-10-31T23:00:00Z
08,369,Ravna Gora,275,300,575,30,13,43,2,0,2,3,1,4,43,22,65,0,0,0,1,2,3,354,338,692,2021-10-31T23:00:00Z
08,373,Rijeka,27556,28463,56019,1266,1054,2320,23,16,39,1052,359,1411,939,1297,2236,4,1,5,94,119,213,30934,31309,62243,2021-10-31T23:00:00Z
08,38,Brod Moravice,44,33,77,10,1,11,0,0,0,0,1,1,21,8,29,0,0,0,1,0,1,76,43,119,2021-10-31T23:00:00Z
08,393,Skrad,41,52,93,4,3,7,1,1,2,1,1,2,2,8,10,0,0,0,0,0,0,49,65,114,2021-10-31T23:00:00Z
08,4,Bakar,1982,1013,2995,64,40,104,2,0,2,78,10,88,74,72,146,0,0,0,2,10,12,2202,1145,3347,2021-10-31T23:00:00Z
08,488,Vinodolska Općina,184,162,346,59,21,80,2,0,2,10,1,11,38,14,52,1,0,1,0,2,2,294,200,494,2021-10-31T23:00:00Z
08,495,Viškovo,1698,1122,2820,201,103,304,7,4,11,66,17,83,151,137,288,0,0,0,10,10,20,2133,1393,3526,2021-10-31T23:00:00Z
08,507,Vrbnik,127,99,226,31,10,41,10,4,14,2,0,2,26,20,46,0,0,0,0,1,1,196,134,330,2021-10-31T23:00:00Z
08,509,Vrbovsko,344,281,625,62,22,84,4,4,8,0,5,5,73,44,117,0,0,0,1,0,1,484,356,840,2021-10-31T23:00:00Z
08,52,Cres,508,437,945,73,22,95,12,3,15,12,3,15,41,65,106,0,0,0,8,4,12,654,534,1188,2021-10-31T23:00:00Z
08,53,Crikvenica,1199,1576,2775,215,115,330,7,2,9,36,24,60,205,162,367,0,0,0,11,18,29,1673,1897,3570,2021-10-31T23:00:00Z
08,538,Kostrena,442,291,733,39,24,63,1,1,2,90,7,97,20,30,50,0,0,0,1,4,5,593,357,950,2021-10-31T23:00:00Z
08,55,Čabar,341,280,621,55,18,73,4,4,8,5,0,5,151,48,199,0,0,0,1,5,6,557,355,912,2021-10-31T23:00:00Z
08,61,Čavle,671,527,1198,89,52,141,0,2,2,29,9,38,105,78,183,0,0,0,4,2,6,898,670,1568,2021-10-31T23:00:00Z
08,624,Lopar,61,37,98,21,2,23,0,0,0,2,0,2,17,18,35,0,0,0,4,4,8,105,61,166,2021-10-31T23:00:00Z
08,69,Delnice,1150,758,1908,74,48,122,6,1,7,10,12,22,77,98,175,0,0,0,2,6,8,1319,923,2242,2021-10-31T23:00:00Z
08,74,Dobrinj,122,75,197,49,20,69,1,2,3,5,2,7,88,42,130,0,0,0,2,2,4,267,143,410,2021-10-31T23:00:00Z
08,8,Baška,189,177,366,43,21,64,7,2,9,3,3,6,25,34,59,0,0,0,7,8,15,274,245,519,2021-10-31T23:00:00Z
09,130,Gospić,2247,2316,4563,101,62,163,74,39,113,12,9,21,144,151,295,0,0,0,8,8,16,2586,2585,5171,2021-10-31T23:00:00Z
09,178,Karlobag,85,91,176,7,4,11,6,1,7,2,0,2,8,5,13,0,0,0,1,1,2,109,102,211,2021-10-31T23:00:00Z
09,240,Lovinac,194,76,270,1,0,1,2,2,4,1,0,1,1,2,3,0,0,0,0,0,0,199,80,279,2021-10-31T23:00:00Z
09,288,Novalja,669,524,1193,122,28,150,20,8,28,4,5,9,166,76,242,0,0,0,11,22,33,992,663,1655,2021-10-31T23:00:00Z
09,313,Otočac,830,891,1721,92,38,130,57,27,84,7,6,13,123,114,237,0,0,0,1,5,6,1110,1081,2191,2021-10-31T23:00:00Z
09,323,Perušić,341,242,583,20,10,30,32,22,54,0,1,1,22,26,48,0,0,0,0,0,0,415,301,716,2021-10-31T23:00:00Z
09,37,Brinje,369,231,600,24,6,30,9,5,14,0,1,1,15,19,34,0,0,0,0,2,2,417,264,681,2021-10-31T23:00:00Z
09,387,Senj,739,636,1375,97,45,142,5,5,10,16,7,23,88,99,187,0,0,0,7,8,15,952,800,1752,2021-10-31T23:00:00Z
09,455,Plitvička Jezera,693,727,1420,42,23,65,59,14,73,2,5,7,201,150,351,0,0,0,1,0,1,998,919,1917,2021-10-31T23:00:00Z
09,467,Udbina,142,96,238,10,6,16,34,10,44,0,0,0,17,14,31,0,0,0,4,1,5,207,127,334,2021-10-31T23:00:00Z
09,512,Vrhovine,102,40,142,3,3,6,8,1,9,0,0,0,4,4,8,0,0,0,0,0,0,117,48,165,2021-10-31T23:00:00Z
09,84,Donji Lapac,104,77,181,7,4,11,22,8,30,0,0,0,11,5,16,0,0,0,0,0,0,144,94,238,2021-10-31T23:00:00Z
10,136,Gradina,80,99,179,13,6,19,130,42,172,2,0,2,40,29,69,0,0,0,0,0,0,265,176,441,2021-10-31T23:00:00Z
10,245,Lukač,223,121,344,13,5,18,42,16,58,1,0,1,62,27,89,0,0,0,0,0,0,341,169,510,2021-10-31T23:00:00Z
10,266,Mikleuš,79,50,129,9,2,11,15,7,22,0,0,0,13,11,24,0,0,0,0,0,0,116,70,186,2021-10-31T23:00:00Z
10,283,Nova Bukovica,40,47,87,8,5,13,35,6,41,1,0,1,23,18,41,0,0,0,1,0,1,108,76,184,2021-10-31T23:00:00Z
10,307,Orahovica,961,681,1642,66,40,106,13,3,16,9,10,19,106,99,205,0,0,0,3,7,10,1158,840,1998,2021-10-31T23:00:00Z
10,332,Pitomača,690,684,1374,80,46,126,156,83,239,1,8,9,214,190,404,0,0,0,1,1,2,1142,1012,2154,2021-10-31T23:00:00Z
10,395,Slatina,1450,1511,2961,152,69,221,135,37,172,12,22,34,218,259,477,0,0,0,3,5,8,1970,1903,3873,2021-10-31T23:00:00Z
10,407,Sopje,146,43,189,5,1,6,89,21,110,0,0,0,23,21,44,0,0,0,0,0,0,263,86,349,2021-10-31T23:00:00Z
10,424,Suhopolje,262,293,555,26,20,46,99,40,139,1,1,2,64,47,111,0,0,0,3,0,3,455,401,856,2021-10-31T23:00:00Z
10,449,Špišić Bukovica,138,161,299,20,8,28,166,60,226,1,2,3,37,58,95,0,0,0,1,2,3,363,291,654,2021-10-31T23:00:00Z
10,491,Virovitica,3912,4090,8002,192,107,299,103,25,128,31,20,51,400,379,779,0,0,0,6,12,18,4644,4633,9277,2021-10-31T23:00:00Z
10,499,Voćin,145,100,245,11,3,14,27,33,60,0,0,0,12,6,18,0,0,0,0,0,0,195,142,337,2021-10-31T23:00:00Z
10,524,Zdenci,128,80,208,10,3,13,19,6,25,0,1,1,13,13,26,0,0,0,1,2,3,171,105,276,2021-10-31T23:00:00Z
10,54,Crnac,28,34,62,15,3,18,18,6,24,0,1,1,18,11,29,0,0,0,0,0,0,79,55,134,2021-10-31T23:00:00Z
10,56,Čačinci,162,100,262,21,14,35,19,10,29,0,4,4,25,29,54,0,0,0,0,1,1,227,158,385,2021-10-31T23:00:00Z
10,57,Čađavica,122,94,216,15,9,24,66,19,85,0,0,0,48,28,76,0,0,0,1,0,1,252,150,402,2021-10-31T23:00:00Z
11,164,Jakšić,129,144,273,29,4,33,24,6,30,0,2,2,60,13,73,0,0,0,0,0,0,242,169,411,2021-10-31T23:00:00Z
11,177,Kaptol,89,101,190,16,2,18,22,3,25,0,1,1,45,10,55,0,0,0,0,1,1,172,118,290,2021-10-31T23:00:00Z
11,221,Kutjevo,586,396,982,49,18,67,63,29,92,1,2,3,79,72,151,0,0,0,7,1,8,785,518,1303,2021-10-31T23:00:00Z
11,231,Lipik,795,627,1422,39,14,53,22,12,34,2,10,12,57,51,108,0,0,0,2,0,2,917,714,1631,2021-10-31T23:00:00Z
11,318,Pakrac,631,1118,1749,83,29,112,49,19,68,14,14,28,175,90,265,0,0,0,3,2,5,955,1272,2227,2021-10-31T23:00:00Z
11,334,Pleternica,611,423,1034,83,28,111,57,14,71,3,5,8,176,124,300,0,0,0,2,10,12,932,604,1536,2021-10-31T23:00:00Z
11,35,Brestovac,120,127,247,15,3,18,16,3,19,1,1,2,26,10,36,0,0,0,0,1,1,178,145,323,2021-10-31T23:00:00Z
11,351,Požega,5289,4350,9639,314,158,472,125,48,173,40,96,136,453,376,829,0,1,1,12,18,30,6233,5047,11280,2021-10-31T23:00:00Z
11,475,Velika,318,306,624,22,13,35,21,4,25,2,3,5,50,37,87,0,0,0,0,0,0,413,363,776,2021-10-31T23:00:00Z
11,58,Čaglin,96,171,267,9,2,11,19,6,25,0,1,1,14,11,25,0,0,0,0,0,0,138,191,329,2021-10-31T23:00:00Z
12,10,Bebrina,38,49,87,10,8,18,16,5,21,2,0,2,12,8,20,0,0,0,0,0,0,78,70,148,2021-10-31T23:00:00Z
12,118,Garčin,139,190,329,31,9,40,30,14,44,0,0,0,22,21,43,0,0,0,0,0,0,222,234,456,2021-10-31T23:00:00Z
12,127,Gornji Bogićevci,51,40,91,11,2,13,10,2,12,0,0,0,16,20,36,0,0,0,0,0,0,88,64,152,2021-10-31T23:00:00Z
12,140,Gundinci,77,68,145,11,3,14,49,24,73,0,0,0,18,7,25,0,0,0,1,0,1,156,102,258,2021-10-31T23:00:00Z
12,185,Klakar,84,67,151,14,3,17,22,4,26,0,1,1,14,14,28,0,0,0,1,0,1,135,89,224,2021-10-31T23:00:00Z
12,284,Nova Gradiška,2177,2046,4223,144,94,238,26,18,44,24,21,45,271,317,588,0,0,0,1,2,3,2643,2498,5141,2021-10-31T23:00:00Z
12,285,Nova Kapela,154,193,347,22,17,39,22,6,28,3,3,6,56,56,112,0,0,0,1,1,2,258,276,534,2021-10-31T23:00:00Z
12,299,Okučani,225,152,377,28,7,35,12,1,13,0,1,1,45,27,72,0,0,0,1,3,4,311,191,502,2021-10-31T23:00:00Z
12,303,Oprisavci,268,184,452,10,0,10,35,10,45,1,0,1,9,17,26,0,0,0,0,0,0,323,211,534,2021-10-31T23:00:00Z
12,309,Oriovac,282,283,565,40,20,60,19,10,29,2,2,4,69,55,124,0,0,0,0,2,2,412,372,784,2021-10-31T23:00:00Z
12,338,Podcrkavlje,35,33,68,17,1,18,6,4,10,0,1,1,24,4,28,0,0,0,0,0,0,82,43,125,2021-10-31T23:00:00Z
12,372,Rešetari,211,234,445,36,9,45,20,8,28,3,1,4,94,43,137,0,0,0,0,0,0,364,295,659,2021-10-31T23:00:00Z
12,388,Sibinj,130,240,370,56,18,74,17,0,17,0,0,0,54,35,89,0,0,0,2,2,4,259,295,554,2021-10-31T23:00:00Z
12,39,Brodski Stupnik,73,61,134,16,9,25,9,3,12,2,1,3,75,35,110,0,0,0,1,0,1,176,109,285,2021-10-31T23:00:00Z
12,396,Slavonski Brod,13577,9397,22974,620,336,956,43,33,76,81,93,174,967,959,1926,1,0,1,18,20,38,15307,10838,26145,2021-10-31T23:00:00Z
12,397,Slavonski Šamac,65,42,107,9,4,13,18,9,27,0,1,1,12,5,17,0,0,0,0,0,0,104,61,165,2021-10-31T23:00:00Z
12,412,Stara Gradiška,157,79,236,4,1,5,7,3,10,0,0,0,27,7,34,0,0,0,0,0,0,195,90,285,2021-10-31T23:00:00Z
12,418,Staro Petrovo Selo,201,122,323,34,8,42,42,16,58,1,1,2,93,47,140,0,0,0,0,2,2,371,196,567,2021-10-31T23:00:00Z
12,46,Cernik,155,218,373,31,12,43,9,6,15,3,2,5,56,24,80,0,0,0,0,1,1,254,263,517,2021-10-31T23:00:00Z
12,476,Velika Kopanica,181,103,284,27,8,35,29,17,46,1,1,2,35,31,66,0,0,0,1,2,3,274,162,436,2021-10-31T23:00:00Z
12,506,Vrbje,32,33,65,9,1,10,20,2,22,0,0,0,23,29,52,0,0,0,0,0,0,84,65,149,2021-10-31T23:00:00Z
12,514,Vrpolje,189,102,291,24,5,29,43,15,58,0,2,2,20,14,34,0,0,0,0,0,0,276,138,414,2021-10-31T23:00:00Z
12,567,Bukovlje,113,52,165,18,8,26,0,0,0,1,0,1,10,18,28,0,0,0,0,0,0,142,78,220,2021-10-31T23:00:00Z
12,568,Dragalić,36,62,98,6,1,7,6,1,7,0,0,0,4,6,10,0,0,0,0,1,1,52,71,123,2021-10-31T23:00:00Z
12,569,Gornja Vrba,363,108,471,13,3,16,1,1,2,0,1,1,27,18,45,0,0,0,0,1,1,404,132,536,2021-10-31T23:00:00Z
12,570,Sikirevci,42,41,83,21,4,25,38,13,51,0,0,0,14,9,23,0,0,0,1,1,2,116,68,184,2021-10-31T23:00:00Z
12,68,Davor,120,104,224,12,6,18,16,4,20,0,0,0,15,19,34,0,0,0,0,0,0,163,133,296,2021-10-31T23:00:00Z
12,81,Donji Andrijevci,158,114,272,22,11,33,20,5,25,1,1,2,29,18,47,0,0,0,0,3,3,230,152,382,2021-10-31T23:00:00Z
13,131,Gračac,240,263,503,22,16,38,65,26,91,2,1,3,44,38,82,0,0,0,0,2,2,373,346,719,2021-10-31T23:00:00Z
13,167,Jasenice,149,76,225,14,0,14,5,4,9,2,0,2,10,11,21,0,0,0,0,1,1,180,92,272,2021-10-31T23:00:00Z
13,17,Benkovac,1141,1034,2175,91,36,127,94,52,146,10,9,19,213,128,341,0,0,0,4,4,8,1553,1263,2816,2021-10-31T23:00:00Z
13,173,Kali,306,125,431,24,13,37,3,1,4,12,1,13,59,27,86,0,0,0,1,1,2,405,168,573,2021-10-31T23:00:00Z
13,20,Bibinje,200,209,409,53,20,73,4,0,4,3,2,5,75,71,146,0,0,0,0,4,4,335,306,641,2021-10-31T23:00:00Z
13,22,Biograd Na Moru,1107,1358,2465,116,63,179,26,16,42,18,7,25,149,204,353,0,0,0,5,20,25,1421,1668,3089,2021-10-31T23:00:00Z
13,234,Lišane Ostrovičke,23,28,51,8,1,9,0,0,0,0,0,0,9,6,15,0,0,0,0,0,0,40,35,75,2021-10-31T23:00:00Z
13,282,Nin,525,396,921,41,11,52,9,5,14,4,3,7,51,38,89,0,0,0,15,12,27,645,465,1110,2021-10-31T23:00:00Z
13,296,Obrovac,332,226,558,26,12,38,29,9,38,3,2,5,9,31,40,0,0,0,5,5,10,404,285,689,2021-10-31T23:00:00Z
13,316,Pag,481,425,906,58,24,82,30,9,39,7,6,13,57,45,102,0,0,0,11,5,16,644,514,1158,2021-10-31T23:00:00Z
13,317,Pakoštane,328,317,645,53,20,73,9,11,20,8,2,10,100,50,150,0,0,0,30,16,46,528,416,944,2021-10-31T23:00:00Z
13,320,Pašman,106,105,211,40,12,52,3,3,6,11,0,11,36,24,60,0,0,0,1,1,2,197,145,342,2021-10-31T23:00:00Z
13,344,Polača,107,65,172,16,5,21,4,2,6,3,0,3,12,15,27,0,0,0,1,2,3,143,89,232,2021-10-31T23:00:00Z
13,345,Poličnik,418,333,751,47,6,53,8,6,14,7,1,8,49,25,74,0,0,0,1,0,1,530,371,901,2021-10-31T23:00:00Z
13,349,Posedarje,137,186,323,31,11,42,5,8,13,11,1,12,32,36,68,0,0,0,2,2,4,218,244,462,2021-10-31T23:00:00Z
13,354,Preko,262,447,709,41,10,51,5,5,10,30,2,32,42,27,69,0,0,0,3,7,10,383,498,881,2021-10-31T23:00:00Z
13,371,Ražanac,86,97,183,25,7,32,6,9,15,14,1,15,25,12,37,0,0,0,4,1,5,160,127,287,2021-10-31T23:00:00Z
13,379,Sali,166,134,300,37,11,48,6,2,8,6,2,8,28,18,46,0,0,0,2,3,5,245,170,415,2021-10-31T23:00:00Z
13,411,Stankovci,233,164,397,26,4,30,5,4,9,0,1,1,31,17,48,0,0,0,0,2,2,295,192,487,2021-10-31T23:00:00Z
13,416,Starigrad,142,165,307,41,26,67,7,2,9,2,0,2,25,38,63,0,0,0,3,4,7,220,235,455,2021-10-31T23:00:00Z
13,425,Sukošan,372,277,649,57,18,75,10,3,13,4,1,5,57,53,110,0,0,0,1,7,8,501,359,860,2021-10-31T23:00:00Z
13,428,Sveti Filip I Jakov,211,336,547,40,20,60,8,2,10,12,3,15,40,45,85,0,0,0,1,2,3,312,408,720,2021-10-31T23:00:00Z
13,445,Škabrnje,67,74,141,27,3,30,3,1,4,3,1,4,13,7,20,0,0,0,1,1,2,114,87,201,2021-10-31T23:00:00Z
13,489,Vir,287,258,545,47,13,60,2,2,4,1,1,2,32,38,70,0,0,0,4,2,6,373,314,687,2021-10-31T23:00:00Z
13,520,Zadar,14738,15938,30676,1056,596,1652,48,29,77,691,218,909,1321,1469,2790,3,0,3,123,93,216,17980,18343,36323,2021-10-31T23:00:00Z
13,525,Zemunik Donji,101,164,265,17,7,24,2,2,4,0,0,0,27,9,36,0,0,0,30,44,74,177,226,403,2021-10-31T23:00:00Z
13,537,Novigrad,63,97,160,25,2,27,4,4,8,3,1,4,29,13,42,0,0,0,1,3,4,125,120,245,2021-10-31T23:00:00Z
13,571,Galovac,25,61,86,10,1,11,4,4,8,4,2,6,8,10,18,0,0,0,0,2,2,51,80,131,2021-10-31T23:00:00Z
13,572,Kukljica,40,42,82,16,2,18,1,0,1,4,1,5,29,8,37,0,0,0,1,0,1,91,53,144,2021-10-31T23:00:00Z
13,573,Povljana,43,29,72,17,3,20,5,3,8,4,0,4,5,6,11,0,0,0,1,1,2,75,42,117,2021-10-31T23:00:00Z
13,574,Privlaka,116,115,231,18,11,29,0,2,2,11,0,11,21,15,36,0,0,0,4,3,7,170,146,316,2021-10-31T23:00:00Z
13,575,Tkon,84,61,145,22,5,27,2,2,4,3,0,3,46,23,69,0,0,0,1,2,3,158,93,251,2021-10-31T23:00:00Z
13,622,Kolan,121,67,188,21,3,24,4,2,6,1,0,1,23,20,43,0,0,0,1,7,8,171,99,270,2021-10-31T23:00:00Z
13,625,Vrsi,93,55,148,14,5,19,6,3,9,15,0,15,28,24,52,0,0,0,5,1,6,161,88,249,2021-10-31T23:00:00Z
14,103,Đakovo,2815,2899,5714,490,213,703,198,91,289,30,41,71,722,582,1304,0,0,0,13,13,26,4268,3839,8107,2021-10-31T23:00:00Z
14,106,Đurđenovac,557,547,1104,42,12,54,20,15,35,0,7,7,71,48,119,0,0,0,3,0,3,693,629,1322,2021-10-31T23:00:00Z
14,110,Erdut,314,227,541,38,17,55,57,15,72,2,6,8,56,44,100,0,0,0,1,0,1,468,309,777,2021-10-31T23:00:00Z
14,111,Ernestinovo,70,193,263,6,2,8,27,9,36,2,1,3,6,11,17,0,0,0,1,0,1,112,216,328,2021-10-31T23:00:00Z
14,116,Feričanci,126,122,248,26,5,31,3,0,3,0,2,2,41,15,56,0,0,0,0,0,0,196,144,340,2021-10-31T23:00:00Z
14,124,Gorjani,131,146,277,18,4,22,16,8,24,0,0,0,12,5,17,0,0,0,0,0,0,177,163,340,2021-10-31T23:00:00Z
14,13,Beli Manastir,1113,1127,2240,77,41,118,53,33,86,8,12,20,119,103,222,0,0,0,3,2,5,1373,1318,2691,2021-10-31T23:00:00Z
14,16,Belišće,1673,643,2316,69,29,98,29,7,36,2,9,11,85,102,187,0,0,0,2,3,5,1860,793,2653,2021-10-31T23:00:00Z
14,195,Kneževi Vinogradi,221,292,513,33,7,40,37,6,43,1,2,3,62,73,135,0,0,0,0,0,0,354,380,734,2021-10-31T23:00:00Z
14,2,Antunovac,176,146,322,30,12,42,14,7,21,1,0,1,15,12,27,0,0,0,0,0,0,236,177,413,2021-10-31T23:00:00Z
14,205,Koška,187,159,346,26,5,31,29,8,37,2,4,6,35,27,62,0,0,0,2,0,2,281,203,484,2021-10-31T23:00:00Z
14,21,Bilje,302,326,628,45,22,67,19,12,31,2,5,7,53,46,99,0,0,0,0,1,1,421,412,833,2021-10-31T23:00:00Z
14,23,Bizovac,229,240,469,27,11,38,25,11,36,2,4,6,29,35,64,0,0,0,6,12,18,318,313,631,2021-10-31T23:00:00Z
14,230,Levanjska Varoš,39,54,93,3,2,5,11,8,19,0,0,0,2,4,6,0,0,0,0,1,1,55,69,124,2021-10-31T23:00:00Z
14,257,Marijanci,100,66,166,7,5,12,12,2,14,0,1,1,19,22,41,0,0,0,1,1,2,139,97,236,2021-10-31T23:00:00Z
14,271,Moslavina Podravska,26,44,70,4,2,6,17,6,23,0,0,0,11,12,23,0,0,0,0,0,0,58,64,122,2021-10-31T23:00:00Z
14,278,Našice,2196,1782,3978,174,83,257,57,23,80,22,35,57,289,227,516,0,0,0,7,4,11,2745,2154,4899,2021-10-31T23:00:00Z
14,312,Osijek,24029,22408,46437,925,659,1584,105,41,146,183,188,371,775,1147,1922,1,0,1,36,33,69,26054,24476,50530,2021-10-31T23:00:00Z
14,325,Petlovac,63,47,110,4,4,8,14,0,14,0,0,0,14,8,22,0,0,0,0,0,0,95,59,154,2021-10-31T23:00:00Z
14,327,Petrijevci,299,216,515,20,3,23,5,4,9,0,0,0,15,8,23,0,0,0,2,3,5,341,234,575,2021-10-31T23:00:00Z
14,340,Podgorač,105,121,226,26,7,33,27,5,32,1,3,4,24,35,59,0,0,0,0,0,0,183,171,354,2021-10-31T23:00:00Z
14,346,Popovac,51,61,112,2,3,5,5,6,11,0,0,0,6,7,13,0,0,0,0,0,0,64,77,141,2021-10-31T23:00:00Z
14,361,Punitovci,49,56,105,22,3,25,17,4,21,0,0,0,37,9,46,0,0,0,0,0,0,125,72,197,2021-10-31T23:00:00Z
14,381,Satnica Đakovačka,115,90,205,22,5,27,10,3,13,0,0,0,47,31,78,0,0,0,0,0,0,194,129,323,2021-10-31T23:00:00Z
14,386,Semeljci,247,204,451,47,17,64,56,26,82,1,1,2,76,41,117,0,0,0,0,1,1,427,290,717,2021-10-31T23:00:00Z
14,421,Strizivojna,320,298,618,19,8,27,19,3,22,0,0,0,21,12,33,0,0,0,1,1,2,380,322,702,2021-10-31T23:00:00Z
14,461,Trnava,53,57,110,7,3,10,13,7,20,0,0,0,13,3,16,0,0,0,0,0,0,86,70,156,2021-10-31T23:00:00Z
14,471,Valpovo,880,1070,1950,75,56,131,48,18,66,14,27,41,84,103,187,0,0,0,8,8,16,1109,1282,2391,2021-10-31T23:00:00Z
14,485,Viljevo,40,72,112,11,0,11,25,5,30,0,1,1,17,9,26,0,0,0,0,1,1,93,88,181,2021-10-31T23:00:00Z
14,494,Viškovci,220,219,439,25,6,31,17,5,22,0,0,0,21,7,28,0,0,0,1,0,1,284,237,521,2021-10-31T23:00:00Z
14,517,Vuka,43,61,104,16,2,18,15,4,19,0,0,0,19,10,29,0,0,0,0,0,0,93,77,170,2021-10-31T23:00:00Z
14,576,Donja Motičina,24,62,86,9,3,12,1,1,2,0,0,0,15,7,22,0,0,0,0,0,0,49,73,122,2021-10-31T23:00:00Z
14,578,Magadenovac,103,117,220,5,2,7,30,10,40,0,1,1,20,22,42,0,0,0,1,0,1,159,152,311,2021-10-31T23:00:00Z
14,579,Vladislavci,134,122,256,3,0,3,8,4,12,0,0,0,7,5,12,0,0,0,0,0,0,152,131,283,2021-10-31T23:00:00Z
14,609,Jagodnjak,135,79,214,7,2,9,23,6,29,0,0,0,10,3,13,0,0,0,0,0,0,175,90,265,2021-10-31T23:00:00Z
14,614,Šodolovci,23,35,58,0,0,0,0,0,0,0,0,0,9,4,13,0,0,0,0,0,0,32,39,71,2021-10-31T23:00:00Z
14,64,Čeminac,68,95,163,11,0,11,5,2,7,0,0,0,18,8,26,0,0,0,0,0,0,102,105,207,2021-10-31T23:00:00Z
14,65,Čepin,685,473,1158,98,31,129,51,26,77,4,6,10,135,100,235,0,0,0,2,5,7,975,641,1616,2021-10-31T23:00:00Z
14,66,Darda,1801,936,2737,56,29,85,37,5,42,2,4,6,61,54,115,0,0,0,1,2,3,1958,1030,2988,2021-10-31T23:00:00Z
14,86,Donji Miholjac,1187,986,2173,91,51,142,158,37,195,4,16,20,155,117,272,0,0,0,0,2,2,1595,1209,2804,2021-10-31T23:00:00Z
14,91,Draž,81,125,206,10,3,13,16,7,23,0,0,0,9,11,20,0,0,0,0,1,1,116,147,263,2021-10-31T23:00:00Z
14,94,Drenje,100,133,233,33,7,40,50,18,68,0,1,1,16,21,37,0,0,0,0,0,0,199,180,379,2021-10-31T23:00:00Z
15,113,Ervenik,39,48,87,1,0,1,4,1,5,0,0,0,3,1,4,0,0,0,0,0,0,47,50,97,2021-10-31T23:00:00Z
15,183,Kijevo,33,32,65,2,0,2,0,0,0,0,0,0,0,0,0,0,0,0,0,0,0,35,32,67,2021-10-31T23:00:00Z
15,184,Kistanje,63,77,140,16,5,21,1,1,2,1,0,1,13,9,22,0,0,0,0,0,0,94,92,186,2021-10-31T23:00:00Z
15,196,Knin,1538,1460,2998,129,69,198,58,14,72,33,5,38,126,150,276,0,0,0,3,3,6,1887,1701,3588,2021-10-31T23:00:00Z
15,298,Promina,108,91,199,1,1,2,1,2,3,0,0,0,1,1,2,0,0,0,0,0,0,111,95,206,2021-10-31T23:00:00Z
15,310,Biskupija,103,29,132,2,0,2,2,1,3,1,0,1,0,0,0,0,0,0,0,0,0,108,30,138,2021-10-31T23:00:00Z
15,357,Primošten,280,302,582,75,21,96,5,2,7,8,0,8,48,31,79,0,1,1,1,1,2,417,358,775,2021-10-31T23:00:00Z
15,377,Ružić,31,43,74,4,1,5,6,6,12,0,0,0,2,7,9,0,0,0,0,0,0,43,57,100,2021-10-31T23:00:00Z
15,394,Skradin,115,167,282,44,13,57,21,8,29,2,2,4,25,29,54,0,0,0,1,1,2,208,220,428,2021-10-31T23:00:00Z
15,444,Šibenik,7811,8290,16101,632,337,969,39,17,56,185,95,280,599,676,1275,0,0,0,20,31,51,9286,9446,18732,2021-10-31T23:00:00Z
15,454,Tisno,317,256,573,99,28,127,4,0,4,6,3,9,57,46,103,0,0,0,1,2,3,484,335,819,2021-10-31T23:00:00Z
15,469,Unešić,45,66,111,9,0,9,4,1,5,1,0,1,19,5,24,0,0,0,0,0,0,78,72,150,2021-10-31T23:00:00Z
15,500,Vodice,862,1028,1890,250,89,339,14,4,18,11,8,19,237,146,383,0,0,0,10,21,31,1384,1296,2680,2021-10-31T23:00:00Z
15,51,Civljane,51,9,60,1,1,2,0,0,0,0,0,0,3,3,6,0,0,0,0,0,0,55,13,68,2021-10-31T23:00:00Z
15,581,Pirovac,137,153,290,29,14,43,6,2,8,3,2,5,51,34,85,0,0,0,0,0,0,226,205,431,2021-10-31T23:00:00Z
15,582,Rogoznica,240,228,468,49,12,61,2,1,3,7,1,8,39,46,85,0,0,0,0,1,1,337,289,626,2021-10-31T23:00:00Z
15,617,Murter,260,270,530,50,25,75,5,1,6,17,3,20,61,45,106,0,0,0,5,4,9,398,348,746,2021-10-31T23:00:00Z
15,621,Bilice,75,43,118,22,6,28,0,0,0,7,0,7,19,12,31,0,0,0,0,0,0,123,61,184,2021-10-31T23:00:00Z
15,626,Tribunj,81,89,170,19,10,29,1,0,1,5,0,5,59,28,87,0,0,0,1,1,2,166,128,294,2021-10-31T23:00:00Z
15,95,Drniš,916,616,1532,71,52,123,52,21,73,7,6,13,92,89,181,0,0,0,1,1,2,1139,785,1924,2021-10-31T23:00:00Z
16,1,Andrijaševci,72,124,196,28,12,40,13,5,18,2,1,3,35,33,68,0,0,0,0,3,3,150,178,328,2021-10-31T23:00:00Z
16,137,Gradište,98,95,193,16,4,20,33,5,38,0,1,1,12,16,28,0,0,0,0,1,1,159,122,281,2021-10-31T23:00:00Z
16,141,Gunja,196,115,311,29,10,39,40,15,55,2,1,3,38,8,46,0,0,0,1,3,4,306,152,458,2021-10-31T23:00:00Z
16,154,Ilok,453,529,982,66,23,89,49,18,67,1,3,4,106,90,196,0,0,0,0,3,3,675,666,1341,2021-10-31T23:00:00Z
16,159,Ivankovo,328,395,723,72,30,102,52,14,66,2,4,6,129,73,202,0,0,0,2,2,4,585,518,1103,2021-10-31T23:00:00Z
16,166,Jarmina,30,79,109,13,7,20,25,10,35,0,1,1,24,13,37,0,0,0,0,4,4,92,114,206,2021-10-31T23:00:00Z
16,239,Lovas,58,61,119,6,0,6,14,0,14,1,0,1,4,6,10,0,0,0,0,0,0,83,67,150,2021-10-31T23:00:00Z
16,26,Bogdanovci,28,19,47,3,0,3,7,4,11,0,0,0,19,5,24,0,0,0,0,0,0,57,28,85,2021-10-31T23:00:00Z
16,29,Borovo,69,104,173,45,14,59,28,5,33,2,3,5,64,72,136,0,0,0,3,1,4,211,199,410,2021-10-31T23:00:00Z
16,294,Nuštar,233,316,549,35,19,54,26,7,33,2,2,4,39,32,71,0,0,0,1,2,3,336,378,714,2021-10-31T23:00:00Z
16,295,Nijemci,202,200,402,23,7,30,87,26,113,1,1,2,47,28,75,0,0,0,1,2,3,361,264,625,2021-10-31T23:00:00Z
16,3,Babina Greda,131,134,265,29,14,43,78,28,106,3,0,3,30,41,71,0,0,0,0,1,1,271,218,489,2021-10-31T23:00:00Z
16,32,Bošnjaci,121,127,248,23,6,29,37,7,44,3,0,3,35,31,66,0,0,0,0,0,0,219,171,390,2021-10-31T23:00:00Z
16,414,Stari Jankovci,135,119,254,21,4,25,39,8,47,1,0,1,33,14,47,0,0,0,0,1,1,229,146,375,2021-10-31T23:00:00Z
16,415,Stari Mikanovci,99,123,222,17,11,28,22,12,34,2,1,3,30,38,68,0,0,0,0,0,0,170,185,355,2021-10-31T23:00:00Z
16,44,Cerna,417,214,631,37,20,57,48,17,65,2,1,3,80,66,146,0,0,0,1,0,1,585,318,903,2021-10-31T23:00:00Z
16,456,Tompojevci,20,42,62,15,4,19,37,13,50,0,0,0,17,10,27,0,0,0,0,0,0,89,69,158,2021-10-31T23:00:00Z
16,458,Tordinci,97,95,192,7,2,9,11,0,11,1,0,1,9,9,18,0,0,0,0,0,0,125,106,231,2021-10-31T23:00:00Z
16,459,Tovarnik,149,134,283,20,3,23,48,22,70,1,2,3,10,19,29,0,0,0,0,2,2,228,182,410,2021-10-31T23:00:00Z
16,464,Trpinja,107,190,297,24,7,31,81,13,94,2,0,2,35,22,57,0,0,0,0,0,0,249,232,481,2021-10-31T23:00:00Z
16,487,Vinkovci,8147,6432,14579,296,183,479,45,23,68,58,53,111,467,659,1126,1,0,1,12,13,25,9026,7363,16389,2021-10-31T23:00:00Z
16,505,Vrbanja,284,124,408,27,12,39,65,17,82,2,1,3,29,30,59,0,0,0,0,0,0,407,184,591,2021-10-31T23:00:00Z
16,518,Vukovar,4378,4670,9048,290,148,438,93,41,134,28,34,62,433,399,832,0,0,0,8,9,17,5230,5301,10531,2021-10-31T23:00:00Z
16,534,Županja,2091,1534,3625,138,54,192,39,11,50,20,21,41,179,198,377,1,0,1,5,7,12,2473,1825,4298,2021-10-31T23:00:00Z
16,535,Otok (Vinkovci),401,277,678,38,19,57,62,13,75,8,1,9,70,59,129,0,0,0,2,2,4,581,371,952,2021-10-31T23:00:00Z
16,583,Privlaka,100,91,191,16,5,21,22,9,31,0,2,2,15,25,40,0,0,0,0,0,0,153,132,285,2021-10-31T23:00:00Z
16,584,Vođinci,43,157,200,14,2,16,7,5,12,0,1,1,18,11,29,0,0,0,0,1,1,82,177,259,2021-10-31T23:00:00Z
16,610,Markušica,41,50,91,10,4,14,54,14,68,0,1,1,9,14,23,0,0,0,1,1,2,115,84,199,2021-10-31T23:00:00Z
16,612,Negoslavci,26,12,38,5,1,6,12,2,14,1,0,1,16,14,30,0,0,0,0,0,0,60,29,89,2021-10-31T23:00:00Z
16,628,Štitar,80,73,153,6,0,6,13,4,17,0,1,1,11,8,19,0,0,0,0,0,0,110,86,196,2021-10-31T23:00:00Z
16,92,Drenovci,115,161,276,40,5,45,104,36,140,2,0,2,48,39,87,0,0,0,0,1,1,309,242,551,2021-10-31T23:00:00Z
17,100,Dugi Rat,526,586,1112,78,32,110,1,2,3,25,3,28,141,96,237,0,0,0,8,10,18,779,729,1508,2021-10-31T23:00:00Z
17,134,Gradac,134,170,304,38,15,53,5,1,6,3,2,5,20,25,45,0,0,0,8,13,21,208,226,434,2021-10-31T23:00:00Z
17,148,Hrvace,293,213,506,38,16,54,6,7,13,2,3,5,46,41,87,0,0,0,1,2,3,386,282,668,2021-10-31T23:00:00Z
17,153,Hvar,533,544,1077,170,61,231,15,10,25,18,7,25,135,118,253,2,0,2,24,33,57,897,773,1670,2021-10-31T23:00:00Z
17,155,Imotski,1358,1375,2733,165,94,259,13,8,21,31,14,45,128,178,306,0,0,0,10,13,23,1705,1682,3387,2021-10-31T23:00:00Z
17,171,Jelsa,305,315,620,85,25,110,31,11,42,11,0,11,104,54,158,0,0,0,9,4,13,545,409,954,2021-10-31T23:00:00Z
17,181,Kaštela,3354,3749,7103,482,238,720,22,14,36,147,38,185,522,538,1060,0,0,0,79,39,118,4606,4616,9222,2021-10-31T23:00:00Z
17,192,Klis,245,194,439,34,7,41,7,4,11,18,2,20,53,30,83,0,0,0,0,2,2,357,239,596,2021-10-31T23:00:00Z
17,197,Komiža,124,130,254,57,12,69,4,1,5,2,2,4,27,27,54,0,0,0,5,14,19,219,186,405,2021-10-31T23:00:00Z
17,243,Lovreć,127,100,227,16,9,25,4,0,4,2,0,2,25,13,38,0,0,0,2,2,4,176,124,300,2021-10-31T23:00:00Z
17,249,Makarska,2387,2361,4748,263,159,422,2,2,4,50,29,79,341,350,691,0,0,0,38,56,94,3081,2957,6038,2021-10-31T23:00:00Z
17,258,Marina,206,252,458,55,24,79,7,6,13,17,0,17,41,45,86,1,0,1,3,1,4,330,328,658,2021-10-31T23:00:00Z
17,267,Milna,72,77,149,22,5,27,5,1,6,5,0,5,18,22,40,0,0,0,4,4,8,126,109,235,2021-10-31T23:00:00Z
17,27,Bol,296,377,673,45,15,60,5,2,7,4,2,6,55,23,78,0,0,0,3,4,7,408,423,831,2021-10-31T23:00:00Z
17,280,Nerežišća,153,55,208,18,2,20,4,2,6,2,0,2,28,14,42,0,0,0,1,0,1,206,73,279,2021-10-31T23:00:00Z
17,300,Omiš,1472,1677,3149,215,83,298,12,5,17,40,18,58,312,288,600,0,0,0,9,18,27,2060,2089,4149,2021-10-31T23:00:00Z
17,314,Otok,193,247,440,49,19,68,11,0,11,3,1,4,74,50,124,0,0,0,0,1,1,330,318,648,2021-10-31T23:00:00Z
17,337,Podbablje,278,180,458,34,3,37,4,0,4,2,1,3,17,34,51,0,0,0,1,3,4,336,221,557,2021-10-31T23:00:00Z
17,339,Podgora,236,182,418,44,10,54,0,1,1,1,0,1,31,24,55,0,0,0,17,10,27,329,227,556,2021-10-31T23:00:00Z
17,341,Podstrana,811,690,1501,65,22,87,16,4,20,41,3,44,65,91,156,1,0,1,2,3,5,1001,813,1814,2021-10-31T23:00:00Z
17,350,Postira,258,228,486,33,16,49,10,3,13,0,3,3,10,13,23,0,0,0,3,1,4,314,264,578,2021-10-31T23:00:00Z
17,358,Pučišća,223,135,358,46,7,53,8,6,14,7,0,7,33,16,49,0,0,0,4,1,5,321,165,486,2021-10-31T23:00:00Z
17,382,Seget,457,364,821,33,6,39,8,3,11,7,2,9,164,73,237,0,0,0,5,5,10,674,453,1127,2021-10-31T23:00:00Z
17,383,Selca,147,118,265,45,14,59,10,3,13,5,1,6,69,27,96,0,0,0,0,3,3,276,166,442,2021-10-31T23:00:00Z
17,389,Sinj,1902,2069,3971,276,146,422,56,18,74,42,44,86,314,389,703,0,0,0,12,18,30,2602,2684,5286,2021-10-31T23:00:00Z
17,406,Solin,3639,3096,6735,261,139,400,11,6,17,137,38,175,302,317,619,0,0,0,14,7,21,4364,3603,7967,2021-10-31T23:00:00Z
17,409,Split,34982,38335,73317,1555,1107,2662,63,42,105,2219,441,2660,1512,2212,3724,4,1,5,159,175,334,40494,42313,82807,2021-10-31T23:00:00Z
17,413,Stari Grad,337,317,654,66,19,85,21,12,33,4,5,9,38,32,70,0,0,0,11,9,20,477,394,871,2021-10-31T23:00:00Z
17,423,Sućuraj,23,22,45,22,2,24,3,2,5,1,0,1,9,7,16,0,0,0,0,1,1,58,34,92,2021-10-31T23:00:00Z
17,427,Supetar,610,775,1385,108,61,169,18,7,25,19,8,27,117,122,239,0,0,0,8,4,12,880,977,1857,2021-10-31T23:00:00Z
17,443,Šestanovac,124,154,278,30,5,35,9,1,10,1,2,3,21,22,43,0,0,0,3,0,3,188,184,372,2021-10-31T23:00:00Z
17,447,Šolta,175,118,293,14,5,19,9,2,11,11,0,11,7,15,22,0,0,0,9,7,16,225,147,372,2021-10-31T23:00:00Z
17,460,Trilj,503,598,1101,119,30,149,17,7,24,15,2,17,98,135,233,0,0,0,0,6,6,752,778,1530,2021-10-31T23:00:00Z
17,463,Trogir,1744,1817,3561,321,139,460,14,3,17,63,37,100,285,412,697,0,0,0,25,26,51,2452,2434,4886,2021-10-31T23:00:00Z
17,492,Vis,232,257,489,40,14,54,16,3,19,8,2,10,35,27,62,0,0,0,12,11,23,343,314,657,2021-10-31T23:00:00Z
17,50,Cista Provo,127,161,288,25,3,28,7,0,7,0,0,0,5,9,14,0,0,0,1,2,3,165,175,340,2021-10-31T23:00:00Z
17,511,Vrgorac,938,703,1641,54,24,78,25,15,40,5,6,11,53,85,138,0,0,0,0,2,2,1075,835,1910,2021-10-31T23:00:00Z
17,513,Vrlika,92,222,314,15,4,19,13,5,18,1,0,1,24,4,28,0,0,0,1,0,1,146,235,381,2021-10-31T23:00:00Z
17,522,Zagvozd,140,84,224,14,2,16,2,0,2,1,0,1,12,8,20,0,0,0,0,0,0,169,94,263,2021-10-31T23:00:00Z
17,528,Zmijavci,91,123,214,6,3,9,1,1,2,2,0,2,29,12,41,0,0,0,1,1,2,130,140,270,2021-10-31T23:00:00Z
17,585,Dugopolje,1467,769,2236,38,10,48,5,4,9,13,1,14,65,51,116,0,0,0,0,0,0,1588,835,2423,2021-10-31T23:00:00Z
17,586,Lećevica,12,40,52,5,0,5,0,1,1,0,0,0,2,0,2,0,0,0,1,0,1,20,41,61,2021-10-31T23:00:00Z
17,587,Lokvičići,33,27,60,1,0,1,2,0,2,0,0,0,2,2,4,0,0,0,1,0,1,39,29,68,2021-10-31T23:00:00Z
17,588,Okrug,148,199,347,28,7,35,1,0,1,8,5,13,96,37,133,0,0,0,4,12,16,285,260,545,2021-10-31T23:00:00Z
17,589,Prgomet,33,36,69,7,0,7,1,1,2,1,0,1,4,2,6,0,0,0,0,0,0,46,39,85,2021-10-31T23:00:00Z
17,590,Primorski Dolac,14,59,73,5,1,6,1,2,3,0,1,1,2,3,5,0,0,0,0,0,0,22,66,88,2021-10-31T23:00:00Z
17,591,Runovići,68,65,133,10,2,12,0,1,1,0,2,2,28,39,67,0,0,0,0,1,1,106,110,216,2021-10-31T23:00:00Z
17,592,Sutivan,87,67,154,11,5,16,4,1,5,7,0,7,27,11,38,0,0,0,3,2,5,139,86,225,2021-10-31T23:00:00Z
17,593,Tučepi,238,250,488,22,12,34,0,1,1,3,3,6,30,21,51,0,0,0,2,1,3,295,288,583,2021-10-31T23:00:00Z
17,595,Zadvarje,25,22,47,7,1,8,1,1,2,0,0,0,11,5,16,0,0,0,0,2,2,44,31,75,2021-10-31T23:00:00Z
17,72,Dicmo,415,194,609,34,17,51,4,3,7,2,1,3,31,43,74,0,0,0,0,2,2,486,260,746,2021-10-31T23:00:00Z
17,77,Brela,228,249,477,23,10,33,0,1,1,1,1,2,17,21,38,0,0,0,3,4,7,272,286,558,2021-10-31T23:00:00Z
17,87,Muć,188,196,384,19,3,22,1,4,5,4,4,8,14,12,26,0,0,0,1,1,2,227,220,447,2021-10-31T23:00:00Z
17,88,Proložac,204,203,407,15,4,19,2,4,6,0,0,0,33,20,53,0,0,0,3,2,5,257,233,490,2021-10-31T23:00:00Z
17,9,Baška Voda,207,231,438,54,20,74,1,0,1,6,1,7,57,48,105,0,0,0,7,24,31,332,324,656,2021-10-31T23:00:00Z
18,132,Gračišće,40,27,67,28,4,32,11,3,14,0,0,0,37,11,48,0,0,0,0,0,0,116,45,161,2021-10-31T23:00:00Z
18,138,Grožnjan,24,21,45,15,2,17,13,5,18,0,0,0,13,12,25,0,0,0,0,3,3,65,43,108,2021-10-31T23:00:00Z
18,175,Kanfanar,512,201,713,28,6,34,4,0,4,1,0,1,21,20,41,0,0,0,2,3,5,568,230,798,2021-10-31T23:00:00Z
18,217,Kršan,312,291,603,51,15,66,7,4,11,3,0,3,113,57,170,0,0,0,1,3,4,487,370,857,2021-10-31T23:00:00Z
18,222,Labin,2609,2437,5046,255,120,375,17,10,27,24,37,61,282,228,510,0,0,0,32,21,53,3219,2853,6072,2021-10-31T23:00:00Z
18,223,Lanišće,13,17,30,4,0,4,2,0,2,0,0,0,7,2,9,0,0,0,1,1,2,27,20,47,2021-10-31T23:00:00Z
18,235,Ližnjan,137,108,245,10,3,13,2,0,2,2,0,2,22,34,56,0,0,0,7,20,27,180,165,345,2021-10-31T23:00:00Z
18,246,Lupoglav,192,84,276,11,4,15,6,2,8,0,1,1,15,12,27,0,0,0,1,0,1,225,103,328,2021-10-31T23:00:00Z
18,254,Marčana,161,196,357,38,13,51,4,2,6,5,1,6,48,21,69,0,0,0,1,1,2,257,234,491,2021-10-31T23:00:00Z
18,263,Medulin,589,566,1155,68,33,101,6,2,8,11,6,17,86,111,197,0,0,0,11,12,23,771,730,1501,2021-10-31T23:00:00Z
18,274,Motovun,99,115,214,36,13,49,20,5,25,0,1,1,41,30,71,0,0,0,2,3,5,198,167,365,2021-10-31T23:00:00Z
18,291,Novigrad,837,957,1794,118,47,165,17,3,20,3,9,12,125,106,231,0,0,0,6,26,32,1106,1148,2254,2021-10-31T23:00:00Z
18,304,Oprtalj,66,84,150,12,6,18,13,1,14,0,0,0,11,13,24,0,0,0,3,2,5,105,106,211,2021-10-31T23:00:00Z
18,321,Pazin,1975,1965,3940,302,120,422,54,25,79,17,23,40,317,207,524,0,0,0,6,12,18,2671,2352,5023,2021-10-31T23:00:00Z
18,330,Pićan,353,164,517,32,8,40,2,5,7,1,1,2,52,17,69,0,0,0,1,1,2,441,196,637,2021-10-31T23:00:00Z
18,348,Poreč,4604,4566,9170,605,303,908,47,20,67,61,49,110,519,438,957,0,0,0,60,69,129,5896,5445,11341,2021-10-31T23:00:00Z
18,359,Pula,12821,12640,25461,1226,655,1881,63,43,106,277,171,448,914,1082,1996,0,0,0,101,63,164,15402,14654,30056,2021-10-31T23:00:00Z
18,368,Raša,274,148,422,29,8,37,1,0,1,4,1,5,42,26,68,0,0,0,2,1,3,352,184,536,2021-10-31T23:00:00Z
18,374,Rovinj,2948,3150,6098,385,209,594,30,12,42,29,35,64,426,342,768,0,0,0,28,75,103,3846,3823,7669,2021-10-31T23:00:00Z
18,40,Brtonigla,130,97,227,42,13,55,23,9,32,1,1,2,41,46,87,0,0,0,1,2,3,238,168,406,2021-10-31T23:00:00Z
18,42,Buje,780,758,1538,96,47,143,28,12,40,7,9,16,58,62,120,0,0,0,4,5,9,973,893,1866,2021-10-31T23:00:00Z
18,43,Buzet,1503,1044,2547,171,68,239,21,15,36,5,4,9,122,117,239,0,0,0,7,9,16,1829,1257,3086,2021-10-31T23:00:00Z
18,431,Sveti Lovreč,53,51,104,20,8,28,3,0,3,0,1,1,40,22,62,0,0,0,0,0,0,116,82,198,2021-10-31T23:00:00Z
18,432,Sveta Nedelja,144,145,289,27,7,34,8,3,11,5,0,5,41,18,59,0,0,0,6,2,8,231,175,406,2021-10-31T23:00:00Z
18,433,Sveti Petar U Šumi,161,107,268,21,5,26,2,3,5,0,0,0,15,3,18,0,0,0,1,1,2,200,119,319,2021-10-31T23:00:00Z
18,435,Svetvinčenat,127,109,236,20,6,26,1,0,1,1,1,2,23,19,42,0,0,0,0,0,0,172,135,307,2021-10-31T23:00:00Z
18,453,Tinjan,185,104,289,40,8,48,5,1,6,1,3,4,58,27,85,0,0,0,1,1,2,290,144,434,2021-10-31T23:00:00Z
18,468,Umag,2594,2243,4837,370,159,529,31,16,47,33,33,66,297,286,583,0,0,0,18,37,55,3343,2774,6117,2021-10-31T23:00:00Z
18,47,Cerovlje,104,49,153,36,3,39,4,4,8,0,0,0,26,16,42,0,0,0,0,2,2,170,74,244,2021-10-31T23:00:00Z
18,497,Višnjan,263,243,506,43,11,54,10,3,13,2,1,3,98,35,133,0,0,0,3,1,4,419,294,713,2021-10-31T23:00:00Z
18,498,Vižinada,72,49,121,25,5,30,15,5,20,1,0,1,30,25,55,0,0,0,1,2,3,144,86,230,2021-10-31T23:00:00Z
18,5,Bale,124,108,232,21,17,38,2,2,4,0,0,0,37,12,49,0,0,0,1,1,2,185,140,325,2021-10-31T23:00:00Z
18,502,Vodnjan,777,587,1364,48,22,70,9,3,12,8,3,11,85,52,137,0,1,1,0,0,0,927,668,1595,2021-10-31T23:00:00Z
18,516,Vrsar,314,329,643,80,28,108,3,1,4,7,1,8,86,87,173,0,0,0,14,12,26,504,458,962,2021-10-31T23:00:00Z
18,531,Žminj,456,421,877,98,46,144,12,4,16,1,5,6,95,76,171,0,0,0,3,1,4,665,553,1218,2021-10-31T23:00:00Z
18,596,Karojba,106,71,177,31,6,37,2,2,4,0,0,0,47,10,57,0,1,1,0,0,0,186,90,276,2021-10-31T23:00:00Z
18,597,Kaštelir - Labinci,169,86,255,33,13,46,7,3,10,1,0,1,47,15,62,0,0,0,3,4,7,260,121,381,2021-10-31T23:00:00Z
18,6,Barban,246,103,349,39,6,45,10,5,15,1,1,2,25,24,49,0,0,0,2,1,3,323,140,463,2021-10-31T23:00:00Z
18,619,Fažana,283,243,526,25,14,39,1,1,2,4,3,7,34,20,54,0,0,0,1,3,4,348,284,632,2021-10-31T23:00:00Z
18,629,Funtana,110,103,213,14,8,22,1,1,2,0,0,0,20,28,48,0,0,0,3,5,8,148,145,293,2021-10-31T23:00:00Z
18,631,Tar-Vabriga,146,219,365,38,16,54,3,0,3,0,0,0,38,31,69,0,0,0,1,5,6,226,271,497,2021-10-31T23:00:00Z
19,198,Konavle,1203,883,2086,198,68,266,18,9,27,28,7,35,68,92,160,0,0,0,10,17,27,1525,1076,2601,2021-10-31T23:00:00Z
19,204,Korčula,646,849,1495,117,51,168,15,6,21,115,10,125,83,89,172,0,0,0,39,29,68,1015,1034,2049,2021-10-31T23:00:00Z
19,219,Kula Norinska,47,50,97,11,1,12,2,0,2,0,0,0,6,7,13,0,0,0,0,0,0,66,58,124,2021-10-31T23:00:00Z
19,226,Lastovo,62,94,156,22,8,30,2,1,3,5,0,5,4,7,11,0,0,0,3,5,8,98,115,213,2021-10-31T23:00:00Z
19,25,Blato,564,410,974,62,20,82,18,5,23,10,7,17,173,49,222,0,0,0,8,2,10,835,493,1328,2021-10-31T23:00:00Z
19,264,Metković,2062,1728,3790,187,110,297,31,19,50,46,18,64,304,253,557,0,0,0,7,12,19,2637,2140,4777,2021-10-31T23:00:00Z
19,268,Mljet,179,96,275,15,7,22,3,0,3,6,2,8,7,10,17,0,0,0,3,3,6,213,118,331,2021-10-31T23:00:00Z
19,306,Opuzen,482,434,916,30,18,48,46,21,67,5,1,6,34,51,85,0,0,0,0,1,1,597,526,1123,2021-10-31T23:00:00Z
19,308,Orebić,394,379,773,68,40,108,31,8,39,38,7,45,77,66,143,0,0,0,8,25,33,616,525,1141,2021-10-31T23:00:00Z
19,335,Ploče,1341,907,2248,82,43,125,22,5,27,30,6,36,94,132,226,0,0,0,2,1,3,1571,1094,2665,2021-10-31T23:00:00Z
19,343,Pojezerje,22,39,61,4,2,6,8,0,8,0,0,0,2,4,6,0,0,0,0,0,0,36,45,81,2021-10-31T23:00:00Z
19,399,Slivno,322,48,370,11,6,17,17,7,24,2,0,2,4,10,14,0,0,0,1,0,1,357,71,428,2021-10-31T23:00:00Z
19,402,Smokvica,26,68,94,12,3,15,15,4,19,6,0,6,31,7,38,0,0,0,4,1,5,94,83,177,2021-10-31T23:00:00Z
19,419,Ston,525,228,753,53,11,64,22,5,27,9,1,10,43,22,65,0,0,0,2,5,7,654,272,926,2021-10-31T23:00:00Z
19,474,Vela Luka,280,514,794,54,20,74,9,2,11,39,3,42,85,48,133,0,0,0,6,10,16,473,597,1070,2021-10-31T23:00:00Z
19,523,Zažablje,13,12,25,4,0,4,4,2,6,1,0,1,12,3,15,0,0,0,0,0,0,34,17,51,2021-10-31T23:00:00Z
19,598,Dubrovačko Primorje,144,105,249,24,5,29,5,6,11,10,2,12,40,21,61,0,0,0,3,4,7,226,143,369,2021-10-31T23:00:00Z
19,599,Janjina,109,58,167,10,4,14,9,2,11,1,1,2,6,9,15,0,0,0,3,1,4,138,75,213,2021-10-31T23:00:00Z
19,600,Lumbarda,46,53,99,35,13,48,8,2,10,6,1,7,18,13,31,0,0,0,9,7,16,122,89,211,2021-10-31T23:00:00Z
19,601,Trpanj,55,47,102,12,4,16,2,2,4,5,1,6,19,8,27,0,0,0,2,1,3,95,63,158,2021-10-31T23:00:00Z
19,602,Župa Dubrovačka,672,671,1343,114,58,172,5,4,9,64,3,67,72,75,147,0,0,0,5,4,9,932,815,1747,2021-10-31T23:00:00Z
19,98,Dubrovnik,9740,10441,20181,739,385,1124,31,16,47,532,75,607,475,596,1071,0,0,0,79,108,187,11596,11621,23217,2021-10-31T23:00:00Z
20,123,Goričan,318,159,477,8,4,12,8,2,10,0,2,2,11,11,22,0,0,0,0,0,0,345,178,523,2021-10-31T23:00:00Z
20,15,Belica,206,214,420,29,16,45,59,38,97,1,1,2,28,38,66,0,0,0,1,1,2,324,308,632,2021-10-31T23:00:00Z
20,206,Kotoriba,496,268,764,9,4,13,6,0,6,0,5,5,14,17,31,0,0,0,0,0,0,525,294,819,2021-10-31T23:00:00Z
20,250,Mala Subotica,486,1016,1502,26,19,45,34,16,50,2,5,7,41,33,74,0,0,0,0,4,4,589,1093,1682,2021-10-31T23:00:00Z
20,276,Mursko Središće,779,768,1547,48,25,73,18,7,25,2,7,9,50,54,104,0,0,0,1,1,2,898,862,1760,2021-10-31T23:00:00Z
20,279,Nedelišće,1394,820,2214,95,42,137,41,20,61,1,6,7,146,70,216,0,0,0,0,4,4,1677,962,2639,2021-10-31T23:00:00Z
20,342,Podturen,201,113,314,21,8,29,17,14,31,1,2,3,48,31,79,0,0,0,0,3,3,288,171,459,2021-10-31T23:00:00Z
20,355,Prelog,2407,1677,4084,67,18,85,48,32,80,9,10,19,70,63,133,0,0,0,3,7,10,2604,1807,4411,2021-10-31T23:00:00Z
20,385,Selnica,144,152,296,10,11,21,8,5,13,1,1,2,17,17,34,0,0,0,0,0,0,180,186,366,2021-10-31T23:00:00Z
20,440,Sveti Juraj Na Bregu,266,184,450,30,15,45,13,9,22,1,2,3,48,62,110,0,0,0,0,0,0,358,272,630,2021-10-31T23:00:00Z
20,441,Sveti Martin Na Muri,564,352,916,13,9,22,12,4,16,0,3,3,32,38,70,0,0,0,1,0,1,622,406,1028,2021-10-31T23:00:00Z
20,452,Štrigova,327,203,530,28,11,39,38,23,61,2,1,3,71,68,139,0,0,0,1,2,3,467,308,775,2021-10-31T23:00:00Z
20,504,Vratišinec,154,103,257,8,4,12,11,3,14,1,1,2,7,6,13,0,0,0,1,2,3,182,119,301,2021-10-31T23:00:00Z
20,60,Čakovec,9768,8927,18695,278,135,413,63,24,87,37,61,98,299,357,656,0,0,0,6,15,21,10451,9519,19970,2021-10-31T23:00:00Z
20,603,Dekanovec,98,76,174,5,2,7,6,5,11,0,1,1,5,2,7,0,0,0,0,1,1,114,87,201,2021-10-31T23:00:00Z
20,604,Gornji Mihaljevec,131,59,190,11,2,13,23,9,32,2,2,4,23,13,36,0,0,0,1,0,1,191,85,276,2021-10-31T23:00:00Z
20,605,Orehovica,91,140,231,16,3,19,30,11,41,1,2,3,44,20,64,0,0,0,0,2,2,182,178,360,2021-10-31T23:00:00Z
20,606,Strahoninec,263,165,428,12,5,17,3,1,4,0,1,1,39,14,53,0,0,0,0,2,2,317,188,505,2021-10-31T23:00:00Z
20,607,Sveta Marija,69,90,159,12,5,17,6,0,6,1,1,2,27,7,34,0,0,0,0,1,1,115,104,219,2021-10-31T23:00:00Z
20,608,Šenkovec,556,261,817,20,12,32,2,1,3,0,1,1,28,28,56,0,0,0,2,2,4,608,305,913,2021-10-31T23:00:00Z
20,620,Pribislavec,428,213,641,11,5,16,3,1,4,2,1,3,11,10,21,0,0,0,0,0,0,455,230,685,2021-10-31T23:00:00Z
20,75,Domašinec,251,107,358,8,11,19,20,16,36,0,1,1,18,13,31,0,0,0,2,2,4,299,150,449,2021-10-31T23:00:00Z
20,78,Donja Dubrava,187,219,406,13,7,20,6,3,9,0,1,1,13,10,23,0,0,0,0,0,0,219,240,459,2021-10-31T23:00:00Z
20,82,Donji Kraljevec,1352,651,2003,42,11,53,50,19,69,3,6,9,87,124,211,0,0,0,1,5,6,1535,816,2351,2021-10-31T23:00:00Z
20,89,Donji Vidovec,49,84,133,3,1,4,2,0,2,1,2,3,3,15,18,0,0,0,0,0,0,58,102,160,2021-10-31T23:00:00Z
21,133,Zagreb,229412,209139,438551,8094,5535,13629,297,193,490,2241,2079,4320,5623,7111,12734,21,4,25,381,541,922,246069,224602,470671,2021-10-31T23:00:00Z
01,101,Dugo Selo,2908,1984,4892,238,107,345,26,22,48,23,26,49,287,249,536,0,0,0,6,12,18,3488,2400,5888,2021-11-30T23:00:00Z
01,114,Farkaševac,162,233,395,7,3,10,28,11,39,0,2,2,35,16,51,0,0,0,0,0,0,232,265,497,2021-11-30T23:00:00Z
01,135,Gradec,147,131,278,14,1,15,12,7,19,0,1,1,39,19,58,0,0,0,0,0,0,212,159,371,2021-11-30T23:00:00Z
01,158,Ivanić-Grad,2941,1687,4628,95,80,175,51,32,83,7,18,25,151,186,337,0,0,0,9,10,19,3254,2013,5267,2021-11-30T23:00:00Z
01,163,Jakovlje,284,236,520,38,8,46,8,10,18,3,0,3,42,33,75,0,0,0,1,0,1,376,287,663,2021-11-30T23:00:00Z
01,169,Jastrebarsko,2217,1636,3853,219,114,333,52,34,86,17,18,35,263,236,499,0,0,0,6,10,16,2774,2048,4822,2021-11-30T23:00:00Z
01,190,Klinča Selo,219,170,389,38,7,45,7,3,10,0,0,0,69,54,123,0,0,0,0,1,1,333,235,568,2021-11-30T23:00:00Z
01,193,Kloštar Ivanić,361,303,664,29,9,38,19,5,24,2,9,11,58,40,98,1,0,1,2,0,2,472,366,838,2021-11-30T23:00:00Z
01,213,Križ,599,416,1015,26,20,46,18,12,30,5,6,11,26,57,83,0,0,0,4,2,6,678,513,1191,2021-11-30T23:00:00Z
01,33,Brckovljani,323,322,645,7,4,11,0,0,0,3,2,5,27,20,47,0,0,0,0,0,0,360,348,708,2021-11-30T23:00:00Z
01,331,Pisarovina,360,295,655,29,23,52,22,19,41,1,2,3,26,32,58,0,0,0,2,3,5,440,374,814,2021-11-30T23:00:00Z
01,34,Brdovec,834,757,1591,100,33,133,16,6,22,2,7,9,88,61,149,1,0,1,5,2,7,1046,866,1912,2021-11-30T23:00:00Z
01,356,Preseka,18,9,27,5,2,7,12,11,23,0,1,1,16,6,22,0,0,0,1,0,1,52,29,81,2021-11-30T23:00:00Z
01,362,Pušča,147,200,347,27,13,40,7,2,9,1,3,4,57,26,83,0,0,0,0,0,0,239,244,483,2021-11-30T23:00:00Z
01,376,Rugvica,1250,468,1718,8,4,12,3,2,5,1,2,3,28,22,50,0,0,0,0,0,0,1290,498,1788,2021-11-30T23:00:00Z
01,380,Samobor,5475,3825,9300,506,306,812,25,23,48,42,69,111,506,478,984,0,0,0,35,25,60,6589,4726,11315,2021-11-30T23:00:00Z
01,429,Sveti Ivan Zelina,2425,1932,4357,167,65,232,72,54,126,13,21,34,251,226,477,0,0,0,6,4,10,2934,2302,5236,2021-11-30T23:00:00Z
01,436,Sveta Nedjelja,5601,3418,9019,223,93,316,7,4,11,9,12,21,365,186,551,0,0,0,6,8,14,6211,3721,9932,2021-11-30T23:00:00Z
01,508,Vrbovec,2158,2029,4187,157,72,229,73,36,109,6,22,28,297,161,458,0,0,0,7,11,18,2698,2331,5029,2021-11-30T23:00:00Z
01,533,Krašić,258,189,447,27,8,35,15,10,25,2,2,4,28,23,51,0,0,0,2,1,3,332,233,565,2021-11-30T23:00:00Z
01,536,Rakovec,30,15,45,10,2,12,12,4,16,0,1,1,20,11,31,0,0,0,0,0,0,72,33,105,2021-11-30T23:00:00Z
01,539,Marija Gorica,79,97,176,14,3,17,0,0,0,1,1,2,20,23,43,0,0,0,0,0,0,114,124,238,2021-11-30T23:00:00Z
01,540,Žumberak,13,16,29,5,2,7,6,4,10,0,0,0,3,7,10,0,0,0,0,0,0,27,29,56,2021-11-30T23:00:00Z
01,541,Velika Gorica,7907,6167,14074,630,353,983,67,31,98,60,59,119,612,524,1136,0,0,0,24,23,47,9300,7157,16457,2021-11-30T23:00:00Z
01,542,Orle,44,24,68,16,0,16,8,5,13,0,0,0,14,2,16,0,0,0,0,0,0,82,31,113,2021-11-30T23:00:00Z
01,543,Zaprešić,3295,2954,6249,221,148,369,14,9,23,33,43,76,255,246,501,0,0,0,13,14,27,3831,3414,7245,2021-11-30T23:00:00Z
01,544,Pokupsko,47,54,101,11,6,17,13,6,19,1,0,1,8,6,14,0,0,0,0,0,0,80,72,152,2021-11-30T23:00:00Z
01,545,Kravarsko,104,105,209,34,11,45,5,6,11,0,0,0,66,16,82,0,0,0,1,1,2,210,139,349,2021-11-30T23:00:00Z
01,547,Bistra,374,514,888,44,22,66,8,5,13,2,8,10,50,52,102,1,0,1,1,1,2,480,602,1082,2021-11-30T23:00:00Z
01,548,Luka,236,96,332,15,2,17,2,3,5,1,1,2,22,18,40,0,0,0,0,0,0,276,120,396,2021-11-30T23:00:00Z
01,549,Dubravica,74,43,117,15,0,15,15,6,21,0,0,0,14,15,29,0,0,0,0,0,0,118,64,182,2021-11-30T23:00:00Z
01,550,Bedenica,217,151,368,13,4,17,6,5,11,1,1,2,16,13,29,0,0,0,0,0,0,253,174,427,2021-11-30T23:00:00Z
01,551,Stupnik,1389,521,1910,30,17,47,0,3,3,2,1,3,21,24,45,0,0,0,2,0,2,1444,566,2010,2021-11-30T23:00:00Z
01,97,Dubrava,309,322,631,44,19,63,67,41,108,3,13,16,66,65,131,0,0,0,2,7,9,491,467,958,2021-11-30T23:00:00Z
02,108,Đurmanec,112,149,261,58,14,72,1,2,3,3,1,4,115,87,202,0,0,0,1,0,1,290,253,543,2021-11-30T23:00:00Z
02,11,Bedekovčina,523,782,1305,89,41,130,7,7,14,8,8,16,130,111,241,0,0,0,3,2,5,760,951,1711,2021-11-30T23:00:00Z
02,125,Gornja Stubica,210,301,511,51,15,66,7,3,10,1,1,2,72,47,119,0,0,0,1,2,3,342,369,711,2021-11-30T23:00:00Z
02,146,Hraščina,50,38,88,8,2,10,2,3,5,0,1,1,5,9,14,0,0,0,0,0,0,65,53,118,2021-11-30T23:00:00Z
02,152,Hum Na Sutli,1548,649,2197,58,28,86,4,0,4,1,7,8,255,77,332,0,0,0,0,1,1,1866,762,2628,2021-11-30T23:00:00Z
02,187,Klanjec,292,278,570,67,24,91,13,7,20,5,1,6,71,49,120,0,0,0,3,3,6,451,362,813,2021-11-30T23:00:00Z
02,200,Konjščina,453,396,849,34,14,48,2,0,2,1,2,3,32,32,64,0,0,0,1,1,2,523,445,968,2021-11-30T23:00:00Z
02,208,Kraljevec Na Sutli,63,47,110,13,6,19,3,1,4,0,0,0,17,6,23,0,0,0,0,2,2,96,62,158,2021-11-30T23:00:00Z
02,211,Krapina,2738,2358,5096,178,88,266,7,6,13,15,16,31,213,176,389,0,0,0,1,3,4,3152,2647,5799,2021-11-30T23:00:00Z
02,212,Krapinske Toplice,604,1192,1796,71,37,108,4,7,11,0,5,5,108,72,180,0,0,0,1,0,1,788,1313,2101,2021-11-30T23:00:00Z
02,236,Lobor,159,242,401,22,8,30,3,3,6,0,0,0,37,13,50,0,0,0,1,2,3,222,268,490,2021-11-30T23:00:00Z
02,248,Mače,105,66,171,31,6,37,4,3,7,1,0,1,58,34,92,0,0,0,0,0,0,199,109,308,2021-11-30T23:00:00Z
02,256,Marija Bistrica,335,343,678,63,41,104,15,7,22,1,5,6,84,71,155,0,0,0,3,3,6,501,470,971,2021-11-30T23:00:00Z
02,265,Mihovljan,98,119,217,30,7,37,4,0,4,0,0,0,74,14,88,0,0,0,1,1,2,207,141,348,2021-11-30T23:00:00Z
02,311,Oroslavje,864,802,1666,79,36,115,11,3,14,6,7,13,103,82,185,0,0,0,3,2,5,1066,932,1998,2021-11-30T23:00:00Z
02,329,Petrovsko,72,58,130,17,3,20,1,0,1,5,0,5,62,9,71,0,0,0,1,0,1,158,70,228,2021-11-30T23:00:00Z
02,352,Pregrada,819,912,1731,111,32,143,3,4,7,6,6,12,156,108,264,0,0,0,2,2,4,1097,1064,2161,2021-11-30T23:00:00Z
02,364,Radoboj,136,100,236,16,10,26,1,1,2,1,3,4,57,23,80,0,0,0,0,0,0,211,137,348,2021-11-30T23:00:00Z
02,41,Budinščina,174,175,349,15,5,20,6,2,8,2,2,4,24,11,35,0,0,0,2,1,3,223,196,419,2021-11-30T23:00:00Z
02,422,Stubičke Toplice,229,418,647,33,18,51,0,2,2,3,5,8,65,29,94,0,0,0,1,0,1,331,472,803,2021-11-30T23:00:00Z
02,430,Sveti Križ Začretje,683,793,1476,72,23,95,10,4,14,1,4,5,132,98,230,0,0,0,4,2,6,902,924,1826,2021-11-30T23:00:00Z
02,466,Tuhelj,130,207,337,18,11,29,4,1,5,1,2,3,35,35,70,0,0,0,0,0,0,188,256,444,2021-11-30T23:00:00Z
02,481,Veliko Trgovišće,537,340,877,54,17,71,3,4,7,2,5,7,107,59,166,0,0,0,4,1,5,707,426,1133,2021-11-30T23:00:00Z
02,519,Zabok,2783,2807,5590,144,88,232,5,3,8,13,16,29,192,333,525,0,0,0,1,5,6,3138,3252,6390,2021-11-30T23:00:00Z
02,521,Zagorska Sela,10,55,65,7,1,8,6,2,8,0,1,1,16,5,21,0,0,0,0,0,0,39,64,103,2021-11-30T23:00:00Z
02,526,Zlatar,563,664,1227,97,42,139,23,15,38,8,8,16,108,85,193,0,0,0,3,3,6,802,817,1619,2021-11-30T23:00:00Z
02,527,Zlatar Bistrica,324,555,879,29,9,38,4,3,7,4,0,4,75,48,123,0,0,0,3,3,6,439,618,1057,2021-11-30T23:00:00Z
02,552,Jesenje,53,71,124,10,1,11,0,1,1,0,0,0,44,7,51,0,0,0,0,0,0,107,80,187,2021-11-30T23:00:00Z
02,553,Kumrovec,82,87,169,17,4,21,2,0,2,2,1,3,23,16,39,0,0,0,0,0,0,126,108,234,2021-11-30T23:00:00Z
02,554,Novi Golubovec,130,57,187,3,2,5,1,0,1,0,0,0,5,2,7,0,0,0,0,0,0,139,61,200,2021-11-30T23:00:00Z
02,70,Desinić,133,284,417,31,7,38,11,1,12,3,1,4,47,34,81,0,0,0,0,1,1,225,328,553,2021-11-30T23:00:00Z
02,79,Donja Stubica,966,800,1766,96,49,145,5,3,8,7,3,10,84,58,142,0,0,0,2,2,4,1160,915,2075,2021-11-30T23:00:00Z
03,102,Dvor,282,149,431,15,5,20,64,21,85,0,3,3,14,16,30,0,0,0,3,3,6,378,197,575,2021-11-30T23:00:00Z
03,121,Glina,1153,694,1847,39,24,63,58,25,83,4,10,14,64,69,133,0,0,0,0,0,0,1318,822,2140,2021-11-30T23:00:00Z
03,149,Hrvatska Dubica,79,64,143,8,2,10,11,3,14,0,0,0,4,5,9,0,0,0,0,0,0,102,74,176,2021-11-30T23:00:00Z
03,150,Hrvatska Kostajnica,338,325,663,20,9,29,8,2,10,1,3,4,9,19,28,0,0,0,2,0,2,378,358,736,2021-11-30T23:00:00Z
03,168,Jasenovac,138,159,297,12,4,16,12,5,17,0,1,1,17,10,27,0,0,0,0,0,0,179,179,358,2021-11-30T23:00:00Z
03,220,Kutina,3645,2939,6584,173,115,288,44,23,67,36,24,60,216,265,481,0,0,0,13,7,20,4127,3373,7500,2021-11-30T23:00:00Z
03,228,Lekenik,308,280,588,38,8,46,8,9,17,1,3,4,41,33,74,0,0,0,1,1,2,397,334,731,2021-11-30T23:00:00Z
03,232,Lipovljani,265,272,537,25,10,35,11,3,14,1,0,1,29,37,66,0,0,0,0,2,2,331,324,655,2021-11-30T23:00:00Z
03,259,Martinska Ves,131,59,190,8,2,10,31,15,46,3,0,3,46,15,61,0,0,0,1,1,2,220,92,312,2021-11-30T23:00:00Z
03,293,Novska,1313,1041,2354,176,100,276,33,17,50,8,20,28,261,233,494,0,0,0,2,4,6,1793,1415,3208,2021-11-30T23:00:00Z
03,328,Petrinja,1647,1708,3355,239,87,326,64,23,87,10,25,35,299,281,580,0,0,0,6,6,12,2265,2130,4395,2021-11-30T23:00:00Z
03,347,Popovača,884,1038,1922,81,41,122,48,16,64,6,11,17,93,134,227,0,0,0,5,2,7,1117,1242,2359,2021-11-30T23:00:00Z
03,391,Sisak,6987,8072,15059,375,234,609,100,57,157,43,75,118,607,596,1203,0,0,0,19,20,39,8131,9054,17185,2021-11-30T23:00:00Z
03,426,Sunja,193,165,358,26,10,36,44,34,78,1,2,3,16,20,36,0,0,0,2,0,2,282,231,513,2021-11-30T23:00:00Z
03,457,Topusko,224,330,554,15,6,21,4,2,6,2,1,3,32,24,56,0,0,0,2,0,2,279,363,642,2021-11-30T23:00:00Z
03,477,Velika Ludina,108,142,250,9,9,18,15,3,18,0,0,0,24,14,38,0,0,0,0,0,0,156,168,324,2021-11-30T23:00:00Z
03,510,Gvozd,123,90,213,10,4,14,19,4,23,0,0,0,18,15,33,0,0,0,5,1,6,175,114,289,2021-11-30T23:00:00Z
03,555,Majur,120,40,160,1,1,2,3,0,3,0,0,0,3,0,3,0,0,0,3,0,3,130,41,171,2021-11-30T23:00:00Z
03,83,Donji Kukuruzari,49,80,129,5,0,5,5,3,8,0,0,0,3,2,5,0,0,0,1,0,1,63,85,148,2021-11-30T23:00:00Z
04,120,Generalski Stol,36,71,107,22,5,27,1,0,1,0,1,1,26,13,39,0,0,0,0,0,0,85,90,175,2021-11-30T23:00:00Z
04,172,Josipdol,191,161,352,25,17,42,4,9,13,2,1,3,49,53,102,0,0,0,1,1,2,272,242,514,2021-11-30T23:00:00Z
04,179,Karlovac,10596,8904,19500,424,299,723,73,51,124,72,92,164,599,784,1383,0,0,0,24,20,44,11788,10150,21938,2021-11-30T23:00:00Z
04,216,Krnjak,165,60,225,2,2,4,5,3,8,0,0,0,9,5,14,0,0,0,2,4,6,183,74,257,2021-11-30T23:00:00Z
04,225,Lasinja,50,50,100,5,3,8,0,5,5,2,0,2,6,8,14,0,0,0,0,0,0,63,66,129,2021-11-30T23:00:00Z
04,281,Netretić,78,91,169,18,3,21,3,1,4,1,1,2,43,32,75,0,0,0,0,0,0,143,128,271,2021-11-30T23:00:00Z
04,297,Ogulin,1771,1815,3586,140,90,230,40,15,55,8,33,41,140,176,316,0,0,0,9,11,20,2108,2140,4248,2021-11-30T23:00:00Z
04,30,Bosiljevo,109,92,201,3,0,3,0,0,0,1,1,2,27,33,60,0,0,0,0,0,0,140,126,266,2021-11-30T23:00:00Z
04,315,Ozalj,777,634,1411,86,34,120,20,15,35,4,11,15,124,94,218,0,0,0,1,4,5,1012,792,1804,2021-11-30T23:00:00Z
04,333,Plaški,97,76,173,9,5,14,10,2,12,0,0,0,26,22,48,0,0,0,0,0,0,142,105,247,2021-11-30T23:00:00Z
04,365,Rakovica,135,154,289,6,11,17,3,5,8,0,0,0,65,54,119,0,0,0,8,1,9,217,225,442,2021-11-30T23:00:00Z
04,378,Saborsko,14,17,31,2,1,3,1,0,1,0,0,0,6,4,10,0,0,0,0,0,0,23,22,45,2021-11-30T23:00:00Z
04,400,Slunj,326,400,726,49,17,66,29,14,43,3,5,8,120,88,208,0,0,0,5,25,30,532,549,1081,2021-11-30T23:00:00Z
04,49,Cetingrad,68,50,118,5,0,5,3,4,7,0,0,0,10,10,20,0,0,0,1,1,2,87,65,152,2021-11-30T23:00:00Z
04,503,Vojnić,377,229,606,25,15,40,36,10,46,2,0,2,31,34,65,0,0,0,4,2,6,475,290,765,2021-11-30T23:00:00Z
04,530,Žakanje,143,99,242,26,11,37,4,1,5,0,0,0,27,31,58,0,0,0,0,1,1,200,143,343,2021-11-30T23:00:00Z
04,556,Ribnik,7,3,10,10,4,14,1,2,3,0,0,0,8,12,20,0,0,0,0,0,0,26,21,47,2021-11-30T23:00:00Z
04,557,Tounj,66,38,104,4,0,4,0,0,0,0,0,0,5,4,9,0,0,0,0,0,0,75,42,117,2021-11-30T23:00:00Z
04,623,Kamanje,157,107,264,3,2,5,0,0,0,0,0,0,3,12,15,0,0,0,0,0,0,163,121,284,2021-11-30T23:00:00Z
04,7,Barilovići,270,156,426,22,9,31,7,1,8,1,1,2,117,30,147,0,0,0,0,0,0,417,197,614,2021-11-30T23:00:00Z
04,90,Draganić,138,146,284,12,4,16,7,3,10,1,1,2,20,27,47,0,0,0,0,0,0,178,181,359,2021-11-30T23:00:00Z
04,99,Duga Resa,1209,1019,2228,139,73,212,18,19,37,5,20,25,188,206,394,1,0,1,8,11,19,1568,1348,2916,2021-11-30T23:00:00Z
05,12,Bednja,197,164,361,22,7,29,2,8,10,2,1,3,24,18,42,0,0,0,0,0,0,247,198,445,2021-11-30T23:00:00Z
05,129,Gornji Kneginec,551,972,1523,49,29,78,9,4,13,1,6,7,67,58,125,0,0,0,3,6,9,680,1075,1755,2021-11-30T23:00:00Z
05,151,Breznički Hum,196,148,344,12,5,17,10,6,16,0,1,1,19,12,31,0,0,0,2,4,6,239,176,415,2021-11-30T23:00:00Z
05,156,Ivanec,2062,1826,3888,165,64,229,14,11,25,10,17,27,302,269,571,0,0,0,5,14,19,2558,2201,4759,2021-11-30T23:00:00Z
05,165,Jalžabet,750,1129,1879,21,4,25,10,6,16,0,4,4,36,20,56,0,0,0,0,1,1,817,1164,1981,2021-11-30T23:00:00Z
05,189,Klenovnik,117,57,174,8,3,11,0,1,1,0,0,0,20,26,46,0,0,0,2,0,2,147,87,234,2021-11-30T23:00:00Z
05,19,Beretinec,75,35,110,18,2,20,3,2,5,0,1,1,17,26,43,0,0,0,1,0,1,114,66,180,2021-11-30T23:00:00Z
05,229,Lepoglava,1322,574,1896,57,31,88,5,3,8,1,4,5,102,65,167,0,0,0,0,8,8,1487,685,2172,2021-11-30T23:00:00Z
05,244,Ludbreg,1779,1535,3314,117,61,178,51,33,84,11,14,25,240,181,421,0,0,0,5,8,13,2203,1832,4035,2021-11-30T23:00:00Z
05,247,Ljubešćica,335,152,487,31,7,38,2,0,2,1,3,4,95,26,121,0,0,0,0,1,1,464,189,653,2021-11-30T23:00:00Z
05,251,Mali Bukovec,36,85,121,13,5,18,26,15,41,0,1,1,103,35,138,0,0,0,0,1,1,178,142,320,2021-11-30T23:00:00Z
05,260,Maruševec,336,299,635,55,24,79,23,25,48,3,2,5,108,39,147,0,0,0,3,2,5,528,391,919,2021-11-30T23:00:00Z
05,289,Novi Marof,1217,1226,2443,164,68,232,14,13,27,8,17,25,298,175,473,0,0,0,5,3,8,1706,1502,3208,2021-11-30T23:00:00Z
05,326,Petrijanec,432,706,1138,25,7,32,17,9,26,1,3,4,87,84,171,0,0,0,0,1,1,562,810,1372,2021-11-30T23:00:00Z
05,36,Breznica,161,64,225,19,3,22,3,5,8,1,5,6,28,13,41,0,0,0,0,0,0,212,90,302,2021-11-30T23:00:00Z
05,410,Sračinec,245,268,513,42,13,55,2,2,4,1,6,7,89,55,144,0,0,0,0,2,2,379,346,725,2021-11-30T23:00:00Z
05,437,Sveti Đurđ,72,103,175,31,4,35,29,8,37,3,1,4,34,34,68,0,0,0,0,0,0,169,150,319,2021-11-30T23:00:00Z
05,438,Sveti Ilija,185,185,370,16,8,24,2,1,3,1,4,5,46,28,74,0,0,0,0,0,0,250,226,476,2021-11-30T23:00:00Z
05,462,Trnovec Bartolovečki,1162,1475,2637,70,16,86,22,8,30,0,4,4,345,89,434,0,0,0,0,1,1,1599,1593,3192,2021-11-30T23:00:00Z
05,472,Varaždin,16466,15348,31814,501,360,861,48,25,73,71,118,189,548,649,1197,0,0,0,20,19,39,17654,16519,34173,2021-11-30T23:00:00Z
05,473,Varaždinske Toplice,603,476,1079,46,21,67,9,6,15,4,5,9,188,51,239,0,0,0,2,3,5,852,562,1414,2021-11-30T23:00:00Z
05,48,Cestica,375,387,762,50,27,77,13,16,29,1,4,5,101,76,177,0,0,0,0,2,2,540,512,1052,2021-11-30T23:00:00Z
05,484,Vidovec,218,254,472,51,16,67,61,31,92,2,5,7,115,93,208,0,0,0,0,0,0,447,399,846,2021-11-30T23:00:00Z
05,486,Vinica,283,216,499,21,9,30,4,4,8,1,5,6,31,24,55,0,0,0,0,1,1,340,259,599,2021-11-30T23:00:00Z
05,493,Visoko,91,61,152,19,0,19,7,4,11,0,0,0,25,21,46,0,0,0,1,0,1,143,86,229,2021-11-30T23:00:00Z
05,558,Veliki Bukovec,371,271,642,5,2,7,26,13,39,0,2,2,36,24,60,0,0,0,0,0,0,438,312,750,2021-11-30T23:00:00Z
05,80,Donja Voća,85,66,151,9,1,10,5,9,14,0,1,1,31,23,54,0,0,0,0,0,0,130,100,230,2021-11-30T23:00:00Z
05,85,Donji Martijanec,353,169,522,28,8,36,21,4,25,1,1,2,53,34,87,0,0,0,0,0,0,456,216,672,2021-11-30T23:00:00Z
06,104,Đelekovec,25,46,71,21,10,31,40,12,52,0,1,1,17,11,28,0,0,0,0,0,0,103,80,183,2021-11-30T23:00:00Z
06,107,Đurđevac,1305,1160,2465,85,44,129,72,45,117,13,13,26,85,77,162,0,0,0,12,4,16,1572,1343,2915,2021-11-30T23:00:00Z
06,115,Ferdinandovac,31,89,120,9,2,11,43,32,75,1,1,2,10,7,17,0,0,0,0,0,0,94,131,225,2021-11-30T23:00:00Z
06,122,Gola,171,158,329,11,2,13,89,40,129,0,2,2,6,24,30,0,0,0,1,0,1,278,226,504,2021-11-30T23:00:00Z
06,145,Hlebine,8,23,31,1,0,1,15,3,18,1,1,2,0,11,11,0,0,0,1,1,2,26,39,65,2021-11-30T23:00:00Z
06,194,Kloštar Podravski,179,162,341,18,13,31,42,34,76,0,1,1,34,51,85,0,0,0,2,1,3,275,262,537,2021-11-30T23:00:00Z
06,201,Koprivnica,7066,7509,14575,351,193,544,61,28,89,68,77,145,427,448,875,0,2,2,16,13,29,7989,8270,16259,2021-11-30T23:00:00Z
06,202,Koprivnički Bregi,52,78,130,17,4,21,23,8,31,0,0,0,32,9,41,0,0,0,0,0,0,124,99,223,2021-11-30T23:00:00Z
06,203,Koprivnički Ivanec,62,61,123,24,4,28,24,8,32,0,0,0,23,11,34,0,0,0,0,0,0,133,84,217,2021-11-30T23:00:00Z
06,214,Križevci,3303,3616,6919,163,100,263,234,186,420,12,29,41,242,221,463,0,0,0,8,8,16,3962,4160,8122,2021-11-30T23:00:00Z
06,227,Legrad,53,83,136,14,3,17,21,6,27,1,1,2,21,17,38,0,0,0,0,0,0,110,110,220,2021-11-30T23:00:00Z
06,270,Molve,217,113,330,7,9,16,59,31,90,1,2,3,32,19,51,0,0,0,2,1,3,318,175,493,2021-11-30T23:00:00Z
06,292,Novigrad Podravski,90,147,237,10,2,12,20,10,30,0,2,2,19,20,39,0,0,0,0,0,0,139,181,320,2021-11-30T23:00:00Z
06,324,Peteranec,71,46,117,17,4,21,21,7,28,0,1,1,26,14,40,0,0,0,0,0,0,135,72,207,2021-11-30T23:00:00Z
06,366,Rasinja,45,75,120,20,4,24,53,23,76,1,0,1,20,23,43,0,0,0,1,0,1,140,125,265,2021-11-30T23:00:00Z
06,405,Sokolovac,206,80,286,17,2,19,47,18,65,6,4,10,24,11,35,0,0,0,0,0,0,300,115,415,2021-11-30T23:00:00Z
06,439,Sveti Ivan Žabno,262,197,459,41,17,58,98,59,157,1,2,3,46,64,110,0,0,0,0,1,1,448,340,788,2021-11-30T23:00:00Z
06,442,Sveti Petar Orehovec,127,107,234,30,7,37,142,127,269,1,2,3,38,21,59,0,0,0,1,0,1,339,264,603,2021-11-30T23:00:00Z
06,490,Virje,287,213,500,27,11,38,41,21,62,4,1,5,30,34,64,0,0,0,3,1,4,392,281,673,2021-11-30T23:00:00Z
06,559,Kalinovac,407,99,506,5,1,6,9,2,11,0,0,0,8,9,17,0,0,0,1,0,1,430,111,541,2021-11-30T23:00:00Z
06,560,Kalnik,44,54,98,2,4,6,17,22,39,0,1,1,7,4,11,0,0,0,0,0,0,70,85,155,2021-11-30T23:00:00Z
06,561,Novo Virje,43,41,84,2,0,2,39,25,64,0,0,0,15,6,21,0,0,0,0,1,1,99,73,172,2021-11-30T23:00:00Z
06,616,Podravske Sesvete,97,114,211,3,5,8,23,14,37,2,0,2,7,8,15,0,0,0,1,1,2,133,142,275,2021-11-30T23:00:00Z
06,618,Gornja Reka,82,72,154,6,3,9,7,9,16,0,0,0,8,5,13,0,0,0,0,0,0,103,89,192,2021-11-30T23:00:00Z
06,96,Drnje,119,108,227,10,2,12,18,10,28,0,2,2,5,9,14,0,0,0,2,0,2,154,131,285,2021-11-30T23:00:00Z
07,105,Đulovac,266,66,332,8,7,15,35,16,51,2,1,3,117,33,150,0,0,0,0,0,0,428,123,551,2021-11-30T23:00:00Z
07,119,Garešnica,1075,1125,2200,60,31,91,59,36,95,15,19,34,103,125,228,0,0,0,2,5,7,1314,1341,2655,2021-11-30T23:00:00Z
07,139,Grubišno Polje,585,522,1107,34,25,59,111,45,156,4,6,10,72,68,140,0,0,0,3,3,6,809,669,1478,2021-11-30T23:00:00Z
07,144,Hercegovac,133,147,280,19,2,21,49,17,66,2,1,3,44,31,75,0,0,0,1,1,2,248,199,447,2021-11-30T23:00:00Z
07,161,Ivanska,125,99,224,5,3,8,48,13,61,2,2,4,87,27,114,0,0,0,2,1,3,269,145,414,2021-11-30T23:00:00Z
07,176,Kapela,85,93,178,3,3,6,49,26,75,0,1,1,19,7,26,0,0,0,1,0,1,157,130,287,2021-11-30T23:00:00Z
07,18,Berek,45,57,102,7,1,8,19,17,36,0,0,0,8,7,15,0,0,0,0,0,0,79,82,161,2021-11-30T23:00:00Z
07,199,Končanica,120,73,193,8,1,9,32,15,47,0,0,0,14,9,23,0,0,0,1,1,2,175,99,274,2021-11-30T23:00:00Z
07,24,Bjelovar,7112,6923,14035,289,182,471,198,95,293,50,84,134,434,534,968,1,0,1,17,12,29,8101,7830,15931,2021-11-30T23:00:00Z
07,287,Nova Rača,97,114,211,11,2,13,78,31,109,0,2,2,29,13,42,0,0,0,0,1,1,215,163,378,2021-11-30T23:00:00Z
07,375,Rovišće,201,211,412,23,10,33,50,36,86,1,3,4,25,40,65,0,0,0,0,1,1,300,301,601,2021-11-30T23:00:00Z
07,390,Sirač,265,163,428,11,2,13,12,5,17,1,0,1,16,9,25,0,0,0,0,2,2,305,181,486,2021-11-30T23:00:00Z
07,450,Štefanje,51,61,112,7,3,10,34,13,47,0,2,2,32,21,53,0,0,0,1,0,1,125,100,225,2021-11-30T23:00:00Z
07,478,Velika Pisanica,69,84,153,3,2,5,33,14,47,1,0,1,9,8,17,0,0,0,2,0,2,117,108,225,2021-11-30T23:00:00Z
07,480,Veliki Grđevac,142,135,277,10,5,15,70,29,99,1,1,2,71,26,97,0,0,0,1,0,1,295,196,491,2021-11-30T23:00:00Z
07,483,Veliko Trojstvo,61,115,176,14,4,18,14,14,28,0,0,0,43,17,60,0,0,0,0,0,0,132,150,282,2021-11-30T23:00:00Z
07,562,Severin,59,33,92,1,0,1,16,13,29,0,0,0,13,31,44,0,0,0,0,0,0,89,77,166,2021-11-30T23:00:00Z
07,564,Šandrovac,23,49,72,4,0,4,14,8,22,0,0,0,12,6,18,0,0,0,0,0,0,53,63,116,2021-11-30T23:00:00Z
07,565,Velika Trnovitica,55,63,118,8,2,10,31,22,53,1,0,1,21,11,32,0,0,0,1,1,2,117,99,216,2021-11-30T23:00:00Z
07,566,Zrinski Topolovac,11,23,34,2,1,3,33,17,50,0,0,0,4,2,6,0,0,0,0,1,1,50,44,94,2021-11-30T23:00:00Z
07,63,Čazma,1109,819,1928,53,19,72,52,41,93,7,11,18,103,67,170,0,0,0,3,1,4,1327,958,2285,2021-11-30T23:00:00Z
07,67,Daruvar,1445,1686,3131,76,53,129,43,21,64,15,20,35,141,183,324,0,0,0,2,8,10,1722,1971,3693,2021-11-30T23:00:00Z
07,71,Dežanovac,122,78,200,10,2,12,70,38,108,0,0,0,37,16,53,0,0,0,1,1,2,240,135,375,2021-11-30T23:00:00Z
08,117,Fužine,254,185,439,17,11,28,0,2,2,4,1,5,17,22,39,0,0,0,1,1,2,293,222,515,2021-11-30T23:00:00Z
08,170,Jelenje,280,250,530,96,49,145,6,2,8,27,9,36,57,41,98,0,0,0,2,1,3,468,352,820,2021-11-30T23:00:00Z
08,180,Kastav,1104,851,1955,134,67,201,4,1,5,55,10,65,113,89,202,2,1,3,5,5,10,1417,1024,2441,2021-11-30T23:00:00Z
08,186,Klana,388,220,608,21,8,29,1,1,2,3,2,5,15,12,27,0,0,0,1,2,3,429,245,674,2021-11-30T23:00:00Z
08,209,Kraljevica,337,282,619,38,22,60,2,1,3,38,4,42,19,31,50,1,0,1,0,7,7,435,347,782,2021-11-30T23:00:00Z
08,215,Krk,1831,1189,3020,222,95,317,15,7,22,28,16,44,253,158,411,0,0,0,27,32,59,2376,1497,3873,2021-11-30T23:00:00Z
08,237,Lokve,116,87,203,14,6,20,0,0,0,0,2,2,9,8,17,0,0,0,0,0,0,139,103,242,2021-11-30T23:00:00Z
08,242,Lovran,406,605,1011,88,26,114,1,1,2,12,8,20,45,47,92,0,0,0,6,9,15,558,696,1254,2021-11-30T23:00:00Z
08,252,Mali Lošinj,1321,1350,2671,220,75,295,24,8,32,33,17,50,178,141,319,0,0,0,27,29,56,1803,1620,3423,2021-11-30T23:00:00Z
08,253,Malinska-Dubašnica,493,766,1259,133,59,192,6,11,17,13,4,17,160,127,287,0,0,0,19,18,37,824,985,1809,2021-11-30T23:00:00Z
08,261,Matulji,1477,1064,2541,218,127,345,14,5,19,42,15,57,174,177,351,1,0,1,3,14,17,1929,1402,3331,2021-11-30T23:00:00Z
08,273,Mošćenička Draga,105,77,182,48,13,61,0,1,1,3,2,5,34,20,54,0,0,0,3,3,6,193,116,309,2021-11-30T23:00:00Z
08,275,Mrkopalj,58,46,104,17,3,20,2,0,2,2,0,2,10,8,18,0,0,0,1,2,3,90,59,149,2021-11-30T23:00:00Z
08,290,Novi Vinodolski,490,415,905,103,40,143,7,4,11,12,7,19,104,63,167,0,0,0,3,7,10,719,536,1255,2021-11-30T23:00:00Z
08,301,Omišalj,607,379,986,78,20,98,0,0,0,13,4,17,67,35,102,0,0,0,3,11,14,768,449,1217,2021-11-30T23:00:00Z
08,302,Opatija,2236,2754,4990,198,111,309,6,6,12,56,27,83,100,136,236,0,1,1,11,14,25,2607,3049,5656,2021-11-30T23:00:00Z
08,360,Punat,284,139,423,62,20,82,4,0,4,5,2,7,49,33,82,0,0,0,3,4,7,407,198,605,2021-11-30T23:00:00Z
08,363,Rab,894,1010,1904,279,70,349,13,5,18,15,12,27,211,154,365,0,0,0,35,68,103,1447,1319,2766,2021-11-30T23:00:00Z
08,369,Ravna Gora,278,304,582,30,12,42,2,0,2,3,1,4,40,22,62,0,0,0,1,2,3,354,341,695,2021-11-30T23:00:00Z
08,373,Rijeka,27571,28444,56015,1261,1066,2327,23,16,39,1053,358,1411,924,1282,2206,4,1,5,98,117,215,30934,31284,62218,2021-11-30T23:00:00Z
08,38,Brod Moravice,45,36,81,9,1,10,0,0,0,0,1,1,8,3,11,0,0,0,1,0,1,63,41,104,2021-11-30T23:00:00Z
08,393,Skrad,40,49,89,4,3,7,1,1,2,1,1,2,2,8,10,0,0,0,0,0,0,48,62,110,2021-11-30T23:00:00Z
08,4,Bakar,1996,1014,3010,64,43,107,2,0,2,69,10,79,76,71,147,0,0,0,2,10,12,2209,1148,3357,2021-11-30T23:00:00Z
08,488,Vinodolska Općina,186,161,347,58,21,79,2,0,2,10,1,11,40,14,54,1,0,1,0,2,2,297,199,496,2021-11-30T23:00:00Z
08,495,Viškovo,1676,1140,2816,200,105,305,6,4,10,63,17,80,146,141,287,0,0,0,11,10,21,2102,1417,3519,2021-11-30T23:00:00Z
08,507,Vrbnik,128,96,224,31,11,42,10,5,15,2,0,2,25,21,46,0,0,0,0,2,2,196,135,331,2021-11-30T23:00:00Z
08,509,Vrbovsko,342,280,622,62,22,84,3,4,7,1,5,6,73,44,117,0,0,0,1,0,1,482,355,837,2021-11-30T23:00:00Z
08,52,Cres,490,414,904,74,21,95,12,3,15,13,3,16,42,61,103,0,0,0,10,8,18,641,510,1151,2021-11-30T23:00:00Z
08,53,Crikvenica,1192,1568,2760,211,114,325,7,2,9,37,24,61,199,164,363,0,0,0,16,26,42,1662,1898,3560,2021-11-30T23:00:00Z
08,538,Kostrena,454,282,736,41,24,65,1,1,2,81,7,88,21,31,52,0,0,0,1,4,5,599,349,948,2021-11-30T23:00:00Z
08,55,Čabar,333,272,605,55,18,73,4,4,8,6,0,6,150,50,200,0,0,0,1,4,5,549,348,897,2021-11-30T23:00:00Z
08,61,Čavle,668,538,1206,91,52,143,0,2,2,32,10,42,98,74,172,0,0,0,3,2,5,892,678,1570,2021-11-30T23:00:00Z
08,624,Lopar,53,35,88,20,2,22,0,1,1,2,0,2,16,16,32,0,0,0,6,6,12,97,60,157,2021-11-30T23:00:00Z
08,69,Delnice,1147,762,1909,73,47,120,6,1,7,10,12,22,77,96,173,0,0,0,3,10,13,1316,928,2244,2021-11-30T23:00:00Z
08,74,Dobrinj,124,71,195,48,20,68,1,2,3,5,2,7,88,38,126,0,0,0,3,7,10,269,140,409,2021-11-30T23:00:00Z
08,8,Baška,157,159,316,42,21,63,7,2,9,3,3,6,25,34,59,0,0,0,19,21,40,253,240,493,2021-11-30T23:00:00Z
09,130,Gospić,2212,2307,4519,99,62,161,73,39,112,12,9,21,147,159,306,0,0,0,16,9,25,2559,2585,5144,2021-11-30T23:00:00Z
09,178,Karlobag,82,91,173,7,4,11,6,1,7,2,0,2,8,4,12,0,0,0,1,1,2,106,101,207,2021-11-30T23:00:00Z
09,240,Lovinac,199,73,272,1,0,1,2,2,4,0,0,0,2,1,3,0,0,0,0,0,0,204,76,280,2021-11-30T23:00:00Z
09,288,Novalja,656,516,1172,119,31,150,22,9,31,4,5,9,168,76,244,0,0,0,15,28,43,984,665,1649,2021-11-30T23:00:00Z
09,313,Otočac,825,883,1708,94,37,131,56,28,84,8,6,14,115,110,225,0,0,0,1,5,6,1099,1069,2168,2021-11-30T23:00:00Z
09,323,Perušić,330,227,557,20,10,30,33,21,54,0,1,1,22,26,48,0,0,0,6,7,13,411,292,703,2021-11-30T23:00:00Z
09,37,Brinje,362,201,563,23,6,29,9,5,14,0,1,1,16,20,36,0,0,0,0,2,2,410,235,645,2021-11-30T23:00:00Z
09,387,Senj,733,630,1363,96,45,141,5,5,10,18,7,25,85,92,177,0,0,0,6,9,15,943,788,1731,2021-11-30T23:00:00Z
09,455,Plitvička Jezera,676,730,1406,42,23,65,60,14,74,2,5,7,172,138,310,0,0,0,6,0,6,958,910,1868,2021-11-30T23:00:00Z
09,467,Udbina,128,95,223,10,6,16,34,10,44,0,0,0,17,15,32,0,0,0,4,1,5,193,127,320,2021-11-30T23:00:00Z
09,512,Vrhovine,101,39,140,3,3,6,7,1,8,0,0,0,5,4,9,0,0,0,0,0,0,116,47,163,2021-11-30T23:00:00Z
09,84,Donji Lapac,100,74,174,7,4,11,23,8,31,0,0,0,11,4,15,0,0,0,0,0,0,141,90,231,2021-11-30T23:00:00Z
10,136,Gradina,78,103,181,13,7,20,132,43,175,2,0,2,38,29,67,0,0,0,0,0,0,263,182,445,2021-11-30T23:00:00Z
10,245,Lukač,211,119,330,13,5,18,44,16,60,1,0,1,61,26,87,0,0,0,0,0,0,330,166,496,2021-11-30T23:00:00Z
10,266,Mikleuš,78,49,127,9,2,11,16,7,23,0,0,0,12,10,22,0,0,0,0,0,0,115,68,183,2021-11-30T23:00:00Z
10,283,Nova Bukovica,42,44,86,9,5,14,36,6,42,1,0,1,23,20,43,0,0,0,1,0,1,112,75,187,2021-11-30T23:00:00Z
10,307,Orahovica,953,670,1623,68,39,107,12,3,15,10,11,21,100,101,201,0,0,0,9,5,14,1152,829,1981,2021-11-30T23:00:00Z
10,332,Pitomača,687,674,1361,81,45,126,158,83,241,1,7,8,188,173,361,0,0,0,1,7,8,1116,989,2105,2021-11-30T23:00:00Z
10,395,Slatina,1436,1405,2841,148,70,218,134,37,171,11,22,33,204,263,467,0,0,0,4,5,9,1937,1802,3739,2021-11-30T23:00:00Z
10,407,Sopje,146,43,189,4,1,5,88,20,108,0,0,0,21,20,41,0,0,0,0,0,0,259,84,343,2021-11-30T23:00:00Z
10,424,Suhopolje,253,291,544,27,20,47,100,40,140,1,1,2,57,48,105,0,0,0,2,1,3,440,401,841,2021-11-30T23:00:00Z
10,449,Špišić Bukovica,134,156,290,20,8,28,166,59,225,1,2,3,35,51,86,0,0,0,1,2,3,357,278,635,2021-11-30T23:00:00Z
10,491,Virovitica,3908,4063,7971,189,108,297,101,26,127,32,20,52,389,374,763,0,0,0,12,15,27,4631,4606,9237,2021-11-30T23:00:00Z
10,499,Voćin,146,102,248,11,3,14,26,33,59,0,0,0,9,6,15,0,0,0,0,0,0,192,144,336,2021-11-30T23:00:00Z
10,524,Zdenci,128,84,212,10,3,13,19,7,26,0,1,1,12,13,25,0,0,0,1,2,3,170,110,280,2021-11-30T23:00:00Z
10,54,Crnac,26,33,59,15,3,18,18,6,24,0,1,1,17,12,29,0,0,0,0,0,0,76,55,131,2021-11-30T23:00:00Z
10,56,Čačinci,160,105,265,21,14,35,19,10,29,0,3,3,24,30,54,0,0,0,0,2,2,224,164,388,2021-11-30T23:00:00Z
10,57,Čađavica,114,94,208,15,9,24,66,18,84,0,0,0,46,28,74,0,0,0,0,0,0,241,149,390,2021-11-30T23:00:00Z
11,164,Jakšić,133,123,256,29,4,33,24,6,30,0,2,2,58,14,72,0,0,0,0,0,0,244,149,393,2021-11-30T23:00:00Z
11,177,Kaptol,89,81,170,16,2,18,22,3,25,0,1,1,42,11,53,0,0,0,0,1,1,169,99,268,2021-11-30T23:00:00Z
11,221,Kutjevo,571,394,965,48,18,66,63,31,94,1,2,3,80,69,149,0,0,0,6,1,7,769,515,1284,2021-11-30T23:00:00Z
11,231,Lipik,770,617,1387,39,13,52,23,14,37,3,8,11,52,50,102,0,0,0,2,0,2,889,702,1591,2021-11-30T23:00:00Z
11,318,Pakrac,631,1104,1735,85,29,114,50,19,69,15,14,29,175,92,267,0,0,0,3,3,6,959,1261,2220,2021-11-30T23:00:00Z
11,334,Pleternica,575,427,1002,83,29,112,57,14,71,3,5,8,181,126,307,0,0,0,2,10,12,901,611,1512,2021-11-30T23:00:00Z
11,35,Brestovac,114,96,210,15,3,18,16,3,19,1,1,2,27,10,37,0,0,0,0,1,1,173,114,287,2021-11-30T23:00:00Z
11,351,Požega,5216,4310,9526,315,161,476,123,48,171,39,88,127,446,366,812,0,1,1,12,22,34,6151,4996,11147,2021-11-30T23:00:00Z
11,475,Velika,325,282,607,23,14,37,21,4,25,2,3,5,51,38,89,0,0,0,0,0,0,422,341,763,2021-11-30T23:00:00Z
11,58,Čaglin,94,153,247,9,2,11,19,7,26,0,1,1,15,11,26,0,0,0,0,0,0,137,174,311,2021-11-30T23:00:00Z
12,10,Bebrina,36,46,82,10,8,18,17,5,22,2,0,2,12,8,20,0,0,0,0,0,0,77,67,144,2021-11-30T23:00:00Z
12,118,Garčin,129,184,313,30,9,39,31,16,47,0,0,0,21,23,44,0,0,0,0,0,0,211,232,443,2021-11-30T23:00:00Z
12,127,Gornji Bogićevci,51,40,91,11,2,13,10,2,12,0,0,0,15,20,35,0,0,0,0,0,0,87,64,151,2021-11-30T23:00:00Z
12,140,Gundinci,83,67,150,11,3,14,48,24,72,0,0,0,14,8,22,0,0,0,1,0,1,157,102,259,2021-11-30T23:00:00Z
12,185,Klakar,82,67,149,14,3,17,22,4,26,0,1,1,14,14,28,0,0,0,2,0,2,134,89,223,2021-11-30T23:00:00Z
12,284,Nova Gradiška,2140,2039,4179,146,94,240,26,18,44,25,20,45,270,306,576,0,0,0,1,2,3,2608,2479,5087,2021-11-30T23:00:00Z
12,285,Nova Kapela,153,187,340,21,17,38,22,7,29,3,3,6,53,54,107,0,0,0,1,1,2,253,269,522,2021-11-30T23:00:00Z
12,299,Okučani,220,145,365,28,7,35,12,1,13,0,1,1,44,25,69,0,0,0,1,3,4,305,182,487,2021-11-30T23:00:00Z
12,303,Oprisavci,270,171,441,10,0,10,35,10,45,1,0,1,9,16,25,0,0,0,0,0,0,325,197,522,2021-11-30T23:00:00Z
12,309,Oriovac,278,276,554,41,22,63,18,10,28,2,3,5,69,58,127,0,0,0,0,2,2,408,371,779,2021-11-30T23:00:00Z
12,338,Podcrkavlje,35,34,69,17,1,18,6,4,10,0,1,1,25,5,30,0,0,0,0,0,0,83,45,128,2021-11-30T23:00:00Z
12,372,Rešetari,203,233,436,36,8,44,20,9,29,3,1,4,91,43,134,0,0,0,0,0,0,353,294,647,2021-11-30T23:00:00Z
12,388,Sibinj,127,229,356,56,18,74,18,0,18,0,0,0,56,36,92,0,0,0,3,2,5,260,285,545,2021-11-30T23:00:00Z
12,39,Brodski Stupnik,71,59,130,16,9,25,9,3,12,2,1,3,75,33,108,0,0,0,0,0,0,173,105,278,2021-11-30T23:00:00Z
12,396,Slavonski Brod,13449,9345,22794,622,341,963,44,31,75,79,93,172,951,953,1904,1,0,1,22,21,43,15168,10784,25952,2021-11-30T23:00:00Z
12,397,Slavonski Šamac,60,43,103,9,4,13,17,9,26,0,1,1,12,5,17,0,0,0,0,0,0,98,62,160,2021-11-30T23:00:00Z
12,412,Stara Gradiška,153,80,233,4,2,6,8,3,11,0,0,0,30,7,37,0,0,0,0,1,1,195,93,288,2021-11-30T23:00:00Z
12,418,Staro Petrovo Selo,194,122,316,34,8,42,43,15,58,1,1,2,93,48,141,0,0,0,0,2,2,365,196,561,2021-11-30T23:00:00Z
12,46,Cernik,148,185,333,31,12,43,9,6,15,3,2,5,56,25,81,0,0,0,0,2,2,247,232,479,2021-11-30T23:00:00Z
12,476,Velika Kopanica,167,105,272,27,8,35,29,17,46,1,1,2,35,31,66,0,0,0,1,2,3,260,164,424,2021-11-30T23:00:00Z
12,506,Vrbje,32,20,52,9,1,10,20,2,22,0,0,0,22,27,49,0,0,0,0,0,0,83,50,133,2021-11-30T23:00:00Z
12,514,Vrpolje,198,104,302,24,5,29,43,15,58,0,2,2,19,16,35,0,0,0,0,0,0,284,142,426,2021-11-30T23:00:00Z
12,567,Bukovlje,83,52,135,18,9,27,0,0,0,1,0,1,8,17,25,0,0,0,0,0,0,110,78,188,2021-11-30T23:00:00Z
12,568,Dragalić,28,45,73,7,1,8,7,1,8,0,0,0,4,6,10,0,0,0,0,1,1,46,54,100,2021-11-30T23:00:00Z
12,569,Gornja Vrba,356,107,463,13,3,16,1,1,2,0,1,1,26,18,44,0,0,0,0,1,1,396,131,527,2021-11-30T23:00:00Z
12,570,Sikirevci,42,41,83,21,4,25,38,14,52,0,0,0,14,10,24,0,0,0,1,1,2,116,70,186,2021-11-30T23:00:00Z
12,68,Davor,116,68,184,12,5,17,16,4,20,0,0,0,16,19,35,0,0,0,0,0,0,160,96,256,2021-11-30T23:00:00Z
12,81,Donji Andrijevci,149,114,263,23,10,33,20,5,25,1,1,2,29,18,47,0,0,0,0,3,3,222,151,373,2021-11-30T23:00:00Z
13,131,Gračac,238,265,503,22,16,38,66,28,94,2,1,3,44,34,78,0,0,0,0,2,2,372,346,718,2021-11-30T23:00:00Z
13,167,Jasenice,152,78,230,15,0,15,5,3,8,2,0,2,11,8,19,0,0,0,0,4,4,185,93,278,2021-11-30T23:00:00Z
13,17,Benkovac,1129,1039,2168,95,36,131,93,52,145,10,9,19,205,129,334,0,0,0,5,4,9,1537,1269,2806,2021-11-30T23:00:00Z
13,173,Kali,302,122,424,26,14,40,3,1,4,9,1,10,54,26,80,0,0,0,1,1,2,395,165,560,2021-11-30T23:00:00Z
13,20,Bibinje,195,196,391,53,20,73,4,0,4,3,2,5,72,65,137,0,0,0,0,5,5,327,288,615,2021-11-30T23:00:00Z
13,22,Biograd Na Moru,1108,1343,2451,114,61,175,27,16,43,18,7,25,144,199,343,0,0,0,6,21,27,1417,1647,3064,2021-11-30T23:00:00Z
13,234,Lišane Ostrovičke,23,30,53,8,2,10,0,0,0,0,0,0,13,7,20,0,0,0,0,0,0,44,39,83,2021-11-30T23:00:00Z
13,282,Nin,516,351,867,41,12,53,9,5,14,6,3,9,51,34,85,0,0,0,19,51,70,642,456,1098,2021-11-30T23:00:00Z
13,296,Obrovac,319,220,539,26,10,36,31,10,41,3,2,5,10,33,43,0,0,0,6,6,12,395,281,676,2021-11-30T23:00:00Z
13,316,Pag,478,420,898,55,24,79,32,10,42,8,5,13,51,42,93,0,0,0,11,7,18,635,508,1143,2021-11-30T23:00:00Z
13,317,Pakoštane,326,308,634,57,20,77,10,11,21,7,2,9,94,50,144,0,0,0,34,19,53,528,410,938,2021-11-30T23:00:00Z
13,320,Pašman,106,104,210,40,12,52,4,3,7,10,0,10,38,26,64,0,0,0,1,1,2,199,146,345,2021-11-30T23:00:00Z
13,344,Polača,105,66,171,16,5,21,4,2,6,2,0,2,9,15,24,0,0,0,1,3,4,137,91,228,2021-11-30T23:00:00Z
13,345,Poličnik,428,320,748,49,6,55,8,6,14,7,1,8,48,21,69,0,0,0,1,2,3,541,356,897,2021-11-30T23:00:00Z
13,349,Posedarje,149,180,329,33,10,43,5,8,13,8,1,9,33,33,66,0,0,0,2,5,7,230,237,467,2021-11-30T23:00:00Z
13,354,Preko,264,434,698,43,11,54,5,5,10,31,3,34,42,27,69,0,0,0,3,10,13,388,490,878,2021-11-30T23:00:00Z
13,371,Ražanac,81,94,175,25,7,32,6,8,14,15,1,16,25,11,36,0,0,0,3,2,5,155,123,278,2021-11-30T23:00:00Z
13,379,Sali,162,131,293,37,11,48,6,2,8,3,2,5,24,14,38,0,0,0,3,6,9,235,166,401,2021-11-30T23:00:00Z
13,411,Stankovci,236,160,396,26,4,30,6,3,9,0,1,1,31,16,47,0,0,0,0,1,1,299,185,484,2021-11-30T23:00:00Z
13,416,Starigrad,123,131,254,41,26,67,7,2,9,3,0,3,27,33,60,0,0,0,4,20,24,205,212,417,2021-11-30T23:00:00Z
13,425,Sukošan,368,269,637,58,17,75,10,4,14,4,1,5,56,55,111,0,0,0,1,7,8,497,353,850,2021-11-30T23:00:00Z
13,428,Sveti Filip I Jakov,211,333,544,38,20,58,8,2,10,15,3,18,38,44,82,0,0,0,1,2,3,311,404,715,2021-11-30T23:00:00Z
13,445,Škabrnje,67,73,140,26,3,29,3,1,4,3,1,4,14,7,21,0,0,0,1,1,2,114,86,200,2021-11-30T23:00:00Z
13,489,Vir,281,253,534,47,12,59,2,2,4,1,1,2,30,42,72,0,0,0,4,2,6,365,312,677,2021-11-30T23:00:00Z
13,520,Zadar,14646,15770,30416,1060,585,1645,49,29,78,644,209,853,1314,1446,2760,3,0,3,142,138,280,17858,18177,36035,2021-11-30T23:00:00Z
13,525,Zemunik Donji,106,164,270,17,7,24,2,2,4,0,0,0,29,9,38,0,0,0,31,45,76,185,227,412,2021-11-30T23:00:00Z
13,537,Novigrad,60,91,151,26,2,28,4,4,8,3,2,5,27,11,38,0,0,0,1,3,4,121,113,234,2021-11-30T23:00:00Z
13,571,Galovac,26,57,83,10,1,11,4,4,8,3,2,5,8,9,17,0,0,0,0,2,2,51,75,126,2021-11-30T23:00:00Z
13,572,Kukljica,41,41,82,16,2,18,1,0,1,3,1,4,27,8,35,0,0,0,1,0,1,89,52,141,2021-11-30T23:00:00Z
13,573,Povljana,45,30,75,16,3,19,5,2,7,4,0,4,6,6,12,0,0,0,1,1,2,77,42,119,2021-11-30T23:00:00Z
13,574,Privlaka,116,120,236,18,11,29,0,2,2,8,0,8,21,15,36,0,0,0,4,3,7,167,151,318,2021-11-30T23:00:00Z
13,575,Tkon,86,59,145,23,5,28,2,2,4,2,0,2,46,22,68,0,0,0,1,3,4,160,91,251,2021-11-30T23:00:00Z
13,622,Kolan,115,64,179,22,3,25,4,2,6,1,0,1,20,19,39,0,0,0,2,2,4,164,90,254,2021-11-30T23:00:00Z
13,625,Vrsi,95,58,153,13,5,18,6,4,10,14,0,14,27,25,52,0,0,0,6,1,7,161,93,254,2021-11-30T23:00:00Z
14,103,Đakovo,2813,2867,5680,484,217,701,201,92,293,30,38,68,696,581,1277,0,0,0,14,13,27,4238,3808,8046,2021-11-30T23:00:00Z
14,106,Đurđenovac,548,542,1090,42,13,55,20,15,35,0,7,7,74,49,123,0,0,0,3,0,3,687,626,1313,2021-11-30T23:00:00Z
14,110,Erdut,301,195,496,38,18,56,56,14,70,2,6,8,54,43,97,0,0,0,1,0,1,452,276,728,2021-11-30T23:00:00Z
14,111,Ernestinovo,66,186,252,5,2,7,25,9,34,2,1,3,7,11,18,0,0,0,1,0,1,106,209,315,2021-11-30T23:00:00Z
14,116,Feričanci,125,120,245,26,5,31,3,0,3,0,2,2,42,15,57,0,0,0,0,0,0,196,142,338,2021-11-30T23:00:00Z
14,124,Gorjani,128,142,270,18,4,22,15,8,23,0,0,0,12,5,17,0,0,0,0,0,0,173,159,332,2021-11-30T23:00:00Z
14,13,Beli Manastir,1102,1097,2199,78,42,120,55,34,89,8,12,20,117,102,219,0,0,0,3,2,5,1363,1289,2652,2021-11-30T23:00:00Z
14,16,Belišće,1646,630,2276,68,30,98,29,7,36,2,8,10,85,103,188,0,0,0,1,3,4,1831,781,2612,2021-11-30T23:00:00Z
14,195,Kneževi Vinogradi,218,284,502,33,6,39,37,6,43,1,2,3,59,71,130,0,0,0,1,0,1,349,369,718,2021-11-30T23:00:00Z
14,2,Antunovac,159,144,303,31,12,43,14,8,22,1,0,1,15,12,27,0,0,0,0,0,0,220,176,396,2021-11-30T23:00:00Z
14,205,Koška,190,161,351,25,5,30,29,8,37,2,3,5,37,26,63,0,0,0,2,2,4,285,205,490,2021-11-30T23:00:00Z
14,21,Bilje,296,309,605,47,22,69,19,12,31,2,5,7,63,46,109,0,0,0,0,1,1,427,395,822,2021-11-30T23:00:00Z
14,23,Bizovac,223,244,467,27,11,38,25,11,36,2,3,5,26,34,60,0,0,0,7,13,20,310,316,626,2021-11-30T23:00:00Z
14,230,Levanjska Varoš,39,52,91,3,2,5,11,8,19,0,0,0,1,4,5,0,0,0,0,1,1,54,67,121,2021-11-30T23:00:00Z
14,257,Marijanci,102,68,170,7,5,12,12,1,13,0,0,0,18,22,40,0,0,0,1,1,2,140,97,237,2021-11-30T23:00:00Z
14,271,Moslavina Podravska,21,45,66,4,2,6,17,6,23,0,0,0,12,11,23,0,0,0,0,0,0,54,64,118,2021-11-30T23:00:00Z
14,278,Našice,2187,1765,3952,169,83,252,57,23,80,23,34,57,273,225,498,0,0,0,10,5,15,2719,2135,4854,2021-11-30T23:00:00Z
14,312,Osijek,23842,22261,46103,927,660,1587,107,40,147,181,185,366,760,1134,1894,1,0,1,41,35,76,25859,24315,50174,2021-11-30T23:00:00Z
14,325,Petlovac,54,35,89,4,4,8,14,0,14,0,0,0,14,7,21,0,0,0,0,0,0,86,46,132,2021-11-30T23:00:00Z
14,327,Petrijevci,294,215,509,20,3,23,5,4,9,0,0,0,12,9,21,0,0,0,2,3,5,333,234,567,2021-11-30T23:00:00Z
14,340,Podgorač,101,107,208,26,8,34,27,5,32,1,3,4,24,34,58,0,0,0,0,0,0,179,157,336,2021-11-30T23:00:00Z
14,346,Popovac,53,57,110,2,3,5,5,5,10,0,0,0,6,7,13,0,0,0,0,0,0,66,72,138,2021-11-30T23:00:00Z
14,361,Punitovci,48,51,99,22,3,25,17,4,21,0,0,0,37,8,45,0,0,0,0,0,0,124,66,190,2021-11-30T23:00:00Z
14,381,Satnica Đakovačka,117,82,199,22,5,27,10,3,13,0,0,0,46,29,75,0,0,0,0,0,0,195,119,314,2021-11-30T23:00:00Z
14,386,Semeljci,242,205,447,47,18,65,56,26,82,1,1,2,74,41,115,0,0,0,0,1,1,420,292,712,2021-11-30T23:00:00Z
14,421,Strizivojna,316,294,610,18,8,26,19,3,22,0,0,0,20,10,30,0,0,0,1,1,2,374,316,690,2021-11-30T23:00:00Z
14,461,Trnava,52,57,109,7,3,10,13,7,20,0,0,0,13,3,16,0,0,0,0,0,0,85,70,155,2021-11-30T23:00:00Z
14,471,Valpovo,865,1058,1923,71,57,128,48,18,66,13,23,36,82,103,185,0,0,0,10,7,17,1089,1266,2355,2021-11-30T23:00:00Z
14,485,Viljevo,42,70,112,11,0,11,25,5,30,0,0,0,16,11,27,0,0,0,0,1,1,94,87,181,2021-11-30T23:00:00Z
14,494,Viškovci,209,215,424,23,6,29,17,5,22,0,0,0,20,7,27,0,0,0,1,0,1,270,233,503,2021-11-30T23:00:00Z
14,517,Vuka,41,58,99,16,2,18,15,4,19,0,0,0,20,10,30,0,0,0,0,0,0,92,74,166,2021-11-30T23:00:00Z
14,576,Donja Motičina,22,61,83,9,3,12,1,1,2,0,0,0,13,7,20,0,0,0,0,0,0,45,72,117,2021-11-30T23:00:00Z
14,578,Magadenovac,96,113,209,5,2,7,28,10,38,0,1,1,20,23,43,0,0,0,1,0,1,150,149,299,2021-11-30T23:00:00Z
14,579,Vladislavci,134,126,260,3,0,3,8,4,12,0,0,0,7,5,12,0,0,0,0,0,0,152,135,287,2021-11-30T23:00:00Z
14,609,Jagodnjak,136,76,212,7,2,9,24,6,30,0,0,0,9,3,12,0,0,0,0,0,0,176,87,263,2021-11-30T23:00:00Z
14,614,Šodolovci,23,34,57,0,0,0,0,0,0,0,0,0,8,5,13,0,0,0,0,0,0,31,39,70,2021-11-30T23:00:00Z
14,64,Čeminac,67,92,159,12,0,12,5,2,7,0,0,0,16,8,24,0,0,0,0,0,0,100,102,202,2021-11-30T23:00:00Z
14,65,Čepin,668,471,1139,100,31,131,51,29,80,4,6,10,128,97,225,0,0,0,2,5,7,953,639,1592,2021-11-30T23:00:00Z
14,66,Darda,1761,910,2671,56,30,86,37,5,42,2,4,6,59,52,111,0,0,0,1,2,3,1916,1003,2919,2021-11-30T23:00:00Z
14,86,Donji Miholjac,1167,977,2144,92,51,143,158,36,194,4,16,20,156,120,276,0,0,0,1,2,3,1578,1202,2780,2021-11-30T23:00:00Z
14,91,Draž,81,127,208,10,3,13,16,6,22,0,0,0,9,12,21,0,0,0,0,1,1,116,149,265,2021-11-30T23:00:00Z
14,94,Drenje,97,132,229,32,7,39,48,18,66,0,1,1,14,21,35,0,0,0,0,0,0,191,179,370,2021-11-30T23:00:00Z
15,113,Ervenik,40,49,89,1,0,1,4,1,5,0,0,0,3,1,4,0,0,0,0,0,0,48,51,99,2021-11-30T23:00:00Z
15,183,Kijevo,33,32,65,2,0,2,0,0,0,0,0,0,0,0,0,0,0,0,0,0,0,35,32,67,2021-11-30T23:00:00Z
15,184,Kistanje,58,77,135,17,4,21,1,1,2,1,0,1,13,9,22,0,0,0,0,0,0,90,91,181,2021-11-30T23:00:00Z
15,196,Knin,1521,1466,2987,126,69,195,59,18,77,32,5,37,125,140,265,0,0,0,3,3,6,1866,1701,3567,2021-11-30T23:00:00Z
15,298,Promina,107,91,198,1,1,2,1,2,3,0,0,0,1,1,2,0,0,0,0,0,0,110,95,205,2021-11-30T23:00:00Z
15,310,Biskupija,102,28,130,1,0,1,2,1,3,1,0,1,0,0,0,0,0,0,0,0,0,106,29,135,2021-11-30T23:00:00Z
15,357,Primošten,263,294,557,76,21,97,4,2,6,9,0,9,45,29,74,0,1,1,3,3,6,400,350,750,2021-11-30T23:00:00Z
15,377,Ružić,28,39,67,4,1,5,6,6,12,0,0,0,3,8,11,0,0,0,0,0,0,41,54,95,2021-11-30T23:00:00Z
15,394,Skradin,117,141,258,44,12,56,21,7,28,3,2,5,25,25,50,0,0,0,3,2,5,213,189,402,2021-11-30T23:00:00Z
15,444,Šibenik,7757,8222,15979,631,337,968,38,16,54,189,96,285,604,663,1267,0,0,0,27,54,81,9246,9388,18634,2021-11-30T23:00:00Z
15,454,Tisno,307,247,554,99,28,127,4,0,4,8,3,11,58,44,102,0,0,0,1,4,5,477,326,803,2021-11-30T23:00:00Z
15,469,Unešić,44,63,107,9,0,9,4,1,5,1,0,1,19,6,25,0,0,0,0,0,0,77,70,147,2021-11-30T23:00:00Z
15,500,Vodice,828,979,1807,247,87,334,14,4,18,11,8,19,229,137,366,0,0,0,17,43,60,1346,1258,2604,2021-11-30T23:00:00Z
15,51,Civljane,50,9,59,1,1,2,0,0,0,0,0,0,3,3,6,0,0,0,0,0,0,54,13,67,2021-11-30T23:00:00Z
15,581,Pirovac,134,155,289,28,13,41,6,2,8,3,2,5,49,34,83,0,0,0,0,0,0,220,206,426,2021-11-30T23:00:00Z
15,582,Rogoznica,234,212,446,48,12,60,2,1,3,9,1,10,43,41,84,0,0,0,2,2,4,338,269,607,2021-11-30T23:00:00Z
15,617,Murter,240,249,489,48,26,74,5,1,6,17,3,20,62,38,100,0,0,0,12,10,22,384,327,711,2021-11-30T23:00:00Z
15,621,Bilice,78,45,123,25,6,31,0,0,0,5,0,5,16,11,27,0,0,0,0,0,0,124,62,186,2021-11-30T23:00:00Z
15,626,Tribunj,80,89,169,18,10,28,1,0,1,4,0,4,55,23,78,0,0,0,1,1,2,159,123,282,2021-11-30T23:00:00Z
15,95,Drniš,910,613,1523,72,52,124,52,22,74,6,5,11,92,90,182,0,0,0,1,1,2,1133,783,1916,2021-11-30T23:00:00Z
16,1,Andrijaševci,74,121,195,27,12,39,12,5,17,2,1,3,35,33,68,0,0,0,0,3,3,150,175,325,2021-11-30T23:00:00Z
16,137,Gradište,97,87,184,17,4,21,33,5,38,0,1,1,14,16,30,0,0,0,0,1,1,161,114,275,2021-11-30T23:00:00Z
16,141,Gunja,206,112,318,29,10,39,42,15,57,2,1,3,38,8,46,0,0,0,0,3,3,317,149,466,2021-11-30T23:00:00Z
16,154,Ilok,454,530,984,64,24,88,49,18,67,2,3,5,108,89,197,0,0,0,0,3,3,677,667,1344,2021-11-30T23:00:00Z
16,159,Ivankovo,327,392,719,71,31,102,51,13,64,2,5,7,124,69,193,0,0,0,3,2,5,578,512,1090,2021-11-30T23:00:00Z
16,166,Jarmina,29,78,107,14,7,21,25,10,35,0,2,2,18,14,32,0,0,0,1,5,6,87,116,203,2021-11-30T23:00:00Z
16,239,Lovas,57,63,120,6,0,6,14,1,15,1,0,1,5,6,11,0,0,0,0,0,0,83,70,153,2021-11-30T23:00:00Z
16,26,Bogdanovci,28,16,44,3,0,3,7,4,11,0,0,0,17,5,22,0,0,0,0,0,0,55,25,80,2021-11-30T23:00:00Z
16,29,Borovo,71,105,176,45,14,59,27,7,34,2,3,5,60,73,133,0,0,0,2,2,4,207,204,411,2021-11-30T23:00:00Z
16,294,Nuštar,230,292,522,35,20,55,26,6,32,2,1,3,38,34,72,0,0,0,1,1,2,332,354,686,2021-11-30T23:00:00Z
16,295,Nijemci,182,184,366,23,7,30,89,26,115,1,1,2,45,30,75,0,0,0,0,2,2,340,250,590,2021-11-30T23:00:00Z
16,3,Babina Greda,130,134,264,29,14,43,78,28,106,3,0,3,32,38,70,0,0,0,0,1,1,272,215,487,2021-11-30T23:00:00Z
16,32,Bošnjaci,124,104,228,23,6,29,37,7,44,3,0,3,31,33,64,0,0,0,0,0,0,218,150,368,2021-11-30T23:00:00Z
16,414,Stari Jankovci,132,118,250,21,3,24,39,8,47,1,0,1,32,17,49,0,0,0,0,1,1,225,147,372,2021-11-30T23:00:00Z
16,415,Stari Mikanovci,91,124,215,17,11,28,22,12,34,2,1,3,30,38,68,0,0,0,0,0,0,162,186,348,2021-11-30T23:00:00Z
16,44,Cerna,412,209,621,37,22,59,47,17,64,2,1,3,77,64,141,0,0,0,1,0,1,576,313,889,2021-11-30T23:00:00Z
16,456,Tompojevci,19,41,60,15,4,19,38,12,50,0,0,0,14,10,24,0,0,0,0,0,0,86,67,153,2021-11-30T23:00:00Z
16,458,Tordinci,95,91,186,7,2,9,11,0,11,1,0,1,9,8,17,0,0,0,0,0,0,123,101,224,2021-11-30T23:00:00Z
16,459,Tovarnik,148,128,276,20,3,23,47,22,69,1,1,2,12,18,30,0,0,0,0,2,2,228,174,402,2021-11-30T23:00:00Z
16,464,Trpinja,104,184,288,24,8,32,84,14,98,2,0,2,33,23,56,0,0,0,0,0,0,247,229,476,2021-11-30T23:00:00Z
16,487,Vinkovci,8075,6357,14432,297,183,480,45,23,68,57,52,109,454,634,1088,1,0,1,11,14,25,8940,7263,16203,2021-11-30T23:00:00Z
16,505,Vrbanja,274,122,396,27,12,39,68,17,85,2,1,3,30,28,58,0,0,0,0,0,0,401,180,581,2021-11-30T23:00:00Z
16,518,Vukovar,4306,4555,8861,290,145,435,97,41,138,27,31,58,409,409,818,0,0,0,8,9,17,5137,5190,10327,2021-11-30T23:00:00Z
16,534,Županja,2080,1539,3619,140,54,194,38,10,48,19,20,39,174,195,369,1,0,1,5,6,11,2457,1824,4281,2021-11-30T23:00:00Z
16,535,Otok (Vinkovci),393,267,660,37,20,57,63,12,75,8,1,9,68,56,124,0,0,0,2,2,4,571,358,929,2021-11-30T23:00:00Z
16,583,Privlaka,100,78,178,16,4,20,22,8,30,0,2,2,15,20,35,0,0,0,0,0,0,153,112,265,2021-11-30T23:00:00Z
16,584,Vođinci,41,150,191,14,2,16,7,5,12,0,1,1,19,12,31,0,0,0,0,1,1,81,171,252,2021-11-30T23:00:00Z
16,610,Markušica,38,51,89,10,4,14,54,15,69,0,1,1,9,13,22,0,0,0,1,1,2,112,85,197,2021-11-30T23:00:00Z
16,612,Negoslavci,28,12,40,5,1,6,12,3,15,1,0,1,15,14,29,0,0,0,0,0,0,61,30,91,2021-11-30T23:00:00Z
16,628,Štitar,77,61,138,6,0,6,13,4,17,0,1,1,11,9,20,0,0,0,0,0,0,107,75,182,2021-11-30T23:00:00Z
16,92,Drenovci,103,156,259,41,5,46,105,36,141,1,0,1,45,42,87,0,0,0,0,1,1,295,240,535,2021-11-30T23:00:00Z
17,100,Dugi Rat,516,587,1103,78,35,113,1,2,3,25,3,28,138,98,236,0,0,0,11,16,27,769,741,1510,2021-11-30T23:00:00Z
17,134,Gradac,128,149,277,40,15,55,5,1,6,3,2,5,19,23,42,0,0,0,8,23,31,203,213,416,2021-11-30T23:00:00Z
17,148,Hrvace,281,213,494,41,16,57,6,7,13,2,3,5,50,40,90,0,0,0,1,2,3,381,281,662,2021-11-30T23:00:00Z
17,153,Hvar,500,513,1013,167,61,228,15,10,25,18,8,26,127,113,240,3,0,3,38,51,89,868,756,1624,2021-11-30T23:00:00Z
17,155,Imotski,1342,1367,2709,169,94,263,13,9,22,30,14,44,126,182,308,0,0,0,11,13,24,1691,1679,3370,2021-11-30T23:00:00Z
17,171,Jelsa,292,299,591,83,23,106,31,12,43,12,0,12,100,51,151,0,0,0,16,6,22,534,391,925,2021-11-30T23:00:00Z
17,181,Kaštela,3355,3680,7035,489,238,727,21,15,36,150,37,187,503,538,1041,0,0,0,83,47,130,4601,4555,9156,2021-11-30T23:00:00Z
17,192,Klis,230,179,409,32,9,41,7,4,11,18,2,20,50,31,81,0,0,0,0,2,2,337,227,564,2021-11-30T23:00:00Z
17,197,Komiža,124,125,249,58,12,70,4,1,5,3,2,5,25,25,50,0,0,0,7,15,22,221,180,401,2021-11-30T23:00:00Z
17,243,Lovreć,127,96,223,16,9,25,4,0,4,1,0,1,27,13,40,0,0,0,2,2,4,177,120,297,2021-11-30T23:00:00Z
17,249,Makarska,2354,2295,4649,258,159,417,2,2,4,52,29,81,335,337,672,0,0,0,50,93,143,3051,2915,5966,2021-11-30T23:00:00Z
17,258,Marina,196,239,435,57,22,79,5,6,11,14,1,15,37,42,79,1,0,1,3,1,4,313,311,624,2021-11-30T23:00:00Z
17,267,Milna,72,81,153,23,5,28,5,1,6,3,0,3,14,21,35,0,0,0,4,5,9,121,113,234,2021-11-30T23:00:00Z
17,27,Bol,255,339,594,45,15,60,4,2,6,3,2,5,54,20,74,0,0,0,8,8,16,369,386,755,2021-11-30T23:00:00Z
17,280,Nerežišća,152,58,210,18,2,20,4,2,6,2,0,2,25,14,39,0,0,0,1,0,1,202,76,278,2021-11-30T23:00:00Z
17,300,Omiš,1449,1639,3088,217,82,299,12,5,17,37,16,53,293,273,566,0,0,0,12,26,38,2020,2041,4061,2021-11-30T23:00:00Z
17,314,Otok,174,227,401,51,20,71,11,0,11,2,1,3,77,47,124,0,0,0,0,1,1,315,296,611,2021-11-30T23:00:00Z
17,337,Podbablje,278,180,458,34,3,37,5,0,5,2,1,3,17,34,51,0,0,0,1,2,3,337,220,557,2021-11-30T23:00:00Z
17,339,Podgora,199,168,367,43,9,52,0,1,1,1,0,1,27,20,47,0,0,0,36,26,62,306,224,530,2021-11-30T23:00:00Z
17,341,Podstrana,809,663,1472,65,22,87,16,4,20,42,3,45,65,93,158,1,0,1,4,21,25,1002,806,1808,2021-11-30T23:00:00Z
17,350,Postira,256,222,478,34,17,51,10,3,13,0,3,3,9,13,22,0,0,0,3,1,4,312,259,571,2021-11-30T23:00:00Z
17,358,Pučišća,226,128,354,47,7,54,7,6,13,7,0,7,36,13,49,0,0,0,4,1,5,327,155,482,2021-11-30T23:00:00Z
17,382,Seget,457,348,805,33,6,39,8,3,11,8,2,10,159,68,227,0,0,0,7,9,16,672,436,1108,2021-11-30T23:00:00Z
17,383,Selca,144,122,266,44,13,57,10,3,13,5,1,6,68,25,93,0,0,0,0,3,3,271,167,438,2021-11-30T23:00:00Z
17,389,Sinj,1888,1997,3885,278,145,423,57,18,75,38,43,81,314,396,710,0,0,0,11,17,28,2586,2616,5202,2021-11-30T23:00:00Z
17,406,Solin,3641,3061,6702,262,138,400,11,6,17,121,38,159,306,314,620,0,0,0,13,7,20,4354,3564,7918,2021-11-30T23:00:00Z
17,409,Split,34790,38022,72812,1555,1111,2666,65,42,107,2145,438,2583,1490,2205,3695,4,1,5,185,202,387,40234,42021,82255,2021-11-30T23:00:00Z
17,413,Stari Grad,332,298,630,65,19,84,23,13,36,4,4,8,37,33,70,0,0,0,17,12,29,478,379,857,2021-11-30T23:00:00Z
17,423,Sućuraj,25,22,47,22,2,24,3,2,5,1,0,1,10,6,16,0,0,0,0,1,1,61,33,94,2021-11-30T23:00:00Z
17,427,Supetar,573,745,1318,105,61,166,20,7,27,21,8,29,114,118,232,0,0,0,11,5,16,844,944,1788,2021-11-30T23:00:00Z
17,443,Šestanovac,127,152,279,30,5,35,9,1,10,0,2,2,21,23,44,0,0,0,3,0,3,190,183,373,2021-11-30T23:00:00Z
17,447,Šolta,171,118,289,13,5,18,10,3,13,9,0,9,6,14,20,0,0,0,13,9,22,222,149,371,2021-11-30T23:00:00Z
17,460,Trilj,488,582,1070,117,29,146,17,7,24,13,2,15,102,135,237,0,0,0,0,6,6,737,761,1498,2021-11-30T23:00:00Z
17,463,Trogir,1746,1779,3525,315,139,454,15,4,19,56,37,93,277,390,667,0,0,0,27,46,73,2436,2395,4831,2021-11-30T23:00:00Z
17,492,Vis,223,245,468,41,14,55,17,3,20,6,2,8,34,26,60,0,0,0,21,17,38,342,307,649,2021-11-30T23:00:00Z
17,50,Cista Provo,127,164,291,25,3,28,7,0,7,0,0,0,5,7,12,0,0,0,1,2,3,165,176,341,2021-11-30T23:00:00Z
17,511,Vrgorac,952,699,1651,53,24,77,24,14,38,5,5,10,53,83,136,0,0,0,0,3,3,1087,828,1915,2021-11-30T23:00:00Z
17,513,Vrlika,91,221,312,15,3,18,13,5,18,1,0,1,25,6,31,0,0,0,1,0,1,146,235,381,2021-11-30T23:00:00Z
17,522,Zagvozd,136,79,215,16,2,18,2,0,2,1,0,1,12,7,19,0,0,0,0,0,0,167,88,255,2021-11-30T23:00:00Z
17,528,Zmijavci,93,121,214,6,3,9,1,1,2,2,0,2,29,13,42,0,0,0,1,1,2,132,139,271,2021-11-30T23:00:00Z
17,585,Dugopolje,1475,759,2234,38,11,49,5,4,9,12,1,13,65,49,114,0,0,0,0,0,0,1595,824,2419,2021-11-30T23:00:00Z
17,586,Lećevica,12,38,50,5,0,5,1,1,2,0,0,0,2,0,2,0,0,0,1,0,1,21,39,60,2021-11-30T23:00:00Z
17,587,Lokvičići,30,27,57,1,0,1,2,0,2,0,0,0,2,2,4,0,0,0,1,0,1,36,29,65,2021-11-30T23:00:00Z
17,588,Okrug,144,193,337,29,7,36,1,0,1,10,5,15,95,31,126,0,0,0,7,14,21,286,250,536,2021-11-30T23:00:00Z
17,589,Prgomet,32,36,68,7,0,7,1,1,2,0,0,0,3,1,4,0,0,0,0,0,0,43,38,81,2021-11-30T23:00:00Z
17,590,Primorski Dolac,13,59,72,5,1,6,1,2,3,0,1,1,2,3,5,0,0,0,0,0,0,21,66,87,2021-11-30T23:00:00Z
17,591,Runovići,69,64,133,10,2,12,0,1,1,0,2,2,28,39,67,0,0,0,0,1,1,107,109,216,2021-11-30T23:00:00Z
17,592,Sutivan,83,64,147,12,5,17,5,1,6,5,1,6,18,9,27,0,0,0,5,3,8,128,83,211,2021-11-30T23:00:00Z
17,593,Tučepi,211,176,387,23,12,35,1,1,2,3,3,6,31,21,52,0,0,0,7,36,43,276,249,525,2021-11-30T23:00:00Z
17,595,Zadvarje,25,25,50,7,1,8,1,1,2,0,0,0,11,6,17,0,0,0,0,2,2,44,35,79,2021-11-30T23:00:00Z
17,72,Dicmo,353,192,545,34,17,51,4,3,7,2,1,3,30,43,73,0,0,0,0,2,2,423,258,681,2021-11-30T23:00:00Z
17,77,Brela,214,195,409,23,10,33,0,1,1,1,1,2,16,20,36,0,0,0,3,9,12,257,236,493,2021-11-30T23:00:00Z
17,87,Muć,184,193,377,18,3,21,2,4,6,3,4,7,13,12,25,0,0,0,1,1,2,221,217,438,2021-11-30T23:00:00Z
17,88,Proložac,205,194,399,15,5,20,2,4,6,0,0,0,32,20,52,0,0,0,3,2,5,257,225,482,2021-11-30T23:00:00Z
17,9,Baška Voda,205,219,424,53,23,76,1,0,1,5,2,7,53,44,97,0,0,0,9,27,36,326,315,641,2021-11-30T23:00:00Z
18,132,Gračišće,39,26,65,28,4,32,11,3,14,0,0,0,37,9,46,0,0,0,0,0,0,115,42,157,2021-11-30T23:00:00Z
18,138,Grožnjan,25,21,46,15,2,17,14,5,19,0,0,0,9,10,19,0,0,0,0,2,2,63,40,103,2021-11-30T23:00:00Z
18,175,Kanfanar,514,201,715,27,6,33,4,0,4,2,0,2,21,21,42,0,0,0,2,3,5,570,231,801,2021-11-30T23:00:00Z
18,217,Kršan,299,289,588,49,14,63,8,3,11,4,0,4,112,55,167,0,0,0,1,3,4,473,364,837,2021-11-30T23:00:00Z
18,222,Labin,2554,2333,4887,248,120,368,18,10,28,23,37,60,272,220,492,0,0,0,54,66,120,3169,2786,5955,2021-11-30T23:00:00Z
18,223,Lanišće,13,15,28,4,0,4,2,0,2,0,0,0,8,3,11,0,0,0,1,1,2,28,19,47,2021-11-30T23:00:00Z
18,235,Ližnjan,137,105,242,11,3,14,2,0,2,2,0,2,24,31,55,0,0,0,7,20,27,183,159,342,2021-11-30T23:00:00Z
18,246,Lupoglav,191,89,280,11,4,15,6,2,8,0,1,1,14,12,26,0,0,0,1,0,1,223,108,331,2021-11-30T23:00:00Z
18,254,Marčana,159,197,356,37,13,50,4,2,6,3,1,4,47,19,66,0,0,0,3,1,4,253,233,486,2021-11-30T23:00:00Z
18,263,Medulin,548,523,1071,68,33,101,6,2,8,9,6,15,78,107,185,0,0,0,22,28,50,731,699,1430,2021-11-30T23:00:00Z
18,274,Motovun,96,108,204,35,13,48,21,6,27,0,1,1,44,30,74,0,0,0,2,4,6,198,162,360,2021-11-30T23:00:00Z
18,291,Novigrad,797,913,1710,116,46,162,16,3,19,3,9,12,122,103,225,0,0,0,9,34,43,1063,1108,2171,2021-11-30T23:00:00Z
18,304,Oprtalj,63,82,145,11,5,16,14,1,15,0,0,0,10,10,20,0,0,0,3,2,5,101,100,201,2021-11-30T23:00:00Z
18,321,Pazin,1970,1963,3933,302,119,421,55,27,82,17,22,39,306,207,513,0,0,0,6,12,18,2656,2350,5006,2021-11-30T23:00:00Z
18,330,Pićan,353,163,516,32,8,40,2,5,7,1,1,2,51,17,68,0,0,0,1,1,2,440,195,635,2021-11-30T23:00:00Z
18,348,Poreč,4454,4324,8778,605,305,910,48,19,67,56,49,105,498,432,930,0,0,0,128,133,261,5789,5262,11051,2021-11-30T23:00:00Z
18,359,Pula,12705,12562,25267,1222,660,1882,63,44,107,280,170,450,895,1057,1952,0,0,0,135,89,224,15300,14582,29882,2021-11-30T23:00:00Z
18,368,Raša,269,149,418,29,8,37,1,0,1,2,1,3,42,26,68,0,0,0,2,1,3,345,185,530,2021-11-30T23:00:00Z
18,374,Rovinj,2828,3042,5870,380,208,588,30,12,42,31,35,66,421,338,759,0,0,0,38,97,135,3728,3732,7460,2021-11-30T23:00:00Z
18,40,Brtonigla,124,95,219,42,13,55,23,9,32,1,1,2,39,44,83,0,0,0,2,3,5,231,165,396,2021-11-30T23:00:00Z
18,42,Buje,764,757,1521,95,47,142,29,14,43,7,8,15,61,63,124,0,0,0,4,4,8,960,893,1853,2021-11-30T23:00:00Z
18,43,Buzet,1493,1039,2532,170,66,236,22,15,37,7,4,11,121,112,233,0,0,0,8,7,15,1821,1243,3064,2021-11-30T23:00:00Z
18,431,Sveti Lovreč,54,50,104,20,8,28,3,0,3,0,1,1,41,20,61,0,0,0,0,0,0,118,79,197,2021-11-30T23:00:00Z
18,432,Sveta Nedelja,147,141,288,27,7,34,7,3,10,5,0,5,42,17,59,0,0,0,6,2,8,234,170,404,2021-11-30T23:00:00Z
18,433,Sveti Petar U Šumi,162,105,267,21,5,26,2,3,5,0,0,0,15,3,18,0,0,0,1,1,2,201,117,318,2021-11-30T23:00:00Z
18,435,Svetvinčenat,129,104,233,17,6,23,2,0,2,1,1,2,23,19,42,0,0,0,0,0,0,172,130,302,2021-11-30T23:00:00Z
18,453,Tinjan,185,105,290,39,8,47,5,1,6,1,3,4,54,28,82,0,0,0,1,1,2,285,146,431,2021-11-30T23:00:00Z
18,468,Umag,2523,2142,4665,367,155,522,31,16,47,34,33,67,297,288,585,0,0,0,29,61,90,3281,2695,5976,2021-11-30T23:00:00Z
18,47,Cerovlje,104,49,153,35,3,38,4,4,8,2,0,2,26,15,41,0,0,0,0,2,2,171,73,244,2021-11-30T23:00:00Z
18,497,Višnjan,262,240,502,43,12,55,10,4,14,1,1,2,98,35,133,0,0,0,3,1,4,417,293,710,2021-11-30T23:00:00Z
18,498,Vižinada,77,49,126,25,5,30,15,5,20,1,0,1,31,24,55,0,0,0,1,2,3,150,85,235,2021-11-30T23:00:00Z
18,5,Bale,117,103,220,21,17,38,2,2,4,0,0,0,36,11,47,0,0,0,2,1,3,178,134,312,2021-11-30T23:00:00Z
18,502,Vodnjan,772,590,1362,48,22,70,9,3,12,8,3,11,87,53,140,0,1,1,0,0,0,924,672,1596,2021-11-30T23:00:00Z
18,516,Vrsar,286,284,570,82,27,109,3,1,4,7,1,8,82,85,167,0,0,0,20,19,39,480,417,897,2021-11-30T23:00:00Z
18,531,Žminj,459,428,887,99,48,147,12,6,18,1,5,6,93,74,167,0,0,0,3,1,4,667,562,1229,2021-11-30T23:00:00Z
18,596,Karojba,108,67,175,31,6,37,2,2,4,0,0,0,47,11,58,0,1,1,0,0,0,188,87,275,2021-11-30T23:00:00Z
18,597,Kaštelir - Labinci,160,81,241,33,12,45,7,3,10,1,0,1,46,13,59,0,0,0,3,4,7,250,113,363,2021-11-30T23:00:00Z
18,6,Barban,244,103,347,39,6,45,10,5,15,0,1,1,26,24,50,0,0,0,3,1,4,322,140,462,2021-11-30T23:00:00Z
18,619,Fažana,276,226,502,25,14,39,1,1,2,4,3,7,31,18,49,0,0,0,1,3,4,338,265,603,2021-11-30T23:00:00Z
18,629,Funtana,108,95,203,14,8,22,1,1,2,0,0,0,19,23,42,0,0,0,3,7,10,145,134,279,2021-11-30T23:00:00Z
18,631,Tar-Vabriga,142,209,351,40,16,56,3,0,3,0,0,0,32,29,61,0,0,0,1,6,7,218,260,478,2021-11-30T23:00:00Z
19,198,Konavle,1166,872,2038,197,66,263,19,9,28,27,7,34,62,87,149,0,0,0,15,21,36,1486,1062,2548,2021-11-30T23:00:00Z
19,204,Korčula,632,820,1452,112,47,159,15,6,21,108,10,118,83,82,165,0,0,0,49,50,99,999,1015,2014,2021-11-30T23:00:00Z
19,219,Kula Norinska,39,39,78,11,1,12,2,0,2,1,0,1,6,7,13,0,0,0,0,0,0,59,47,106,2021-11-30T23:00:00Z
19,226,Lastovo,59,92,151,22,7,29,2,1,3,4,0,4,4,7,11,0,0,0,3,5,8,94,112,206,2021-11-30T23:00:00Z
19,25,Blato,565,404,969,61,19,80,18,5,23,11,7,18,174,47,221,0,0,0,9,6,15,838,488,1326,2021-11-30T23:00:00Z
19,264,Metković,2024,1686,3710,187,110,297,32,20,52,48,17,65,309,249,558,0,0,0,10,13,23,2610,2095,4705,2021-11-30T23:00:00Z
19,268,Mljet,175,91,266,15,8,23,3,0,3,5,2,7,6,10,16,0,0,0,3,3,6,207,114,321,2021-11-30T23:00:00Z
19,306,Opuzen,432,369,801,30,17,47,46,21,67,4,1,5,27,34,61,0,0,0,0,1,1,539,443,982,2021-11-30T23:00:00Z
19,308,Orebić,372,371,743,66,38,104,30,8,38,38,7,45,65,62,127,0,0,0,17,26,43,588,512,1100,2021-11-30T23:00:00Z
19,335,Ploče,1344,891,2235,80,44,124,23,5,28,27,6,33,95,129,224,0,0,0,2,3,5,1571,1078,2649,2021-11-30T23:00:00Z
19,343,Pojezerje,23,37,60,4,2,6,8,0,8,0,0,0,2,4,6,0,0,0,0,0,0,37,43,80,2021-11-30T23:00:00Z
19,399,Slivno,247,44,291,10,6,16,16,7,23,2,0,2,8,9,17,0,0,0,1,0,1,284,66,350,2021-11-30T23:00:00Z
19,402,Smokvica,26,70,96,12,3,15,14,4,18,7,0,7,32,7,39,0,0,0,4,1,5,95,85,180,2021-11-30T23:00:00Z
19,419,Ston,510,227,737,53,11,64,22,5,27,8,1,9,41,22,63,0,0,0,2,6,8,636,272,908,2021-11-30T23:00:00Z
19,474,Vela Luka,281,497,778,53,20,73,9,2,11,33,3,36,84,50,134,0,0,0,6,10,16,466,582,1048,2021-11-30T23:00:00Z
19,523,Zažablje,9,6,15,4,0,4,4,2,6,1,0,1,12,3,15,0,0,0,0,0,0,30,11,41,2021-11-30T23:00:00Z
19,598,Dubrovačko Primorje,139,106,245,23,5,28,4,6,10,9,2,11,40,20,60,0,0,0,4,5,9,219,144,363,2021-11-30T23:00:00Z
19,599,Janjina,89,54,143,10,4,14,9,2,11,3,1,4,8,8,16,0,0,0,2,1,3,121,70,191,2021-11-30T23:00:00Z
19,600,Lumbarda,47,51,98,34,13,47,8,2,10,6,1,7,17,11,28,0,0,0,9,9,18,121,87,208,2021-11-30T23:00:00Z
19,601,Trpanj,50,44,94,11,4,15,3,1,4,4,1,5,14,8,22,0,0,0,2,3,5,84,61,145,2021-11-30T23:00:00Z
19,602,Župa Dubrovačka,650,636,1286,117,58,175,5,5,10,60,3,63,73,69,142,0,0,0,10,12,22,915,783,1698,2021-11-30T23:00:00Z
19,98,Dubrovnik,9506,10222,19728,735,380,1115,30,15,45,515,75,590,448,569,1017,1,0,1,127,148,275,11362,11409,22771,2021-11-30T23:00:00Z
20,123,Goričan,313,154,467,8,4,12,8,2,10,0,2,2,11,11,22,0,0,0,0,0,0,340,173,513,2021-11-30T23:00:00Z
20,15,Belica,202,205,407,29,16,45,59,39,98,1,1,2,28,37,65,0,0,0,1,1,2,320,299,619,2021-11-30T23:00:00Z
20,206,Kotoriba,490,268,758,9,4,13,6,0,6,0,5,5,13,15,28,0,0,0,0,0,0,518,292,810,2021-11-30T23:00:00Z
20,250,Mala Subotica,486,1009,1495,26,20,46,35,16,51,2,5,7,41,35,76,0,0,0,0,4,4,590,1089,1679,2021-11-30T23:00:00Z
20,276,Mursko Središće,777,758,1535,45,25,70,17,6,23,2,7,9,50,55,105,0,0,0,0,1,1,891,852,1743,2021-11-30T23:00:00Z
20,279,Nedelišće,1399,811,2210,95,42,137,40,21,61,1,6,7,141,69,210,0,0,0,0,5,5,1676,954,2630,2021-11-30T23:00:00Z
20,342,Podturen,198,111,309,20,8,28,17,13,30,1,2,3,46,32,78,0,0,0,0,3,3,282,169,451,2021-11-30T23:00:00Z
20,355,Prelog,2402,1679,4081,66,18,84,48,32,80,9,10,19,68,62,130,0,0,0,3,7,10,2596,1808,4404,2021-11-30T23:00:00Z
20,385,Selnica,139,150,289,10,11,21,8,5,13,1,1,2,17,17,34,0,0,0,0,0,0,175,184,359,2021-11-30T23:00:00Z
20,440,Sveti Juraj Na Bregu,260,184,444,30,15,45,13,9,22,1,2,3,49,62,111,0,0,0,0,0,0,353,272,625,2021-11-30T23:00:00Z
20,441,Sveti Martin Na Muri,561,351,912,14,9,23,12,4,16,0,3,3,28,36,64,0,0,0,1,0,1,616,403,1019,2021-11-30T23:00:00Z
20,452,Štrigova,327,199,526,28,11,39,39,23,62,2,1,3,69,69,138,0,0,0,0,2,2,465,305,770,2021-11-30T23:00:00Z
20,504,Vratišinec,145,107,252,8,3,11,11,3,14,1,1,2,7,6,13,0,0,0,1,2,3,173,122,295,2021-11-30T23:00:00Z
20,60,Čakovec,9742,8913,18655,276,135,411,64,24,88,36,60,96,288,362,650,0,0,0,6,16,22,10412,9510,19922,2021-11-30T23:00:00Z
20,603,Dekanovec,93,75,168,5,2,7,5,5,10,0,1,1,5,2,7,0,0,0,0,1,1,108,86,194,2021-11-30T23:00:00Z
20,604,Gornji Mihaljevec,135,59,194,11,2,13,22,8,30,2,2,4,20,9,29,0,0,0,1,1,2,191,81,272,2021-11-30T23:00:00Z
20,605,Orehovica,88,137,225,16,3,19,30,11,41,1,2,3,46,20,66,0,0,0,0,3,3,181,176,357,2021-11-30T23:00:00Z
20,606,Strahoninec,245,162,407,12,5,17,3,1,4,0,1,1,38,14,52,0,0,0,0,2,2,298,185,483,2021-11-30T23:00:00Z
20,607,Sveta Marija,66,89,155,12,5,17,6,0,6,1,1,2,26,7,33,0,0,0,0,1,1,111,103,214,2021-11-30T23:00:00Z
20,608,Šenkovec,548,262,810,18,11,29,2,1,3,0,1,1,30,26,56,0,0,0,2,2,4,600,303,903,2021-11-30T23:00:00Z
20,620,Pribislavec,446,240,686,11,5,16,3,1,4,2,1,3,11,10,21,0,0,0,0,0,0,473,257,730,2021-11-30T23:00:00Z
20,75,Domašinec,245,108,353,8,10,18,20,16,36,0,1,1,18,12,30,0,0,0,2,2,4,293,149,442,2021-11-30T23:00:00Z
20,78,Donja Dubrava,192,214,406,13,7,20,5,3,8,0,1,1,13,10,23,0,0,0,0,0,0,223,235,458,2021-11-30T23:00:00Z
20,82,Donji Kraljevec,1342,651,1993,42,10,52,51,21,72,3,6,9,82,123,205,0,0,0,2,7,9,1522,818,2340,2021-11-30T23:00:00Z
20,89,Donji Vidovec,48,80,128,3,1,4,2,0,2,1,2,3,3,15,18,0,0,0,0,0,0,57,98,155,2021-11-30T23:00:00Z
21,133,Zagreb,228842,208771,437613,8050,5566,13616,294,193,487,2231,2068,4299,5603,7061,12664,23,4,27,378,554,932,245421,224217,469638,2021-11-30T23:00:00Z
01,101,Dugo Selo,2866,1950,4816,223,92,315,25,23,48,24,24,48,277,245,522,0,0,0,6,16,22,3421,2350,5771,2021-01-31T23:00:00Z
01,114,Farkaševac,176,234,410,7,4,11,28,12,40,0,2,2,37,13,50,0,0,0,0,0,0,248,265,513,2021-01-31T23:00:00Z
01,135,Gradec,158,129,287,13,2,15,13,7,20,0,1,1,39,18,57,0,0,0,0,0,0,223,157,380,2021-01-31T23:00:00Z
01,158,Ivanić-Grad,2976,1625,4601,92,74,166,52,32,84,7,20,27,153,189,342,0,0,0,11,8,19,3291,1948,5239,2021-01-31T23:00:00Z
01,163,Jakovlje,229,201,430,42,8,50,8,12,20,3,1,4,40,41,81,0,0,0,0,0,0,322,263,585,2021-01-31T23:00:00Z
01,169,Jastrebarsko,2195,1563,3758,215,116,331,62,34,96,15,19,34,242,236,478,0,0,0,6,9,15,2735,1977,4712,2021-01-31T23:00:00Z
01,190,Klinča Selo,192,158,350,37,7,44,6,3,9,0,0,0,76,49,125,0,0,0,0,1,1,311,218,529,2021-01-31T23:00:00Z
01,193,Kloštar Ivanić,382,290,672,24,9,33,19,6,25,1,11,12,59,45,104,1,0,1,2,0,2,488,361,849,2021-01-31T23:00:00Z
01,213,Križ,592,401,993,25,21,46,22,13,35,5,6,11,27,56,83,0,0,0,2,1,3,673,498,1171,2021-01-31T23:00:00Z
01,33,Brckovljani,333,317,650,8,4,12,0,0,0,1,2,3,24,15,39,0,0,0,0,0,0,366,338,704,2021-01-31T23:00:00Z
01,331,Pisarovina,393,297,690,26,17,43,23,19,42,1,2,3,23,28,51,0,0,0,2,3,5,468,366,834,2021-01-31T23:00:00Z
01,34,Brdovec,829,706,1535,100,30,130,13,8,21,3,7,10,79,57,136,0,0,0,4,4,8,1028,812,1840,2021-01-31T23:00:00Z
01,356,Preseka,17,10,27,5,2,7,13,12,25,0,1,1,18,6,24,0,0,0,1,0,1,54,31,85,2021-01-31T23:00:00Z
01,362,Pušča,165,194,359,28,14,42,8,2,10,1,3,4,51,23,74,0,0,0,0,0,0,253,236,489,2021-01-31T23:00:00Z
01,376,Rugvica,1040,451,1491,8,5,13,4,2,6,1,2,3,25,23,48,0,0,0,0,0,0,1078,483,1561,2021-01-31T23:00:00Z
01,380,Samobor,5360,3711,9071,488,290,778,28,24,52,44,72,116,520,490,1010,0,0,0,31,26,57,6471,4613,11084,2021-01-31T23:00:00Z
01,429,Sveti Ivan Zelina,2171,1857,4028,169,69,238,76,57,133,14,20,34,241,220,461,0,0,0,8,2,10,2679,2225,4904,2021-01-31T23:00:00Z
01,436,Sveta Nedjelja,5316,3112,8428,219,81,300,7,4,11,9,12,21,336,176,512,0,0,0,8,9,17,5895,3394,9289,2021-01-31T23:00:00Z
01,508,Vrbovec,2154,1946,4100,150,68,218,76,34,110,7,22,29,281,153,434,0,0,0,10,10,20,2678,2233,4911,2021-01-31T23:00:00Z
01,533,Krašić,262,179,441,27,9,36,16,11,27,4,3,7,28,33,61,0,0,0,1,1,2,338,236,574,2021-01-31T23:00:00Z
01,536,Rakovec,30,13,43,10,2,12,12,7,19,0,1,1,20,12,32,0,0,0,0,0,0,72,35,107,2021-01-31T23:00:00Z
01,539,Marija Gorica,88,91,179,14,2,16,0,0,0,1,1,2,21,23,44,0,0,0,0,0,0,124,117,241,2021-01-31T23:00:00Z
01,540,Žumberak,15,20,35,4,2,6,7,5,12,0,0,0,8,8,16,0,0,0,0,0,0,34,35,69,2021-01-31T23:00:00Z
01,541,Velika Gorica,7618,5994,13612,604,336,940,70,32,102,62,62,124,591,531,1122,0,0,0,27,28,55,8972,6983,15955,2021-01-31T23:00:00Z
01,542,Orle,42,35,77,15,1,16,9,6,15,0,0,0,11,4,15,0,0,0,0,0,0,77,46,123,2021-01-31T23:00:00Z
01,543,Zaprešić,3325,2888,6213,208,141,349,15,11,26,33,42,75,240,235,475,0,0,0,18,17,35,3839,3334,7173,2021-01-31T23:00:00Z
01,544,Pokupsko,49,80,129,10,6,16,14,7,21,0,0,0,7,9,16,0,0,0,1,0,1,81,102,183,2021-01-31T23:00:00Z
01,545,Kravarsko,115,88,203,30,7,37,6,6,12,0,0,0,66,16,82,0,0,0,1,0,1,218,117,335,2021-01-31T23:00:00Z
01,547,Bistra,356,532,888,44,24,68,7,5,12,2,8,10,60,51,111,1,0,1,1,3,4,471,623,1094,2021-01-31T23:00:00Z
01,548,Luka,235,86,321,14,2,16,2,4,6,1,1,2,22,17,39,0,0,0,0,0,0,274,110,384,2021-01-31T23:00:00Z
01,549,Dubravica,72,42,114,14,0,14,15,7,22,0,0,0,12,13,25,0,0,0,0,0,0,113,62,175,2021-01-31T23:00:00Z
01,550,Bedenica,197,148,345,11,5,16,7,5,12,1,1,2,19,12,31,0,0,0,0,0,0,235,171,406,2021-01-31T23:00:00Z
01,551,Stupnik,1297,485,1782,22,17,39,0,4,4,2,2,4,22,25,47,0,0,0,0,1,1,1343,534,1877,2021-01-31T23:00:00Z
01,97,Dubrava,308,324,632,39,20,59,66,40,106,2,13,15,69,69,138,0,0,0,5,7,12,489,473,962,2021-01-31T23:00:00Z
02,108,Đurmanec,111,136,247,59,11,70,0,2,2,3,1,4,105,95,200,0,0,0,1,0,1,279,245,524,2021-01-31T23:00:00Z
02,11,Bedekovčina,516,753,1269,89,39,128,7,8,15,6,8,14,126,111,237,0,0,0,3,3,6,747,922,1669,2021-01-31T23:00:00Z
02,125,Gornja Stubica,198,271,469,51,13,64,8,3,11,1,1,2,65,44,109,0,0,0,4,2,6,327,334,661,2021-01-31T23:00:00Z
02,146,Hraščina,48,43,91,8,2,10,2,3,5,0,1,1,4,6,10,0,0,0,0,0,0,62,55,117,2021-01-31T23:00:00Z
02,152,Hum Na Sutli,1625,610,2235,51,30,81,4,0,4,1,7,8,164,72,236,0,0,0,0,2,2,1845,721,2566,2021-01-31T23:00:00Z
02,187,Klanjec,297,251,548,63,22,85,8,6,14,5,1,6,64,45,109,0,0,0,1,2,3,438,327,765,2021-01-31T23:00:00Z
02,200,Konjščina,405,352,757,33,15,48,2,0,2,1,2,3,23,34,57,0,0,0,0,1,1,464,404,868,2021-01-31T23:00:00Z
02,208,Kraljevec Na Sutli,62,46,108,13,6,19,4,2,6,0,0,0,17,7,24,0,0,0,0,2,2,96,63,159,2021-01-31T23:00:00Z
02,211,Krapina,2725,2578,5303,173,81,254,8,5,13,18,19,37,200,172,372,0,0,0,1,3,4,3125,2858,5983,2021-01-31T23:00:00Z
02,212,Krapinske Toplice,558,1157,1715,67,35,102,3,6,9,0,5,5,114,73,187,0,0,0,0,1,1,742,1277,2019,2021-01-31T23:00:00Z
02,236,Lobor,167,206,373,20,9,29,5,5,10,0,0,0,31,14,45,0,0,0,1,2,3,224,236,460,2021-01-31T23:00:00Z
02,248,Mače,104,63,167,27,7,34,4,3,7,1,0,1,51,33,84,0,0,0,0,0,0,187,106,293,2021-01-31T23:00:00Z
02,256,Marija Bistrica,330,314,644,63,41,104,15,6,21,1,5,6,93,73,166,0,0,0,3,4,7,505,443,948,2021-01-31T23:00:00Z
02,265,Mihovljan,108,102,210,32,7,39,6,0,6,0,0,0,69,13,82,0,0,0,1,1,2,216,123,339,2021-01-31T23:00:00Z
02,311,Oroslavje,853,794,1647,78,36,114,10,2,12,6,9,15,90,75,165,0,0,0,4,2,6,1041,918,1959,2021-01-31T23:00:00Z
02,329,Petrovsko,69,45,114,15,2,17,1,0,1,5,0,5,53,11,64,0,0,0,1,0,1,144,58,202,2021-01-31T23:00:00Z
02,352,Pregrada,771,927,1698,109,31,140,4,4,8,6,8,14,149,97,246,0,0,0,0,2,2,1039,1069,2108,2021-01-31T23:00:00Z
02,364,Radoboj,135,98,233,18,10,28,1,1,2,1,3,4,52,19,71,0,0,0,0,1,1,207,132,339,2021-01-31T23:00:00Z
02,41,Budinščina,172,168,340,14,6,20,8,2,10,1,2,3,19,11,30,0,0,0,2,2,4,216,191,407,2021-01-31T23:00:00Z
02,422,Stubičke Toplice,238,395,633,31,15,46,0,1,1,3,6,9,64,28,92,0,0,0,1,1,2,337,446,783,2021-01-31T23:00:00Z
02,430,Sveti Križ Začretje,639,748,1387,72,22,94,9,5,14,2,3,5,137,99,236,0,0,0,5,1,6,864,878,1742,2021-01-31T23:00:00Z
02,466,Tuhelj,127,194,321,17,12,29,4,1,5,1,2,3,29,33,62,0,0,0,0,0,0,178,242,420,2021-01-31T23:00:00Z
02,481,Veliko Trgovišće,505,306,811,51,16,67,4,5,9,2,5,7,104,53,157,0,0,0,4,1,5,670,386,1056,2021-01-31T23:00:00Z
02,519,Zabok,2781,2687,5468,141,79,220,5,4,9,14,18,32,199,338,537,0,0,0,1,3,4,3141,3129,6270,2021-01-31T23:00:00Z
02,521,Zagorska Sela,13,56,69,8,1,9,6,1,7,0,1,1,15,4,19,0,0,0,0,0,0,42,63,105,2021-01-31T23:00:00Z
02,526,Zlatar,518,650,1168,92,42,134,22,14,36,8,10,18,89,76,165,0,0,0,2,6,8,731,798,1529,2021-01-31T23:00:00Z
02,527,Zlatar Bistrica,350,580,930,26,9,35,3,2,5,4,0,4,70,40,110,0,0,0,3,3,6,456,634,1090,2021-01-31T23:00:00Z
02,552,Jesenje,57,60,117,10,1,11,0,1,1,0,0,0,45,6,51,0,0,0,0,0,0,112,68,180,2021-01-31T23:00:00Z
02,553,Kumrovec,82,97,179,18,4,22,2,0,2,2,1,3,23,17,40,0,0,0,0,0,0,127,119,246,2021-01-31T23:00:00Z
02,554,Novi Golubovec,138,50,188,4,2,6,1,0,1,0,0,0,6,2,8,0,0,0,0,0,0,149,54,203,2021-01-31T23:00:00Z
02,70,Desinić,146,282,428,31,7,38,9,1,10,2,1,3,32,32,64,0,0,0,0,1,1,220,324,544,2021-01-31T23:00:00Z
02,79,Donja Stubica,804,766,1570,93,46,139,5,3,8,7,3,10,88,58,146,0,0,0,1,5,6,998,881,1879,2021-01-31T23:00:00Z
03,102,Dvor,258,141,399,13,4,17,66,19,85,0,3,3,10,9,19,0,0,0,2,1,3,349,177,526,2021-01-31T23:00:00Z
03,121,Glina,1158,723,1881,39,20,59,55,23,78,3,13,16,68,69,137,0,0,0,0,0,0,1323,848,2171,2021-01-31T23:00:00Z
03,149,Hrvatska Dubica,96,90,186,8,2,10,12,3,15,0,0,0,5,4,9,0,0,0,0,0,0,121,99,220,2021-01-31T23:00:00Z
03,150,Hrvatska Kostajnica,329,287,616,17,10,27,11,2,13,1,3,4,7,13,20,0,0,0,2,0,2,367,315,682,2021-01-31T23:00:00Z
03,168,Jasenovac,132,151,283,12,3,15,12,6,18,0,0,0,11,8,19,0,0,0,0,0,0,167,168,335,2021-01-31T23:00:00Z
03,220,Kutina,3631,2905,6536,172,102,274,39,23,62,31,22,53,196,240,436,1,0,1,12,8,20,4082,3300,7382,2021-01-31T23:00:00Z
03,228,Lekenik,290,230,520,36,10,46,7,10,17,1,5,6,36,27,63,0,0,0,0,2,2,370,284,654,2021-01-31T23:00:00Z
03,232,Lipovljani,284,262,546,25,11,36,12,3,15,2,0,2,26,38,64,0,0,0,0,1,1,349,315,664,2021-01-31T23:00:00Z
03,259,Martinska Ves,133,65,198,9,2,11,33,17,50,1,0,1,38,16,54,0,0,0,0,0,0,214,100,314,2021-01-31T23:00:00Z
03,293,Novska,1316,1023,2339,160,94,254,33,12,45,8,21,29,242,237,479,0,0,0,5,2,7,1764,1389,3153,2021-01-31T23:00:00Z
03,328,Petrinja,1523,1672,3195,206,81,287,63,19,82,7,29,36,247,254,501,0,0,0,9,8,17,2055,2063,4118,2021-01-31T23:00:00Z
03,347,Popovača,862,966,1828,80,37,117,48,15,63,8,11,19,94,116,210,0,0,0,6,2,8,1098,1147,2245,2021-01-31T23:00:00Z
03,391,Sisak,6877,8095,14972,362,216,578,104,62,166,46,78,124,550,566,1116,0,0,0,27,20,47,7966,9037,17003,2021-01-31T23:00:00Z
03,426,Sunja,191,145,336,23,8,31,42,35,77,1,3,4,13,21,34,0,0,0,2,0,2,272,212,484,2021-01-31T23:00:00Z
03,457,Topusko,243,315,558,19,6,25,4,2,6,3,0,3,27,31,58,0,0,0,1,0,1,297,354,651,2021-01-31T23:00:00Z
03,477,Velika Ludina,109,137,246,10,8,18,13,4,17,0,0,0,26,23,49,0,0,0,0,0,0,158,172,330,2021-01-31T23:00:00Z
03,510,Gvozd,106,111,217,7,4,11,20,3,23,0,0,0,14,10,24,0,0,0,2,0,2,149,128,277,2021-01-31T23:00:00Z
03,555,Majur,104,101,205,0,1,1,5,1,6,0,0,0,2,0,2,0,0,0,0,0,0,111,103,214,2021-01-31T23:00:00Z
03,83,Donji Kukuruzari,53,57,110,4,0,4,5,3,8,0,0,0,2,3,5,0,0,0,2,0,2,66,63,129,2021-01-31T23:00:00Z
04,120,Generalski Stol,32,65,97,20,6,26,1,0,1,0,1,1,23,12,35,0,0,0,0,0,0,76,84,160,2021-01-31T23:00:00Z
04,172,Josipdol,202,165,367,28,17,45,3,9,12,2,1,3,38,53,91,0,0,0,0,1,1,273,246,519,2021-01-31T23:00:00Z
04,179,Karlovac,10497,8690,19187,400,282,682,77,48,125,73,92,165,599,780,1379,0,0,0,18,23,41,11664,9915,21579,2021-01-31T23:00:00Z
04,216,Krnjak,112,68,180,2,2,4,6,3,9,0,0,0,10,3,13,0,0,0,0,0,0,130,76,206,2021-01-31T23:00:00Z
04,225,Lasinja,85,47,132,5,1,6,0,5,5,2,0,2,7,7,14,0,0,0,0,0,0,99,60,159,2021-01-31T23:00:00Z
04,281,Netretić,75,84,159,15,3,18,3,1,4,1,1,2,42,33,75,0,0,0,0,0,0,136,122,258,2021-01-31T23:00:00Z
04,297,Ogulin,1761,1684,3445,148,83,231,32,13,45,9,29,38,132,176,308,0,0,0,6,8,14,2088,1993,4081,2021-01-31T23:00:00Z
04,30,Bosiljevo,103,86,189,5,0,5,0,0,0,1,1,2,32,29,61,0,0,0,0,0,0,141,116,257,2021-01-31T23:00:00Z
04,315,Ozalj,786,602,1388,89,29,118,17,16,33,4,11,15,129,99,228,0,0,0,5,4,9,1030,761,1791,2021-01-31T23:00:00Z
04,333,Plaški,78,108,186,10,4,14,9,2,11,0,0,0,32,20,52,0,0,0,0,0,0,129,134,263,2021-01-31T23:00:00Z
04,365,Rakovica,130,110,240,5,12,17,3,4,7,0,1,1,58,44,102,0,0,0,1,0,1,197,171,368,2021-01-31T23:00:00Z
04,378,Saborsko,14,13,27,2,1,3,1,0,1,0,0,0,7,2,9,0,0,0,0,0,0,24,16,40,2021-01-31T23:00:00Z
04,400,Slunj,331,388,719,45,16,61,25,16,41,3,3,6,118,85,203,0,0,0,2,15,17,524,523,1047,2021-01-31T23:00:00Z
04,49,Cetingrad,61,54,115,6,1,7,3,4,7,0,0,0,9,9,18,0,0,0,0,0,0,79,68,147,2021-01-31T23:00:00Z
04,503,Vojnić,391,251,642,21,13,34,38,9,47,2,0,2,27,34,61,0,0,0,1,4,5,480,311,791,2021-01-31T23:00:00Z
04,530,Žakanje,136,97,233,24,12,36,7,1,8,0,0,0,26,33,59,0,0,0,0,1,1,193,144,337,2021-01-31T23:00:00Z
04,556,Ribnik,6,3,9,10,4,14,1,2,3,0,0,0,7,11,18,0,0,0,0,0,0,24,20,44,2021-01-31T23:00:00Z
04,557,Tounj,67,27,94,3,0,3,0,0,0,0,0,0,3,4,7,0,0,0,0,0,0,73,31,104,2021-01-31T23:00:00Z
04,623,Kamanje,159,105,264,3,3,6,0,0,0,0,0,0,3,14,17,0,0,0,0,0,0,165,122,287,2021-01-31T23:00:00Z
04,7,Barilovići,278,146,424,20,9,29,7,1,8,0,1,1,118,33,151,0,0,0,0,0,0,423,190,613,2021-01-31T23:00:00Z
04,90,Draganić,135,110,245,13,4,17,7,3,10,1,2,3,21,34,55,0,0,0,0,0,0,177,153,330,2021-01-31T23:00:00Z
04,99,Duga Resa,1138,978,2116,131,60,191,16,15,31,5,18,23,188,201,389,0,0,0,5,9,14,1483,1281,2764,2021-01-31T23:00:00Z
05,12,Bednja,203,159,362,22,8,30,2,8,10,2,1,3,18,21,39,0,0,0,0,0,0,247,197,444,2021-01-31T23:00:00Z
05,129,Gornji Kneginec,522,1209,1731,47,25,72,12,4,16,1,7,8,87,61,148,0,0,0,6,6,12,675,1312,1987,2021-01-31T23:00:00Z
05,151,Breznički Hum,194,143,337,13,5,18,8,7,15,0,2,2,20,16,36,0,0,0,3,4,7,238,177,415,2021-01-31T23:00:00Z
05,156,Ivanec,1974,1708,3682,158,64,222,13,11,24,12,16,28,289,258,547,0,0,0,6,15,21,2452,2072,4524,2021-01-31T23:00:00Z
05,165,Jalžabet,731,1045,1776,21,3,24,11,6,17,0,3,3,35,21,56,0,0,0,0,1,1,798,1079,1877,2021-01-31T23:00:00Z
05,189,Klenovnik,95,52,147,8,4,12,1,1,2,1,2,3,23,25,48,0,0,0,2,0,2,130,84,214,2021-01-31T23:00:00Z
05,19,Beretinec,65,35,100,17,2,19,4,3,7,0,1,1,15,21,36,0,0,0,1,1,2,102,63,165,2021-01-31T23:00:00Z
05,229,Lepoglava,1192,556,1748,50,30,80,7,4,11,1,5,6,97,73,170,0,0,0,1,7,8,1348,675,2023,2021-01-31T23:00:00Z
05,244,Ludbreg,1766,1458,3224,103,58,161,41,37,78,9,14,23,242,178,420,0,0,0,5,10,15,2166,1755,3921,2021-01-31T23:00:00Z
05,247,Ljubešćica,309,138,447,31,6,37,1,0,1,1,3,4,104,26,130,0,0,0,1,0,1,447,173,620,2021-01-31T23:00:00Z
05,251,Mali Bukovec,35,86,121,13,6,19,28,16,44,0,2,2,101,37,138,0,0,0,0,1,1,177,148,325,2021-01-31T23:00:00Z
05,260,Maruševec,368,280,648,46,25,71,27,26,53,3,5,8,98,44,142,0,0,0,4,2,6,546,382,928,2021-01-31T23:00:00Z
05,289,Novi Marof,1212,1201,2413,158,66,224,18,10,28,8,15,23,280,169,449,0,0,0,7,4,11,1683,1465,3148,2021-01-31T23:00:00Z
05,326,Petrijanec,387,665,1052,24,7,31,17,9,26,1,3,4,86,81,167,0,0,0,0,1,1,515,766,1281,2021-01-31T23:00:00Z
05,36,Breznica,159,54,213,18,3,21,3,5,8,1,6,7,18,14,32,0,0,0,0,0,0,199,82,281,2021-01-31T23:00:00Z
05,410,Sračinec,228,244,472,42,11,53,2,2,4,1,6,7,80,58,138,0,0,0,0,2,2,353,323,676,2021-01-31T23:00:00Z
05,437,Sveti Đurđ,68,94,162,31,4,35,27,9,36,3,1,4,37,32,69,0,0,0,1,0,1,167,140,307,2021-01-31T23:00:00Z
05,438,Sveti Ilija,155,158,313,13,8,21,2,1,3,1,4,5,46,26,72,0,0,0,1,0,1,218,197,415,2021-01-31T23:00:00Z
05,462,Trnovec Bartolovečki,1363,1564,2927,65,12,77,18,7,25,1,3,4,197,84,281,0,0,0,0,2,2,1644,1672,3316,2021-01-31T23:00:00Z
05,472,Varaždin,16292,15107,31399,478,334,812,41,24,65,81,123,204,526,631,1157,0,0,0,22,19,41,17440,16238,33678,2021-01-31T23:00:00Z
05,473,Varaždinske Toplice,581,434,1015,49,17,66,10,7,17,2,8,10,197,48,245,0,0,0,2,2,4,841,516,1357,2021-01-31T23:00:00Z
05,48,Cestica,408,372,780,46,24,70,13,20,33,2,4,6,93,73,166,0,0,0,0,2,2,562,495,1057,2021-01-31T23:00:00Z
05,484,Vidovec,223,243,466,52,16,68,67,31,98,2,5,7,105,91,196,0,0,0,0,0,0,449,386,835,2021-01-31T23:00:00Z
05,486,Vinica,268,209,477,23,9,32,5,5,10,1,5,6,31,23,54,0,0,0,0,1,1,328,252,580,2021-01-31T23:00:00Z
05,493,Visoko,91,45,136,17,0,17,6,4,10,0,1,1,22,22,44,0,0,0,1,0,1,137,72,209,2021-01-31T23:00:00Z
05,558,Veliki Bukovec,412,319,731,5,3,8,27,15,42,0,2,2,36,26,62,0,0,0,0,0,0,480,365,845,2021-01-31T23:00:00Z
05,80,Donja Voća,83,52,135,8,1,9,7,9,16,0,1,1,29,20,49,0,0,0,0,0,0,127,83,210,2021-01-31T23:00:00Z
05,85,Donji Martijanec,341,177,518,25,8,33,21,6,27,1,1,2,56,34,90,0,0,0,0,0,0,444,226,670,2021-01-31T23:00:00Z
06,104,Đelekovec,21,45,66,19,7,26,44,13,57,0,1,1,16,9,25,0,0,0,3,1,4,103,76,179,2021-01-31T23:00:00Z
06,107,Đurđevac,1293,1087,2380,79,41,120,81,52,133,12,11,23,85,76,161,0,0,0,12,7,19,1562,1274,2836,2021-01-31T23:00:00Z
06,115,Ferdinandovac,29,74,103,8,2,10,45,36,81,1,1,2,8,4,12,0,0,0,0,1,1,91,118,209,2021-01-31T23:00:00Z
06,122,Gola,170,151,321,12,2,14,94,42,136,0,2,2,7,19,26,0,0,0,3,0,3,286,216,502,2021-01-31T23:00:00Z
06,145,Hlebine,9,21,30,1,0,1,13,5,18,1,0,1,1,11,12,0,0,0,1,0,1,26,37,63,2021-01-31T23:00:00Z
06,194,Kloštar Podravski,166,147,313,19,10,29,42,35,77,0,1,1,29,39,68,0,0,0,1,1,2,257,233,490,2021-01-31T23:00:00Z
06,201,Koprivnica,7070,7476,14546,328,177,505,59,29,88,60,72,132,381,410,791,0,1,1,18,18,36,7916,8183,16099,2021-01-31T23:00:00Z
06,202,Koprivnički Bregi,63,72,135,14,5,19,23,6,29,0,1,1,28,11,39,0,0,0,1,0,1,129,95,224,2021-01-31T23:00:00Z
06,203,Koprivnički Ivanec,59,54,113,24,2,26,21,6,27,0,1,1,23,10,33,0,0,0,0,1,1,127,74,201,2021-01-31T23:00:00Z
06,214,Križevci,3262,3462,6724,157,93,250,240,189,429,12,27,39,235,211,446,0,0,0,9,7,16,3915,3989,7904,2021-01-31T23:00:00Z
06,227,Legrad,50,72,122,13,4,17,22,10,32,0,2,2,24,16,40,0,0,0,0,0,0,109,104,213,2021-01-31T23:00:00Z
06,270,Molve,240,112,352,6,9,15,62,30,92,1,2,3,36,21,57,0,0,0,2,1,3,347,175,522,2021-01-31T23:00:00Z
06,292,Novigrad Podravski,84,127,211,9,2,11,20,11,31,0,2,2,13,17,30,0,0,0,1,1,2,127,160,287,2021-01-31T23:00:00Z
06,324,Peteranec,75,43,118,14,4,18,21,9,30,0,1,1,27,12,39,0,0,0,1,0,1,138,69,207,2021-01-31T23:00:00Z
06,366,Rasinja,50,73,123,18,4,22,54,25,79,2,1,3,24,25,49,0,0,0,1,2,3,149,130,279,2021-01-31T23:00:00Z
06,405,Sokolovac,207,69,276,16,2,18,44,21,65,4,5,9,26,10,36,0,0,0,0,0,0,297,107,404,2021-01-31T23:00:00Z
06,439,Sveti Ivan Žabno,256,208,464,38,17,55,102,57,159,1,3,4,54,52,106,0,0,0,0,1,1,451,338,789,2021-01-31T23:00:00Z
06,442,Sveti Petar Orehovec,120,104,224,30,5,35,148,142,290,0,1,1,34,15,49,0,0,0,1,0,1,333,267,600,2021-01-31T23:00:00Z
06,490,Virje,267,200,467,29,10,39,46,28,74,3,1,4,32,35,67,0,0,0,3,2,5,380,276,656,2021-01-31T23:00:00Z
06,559,Kalinovac,402,98,500,4,1,5,10,2,12,0,0,0,7,9,16,0,0,0,2,0,2,425,110,535,2021-01-31T23:00:00Z
06,560,Kalnik,40,52,92,3,4,7,19,25,44,0,1,1,7,4,11,0,0,0,0,0,0,69,86,155,2021-01-31T23:00:00Z
06,561,Novo Virje,47,37,84,2,0,2,40,25,65,0,0,0,15,5,20,0,0,0,0,0,0,104,67,171,2021-01-31T23:00:00Z
06,616,Podravske Sesvete,97,102,199,3,5,8,23,13,36,2,0,2,4,10,14,0,0,0,0,1,1,129,131,260,2021-01-31T23:00:00Z
06,618,Gornja Reka,81,84,165,6,3,9,8,8,16,0,0,0,7,4,11,0,0,0,0,0,0,102,99,201,2021-01-31T23:00:00Z
06,96,Drnje,103,108,211,9,1,10,19,9,28,0,5,5,5,10,15,0,0,0,0,0,0,136,133,269,2021-01-31T23:00:00Z
07,105,Đulovac,270,61,331,8,8,16,34,14,48,2,5,7,102,24,126,0,0,0,0,0,0,416,112,528,2021-01-31T23:00:00Z
07,119,Garešnica,1056,1057,2113,52,31,83,60,36,96,15,18,33,105,128,233,0,0,0,3,5,8,1291,1275,2566,2021-01-31T23:00:00Z
07,139,Grubišno Polje,604,493,1097,32,23,55,107,44,151,6,7,13,65,67,132,0,0,0,5,4,9,819,638,1457,2021-01-31T23:00:00Z
07,144,Hercegovac,123,166,289,17,4,21,48,15,63,1,2,3,40,35,75,0,0,0,1,2,3,230,224,454,2021-01-31T23:00:00Z
07,161,Ivanska,123,82,205,4,3,7,48,13,61,2,2,4,86,27,113,0,0,0,2,2,4,265,129,394,2021-01-31T23:00:00Z
07,176,Kapela,84,92,176,3,3,6,46,28,74,0,1,1,20,8,28,0,0,0,2,0,2,155,132,287,2021-01-31T23:00:00Z
07,18,Berek,52,49,101,5,1,6,21,19,40,0,0,0,7,7,14,0,0,0,0,0,0,85,76,161,2021-01-31T23:00:00Z
07,199,Končanica,111,95,206,8,2,10,33,17,50,0,1,1,18,14,32,0,0,0,2,3,5,172,132,304,2021-01-31T23:00:00Z
07,24,Bjelovar,7018,6791,13809,293,173,466,207,114,321,52,85,137,416,495,911,1,0,1,19,16,35,8006,7674,15680,2021-01-31T23:00:00Z
07,287,Nova Rača,103,117,220,8,1,9,81,33,114,0,2,2,34,16,50,0,0,0,0,0,0,226,169,395,2021-01-31T23:00:00Z
07,375,Rovišće,185,224,409,24,10,34,53,34,87,1,3,4,22,40,62,0,0,0,0,1,1,285,312,597,2021-01-31T23:00:00Z
07,390,Sirač,256,137,393,11,2,13,8,3,11,2,1,3,23,8,31,0,0,0,0,2,2,300,153,453,2021-01-31T23:00:00Z
07,450,Štefanje,47,55,102,7,3,10,31,14,45,0,2,2,32,19,51,0,0,0,0,0,0,117,93,210,2021-01-31T23:00:00Z
07,478,Velika Pisanica,69,79,148,3,2,5,34,16,50,1,0,1,9,7,16,0,0,0,0,0,0,116,104,220,2021-01-31T23:00:00Z
07,480,Veliki Grđevac,142,117,259,9,5,14,74,30,104,1,2,3,73,28,101,0,0,0,1,0,1,300,182,482,2021-01-31T23:00:00Z
07,483,Veliko Trojstvo,60,107,167,15,4,19,13,13,26,0,0,0,46,22,68,0,0,0,1,1,2,135,147,282,2021-01-31T23:00:00Z
07,562,Severin,75,28,103,1,0,1,16,14,30,0,0,0,14,32,46,0,0,0,0,0,0,106,74,180,2021-01-31T23:00:00Z
07,564,Šandrovac,24,56,80,4,0,4,10,7,17,1,0,1,12,6,18,0,0,0,0,0,0,51,69,120,2021-01-31T23:00:00Z
07,565,Velika Trnovitica,65,50,115,6,2,8,35,22,57,1,0,1,22,11,33,0,0,0,1,1,2,130,86,216,2021-01-31T23:00:00Z
07,566,Zrinski Topolovac,7,28,35,2,1,3,35,21,56,0,0,0,6,2,8,0,0,0,2,1,3,52,53,105,2021-01-31T23:00:00Z
07,63,Čazma,1158,831,1989,52,18,70,62,42,104,7,8,15,97,70,167,0,0,0,3,2,5,1379,971,2350,2021-01-31T23:00:00Z
07,67,Daruvar,1458,1681,3139,81,51,132,46,22,68,15,21,36,131,179,310,0,0,0,3,7,10,1734,1961,3695,2021-01-31T23:00:00Z
07,71,Dežanovac,111,84,195,10,2,12,75,37,112,0,0,0,37,15,52,0,0,0,0,1,1,233,139,372,2021-01-31T23:00:00Z
08,117,Fužine,248,198,446,17,11,28,0,1,1,5,1,6,18,19,37,0,0,0,1,0,1,289,230,519,2021-01-31T23:00:00Z
08,170,Jelenje,273,253,526,97,41,138,5,1,6,27,8,35,58,36,94,0,0,0,3,2,5,463,341,804,2021-01-31T23:00:00Z
08,180,Kastav,1062,804,1866,123,58,181,4,1,5,49,9,58,109,79,188,3,0,3,6,7,13,1356,958,2314,2021-01-31T23:00:00Z
08,186,Klana,407,225,632,23,8,31,1,1,2,2,2,4,15,11,26,0,0,0,1,1,2,449,248,697,2021-01-31T23:00:00Z
08,209,Kraljevica,331,258,589,37,25,62,2,1,3,63,8,71,24,31,55,1,0,1,0,8,8,458,331,789,2021-01-31T23:00:00Z
08,215,Krk,1852,1142,2994,216,78,294,14,8,22,30,14,44,237,158,395,0,0,0,7,9,16,2356,1409,3765,2021-01-31T23:00:00Z
08,237,Lokve,111,97,208,12,5,17,0,0,0,0,2,2,8,10,18,0,0,0,0,1,1,131,115,246,2021-01-31T23:00:00Z
08,242,Lovran,408,567,975,78,27,105,2,2,4,15,10,25,43,58,101,0,0,0,4,9,13,550,673,1223,2021-01-31T23:00:00Z
08,252,Mali Lošinj,1306,1323,2629,219,71,290,27,10,37,27,17,44,159,139,298,0,0,0,14,7,21,1752,1567,3319,2021-01-31T23:00:00Z
08,253,Malinska-Dubašnica,488,761,1249,130,55,185,8,9,17,11,4,15,149,123,272,0,0,0,8,2,10,794,954,1748,2021-01-31T23:00:00Z
08,261,Matulji,1430,1049,2479,207,117,324,13,6,19,41,16,57,160,172,332,0,0,0,4,11,15,1855,1371,3226,2021-01-31T23:00:00Z
08,273,Mošćenička Draga,76,52,128,47,11,58,0,1,1,7,2,9,37,15,52,0,0,0,3,5,8,170,86,256,2021-01-31T23:00:00Z
08,275,Mrkopalj,63,46,109,16,2,18,2,0,2,1,0,1,11,10,21,0,0,0,1,0,1,94,58,152,2021-01-31T23:00:00Z
08,290,Novi Vinodolski,487,380,867,99,45,144,6,4,10,11,7,18,102,63,165,0,0,0,3,4,7,708,503,1211,2021-01-31T23:00:00Z
08,301,Omišalj,613,364,977,75,18,93,2,0,2,11,6,17,64,31,95,0,0,0,1,3,4,766,422,1188,2021-01-31T23:00:00Z
08,302,Opatija,2067,2530,4597,179,98,277,6,5,11,59,29,88,85,140,225,0,1,1,11,17,28,2407,2820,5227,2021-01-31T23:00:00Z
08,360,Punat,287,133,420,53,21,74,4,0,4,7,2,9,57,32,89,0,0,0,1,1,2,409,189,598,2021-01-31T23:00:00Z
08,363,Rab,921,1043,1964,280,71,351,13,4,17,18,12,30,201,157,358,0,0,0,11,10,21,1444,1297,2741,2021-01-31T23:00:00Z
08,369,Ravna Gora,279,286,565,29,9,38,2,0,2,2,1,3,39,27,66,0,0,0,1,2,3,352,325,677,2021-01-31T23:00:00Z
08,373,Rijeka,27246,27957,55203,1157,969,2126,26,17,43,1079,372,1451,850,1264,2114,21,0,21,107,133,240,30486,30712,61198,2021-01-31T23:00:00Z
08,38,Brod Moravice,40,45,85,11,1,12,0,0,0,0,1,1,21,8,29,0,0,0,1,0,1,73,55,128,2021-01-31T23:00:00Z
08,393,Skrad,44,48,92,5,3,8,1,1,2,1,1,2,3,7,10,0,0,0,0,0,0,54,60,114,2021-01-31T23:00:00Z
08,4,Bakar,1927,898,2825,60,35,95,3,0,3,71,11,82,80,68,148,0,0,0,6,9,15,2147,1021,3168,2021-01-31T23:00:00Z
08,488,Vinodolska Općina,170,154,324,56,20,76,1,0,1,13,1,14,46,10,56,1,0,1,2,3,5,289,188,477,2021-01-31T23:00:00Z
08,495,Viškovo,1676,1075,2751,188,99,287,5,4,9,52,15,67,151,120,271,0,0,0,6,12,18,2078,1325,3403,2021-01-31T23:00:00Z
08,507,Vrbnik,127,80,207,30,10,40,8,5,13,4,0,4,26,19,45,0,0,0,0,1,1,195,115,310,2021-01-31T23:00:00Z
08,509,Vrbovsko,356,290,646,55,20,75,3,3,6,2,5,7,72,43,115,0,0,0,1,0,1,489,361,850,2021-01-31T23:00:00Z
08,52,Cres,511,376,887,77,23,100,12,3,15,11,3,14,41,62,103,0,0,0,4,5,9,656,472,1128,2021-01-31T23:00:00Z
08,53,Crikvenica,1130,1480,2610,204,110,314,4,1,5,38,23,61,190,161,351,0,0,0,8,13,21,1574,1788,3362,2021-01-31T23:00:00Z
08,538,Kostrena,403,261,664,33,22,55,1,0,1,66,7,73,19,26,45,0,0,0,2,3,5,524,319,843,2021-01-31T23:00:00Z
08,55,Čabar,366,277,643,53,18,71,2,2,4,5,0,5,148,51,199,0,0,0,1,1,2,575,349,924,2021-01-31T23:00:00Z
08,61,Čavle,651,504,1155,82,51,133,2,1,3,31,10,41,98,79,177,0,0,0,2,3,5,866,648,1514,2021-01-31T23:00:00Z
08,624,Lopar,46,35,81,17,3,20,0,0,0,1,0,1,11,13,24,0,0,0,0,0,0,75,51,126,2021-01-31T23:00:00Z
08,69,Delnice,1133,740,1873,73,46,119,4,1,5,9,14,23,70,95,165,0,0,0,4,6,10,1293,902,2195,2021-01-31T23:00:00Z
08,74,Dobrinj,120,58,178,45,18,63,0,2,2,2,2,4,78,38,116,0,0,0,3,3,6,248,121,369,2021-01-31T23:00:00Z
08,8,Baška,152,177,329,40,23,63,6,2,8,5,3,8,23,25,48,0,0,0,6,2,8,232,232,464,2021-01-31T23:00:00Z
09,130,Gospić,2217,2220,4437,100,56,156,67,37,104,13,9,22,128,156,284,0,0,0,9,7,16,2534,2485,5019,2021-01-31T23:00:00Z
09,178,Karlobag,74,82,156,9,3,12,6,1,7,2,0,2,7,4,11,0,0,0,1,2,3,99,92,191,2021-01-31T23:00:00Z
09,240,Lovinac,179,70,249,1,0,1,2,1,3,0,0,0,1,1,2,0,0,0,0,0,0,183,72,255,2021-01-31T23:00:00Z
09,288,Novalja,641,515,1156,115,24,139,21,7,28,3,3,6,158,63,221,0,0,0,5,7,12,943,619,1562,2021-01-31T23:00:00Z
09,313,Otočac,826,866,1692,93,37,130,52,26,78,8,7,15,120,108,228,0,0,0,5,7,12,1104,1051,2155,2021-01-31T23:00:00Z
09,323,Perušić,341,220,561,22,6,28,27,23,50,0,1,1,17,22,39,0,0,0,0,0,0,407,272,679,2021-01-31T23:00:00Z
09,37,Brinje,329,196,525,21,6,27,9,5,14,0,1,1,15,21,36,0,0,0,3,0,3,377,229,606,2021-01-31T23:00:00Z
09,387,Senj,711,609,1320,98,46,144,6,4,10,16,9,25,87,101,188,0,0,0,4,10,14,922,779,1701,2021-01-31T23:00:00Z
09,455,Plitvička Jezera,640,698,1338,42,24,66,63,13,76,0,4,4,183,134,317,0,0,0,2,0,2,930,873,1803,2021-01-31T23:00:00Z
09,467,Udbina,140,122,262,11,6,17,36,8,44,0,0,0,8,9,17,0,0,0,3,2,5,198,147,345,2021-01-31T23:00:00Z
09,512,Vrhovine,96,39,135,3,3,6,5,1,6,0,0,0,4,5,9,0,0,0,0,0,0,108,48,156,2021-01-31T23:00:00Z
09,84,Donji Lapac,100,85,185,6,4,10,23,6,29,0,0,0,9,5,14,0,0,0,0,0,0,138,100,238,2021-01-31T23:00:00Z
10,136,Gradina,79,84,163,13,5,18,127,41,168,2,0,2,40,25,65,0,0,0,0,0,0,261,155,416,2021-01-31T23:00:00Z
10,245,Lukač,180,118,298,14,4,18,39,15,54,1,0,1,55,27,82,0,0,0,1,0,1,290,164,454,2021-01-31T23:00:00Z
10,266,Mikleuš,78,49,127,8,1,9,14,6,20,0,0,0,10,11,21,0,0,0,0,0,0,110,67,177,2021-01-31T23:00:00Z
10,283,Nova Bukovica,47,44,91,8,5,13,38,6,44,1,0,1,21,18,39,0,0,0,1,0,1,116,73,189,2021-01-31T23:00:00Z
10,307,Orahovica,926,689,1615,61,40,101,14,2,16,9,11,20,92,96,188,0,0,0,0,6,6,1102,844,1946,2021-01-31T23:00:00Z
10,332,Pitomača,612,624,1236,78,43,121,152,85,237,1,7,8,184,154,338,0,0,0,3,2,5,1030,915,1945,2021-01-31T23:00:00Z
10,395,Slatina,1445,1377,2822,144,67,211,128,44,172,13,23,36,209,242,451,0,0,0,1,6,7,1940,1759,3699,2021-01-31T23:00:00Z
10,407,Sopje,136,45,181,4,2,6,84,24,108,0,0,0,18,19,37,0,0,0,0,0,0,242,90,332,2021-01-31T23:00:00Z
10,424,Suhopolje,236,237,473,23,19,42,99,43,142,0,1,1,46,42,88,0,0,0,5,0,5,409,342,751,2021-01-31T23:00:00Z
10,449,Špišić Bukovica,128,135,263,19,7,26,163,63,226,1,3,4,26,49,75,0,0,0,2,2,4,339,259,598,2021-01-31T23:00:00Z
10,491,Virovitica,3933,3876,7809,172,92,264,89,31,120,32,22,54,373,356,729,0,0,0,16,12,28,4615,4389,9004,2021-01-31T23:00:00Z
10,499,Voćin,145,98,243,9,3,12,28,34,62,0,0,0,16,6,22,0,0,0,0,0,0,198,141,339,2021-01-31T23:00:00Z
10,524,Zdenci,114,88,202,6,3,9,17,8,25,0,1,1,9,13,22,0,0,0,2,1,3,148,114,262,2021-01-31T23:00:00Z
10,54,Crnac,24,24,48,14,4,18,19,9,28,0,2,2,18,11,29,0,0,0,0,0,0,75,50,125,2021-01-31T23:00:00Z
10,56,Čačinci,163,82,245,19,11,30,18,9,27,0,4,4,19,29,48,0,0,0,2,0,2,221,135,356,2021-01-31T23:00:00Z
10,57,Čađavica,90,72,162,14,9,23,70,20,90,0,0,0,43,27,70,0,0,0,1,0,1,218,128,346,2021-01-31T23:00:00Z
11,164,Jakšić,135,137,272,24,2,26,26,7,33,0,2,2,43,14,57,0,0,0,0,0,0,228,162,390,2021-01-31T23:00:00Z
11,177,Kaptol,87,105,192,16,1,17,25,3,28,0,1,1,38,8,46,0,0,0,0,1,1,166,119,285,2021-01-31T23:00:00Z
11,221,Kutjevo,583,400,983,49,15,64,59,27,86,2,4,6,80,78,158,0,0,0,6,3,9,779,527,1306,2021-01-31T23:00:00Z
11,231,Lipik,730,602,1332,27,12,39,21,10,31,2,12,14,46,48,94,0,0,0,3,0,3,829,684,1513,2021-01-31T23:00:00Z
11,318,Pakrac,585,1079,1664,82,30,112,46,18,64,13,20,33,166,93,259,0,0,0,5,4,9,897,1244,2141,2021-01-31T23:00:00Z
11,334,Pleternica,554,431,985,81,26,107,53,16,69,3,7,10,150,113,263,0,0,0,4,3,7,845,596,1441,2021-01-31T23:00:00Z
11,35,Brestovac,116,116,232,11,3,14,16,4,20,1,1,2,22,9,31,0,0,0,0,1,1,166,134,300,2021-01-31T23:00:00Z
11,351,Požega,5137,4395,9532,299,147,446,104,36,140,42,106,148,400,356,756,0,1,1,14,27,41,5996,5068,11064,2021-01-31T23:00:00Z
11,475,Velika,285,282,567,20,9,29,23,4,27,2,3,5,42,34,76,0,0,0,1,0,1,373,332,705,2021-01-31T23:00:00Z
11,58,Čaglin,88,147,235,9,2,11,21,5,26,0,1,1,14,11,25,0,0,0,0,0,0,132,166,298,2021-01-31T23:00:00Z
12,10,Bebrina,27,58,85,7,6,13,16,8,24,1,0,1,10,7,17,0,0,0,0,0,0,61,79,140,2021-01-31T23:00:00Z
12,118,Garčin,117,154,271,28,9,37,30,15,45,0,0,0,23,21,44,0,0,0,0,1,1,198,200,398,2021-01-31T23:00:00Z
12,127,Gornji Bogićevci,52,36,88,8,2,10,8,2,10,0,0,0,16,19,35,0,0,0,0,0,0,84,59,143,2021-01-31T23:00:00Z
12,140,Gundinci,70,54,124,11,3,14,54,23,77,0,0,0,14,7,21,0,0,0,1,0,1,150,87,237,2021-01-31T23:00:00Z
12,185,Klakar,79,52,131,15,3,18,22,4,26,0,1,1,13,14,27,0,0,0,1,0,1,130,74,204,2021-01-31T23:00:00Z
12,284,Nova Gradiška,1994,2044,4038,142,87,229,26,17,43,22,20,42,254,289,543,0,0,0,3,3,6,2441,2460,4901,2021-01-31T23:00:00Z
12,285,Nova Kapela,145,211,356,21,15,36,23,8,31,1,3,4,53,48,101,0,0,0,1,0,1,244,285,529,2021-01-31T23:00:00Z
12,299,Okučani,194,141,335,26,5,31,9,1,10,0,1,1,42,24,66,0,0,0,1,3,4,272,175,447,2021-01-31T23:00:00Z
12,303,Oprisavci,221,150,371,9,0,9,32,10,42,1,0,1,7,15,22,0,0,0,0,1,1,270,176,446,2021-01-31T23:00:00Z
12,309,Oriovac,265,286,551,35,18,53,20,12,32,2,2,4,70,55,125,0,0,0,0,1,1,392,374,766,2021-01-31T23:00:00Z
12,338,Podcrkavlje,62,47,109,15,0,15,6,3,9,0,1,1,19,5,24,0,0,0,0,1,1,102,57,159,2021-01-31T23:00:00Z
12,372,Rešetari,211,192,403,34,8,42,20,8,28,3,1,4,87,39,126,0,0,0,2,2,4,357,250,607,2021-01-31T23:00:00Z
12,388,Sibinj,110,171,281,52,11,63,16,1,17,0,1,1,54,36,90,0,0,0,2,2,4,234,222,456,2021-01-31T23:00:00Z
12,39,Brodski Stupnik,72,74,146,16,9,25,5,3,8,2,1,3,76,38,114,0,0,0,0,0,0,171,125,296,2021-01-31T23:00:00Z
12,396,Slavonski Brod,13232,9104,22336,574,325,899,47,34,81,77,84,161,905,917,1822,1,0,1,17,20,37,14853,10484,25337,2021-01-31T23:00:00Z
12,397,Slavonski Šamac,51,59,110,9,2,11,15,6,21,0,1,1,10,3,13,0,0,0,0,0,0,85,71,156,2021-01-31T23:00:00Z
12,412,Stara Gradiška,143,75,218,4,1,5,8,2,10,0,0,0,22,7,29,0,0,0,0,0,0,177,85,262,2021-01-31T23:00:00Z
12,418,Staro Petrovo Selo,187,162,349,28,8,36,41,16,57,1,2,3,96,45,141,0,0,0,0,1,1,353,234,587,2021-01-31T23:00:00Z
12,46,Cernik,151,209,360,25,10,35,9,4,13,3,2,5,52,23,75,0,0,0,0,3,3,240,251,491,2021-01-31T23:00:00Z
12,476,Velika Kopanica,179,121,300,22,6,28,28,16,44,1,1,2,29,29,58,0,0,0,2,1,3,261,174,435,2021-01-31T23:00:00Z
12,506,Vrbje,31,42,73,8,0,8,19,1,20,0,0,0,29,24,53,0,0,0,0,1,1,87,68,155,2021-01-31T23:00:00Z
12,514,Vrpolje,196,123,319,25,6,31,39,16,55,0,2,2,14,12,26,0,0,0,0,0,0,274,159,433,2021-01-31T23:00:00Z
12,567,Bukovlje,135,72,207,15,6,21,1,0,1,1,0,1,10,16,26,0,0,0,0,0,0,162,94,256,2021-01-31T23:00:00Z
12,568,Dragalić,33,54,87,7,0,7,5,2,7,0,0,0,4,5,9,0,0,0,0,1,1,49,62,111,2021-01-31T23:00:00Z
12,569,Gornja Vrba,409,462,871,10,2,12,1,0,1,0,1,1,21,15,36,0,0,0,0,0,0,441,480,921,2021-01-31T23:00:00Z
12,570,Sikirevci,41,62,103,17,4,21,37,13,50,0,0,0,16,6,22,0,0,0,1,1,2,112,86,198,2021-01-31T23:00:00Z
12,68,Davor,101,101,202,11,6,17,14,5,19,0,0,0,13,15,28,0,0,0,1,1,2,140,128,268,2021-01-31T23:00:00Z
12,81,Donji Andrijevci,132,108,240,21,11,32,19,4,23,1,1,2,24,21,45,0,0,0,0,1,1,197,146,343,2021-01-31T23:00:00Z
13,131,Gračac,236,247,483,21,15,36,60,21,81,2,1,3,30,38,68,0,0,0,0,1,1,349,323,672,2021-01-31T23:00:00Z
13,167,Jasenice,141,63,204,13,1,14,4,3,7,1,0,1,11,5,16,0,0,0,0,0,0,170,72,242,2021-01-31T23:00:00Z
13,17,Benkovac,1140,957,2097,92,29,121,84,51,135,12,12,24,189,120,309,0,0,0,7,5,12,1524,1174,2698,2021-01-31T23:00:00Z
13,173,Kali,319,114,433,27,12,39,3,1,4,13,1,14,59,24,83,0,0,0,0,1,1,421,153,574,2021-01-31T23:00:00Z
13,20,Bibinje,195,191,386,48,19,67,4,0,4,2,2,4,62,59,121,0,0,0,2,2,4,313,273,586,2021-01-31T23:00:00Z
13,22,Biograd Na Moru,1075,1335,2410,114,65,179,26,17,43,14,9,23,139,199,338,1,0,1,4,10,14,1373,1635,3008,2021-01-31T23:00:00Z
13,234,Lišane Ostrovičke,31,34,65,8,3,11,1,0,1,0,0,0,4,5,9,0,0,0,0,0,0,44,42,86,2021-01-31T23:00:00Z
13,282,Nin,439,359,798,38,12,50,9,4,13,5,2,7,41,31,72,0,0,0,0,0,0,532,408,940,2021-01-31T23:00:00Z
13,296,Obrovac,323,219,542,27,11,38,28,7,35,2,4,6,14,31,45,0,0,0,5,6,11,399,278,677,2021-01-31T23:00:00Z
13,316,Pag,453,397,850,63,23,86,26,10,36,5,6,11,59,51,110,0,0,0,8,3,11,614,490,1104,2021-01-31T23:00:00Z
13,317,Pakoštane,331,299,630,51,19,70,9,9,18,7,2,9,84,62,146,0,0,0,5,0,5,487,391,878,2021-01-31T23:00:00Z
13,320,Pašman,102,113,215,43,9,52,3,3,6,14,0,14,34,22,56,0,0,0,2,1,3,198,148,346,2021-01-31T23:00:00Z
13,344,Polača,100,53,153,17,5,22,3,1,4,1,0,1,7,15,22,0,0,0,1,2,3,129,76,205,2021-01-31T23:00:00Z
13,345,Poličnik,376,315,691,47,5,52,8,9,17,7,1,8,39,17,56,0,0,0,2,1,3,479,348,827,2021-01-31T23:00:00Z
13,349,Posedarje,149,162,311,31,11,42,5,7,12,12,1,13,35,33,68,0,0,0,1,3,4,233,217,450,2021-01-31T23:00:00Z
13,354,Preko,244,402,646,36,10,46,5,5,10,28,4,32,40,25,65,0,0,0,0,4,4,353,450,803,2021-01-31T23:00:00Z
13,371,Ražanac,80,92,172,24,8,32,6,6,12,9,0,9,21,13,34,0,0,0,5,0,5,145,119,264,2021-01-31T23:00:00Z
13,379,Sali,158,138,296,35,13,48,5,2,7,7,2,9,19,13,32,0,0,0,1,1,2,225,169,394,2021-01-31T23:00:00Z
13,411,Stankovci,221,158,379,24,5,29,2,3,5,0,1,1,33,17,50,0,0,0,0,1,1,280,185,465,2021-01-31T23:00:00Z
13,416,Starigrad,119,140,259,40,26,66,7,2,9,2,0,2,22,32,54,0,0,0,1,3,4,191,203,394,2021-01-31T23:00:00Z
13,425,Sukošan,338,250,588,52,19,71,12,3,15,2,2,4,49,53,102,0,0,0,2,3,5,455,330,785,2021-01-31T23:00:00Z
13,428,Sveti Filip I Jakov,222,321,543,33,16,49,8,3,11,12,3,15,31,32,63,0,0,0,0,0,0,306,375,681,2021-01-31T23:00:00Z
13,445,Škabrnje,64,66,130,23,3,26,3,1,4,2,0,2,14,6,20,0,0,0,1,1,2,107,77,184,2021-01-31T23:00:00Z
13,489,Vir,297,250,547,46,6,52,3,2,5,2,1,3,25,29,54,0,0,0,2,2,4,375,290,665,2021-01-31T23:00:00Z
13,520,Zadar,14343,15404,29747,1021,554,1575,47,29,76,736,213,949,1295,1358,2653,4,0,4,134,67,201,17580,17625,35205,2021-01-31T23:00:00Z
13,525,Zemunik Donji,105,146,251,17,5,22,2,1,3,0,0,0,23,7,30,0,0,0,1,1,2,148,160,308,2021-01-31T23:00:00Z
13,537,Novigrad,68,111,179,24,2,26,4,4,8,3,1,4,28,11,39,0,0,0,1,2,3,128,131,259,2021-01-31T23:00:00Z
13,571,Galovac,31,61,92,11,1,12,5,4,9,5,2,7,7,14,21,0,0,0,0,2,2,59,84,143,2021-01-31T23:00:00Z
13,572,Kukljica,47,37,84,15,1,16,1,1,2,3,1,4,26,4,30,0,0,0,1,1,2,93,45,138,2021-01-31T23:00:00Z
13,573,Povljana,50,29,79,11,2,13,4,1,5,2,1,3,6,6,12,0,0,0,0,1,1,73,40,113,2021-01-31T23:00:00Z
13,574,Privlaka,111,117,228,17,7,24,0,2,2,14,0,14,20,11,31,0,0,0,5,1,6,167,138,305,2021-01-31T23:00:00Z
13,575,Tkon,81,51,132,21,5,26,3,2,5,3,0,3,48,20,68,0,0,0,1,2,3,157,80,237,2021-01-31T23:00:00Z
13,622,Kolan,105,70,175,20,4,24,4,1,5,1,0,1,22,16,38,0,0,0,0,0,0,152,91,243,2021-01-31T23:00:00Z
13,625,Vrsi,90,54,144,13,4,17,5,4,9,15,0,15,18,25,43,0,0,0,4,2,6,145,89,234,2021-01-31T23:00:00Z
14,103,Đakovo,2795,2836,5631,452,198,650,190,85,275,30,38,68,652,540,1192,0,0,0,12,10,22,4131,3707,7838,2021-01-31T23:00:00Z
14,106,Đurđenovac,534,484,1018,42,10,52,24,17,41,0,6,6,72,45,117,0,0,0,3,1,4,675,563,1238,2021-01-31T23:00:00Z
14,110,Erdut,297,241,538,36,13,49,58,16,74,2,5,7,37,35,72,0,0,0,3,1,4,433,311,744,2021-01-31T23:00:00Z
14,111,Ernestinovo,68,153,221,8,1,9,27,9,36,2,1,3,11,15,26,0,0,0,1,0,1,117,179,296,2021-01-31T23:00:00Z
14,116,Feričanci,128,128,256,24,6,30,3,0,3,0,3,3,40,15,55,0,0,0,0,0,0,195,152,347,2021-01-31T23:00:00Z
14,124,Gorjani,120,182,302,17,4,21,15,7,22,0,1,1,11,4,15,0,0,0,0,0,0,163,198,361,2021-01-31T23:00:00Z
14,13,Beli Manastir,1062,1162,2224,72,35,107,48,30,78,9,10,19,98,95,193,0,0,0,1,1,2,1290,1333,2623,2021-01-31T23:00:00Z
14,16,Belišće,1486,682,2168,60,31,91,27,7,34,1,9,10,84,89,173,0,0,0,3,3,6,1661,821,2482,2021-01-31T23:00:00Z
14,195,Kneževi Vinogradi,211,241,452,31,7,38,37,7,44,1,2,3,63,63,126,0,0,0,0,0,0,343,320,663,2021-01-31T23:00:00Z
14,2,Antunovac,200,192,392,27,11,38,16,8,24,0,0,0,15,11,26,0,0,0,0,0,0,258,222,480,2021-01-31T23:00:00Z
14,205,Koška,192,142,334,26,4,30,30,10,40,3,4,7,34,23,57,0,0,0,2,1,3,287,184,471,2021-01-31T23:00:00Z
14,21,Bilje,280,287,567,46,19,65,19,13,32,3,5,8,53,41,94,0,0,0,0,1,1,401,366,767,2021-01-31T23:00:00Z
14,23,Bizovac,218,207,425,25,10,35,26,11,37,1,6,7,34,40,74,0,0,0,1,1,2,305,275,580,2021-01-31T23:00:00Z
14,230,Levanjska Varoš,44,24,68,3,2,5,11,9,20,0,0,0,3,2,5,0,0,0,0,1,1,61,38,99,2021-01-31T23:00:00Z
14,257,Marijanci,86,60,146,7,4,11,14,1,15,0,1,1,20,19,39,0,0,0,1,1,2,128,86,214,2021-01-31T23:00:00Z
14,271,Moslavina Podravska,25,17,42,3,2,5,18,8,26,0,0,0,13,8,21,0,0,0,0,0,0,59,35,94,2021-01-31T23:00:00Z
14,278,Našice,2265,1789,4054,157,83,240,53,18,71,22,33,55,255,215,470,0,0,0,5,5,10,2757,2143,4900,2021-01-31T23:00:00Z
14,312,Osijek,23433,21872,45305,844,615,1459,95,45,140,183,197,380,760,1090,1850,1,0,1,40,56,96,25356,23875,49231,2021-01-31T23:00:00Z
14,325,Petlovac,54,51,105,5,3,8,15,0,15,0,0,0,14,8,22,0,0,0,1,0,1,89,62,151,2021-01-31T23:00:00Z
14,327,Petrijevci,302,241,543,19,3,22,9,5,14,0,1,1,12,9,21,0,0,0,1,2,3,343,261,604,2021-01-31T23:00:00Z
14,340,Podgorač,100,116,216,28,7,35,31,5,36,1,3,4,19,29,48,0,0,0,0,0,0,179,160,339,2021-01-31T23:00:00Z
14,346,Popovac,49,63,112,2,2,4,5,7,12,0,0,0,5,6,11,0,0,0,0,0,0,61,78,139,2021-01-31T23:00:00Z
14,361,Punitovci,46,71,117,20,3,23,18,4,22,0,1,1,27,8,35,0,0,0,0,0,0,111,87,198,2021-01-31T23:00:00Z
14,381,Satnica Đakovačka,117,110,227,22,4,26,11,3,14,0,0,0,41,28,69,0,0,0,0,0,0,191,145,336,2021-01-31T23:00:00Z
14,386,Semeljci,238,232,470,47,17,64,56,27,83,2,1,3,79,36,115,0,0,0,1,0,1,423,313,736,2021-01-31T23:00:00Z
14,421,Strizivojna,314,302,616,17,8,25,20,3,23,0,0,0,9,12,21,0,0,0,1,0,1,361,325,686,2021-01-31T23:00:00Z
14,461,Trnava,57,95,152,6,3,9,14,6,20,0,1,1,12,2,14,0,0,0,0,0,0,89,107,196,2021-01-31T23:00:00Z
14,471,Valpovo,831,1098,1929,75,51,126,48,19,67,16,23,39,78,101,179,0,0,0,9,10,19,1057,1302,2359,2021-01-31T23:00:00Z
14,485,Viljevo,46,58,104,10,1,11,26,5,31,0,2,2,16,9,25,0,0,0,0,1,1,98,76,174,2021-01-31T23:00:00Z
14,494,Viškovci,214,180,394,21,5,26,16,5,21,0,1,1,23,5,28,0,0,0,1,0,1,275,196,471,2021-01-31T23:00:00Z
14,517,Vuka,44,80,124,14,2,16,16,5,21,0,0,0,20,9,29,0,0,0,0,0,0,94,96,190,2021-01-31T23:00:00Z
14,576,Donja Motičina,27,56,83,9,3,12,2,1,3,0,1,1,15,8,23,0,0,0,0,0,0,53,69,122,2021-01-31T23:00:00Z
14,578,Magadenovac,100,126,226,5,1,6,27,10,37,1,1,2,15,19,34,0,0,0,0,0,0,148,157,305,2021-01-31T23:00:00Z
14,579,Vladislavci,128,124,252,3,1,4,7,4,11,0,1,1,4,4,8,0,0,0,0,0,0,142,134,276,2021-01-31T23:00:00Z
14,609,Jagodnjak,121,74,195,7,3,10,25,4,29,0,0,0,9,3,12,0,0,0,0,0,0,162,84,246,2021-01-31T23:00:00Z
14,614,Šodolovci,24,31,55,0,0,0,0,0,0,0,0,0,8,4,12,0,0,0,0,0,0,32,35,67,2021-01-31T23:00:00Z
14,64,Čeminac,72,132,204,11,0,11,3,2,5,0,0,0,19,9,28,0,0,0,0,0,0,105,143,248,2021-01-31T23:00:00Z
14,65,Čepin,610,497,1107,88,33,121,53,25,78,4,7,11,100,96,196,0,0,0,5,3,8,860,661,1521,2021-01-31T23:00:00Z
14,66,Darda,1776,867,2643,51,29,80,35,3,38,1,3,4,57,48,105,0,0,0,1,1,2,1921,951,2872,2021-01-31T23:00:00Z
14,86,Donji Miholjac,1171,948,2119,86,49,135,158,40,198,3,18,21,154,111,265,0,0,0,3,1,4,1575,1167,2742,2021-01-31T23:00:00Z
14,91,Draž,81,107,188,11,2,13,17,6,23,0,0,0,9,10,19,0,0,0,1,1,2,119,126,245,2021-01-31T23:00:00Z
14,94,Drenje,93,105,198,32,7,39,53,21,74,0,0,0,11,19,30,0,0,0,0,0,0,189,152,341,2021-01-31T23:00:00Z
15,113,Ervenik,40,62,102,1,0,1,3,2,5,0,0,0,1,0,1,0,0,0,0,0,0,45,64,109,2021-01-31T23:00:00Z
15,183,Kijevo,36,38,74,2,0,2,1,0,1,0,0,0,0,0,0,0,0,0,0,0,0,39,38,77,2021-01-31T23:00:00Z
15,184,Kistanje,66,82,148,13,3,16,0,0,0,1,0,1,14,4,18,0,0,0,0,0,0,94,89,183,2021-01-31T23:00:00Z
15,196,Knin,1532,1435,2967,124,70,194,53,9,62,31,4,35,117,151,268,0,0,0,3,4,7,1860,1673,3533,2021-01-31T23:00:00Z
15,298,Promina,113,75,188,2,1,3,1,2,3,0,1,1,0,1,1,0,0,0,0,0,0,116,80,196,2021-01-31T23:00:00Z
15,310,Biskupija,80,46,126,2,0,2,2,1,3,1,0,1,0,0,0,0,0,0,0,0,0,85,47,132,2021-01-31T23:00:00Z
15,357,Primošten,262,276,538,66,21,87,6,2,8,8,0,8,47,28,75,0,0,0,1,1,2,390,328,718,2021-01-31T23:00:00Z
15,377,Ružić,40,30,70,4,1,5,5,7,12,0,0,0,2,13,15,0,0,0,0,1,1,51,52,103,2021-01-31T23:00:00Z
15,394,Skradin,131,160,291,41,9,50,21,5,26,1,4,5,25,29,54,0,0,0,0,0,0,219,207,426,2021-01-31T23:00:00Z
15,444,Šibenik,7693,8005,15698,616,324,940,37,13,50,175,101,276,534,649,1183,2,0,2,26,21,47,9083,9113,18196,2021-01-31T23:00:00Z
15,454,Tisno,290,229,519,96,26,122,6,0,6,8,3,11,57,39,96,0,0,0,1,3,4,458,300,758,2021-01-31T23:00:00Z
15,469,Unešić,49,39,88,8,0,8,3,1,4,1,0,1,14,5,19,0,0,0,0,0,0,75,45,120,2021-01-31T23:00:00Z
15,500,Vodice,872,921,1793,236,82,318,11,6,17,13,6,19,210,130,340,0,0,0,7,8,15,1349,1153,2502,2021-01-31T23:00:00Z
15,51,Civljane,42,12,54,1,0,1,0,0,0,0,0,0,1,2,3,0,0,0,0,0,0,44,14,58,2021-01-31T23:00:00Z
15,581,Pirovac,137,130,267,25,12,37,4,2,6,2,2,4,31,32,63,0,0,0,0,1,1,199,179,378,2021-01-31T23:00:00Z
15,582,Rogoznica,224,212,436,46,10,56,2,1,3,9,1,10,32,30,62,0,0,0,0,0,0,313,254,567,2021-01-31T23:00:00Z
15,617,Murter,233,233,466,45,24,69,7,1,8,15,3,18,44,32,76,0,0,0,1,1,2,345,294,639,2021-01-31T23:00:00Z
15,621,Bilice,65,35,100,19,8,27,0,0,0,5,0,5,19,11,30,0,0,0,0,0,0,108,54,162,2021-01-31T23:00:00Z
15,626,Tribunj,86,80,166,17,10,27,0,0,0,2,0,2,53,21,74,0,0,0,0,2,2,158,113,271,2021-01-31T23:00:00Z
15,95,Drniš,851,641,1492,67,53,120,51,20,71,7,7,14,77,84,161,0,0,0,1,0,1,1054,805,1859,2021-01-31T23:00:00Z
16,1,Andrijaševci,68,122,190,23,12,35,14,3,17,2,0,2,45,23,68,0,0,0,0,1,1,152,161,313,2021-01-31T23:00:00Z
16,137,Gradište,103,99,202,18,4,22,33,5,38,0,1,1,11,16,27,0,0,0,1,1,2,166,126,292,2021-01-31T23:00:00Z
16,141,Gunja,213,140,353,32,9,41,39,13,52,2,1,3,26,13,39,0,0,0,0,2,2,312,178,490,2021-01-31T23:00:00Z
16,154,Ilok,467,551,1018,67,23,90,49,17,66,2,3,5,98,88,186,0,0,0,1,2,3,684,684,1368,2021-01-31T23:00:00Z
16,159,Ivankovo,322,417,739,71,29,100,47,11,58,2,5,7,116,71,187,0,0,0,3,4,7,561,537,1098,2021-01-31T23:00:00Z
16,166,Jarmina,32,77,109,12,7,19,24,10,34,0,1,1,20,11,31,0,0,0,0,2,2,88,108,196,2021-01-31T23:00:00Z
16,239,Lovas,57,87,144,4,0,4,14,0,14,1,0,1,5,5,10,0,0,0,0,0,0,81,92,173,2021-01-31T23:00:00Z
16,26,Bogdanovci,25,49,74,3,0,3,9,4,13,0,0,0,17,3,20,0,0,0,0,0,0,54,56,110,2021-01-31T23:00:00Z
16,29,Borovo,75,127,202,40,13,53,29,5,34,2,3,5,49,66,115,0,0,0,1,2,3,196,216,412,2021-01-31T23:00:00Z
16,294,Nuštar,243,316,559,32,17,49,29,7,36,1,2,3,39,29,68,0,0,0,2,1,3,346,372,718,2021-01-31T23:00:00Z
16,295,Nijemci,188,204,392,21,7,28,86,24,110,1,1,2,48,27,75,0,0,0,1,2,3,345,265,610,2021-01-31T23:00:00Z
16,3,Babina Greda,133,129,262,31,11,42,80,30,110,3,0,3,27,32,59,0,0,0,0,1,1,274,203,477,2021-01-31T23:00:00Z
16,32,Bošnjaci,125,117,242,22,6,28,41,8,49,3,0,3,28,29,57,0,0,0,1,1,2,220,161,381,2021-01-31T23:00:00Z
16,414,Stari Jankovci,128,163,291,22,4,26,41,10,51,1,0,1,27,15,42,0,0,0,1,1,2,220,193,413,2021-01-31T23:00:00Z
16,415,Stari Mikanovci,95,137,232,19,9,28,21,8,29,2,1,3,28,35,63,0,0,0,0,0,0,165,190,355,2021-01-31T23:00:00Z
16,44,Cerna,399,214,613,40,18,58,45,18,63,2,1,3,70,56,126,0,0,0,0,0,0,556,307,863,2021-01-31T23:00:00Z
16,456,Tompojevci,18,48,66,15,2,17,38,12,50,0,1,1,14,15,29,0,0,0,0,0,0,85,78,163,2021-01-31T23:00:00Z
16,458,Tordinci,81,104,185,6,2,8,10,0,10,1,0,1,5,6,11,0,0,0,0,0,0,103,112,215,2021-01-31T23:00:00Z
16,459,Tovarnik,143,157,300,17,3,20,43,18,61,1,2,3,11,12,23,0,0,0,0,1,1,215,193,408,2021-01-31T23:00:00Z
16,464,Trpinja,110,204,314,21,7,28,80,11,91,3,0,3,31,22,53,0,0,0,1,0,1,246,244,490,2021-01-31T23:00:00Z
16,487,Vinkovci,7979,6293,14272,283,175,458,36,17,53,59,52,111,457,604,1061,1,0,1,13,8,21,8828,7149,15977,2021-01-31T23:00:00Z
16,505,Vrbanja,237,153,390,29,12,41,70,14,84,2,0,2,25,19,44,0,0,0,0,1,1,363,199,562,2021-01-31T23:00:00Z
16,518,Vukovar,4245,4639,8884,276,140,416,76,34,110,26,36,62,368,372,740,0,0,0,8,4,12,4999,5225,10224,2021-01-31T23:00:00Z
16,534,Županja,1982,1528,3510,126,52,178,41,11,52,22,23,45,180,197,377,1,0,1,5,3,8,2357,1814,4171,2021-01-31T23:00:00Z
16,535,Otok (Vinkovci),383,327,710,36,19,55,57,15,72,9,1,10,63,47,110,0,0,0,0,3,3,548,412,960,2021-01-31T23:00:00Z
16,583,Privlaka,96,130,226,17,3,20,22,8,30,0,2,2,18,19,37,0,0,0,0,1,1,153,163,316,2021-01-31T23:00:00Z
16,584,Vođinci,43,169,212,15,2,17,7,4,11,0,1,1,11,10,21,0,0,0,1,0,1,77,186,263,2021-01-31T23:00:00Z
16,610,Markušica,44,56,100,9,3,12,51,15,66,0,1,1,10,12,22,0,0,0,2,0,2,116,87,203,2021-01-31T23:00:00Z
16,612,Negoslavci,12,32,44,5,0,5,12,3,15,1,0,1,15,14,29,0,0,0,0,0,0,45,49,94,2021-01-31T23:00:00Z
16,628,Štitar,93,66,159,6,0,6,12,4,16,0,1,1,11,6,17,0,0,0,0,0,0,122,77,199,2021-01-31T23:00:00Z
16,92,Drenovci,109,204,313,38,6,44,106,36,142,1,0,1,32,34,66,0,0,0,0,1,1,286,281,567,2021-01-31T23:00:00Z
17,100,Dugi Rat,605,615,1220,77,30,107,1,3,4,32,2,34,163,94,257,0,0,0,2,4,6,880,748,1628,2021-01-31T23:00:00Z
17,134,Gradac,146,183,329,35,11,46,5,1,6,2,1,3,20,29,49,0,0,0,1,3,4,209,228,437,2021-01-31T23:00:00Z
17,148,Hrvace,236,210,446,33,14,47,5,7,12,1,3,4,53,44,97,0,0,0,0,3,3,328,281,609,2021-01-31T23:00:00Z
17,153,Hvar,552,559,1111,163,60,223,17,11,28,18,8,26,124,108,232,2,0,2,6,9,15,882,755,1637,2021-01-31T23:00:00Z
17,155,Imotski,1294,1273,2567,147,87,234,12,6,18,31,14,45,121,184,305,0,0,0,10,10,20,1615,1574,3189,2021-01-31T23:00:00Z
17,171,Jelsa,300,267,567,82,17,99,30,12,42,15,0,15,91,48,139,0,0,0,6,7,13,524,351,875,2021-01-31T23:00:00Z
17,181,Kaštela,3317,3555,6872,453,209,662,21,13,34,124,38,162,472,485,957,0,0,0,27,27,54,4414,4327,8741,2021-01-31T23:00:00Z
17,192,Klis,233,165,398,35,7,42,7,3,10,20,1,21,43,27,70,0,0,0,0,2,2,338,205,543,2021-01-31T23:00:00Z
17,197,Komiža,130,129,259,55,15,70,5,0,5,6,2,8,30,28,58,0,0,0,2,3,5,228,177,405,2021-01-31T23:00:00Z
17,243,Lovreć,130,80,210,16,8,24,4,0,4,2,0,2,19,13,32,0,0,0,2,1,3,173,102,275,2021-01-31T23:00:00Z
17,249,Makarska,2330,2250,4580,251,155,406,3,2,5,52,28,80,322,342,664,0,0,0,7,5,12,2965,2782,5747,2021-01-31T23:00:00Z
17,258,Marina,178,222,400,52,22,74,6,4,10,10,0,10,34,50,84,1,0,1,3,2,5,284,300,584,2021-01-31T23:00:00Z
17,267,Milna,85,79,164,21,5,26,5,1,6,2,0,2,15,20,35,0,0,0,4,1,5,132,106,238,2021-01-31T23:00:00Z
17,27,Bol,251,317,568,43,13,56,6,2,8,3,2,5,49,18,67,0,0,0,4,3,7,356,355,711,2021-01-31T23:00:00Z
17,280,Nerežišća,149,56,205,14,2,16,6,2,8,1,0,1,24,15,39,0,0,0,1,0,1,195,75,270,2021-01-31T23:00:00Z
17,300,Omiš,1452,1655,3107,213,79,292,11,4,15,40,15,55,295,285,580,0,0,0,4,4,8,2015,2042,4057,2021-01-31T23:00:00Z
17,314,Otok,201,196,397,42,16,58,11,0,11,4,0,4,69,49,118,0,0,0,0,1,1,327,262,589,2021-01-31T23:00:00Z
17,337,Podbablje,269,178,447,32,3,35,6,0,6,3,1,4,18,33,51,0,0,0,2,4,6,330,219,549,2021-01-31T23:00:00Z
17,339,Podgora,225,182,407,43,8,51,0,1,1,2,0,2,29,10,39,0,0,0,3,1,4,302,202,504,2021-01-31T23:00:00Z
17,341,Podstrana,782,619,1401,61,18,79,16,4,20,38,4,42,54,76,130,1,0,1,4,3,7,956,724,1680,2021-01-31T23:00:00Z
17,350,Postira,261,229,490,33,13,46,10,3,13,1,3,4,12,12,24,0,0,0,1,1,2,318,261,579,2021-01-31T23:00:00Z
17,358,Pučišća,232,121,353,40,4,44,7,4,11,5,0,5,36,13,49,0,0,0,3,0,3,323,142,465,2021-01-31T23:00:00Z
17,382,Seget,462,379,841,27,7,34,7,3,10,11,2,13,126,68,194,0,0,0,1,2,3,634,461,1095,2021-01-31T23:00:00Z
17,383,Selca,120,109,229,40,14,54,8,2,10,4,1,5,74,30,104,0,0,0,1,1,2,247,157,404,2021-01-31T23:00:00Z
17,389,Sinj,1906,1968,3874,256,129,385,53,15,68,49,42,91,299,362,661,0,0,0,9,20,29,2572,2536,5108,2021-01-31T23:00:00Z
17,406,Solin,3613,2925,6538,253,132,385,10,7,17,116,33,149,300,306,606,0,0,0,10,8,18,4302,3411,7713,2021-01-31T23:00:00Z
17,409,Split,34602,36942,71544,1444,1046,2490,63,42,105,2017,439,2456,1520,2190,3710,3,0,3,157,162,319,39806,40821,80627,2021-01-31T23:00:00Z
17,413,Stari Grad,299,281,580,56,20,76,20,13,33,4,3,7,46,34,80,0,0,0,4,12,16,429,363,792,2021-01-31T23:00:00Z
17,423,Sućuraj,22,21,43,21,2,23,3,2,5,1,0,1,13,8,21,0,0,0,0,1,1,60,34,94,2021-01-31T23:00:00Z
17,427,Supetar,562,685,1247,100,56,156,17,6,23,20,8,28,100,124,224,0,0,0,7,2,9,806,881,1687,2021-01-31T23:00:00Z
17,443,Šestanovac,145,146,291,27,4,31,9,1,10,1,2,3,20,20,40,0,0,0,2,1,3,204,174,378,2021-01-31T23:00:00Z
17,447,Šolta,173,121,294,15,5,20,9,3,12,13,1,14,5,15,20,0,0,0,1,2,3,216,147,363,2021-01-31T23:00:00Z
17,460,Trilj,471,549,1020,106,27,133,18,7,25,8,3,11,90,133,223,0,0,0,1,7,8,694,726,1420,2021-01-31T23:00:00Z
17,463,Trogir,1877,1753,3630,304,133,437,14,4,18,69,37,106,308,398,706,0,0,0,18,23,41,2590,2348,4938,2021-01-31T23:00:00Z
17,492,Vis,220,252,472,37,15,52,17,3,20,3,2,5,39,23,62,0,0,0,2,2,4,318,297,615,2021-01-31T23:00:00Z
17,50,Cista Provo,116,137,253,25,2,27,9,1,10,2,0,2,5,8,13,0,0,0,0,3,3,157,151,308,2021-01-31T23:00:00Z
17,511,Vrgorac,930,682,1612,46,23,69,24,15,39,5,6,11,47,78,125,0,0,0,3,2,5,1055,806,1861,2021-01-31T23:00:00Z
17,513,Vrlika,103,205,308,16,4,20,10,4,14,1,0,1,25,3,28,0,0,0,1,0,1,156,216,372,2021-01-31T23:00:00Z
17,522,Zagvozd,139,71,210,15,2,17,2,0,2,0,0,0,10,9,19,0,0,0,0,1,1,166,83,249,2021-01-31T23:00:00Z
17,528,Zmijavci,85,102,187,6,2,8,2,1,3,2,0,2,26,8,34,0,0,0,0,1,1,121,114,235,2021-01-31T23:00:00Z
17,585,Dugopolje,1286,703,1989,31,11,42,5,6,11,17,1,18,61,48,109,0,0,0,1,0,1,1401,769,2170,2021-01-31T23:00:00Z
17,586,Lećevica,12,19,31,5,0,5,1,1,2,2,0,2,1,0,1,0,0,0,0,0,0,21,20,41,2021-01-31T23:00:00Z
17,587,Lokvičići,39,20,59,1,0,1,2,0,2,0,0,0,2,2,4,0,0,0,1,0,1,45,22,67,2021-01-31T23:00:00Z
17,588,Okrug,134,176,310,29,6,35,1,0,1,9,4,13,81,28,109,0,0,0,2,4,6,256,218,474,2021-01-31T23:00:00Z
17,589,Prgomet,37,24,61,8,0,8,2,1,3,0,0,0,2,1,3,0,0,0,0,0,0,49,26,75,2021-01-31T23:00:00Z
17,590,Primorski Dolac,14,27,41,4,1,5,1,1,2,1,1,2,2,5,7,0,0,0,0,0,0,22,35,57,2021-01-31T23:00:00Z
17,591,Runovići,73,65,138,7,3,10,0,1,1,0,2,2,26,35,61,0,0,0,0,1,1,106,107,213,2021-01-31T23:00:00Z
17,592,Sutivan,95,62,157,11,4,15,4,1,5,9,1,10,21,12,33,0,0,0,0,1,1,140,81,221,2021-01-31T23:00:00Z
17,593,Tučepi,204,181,385,19,9,28,1,1,2,3,3,6,27,20,47,0,0,0,0,0,0,254,214,468,2021-01-31T23:00:00Z
17,595,Zadvarje,28,25,53,8,1,9,0,1,1,1,0,1,13,5,18,0,0,0,0,0,0,50,32,82,2021-01-31T23:00:00Z
17,72,Dicmo,460,180,640,32,16,48,2,2,4,4,1,5,31,45,76,0,0,0,1,1,2,530,245,775,2021-01-31T23:00:00Z
17,77,Brela,179,153,332,23,6,29,0,1,1,1,1,2,18,12,30,0,0,0,1,1,2,222,174,396,2021-01-31T23:00:00Z
17,87,Muć,160,184,344,18,3,21,1,5,6,4,4,8,7,14,21,0,0,0,0,1,1,190,211,401,2021-01-31T23:00:00Z
17,88,Proložac,197,162,359,14,4,18,3,4,7,0,0,0,32,17,49,0,0,0,3,1,4,249,188,437,2021-01-31T23:00:00Z
17,9,Baška Voda,210,247,457,54,21,75,2,0,2,4,2,6,48,39,87,0,0,0,2,2,4,320,311,631,2021-01-31T23:00:00Z
18,132,Gračišće,50,29,79,27,4,31,11,3,14,0,0,0,31,10,41,0,0,0,0,0,0,119,46,165,2021-01-31T23:00:00Z
18,138,Grožnjan,23,22,45,15,2,17,13,5,18,0,0,0,9,14,23,0,0,0,0,1,1,60,44,104,2021-01-31T23:00:00Z
18,175,Kanfanar,459,178,637,25,8,33,4,0,4,1,0,1,20,17,37,0,0,0,2,1,3,511,204,715,2021-01-31T23:00:00Z
18,217,Kršan,318,302,620,47,13,60,8,5,13,1,0,1,98,50,148,0,0,0,3,3,6,475,373,848,2021-01-31T23:00:00Z
18,222,Labin,2491,2264,4755,238,111,349,17,10,27,27,38,65,259,207,466,0,0,0,13,10,23,3045,2640,5685,2021-01-31T23:00:00Z
18,223,Lanišće,12,15,27,4,0,4,2,0,2,0,0,0,6,1,7,0,0,0,0,1,1,24,17,41,2021-01-31T23:00:00Z
18,235,Ližnjan,129,131,260,8,3,11,2,0,2,4,0,4,22,33,55,0,0,0,1,0,1,166,167,333,2021-01-31T23:00:00Z
18,246,Lupoglav,168,92,260,11,6,17,7,3,10,0,1,1,13,11,24,0,0,0,0,1,1,199,114,313,2021-01-31T23:00:00Z
18,254,Marčana,166,160,326,36,14,50,3,2,5,5,1,6,29,23,52,0,0,0,2,1,3,241,201,442,2021-01-31T23:00:00Z
18,263,Medulin,543,522,1065,66,31,97,7,2,9,10,5,15,81,104,185,0,0,0,0,1,1,707,665,1372,2021-01-31T23:00:00Z
18,274,Motovun,81,95,176,34,13,47,22,5,27,0,1,1,34,22,56,0,0,0,1,2,3,172,138,310,2021-01-31T23:00:00Z
18,291,Novigrad,746,880,1626,119,46,165,20,4,24,3,9,12,123,86,209,0,0,0,8,7,15,1019,1032,2051,2021-01-31T23:00:00Z
18,304,Oprtalj,61,72,133,12,3,15,14,2,16,0,0,0,11,8,19,0,0,0,4,2,6,102,87,189,2021-01-31T23:00:00Z
18,321,Pazin,1994,1916,3910,286,109,395,50,24,74,16,23,39,300,194,494,0,0,0,6,13,19,2652,2279,4931,2021-01-31T23:00:00Z
18,330,Pićan,342,177,519,27,5,32,2,5,7,1,1,2,51,21,72,0,0,0,1,1,2,424,210,634,2021-01-31T23:00:00Z
18,348,Poreč,4413,4279,8692,559,275,834,46,20,66,58,50,108,442,392,834,0,0,0,18,15,33,5536,5031,10567,2021-01-31T23:00:00Z
18,359,Pula,12628,12305,24933,1136,601,1737,67,44,111,308,169,477,800,1030,1830,0,0,0,69,56,125,15008,14205,29213,2021-01-31T23:00:00Z
18,368,Raša,266,161,427,26,7,33,1,0,1,4,1,5,38,20,58,0,0,0,1,1,2,336,190,526,2021-01-31T23:00:00Z
18,374,Rovinj,2643,2736,5379,366,195,561,27,12,39,30,36,66,363,321,684,0,0,0,16,21,37,3445,3321,6766,2021-01-31T23:00:00Z
18,40,Brtonigla,131,94,225,36,14,50,24,8,32,1,1,2,31,39,70,0,0,0,3,1,4,226,157,383,2021-01-31T23:00:00Z
18,42,Buje,745,715,1460,93,43,136,26,12,38,6,11,17,61,58,119,0,0,0,3,6,9,934,845,1779,2021-01-31T23:00:00Z
18,43,Buzet,1584,1023,2607,163,66,229,22,15,37,6,5,11,97,100,197,0,0,0,10,8,18,1882,1217,3099,2021-01-31T23:00:00Z
18,431,Sveti Lovreč,44,58,102,22,10,32,2,0,2,0,1,1,32,13,45,0,0,0,0,0,0,100,82,182,2021-01-31T23:00:00Z
18,432,Sveta Nedelja,132,112,244,25,7,32,7,3,10,3,0,3,39,14,53,0,0,0,6,4,10,212,140,352,2021-01-31T23:00:00Z
18,433,Sveti Petar U Šumi,152,105,257,22,4,26,2,4,6,0,0,0,15,3,18,0,0,0,1,1,2,192,117,309,2021-01-31T23:00:00Z
18,435,Svetvinčenat,115,101,216,20,4,24,1,0,1,0,1,1,28,22,50,0,0,0,0,0,0,164,128,292,2021-01-31T23:00:00Z
18,453,Tinjan,195,104,299,39,8,47,4,0,4,1,3,4,47,26,73,0,0,0,1,0,1,287,141,428,2021-01-31T23:00:00Z
18,468,Umag,2473,2086,4559,357,155,512,29,15,44,29,32,61,266,274,540,0,0,0,18,18,36,3172,2580,5752,2021-01-31T23:00:00Z
18,47,Cerovlje,96,43,139,37,2,39,5,4,9,1,0,1,34,16,50,0,0,0,1,2,3,174,67,241,2021-01-31T23:00:00Z
18,497,Višnjan,247,238,485,42,12,54,9,3,12,1,1,2,88,32,120,0,0,0,3,0,3,390,286,676,2021-01-31T23:00:00Z
18,498,Vižinada,61,44,105,22,5,27,15,5,20,1,0,1,24,18,42,0,0,0,1,1,2,124,73,197,2021-01-31T23:00:00Z
18,5,Bale,107,92,199,23,15,38,3,2,5,0,0,0,33,14,47,0,0,0,1,1,2,167,124,291,2021-01-31T23:00:00Z
18,502,Vodnjan,694,546,1240,47,20,67,10,3,13,9,4,13,91,49,140,0,0,0,0,2,2,851,624,1475,2021-01-31T23:00:00Z
18,516,Vrsar,262,258,520,72,26,98,3,1,4,5,1,6,78,78,156,1,0,1,3,2,5,424,366,790,2021-01-31T23:00:00Z
18,531,Žminj,476,381,857,97,43,140,13,4,17,1,5,6,95,67,162,0,0,0,4,1,5,686,501,1187,2021-01-31T23:00:00Z
18,596,Karojba,100,69,169,32,6,38,2,1,3,0,0,0,44,10,54,0,0,0,1,0,1,179,86,265,2021-01-31T23:00:00Z
18,597,Kaštelir - Labinci,165,70,235,31,12,43,5,2,7,1,0,1,41,15,56,0,0,0,1,3,4,244,102,346,2021-01-31T23:00:00Z
18,6,Barban,231,114,345,38,5,43,10,5,15,0,1,1,22,23,45,0,0,0,6,2,8,307,150,457,2021-01-31T23:00:00Z
18,619,Fažana,248,194,442,22,11,33,0,1,1,3,2,5,40,55,95,0,0,0,0,2,2,313,265,578,2021-01-31T23:00:00Z
18,629,Funtana,104,99,203,14,6,20,1,0,1,0,0,0,13,20,33,0,0,0,2,1,3,134,126,260,2021-01-31T23:00:00Z
18,631,Tar-Vabriga,150,210,360,33,14,47,2,0,2,1,0,1,25,26,51,0,0,0,0,1,1,211,251,462,2021-01-31T23:00:00Z
19,198,Konavle,1064,815,1879,201,69,270,20,9,29,30,8,38,76,103,179,0,0,0,6,3,9,1397,1007,2404,2021-01-31T23:00:00Z
19,204,Korčula,619,817,1436,108,47,155,16,6,22,111,10,121,86,90,176,0,0,0,11,7,18,951,977,1928,2021-01-31T23:00:00Z
19,219,Kula Norinska,46,72,118,13,1,14,2,0,2,1,0,1,6,6,12,0,0,0,0,0,0,68,79,147,2021-01-31T23:00:00Z
19,226,Lastovo,60,84,144,20,8,28,2,1,3,4,1,5,6,4,10,0,0,0,5,4,9,97,102,199,2021-01-31T23:00:00Z
19,25,Blato,577,399,976,61,19,80,19,4,23,10,11,21,156,49,205,0,0,0,5,4,9,828,486,1314,2021-01-31T23:00:00Z
19,264,Metković,1973,1686,3659,182,97,279,32,22,54,42,20,62,287,281,568,0,0,0,5,6,11,2521,2112,4633,2021-01-31T23:00:00Z
19,268,Mljet,172,80,252,14,7,21,3,0,3,4,2,6,6,11,17,0,0,0,4,2,6,203,102,305,2021-01-31T23:00:00Z
19,306,Opuzen,408,336,744,31,16,47,44,23,67,2,1,3,19,30,49,0,0,0,1,1,2,505,407,912,2021-01-31T23:00:00Z
19,308,Orebić,369,356,725,66,34,100,31,9,40,41,6,47,70,68,138,0,0,0,4,14,18,581,487,1068,2021-01-31T23:00:00Z
19,335,Ploče,1387,921,2308,77,45,122,18,3,21,28,6,34,76,128,204,0,0,0,5,5,10,1591,1108,2699,2021-01-31T23:00:00Z
19,343,Pojezerje,28,53,81,4,2,6,7,0,7,0,0,0,1,2,3,0,0,0,0,0,0,40,57,97,2021-01-31T23:00:00Z
19,399,Slivno,363,52,415,10,7,17,17,6,23,0,0,0,5,10,15,1,0,1,1,0,1,397,75,472,2021-01-31T23:00:00Z
19,402,Smokvica,28,75,103,11,2,13,13,6,19,1,0,1,35,6,41,0,0,0,4,3,7,92,92,184,2021-01-31T23:00:00Z
19,419,Ston,516,234,750,51,12,63,25,4,29,4,1,5,39,22,61,0,0,0,2,2,4,637,275,912,2021-01-31T23:00:00Z
19,474,Vela Luka,284,505,789,53,20,73,10,1,11,37,4,41,79,46,125,0,0,0,4,7,11,467,583,1050,2021-01-31T23:00:00Z
19,523,Zažablje,18,24,42,5,0,5,5,2,7,1,0,1,10,2,12,0,0,0,0,0,0,39,28,67,2021-01-31T23:00:00Z
19,598,Dubrovačko Primorje,146,101,247,22,4,26,5,6,11,11,2,13,35,18,53,0,0,0,0,2,2,219,133,352,2021-01-31T23:00:00Z
19,599,Janjina,227,67,294,10,5,15,10,3,13,0,1,1,4,9,13,0,0,0,1,0,1,252,85,337,2021-01-31T23:00:00Z
19,600,Lumbarda,48,59,107,36,12,48,10,1,11,5,0,5,19,11,30,0,0,0,6,4,10,124,87,211,2021-01-31T23:00:00Z
19,601,Trpanj,41,49,90,11,3,14,1,2,3,3,1,4,19,7,26,0,0,0,3,1,4,78,63,141,2021-01-31T23:00:00Z
19,602,Župa Dubrovačka,633,592,1225,122,64,186,5,5,10,65,2,67,65,69,134,1,0,1,7,1,8,898,733,1631,2021-01-31T23:00:00Z
19,98,Dubrovnik,9714,10176,19890,738,383,1121,29,13,42,508,73,581,525,621,1146,0,0,0,47,64,111,11561,11330,22891,2021-01-31T23:00:00Z
20,123,Goričan,307,145,452,6,3,9,10,2,12,0,2,2,11,12,23,0,0,0,0,0,0,334,164,498,2021-01-31T23:00:00Z
20,15,Belica,186,195,381,25,17,42,63,45,108,1,1,2,28,33,61,0,0,0,0,1,1,303,292,595,2021-01-31T23:00:00Z
20,206,Kotoriba,476,241,717,10,4,14,7,0,7,0,5,5,16,15,31,0,0,0,0,0,0,509,265,774,2021-01-31T23:00:00Z
20,250,Mala Subotica,475,957,1432,29,20,49,34,17,51,2,4,6,42,31,73,0,0,0,0,5,5,582,1034,1616,2021-01-31T23:00:00Z
20,276,Mursko Središće,758,759,1517,40,24,64,16,7,23,2,6,8,62,54,116,0,0,0,1,2,3,879,852,1731,2021-01-31T23:00:00Z
20,279,Nedelišće,1343,765,2108,94,38,132,41,18,59,2,6,8,125,61,186,0,0,0,0,7,7,1605,895,2500,2021-01-31T23:00:00Z
20,342,Podturen,184,104,288,21,6,27,18,15,33,1,2,3,58,30,88,0,0,0,0,2,2,282,159,441,2021-01-31T23:00:00Z
20,355,Prelog,2323,1633,3956,67,15,82,46,33,79,8,10,18,61,53,114,0,0,0,6,6,12,2511,1750,4261,2021-01-31T23:00:00Z
20,385,Selnica,140,122,262,7,8,15,8,6,14,1,3,4,14,18,32,0,0,0,0,0,0,170,157,327,2021-01-31T23:00:00Z
20,440,Sveti Juraj Na Bregu,267,150,417,28,12,40,13,8,21,2,2,4,47,65,112,0,0,0,0,0,0,357,237,594,2021-01-31T23:00:00Z
20,441,Sveti Martin Na Muri,520,308,828,9,8,17,11,5,16,0,3,3,25,34,59,0,0,0,1,2,3,566,360,926,2021-01-31T23:00:00Z
20,452,Štrigova,282,198,480,27,10,37,41,25,66,2,2,4,64,63,127,0,0,0,0,0,0,416,298,714,2021-01-31T23:00:00Z
20,504,Vratišinec,145,92,237,6,4,10,11,3,14,1,1,2,7,6,13,0,0,0,1,1,2,171,107,278,2021-01-31T23:00:00Z
20,60,Čakovec,9797,9312,19109,254,123,377,66,26,92,37,62,99,275,368,643,0,0,0,9,12,21,10438,9903,20341,2021-01-31T23:00:00Z
20,603,Dekanovec,72,73,145,5,2,7,8,6,14,0,0,0,5,3,8,0,0,0,0,1,1,90,85,175,2021-01-31T23:00:00Z
20,604,Gornji Mihaljevec,122,48,170,10,2,12,23,7,30,2,1,3,20,11,31,0,0,0,1,0,1,178,69,247,2021-01-31T23:00:00Z
20,605,Orehovica,84,126,210,15,2,17,29,14,43,1,3,4,45,19,64,0,0,0,1,2,3,175,166,341,2021-01-31T23:00:00Z
20,606,Strahoninec,242,128,370,12,4,16,3,1,4,0,1,1,37,12,49,0,0,0,0,2,2,294,148,442,2021-01-31T23:00:00Z
20,607,Sveta Marija,74,71,145,13,6,19,6,0,6,1,0,1,24,9,33,0,0,0,0,1,1,118,87,205,2021-01-31T23:00:00Z
20,608,Šenkovec,521,236,757,14,12,26,2,1,3,0,1,1,28,25,53,0,0,0,2,2,4,567,277,844,2021-01-31T23:00:00Z
20,620,Pribislavec,324,193,517,10,5,15,3,1,4,2,2,4,14,11,25,0,0,0,0,0,0,353,212,565,2021-01-31T23:00:00Z
20,75,Domašinec,312,116,428,7,9,16,17,14,31,0,1,1,19,9,28,0,0,0,3,2,5,358,151,509,2021-01-31T23:00:00Z
20,78,Donja Dubrava,177,225,402,13,5,18,6,3,9,0,1,1,11,12,23,0,0,0,0,0,0,207,246,453,2021-01-31T23:00:00Z
20,82,Donji Kraljevec,1340,578,1918,36,11,47,52,17,69,3,6,9,77,130,207,0,0,0,4,7,11,1512,749,2261,2021-01-31T23:00:00Z
20,89,Donji Vidovec,49,71,120,2,1,3,5,0,5,1,2,3,3,14,17,0,0,0,0,0,0,60,88,148,2021-01-31T23:00:00Z
21,133,Zagreb,223761,203803,427564,7797,5156,12953,303,199,502,2259,2110,4369,5557,6972,12529,18,2,20,395,561,956,240090,218803,458893,2021-01-31T23:00:00Z
01,101,Dugo Selo,2889,1963,4852,220,91,311,24,23,47,24,24,48,288,243,531,0,0,0,6,17,23,3451,2361,5812,2021-02-28T23:00:00Z
01,114,Farkaševac,174,233,407,7,4,11,28,12,40,0,2,2,36,14,50,0,0,0,0,0,0,245,265,510,2021-02-28T23:00:00Z
01,135,Gradec,155,124,279,13,2,15,13,7,20,0,1,1,43,22,65,0,0,0,0,0,0,224,156,380,2021-02-28T23:00:00Z
01,158,Ivanić-Grad,2961,1653,4614,93,76,169,54,33,87,8,20,28,157,197,354,0,0,0,12,8,20,3285,1987,5272,2021-02-28T23:00:00Z
01,163,Jakovlje,239,211,450,42,8,50,8,12,20,3,0,3,35,35,70,0,0,0,0,0,0,327,266,593,2021-02-28T23:00:00Z
01,169,Jastrebarsko,2204,1592,3796,214,114,328,60,34,94,15,19,34,243,242,485,0,0,0,7,9,16,2743,2010,4753,2021-02-28T23:00:00Z
01,190,Klinča Selo,202,164,366,37,7,44,5,3,8,0,0,0,74,49,123,0,0,0,0,1,1,318,224,542,2021-02-28T23:00:00Z
01,193,Kloštar Ivanić,375,288,663,24,9,33,19,6,25,1,11,12,60,45,105,1,0,1,2,0,2,482,359,841,2021-02-28T23:00:00Z
01,213,Križ,583,404,987,25,21,46,22,13,35,5,6,11,27,57,84,0,0,0,2,1,3,664,502,1166,2021-02-28T23:00:00Z
01,33,Brckovljani,321,322,643,8,4,12,0,0,0,1,2,3,24,16,40,0,0,0,0,0,0,354,344,698,2021-02-28T23:00:00Z
01,331,Pisarovina,393,305,698,27,19,46,25,19,44,1,2,3,24,28,52,0,0,0,2,3,5,472,376,848,2021-02-28T23:00:00Z
01,34,Brdovec,851,708,1559,99,29,128,13,7,20,3,7,10,80,59,139,0,0,0,4,3,7,1050,813,1863,2021-02-28T23:00:00Z
01,356,Preseka,16,11,27,5,2,7,13,12,25,0,1,1,17,6,23,0,0,0,1,0,1,52,32,84,2021-02-28T23:00:00Z
01,362,Pušča,167,196,363,28,14,42,8,2,10,1,3,4,49,23,72,0,0,0,0,0,0,253,238,491,2021-02-28T23:00:00Z
01,376,Rugvica,1085,459,1544,8,5,13,4,2,6,1,2,3,26,21,47,0,0,0,0,0,0,1124,489,1613,2021-02-28T23:00:00Z
01,380,Samobor,5374,3734,9108,492,293,785,27,24,51,43,73,116,522,493,1015,0,0,0,32,27,59,6490,4644,11134,2021-02-28T23:00:00Z
01,429,Sveti Ivan Zelina,2192,1850,4042,170,71,241,76,56,132,14,20,34,249,221,470,0,0,0,11,2,13,2712,2220,4932,2021-02-28T23:00:00Z
01,436,Sveta Nedjelja,5334,3124,8458,222,82,304,7,4,11,9,12,21,340,179,519,0,0,0,8,9,17,5920,3410,9330,2021-02-28T23:00:00Z
01,508,Vrbovec,2178,1952,4130,152,67,219,76,35,111,8,20,28,290,158,448,0,0,0,7,10,17,2711,2242,4953,2021-02-28T23:00:00Z
01,533,Krašić,262,181,443,27,9,36,16,10,26,4,3,7,26,33,59,0,0,0,0,1,1,335,237,572,2021-02-28T23:00:00Z
01,536,Rakovec,30,13,43,10,2,12,12,7,19,0,1,1,22,11,33,0,0,0,0,0,0,74,34,108,2021-02-28T23:00:00Z
01,539,Marija Gorica,84,92,176,14,2,16,0,0,0,1,1,2,22,23,45,0,0,0,0,0,0,121,118,239,2021-02-28T23:00:00Z
01,540,Žumberak,15,18,33,4,2,6,6,4,10,0,0,0,6,8,14,0,0,0,0,0,0,31,32,63,2021-02-28T23:00:00Z
01,541,Velika Gorica,7689,6006,13695,610,335,945,69,32,101,61,65,126,602,535,1137,0,0,0,25,27,52,9056,7000,16056,2021-02-28T23:00:00Z
01,542,Orle,46,35,81,15,1,16,9,6,15,0,0,0,11,4,15,0,0,0,0,0,0,81,46,127,2021-02-28T23:00:00Z
01,543,Zaprešić,3374,2907,6281,208,142,350,14,11,25,35,42,77,239,239,478,0,0,0,17,18,35,3887,3359,7246,2021-02-28T23:00:00Z
01,544,Pokupsko,50,72,122,10,6,16,14,6,20,0,0,0,7,8,15,0,0,0,1,0,1,82,92,174,2021-02-28T23:00:00Z
01,545,Kravarsko,119,91,210,30,7,37,6,6,12,0,0,0,63,16,79,0,0,0,1,0,1,219,120,339,2021-02-28T23:00:00Z
01,547,Bistra,351,542,893,42,24,66,7,5,12,2,8,10,63,51,114,1,0,1,1,1,2,467,631,1098,2021-02-28T23:00:00Z
01,548,Luka,242,86,328,14,2,16,2,4,6,1,1,2,23,17,40,0,0,0,0,0,0,282,110,392,2021-02-28T23:00:00Z
01,549,Dubravica,71,41,112,14,0,14,14,7,21,0,0,0,12,13,25,0,0,0,0,0,0,111,61,172,2021-02-28T23:00:00Z
01,550,Bedenica,200,149,349,10,5,15,7,5,12,1,1,2,20,12,32,0,0,0,0,0,0,238,172,410,2021-02-28T23:00:00Z
01,551,Stupnik,1300,483,1783,25,17,42,0,4,4,2,2,4,21,24,45,0,0,0,1,1,2,1349,531,1880,2021-02-28T23:00:00Z
01,97,Dubrava,308,328,636,39,21,60,65,40,105,3,13,16,69,70,139,0,0,0,3,7,10,487,479,966,2021-02-28T23:00:00Z
02,108,Đurmanec,112,131,243,58,11,69,1,2,3,3,1,4,106,94,200,0,0,0,1,0,1,281,239,520,2021-02-28T23:00:00Z
02,11,Bedekovčina,512,768,1280,89,39,128,7,7,14,6,8,14,127,109,236,0,0,0,3,3,6,744,934,1678,2021-02-28T23:00:00Z
02,125,Gornja Stubica,197,279,476,51,13,64,8,3,11,1,1,2,69,42,111,0,0,0,1,2,3,327,340,667,2021-02-28T23:00:00Z
02,146,Hraščina,48,43,91,8,2,10,2,3,5,0,1,1,4,6,10,0,0,0,0,0,0,62,55,117,2021-02-28T23:00:00Z
02,152,Hum Na Sutli,1626,610,2236,53,30,83,4,0,4,1,7,8,168,73,241,0,0,0,0,2,2,1852,722,2574,2021-02-28T23:00:00Z
02,187,Klanjec,295,250,545,63,22,85,8,6,14,5,1,6,67,46,113,0,0,0,0,2,2,438,327,765,2021-02-28T23:00:00Z
02,200,Konjščina,426,355,781,33,16,49,2,0,2,1,2,3,26,34,60,0,0,0,0,1,1,488,408,896,2021-02-28T23:00:00Z
02,208,Kraljevec Na Sutli,64,47,111,13,6,19,4,2,6,0,0,0,17,7,24,0,0,0,0,2,2,98,64,162,2021-02-28T23:00:00Z
02,211,Krapina,2729,2576,5305,176,81,257,8,6,14,18,18,36,201,172,373,0,0,0,1,2,3,3133,2855,5988,2021-02-28T23:00:00Z
02,212,Krapinske Toplice,549,1165,1714,68,35,103,3,5,8,0,5,5,112,73,185,0,0,0,0,1,1,732,1284,2016,2021-02-28T23:00:00Z
02,236,Lobor,162,212,374,19,9,28,5,5,10,0,0,0,33,14,47,0,0,0,1,2,3,220,242,462,2021-02-28T23:00:00Z
02,248,Mače,105,59,164,28,6,34,4,3,7,1,0,1,53,34,87,0,0,0,0,0,0,191,102,293,2021-02-28T23:00:00Z
02,256,Marija Bistrica,326,310,636,62,43,105,15,6,21,1,5,6,87,79,166,0,0,0,3,4,7,494,447,941,2021-02-28T23:00:00Z
02,265,Mihovljan,104,103,207,31,7,38,6,0,6,0,0,0,71,13,84,0,0,0,1,1,2,213,124,337,2021-02-28T23:00:00Z
02,311,Oroslavje,858,807,1665,77,36,113,10,2,12,6,9,15,98,73,171,0,0,0,4,2,6,1053,929,1982,2021-02-28T23:00:00Z
02,329,Petrovsko,73,44,117,15,2,17,1,0,1,5,0,5,53,11,64,0,0,0,1,0,1,148,57,205,2021-02-28T23:00:00Z
02,352,Pregrada,809,931,1740,109,32,141,3,4,7,6,8,14,153,100,253,0,0,0,0,2,2,1080,1077,2157,2021-02-28T23:00:00Z
02,364,Radoboj,136,102,238,17,10,27,1,1,2,1,3,4,52,20,72,0,0,0,0,1,1,207,137,344,2021-02-28T23:00:00Z
02,41,Budinščina,170,172,342,14,6,20,6,2,8,1,2,3,21,11,32,0,0,0,2,3,5,214,196,410,2021-02-28T23:00:00Z
02,422,Stubičke Toplice,243,397,640,33,15,48,0,1,1,3,6,9,63,27,90,0,0,0,1,1,2,343,447,790,2021-02-28T23:00:00Z
02,430,Sveti Križ Začretje,652,765,1417,73,21,94,9,5,14,2,4,6,138,98,236,0,0,0,5,1,6,879,894,1773,2021-02-28T23:00:00Z
02,466,Tuhelj,128,203,331,17,12,29,4,1,5,1,2,3,29,32,61,0,0,0,0,0,0,179,250,429,2021-02-28T23:00:00Z
02,481,Veliko Trgovišće,527,310,837,52,16,68,4,5,9,2,5,7,103,54,157,0,0,0,4,1,5,692,391,1083,2021-02-28T23:00:00Z
02,519,Zabok,2784,2693,5477,143,82,225,5,4,9,14,18,32,196,341,537,0,0,0,1,3,4,3143,3141,6284,2021-02-28T23:00:00Z
02,521,Zagorska Sela,13,55,68,8,1,9,6,1,7,0,1,1,15,4,19,0,0,0,0,0,0,42,62,104,2021-02-28T23:00:00Z
02,526,Zlatar,542,667,1209,92,41,133,22,13,35,7,10,17,88,76,164,0,0,0,3,5,8,754,812,1566,2021-02-28T23:00:00Z
02,527,Zlatar Bistrica,353,570,923,26,9,35,3,3,6,4,0,4,72,40,112,0,0,0,3,4,7,461,626,1087,2021-02-28T23:00:00Z
02,552,Jesenje,53,60,113,10,1,11,0,1,1,0,0,0,45,6,51,0,0,0,0,0,0,108,68,176,2021-02-28T23:00:00Z
02,553,Kumrovec,81,93,174,18,4,22,2,0,2,2,1,3,20,14,34,0,0,0,0,0,0,123,112,235,2021-02-28T23:00:00Z
02,554,Novi Golubovec,136,52,188,4,2,6,1,0,1,0,0,0,5,2,7,0,0,0,0,0,0,146,56,202,2021-02-28T23:00:00Z
02,70,Desinić,146,282,428,31,7,38,9,1,10,2,1,3,32,33,65,0,0,0,0,1,1,220,325,545,2021-02-28T23:00:00Z
02,79,Donja Stubica,807,775,1582,94,46,140,4,3,7,7,3,10,88,57,145,0,0,0,2,6,8,1002,890,1892,2021-02-28T23:00:00Z
03,102,Dvor,279,146,425,15,4,19,65,20,85,0,3,3,10,12,22,0,0,0,2,1,3,371,186,557,2021-02-28T23:00:00Z
03,121,Glina,1165,733,1898,39,20,59,56,24,80,3,13,16,71,67,138,0,0,0,0,0,0,1334,857,2191,2021-02-28T23:00:00Z
03,149,Hrvatska Dubica,73,90,163,8,2,10,12,4,16,0,0,0,5,4,9,0,0,0,0,0,0,98,100,198,2021-02-28T23:00:00Z
03,150,Hrvatska Kostajnica,343,305,648,17,9,26,11,2,13,1,3,4,6,16,22,0,0,0,2,0,2,380,335,715,2021-02-28T23:00:00Z
03,168,Jasenovac,128,143,271,12,3,15,12,6,18,0,0,0,11,8,19,0,0,0,0,0,0,163,160,323,2021-02-28T23:00:00Z
03,220,Kutina,3646,2932,6578,174,102,276,39,23,62,33,23,56,197,241,438,1,0,1,12,8,20,4102,3329,7431,2021-02-28T23:00:00Z
03,228,Lekenik,293,233,526,36,9,45,7,10,17,0,5,5,34,28,62,0,0,0,1,2,3,371,287,658,2021-02-28T23:00:00Z
03,232,Lipovljani,280,263,543,25,11,36,11,3,14,1,0,1,28,37,65,0,0,0,1,1,2,346,315,661,2021-02-28T23:00:00Z
03,259,Martinska Ves,136,68,204,9,2,11,32,16,48,1,0,1,42,15,57,0,0,0,0,0,0,220,101,321,2021-02-28T23:00:00Z
03,293,Novska,1328,1018,2346,166,95,261,32,12,44,9,21,30,253,238,491,0,0,0,5,2,7,1793,1386,3179,2021-02-28T23:00:00Z
03,328,Petrinja,1609,1760,3369,210,81,291,62,19,81,7,27,34,258,264,522,0,0,0,9,8,17,2155,2159,4314,2021-02-28T23:00:00Z
03,347,Popovača,848,971,1819,80,37,117,48,15,63,8,12,20,97,119,216,0,0,0,6,2,8,1087,1156,2243,2021-02-28T23:00:00Z
03,391,Sisak,6917,8091,15008,364,218,582,104,61,165,47,77,124,564,565,1129,0,0,0,26,21,47,8022,9033,17055,2021-02-28T23:00:00Z
03,426,Sunja,201,152,353,23,8,31,42,35,77,1,3,4,14,21,35,0,0,0,2,0,2,283,219,502,2021-02-28T23:00:00Z
03,457,Topusko,249,315,564,18,6,24,4,2,6,2,0,2,32,30,62,0,0,0,1,0,1,306,353,659,2021-02-28T23:00:00Z
03,477,Velika Ludina,119,141,260,10,8,18,13,4,17,0,0,0,25,25,50,0,0,0,0,0,0,167,178,345,2021-02-28T23:00:00Z
03,510,Gvozd,116,116,232,7,4,11,21,3,24,0,0,0,15,12,27,0,0,0,2,0,2,161,135,296,2021-02-28T23:00:00Z
03,555,Majur,108,101,209,0,1,1,5,1,6,0,0,0,2,0,2,0,0,0,0,0,0,115,103,218,2021-02-28T23:00:00Z
03,83,Donji Kukuruzari,51,61,112,4,0,4,5,3,8,0,0,0,2,4,6,0,0,0,2,0,2,64,68,132,2021-02-28T23:00:00Z
04,120,Generalski Stol,32,75,107,20,5,25,1,0,1,0,1,1,24,12,36,0,0,0,0,0,0,77,93,170,2021-02-28T23:00:00Z
04,172,Josipdol,205,153,358,27,17,44,3,9,12,2,1,3,44,52,96,0,0,0,0,1,1,281,233,514,2021-02-28T23:00:00Z
04,179,Karlovac,10520,8733,19253,401,284,685,78,49,127,73,94,167,602,810,1412,0,0,0,15,23,38,11689,9993,21682,2021-02-28T23:00:00Z
04,216,Krnjak,126,72,198,2,2,4,7,3,10,0,0,0,10,3,13,0,0,0,0,0,0,145,80,225,2021-02-28T23:00:00Z
04,225,Lasinja,75,51,126,5,1,6,0,4,4,2,0,2,7,6,13,0,0,0,0,0,0,89,62,151,2021-02-28T23:00:00Z
04,281,Netretić,75,90,165,15,3,18,3,1,4,1,1,2,42,32,74,0,0,0,0,0,0,136,127,263,2021-02-28T23:00:00Z
04,297,Ogulin,1759,1728,3487,146,84,230,33,12,45,9,28,37,134,178,312,0,0,0,6,8,14,2087,2038,4125,2021-02-28T23:00:00Z
04,30,Bosiljevo,105,92,197,5,0,5,0,0,0,1,1,2,29,30,59,0,0,0,0,0,0,140,123,263,2021-02-28T23:00:00Z
04,315,Ozalj,790,614,1404,87,29,116,17,16,33,4,11,15,131,99,230,0,0,0,4,4,8,1033,773,1806,2021-02-28T23:00:00Z
04,333,Plaški,76,108,184,10,4,14,9,2,11,0,0,0,33,21,54,0,0,0,0,0,0,128,135,263,2021-02-28T23:00:00Z
04,365,Rakovica,134,114,248,5,12,17,3,3,6,0,1,1,60,48,108,0,0,0,1,0,1,203,178,381,2021-02-28T23:00:00Z
04,378,Saborsko,15,17,32,2,1,3,1,0,1,0,0,0,7,3,10,0,0,0,0,0,0,25,21,46,2021-02-28T23:00:00Z
04,400,Slunj,336,401,737,46,15,61,26,15,41,3,3,6,123,87,210,0,0,0,2,13,15,536,534,1070,2021-02-28T23:00:00Z
04,49,Cetingrad,63,50,113,6,1,7,3,4,7,0,0,0,10,10,20,0,0,0,0,0,0,82,65,147,2021-02-28T23:00:00Z
04,503,Vojnić,399,251,650,21,12,33,37,9,46,2,1,3,26,35,61,0,0,0,1,3,4,486,311,797,2021-02-28T23:00:00Z
04,530,Žakanje,142,97,239,23,12,35,7,1,8,0,0,0,27,35,62,0,0,0,0,1,1,199,146,345,2021-02-28T23:00:00Z
04,556,Ribnik,6,3,9,10,4,14,1,2,3,0,0,0,7,12,19,0,0,0,0,0,0,24,21,45,2021-02-28T23:00:00Z
04,557,Tounj,65,31,96,4,0,4,0,0,0,0,0,0,3,4,7,0,0,0,0,0,0,72,35,107,2021-02-28T23:00:00Z
04,623,Kamanje,162,102,264,3,3,6,0,0,0,0,0,0,3,13,16,0,0,0,0,0,0,168,118,286,2021-02-28T23:00:00Z
04,7,Barilovići,277,144,421,19,9,28,7,1,8,1,1,2,113,33,146,0,0,0,0,0,0,417,188,605,2021-02-28T23:00:00Z
04,90,Draganić,133,108,241,13,4,17,7,3,10,1,2,3,20,32,52,0,0,0,0,0,0,174,149,323,2021-02-28T23:00:00Z
04,99,Duga Resa,1147,992,2139,131,62,193,15,14,29,5,17,22,190,205,395,0,0,0,4,8,12,1492,1298,2790,2021-02-28T23:00:00Z
05,12,Bednja,204,160,364,22,8,30,2,8,10,2,1,3,19,19,38,0,0,0,0,0,0,249,196,445,2021-02-28T23:00:00Z
05,129,Gornji Kneginec,521,1190,1711,47,25,72,10,4,14,1,7,8,89,58,147,0,0,0,6,7,13,674,1291,1965,2021-02-28T23:00:00Z
05,151,Breznički Hum,190,141,331,13,5,18,8,6,14,0,1,1,19,15,34,0,0,0,3,4,7,233,172,405,2021-02-28T23:00:00Z
05,156,Ivanec,1998,1718,3716,157,65,222,12,11,23,12,16,28,298,263,561,0,0,0,7,14,21,2484,2087,4571,2021-02-28T23:00:00Z
05,165,Jalžabet,728,1052,1780,21,3,24,11,6,17,0,3,3,36,20,56,0,0,0,0,1,1,796,1085,1881,2021-02-28T23:00:00Z
05,189,Klenovnik,97,52,149,8,4,12,1,1,2,1,2,3,22,26,48,0,0,0,2,0,2,131,85,216,2021-02-28T23:00:00Z
05,19,Beretinec,62,36,98,17,2,19,3,3,6,0,1,1,15,21,36,0,0,0,1,1,2,98,64,162,2021-02-28T23:00:00Z
05,229,Lepoglava,1214,562,1776,50,29,79,7,4,11,1,4,5,99,73,172,0,0,0,1,6,7,1372,678,2050,2021-02-28T23:00:00Z
05,244,Ludbreg,1776,1464,3240,104,57,161,43,36,79,9,13,22,244,181,425,0,0,0,5,10,15,2181,1761,3942,2021-02-28T23:00:00Z
05,247,Ljubešćica,322,145,467,31,6,37,1,0,1,1,3,4,104,23,127,0,0,0,1,0,1,460,177,637,2021-02-28T23:00:00Z
05,251,Mali Bukovec,36,85,121,14,6,20,27,15,42,0,2,2,102,35,137,0,0,0,0,1,1,179,144,323,2021-02-28T23:00:00Z
05,260,Maruševec,369,278,647,47,25,72,25,26,51,3,5,8,97,43,140,0,0,0,4,2,6,545,379,924,2021-02-28T23:00:00Z
05,289,Novi Marof,1211,1206,2417,158,66,224,18,11,29,8,15,23,290,171,461,0,0,0,5,3,8,1690,1472,3162,2021-02-28T23:00:00Z
05,326,Petrijanec,386,668,1054,23,7,30,17,9,26,1,3,4,88,80,168,0,0,0,0,1,1,515,768,1283,2021-02-28T23:00:00Z
05,36,Breznica,160,54,214,18,3,21,3,5,8,1,6,7,18,15,33,0,0,0,0,0,0,200,83,283,2021-02-28T23:00:00Z
05,410,Sračinec,228,242,470,41,12,53,2,2,4,1,6,7,82,60,142,0,0,0,0,2,2,354,324,678,2021-02-28T23:00:00Z
05,437,Sveti Đurđ,71,94,165,30,4,34,26,8,34,3,1,4,37,33,70,0,0,0,0,0,0,167,140,307,2021-02-28T23:00:00Z
05,438,Sveti Ilija,164,164,328,13,8,21,2,1,3,1,4,5,48,24,72,0,0,0,1,0,1,229,201,430,2021-02-28T23:00:00Z
05,462,Trnovec Bartolovečki,1366,1560,2926,66,13,79,18,7,25,1,4,5,197,84,281,0,0,0,0,1,1,1648,1669,3317,2021-02-28T23:00:00Z
05,472,Varaždin,16384,15175,31559,479,336,815,42,25,67,81,124,205,529,626,1155,0,0,0,24,19,43,17539,16305,33844,2021-02-28T23:00:00Z
05,473,Varaždinske Toplice,584,431,1015,49,17,66,9,7,16,4,8,12,193,49,242,0,0,0,2,2,4,841,514,1355,2021-02-28T23:00:00Z
05,48,Cestica,423,359,782,46,24,70,13,20,33,2,4,6,92,74,166,0,0,0,0,2,2,576,483,1059,2021-02-28T23:00:00Z
05,484,Vidovec,218,248,466,52,15,67,69,31,100,2,5,7,112,92,204,0,0,0,0,0,0,453,391,844,2021-02-28T23:00:00Z
05,486,Vinica,277,215,492,23,9,32,5,5,10,1,5,6,31,23,54,0,0,0,0,1,1,337,258,595,2021-02-28T23:00:00Z
05,493,Visoko,89,46,135,17,0,17,6,4,10,0,1,1,23,23,46,0,0,0,1,0,1,136,74,210,2021-02-28T23:00:00Z
05,558,Veliki Bukovec,401,310,711,5,2,7,27,15,42,0,2,2,36,29,65,0,0,0,0,0,0,469,358,827,2021-02-28T23:00:00Z
05,80,Donja Voća,84,52,136,8,1,9,7,9,16,0,1,1,25,21,46,0,0,0,0,1,1,124,85,209,2021-02-28T23:00:00Z
05,85,Donji Martijanec,337,177,514,25,8,33,21,6,27,1,1,2,58,34,92,0,0,0,0,0,0,442,226,668,2021-02-28T23:00:00Z
06,104,Đelekovec,22,39,61,19,7,26,45,14,59,0,1,1,17,10,27,0,0,0,2,0,2,105,71,176,2021-02-28T23:00:00Z
06,107,Đurđevac,1290,1094,2384,80,41,121,76,51,127,12,11,23,85,74,159,0,0,0,13,6,19,1556,1277,2833,2021-02-28T23:00:00Z
06,115,Ferdinandovac,43,83,126,8,2,10,45,34,79,1,1,2,17,5,22,0,0,0,0,0,0,114,125,239,2021-02-28T23:00:00Z
06,122,Gola,169,147,316,12,2,14,92,43,135,0,2,2,6,21,27,0,0,0,3,0,3,282,215,497,2021-02-28T23:00:00Z
06,145,Hlebine,9,19,28,1,0,1,14,3,17,1,0,1,1,11,12,0,0,0,1,0,1,27,33,60,2021-02-28T23:00:00Z
06,194,Kloštar Podravski,169,147,316,17,11,28,41,34,75,0,1,1,32,42,74,0,0,0,2,1,3,261,236,497,2021-02-28T23:00:00Z
06,201,Koprivnica,7129,7500,14629,326,185,511,60,29,89,63,72,135,391,415,806,0,1,1,16,19,35,7985,8221,16206,2021-02-28T23:00:00Z
06,202,Koprivnički Bregi,62,79,141,14,5,19,24,6,30,0,1,1,29,12,41,0,0,0,1,0,1,130,103,233,2021-02-28T23:00:00Z
06,203,Koprivnički Ivanec,57,53,110,24,2,26,21,6,27,0,1,1,26,10,36,0,0,0,0,0,0,128,72,200,2021-02-28T23:00:00Z
06,214,Križevci,3259,3480,6739,160,93,253,239,190,429,13,28,41,246,216,462,0,0,0,9,8,17,3926,4015,7941,2021-02-28T23:00:00Z
06,227,Legrad,57,77,134,13,4,17,22,8,30,0,2,2,23,15,38,0,0,0,0,0,0,115,106,221,2021-02-28T23:00:00Z
06,270,Molve,227,113,340,7,9,16,63,30,93,1,2,3,36,20,56,0,0,0,2,1,3,336,175,511,2021-02-28T23:00:00Z
06,292,Novigrad Podravski,87,126,213,9,2,11,20,11,31,0,2,2,15,16,31,0,0,0,1,0,1,132,157,289,2021-02-28T23:00:00Z
06,324,Peteranec,77,39,116,14,4,18,21,9,30,0,1,1,28,12,40,0,0,0,1,0,1,141,65,206,2021-02-28T23:00:00Z
06,366,Rasinja,55,76,131,18,4,22,54,24,78,2,1,3,24,25,49,0,0,0,1,2,3,154,132,286,2021-02-28T23:00:00Z
06,405,Sokolovac,212,80,292,16,3,19,44,21,65,4,5,9,27,10,37,0,0,0,0,0,0,303,119,422,2021-02-28T23:00:00Z
06,439,Sveti Ivan Žabno,254,213,467,39,17,56,101,58,159,1,3,4,60,54,114,0,0,0,0,1,1,455,346,801,2021-02-28T23:00:00Z
06,442,Sveti Petar Orehovec,123,104,227,31,5,36,150,140,290,0,1,1,35,17,52,0,0,0,1,0,1,340,267,607,2021-02-28T23:00:00Z
06,490,Virje,272,209,481,29,10,39,44,26,70,3,1,4,34,36,70,0,0,0,3,1,4,385,283,668,2021-02-28T23:00:00Z
06,559,Kalinovac,398,88,486,4,1,5,10,2,12,0,0,0,8,9,17,0,0,0,2,1,3,422,101,523,2021-02-28T23:00:00Z
06,560,Kalnik,42,54,96,3,4,7,18,25,43,0,1,1,9,4,13,0,0,0,0,0,0,72,88,160,2021-02-28T23:00:00Z
06,561,Novo Virje,46,35,81,2,0,2,41,24,65,0,0,0,15,5,20,0,0,0,0,0,0,104,64,168,2021-02-28T23:00:00Z
06,616,Podravske Sesvete,99,111,210,3,5,8,23,13,36,2,0,2,5,9,14,0,0,0,0,1,1,132,139,271,2021-02-28T23:00:00Z
06,618,Gornja Reka,82,85,167,6,3,9,7,8,15,0,0,0,7,4,11,0,0,0,0,0,0,102,100,202,2021-02-28T23:00:00Z
06,96,Drnje,110,114,224,11,2,13,18,10,28,0,4,4,5,10,15,0,0,0,0,0,0,144,140,284,2021-02-28T23:00:00Z
07,105,Đulovac,287,60,347,8,8,16,35,14,49,2,5,7,104,24,128,0,0,0,0,0,0,436,111,547,2021-02-28T23:00:00Z
07,119,Garešnica,1063,1061,2124,54,31,85,61,36,97,15,19,34,110,127,237,0,0,0,2,5,7,1305,1279,2584,2021-02-28T23:00:00Z
07,139,Grubišno Polje,605,507,1112,33,23,56,107,43,150,5,7,12,74,68,142,0,0,0,4,3,7,828,651,1479,2021-02-28T23:00:00Z
07,144,Hercegovac,125,162,287,17,3,20,48,15,63,1,2,3,44,34,78,0,0,0,1,1,2,236,217,453,2021-02-28T23:00:00Z
07,161,Ivanska,125,96,221,4,3,7,47,12,59,2,2,4,85,26,111,0,0,0,2,2,4,265,141,406,2021-02-28T23:00:00Z
07,176,Kapela,84,85,169,3,2,5,46,29,75,0,1,1,23,9,32,0,0,0,2,0,2,158,126,284,2021-02-28T23:00:00Z
07,18,Berek,55,69,124,5,1,6,21,19,40,0,0,0,9,7,16,0,0,0,0,0,0,90,96,186,2021-02-28T23:00:00Z
07,199,Končanica,120,95,215,7,2,9,32,16,48,0,1,1,19,15,34,0,0,0,2,2,4,180,131,311,2021-02-28T23:00:00Z
07,24,Bjelovar,7092,6857,13949,294,173,467,203,113,316,51,85,136,426,508,934,1,0,1,20,15,35,8087,7751,15838,2021-02-28T23:00:00Z
07,287,Nova Rača,107,121,228,8,2,10,80,34,114,0,2,2,34,14,48,0,0,0,0,0,0,229,173,402,2021-02-28T23:00:00Z
07,375,Rovišće,186,224,410,23,10,33,53,33,86,1,3,4,21,40,61,0,0,0,0,1,1,284,311,595,2021-02-28T23:00:00Z
07,390,Sirač,257,166,423,11,2,13,10,3,13,2,1,3,26,8,34,0,0,0,0,2,2,306,182,488,2021-02-28T23:00:00Z
07,450,Štefanje,46,57,103,7,3,10,31,14,45,0,2,2,34,18,52,0,0,0,0,0,0,118,94,212,2021-02-28T23:00:00Z
07,478,Velika Pisanica,68,91,159,3,2,5,34,16,50,1,0,1,9,7,16,0,0,0,0,0,0,115,116,231,2021-02-28T23:00:00Z
07,480,Veliki Grđevac,146,132,278,9,5,14,74,30,104,1,2,3,79,28,107,0,0,0,1,0,1,310,197,507,2021-02-28T23:00:00Z
07,483,Veliko Trojstvo,56,116,172,15,4,19,13,13,26,0,0,0,47,20,67,0,0,0,1,1,2,132,154,286,2021-02-28T23:00:00Z
07,562,Severin,64,26,90,1,0,1,16,14,30,0,0,0,15,31,46,0,0,0,0,0,0,96,71,167,2021-02-28T23:00:00Z
07,564,Šandrovac,24,51,75,4,0,4,10,7,17,1,0,1,12,6,18,0,0,0,0,0,0,51,64,115,2021-02-28T23:00:00Z
07,565,Velika Trnovitica,66,56,122,6,2,8,35,22,57,1,0,1,21,11,32,0,0,0,1,1,2,130,92,222,2021-02-28T23:00:00Z
07,566,Zrinski Topolovac,8,25,33,2,1,3,38,21,59,0,0,0,5,2,7,0,0,0,1,1,2,54,50,104,2021-02-28T23:00:00Z
07,63,Čazma,1168,851,2019,52,17,69,61,42,103,6,8,14,102,70,172,0,0,0,3,3,6,1392,991,2383,2021-02-28T23:00:00Z
07,67,Daruvar,1466,1681,3147,82,51,133,44,22,66,15,22,37,135,179,314,0,0,0,3,7,10,1745,1962,3707,2021-02-28T23:00:00Z
07,71,Dežanovac,114,80,194,10,2,12,75,39,114,0,0,0,38,15,53,0,0,0,0,1,1,237,137,374,2021-02-28T23:00:00Z
08,117,Fužine,255,198,453,17,11,28,0,1,1,3,1,4,18,19,37,0,0,0,1,0,1,294,230,524,2021-02-28T23:00:00Z
08,170,Jelenje,282,253,535,97,43,140,5,1,6,29,8,37,58,36,94,0,0,0,2,2,4,473,343,816,2021-02-28T23:00:00Z
08,180,Kastav,1079,799,1878,122,59,181,4,1,5,55,10,65,111,82,193,4,0,4,6,7,13,1381,958,2339,2021-02-28T23:00:00Z
08,186,Klana,405,222,627,23,7,30,1,1,2,1,2,3,15,11,26,0,0,0,1,1,2,446,244,690,2021-02-28T23:00:00Z
08,209,Kraljevica,335,271,606,38,25,63,2,1,3,59,8,67,24,32,56,1,0,1,0,8,8,459,345,804,2021-02-28T23:00:00Z
08,215,Krk,1860,1164,3024,216,83,299,14,10,24,28,14,42,243,159,402,0,0,0,7,9,16,2368,1439,3807,2021-02-28T23:00:00Z
08,237,Lokve,108,98,206,12,4,16,0,0,0,0,2,2,10,10,20,0,0,0,0,1,1,130,115,245,2021-02-28T23:00:00Z
08,242,Lovran,420,579,999,78,24,102,2,2,4,12,10,22,41,60,101,0,0,0,4,9,13,557,684,1241,2021-02-28T23:00:00Z
08,252,Mali Lošinj,1328,1351,2679,217,71,288,25,11,36,29,17,46,167,148,315,0,0,0,14,6,20,1780,1604,3384,2021-02-28T23:00:00Z
08,253,Malinska-Dubašnica,498,781,1279,127,55,182,8,9,17,9,4,13,156,124,280,0,0,0,7,2,9,805,975,1780,2021-02-28T23:00:00Z
08,261,Matulji,1434,1055,2489,210,117,327,15,6,21,45,16,61,160,174,334,0,0,0,4,11,15,1868,1379,3247,2021-02-28T23:00:00Z
08,273,Mošćenička Draga,85,54,139,48,11,59,0,1,1,4,2,6,40,18,58,0,0,0,3,5,8,180,91,271,2021-02-28T23:00:00Z
08,275,Mrkopalj,65,44,109,16,2,18,2,0,2,2,0,2,10,9,19,0,0,0,1,0,1,96,55,151,2021-02-28T23:00:00Z
08,290,Novi Vinodolski,492,397,889,97,45,142,6,4,10,8,7,15,115,66,181,0,0,0,1,4,5,719,523,1242,2021-02-28T23:00:00Z
08,301,Omišalj,624,368,992,76,18,94,2,0,2,12,6,18,65,34,99,0,0,0,1,3,4,780,429,1209,2021-02-28T23:00:00Z
08,302,Opatija,2094,2602,4696,177,100,277,6,5,11,64,29,93,93,146,239,0,1,1,11,17,28,2445,2900,5345,2021-02-28T23:00:00Z
08,360,Punat,291,135,426,55,22,77,4,0,4,5,2,7,69,41,110,0,0,0,1,1,2,425,201,626,2021-02-28T23:00:00Z
08,363,Rab,924,1052,1976,284,71,355,13,4,17,19,12,31,209,164,373,0,0,0,10,9,19,1459,1312,2771,2021-02-28T23:00:00Z
08,369,Ravna Gora,281,286,567,30,10,40,2,0,2,2,1,3,43,26,69,0,0,0,1,2,3,359,325,684,2021-02-28T23:00:00Z
08,373,Rijeka,27296,28036,55332,1161,983,2144,25,18,43,1090,367,1457,870,1282,2152,19,0,19,107,132,239,30568,30818,61386,2021-02-28T23:00:00Z
08,38,Brod Moravice,38,44,82,11,1,12,0,0,0,0,1,1,22,8,30,0,0,0,1,0,1,72,54,126,2021-02-28T23:00:00Z
08,393,Skrad,45,51,96,5,3,8,1,1,2,1,1,2,2,8,10,0,0,0,0,0,0,54,64,118,2021-02-28T23:00:00Z
08,4,Bakar,1927,919,2846,57,36,93,3,0,3,74,11,85,80,72,152,0,0,0,5,9,14,2146,1047,3193,2021-02-28T23:00:00Z
08,488,Vinodolska Općina,174,150,324,57,21,78,1,0,1,14,1,15,48,11,59,1,0,1,2,3,5,297,186,483,2021-02-28T23:00:00Z
08,495,Viškovo,1707,1101,2808,188,100,288,6,4,10,66,16,82,159,120,279,0,0,0,7,11,18,2133,1352,3485,2021-02-28T23:00:00Z
08,507,Vrbnik,128,84,212,29,11,40,8,5,13,3,0,3,26,17,43,0,0,0,0,1,1,194,118,312,2021-02-28T23:00:00Z
08,509,Vrbovsko,347,286,633,59,20,79,3,3,6,3,5,8,80,42,122,0,0,0,1,0,1,493,356,849,2021-02-28T23:00:00Z
08,52,Cres,513,385,898,77,23,100,12,3,15,13,3,16,42,62,104,0,0,0,5,4,9,662,480,1142,2021-02-28T23:00:00Z
08,53,Crikvenica,1148,1469,2617,202,114,316,4,1,5,39,23,62,199,165,364,0,0,0,7,12,19,1599,1784,3383,2021-02-28T23:00:00Z
08,538,Kostrena,400,272,672,34,22,56,1,0,1,55,7,62,19,25,44,0,0,0,2,3,5,511,329,840,2021-02-28T23:00:00Z
08,55,Čabar,359,280,639,53,17,70,2,3,5,6,0,6,149,48,197,0,0,0,1,2,3,570,350,920,2021-02-28T23:00:00Z
08,61,Čavle,667,511,1178,83,52,135,1,1,2,31,10,41,107,85,192,0,0,0,2,1,3,891,660,1551,2021-02-28T23:00:00Z
08,624,Lopar,47,35,82,18,2,20,0,0,0,1,0,1,15,16,31,0,0,0,0,0,0,81,53,134,2021-02-28T23:00:00Z
08,69,Delnice,1138,732,1870,73,47,120,4,1,5,13,14,27,74,94,168,0,0,0,4,6,10,1306,894,2200,2021-02-28T23:00:00Z
08,74,Dobrinj,126,60,186,47,19,66,0,2,2,5,2,7,79,40,119,0,0,0,3,3,6,260,126,386,2021-02-28T23:00:00Z
08,8,Baška,166,184,350,42,23,65,7,2,9,5,3,8,24,27,51,0,0,0,5,2,7,249,241,490,2021-02-28T23:00:00Z
09,130,Gospić,2231,2240,4471,99,56,155,68,37,105,14,9,23,134,155,289,0,0,0,9,7,16,2555,2504,5059,2021-02-28T23:00:00Z
09,178,Karlobag,70,82,152,9,3,12,6,1,7,3,0,3,7,3,10,0,0,0,0,2,2,95,91,186,2021-02-28T23:00:00Z
09,240,Lovinac,182,67,249,1,0,1,2,1,3,0,0,0,1,1,2,0,0,0,0,0,0,186,69,255,2021-02-28T23:00:00Z
09,288,Novalja,653,519,1172,117,22,139,21,6,27,3,3,6,156,70,226,0,0,0,5,7,12,955,627,1582,2021-02-28T23:00:00Z
09,313,Otočac,830,877,1707,91,40,131,51,25,76,9,7,16,122,108,230,0,0,0,4,7,11,1107,1064,2171,2021-02-28T23:00:00Z
09,323,Perušić,352,223,575,22,6,28,27,23,50,0,1,1,17,22,39,0,0,0,0,0,0,418,275,693,2021-02-28T23:00:00Z
09,37,Brinje,330,203,533,22,6,28,10,5,15,0,1,1,17,20,37,0,0,0,2,0,2,381,235,616,2021-02-28T23:00:00Z
09,387,Senj,720,608,1328,100,46,146,6,4,10,18,9,27,92,106,198,1,0,1,6,9,15,943,782,1725,2021-02-28T23:00:00Z
09,455,Plitvička Jezera,651,698,1349,42,24,66,64,13,77,0,4,4,181,136,317,0,0,0,2,0,2,940,875,1815,2021-02-28T23:00:00Z
09,467,Udbina,142,121,263,10,5,15,35,8,43,0,0,0,8,10,18,0,0,0,3,2,5,198,146,344,2021-02-28T23:00:00Z
09,512,Vrhovine,92,38,130,3,3,6,5,1,6,0,0,0,4,4,8,0,0,0,0,0,0,104,46,150,2021-02-28T23:00:00Z
09,84,Donji Lapac,100,76,176,6,4,10,24,6,30,0,0,0,10,5,15,0,0,0,0,0,0,140,91,231,2021-02-28T23:00:00Z
10,136,Gradina,80,87,167,13,6,19,128,41,169,2,0,2,39,27,66,0,0,0,0,0,0,262,161,423,2021-02-28T23:00:00Z
10,245,Lukač,186,118,304,13,4,17,39,15,54,1,0,1,57,28,85,0,0,0,0,0,0,296,165,461,2021-02-28T23:00:00Z
10,266,Mikleuš,73,50,123,8,1,9,16,6,22,0,0,0,10,11,21,0,0,0,0,0,0,107,68,175,2021-02-28T23:00:00Z
10,283,Nova Bukovica,42,44,86,8,5,13,37,6,43,1,0,1,23,19,42,0,0,0,1,0,1,112,74,186,2021-02-28T23:00:00Z
10,307,Orahovica,916,693,1609,62,40,102,14,2,16,9,11,20,100,98,198,0,0,0,0,7,7,1101,851,1952,2021-02-28T23:00:00Z
10,332,Pitomača,628,639,1267,79,44,123,160,88,248,1,7,8,217,168,385,0,0,0,4,2,6,1089,948,2037,2021-02-28T23:00:00Z
10,395,Slatina,1452,1362,2814,147,69,216,131,44,175,12,23,35,210,248,458,0,0,0,1,6,7,1953,1752,3705,2021-02-28T23:00:00Z
10,407,Sopje,139,46,185,4,2,6,84,24,108,0,0,0,25,19,44,0,0,0,0,0,0,252,91,343,2021-02-28T23:00:00Z
10,424,Suhopolje,254,243,497,23,18,41,101,42,143,1,1,2,47,41,88,0,0,0,5,0,5,431,345,776,2021-02-28T23:00:00Z
10,449,Špišić Bukovica,132,138,270,20,7,27,163,61,224,1,3,4,30,49,79,0,0,0,2,2,4,348,260,608,2021-02-28T23:00:00Z
10,491,Virovitica,3948,3843,7791,172,95,267,89,30,119,32,22,54,380,369,749,0,0,0,14,14,28,4635,4373,9008,2021-02-28T23:00:00Z
10,499,Voćin,147,93,240,8,3,11,28,32,60,0,0,0,15,8,23,0,0,0,0,0,0,198,136,334,2021-02-28T23:00:00Z
10,524,Zdenci,116,87,203,6,3,9,19,8,27,0,1,1,11,13,24,0,0,0,1,2,3,153,114,267,2021-02-28T23:00:00Z
10,54,Crnac,23,24,47,14,4,18,19,8,27,0,2,2,18,11,29,0,0,0,0,0,0,74,49,123,2021-02-28T23:00:00Z
10,56,Čačinci,164,82,246,20,11,31,17,9,26,0,4,4,19,30,49,0,0,0,1,0,1,221,136,357,2021-02-28T23:00:00Z
10,57,Čađavica,113,79,192,14,9,23,67,19,86,0,0,0,45,28,73,0,0,0,1,0,1,240,135,375,2021-02-28T23:00:00Z
11,164,Jakšić,139,138,277,23,2,25,25,7,32,0,2,2,42,15,57,0,0,0,0,0,0,229,164,393,2021-02-28T23:00:00Z
11,177,Kaptol,86,105,191,16,1,17,24,3,27,0,1,1,39,8,47,0,0,0,0,1,1,165,119,284,2021-02-28T23:00:00Z
11,221,Kutjevo,600,401,1001,48,15,63,60,28,88,2,4,6,79,74,153,0,0,0,6,2,8,795,524,1319,2021-02-28T23:00:00Z
11,231,Lipik,739,601,1340,28,11,39,21,10,31,2,11,13,51,49,100,0,0,0,3,0,3,844,682,1526,2021-02-28T23:00:00Z
11,318,Pakrac,596,1094,1690,81,31,112,47,18,65,13,17,30,170,91,261,0,0,0,4,4,8,911,1255,2166,2021-02-28T23:00:00Z
11,334,Pleternica,561,427,988,80,26,106,54,18,72,3,7,10,157,115,272,0,0,0,3,3,6,858,596,1454,2021-02-28T23:00:00Z
11,35,Brestovac,118,122,240,12,3,15,16,3,19,1,1,2,24,10,34,0,0,0,0,1,1,171,140,311,2021-02-28T23:00:00Z
11,351,Požega,5166,4418,9584,302,150,452,112,37,149,41,102,143,408,363,771,0,1,1,15,31,46,6044,5102,11146,2021-02-28T23:00:00Z
11,475,Velika,287,277,564,20,9,29,22,4,26,2,3,5,43,37,80,0,0,0,0,0,0,374,330,704,2021-02-28T23:00:00Z
11,58,Čaglin,85,147,232,9,2,11,20,5,25,0,1,1,14,12,26,0,0,0,0,0,0,128,167,295,2021-02-28T23:00:00Z
12,10,Bebrina,26,58,84,6,7,13,16,9,25,1,0,1,11,7,18,0,0,0,0,0,0,60,81,141,2021-02-28T23:00:00Z
12,118,Garčin,121,181,302,29,9,38,30,15,45,0,0,0,21,17,38,0,0,0,0,0,0,201,222,423,2021-02-28T23:00:00Z
12,127,Gornji Bogićevci,49,36,85,8,2,10,8,2,10,0,0,0,17,18,35,0,0,0,0,0,0,82,58,140,2021-02-28T23:00:00Z
12,140,Gundinci,76,48,124,11,3,14,52,22,74,0,0,0,16,8,24,0,0,0,1,0,1,156,81,237,2021-02-28T23:00:00Z
12,185,Klakar,73,63,136,16,3,19,22,4,26,0,1,1,12,14,26,0,0,0,1,0,1,124,85,209,2021-02-28T23:00:00Z
12,284,Nova Gradiška,2032,2061,4093,144,89,233,26,17,43,21,21,42,251,294,545,0,0,0,3,3,6,2477,2485,4962,2021-02-28T23:00:00Z
12,285,Nova Kapela,142,219,361,21,15,36,23,8,31,2,3,5,50,53,103,0,0,0,1,0,1,239,298,537,2021-02-28T23:00:00Z
12,299,Okučani,204,142,346,26,5,31,9,1,10,0,1,1,42,26,68,0,0,0,1,3,4,282,178,460,2021-02-28T23:00:00Z
12,303,Oprisavci,224,156,380,9,0,9,32,11,43,1,0,1,8,16,24,0,0,0,0,1,1,274,184,458,2021-02-28T23:00:00Z
12,309,Oriovac,266,294,560,34,19,53,21,12,33,2,2,4,67,55,122,0,0,0,0,2,2,390,384,774,2021-02-28T23:00:00Z
12,338,Podcrkavlje,56,45,101,16,0,16,6,3,9,0,1,1,17,6,23,0,0,0,0,1,1,95,56,151,2021-02-28T23:00:00Z
12,372,Rešetari,213,194,407,34,8,42,20,10,30,3,1,4,86,39,125,0,0,0,1,2,3,357,254,611,2021-02-28T23:00:00Z
12,388,Sibinj,113,170,283,53,12,65,18,1,19,0,1,1,55,36,91,0,0,0,2,2,4,241,222,463,2021-02-28T23:00:00Z
12,39,Brodski Stupnik,70,74,144,16,9,25,5,3,8,2,1,3,78,37,115,0,0,0,0,0,0,171,124,295,2021-02-28T23:00:00Z
12,396,Slavonski Brod,13384,9160,22544,577,323,900,47,35,82,77,83,160,913,934,1847,1,0,1,16,19,35,15015,10554,25569,2021-02-28T23:00:00Z
12,397,Slavonski Šamac,52,56,108,9,4,13,16,6,22,0,1,1,11,4,15,0,0,0,0,0,0,88,71,159,2021-02-28T23:00:00Z
12,412,Stara Gradiška,141,74,215,4,1,5,8,2,10,0,0,0,21,9,30,0,0,0,0,0,0,174,86,260,2021-02-28T23:00:00Z
12,418,Staro Petrovo Selo,184,152,336,30,8,38,42,16,58,1,2,3,98,44,142,0,0,0,0,1,1,355,223,578,2021-02-28T23:00:00Z
12,46,Cernik,155,213,368,25,10,35,10,5,15,3,2,5,53,23,76,0,0,0,0,3,3,246,256,502,2021-02-28T23:00:00Z
12,476,Velika Kopanica,176,118,294,23,6,29,28,17,45,1,1,2,32,28,60,0,0,0,2,1,3,262,171,433,2021-02-28T23:00:00Z
12,506,Vrbje,29,42,71,8,0,8,19,2,21,0,0,0,29,25,54,0,0,0,0,1,1,85,70,155,2021-02-28T23:00:00Z
12,514,Vrpolje,194,116,310,25,6,31,39,16,55,0,2,2,14,13,27,0,0,0,0,0,0,272,153,425,2021-02-28T23:00:00Z
12,567,Bukovlje,128,66,194,15,7,22,1,0,1,1,0,1,11,15,26,0,0,0,0,0,0,156,88,244,2021-02-28T23:00:00Z
12,568,Dragalić,31,53,84,7,0,7,6,2,8,0,0,0,3,6,9,0,0,0,0,1,1,47,62,109,2021-02-28T23:00:00Z
12,569,Gornja Vrba,413,462,875,10,2,12,1,0,1,0,1,1,20,14,34,0,0,0,0,0,0,444,479,923,2021-02-28T23:00:00Z
12,570,Sikirevci,42,59,101,17,4,21,37,13,50,0,0,0,15,6,21,0,0,0,1,1,2,112,83,195,2021-02-28T23:00:00Z
12,68,Davor,101,100,201,11,6,17,15,5,20,0,0,0,11,17,28,0,0,0,0,1,1,138,129,267,2021-02-28T23:00:00Z
12,81,Donji Andrijevci,131,104,235,21,11,32,18,4,22,1,1,2,26,19,45,0,0,0,0,1,1,197,140,337,2021-02-28T23:00:00Z
13,131,Gračac,241,248,489,21,16,37,61,21,82,2,1,3,30,38,68,0,0,0,0,1,1,355,325,680,2021-02-28T23:00:00Z
13,167,Jasenice,140,63,203,14,1,15,4,3,7,1,0,1,9,5,14,0,0,0,0,0,0,168,72,240,2021-02-28T23:00:00Z
13,17,Benkovac,1149,996,2145,91,29,120,86,51,137,12,12,24,196,121,317,0,0,0,5,5,10,1539,1214,2753,2021-02-28T23:00:00Z
13,173,Kali,316,123,439,26,11,37,3,1,4,13,1,14,59,25,84,0,0,0,0,1,1,417,162,579,2021-02-28T23:00:00Z
13,20,Bibinje,192,196,388,48,19,67,4,0,4,2,2,4,67,62,129,0,0,0,1,3,4,314,282,596,2021-02-28T23:00:00Z
13,22,Biograd Na Moru,1071,1341,2412,113,65,178,26,17,43,13,9,22,140,204,344,1,0,1,3,10,13,1367,1646,3013,2021-02-28T23:00:00Z
13,234,Lišane Ostrovičke,25,30,55,8,2,10,1,0,1,0,0,0,5,6,11,0,0,0,0,0,0,39,38,77,2021-02-28T23:00:00Z
13,282,Nin,452,361,813,39,11,50,10,4,14,5,2,7,42,31,73,0,0,0,0,0,0,548,409,957,2021-02-28T23:00:00Z
13,296,Obrovac,325,223,548,28,11,39,28,7,35,2,4,6,15,31,46,0,0,0,5,6,11,403,282,685,2021-02-28T23:00:00Z
13,316,Pag,463,392,855,63,23,86,27,10,37,5,6,11,55,53,108,0,0,0,8,3,11,621,487,1108,2021-02-28T23:00:00Z
13,317,Pakoštane,342,316,658,51,19,70,8,9,17,9,2,11,81,61,142,0,0,0,5,0,5,496,407,903,2021-02-28T23:00:00Z
13,320,Pašman,99,114,213,43,9,52,5,3,8,12,0,12,36,23,59,0,0,0,1,1,2,196,150,346,2021-02-28T23:00:00Z
13,344,Polača,101,54,155,17,5,22,3,1,4,4,0,4,8,14,22,0,0,0,1,2,3,134,76,210,2021-02-28T23:00:00Z
13,345,Poličnik,374,316,690,46,5,51,7,10,17,4,1,5,39,17,56,0,0,0,1,1,2,471,350,821,2021-02-28T23:00:00Z
13,349,Posedarje,141,163,304,31,11,42,5,7,12,9,1,10,35,34,69,0,0,0,1,3,4,222,219,441,2021-02-28T23:00:00Z
13,354,Preko,248,412,660,36,10,46,5,5,10,28,3,31,40,27,67,0,0,0,0,4,4,357,461,818,2021-02-28T23:00:00Z
13,371,Ražanac,82,92,174,23,8,31,6,6,12,9,0,9,21,12,33,0,0,0,5,0,5,146,118,264,2021-02-28T23:00:00Z
13,379,Sali,164,139,303,35,14,49,4,2,6,7,2,9,19,13,32,0,0,0,0,1,1,229,171,400,2021-02-28T23:00:00Z
13,411,Stankovci,229,160,389,25,5,30,3,3,6,0,1,1,31,18,49,0,0,0,0,1,1,288,188,476,2021-02-28T23:00:00Z
13,416,Starigrad,120,146,266,40,25,65,7,2,9,3,0,3,24,34,58,0,0,0,1,3,4,195,210,405,2021-02-28T23:00:00Z
13,425,Sukošan,347,255,602,51,19,70,13,3,16,4,2,6,51,51,102,0,0,0,1,3,4,467,333,800,2021-02-28T23:00:00Z
13,428,Sveti Filip I Jakov,218,320,538,34,16,50,8,3,11,11,3,14,32,35,67,0,0,0,0,0,0,303,377,680,2021-02-28T23:00:00Z
13,445,Škabrnje,65,66,131,23,3,26,3,1,4,1,0,1,14,6,20,0,0,0,1,1,2,107,77,184,2021-02-28T23:00:00Z
13,489,Vir,300,256,556,47,8,55,3,2,5,1,1,2,33,32,65,0,0,0,2,2,4,386,301,687,2021-02-28T23:00:00Z
13,520,Zadar,14432,15542,29974,1019,565,1584,47,30,77,748,214,962,1299,1375,2674,4,0,4,129,64,193,17678,17790,35468,2021-02-28T23:00:00Z
13,525,Zemunik Donji,105,147,252,17,5,22,2,1,3,0,0,0,24,7,31,0,0,0,0,1,1,148,161,309,2021-02-28T23:00:00Z
13,537,Novigrad,73,112,185,24,2,26,4,4,8,3,1,4,26,10,36,0,0,0,1,2,3,131,131,262,2021-02-28T23:00:00Z
13,571,Galovac,30,62,92,11,1,12,5,4,9,5,2,7,7,14,21,0,0,0,0,2,2,58,85,143,2021-02-28T23:00:00Z
13,572,Kukljica,46,38,84,14,2,16,1,1,2,4,1,5,27,4,31,0,0,0,1,0,1,93,46,139,2021-02-28T23:00:00Z
13,573,Povljana,50,29,79,12,2,14,4,1,5,3,1,4,6,9,15,0,0,0,0,1,1,75,43,118,2021-02-28T23:00:00Z
13,574,Privlaka,114,115,229,17,7,24,0,2,2,10,0,10,19,11,30,0,0,0,6,1,7,166,136,302,2021-02-28T23:00:00Z
13,575,Tkon,86,53,139,21,5,26,3,2,5,3,0,3,48,19,67,0,0,0,1,2,3,162,81,243,2021-02-28T23:00:00Z
13,622,Kolan,109,71,180,20,4,24,4,1,5,1,0,1,22,17,39,0,0,0,0,0,0,156,93,249,2021-02-28T23:00:00Z
13,625,Vrsi,93,56,149,13,4,17,5,4,9,19,0,19,18,24,42,0,0,0,3,2,5,151,90,241,2021-02-28T23:00:00Z
14,103,Đakovo,2803,2917,5720,455,201,656,191,88,279,31,42,73,652,548,1200,0,0,0,13,8,21,4145,3804,7949,2021-02-28T23:00:00Z
14,106,Đurđenovac,537,478,1015,43,10,53,24,15,39,0,7,7,71,46,117,0,0,0,3,1,4,678,557,1235,2021-02-28T23:00:00Z
14,110,Erdut,297,239,536,36,13,49,57,14,71,2,5,7,46,37,83,0,0,0,2,1,3,440,309,749,2021-02-28T23:00:00Z
14,111,Ernestinovo,67,153,220,8,1,9,28,9,37,2,1,3,12,16,28,0,0,0,1,0,1,118,180,298,2021-02-28T23:00:00Z
14,116,Feričanci,125,130,255,24,5,29,3,0,3,0,2,2,40,15,55,0,0,0,0,0,0,192,152,344,2021-02-28T23:00:00Z
14,124,Gorjani,119,175,294,16,4,20,15,7,22,0,1,1,12,4,16,0,0,0,0,0,0,162,191,353,2021-02-28T23:00:00Z
14,13,Beli Manastir,1071,1127,2198,70,37,107,47,29,76,9,10,19,107,98,205,0,0,0,2,1,3,1306,1302,2608,2021-02-28T23:00:00Z
14,16,Belišće,1528,697,2225,61,31,92,28,7,35,2,9,11,87,92,179,0,0,0,3,3,6,1709,839,2548,2021-02-28T23:00:00Z
14,195,Kneževi Vinogradi,213,261,474,31,7,38,38,7,45,1,2,3,65,66,131,0,0,0,0,0,0,348,343,691,2021-02-28T23:00:00Z
14,2,Antunovac,207,195,402,27,11,38,16,8,24,0,0,0,15,12,27,0,0,0,0,0,0,265,226,491,2021-02-28T23:00:00Z
14,205,Koška,180,164,344,26,4,30,30,10,40,3,5,8,30,26,56,0,0,0,2,1,3,271,210,481,2021-02-28T23:00:00Z
14,21,Bilje,293,293,586,47,19,66,19,12,31,3,5,8,52,41,93,0,0,0,1,1,2,415,371,786,2021-02-28T23:00:00Z
14,23,Bizovac,225,208,433,26,10,36,25,11,36,1,6,7,35,34,69,0,0,0,1,1,2,313,270,583,2021-02-28T23:00:00Z
14,230,Levanjska Varoš,47,39,86,3,2,5,11,9,20,0,0,0,4,2,6,0,0,0,0,1,1,65,53,118,2021-02-28T23:00:00Z
14,257,Marijanci,90,61,151,7,4,11,14,1,15,0,1,1,19,19,38,0,0,0,1,1,2,131,87,218,2021-02-28T23:00:00Z
14,271,Moslavina Podravska,23,17,40,3,2,5,17,6,23,0,0,0,13,8,21,0,0,0,0,0,0,56,33,89,2021-02-28T23:00:00Z
14,278,Našice,2253,1792,4045,158,83,241,54,18,72,21,33,54,263,218,481,0,0,0,4,4,8,2753,2148,4901,2021-02-28T23:00:00Z
14,312,Osijek,23596,21909,45505,841,618,1459,95,45,140,181,199,380,775,1113,1888,1,0,1,40,54,94,25529,23938,49467,2021-02-28T23:00:00Z
14,325,Petlovac,49,30,79,5,3,8,15,0,15,0,0,0,13,8,21,0,0,0,0,0,0,82,41,123,2021-02-28T23:00:00Z
14,327,Petrijevci,304,239,543,19,3,22,7,4,11,0,1,1,14,8,22,0,0,0,1,2,3,345,257,602,2021-02-28T23:00:00Z
14,340,Podgorač,103,117,220,27,7,34,30,5,35,1,3,4,20,29,49,0,0,0,0,0,0,181,161,342,2021-02-28T23:00:00Z
14,346,Popovac,49,53,102,2,2,4,5,6,11,0,0,0,5,5,10,0,0,0,0,0,0,61,66,127,2021-02-28T23:00:00Z
14,361,Punitovci,46,69,115,20,3,23,18,4,22,0,1,1,27,7,34,0,0,0,0,0,0,111,84,195,2021-02-28T23:00:00Z
14,381,Satnica Đakovačka,118,107,225,22,4,26,11,2,13,0,0,0,42,29,71,0,0,0,0,0,0,193,142,335,2021-02-28T23:00:00Z
14,386,Semeljci,248,240,488,47,17,64,55,27,82,2,1,3,80,35,115,0,0,0,1,0,1,433,320,753,2021-02-28T23:00:00Z
14,421,Strizivojna,321,303,624,17,8,25,20,3,23,0,0,0,9,16,25,0,0,0,1,0,1,368,330,698,2021-02-28T23:00:00Z
14,461,Trnava,56,92,148,6,3,9,13,7,20,0,1,1,11,2,13,0,0,0,0,0,0,86,105,191,2021-02-28T23:00:00Z
14,471,Valpovo,843,1099,1942,72,53,125,49,19,68,15,25,40,79,100,179,0,0,0,7,9,16,1065,1305,2370,2021-02-28T23:00:00Z
14,485,Viljevo,46,64,110,10,1,11,25,5,30,0,2,2,15,9,24,0,0,0,0,1,1,96,82,178,2021-02-28T23:00:00Z
14,494,Viškovci,215,186,401,23,5,28,16,5,21,0,0,0,24,4,28,0,0,0,1,0,1,279,200,479,2021-02-28T23:00:00Z
14,517,Vuka,42,76,118,14,2,16,16,5,21,0,0,0,20,11,31,0,0,0,0,0,0,92,94,186,2021-02-28T23:00:00Z
14,576,Donja Motičina,27,57,84,9,3,12,2,1,3,0,1,1,15,8,23,0,0,0,0,0,0,53,70,123,2021-02-28T23:00:00Z
14,578,Magadenovac,94,124,218,5,1,6,26,10,36,1,1,2,16,20,36,0,0,0,0,0,0,142,156,298,2021-02-28T23:00:00Z
14,579,Vladislavci,127,123,250,3,1,4,7,4,11,0,1,1,6,4,10,0,0,0,0,0,0,143,133,276,2021-02-28T23:00:00Z
14,609,Jagodnjak,137,71,208,7,3,10,25,4,29,0,0,0,9,3,12,0,0,0,0,0,0,178,81,259,2021-02-28T23:00:00Z
14,614,Šodolovci,24,31,55,0,0,0,0,0,0,0,0,0,8,5,13,0,0,0,0,0,0,32,36,68,2021-02-28T23:00:00Z
14,64,Čeminac,73,132,205,12,0,12,4,2,6,0,0,0,17,8,25,0,0,0,0,0,0,106,142,248,2021-02-28T23:00:00Z
14,65,Čepin,636,501,1137,89,32,121,54,26,80,4,6,10,101,97,198,0,0,0,3,4,7,887,666,1553,2021-02-28T23:00:00Z
14,66,Darda,1802,920,2722,52,29,81,35,3,38,2,3,5,55,52,107,0,0,0,1,1,2,1947,1008,2955,2021-02-28T23:00:00Z
14,86,Donji Miholjac,1189,955,2144,87,49,136,158,42,200,4,19,23,162,112,274,0,0,0,3,3,6,1603,1180,2783,2021-02-28T23:00:00Z
14,91,Draž,80,110,190,10,2,12,16,6,22,0,0,0,7,12,19,0,0,0,1,1,2,114,131,245,2021-02-28T23:00:00Z
14,94,Drenje,92,149,241,32,7,39,53,21,74,0,0,0,13,20,33,0,0,0,0,0,0,190,197,387,2021-02-28T23:00:00Z
15,113,Ervenik,40,62,102,1,0,1,3,2,5,0,0,0,1,0,1,0,0,0,0,0,0,45,64,109,2021-02-28T23:00:00Z
15,183,Kijevo,33,36,69,2,0,2,1,0,1,0,0,0,0,0,0,0,0,0,0,0,0,36,36,72,2021-02-28T23:00:00Z
15,184,Kistanje,53,83,136,14,3,17,1,0,1,1,0,1,15,5,20,0,0,0,0,0,0,84,91,175,2021-02-28T23:00:00Z
15,196,Knin,1501,1462,2963,125,69,194,54,11,65,30,4,34,123,150,273,0,0,0,3,4,7,1836,1700,3536,2021-02-28T23:00:00Z
15,298,Promina,114,72,186,2,1,3,1,2,3,0,1,1,0,1,1,0,0,0,0,0,0,117,77,194,2021-02-28T23:00:00Z
15,310,Biskupija,77,53,130,3,0,3,2,1,3,1,0,1,0,0,0,0,0,0,0,0,0,83,54,137,2021-02-28T23:00:00Z
15,357,Primošten,265,291,556,68,22,90,7,2,9,8,0,8,50,30,80,0,0,0,0,2,2,398,347,745,2021-02-28T23:00:00Z
15,377,Ružić,38,28,66,4,0,4,5,7,12,0,0,0,1,13,14,0,0,0,0,1,1,48,49,97,2021-02-28T23:00:00Z
15,394,Skradin,123,160,283,41,9,50,19,7,26,1,3,4,26,32,58,0,0,0,0,0,0,210,211,421,2021-02-28T23:00:00Z
15,444,Šibenik,7743,8036,15779,619,325,944,38,13,51,187,101,288,558,658,1216,2,0,2,26,21,47,9173,9154,18327,2021-02-28T23:00:00Z
15,454,Tisno,307,250,557,99,27,126,5,0,5,7,3,10,55,32,87,0,0,0,1,3,4,474,315,789,2021-02-28T23:00:00Z
15,469,Unešić,48,42,90,8,0,8,3,1,4,1,0,1,16,5,21,0,0,0,0,0,0,76,48,124,2021-02-28T23:00:00Z
15,500,Vodice,874,934,1808,241,81,322,11,6,17,13,6,19,207,135,342,0,0,0,7,7,14,1353,1169,2522,2021-02-28T23:00:00Z
15,51,Civljane,43,13,56,1,0,1,0,0,0,0,0,0,1,2,3,0,0,0,0,0,0,45,15,60,2021-02-28T23:00:00Z
15,581,Pirovac,137,133,270,25,13,38,4,2,6,2,2,4,31,31,62,0,0,0,0,1,1,199,182,381,2021-02-28T23:00:00Z
15,582,Rogoznica,227,217,444,49,10,59,2,1,3,9,1,10,32,32,64,0,0,0,0,0,0,319,261,580,2021-02-28T23:00:00Z
15,617,Murter,245,244,489,46,25,71,7,1,8,15,3,18,46,38,84,0,0,0,1,1,2,360,312,672,2021-02-28T23:00:00Z
15,621,Bilice,70,38,108,19,8,27,0,0,0,5,0,5,19,11,30,0,0,0,0,0,0,113,57,170,2021-02-28T23:00:00Z
15,626,Tribunj,91,90,181,19,10,29,0,0,0,0,0,0,58,24,82,0,0,0,0,1,1,168,125,293,2021-02-28T23:00:00Z
15,95,Drniš,860,635,1495,66,54,120,51,21,72,6,7,13,76,84,160,0,0,0,2,0,2,1061,801,1862,2021-02-28T23:00:00Z
16,1,Andrijaševci,68,114,182,23,12,35,15,4,19,2,1,3,44,27,71,0,0,0,0,1,1,152,159,311,2021-02-28T23:00:00Z
16,137,Gradište,110,100,210,17,4,21,33,5,38,0,1,1,10,16,26,0,0,0,0,1,1,170,127,297,2021-02-28T23:00:00Z
16,141,Gunja,212,142,354,32,9,41,39,13,52,2,1,3,28,13,41,0,0,0,0,2,2,313,180,493,2021-02-28T23:00:00Z
16,154,Ilok,466,546,1012,66,23,89,49,19,68,2,3,5,98,89,187,0,0,0,1,2,3,682,682,1364,2021-02-28T23:00:00Z
16,159,Ivankovo,330,429,759,68,29,97,47,11,58,2,5,7,116,72,188,0,0,0,2,2,4,565,548,1113,2021-02-28T23:00:00Z
16,166,Jarmina,34,77,111,12,7,19,24,10,34,0,1,1,27,12,39,0,0,0,0,2,2,97,109,206,2021-02-28T23:00:00Z
16,239,Lovas,60,89,149,4,0,4,14,0,14,1,0,1,5,5,10,0,0,0,0,0,0,84,94,178,2021-02-28T23:00:00Z
16,26,Bogdanovci,25,48,73,3,0,3,9,4,13,0,0,0,18,3,21,0,0,0,0,0,0,55,55,110,2021-02-28T23:00:00Z
16,29,Borovo,77,122,199,42,13,55,29,5,34,2,3,5,58,65,123,0,0,0,1,2,3,209,210,419,2021-02-28T23:00:00Z
16,294,Nuštar,239,300,539,33,18,51,29,6,35,1,2,3,40,34,74,0,0,0,2,1,3,344,361,705,2021-02-28T23:00:00Z
16,295,Nijemci,181,220,401,21,7,28,86,25,111,1,1,2,45,28,73,0,0,0,1,2,3,335,283,618,2021-02-28T23:00:00Z
16,3,Babina Greda,134,130,264,31,12,43,82,31,113,3,0,3,28,35,63,0,0,0,0,1,1,278,209,487,2021-02-28T23:00:00Z
16,32,Bošnjaci,127,114,241,23,6,29,39,7,46,3,0,3,32,31,63,0,0,0,1,0,1,225,158,383,2021-02-28T23:00:00Z
16,414,Stari Jankovci,128,156,284,22,4,26,40,10,50,1,0,1,28,15,43,0,0,0,0,1,1,219,186,405,2021-02-28T23:00:00Z
16,415,Stari Mikanovci,97,139,236,18,8,26,21,12,33,2,1,3,28,36,64,0,0,0,0,0,0,166,196,362,2021-02-28T23:00:00Z
16,44,Cerna,402,223,625,41,19,60,45,18,63,2,1,3,71,57,128,0,0,0,0,0,0,561,318,879,2021-02-28T23:00:00Z
16,456,Tompojevci,20,50,70,15,2,17,38,13,51,0,1,1,14,17,31,0,0,0,0,0,0,87,83,170,2021-02-28T23:00:00Z
16,458,Tordinci,84,102,186,6,2,8,11,0,11,1,0,1,6,8,14,0,0,0,0,0,0,108,112,220,2021-02-28T23:00:00Z
16,459,Tovarnik,152,161,313,17,3,20,43,19,62,1,2,3,11,13,24,0,0,0,0,1,1,224,199,423,2021-02-28T23:00:00Z
16,464,Trpinja,105,208,313,21,7,28,79,11,90,3,0,3,37,24,61,0,0,0,1,0,1,246,250,496,2021-02-28T23:00:00Z
16,487,Vinkovci,8049,6283,14332,284,174,458,35,18,53,58,51,109,463,617,1080,1,0,1,11,9,20,8901,7152,16053,2021-02-28T23:00:00Z
16,505,Vrbanja,244,162,406,28,12,40,70,15,85,2,1,3,25,20,45,0,0,0,1,0,1,370,210,580,2021-02-28T23:00:00Z
16,518,Vukovar,4293,4672,8965,278,142,420,79,35,114,24,35,59,384,373,757,0,0,0,9,5,14,5067,5262,10329,2021-02-28T23:00:00Z
16,534,Županja,1989,1537,3526,130,53,183,40,10,50,22,23,45,179,196,375,1,0,1,5,3,8,2366,1822,4188,2021-02-28T23:00:00Z
16,535,Otok (Vinkovci),378,316,694,37,19,56,57,15,72,8,1,9,66,43,109,0,0,0,0,3,3,546,397,943,2021-02-28T23:00:00Z
16,583,Privlaka,100,131,231,17,3,20,22,8,30,0,2,2,17,20,37,0,0,0,0,1,1,156,165,321,2021-02-28T23:00:00Z
16,584,Vođinci,40,168,208,15,2,17,7,5,12,0,1,1,11,11,22,0,0,0,1,0,1,74,187,261,2021-02-28T23:00:00Z
16,610,Markušica,38,60,98,9,3,12,50,14,64,0,1,1,11,12,23,0,0,0,2,0,2,110,90,200,2021-02-28T23:00:00Z
16,612,Negoslavci,14,32,46,5,0,5,12,3,15,1,0,1,15,14,29,0,0,0,0,0,0,47,49,96,2021-02-28T23:00:00Z
16,628,Štitar,96,69,165,6,0,6,13,4,17,0,1,1,11,6,17,0,0,0,0,0,0,126,80,206,2021-02-28T23:00:00Z
16,92,Drenovci,109,208,317,38,6,44,106,36,142,1,0,1,36,36,72,0,0,0,0,0,0,290,286,576,2021-02-28T23:00:00Z
17,100,Dugi Rat,603,612,1215,78,29,107,1,3,4,33,3,36,162,98,260,0,0,0,2,5,7,879,750,1629,2021-02-28T23:00:00Z
17,134,Gradac,135,181,316,35,11,46,5,1,6,2,1,3,20,33,53,0,0,0,1,4,5,198,231,429,2021-02-28T23:00:00Z
17,148,Hrvace,246,161,407,33,14,47,4,7,11,0,3,3,52,45,97,0,0,0,0,3,3,335,233,568,2021-02-28T23:00:00Z
17,153,Hvar,568,559,1127,161,61,222,17,11,28,17,7,24,131,118,249,2,0,2,6,9,15,902,765,1667,2021-02-28T23:00:00Z
17,155,Imotski,1303,1288,2591,149,87,236,12,7,19,31,14,45,125,184,309,0,0,0,10,10,20,1630,1590,3220,2021-02-28T23:00:00Z
17,171,Jelsa,310,282,592,85,17,102,31,12,43,14,0,14,103,47,150,0,0,0,6,7,13,549,365,914,2021-02-28T23:00:00Z
17,181,Kaštela,3317,3575,6892,461,209,670,21,13,34,123,38,161,485,489,974,0,0,0,27,26,53,4434,4350,8784,2021-02-28T23:00:00Z
17,192,Klis,236,168,404,34,7,41,6,4,10,21,1,22,48,29,77,0,0,0,0,2,2,345,211,556,2021-02-28T23:00:00Z
17,197,Komiža,135,130,265,55,15,70,5,0,5,6,2,8,31,28,59,0,0,0,2,3,5,234,178,412,2021-02-28T23:00:00Z
17,243,Lovreć,123,77,200,16,8,24,4,0,4,2,0,2,18,14,32,0,0,0,2,1,3,165,100,265,2021-02-28T23:00:00Z
17,249,Makarska,2352,2283,4635,251,153,404,3,2,5,51,28,79,328,346,674,0,0,0,6,5,11,2991,2817,5808,2021-02-28T23:00:00Z
17,258,Marina,186,225,411,53,23,76,5,3,8,10,0,10,37,52,89,1,0,1,3,2,5,295,305,600,2021-02-28T23:00:00Z
17,267,Milna,85,80,165,20,5,25,5,1,6,2,0,2,16,20,36,0,0,0,3,1,4,131,107,238,2021-02-28T23:00:00Z
17,27,Bol,249,317,566,44,13,57,6,2,8,3,2,5,53,20,73,0,0,0,4,3,7,359,357,716,2021-02-28T23:00:00Z
17,280,Nerežišća,154,58,212,13,2,15,6,2,8,2,0,2,26,15,41,0,0,0,1,0,1,202,77,279,2021-02-28T23:00:00Z
17,300,Omiš,1442,1633,3075,214,78,292,11,4,15,44,15,59,306,293,599,0,0,0,3,4,7,2020,2027,4047,2021-02-28T23:00:00Z
17,314,Otok,203,216,419,42,18,60,11,0,11,4,0,4,66,49,115,0,0,0,0,1,1,326,284,610,2021-02-28T23:00:00Z
17,337,Podbablje,269,174,443,32,3,35,6,0,6,3,1,4,19,34,53,0,0,0,2,5,7,331,217,548,2021-02-28T23:00:00Z
17,339,Podgora,230,182,412,45,8,53,0,1,1,2,0,2,35,11,46,0,0,0,3,1,4,315,203,518,2021-02-28T23:00:00Z
17,341,Podstrana,773,631,1404,61,19,80,16,4,20,40,4,44,51,86,137,1,0,1,4,2,6,946,746,1692,2021-02-28T23:00:00Z
17,350,Postira,262,229,491,33,14,47,10,3,13,1,3,4,13,12,25,0,0,0,1,1,2,320,262,582,2021-02-28T23:00:00Z
17,358,Pučišća,229,120,349,40,6,46,5,5,10,6,0,6,34,13,47,0,0,0,3,0,3,317,144,461,2021-02-28T23:00:00Z
17,382,Seget,471,384,855,29,7,36,7,3,10,10,2,12,130,67,197,0,0,0,1,2,3,648,465,1113,2021-02-28T23:00:00Z
17,383,Selca,125,110,235,40,15,55,9,2,11,5,1,6,73,31,104,0,0,0,1,1,2,253,160,413,2021-02-28T23:00:00Z
17,389,Sinj,1903,1996,3899,259,132,391,53,16,69,49,43,92,304,372,676,0,0,0,9,20,29,2577,2579,5156,2021-02-28T23:00:00Z
17,406,Solin,3632,2952,6584,257,133,390,10,7,17,114,33,147,309,300,609,0,0,0,10,9,19,4332,3434,7766,2021-02-28T23:00:00Z
17,409,Split,34841,37133,71974,1453,1050,2503,65,41,106,2046,440,2486,1552,2209,3761,3,0,3,152,160,312,40112,41033,81145,2021-02-28T23:00:00Z
17,413,Stari Grad,311,288,599,56,19,75,20,13,33,7,3,10,47,36,83,0,0,0,3,11,14,444,370,814,2021-02-28T23:00:00Z
17,423,Sućuraj,22,22,44,21,2,23,3,2,5,0,0,0,12,7,19,0,0,0,0,1,1,58,34,92,2021-02-28T23:00:00Z
17,427,Supetar,576,683,1259,101,56,157,17,6,23,22,8,30,99,122,221,0,0,0,7,3,10,822,878,1700,2021-02-28T23:00:00Z
17,443,Šestanovac,137,142,279,26,4,30,9,1,10,1,2,3,19,22,41,0,0,0,2,0,2,194,171,365,2021-02-28T23:00:00Z
17,447,Šolta,173,125,298,15,6,21,9,3,12,10,1,11,5,14,19,0,0,0,0,2,2,212,151,363,2021-02-28T23:00:00Z
17,460,Trilj,472,520,992,108,28,136,18,7,25,12,3,15,93,132,225,0,0,0,1,7,8,704,697,1401,2021-02-28T23:00:00Z
17,463,Trogir,1910,1769,3679,307,140,447,13,3,16,62,37,99,328,412,740,0,0,0,18,23,41,2638,2384,5022,2021-02-28T23:00:00Z
17,492,Vis,217,253,470,37,14,51,17,3,20,3,2,5,40,25,65,0,0,0,2,2,4,316,299,615,2021-02-28T23:00:00Z
17,50,Cista Provo,115,139,254,25,2,27,9,1,10,2,0,2,6,8,14,0,0,0,0,4,4,157,154,311,2021-02-28T23:00:00Z
17,511,Vrgorac,941,699,1640,47,24,71,24,15,39,5,6,11,49,81,130,0,0,0,2,2,4,1068,827,1895,2021-02-28T23:00:00Z
17,513,Vrlika,96,203,299,17,4,21,11,4,15,1,0,1,25,4,29,0,0,0,2,0,2,152,215,367,2021-02-28T23:00:00Z
17,522,Zagvozd,141,69,210,15,2,17,2,0,2,1,0,1,12,10,22,0,0,0,0,1,1,171,82,253,2021-02-28T23:00:00Z
17,528,Zmijavci,88,102,190,6,2,8,2,1,3,2,0,2,27,8,35,0,0,0,0,1,1,125,114,239,2021-02-28T23:00:00Z
17,585,Dugopolje,1301,720,2021,33,11,44,5,5,10,15,1,16,59,49,108,0,0,0,0,0,0,1413,786,2199,2021-02-28T23:00:00Z
17,586,Lećevica,11,20,31,5,0,5,1,1,2,2,0,2,1,0,1,0,0,0,0,0,0,20,21,41,2021-02-28T23:00:00Z
17,587,Lokvičići,37,19,56,1,0,1,2,0,2,0,0,0,2,2,4,0,0,0,1,0,1,43,21,64,2021-02-28T23:00:00Z
17,588,Okrug,142,174,316,29,8,37,1,0,1,14,4,18,83,28,111,0,0,0,2,4,6,271,218,489,2021-02-28T23:00:00Z
17,589,Prgomet,35,22,57,7,0,7,2,1,3,0,0,0,2,1,3,0,0,0,0,0,0,46,24,70,2021-02-28T23:00:00Z
17,590,Primorski Dolac,14,29,43,4,1,5,1,1,2,1,1,2,2,4,6,0,0,0,0,0,0,22,36,58,2021-02-28T23:00:00Z
17,591,Runovići,76,68,144,8,3,11,0,1,1,0,2,2,27,38,65,0,0,0,0,1,1,111,113,224,2021-02-28T23:00:00Z
17,592,Sutivan,90,61,151,11,4,15,4,2,6,9,1,10,20,13,33,0,0,0,0,1,1,134,82,216,2021-02-28T23:00:00Z
17,593,Tučepi,201,180,381,20,9,29,1,1,2,3,3,6,28,20,48,0,0,0,0,0,0,253,213,466,2021-02-28T23:00:00Z
17,595,Zadvarje,26,24,50,8,1,9,0,1,1,1,0,1,13,5,18,0,0,0,0,0,0,48,31,79,2021-02-28T23:00:00Z
17,72,Dicmo,460,173,633,32,17,49,2,2,4,3,1,4,33,42,75,0,0,0,1,2,3,531,237,768,2021-02-28T23:00:00Z
17,77,Brela,184,159,343,23,6,29,0,1,1,1,1,2,17,10,27,0,0,0,1,1,2,226,178,404,2021-02-28T23:00:00Z
17,87,Muć,175,184,359,19,3,22,1,5,6,2,4,6,7,15,22,0,0,0,0,1,1,204,212,416,2021-02-28T23:00:00Z
17,88,Proložac,200,166,366,14,4,18,2,4,6,0,0,0,31,18,49,0,0,0,3,1,4,250,193,443,2021-02-28T23:00:00Z
17,9,Baška Voda,212,245,457,54,23,77,2,0,2,4,2,6,53,38,91,0,0,0,2,2,4,327,310,637,2021-02-28T23:00:00Z
18,132,Gračišće,47,29,76,28,4,32,11,3,14,0,0,0,30,10,40,0,0,0,0,0,0,116,46,162,2021-02-28T23:00:00Z
18,138,Grožnjan,23,21,44,15,2,17,13,5,18,0,0,0,10,15,25,0,0,0,0,1,1,61,44,105,2021-02-28T23:00:00Z
18,175,Kanfanar,475,182,657,25,8,33,4,0,4,1,0,1,22,18,40,0,0,0,2,1,3,529,209,738,2021-02-28T23:00:00Z
18,217,Kršan,310,307,617,46,13,59,7,4,11,3,0,3,99,52,151,0,0,0,3,3,6,468,379,847,2021-02-28T23:00:00Z
18,222,Labin,2499,2268,4767,242,113,355,17,10,27,26,38,64,260,208,468,0,0,0,10,10,20,3054,2647,5701,2021-02-28T23:00:00Z
18,223,Lanišće,12,16,28,4,0,4,2,0,2,0,0,0,6,2,8,0,0,0,0,1,1,24,19,43,2021-02-28T23:00:00Z
18,235,Ližnjan,137,135,272,8,3,11,2,0,2,4,0,4,23,38,61,0,0,0,1,0,1,175,176,351,2021-02-28T23:00:00Z
18,246,Lupoglav,176,92,268,11,5,16,7,3,10,0,1,1,14,13,27,0,0,0,0,1,1,208,115,323,2021-02-28T23:00:00Z
18,254,Marčana,160,161,321,38,14,52,3,2,5,4,1,5,28,23,51,0,0,0,2,1,3,235,202,437,2021-02-28T23:00:00Z
18,263,Medulin,563,529,1092,69,32,101,7,2,9,10,5,15,81,106,187,0,0,0,0,1,1,730,675,1405,2021-02-28T23:00:00Z
18,274,Motovun,85,99,184,32,13,45,23,5,28,0,1,1,37,28,65,0,0,0,2,2,4,179,148,327,2021-02-28T23:00:00Z
18,291,Novigrad,756,915,1671,115,46,161,21,4,25,3,8,11,119,91,210,0,0,0,7,6,13,1021,1070,2091,2021-02-28T23:00:00Z
18,304,Oprtalj,64,74,138,12,3,15,13,2,15,0,0,0,11,8,19,0,0,0,4,2,6,104,89,193,2021-02-28T23:00:00Z
18,321,Pazin,1982,1929,3911,284,110,394,51,25,76,16,23,39,309,195,504,0,0,0,6,13,19,2648,2295,4943,2021-02-28T23:00:00Z
18,330,Pićan,347,175,522,27,5,32,2,5,7,1,1,2,50,20,70,0,0,0,1,1,2,428,207,635,2021-02-28T23:00:00Z
18,348,Poreč,4501,4331,8832,571,273,844,44,21,65,59,51,110,453,415,868,0,0,0,19,13,32,5647,5104,10751,2021-02-28T23:00:00Z
18,359,Pula,12637,12436,25073,1144,602,1746,66,42,108,289,171,460,834,1070,1904,0,0,0,72,55,127,15042,14376,29418,2021-02-28T23:00:00Z
18,368,Raša,266,159,425,25,7,32,1,0,1,2,1,3,39,21,60,0,0,0,1,1,2,334,189,523,2021-02-28T23:00:00Z
18,374,Rovinj,2768,2908,5676,370,195,565,26,12,38,28,35,63,384,341,725,0,0,0,15,20,35,3591,3511,7102,2021-02-28T23:00:00Z
18,40,Brtonigla,135,94,229,36,14,50,24,8,32,1,1,2,32,37,69,0,0,0,2,1,3,230,155,385,2021-02-28T23:00:00Z
18,42,Buje,766,723,1489,95,46,141,26,11,37,7,11,18,63,59,122,0,0,0,3,6,9,960,856,1816,2021-02-28T23:00:00Z
18,43,Buzet,1583,1029,2612,164,67,231,21,15,36,6,5,11,103,101,204,0,0,0,10,7,17,1887,1224,3111,2021-02-28T23:00:00Z
18,431,Sveti Lovreč,45,55,100,21,10,31,2,0,2,0,1,1,31,14,45,0,0,0,0,0,0,99,80,179,2021-02-28T23:00:00Z
18,432,Sveta Nedelja,133,134,267,25,7,32,7,3,10,4,0,4,39,12,51,0,0,0,6,4,10,214,160,374,2021-02-28T23:00:00Z
18,433,Sveti Petar U Šumi,148,103,251,22,5,27,2,4,6,0,0,0,15,3,18,0,0,0,1,1,2,188,116,304,2021-02-28T23:00:00Z
18,435,Svetvinčenat,113,105,218,20,4,24,1,0,1,0,1,1,28,20,48,0,0,0,0,0,0,162,130,292,2021-02-28T23:00:00Z
18,453,Tinjan,198,105,303,39,8,47,4,0,4,1,3,4,49,26,75,0,0,0,1,0,1,292,142,434,2021-02-28T23:00:00Z
18,468,Umag,2509,2166,4675,358,158,516,28,15,43,31,33,64,265,281,546,0,0,0,17,19,36,3208,2672,5880,2021-02-28T23:00:00Z
18,47,Cerovlje,93,43,136,36,2,38,4,4,8,0,0,0,33,16,49,0,0,0,1,2,3,167,67,234,2021-02-28T23:00:00Z
18,497,Višnjan,257,241,498,42,12,54,9,3,12,1,1,2,90,32,122,0,0,0,2,0,2,401,289,690,2021-02-28T23:00:00Z
18,498,Vižinada,59,44,103,23,5,28,15,5,20,1,0,1,26,19,45,0,0,0,0,1,1,124,74,198,2021-02-28T23:00:00Z
18,5,Bale,115,98,213,24,15,39,3,2,5,0,0,0,34,14,48,0,0,0,1,1,2,177,130,307,2021-02-28T23:00:00Z
18,502,Vodnjan,706,556,1262,47,20,67,10,3,13,9,4,13,91,49,140,0,0,0,0,1,1,863,633,1496,2021-02-28T23:00:00Z
18,516,Vrsar,295,300,595,73,27,100,4,1,5,6,1,7,77,77,154,1,0,1,4,2,6,460,408,868,2021-02-28T23:00:00Z
18,531,Žminj,476,389,865,99,43,142,13,4,17,1,5,6,94,68,162,0,0,0,4,0,4,687,509,1196,2021-02-28T23:00:00Z
18,596,Karojba,101,84,185,32,6,38,2,1,3,0,0,0,45,12,57,0,0,0,0,0,0,180,103,283,2021-02-28T23:00:00Z
18,597,Kaštelir - Labinci,168,73,241,29,12,41,6,3,9,1,0,1,43,16,59,0,0,0,1,3,4,248,107,355,2021-02-28T23:00:00Z
18,6,Barban,233,111,344,38,5,43,9,5,14,0,1,1,24,24,48,0,0,0,5,2,7,309,148,457,2021-02-28T23:00:00Z
18,619,Fažana,255,203,458,22,11,33,0,1,1,3,2,5,36,55,91,0,0,0,0,2,2,316,274,590,2021-02-28T23:00:00Z
18,629,Funtana,107,98,205,13,7,20,2,0,2,0,0,0,14,23,37,0,0,0,2,1,3,138,129,267,2021-02-28T23:00:00Z
18,631,Tar-Vabriga,148,216,364,32,14,46,2,0,2,0,0,0,29,26,55,0,0,0,1,1,2,212,257,469,2021-02-28T23:00:00Z
19,198,Konavle,1071,816,1887,200,70,270,20,9,29,32,8,40,76,105,181,0,0,0,6,3,9,1405,1011,2416,2021-02-28T23:00:00Z
19,204,Korčula,639,825,1464,109,46,155,16,5,21,95,10,105,89,92,181,0,0,0,11,7,18,959,985,1944,2021-02-28T23:00:00Z
19,219,Kula Norinska,49,72,121,13,1,14,2,0,2,1,0,1,6,6,12,0,0,0,0,0,0,71,79,150,2021-02-28T23:00:00Z
19,226,Lastovo,62,85,147,20,7,27,2,1,3,6,1,7,8,4,12,0,0,0,5,4,9,103,102,205,2021-02-28T23:00:00Z
19,25,Blato,596,405,1001,62,19,81,19,4,23,9,10,19,154,50,204,0,0,0,5,4,9,845,492,1337,2021-02-28T23:00:00Z
19,264,Metković,2008,1680,3688,183,98,281,32,22,54,45,20,65,294,281,575,0,0,0,6,7,13,2568,2108,4676,2021-02-28T23:00:00Z
19,268,Mljet,168,83,251,14,7,21,3,0,3,2,2,4,6,10,16,0,0,0,4,2,6,197,104,301,2021-02-28T23:00:00Z
19,306,Opuzen,418,341,759,30,16,46,45,23,68,6,1,7,21,26,47,0,0,0,0,1,1,520,408,928,2021-02-28T23:00:00Z
19,308,Orebić,376,363,739,65,35,100,31,8,39,37,6,43,78,69,147,0,0,0,4,14,18,591,495,1086,2021-02-28T23:00:00Z
19,335,Ploče,1382,902,2284,77,45,122,18,3,21,29,6,35,76,124,200,0,0,0,5,4,9,1587,1084,2671,2021-02-28T23:00:00Z
19,343,Pojezerje,27,51,78,4,2,6,7,0,7,0,0,0,1,2,3,0,0,0,0,0,0,39,55,94,2021-02-28T23:00:00Z
19,399,Slivno,363,52,415,10,7,17,17,6,23,0,0,0,6,11,17,1,0,1,1,0,1,398,76,474,2021-02-28T23:00:00Z
19,402,Smokvica,30,73,103,11,2,13,12,6,18,1,0,1,34,6,40,0,0,0,4,2,6,92,89,181,2021-02-28T23:00:00Z
19,419,Ston,545,237,782,51,12,63,24,4,28,6,1,7,40,22,62,0,0,0,2,2,4,668,278,946,2021-02-28T23:00:00Z
19,474,Vela Luka,289,508,797,55,19,74,10,1,11,36,3,39,77,46,123,0,0,0,5,7,12,472,584,1056,2021-02-28T23:00:00Z
19,523,Zažablje,18,24,42,3,0,3,5,2,7,1,0,1,10,2,12,0,0,0,0,0,0,37,28,65,2021-02-28T23:00:00Z
19,598,Dubrovačko Primorje,149,97,246,22,4,26,5,6,11,7,2,9,35,18,53,0,0,0,0,2,2,218,129,347,2021-02-28T23:00:00Z
19,599,Janjina,226,70,296,10,5,15,10,3,13,2,1,3,3,7,10,0,0,0,2,0,2,253,86,339,2021-02-28T23:00:00Z
19,600,Lumbarda,49,57,106,38,12,50,9,1,10,4,0,4,19,13,32,0,0,0,6,4,10,125,87,212,2021-02-28T23:00:00Z
19,601,Trpanj,44,49,93,12,3,15,1,2,3,3,1,4,18,7,25,0,0,0,3,1,4,81,63,144,2021-02-28T23:00:00Z
19,602,Župa Dubrovačka,642,601,1243,120,61,181,5,5,10,59,2,61,68,71,139,1,0,1,6,1,7,901,741,1642,2021-02-28T23:00:00Z
19,98,Dubrovnik,9744,10242,19986,739,381,1120,29,14,43,537,72,609,538,641,1179,0,0,0,41,65,106,11628,11415,23043,2021-02-28T23:00:00Z
20,123,Goričan,311,148,459,7,4,11,9,2,11,0,2,2,11,13,24,0,0,0,0,0,0,338,169,507,2021-02-28T23:00:00Z
20,15,Belica,188,196,384,25,17,42,63,46,109,1,1,2,26,32,58,0,0,0,0,1,1,303,293,596,2021-02-28T23:00:00Z
20,206,Kotoriba,487,241,728,10,4,14,7,0,7,0,5,5,17,16,33,0,0,0,0,0,0,521,266,787,2021-02-28T23:00:00Z
20,250,Mala Subotica,476,959,1435,29,20,49,33,17,50,2,4,6,41,33,74,0,0,0,0,4,4,581,1037,1618,2021-02-28T23:00:00Z
20,276,Mursko Središće,759,754,1513,41,25,66,16,7,23,2,7,9,54,53,107,0,0,0,1,2,3,873,848,1721,2021-02-28T23:00:00Z
20,279,Nedelišće,1333,762,2095,92,37,129,41,18,59,1,6,7,129,63,192,0,0,0,0,6,6,1596,892,2488,2021-02-28T23:00:00Z
20,342,Podturen,188,105,293,20,6,26,18,15,33,1,2,3,59,30,89,0,0,0,0,2,2,286,160,446,2021-02-28T23:00:00Z
20,355,Prelog,2314,1631,3945,71,15,86,46,33,79,8,10,18,64,54,118,0,0,0,6,7,13,2509,1750,4259,2021-02-28T23:00:00Z
20,385,Selnica,144,130,274,7,7,14,8,6,14,1,2,3,15,17,32,0,0,0,0,0,0,175,162,337,2021-02-28T23:00:00Z
20,440,Sveti Juraj Na Bregu,265,154,419,27,12,39,13,8,21,2,2,4,46,66,112,0,0,0,0,0,0,353,242,595,2021-02-28T23:00:00Z
20,441,Sveti Martin Na Muri,534,318,852,9,8,17,12,5,17,0,3,3,28,39,67,0,0,0,1,1,2,584,374,958,2021-02-28T23:00:00Z
20,452,Štrigova,288,195,483,27,10,37,41,24,65,2,2,4,65,63,128,0,0,0,0,0,0,423,294,717,2021-02-28T23:00:00Z
20,504,Vratišinec,150,89,239,6,4,10,11,3,14,1,1,2,7,6,13,0,0,0,1,1,2,176,104,280,2021-02-28T23:00:00Z
20,60,Čakovec,9821,9374,19195,254,121,375,62,25,87,37,63,100,290,367,657,0,0,0,8,11,19,10472,9961,20433,2021-02-28T23:00:00Z
20,603,Dekanovec,72,73,145,5,2,7,8,6,14,0,0,0,6,3,9,0,0,0,0,1,1,91,85,176,2021-02-28T23:00:00Z
20,604,Gornji Mihaljevec,121,47,168,11,2,13,23,7,30,2,1,3,21,11,32,0,0,0,1,0,1,179,68,247,2021-02-28T23:00:00Z
20,605,Orehovica,86,124,210,15,2,17,29,12,41,1,3,4,46,19,65,0,0,0,1,2,3,178,162,340,2021-02-28T23:00:00Z
20,606,Strahoninec,235,135,370,12,4,16,3,1,4,0,1,1,35,12,47,0,0,0,0,2,2,285,155,440,2021-02-28T23:00:00Z
20,607,Sveta Marija,75,74,149,13,5,18,6,0,6,1,0,1,26,9,35,0,0,0,0,1,1,121,89,210,2021-02-28T23:00:00Z
20,608,Šenkovec,530,233,763,15,11,26,2,1,3,0,1,1,28,26,54,0,0,0,2,2,4,577,274,851,2021-02-28T23:00:00Z
20,620,Pribislavec,316,188,504,10,5,15,3,1,4,2,2,4,13,10,23,0,0,0,0,0,0,344,206,550,2021-02-28T23:00:00Z
20,75,Domašinec,311,116,427,7,10,17,18,14,32,0,1,1,18,10,28,0,0,0,2,2,4,356,153,509,2021-02-28T23:00:00Z
20,78,Donja Dubrava,182,218,400,12,5,17,6,3,9,0,1,1,11,12,23,0,0,0,0,0,0,211,239,450,2021-02-28T23:00:00Z
20,82,Donji Kraljevec,1329,591,1920,37,10,47,53,17,70,3,6,9,79,130,209,0,0,0,4,7,11,1505,761,2266,2021-02-28T23:00:00Z
20,89,Donji Vidovec,53,71,124,2,1,3,3,0,3,1,2,3,3,15,18,0,0,0,0,0,0,62,89,151,2021-02-28T23:00:00Z
21,133,Zagreb,224693,204771,429464,7815,5210,13025,301,196,497,2244,2111,4355,5591,7024,12615,19,2,21,388,559,947,241051,219873,460924,2021-02-28T23:00:00Z
01,101,Dugo Selo,2920,1973,4893,223,92,315,25,23,48,24,24,48,274,247,521,0,0,0,7,16,23,3473,2375,5848,2021-03-31T22:00:00Z
01,114,Farkaševac,176,232,408,7,4,11,28,12,40,0,2,2,36,14,50,0,0,0,0,0,0,247,264,511,2021-03-31T22:00:00Z
01,135,Gradec,154,126,280,13,2,15,13,7,20,0,1,1,43,20,63,0,0,0,0,0,0,223,156,379,2021-03-31T22:00:00Z
01,158,Ivanić-Grad,2955,1660,4615,96,75,171,53,32,85,9,20,29,157,195,352,0,0,0,15,9,24,3285,1991,5276,2021-03-31T22:00:00Z
01,163,Jakovlje,239,214,453,41,8,49,8,12,20,3,0,3,36,35,71,0,0,0,0,0,0,327,269,596,2021-03-31T22:00:00Z
01,169,Jastrebarsko,2211,1591,3802,212,114,326,60,34,94,16,19,35,240,240,480,0,0,0,7,8,15,2746,2006,4752,2021-03-31T22:00:00Z
01,190,Klinča Selo,207,172,379,37,7,44,5,3,8,0,0,0,76,48,124,0,0,0,0,1,1,325,231,556,2021-03-31T22:00:00Z
01,193,Kloštar Ivanić,384,295,679,24,7,31,19,6,25,1,11,12,60,44,104,1,0,1,2,0,2,491,363,854,2021-03-31T22:00:00Z
01,213,Križ,576,404,980,25,21,46,22,14,36,3,6,9,24,55,79,0,0,0,2,1,3,652,501,1153,2021-03-31T22:00:00Z
01,33,Brckovljani,323,324,647,8,4,12,0,0,0,1,2,3,24,15,39,0,0,0,0,0,0,356,345,701,2021-03-31T22:00:00Z
01,331,Pisarovina,390,307,697,27,19,46,26,19,45,1,2,3,23,27,50,0,0,0,2,3,5,469,377,846,2021-03-31T22:00:00Z
01,34,Brdovec,853,711,1564,101,31,132,15,7,22,3,7,10,80,58,138,1,0,1,4,3,7,1057,817,1874,2021-03-31T22:00:00Z
01,356,Preseka,18,9,27,5,2,7,13,12,25,0,1,1,16,8,24,0,0,0,1,0,1,53,32,85,2021-03-31T22:00:00Z
01,362,Pušča,167,195,362,28,14,42,7,2,9,1,3,4,51,23,74,0,0,0,0,0,0,254,237,491,2021-03-31T22:00:00Z
01,376,Rugvica,1100,464,1564,8,5,13,4,2,6,1,2,3,28,24,52,0,0,0,0,0,0,1141,497,1638,2021-03-31T22:00:00Z
01,380,Samobor,5367,3753,9120,493,294,787,26,24,50,43,73,116,532,489,1021,0,0,0,32,26,58,6493,4659,11152,2021-03-31T22:00:00Z
01,429,Sveti Ivan Zelina,2190,1848,4038,167,71,238,77,56,133,16,20,36,252,220,472,0,0,0,11,2,13,2713,2217,4930,2021-03-31T22:00:00Z
01,436,Sveta Nedjelja,5366,3135,8501,223,83,306,6,4,10,8,12,20,346,183,529,0,0,0,8,11,19,5957,3428,9385,2021-03-31T22:00:00Z
01,508,Vrbovec,2149,1982,4131,152,68,220,75,36,111,8,21,29,292,160,452,0,0,0,7,12,19,2683,2279,4962,2021-03-31T22:00:00Z
01,533,Krašić,255,179,434,26,8,34,16,10,26,4,3,7,26,33,59,0,0,0,1,1,2,328,234,562,2021-03-31T22:00:00Z
01,536,Rakovec,30,15,45,10,2,12,12,7,19,0,1,1,22,11,33,0,0,0,0,0,0,74,36,110,2021-03-31T22:00:00Z
01,539,Marija Gorica,78,93,171,14,2,16,0,0,0,1,1,2,20,23,43,0,0,0,0,0,0,113,119,232,2021-03-31T22:00:00Z
01,540,Žumberak,15,19,34,4,2,6,6,4,10,0,0,0,7,8,15,0,0,0,0,0,0,32,33,65,2021-03-31T22:00:00Z
01,541,Velika Gorica,7739,6036,13775,611,337,948,68,33,101,60,67,127,596,546,1142,0,0,0,27,25,52,9101,7044,16145,2021-03-31T22:00:00Z
01,542,Orle,47,35,82,15,1,16,9,6,15,0,0,0,11,4,15,0,0,0,0,0,0,82,46,128,2021-03-31T22:00:00Z
01,543,Zaprešić,3391,2917,6308,209,143,352,14,11,25,36,42,78,241,231,472,0,0,0,17,18,35,3908,3362,7270,2021-03-31T22:00:00Z
01,544,Pokupsko,45,70,115,10,6,16,14,6,20,0,0,0,7,9,16,0,0,0,0,0,0,76,91,167,2021-03-31T22:00:00Z
01,545,Kravarsko,116,91,207,29,7,36,6,6,12,0,0,0,66,15,81,0,0,0,1,0,1,218,119,337,2021-03-31T22:00:00Z
01,547,Bistra,352,531,883,41,24,65,7,5,12,2,8,10,63,51,114,1,0,1,1,1,2,467,620,1087,2021-03-31T22:00:00Z
01,548,Luka,244,91,335,14,2,16,2,4,6,1,1,2,22,17,39,0,0,0,0,0,0,283,115,398,2021-03-31T22:00:00Z
01,549,Dubravica,70,42,112,14,0,14,14,7,21,0,0,0,13,12,25,0,0,0,0,0,0,111,61,172,2021-03-31T22:00:00Z
01,550,Bedenica,202,149,351,11,4,15,6,5,11,1,1,2,19,12,31,0,0,0,0,0,0,239,171,410,2021-03-31T22:00:00Z
01,551,Stupnik,1308,483,1791,25,17,42,0,3,3,2,2,4,22,25,47,0,0,0,1,1,2,1358,531,1889,2021-03-31T22:00:00Z
01,97,Dubrava,303,328,631,40,20,60,65,40,105,3,12,15,70,67,137,0,0,0,3,7,10,484,474,958,2021-03-31T22:00:00Z
02,108,Đurmanec,112,136,248,58,11,69,2,2,4,3,1,4,106,94,200,0,0,0,1,0,1,282,244,526,2021-03-31T22:00:00Z
02,11,Bedekovčina,517,781,1298,89,39,128,8,7,15,6,9,15,129,112,241,0,0,0,3,3,6,752,951,1703,2021-03-31T22:00:00Z
02,125,Gornja Stubica,194,290,484,52,14,66,7,3,10,1,1,2,66,45,111,0,0,0,1,2,3,321,355,676,2021-03-31T22:00:00Z
02,146,Hraščina,49,44,93,8,2,10,2,3,5,0,1,1,4,7,11,0,0,0,0,0,0,63,57,120,2021-03-31T22:00:00Z
02,152,Hum Na Sutli,1630,627,2257,53,30,83,4,0,4,1,7,8,169,73,242,0,0,0,1,3,4,1858,740,2598,2021-03-31T22:00:00Z
02,187,Klanjec,298,273,571,62,22,84,8,6,14,5,1,6,64,45,109,0,0,0,0,2,2,437,349,786,2021-03-31T22:00:00Z
02,200,Konjščina,441,366,807,33,16,49,2,0,2,1,2,3,26,33,59,0,0,0,0,0,0,503,417,920,2021-03-31T22:00:00Z
02,208,Kraljevec Na Sutli,64,45,109,13,6,19,4,2,6,0,0,0,17,7,24,0,0,0,0,2,2,98,62,160,2021-03-31T22:00:00Z
02,211,Krapina,2726,2587,5313,176,80,256,7,7,14,18,18,36,200,171,371,0,0,0,1,2,3,3128,2865,5993,2021-03-31T22:00:00Z
02,212,Krapinske Toplice,554,1174,1728,68,35,103,3,5,8,0,4,4,115,71,186,0,0,0,0,1,1,740,1290,2030,2021-03-31T22:00:00Z
02,236,Lobor,161,212,373,21,8,29,5,5,10,0,0,0,34,14,48,0,0,0,1,2,3,222,241,463,2021-03-31T22:00:00Z
02,248,Mače,102,59,161,28,5,33,4,3,7,1,0,1,54,34,88,0,0,0,0,0,0,189,101,290,2021-03-31T22:00:00Z
02,256,Marija Bistrica,324,316,640,63,43,106,15,6,21,1,5,6,85,78,163,0,0,0,3,4,7,491,452,943,2021-03-31T22:00:00Z
02,265,Mihovljan,104,112,216,31,7,38,5,0,5,0,0,0,72,13,85,0,0,0,1,1,2,213,133,346,2021-03-31T22:00:00Z
02,311,Oroslavje,877,808,1685,77,36,113,10,2,12,6,9,15,98,79,177,0,0,0,4,2,6,1072,936,2008,2021-03-31T22:00:00Z
02,329,Petrovsko,74,55,129,15,2,17,1,0,1,5,0,5,56,11,67,0,0,0,1,0,1,152,68,220,2021-03-31T22:00:00Z
02,352,Pregrada,810,938,1748,108,32,140,4,4,8,6,8,14,155,100,255,0,0,0,0,1,1,1083,1083,2166,2021-03-31T22:00:00Z
02,364,Radoboj,138,107,245,17,10,27,1,1,2,1,3,4,51,19,70,0,0,0,0,1,1,208,141,349,2021-03-31T22:00:00Z
02,41,Budinščina,170,174,344,14,6,20,6,2,8,1,2,3,20,11,31,0,0,0,2,3,5,213,198,411,2021-03-31T22:00:00Z
02,422,Stubičke Toplice,241,398,639,33,15,48,0,1,1,3,6,9,62,26,88,0,0,0,1,1,2,340,447,787,2021-03-31T22:00:00Z
02,430,Sveti Križ Začretje,649,766,1415,73,21,94,9,5,14,1,4,5,137,91,228,0,0,0,5,1,6,874,888,1762,2021-03-31T22:00:00Z
02,466,Tuhelj,127,202,329,17,12,29,4,1,5,1,2,3,29,31,60,0,0,0,0,0,0,178,248,426,2021-03-31T22:00:00Z
02,481,Veliko Trgovišće,529,310,839,52,16,68,4,5,9,2,5,7,109,54,163,0,0,0,4,1,5,700,391,1091,2021-03-31T22:00:00Z
02,519,Zabok,2796,2696,5492,141,83,224,5,4,9,14,18,32,201,343,544,0,0,0,1,3,4,3158,3147,6305,2021-03-31T22:00:00Z
02,521,Zagorska Sela,13,54,67,7,1,8,6,1,7,0,1,1,15,4,19,0,0,0,0,0,0,41,61,102,2021-03-31T22:00:00Z
02,526,Zlatar,543,673,1216,95,41,136,22,13,35,9,10,19,89,79,168,0,0,0,3,7,10,761,823,1584,2021-03-31T22:00:00Z
02,527,Zlatar Bistrica,355,575,930,26,9,35,3,3,6,4,0,4,71,39,110,0,0,0,3,4,7,462,630,1092,2021-03-31T22:00:00Z
02,552,Jesenje,54,65,119,10,1,11,0,1,1,0,0,0,46,7,53,0,0,0,0,0,0,110,74,184,2021-03-31T22:00:00Z
02,553,Kumrovec,83,96,179,17,4,21,2,0,2,2,1,3,21,15,36,0,0,0,0,0,0,125,116,241,2021-03-31T22:00:00Z
02,554,Novi Golubovec,135,51,186,4,2,6,1,0,1,0,0,0,6,2,8,0,0,0,0,0,0,146,55,201,2021-03-31T22:00:00Z
02,70,Desinić,144,283,427,31,7,38,9,1,10,2,1,3,33,34,67,0,0,0,0,1,1,219,327,546,2021-03-31T22:00:00Z
02,79,Donja Stubica,812,790,1602,95,46,141,4,3,7,7,3,10,87,58,145,0,0,0,2,6,8,1007,906,1913,2021-03-31T22:00:00Z
03,102,Dvor,291,156,447,15,4,19,63,21,84,0,3,3,10,12,22,0,0,0,2,1,3,381,197,578,2021-03-31T22:00:00Z
03,121,Glina,1169,741,1910,40,20,60,57,25,82,4,13,17,71,64,135,0,0,0,0,0,0,1341,863,2204,2021-03-31T22:00:00Z
03,149,Hrvatska Dubica,75,87,162,8,2,10,12,4,16,0,0,0,6,4,10,0,0,0,0,0,0,101,97,198,2021-03-31T22:00:00Z
03,150,Hrvatska Kostajnica,320,309,629,17,9,26,11,2,13,1,3,4,8,16,24,0,0,0,2,0,2,359,339,698,2021-03-31T22:00:00Z
03,168,Jasenovac,132,156,288,12,3,15,12,6,18,0,0,0,11,8,19,0,0,0,0,0,0,167,173,340,2021-03-31T22:00:00Z
03,220,Kutina,3678,2942,6620,173,104,277,38,23,61,33,22,55,202,243,445,1,0,1,15,7,22,4140,3341,7481,2021-03-31T22:00:00Z
03,228,Lekenik,298,243,541,36,9,45,7,10,17,0,4,4,35,29,64,0,0,0,0,2,2,376,297,673,2021-03-31T22:00:00Z
03,232,Lipovljani,281,263,544,24,11,35,11,3,14,2,0,2,30,37,67,0,0,0,0,1,1,348,315,663,2021-03-31T22:00:00Z
03,259,Martinska Ves,131,67,198,8,2,10,31,16,47,1,0,1,47,17,64,0,0,0,0,0,0,218,102,320,2021-03-31T22:00:00Z
03,293,Novska,1340,1075,2415,169,97,266,33,12,45,9,20,29,256,240,496,0,0,0,4,2,6,1811,1446,3257,2021-03-31T22:00:00Z
03,328,Petrinja,1619,1750,3369,213,82,295,64,20,84,9,27,36,262,260,522,0,0,0,8,8,16,2175,2147,4322,2021-03-31T22:00:00Z
03,347,Popovača,866,969,1835,80,38,118,47,15,62,7,12,19,96,119,215,0,0,0,6,2,8,1102,1155,2257,2021-03-31T22:00:00Z
03,391,Sisak,6897,8113,15010,365,218,583,104,60,164,46,77,123,573,577,1150,0,0,0,25,17,42,8010,9062,17072,2021-03-31T22:00:00Z
03,426,Sunja,210,158,368,23,8,31,41,34,75,1,3,4,17,23,40,0,0,0,2,0,2,294,226,520,2021-03-31T22:00:00Z
03,457,Topusko,245,319,564,18,6,24,4,2,6,2,0,2,34,31,65,0,0,0,1,0,1,304,358,662,2021-03-31T22:00:00Z
03,477,Velika Ludina,118,141,259,10,8,18,14,3,17,0,0,0,25,24,49,0,0,0,0,0,0,167,176,343,2021-03-31T22:00:00Z
03,510,Gvozd,119,113,232,7,4,11,21,3,24,0,0,0,20,11,31,0,0,0,2,0,2,169,131,300,2021-03-31T22:00:00Z
03,555,Majur,110,100,210,1,1,2,5,1,6,0,0,0,2,0,2,0,0,0,0,0,0,118,102,220,2021-03-31T22:00:00Z
03,83,Donji Kukuruzari,49,59,108,4,0,4,5,3,8,0,0,0,2,3,5,0,0,0,2,0,2,62,65,127,2021-03-31T22:00:00Z
04,120,Generalski Stol,31,74,105,20,5,25,1,0,1,0,1,1,24,13,37,0,0,0,0,0,0,76,93,169,2021-03-31T22:00:00Z
04,172,Josipdol,209,152,361,27,17,44,2,9,11,2,1,3,40,52,92,0,0,0,0,1,1,280,232,512,2021-03-31T22:00:00Z
04,179,Karlovac,10566,8788,19354,400,283,683,81,51,132,72,93,165,603,809,1412,0,0,0,16,23,39,11738,10047,21785,2021-03-31T22:00:00Z
04,216,Krnjak,124,76,200,2,2,4,7,3,10,0,0,0,10,4,14,0,0,0,0,0,0,143,85,228,2021-03-31T22:00:00Z
04,225,Lasinja,74,47,121,5,1,6,0,4,4,2,0,2,6,7,13,0,0,0,0,0,0,87,59,146,2021-03-31T22:00:00Z
04,281,Netretić,73,91,164,15,3,18,3,1,4,1,1,2,44,33,77,0,0,0,0,0,0,136,129,265,2021-03-31T22:00:00Z
04,297,Ogulin,1769,1742,3511,145,84,229,34,14,48,9,28,37,140,181,321,0,0,0,6,8,14,2103,2057,4160,2021-03-31T22:00:00Z
04,30,Bosiljevo,108,99,207,5,0,5,0,0,0,1,1,2,32,27,59,0,0,0,0,0,0,146,127,273,2021-03-31T22:00:00Z
04,315,Ozalj,788,622,1410,84,31,115,18,14,32,4,11,15,129,97,226,0,0,0,4,4,8,1027,779,1806,2021-03-31T22:00:00Z
04,333,Plaški,74,105,179,10,4,14,9,2,11,0,0,0,32,20,52,0,0,0,0,0,0,125,131,256,2021-03-31T22:00:00Z
04,365,Rakovica,139,120,259,5,11,16,3,3,6,0,1,1,61,51,112,0,0,0,1,0,1,209,186,395,2021-03-31T22:00:00Z
04,378,Saborsko,14,17,31,2,1,3,1,0,1,0,0,0,7,3,10,0,0,0,0,0,0,24,21,45,2021-03-31T22:00:00Z
04,400,Slunj,336,407,743,47,16,63,29,15,44,3,5,8,125,90,215,0,0,0,3,11,14,543,544,1087,2021-03-31T22:00:00Z
04,49,Cetingrad,68,52,120,6,1,7,3,4,7,0,0,0,10,10,20,0,0,0,0,0,0,87,67,154,2021-03-31T22:00:00Z
04,503,Vojnić,410,259,669,23,12,35,37,9,46,2,0,2,28,36,64,0,0,0,1,3,4,501,319,820,2021-03-31T22:00:00Z
04,530,Žakanje,138,99,237,23,12,35,6,1,7,0,0,0,26,34,60,0,0,0,0,1,1,193,147,340,2021-03-31T22:00:00Z
04,556,Ribnik,5,4,9,10,4,14,1,2,3,0,0,0,7,14,21,0,0,0,0,0,0,23,24,47,2021-03-31T22:00:00Z
04,557,Tounj,66,31,97,4,0,4,0,0,0,0,0,0,3,4,7,0,0,0,0,0,0,73,35,108,2021-03-31T22:00:00Z
04,623,Kamanje,160,103,263,3,3,6,0,0,0,0,0,0,3,14,17,0,0,0,0,0,0,166,120,286,2021-03-31T22:00:00Z
04,7,Barilovići,275,147,422,20,9,29,7,1,8,1,1,2,112,32,144,0,0,0,0,0,0,415,190,605,2021-03-31T22:00:00Z
04,90,Draganić,130,111,241,12,4,16,7,3,10,1,2,3,21,32,53,0,0,0,0,0,0,171,152,323,2021-03-31T22:00:00Z
04,99,Duga Resa,1166,992,2158,133,62,195,15,15,30,5,19,24,191,207,398,0,0,0,3,9,12,1513,1304,2817,2021-03-31T22:00:00Z
05,12,Bednja,212,161,373,22,8,30,2,9,11,2,1,3,20,18,38,0,0,0,0,0,0,258,197,455,2021-03-31T22:00:00Z
05,129,Gornji Kneginec,540,1155,1695,48,26,74,11,4,15,1,7,8,92,60,152,0,0,0,6,7,13,698,1259,1957,2021-03-31T22:00:00Z
05,151,Breznički Hum,188,147,335,14,5,19,8,6,14,0,1,1,19,15,34,0,0,0,3,4,7,232,178,410,2021-03-31T22:00:00Z
05,156,Ivanec,2008,1750,3758,159,64,223,14,11,25,12,16,28,294,261,555,0,0,0,6,13,19,2493,2115,4608,2021-03-31T22:00:00Z
05,165,Jalžabet,736,1075,1811,21,2,23,11,6,17,0,3,3,34,21,55,0,0,0,0,1,1,802,1108,1910,2021-03-31T22:00:00Z
05,189,Klenovnik,93,52,145,8,4,12,1,1,2,1,1,2,22,26,48,0,0,0,2,0,2,127,84,211,2021-03-31T22:00:00Z
05,19,Beretinec,64,34,98,17,2,19,3,3,6,0,1,1,15,21,36,0,0,0,1,1,2,100,62,162,2021-03-31T22:00:00Z
05,229,Lepoglava,1225,562,1787,50,29,79,6,3,9,1,4,5,99,68,167,0,0,0,1,6,7,1382,672,2054,2021-03-31T22:00:00Z
05,244,Ludbreg,1775,1481,3256,105,59,164,43,37,80,9,13,22,235,180,415,0,0,0,5,9,14,2172,1779,3951,2021-03-31T22:00:00Z
05,247,Ljubešćica,324,148,472,30,7,37,1,0,1,1,3,4,107,23,130,0,0,0,1,0,1,464,181,645,2021-03-31T22:00:00Z
05,251,Mali Bukovec,35,87,122,14,6,20,27,15,42,0,1,1,105,33,138,0,0,0,0,1,1,181,143,324,2021-03-31T22:00:00Z
05,260,Maruševec,374,287,661,47,26,73,25,26,51,3,4,7,99,43,142,0,0,0,5,2,7,553,388,941,2021-03-31T22:00:00Z
05,289,Novi Marof,1204,1209,2413,158,67,225,18,11,29,8,16,24,285,174,459,0,0,0,4,2,6,1677,1479,3156,2021-03-31T22:00:00Z
05,326,Petrijanec,387,672,1059,26,7,33,17,9,26,1,3,4,87,80,167,0,0,0,0,1,1,518,772,1290,2021-03-31T22:00:00Z
05,36,Breznica,158,60,218,18,3,21,3,5,8,1,6,7,17,14,31,0,0,0,0,0,0,197,88,285,2021-03-31T22:00:00Z
05,410,Sračinec,243,248,491,41,12,53,2,2,4,1,6,7,83,60,143,0,0,0,0,2,2,370,330,700,2021-03-31T22:00:00Z
05,437,Sveti Đurđ,67,93,160,30,4,34,26,8,34,2,1,3,36,34,70,0,0,0,0,0,0,161,140,301,2021-03-31T22:00:00Z
05,438,Sveti Ilija,162,162,324,14,8,22,2,1,3,1,4,5,48,24,72,0,0,0,1,0,1,228,199,427,2021-03-31T22:00:00Z
05,462,Trnovec Bartolovečki,1394,1545,2939,67,13,80,18,8,26,1,4,5,196,87,283,0,0,0,0,2,2,1676,1659,3335,2021-03-31T22:00:00Z
05,472,Varaždin,16324,15186,31510,474,340,814,42,24,66,80,122,202,525,633,1158,0,0,0,19,17,36,17464,16322,33786,2021-03-31T22:00:00Z
05,473,Varaždinske Toplice,601,435,1036,47,18,65,9,7,16,6,7,13,176,47,223,0,0,0,1,2,3,840,516,1356,2021-03-31T22:00:00Z
05,48,Cestica,412,370,782,44,24,68,14,20,34,2,4,6,95,73,168,0,0,0,0,2,2,567,493,1060,2021-03-31T22:00:00Z
05,484,Vidovec,230,242,472,52,15,67,66,30,96,2,5,7,106,93,199,0,0,0,0,0,0,456,385,841,2021-03-31T22:00:00Z
05,486,Vinica,277,212,489,22,9,31,5,5,10,1,5,6,32,24,56,0,0,0,0,1,1,337,256,593,2021-03-31T22:00:00Z
05,493,Visoko,90,47,137,17,0,17,6,4,10,0,1,1,21,22,43,0,0,0,1,0,1,135,74,209,2021-03-31T22:00:00Z
05,558,Veliki Bukovec,388,301,689,5,2,7,26,15,41,0,2,2,37,29,66,0,0,0,0,0,0,456,349,805,2021-03-31T22:00:00Z
05,80,Donja Voća,85,51,136,8,1,9,7,9,16,0,1,1,26,21,47,0,0,0,0,1,1,126,84,210,2021-03-31T22:00:00Z
05,85,Donji Martijanec,339,181,520,26,8,34,21,6,27,1,1,2,58,35,93,0,0,0,0,0,0,445,231,676,2021-03-31T22:00:00Z
06,104,Đelekovec,23,41,64,19,7,26,44,14,58,0,1,1,17,9,26,0,0,0,1,0,1,104,72,176,2021-03-31T22:00:00Z
06,107,Đurđevac,1298,1100,2398,81,41,122,73,50,123,12,12,24,84,72,156,0,0,0,11,6,17,1559,1281,2840,2021-03-31T22:00:00Z
06,115,Ferdinandovac,42,82,124,8,2,10,45,33,78,1,1,2,18,5,23,0,0,0,0,0,0,114,123,237,2021-03-31T22:00:00Z
06,122,Gola,172,145,317,12,2,14,94,42,136,0,2,2,5,23,28,0,0,0,3,0,3,286,214,500,2021-03-31T22:00:00Z
06,145,Hlebine,9,18,27,1,0,1,14,4,18,1,0,1,1,11,12,0,0,0,1,0,1,27,33,60,2021-03-31T22:00:00Z
06,194,Kloštar Podravski,176,137,313,17,11,28,42,36,78,0,1,1,33,47,80,0,0,0,2,1,3,270,233,503,2021-03-31T22:00:00Z
06,201,Koprivnica,7131,7495,14626,325,190,515,61,30,91,62,72,134,405,421,826,0,2,2,13,19,32,7997,8229,16226,2021-03-31T22:00:00Z
06,202,Koprivnički Bregi,53,78,131,15,5,20,24,7,31,0,1,1,29,12,41,0,0,0,1,0,1,122,103,225,2021-03-31T22:00:00Z
06,203,Koprivnički Ivanec,57,52,109,24,3,27,21,7,28,0,1,1,28,11,39,0,0,0,0,0,0,130,74,204,2021-03-31T22:00:00Z
06,214,Križevci,3284,3537,6821,160,95,255,239,190,429,12,28,40,245,219,464,0,0,0,11,7,18,3951,4076,8027,2021-03-31T22:00:00Z
06,227,Legrad,60,75,135,13,4,17,21,8,29,0,1,1,23,16,39,0,0,0,0,0,0,117,104,221,2021-03-31T22:00:00Z
06,270,Molve,228,114,342,7,9,16,64,30,94,1,2,3,37,21,58,0,0,0,2,1,3,339,177,516,2021-03-31T22:00:00Z
06,292,Novigrad Podravski,90,130,220,9,2,11,21,11,32,0,2,2,15,16,31,0,0,0,1,1,2,136,162,298,2021-03-31T22:00:00Z
06,324,Peteranec,77,41,118,15,4,19,21,8,29,0,1,1,31,16,47,0,0,0,1,0,1,145,70,215,2021-03-31T22:00:00Z
06,366,Rasinja,58,77,135,18,4,22,54,24,78,2,1,3,22,25,47,0,0,0,1,1,2,155,132,287,2021-03-31T22:00:00Z
06,405,Sokolovac,210,81,291,16,3,19,44,20,64,4,5,9,27,11,38,0,0,0,0,0,0,301,120,421,2021-03-31T22:00:00Z
06,439,Sveti Ivan Žabno,255,214,469,40,18,58,101,60,161,1,3,4,59,57,116,0,0,0,0,1,1,456,353,809,2021-03-31T22:00:00Z
06,442,Sveti Petar Orehovec,125,104,229,30,5,35,148,139,287,0,1,1,38,19,57,0,0,0,1,0,1,342,268,610,2021-03-31T22:00:00Z
06,490,Virje,274,217,491,29,10,39,44,27,71,3,1,4,35,35,70,0,0,0,2,0,2,387,290,677,2021-03-31T22:00:00Z
06,559,Kalinovac,398,96,494,4,1,5,11,2,13,0,0,0,8,8,16,0,0,0,2,0,2,423,107,530,2021-03-31T22:00:00Z
06,560,Kalnik,44,51,95,3,4,7,18,23,41,0,1,1,9,4,13,0,0,0,0,0,0,74,83,157,2021-03-31T22:00:00Z
06,561,Novo Virje,46,35,81,2,0,2,39,23,62,0,0,0,14,6,20,0,0,0,0,1,1,101,65,166,2021-03-31T22:00:00Z
06,616,Podravske Sesvete,101,119,220,3,5,8,23,13,36,2,0,2,6,9,15,0,0,0,0,1,1,135,147,282,2021-03-31T22:00:00Z
06,618,Gornja Reka,80,86,166,6,3,9,7,8,15,0,0,0,7,4,11,0,0,0,0,0,0,100,101,201,2021-03-31T22:00:00Z
06,96,Drnje,108,114,222,12,1,13,19,10,29,0,4,4,6,9,15,0,0,0,0,0,0,145,138,283,2021-03-31T22:00:00Z
07,105,Đulovac,300,64,364,8,8,16,37,14,51,2,5,7,103,23,126,0,0,0,0,0,0,450,114,564,2021-03-31T22:00:00Z
07,119,Garešnica,1079,1068,2147,55,31,86,61,36,97,15,20,35,111,124,235,0,0,0,2,4,6,1323,1283,2606,2021-03-31T22:00:00Z
07,139,Grubišno Polje,603,514,1117,33,23,56,106,44,150,5,7,12,73,69,142,0,0,0,4,3,7,824,660,1484,2021-03-31T22:00:00Z
07,144,Hercegovac,126,162,288,16,3,19,48,15,63,1,2,3,43,35,78,0,0,0,1,1,2,235,218,453,2021-03-31T22:00:00Z
07,161,Ivanska,132,95,227,4,3,7,46,13,59,2,2,4,86,27,113,0,0,0,2,2,4,272,142,414,2021-03-31T22:00:00Z
07,176,Kapela,82,92,174,3,2,5,46,29,75,0,1,1,20,10,30,0,0,0,2,0,2,153,134,287,2021-03-31T22:00:00Z
07,18,Berek,57,64,121,5,1,6,20,18,38,0,0,0,10,7,17,0,0,0,0,0,0,92,90,182,2021-03-31T22:00:00Z
07,199,Končanica,122,94,216,7,2,9,33,16,49,0,1,1,17,14,31,0,0,0,2,2,4,181,129,310,2021-03-31T22:00:00Z
07,24,Bjelovar,7118,6876,13994,292,170,462,201,110,311,54,87,141,431,514,945,1,0,1,19,14,33,8116,7771,15887,2021-03-31T22:00:00Z
07,287,Nova Rača,102,120,222,8,2,10,80,34,114,0,2,2,35,15,50,0,0,0,0,0,0,225,173,398,2021-03-31T22:00:00Z
07,375,Rovišće,189,224,413,23,10,33,54,33,87,1,3,4,22,40,62,0,0,0,0,1,1,289,311,600,2021-03-31T22:00:00Z
07,390,Sirač,256,167,423,9,2,11,10,3,13,2,1,3,24,8,32,0,0,0,0,2,2,301,183,484,2021-03-31T22:00:00Z
07,450,Štefanje,47,59,106,7,3,10,31,15,46,0,2,2,32,20,52,0,0,0,0,0,0,117,99,216,2021-03-31T22:00:00Z
07,478,Velika Pisanica,70,93,163,3,2,5,34,16,50,1,0,1,9,7,16,0,0,0,0,0,0,117,118,235,2021-03-31T22:00:00Z
07,480,Veliki Grđevac,148,130,278,9,5,14,73,30,103,1,2,3,77,27,104,0,0,0,1,0,1,309,194,503,2021-03-31T22:00:00Z
07,483,Veliko Trojstvo,57,115,172,15,4,19,13,13,26,0,0,0,48,20,68,0,0,0,1,1,2,134,153,287,2021-03-31T22:00:00Z
07,562,Severin,62,26,88,1,0,1,15,14,29,0,0,0,14,30,44,0,0,0,0,0,0,92,70,162,2021-03-31T22:00:00Z
07,564,Šandrovac,24,55,79,4,0,4,11,7,18,1,0,1,13,6,19,0,0,0,0,0,0,53,68,121,2021-03-31T22:00:00Z
07,565,Velika Trnovitica,63,57,120,6,2,8,35,22,57,1,0,1,21,12,33,0,0,0,1,1,2,127,94,221,2021-03-31T22:00:00Z
07,566,Zrinski Topolovac,10,25,35,2,1,3,37,21,58,0,0,0,4,2,6,0,0,0,0,1,1,53,50,103,2021-03-31T22:00:00Z
07,63,Čazma,1165,857,2022,52,17,69,61,42,103,6,9,15,105,69,174,0,0,0,4,2,6,1393,996,2389,2021-03-31T22:00:00Z
07,67,Daruvar,1488,1680,3168,81,52,133,46,22,68,16,21,37,139,179,318,0,0,0,4,6,10,1774,1960,3734,2021-03-31T22:00:00Z
07,71,Dežanovac,120,81,201,10,2,12,75,39,114,0,0,0,36,15,51,0,0,0,0,1,1,241,138,379,2021-03-31T22:00:00Z
08,117,Fužine,257,197,454,17,11,28,0,1,1,2,1,3,17,18,35,0,0,0,2,0,2,295,228,523,2021-03-31T22:00:00Z
08,170,Jelenje,287,253,540,96,46,142,5,2,7,35,8,43,59,39,98,0,0,0,1,2,3,483,350,833,2021-03-31T22:00:00Z
08,180,Kastav,1097,808,1905,120,60,180,4,1,5,53,10,63,113,86,199,3,0,3,6,6,12,1396,971,2367,2021-03-31T22:00:00Z
08,186,Klana,398,217,615,23,7,30,1,1,2,3,2,5,15,11,26,0,0,0,1,1,2,441,239,680,2021-03-31T22:00:00Z
08,209,Kraljevica,339,276,615,38,25,63,2,1,3,57,8,65,26,32,58,1,0,1,0,8,8,463,350,813,2021-03-31T22:00:00Z
08,215,Krk,1861,1181,3042,225,87,312,14,10,24,24,14,38,255,167,422,0,0,0,6,8,14,2385,1467,3852,2021-03-31T22:00:00Z
08,237,Lokve,108,93,201,12,4,16,0,0,0,0,2,2,9,10,19,0,0,0,0,1,1,129,110,239,2021-03-31T22:00:00Z
08,242,Lovran,425,578,1003,80,25,105,2,1,3,11,10,21,45,61,106,0,0,0,4,9,13,567,684,1251,2021-03-31T22:00:00Z
08,252,Mali Lošinj,1382,1400,2782,226,76,302,25,9,34,30,17,47,171,155,326,0,0,0,14,5,19,1848,1662,3510,2021-03-31T22:00:00Z
08,253,Malinska-Dubašnica,499,790,1289,134,61,195,7,9,16,10,4,14,158,128,286,0,0,0,6,2,8,814,994,1808,2021-03-31T22:00:00Z
08,261,Matulji,1468,1075,2543,207,121,328,15,6,21,46,16,62,162,173,335,0,0,0,4,10,14,1902,1401,3303,2021-03-31T22:00:00Z
08,273,Mošćenička Draga,91,56,147,50,13,63,0,1,1,7,2,9,41,24,65,0,0,0,3,4,7,192,100,292,2021-03-31T22:00:00Z
08,275,Mrkopalj,62,46,108,16,2,18,2,0,2,2,0,2,13,9,22,0,0,0,1,0,1,96,57,153,2021-03-31T22:00:00Z
08,290,Novi Vinodolski,501,409,910,101,48,149,6,4,10,8,7,15,122,72,194,0,0,0,2,3,5,740,543,1283,2021-03-31T22:00:00Z
08,301,Omišalj,640,402,1042,81,24,105,2,0,2,12,6,18,69,33,102,0,0,0,1,2,3,805,467,1272,2021-03-31T22:00:00Z
08,302,Opatija,2145,2655,4800,182,100,282,6,6,12,63,29,92,92,152,244,0,1,1,12,17,29,2500,2960,5460,2021-03-31T22:00:00Z
08,360,Punat,297,139,436,57,22,79,4,0,4,5,2,7,74,45,119,0,0,0,1,1,2,438,209,647,2021-03-31T22:00:00Z
08,363,Rab,933,1056,1989,297,75,372,13,4,17,19,12,31,221,183,404,0,0,0,10,8,18,1493,1338,2831,2021-03-31T22:00:00Z
08,369,Ravna Gora,279,286,565,29,10,39,2,0,2,3,1,4,45,26,71,0,0,0,1,2,3,359,325,684,2021-03-31T22:00:00Z
08,373,Rijeka,27331,28073,55404,1166,987,2153,25,18,43,1100,365,1465,886,1287,2173,18,0,18,106,129,235,30632,30859,61491,2021-03-31T22:00:00Z
08,38,Brod Moravice,39,43,82,11,1,12,0,0,0,0,1,1,21,8,29,0,0,0,1,0,1,72,53,125,2021-03-31T22:00:00Z
08,393,Skrad,43,48,91,5,3,8,1,1,2,1,1,2,2,8,10,0,0,0,0,0,0,52,61,113,2021-03-31T22:00:00Z
08,4,Bakar,1898,919,2817,57,36,93,3,0,3,67,11,78,78,71,149,0,0,0,4,9,13,2107,1046,3153,2021-03-31T22:00:00Z
08,488,Vinodolska Općina,179,155,334,55,21,76,2,0,2,16,1,17,47,13,60,1,0,1,1,3,4,301,193,494,2021-03-31T22:00:00Z
08,495,Viškovo,1709,1086,2795,192,100,292,6,4,10,64,16,80,155,122,277,0,0,0,6,10,16,2132,1338,3470,2021-03-31T22:00:00Z
08,507,Vrbnik,127,89,216,30,11,41,9,5,14,2,0,2,27,18,45,0,0,0,0,1,1,195,124,319,2021-03-31T22:00:00Z
08,509,Vrbovsko,347,287,634,60,21,81,4,3,7,2,5,7,80,41,121,0,0,0,1,0,1,494,357,851,2021-03-31T22:00:00Z
08,52,Cres,512,396,908,78,25,103,12,3,15,10,3,13,50,72,122,0,0,0,5,4,9,667,503,1170,2021-03-31T22:00:00Z
08,53,Crikvenica,1161,1514,2675,209,119,328,4,1,5,36,23,59,210,177,387,0,0,0,7,10,17,1627,1844,3471,2021-03-31T22:00:00Z
08,538,Kostrena,412,273,685,36,21,57,1,0,1,62,7,69,19,26,45,0,0,0,2,3,5,532,330,862,2021-03-31T22:00:00Z
08,55,Čabar,358,276,634,53,18,71,3,3,6,6,0,6,144,52,196,0,0,0,1,1,2,565,350,915,2021-03-31T22:00:00Z
08,61,Čavle,659,500,1159,81,53,134,1,2,3,33,11,44,108,85,193,0,0,0,2,1,3,884,652,1536,2021-03-31T22:00:00Z
08,624,Lopar,50,36,86,23,2,25,0,0,0,1,0,1,18,18,36,0,0,0,0,0,0,92,56,148,2021-03-31T22:00:00Z
08,69,Delnice,1142,747,1889,74,47,121,4,1,5,10,14,24,79,95,174,0,0,0,3,6,9,1312,910,2222,2021-03-31T22:00:00Z
08,74,Dobrinj,130,66,196,51,21,72,0,2,2,4,2,6,78,39,117,0,0,0,3,3,6,266,133,399,2021-03-31T22:00:00Z
08,8,Baška,183,191,374,50,25,75,7,2,9,4,3,7,23,34,57,0,0,0,5,2,7,272,257,529,2021-03-31T22:00:00Z
09,130,Gospić,2244,2246,4490,98,60,158,68,38,106,12,9,21,135,158,293,0,0,0,10,7,17,2567,2518,5085,2021-03-31T22:00:00Z
09,178,Karlobag,71,85,156,11,4,15,6,1,7,1,0,1,8,3,11,0,0,0,0,0,0,97,93,190,2021-03-31T22:00:00Z
09,240,Lovinac,180,69,249,1,0,1,2,1,3,0,0,0,1,1,2,0,0,0,0,0,0,184,71,255,2021-03-31T22:00:00Z
09,288,Novalja,681,554,1235,120,29,149,20,7,27,4,4,8,161,72,233,0,0,0,5,7,12,991,673,1664,2021-03-31T22:00:00Z
09,313,Otočac,833,880,1713,92,40,132,51,26,77,9,7,16,123,109,232,0,0,0,2,7,9,1110,1069,2179,2021-03-31T22:00:00Z
09,323,Perušić,357,236,593,21,8,29,27,23,50,0,1,1,18,22,40,0,0,0,0,0,0,423,290,713,2021-03-31T22:00:00Z
09,37,Brinje,344,216,560,22,6,28,9,5,14,0,1,1,18,23,41,0,0,0,0,0,0,393,251,644,2021-03-31T22:00:00Z
09,387,Senj,723,612,1335,102,51,153,6,4,10,16,9,25,100,115,215,1,0,1,6,7,13,954,798,1752,2021-03-31T22:00:00Z
09,455,Plitvička Jezera,646,688,1334,42,24,66,64,13,77,1,5,6,176,141,317,0,0,0,1,0,1,930,871,1801,2021-03-31T22:00:00Z
09,467,Udbina,139,120,259,10,6,16,34,8,42,0,0,0,14,14,28,0,0,0,3,1,4,200,149,349,2021-03-31T22:00:00Z
09,512,Vrhovine,96,37,133,3,3,6,5,1,6,0,0,0,3,3,6,0,0,0,0,0,0,107,44,151,2021-03-31T22:00:00Z
09,84,Donji Lapac,102,79,181,6,4,10,23,6,29,0,0,0,10,5,15,0,0,0,0,0,0,141,94,235,2021-03-31T22:00:00Z
10,136,Gradina,83,88,171,13,6,19,131,41,172,2,0,2,39,26,65,0,0,0,0,0,0,268,161,429,2021-03-31T22:00:00Z
10,245,Lukač,200,116,316,13,4,17,39,16,55,1,0,1,60,28,88,0,0,0,0,0,0,313,164,477,2021-03-31T22:00:00Z
10,266,Mikleuš,75,51,126,8,1,9,16,6,22,0,0,0,9,11,20,0,0,0,0,0,0,108,69,177,2021-03-31T22:00:00Z
10,283,Nova Bukovica,44,41,85,8,5,13,36,6,42,1,0,1,24,19,43,0,0,0,1,0,1,114,71,185,2021-03-31T22:00:00Z
10,307,Orahovica,928,704,1632,61,41,102,13,3,16,9,12,21,107,99,206,0,0,0,1,6,7,1119,865,1984,2021-03-31T22:00:00Z
10,332,Pitomača,643,641,1284,77,44,121,159,88,247,2,6,8,229,186,415,0,0,0,4,2,6,1114,967,2081,2021-03-31T22:00:00Z
10,395,Slatina,1442,1326,2768,148,70,218,132,45,177,12,23,35,221,252,473,0,0,0,3,9,12,1958,1725,3683,2021-03-31T22:00:00Z
10,407,Sopje,144,46,190,4,2,6,85,23,108,0,0,0,27,19,46,0,0,0,0,0,0,260,90,350,2021-03-31T22:00:00Z
10,424,Suhopolje,258,261,519,23,18,41,98,42,140,0,1,1,46,39,85,0,0,0,4,0,4,429,361,790,2021-03-31T22:00:00Z
10,449,Špišić Bukovica,144,135,279,21,7,28,168,61,229,1,2,3,31,53,84,0,0,0,1,2,3,366,260,626,2021-03-31T22:00:00Z
10,491,Virovitica,3982,3988,7970,176,99,275,87,28,115,32,22,54,384,368,752,0,0,0,15,13,28,4676,4518,9194,2021-03-31T22:00:00Z
10,499,Voćin,150,98,248,8,3,11,27,31,58,0,0,0,13,8,21,0,0,0,0,0,0,198,140,338,2021-03-31T22:00:00Z
10,524,Zdenci,126,87,213,6,3,9,19,8,27,0,2,2,12,13,25,0,0,0,1,2,3,164,115,279,2021-03-31T22:00:00Z
10,54,Crnac,29,35,64,14,4,18,19,8,27,0,2,2,21,11,32,0,0,0,0,0,0,83,60,143,2021-03-31T22:00:00Z
10,56,Čačinci,164,86,250,20,11,31,16,10,26,0,4,4,19,30,49,0,0,0,1,0,1,220,141,361,2021-03-31T22:00:00Z
10,57,Čađavica,116,86,202,14,9,23,67,19,86,0,0,0,43,26,69,0,0,0,1,0,1,241,140,381,2021-03-31T22:00:00Z
11,164,Jakšić,135,136,271,23,2,25,25,7,32,0,2,2,45,15,60,0,0,0,0,0,0,228,162,390,2021-03-31T22:00:00Z
11,177,Kaptol,90,103,193,15,1,16,23,3,26,0,1,1,38,8,46,0,0,0,0,1,1,166,117,283,2021-03-31T22:00:00Z
11,221,Kutjevo,590,404,994,49,16,65,62,28,90,2,4,6,82,78,160,0,0,0,6,2,8,791,532,1323,2021-03-31T22:00:00Z
11,231,Lipik,737,613,1350,29,12,41,22,10,32,2,10,12,53,48,101,0,0,0,2,0,2,845,693,1538,2021-03-31T22:00:00Z
11,318,Pakrac,601,1093,1694,82,30,112,47,20,67,13,17,30,175,90,265,0,0,0,3,4,7,921,1254,2175,2021-03-31T22:00:00Z
11,334,Pleternica,573,428,1001,80,25,105,54,17,71,3,7,10,162,116,278,0,0,0,4,3,7,876,596,1472,2021-03-31T22:00:00Z
11,35,Brestovac,120,122,242,13,3,16,16,3,19,1,1,2,23,10,33,0,0,0,0,1,1,173,140,313,2021-03-31T22:00:00Z
11,351,Požega,5212,4455,9667,305,152,457,116,39,155,42,107,149,408,354,762,0,1,1,12,31,43,6095,5139,11234,2021-03-31T22:00:00Z
11,475,Velika,300,279,579,19,10,29,22,4,26,2,3,5,43,36,79,0,0,0,0,0,0,386,332,718,2021-03-31T22:00:00Z
11,58,Čaglin,85,149,234,9,2,11,19,5,24,0,1,1,13,11,24,0,0,0,0,0,0,126,168,294,2021-03-31T22:00:00Z
12,10,Bebrina,30,61,91,7,7,14,17,8,25,2,0,2,12,7,19,0,0,0,0,0,0,68,83,151,2021-03-31T22:00:00Z
12,118,Garčin,120,182,302,29,9,38,31,15,46,0,0,0,21,17,38,0,0,0,0,0,0,201,223,424,2021-03-31T22:00:00Z
12,127,Gornji Bogićevci,49,35,84,8,2,10,8,2,10,0,0,0,15,18,33,0,0,0,0,0,0,80,57,137,2021-03-31T22:00:00Z
12,140,Gundinci,69,48,117,11,3,14,52,23,75,0,0,0,18,9,27,0,0,0,1,0,1,151,83,234,2021-03-31T22:00:00Z
12,185,Klakar,74,62,136,16,3,19,22,4,26,0,1,1,12,15,27,0,0,0,1,0,1,125,85,210,2021-03-31T22:00:00Z
12,284,Nova Gradiška,2058,2103,4161,143,91,234,28,17,45,22,21,43,257,296,553,0,0,0,3,3,6,2511,2531,5042,2021-03-31T22:00:00Z
12,285,Nova Kapela,143,222,365,21,15,36,23,8,31,2,3,5,50,52,102,0,0,0,1,0,1,240,300,540,2021-03-31T22:00:00Z
12,299,Okučani,200,145,345,26,6,32,10,1,11,0,1,1,42,24,66,0,0,0,1,3,4,279,180,459,2021-03-31T22:00:00Z
12,303,Oprisavci,229,158,387,9,0,9,32,11,43,1,0,1,8,17,25,0,0,0,0,1,1,279,187,466,2021-03-31T22:00:00Z
12,309,Oriovac,262,295,557,36,19,55,22,12,34,2,2,4,66,53,119,0,0,0,0,2,2,388,383,771,2021-03-31T22:00:00Z
12,338,Podcrkavlje,55,48,103,16,0,16,7,4,11,0,1,1,18,6,24,0,0,0,0,0,0,96,59,155,2021-03-31T22:00:00Z
12,372,Rešetari,207,189,396,34,8,42,20,9,29,3,1,4,88,41,129,0,0,0,1,1,2,353,249,602,2021-03-31T22:00:00Z
12,388,Sibinj,117,197,314,54,14,68,18,1,19,0,1,1,56,37,93,0,0,0,2,2,4,247,252,499,2021-03-31T22:00:00Z
12,39,Brodski Stupnik,71,75,146,17,9,26,7,4,11,2,1,3,78,35,113,0,0,0,0,0,0,175,124,299,2021-03-31T22:00:00Z
12,396,Slavonski Brod,13422,9232,22654,583,329,912,49,35,84,80,91,171,913,946,1859,1,0,1,15,19,34,15063,10652,25715,2021-03-31T22:00:00Z
12,397,Slavonski Šamac,57,57,114,9,4,13,16,6,22,0,1,1,11,4,15,0,0,0,0,0,0,93,72,165,2021-03-31T22:00:00Z
12,412,Stara Gradiška,143,74,217,4,1,5,8,2,10,0,0,0,20,7,27,0,0,0,0,0,0,175,84,259,2021-03-31T22:00:00Z
12,418,Staro Petrovo Selo,186,156,342,30,8,38,41,17,58,1,2,3,101,44,145,0,0,0,0,1,1,359,228,587,2021-03-31T22:00:00Z
12,46,Cernik,158,214,372,26,11,37,10,6,16,3,2,5,50,23,73,0,0,0,0,3,3,247,259,506,2021-03-31T22:00:00Z
12,476,Velika Kopanica,178,121,299,23,7,30,28,17,45,1,1,2,34,29,63,0,0,0,2,1,3,266,176,442,2021-03-31T22:00:00Z
12,506,Vrbje,29,41,70,8,0,8,19,2,21,0,0,0,28,26,54,0,0,0,0,1,1,84,70,154,2021-03-31T22:00:00Z
12,514,Vrpolje,190,115,305,24,6,30,39,15,54,0,2,2,13,13,26,0,0,0,0,0,0,266,151,417,2021-03-31T22:00:00Z
12,567,Bukovlje,133,67,200,15,7,22,1,0,1,1,0,1,13,15,28,0,0,0,0,0,0,163,89,252,2021-03-31T22:00:00Z
12,568,Dragalić,33,55,88,7,0,7,6,2,8,0,0,0,3,6,9,0,0,0,0,1,1,49,64,113,2021-03-31T22:00:00Z
12,569,Gornja Vrba,408,451,859,11,2,13,1,0,1,0,1,1,20,15,35,0,0,0,0,0,0,440,469,909,2021-03-31T22:00:00Z
12,570,Sikirevci,37,60,97,18,4,22,37,13,50,0,0,0,14,6,20,0,0,0,1,1,2,107,84,191,2021-03-31T22:00:00Z
12,68,Davor,104,99,203,11,6,17,15,6,21,0,0,0,12,18,30,0,0,0,0,1,1,142,130,272,2021-03-31T22:00:00Z
12,81,Donji Andrijevci,125,99,224,21,11,32,18,4,22,1,1,2,26,19,45,0,0,0,0,1,1,191,135,326,2021-03-31T22:00:00Z
13,131,Gračac,235,246,481,21,16,37,63,22,85,2,1,3,30,38,68,0,0,0,0,1,1,351,324,675,2021-03-31T22:00:00Z
13,167,Jasenice,142,64,206,15,1,16,5,3,8,1,0,1,10,7,17,0,0,0,0,0,0,173,75,248,2021-03-31T22:00:00Z
13,17,Benkovac,1167,999,2166,91,31,122,89,51,140,11,12,23,194,118,312,0,0,0,5,5,10,1557,1216,2773,2021-03-31T22:00:00Z
13,173,Kali,312,124,436,25,12,37,3,1,4,14,1,15,57,24,81,0,0,0,0,1,1,411,163,574,2021-03-31T22:00:00Z
13,20,Bibinje,194,197,391,51,18,69,4,0,4,1,2,3,69,61,130,0,0,0,1,3,4,320,281,601,2021-03-31T22:00:00Z
13,22,Biograd Na Moru,1072,1351,2423,122,66,188,27,18,45,16,8,24,150,207,357,1,0,1,3,10,13,1391,1660,3051,2021-03-31T22:00:00Z
13,234,Lišane Ostrovičke,26,33,59,8,2,10,1,0,1,0,0,0,4,6,10,0,0,0,0,0,0,39,41,80,2021-03-31T22:00:00Z
13,282,Nin,470,382,852,41,11,52,9,4,13,5,2,7,40,31,71,0,0,0,0,0,0,565,430,995,2021-03-31T22:00:00Z
13,296,Obrovac,331,222,553,29,11,40,28,8,36,2,4,6,18,35,53,0,0,0,3,5,8,411,285,696,2021-03-31T22:00:00Z
13,316,Pag,471,401,872,71,26,97,28,9,37,6,6,12,63,54,117,0,0,0,6,2,8,645,498,1143,2021-03-31T22:00:00Z
13,317,Pakoštane,354,318,672,54,19,73,8,9,17,9,2,11,83,63,146,0,0,0,4,0,4,512,411,923,2021-03-31T22:00:00Z
13,320,Pašman,99,113,212,46,11,57,5,2,7,11,0,11,35,24,59,0,0,0,1,1,2,197,151,348,2021-03-31T22:00:00Z
13,344,Polača,103,55,158,17,5,22,3,2,5,4,0,4,6,16,22,0,0,0,1,2,3,134,80,214,2021-03-31T22:00:00Z
13,345,Poličnik,376,323,699,45,5,50,8,7,15,6,1,7,40,17,57,0,0,0,2,1,3,477,354,831,2021-03-31T22:00:00Z
13,349,Posedarje,134,165,299,31,11,42,5,7,12,13,1,14,35,31,66,0,0,0,1,3,4,219,218,437,2021-03-31T22:00:00Z
13,354,Preko,253,415,668,38,11,49,5,5,10,30,2,32,47,32,79,0,0,0,0,4,4,373,469,842,2021-03-31T22:00:00Z
13,371,Ražanac,83,99,182,23,8,31,6,6,12,11,0,11,22,12,34,0,0,0,4,0,4,149,125,274,2021-03-31T22:00:00Z
13,379,Sali,171,139,310,36,15,51,4,2,6,7,2,9,19,18,37,0,0,0,0,1,1,237,177,414,2021-03-31T22:00:00Z
13,411,Stankovci,233,158,391,25,5,30,4,3,7,1,1,2,31,18,49,0,0,0,0,2,2,294,187,481,2021-03-31T22:00:00Z
13,416,Starigrad,126,151,277,43,24,67,7,2,9,3,0,3,26,36,62,0,0,0,1,2,3,206,215,421,2021-03-31T22:00:00Z
13,425,Sukošan,355,265,620,52,19,71,12,3,15,3,2,5,50,52,102,0,0,0,1,3,4,473,344,817,2021-03-31T22:00:00Z
13,428,Sveti Filip I Jakov,214,329,543,40,17,57,8,3,11,7,3,10,33,34,67,0,0,0,0,0,0,302,386,688,2021-03-31T22:00:00Z
13,445,Škabrnje,64,65,129,24,3,27,3,1,4,2,1,3,14,4,18,0,0,0,1,1,2,108,75,183,2021-03-31T22:00:00Z
13,489,Vir,287,265,552,48,9,57,3,2,5,1,1,2,36,34,70,0,0,0,2,2,4,377,313,690,2021-03-31T22:00:00Z
13,520,Zadar,14504,15610,30114,1036,575,1611,46,30,76,753,216,969,1317,1419,2736,4,0,4,124,63,187,17784,17913,35697,2021-03-31T22:00:00Z
13,525,Zemunik Donji,105,148,253,18,5,23,2,2,4,0,0,0,23,7,30,0,0,0,0,1,1,148,163,311,2021-03-31T22:00:00Z
13,537,Novigrad,64,105,169,24,2,26,4,4,8,7,1,8,27,10,37,0,0,0,1,2,3,127,124,251,2021-03-31T22:00:00Z
13,571,Galovac,31,60,91,11,1,12,5,4,9,4,2,6,7,12,19,0,0,0,0,2,2,58,81,139,2021-03-31T22:00:00Z
13,572,Kukljica,47,39,86,15,1,16,1,1,2,2,1,3,25,4,29,0,0,0,1,0,1,91,46,137,2021-03-31T22:00:00Z
13,573,Povljana,50,30,80,13,2,15,4,1,5,3,1,4,6,10,16,0,0,0,0,1,1,76,45,121,2021-03-31T22:00:00Z
13,574,Privlaka,120,114,234,18,10,28,0,2,2,10,0,10,19,10,29,0,0,0,5,1,6,172,137,309,2021-03-31T22:00:00Z
13,575,Tkon,83,57,140,22,5,27,3,2,5,1,0,1,50,19,69,0,0,0,2,2,4,161,85,246,2021-03-31T22:00:00Z
13,622,Kolan,114,85,199,22,4,26,4,1,5,1,0,1,22,18,40,0,0,0,0,0,0,163,108,271,2021-03-31T22:00:00Z
13,625,Vrsi,91,56,147,13,6,19,5,4,9,23,0,23,19,25,44,0,0,0,3,2,5,154,93,247,2021-03-31T22:00:00Z
14,103,Đakovo,2794,2930,5724,465,198,663,192,89,281,30,42,72,669,546,1215,0,0,0,12,11,23,4162,3816,7978,2021-03-31T22:00:00Z
14,106,Đurđenovac,544,483,1027,42,11,53,23,15,38,0,5,5,70,50,120,0,0,0,3,1,4,682,565,1247,2021-03-31T22:00:00Z
14,110,Erdut,299,244,543,37,13,50,57,16,73,2,6,8,53,37,90,0,0,0,3,1,4,451,317,768,2021-03-31T22:00:00Z
14,111,Ernestinovo,65,154,219,8,1,9,28,9,37,2,1,3,12,16,28,0,0,0,1,0,1,116,181,297,2021-03-31T22:00:00Z
14,116,Feričanci,127,134,261,24,4,28,3,0,3,0,2,2,41,16,57,0,0,0,0,0,0,195,156,351,2021-03-31T22:00:00Z
14,124,Gorjani,121,187,308,16,4,20,15,7,22,0,1,1,11,5,16,0,0,0,0,0,0,163,204,367,2021-03-31T22:00:00Z
14,13,Beli Manastir,1090,1137,2227,72,36,108,46,31,77,9,10,19,114,95,209,0,0,0,2,1,3,1333,1310,2643,2021-03-31T22:00:00Z
14,16,Belišće,1549,664,2213,64,32,96,28,7,35,2,9,11,92,93,185,0,0,0,3,5,8,1738,810,2548,2021-03-31T22:00:00Z
14,195,Kneževi Vinogradi,215,265,480,31,7,38,39,6,45,1,2,3,67,68,135,0,0,0,1,0,1,354,348,702,2021-03-31T22:00:00Z
14,2,Antunovac,207,201,408,30,11,41,15,8,23,0,0,0,16,12,28,0,0,0,0,0,0,268,232,500,2021-03-31T22:00:00Z
14,205,Koška,179,169,348,26,4,30,30,10,40,3,5,8,31,27,58,0,0,0,2,1,3,271,216,487,2021-03-31T22:00:00Z
14,21,Bilje,298,293,591,45,19,64,19,12,31,3,5,8,55,39,94,0,0,0,1,1,2,421,369,790,2021-03-31T22:00:00Z
14,23,Bizovac,229,212,441,27,11,38,25,11,36,1,5,6,33,34,67,0,0,0,0,1,1,315,274,589,2021-03-31T22:00:00Z
14,230,Levanjska Varoš,46,47,93,3,2,5,11,9,20,0,0,0,4,3,7,0,0,0,0,1,1,64,62,126,2021-03-31T22:00:00Z
14,257,Marijanci,94,63,157,7,4,11,14,1,15,0,1,1,19,18,37,0,0,0,1,1,2,135,88,223,2021-03-31T22:00:00Z
14,271,Moslavina Podravska,24,38,62,3,2,5,17,6,23,0,0,0,13,8,21,0,0,0,0,0,0,57,54,111,2021-03-31T22:00:00Z
14,278,Našice,2237,1799,4036,157,84,241,55,19,74,23,32,55,264,217,481,0,0,0,6,3,9,2742,2154,4896,2021-03-31T22:00:00Z
14,312,Osijek,23698,21979,45677,852,619,1471,96,46,142,185,197,382,781,1106,1887,1,0,1,39,53,92,25652,24000,49652,2021-03-31T22:00:00Z
14,325,Petlovac,47,31,78,5,4,9,15,0,15,0,0,0,14,8,22,0,0,0,0,0,0,81,43,124,2021-03-31T22:00:00Z
14,327,Petrijevci,305,245,550,20,3,23,6,4,10,0,1,1,14,9,23,0,0,0,1,2,3,346,264,610,2021-03-31T22:00:00Z
14,340,Podgorač,103,130,233,27,7,34,30,5,35,1,3,4,21,30,51,0,0,0,0,0,0,182,175,357,2021-03-31T22:00:00Z
14,346,Popovac,49,51,100,2,2,4,5,6,11,0,0,0,5,6,11,0,0,0,0,0,0,61,65,126,2021-03-31T22:00:00Z
14,361,Punitovci,45,74,119,20,3,23,18,4,22,0,1,1,27,7,34,0,0,0,0,0,0,110,89,199,2021-03-31T22:00:00Z
14,381,Satnica Đakovačka,118,100,218,22,5,27,10,2,12,0,0,0,43,28,71,0,0,0,0,0,0,193,135,328,2021-03-31T22:00:00Z
14,386,Semeljci,255,236,491,47,17,64,55,27,82,2,1,3,82,35,117,0,0,0,1,0,1,442,316,758,2021-03-31T22:00:00Z
14,421,Strizivojna,323,291,614,19,8,27,20,3,23,0,0,0,10,14,24,0,0,0,1,1,2,373,317,690,2021-03-31T22:00:00Z
14,461,Trnava,56,93,149,7,3,10,13,6,19,0,1,1,11,2,13,0,0,0,0,0,0,87,105,192,2021-03-31T22:00:00Z
14,471,Valpovo,864,1111,1975,72,54,126,49,20,69,15,24,39,78,99,177,0,0,0,4,8,12,1082,1316,2398,2021-03-31T22:00:00Z
14,485,Viljevo,48,80,128,10,1,11,25,5,30,0,1,1,16,9,25,0,0,0,0,1,1,99,97,196,2021-03-31T22:00:00Z
14,494,Viškovci,221,188,409,25,5,30,17,5,22,0,0,0,25,6,31,0,0,0,1,0,1,289,204,493,2021-03-31T22:00:00Z
14,517,Vuka,43,81,124,14,2,16,16,4,20,0,0,0,20,10,30,0,0,0,0,0,0,93,97,190,2021-03-31T22:00:00Z
14,576,Donja Motičina,28,65,93,9,3,12,2,1,3,0,1,1,15,7,22,0,0,0,0,0,0,54,77,131,2021-03-31T22:00:00Z
14,578,Magadenovac,95,124,219,5,1,6,27,10,37,1,1,2,17,20,37,0,0,0,0,0,0,145,156,301,2021-03-31T22:00:00Z
14,579,Vladislavci,131,120,251,3,1,4,7,4,11,0,1,1,6,4,10,0,0,0,0,1,1,147,131,278,2021-03-31T22:00:00Z
14,609,Jagodnjak,159,76,235,8,3,11,25,5,30,0,0,0,9,3,12,0,0,0,0,0,0,201,87,288,2021-03-31T22:00:00Z
14,614,Šodolovci,24,30,54,0,0,0,0,0,0,0,0,0,8,6,14,0,0,0,0,0,0,32,36,68,2021-03-31T22:00:00Z
14,64,Čeminac,89,149,238,12,0,12,4,2,6,0,0,0,17,8,25,0,0,0,0,0,0,122,159,281,2021-03-31T22:00:00Z
14,65,Čepin,649,481,1130,93,31,124,53,25,78,4,6,10,107,93,200,0,0,0,3,4,7,909,640,1549,2021-03-31T22:00:00Z
14,66,Darda,1786,911,2697,54,28,82,35,3,38,2,3,5,58,51,109,0,0,0,1,1,2,1936,997,2933,2021-03-31T22:00:00Z
14,86,Donji Miholjac,1186,956,2142,89,50,139,159,40,199,4,19,23,160,116,276,0,0,0,3,2,5,1601,1183,2784,2021-03-31T22:00:00Z
14,91,Draž,95,115,210,10,2,12,16,6,22,0,0,0,8,12,20,0,0,0,0,1,1,129,136,265,2021-03-31T22:00:00Z
14,94,Drenje,96,146,242,32,7,39,52,20,72,0,0,0,13,21,34,0,0,0,0,0,0,193,194,387,2021-03-31T22:00:00Z
15,113,Ervenik,40,63,103,1,0,1,3,2,5,0,0,0,2,0,2,0,0,0,0,0,0,46,65,111,2021-03-31T22:00:00Z
15,183,Kijevo,35,37,72,2,0,2,1,0,1,0,0,0,0,0,0,0,0,0,0,0,0,38,37,75,2021-03-31T22:00:00Z
15,184,Kistanje,55,79,134,15,3,18,1,0,1,1,0,1,15,5,20,0,0,0,0,0,0,87,87,174,2021-03-31T22:00:00Z
15,196,Knin,1495,1459,2954,125,69,194,56,10,66,32,4,36,127,154,281,0,0,0,3,4,7,1838,1700,3538,2021-03-31T22:00:00Z
15,298,Promina,113,72,185,2,1,3,1,2,3,0,1,1,0,1,1,0,0,0,0,0,0,116,77,193,2021-03-31T22:00:00Z
15,310,Biskupija,76,52,128,3,0,3,2,1,3,1,0,1,0,0,0,0,0,0,0,0,0,82,53,135,2021-03-31T22:00:00Z
15,357,Primošten,273,302,575,75,23,98,7,2,9,6,0,6,56,37,93,0,1,1,0,2,2,417,367,784,2021-03-31T22:00:00Z
15,377,Ružić,38,50,88,4,0,4,5,7,12,0,0,0,1,14,15,0,0,0,0,0,0,48,71,119,2021-03-31T22:00:00Z
15,394,Skradin,124,167,291,42,11,53,19,7,26,1,3,4,28,33,61,0,0,0,0,0,0,214,221,435,2021-03-31T22:00:00Z
15,444,Šibenik,7781,8078,15859,629,336,965,38,13,51,182,99,281,552,666,1218,2,0,2,21,21,42,9205,9213,18418,2021-03-31T22:00:00Z
15,454,Tisno,319,261,580,103,29,132,5,0,5,7,3,10,61,37,98,0,0,0,1,3,4,496,333,829,2021-03-31T22:00:00Z
15,469,Unešić,47,42,89,8,1,9,4,1,5,1,0,1,15,5,20,0,0,0,0,0,0,75,49,124,2021-03-31T22:00:00Z
15,500,Vodice,886,959,1845,260,86,346,11,6,17,12,9,21,213,154,367,0,0,0,6,10,16,1388,1224,2612,2021-03-31T22:00:00Z
15,51,Civljane,46,13,59,1,0,1,0,0,0,0,0,0,1,2,3,0,0,0,0,0,0,48,15,63,2021-03-31T22:00:00Z
15,581,Pirovac,143,143,286,31,13,44,4,2,6,2,2,4,29,34,63,0,0,0,0,1,1,209,195,404,2021-03-31T22:00:00Z
15,582,Rogoznica,237,220,457,51,11,62,2,1,3,10,1,11,37,39,76,0,0,0,0,0,0,337,272,609,2021-03-31T22:00:00Z
15,617,Murter,258,252,510,54,25,79,6,1,7,15,3,18,50,40,90,0,0,0,0,1,1,383,322,705,2021-03-31T22:00:00Z
15,621,Bilice,71,37,108,20,8,28,0,0,0,7,0,7,18,14,32,0,0,0,0,0,0,116,59,175,2021-03-31T22:00:00Z
15,626,Tribunj,92,91,183,21,14,35,0,0,0,1,0,1,58,27,85,0,0,0,0,1,1,172,133,305,2021-03-31T22:00:00Z
15,95,Drniš,871,632,1503,66,55,121,51,20,71,5,7,12,79,84,163,0,0,0,2,1,3,1074,799,1873,2021-03-31T22:00:00Z
16,1,Andrijaševci,65,112,177,24,12,36,14,4,18,2,1,3,45,42,87,0,0,0,0,1,1,150,172,322,2021-03-31T22:00:00Z
16,137,Gradište,108,103,211,17,4,21,33,5,38,0,1,1,10,16,26,0,0,0,0,1,1,168,130,298,2021-03-31T22:00:00Z
16,141,Gunja,213,148,361,31,9,40,40,14,54,2,1,3,27,11,38,0,0,0,0,2,2,313,185,498,2021-03-31T22:00:00Z
16,154,Ilok,469,547,1016,66,24,90,48,17,65,1,3,4,99,93,192,0,0,0,1,3,4,684,687,1371,2021-03-31T22:00:00Z
16,159,Ivankovo,332,437,769,68,29,97,48,12,60,2,5,7,123,71,194,0,0,0,2,3,5,575,557,1132,2021-03-31T22:00:00Z
16,166,Jarmina,31,76,107,13,7,20,24,10,34,0,1,1,26,13,39,0,0,0,0,2,2,94,109,203,2021-03-31T22:00:00Z
16,239,Lovas,67,92,159,4,0,4,14,0,14,1,0,1,5,4,9,0,0,0,0,0,0,91,96,187,2021-03-31T22:00:00Z
16,26,Bogdanovci,25,50,75,3,0,3,8,4,12,0,0,0,18,3,21,0,0,0,0,0,0,54,57,111,2021-03-31T22:00:00Z
16,29,Borovo,78,123,201,42,13,55,30,5,35,2,3,5,58,67,125,0,0,0,1,1,2,211,212,423,2021-03-31T22:00:00Z
16,294,Nuštar,242,308,550,34,18,52,29,6,35,1,2,3,40,32,72,0,0,0,2,1,3,348,367,715,2021-03-31T22:00:00Z
16,295,Nijemci,191,212,403,21,7,28,86,24,110,1,1,2,46,29,75,0,0,0,1,2,3,346,275,621,2021-03-31T22:00:00Z
16,3,Babina Greda,134,134,268,31,12,43,84,32,116,3,0,3,30,33,63,0,0,0,0,1,1,282,212,494,2021-03-31T22:00:00Z
16,32,Bošnjaci,124,116,240,23,6,29,38,7,45,3,0,3,29,31,60,0,0,0,1,0,1,218,160,378,2021-03-31T22:00:00Z
16,414,Stari Jankovci,132,164,296,22,3,25,39,10,49,1,0,1,29,15,44,0,0,0,0,1,1,223,193,416,2021-03-31T22:00:00Z
16,415,Stari Mikanovci,94,141,235,18,9,27,19,12,31,2,1,3,29,36,65,0,0,0,0,0,0,162,199,361,2021-03-31T22:00:00Z
16,44,Cerna,396,229,625,41,19,60,46,18,64,1,1,2,70,58,128,0,0,0,0,0,0,554,325,879,2021-03-31T22:00:00Z
16,456,Tompojevci,24,55,79,15,3,18,38,13,51,0,1,1,15,18,33,0,0,0,0,0,0,92,90,182,2021-03-31T22:00:00Z
16,458,Tordinci,85,100,185,6,2,8,11,0,11,1,0,1,6,9,15,0,0,0,0,1,1,109,112,221,2021-03-31T22:00:00Z
16,459,Tovarnik,150,164,314,18,3,21,43,20,63,1,2,3,12,12,24,0,0,0,0,1,1,224,202,426,2021-03-31T22:00:00Z
16,464,Trpinja,114,216,330,21,7,28,78,10,88,3,0,3,37,24,61,0,0,0,1,0,1,254,257,511,2021-03-31T22:00:00Z
16,487,Vinkovci,8067,6295,14362,283,174,457,38,21,59,57,51,108,467,608,1075,1,0,1,12,10,22,8925,7159,16084,2021-03-31T22:00:00Z
16,505,Vrbanja,249,156,405,28,12,40,70,16,86,2,1,3,27,21,48,0,0,0,1,0,1,377,206,583,2021-03-31T22:00:00Z
16,518,Vukovar,4312,4692,9004,284,144,428,83,37,120,24,34,58,393,379,772,0,0,0,8,6,14,5104,5292,10396,2021-03-31T22:00:00Z
16,534,Županja,1992,1551,3543,132,54,186,39,10,49,22,24,46,178,190,368,1,0,1,5,3,8,2369,1832,4201,2021-03-31T22:00:00Z
16,535,Otok (Vinkovci),389,325,714,37,18,55,58,14,72,8,1,9,66,43,109,0,0,0,1,3,4,559,404,963,2021-03-31T22:00:00Z
16,583,Privlaka,100,134,234,16,4,20,22,9,31,0,2,2,16,22,38,0,0,0,0,0,0,154,171,325,2021-03-31T22:00:00Z
16,584,Vođinci,38,172,210,15,2,17,7,5,12,0,1,1,13,14,27,0,0,0,0,0,0,73,194,267,2021-03-31T22:00:00Z
16,610,Markušica,37,59,96,10,3,13,51,13,64,0,1,1,9,12,21,0,0,0,1,0,1,108,88,196,2021-03-31T22:00:00Z
16,612,Negoslavci,21,33,54,5,0,5,12,3,15,1,0,1,17,14,31,0,0,0,0,0,0,56,50,106,2021-03-31T22:00:00Z
16,628,Štitar,103,68,171,6,0,6,13,4,17,0,1,1,11,6,17,0,0,0,0,0,0,133,79,212,2021-03-31T22:00:00Z
16,92,Drenovci,108,212,320,38,6,44,104,37,141,1,0,1,39,36,75,0,0,0,0,0,0,290,291,581,2021-03-31T22:00:00Z
17,100,Dugi Rat,600,638,1238,81,31,112,1,3,4,33,3,36,165,99,264,0,0,0,2,5,7,882,779,1661,2021-03-31T22:00:00Z
17,134,Gradac,140,178,318,37,11,48,5,1,6,2,1,3,22,39,61,0,0,0,1,4,5,207,234,441,2021-03-31T22:00:00Z
17,148,Hrvace,249,160,409,33,14,47,4,7,11,1,3,4,52,45,97,0,0,0,0,3,3,339,232,571,2021-03-31T22:00:00Z
17,153,Hvar,589,567,1156,172,63,235,15,10,25,19,8,27,143,124,267,2,0,2,5,9,14,945,781,1726,2021-03-31T22:00:00Z
17,155,Imotski,1291,1295,2586,154,89,243,13,7,20,30,14,44,126,182,308,0,0,0,10,9,19,1624,1596,3220,2021-03-31T22:00:00Z
17,171,Jelsa,317,291,608,86,20,106,31,12,43,11,0,11,111,47,158,0,0,0,7,7,14,563,377,940,2021-03-31T22:00:00Z
17,181,Kaštela,3329,3636,6965,470,221,691,22,13,35,132,38,170,502,494,996,0,0,0,27,25,52,4482,4427,8909,2021-03-31T22:00:00Z
17,192,Klis,235,169,404,36,7,43,6,4,10,22,2,24,50,30,80,0,0,0,0,1,1,349,213,562,2021-03-31T22:00:00Z
17,197,Komiža,135,128,263,56,15,71,5,0,5,5,2,7,32,27,59,0,0,0,1,3,4,234,175,409,2021-03-31T22:00:00Z
17,243,Lovreć,128,81,209,16,9,25,3,0,3,3,0,3,19,14,33,0,0,0,2,2,4,171,106,277,2021-03-31T22:00:00Z
17,249,Makarska,2399,2340,4739,257,157,414,4,2,6,51,28,79,336,350,686,0,0,0,6,6,12,3053,2883,5936,2021-03-31T22:00:00Z
17,258,Marina,186,246,432,54,24,78,4,5,9,10,0,10,39,51,90,1,0,1,3,2,5,297,328,625,2021-03-31T22:00:00Z
17,267,Milna,84,77,161,23,5,28,5,1,6,1,0,1,18,26,44,0,0,0,3,1,4,134,110,244,2021-03-31T22:00:00Z
17,27,Bol,261,332,593,50,14,64,5,2,7,5,2,7,52,20,72,0,0,0,3,1,4,376,371,747,2021-03-31T22:00:00Z
17,280,Nerežišća,158,60,218,13,2,15,5,2,7,1,0,1,28,16,44,0,0,0,1,0,1,206,80,286,2021-03-31T22:00:00Z
17,300,Omiš,1428,1622,3050,219,80,299,11,5,16,44,15,59,312,290,602,0,0,0,3,3,6,2017,2015,4032,2021-03-31T22:00:00Z
17,314,Otok,202,216,418,42,18,60,11,0,11,3,0,3,72,47,119,0,0,0,0,1,1,330,282,612,2021-03-31T22:00:00Z
17,337,Podbablje,273,178,451,32,3,35,6,0,6,2,1,3,19,33,52,0,0,0,2,4,6,334,219,553,2021-03-31T22:00:00Z
17,339,Podgora,240,194,434,45,12,57,0,1,1,1,0,1,42,14,56,0,0,0,3,1,4,331,222,553,2021-03-31T22:00:00Z
17,341,Podstrana,772,631,1403,62,19,81,16,4,20,39,4,43,60,89,149,1,0,1,3,2,5,953,749,1702,2021-03-31T22:00:00Z
17,350,Postira,258,232,490,35,15,50,9,3,12,1,3,4,13,13,26,0,0,0,1,1,2,317,267,584,2021-03-31T22:00:00Z
17,358,Pučišća,232,124,356,46,6,52,5,5,10,5,0,5,36,13,49,0,0,0,3,0,3,327,148,475,2021-03-31T22:00:00Z
17,382,Seget,475,381,856,35,9,44,7,3,10,6,2,8,128,73,201,0,0,0,1,2,3,652,470,1122,2021-03-31T22:00:00Z
17,383,Selca,125,108,233,41,15,56,9,2,11,3,1,4,72,33,105,0,0,0,1,1,2,251,160,411,2021-03-31T22:00:00Z
17,389,Sinj,1844,2006,3850,260,135,395,53,16,69,49,42,91,297,372,669,0,0,0,8,19,27,2511,2590,5101,2021-03-31T22:00:00Z
17,406,Solin,3630,2971,6601,257,134,391,12,6,18,116,33,149,307,302,609,0,0,0,11,7,18,4333,3453,7786,2021-03-31T22:00:00Z
17,409,Split,34975,37402,72377,1465,1058,2523,64,41,105,2057,439,2496,1545,2223,3768,4,0,4,146,158,304,40256,41321,81577,2021-03-31T22:00:00Z
17,413,Stari Grad,322,310,632,57,19,76,20,13,33,7,3,10,49,37,86,0,0,0,3,9,12,458,391,849,2021-03-31T22:00:00Z
17,423,Sućuraj,22,23,45,21,2,23,3,2,5,0,0,0,12,7,19,0,0,0,0,1,1,58,35,93,2021-03-31T22:00:00Z
17,427,Supetar,578,683,1261,112,62,174,18,5,23,23,8,31,99,124,223,0,0,0,4,3,7,834,885,1719,2021-03-31T22:00:00Z
17,443,Šestanovac,138,149,287,26,4,30,9,1,10,1,2,3,19,21,40,0,0,0,2,0,2,195,177,372,2021-03-31T22:00:00Z
17,447,Šolta,176,126,302,15,10,25,9,3,12,10,1,11,8,15,23,0,0,0,0,1,1,218,156,374,2021-03-31T22:00:00Z
17,460,Trilj,472,515,987,109,29,138,18,7,25,15,3,18,92,132,224,0,0,0,0,7,7,706,693,1399,2021-03-31T22:00:00Z
17,463,Trogir,1905,1784,3689,316,146,462,16,3,19,68,37,105,332,432,764,0,0,0,19,22,41,2656,2424,5080,2021-03-31T22:00:00Z
17,492,Vis,221,257,478,41,13,54,17,3,20,4,2,6,43,32,75,0,0,0,2,2,4,328,309,637,2021-03-31T22:00:00Z
17,50,Cista Provo,119,136,255,25,2,27,9,1,10,2,0,2,5,9,14,0,0,0,1,4,5,161,152,313,2021-03-31T22:00:00Z
17,511,Vrgorac,950,703,1653,49,24,73,25,15,40,5,5,10,52,81,133,0,0,0,2,2,4,1083,830,1913,2021-03-31T22:00:00Z
17,513,Vrlika,91,199,290,17,4,21,13,4,17,2,0,2,25,3,28,0,0,0,2,0,2,150,210,360,2021-03-31T22:00:00Z
17,522,Zagvozd,140,72,212,15,2,17,2,0,2,1,0,1,11,10,21,0,0,0,0,0,0,169,84,253,2021-03-31T22:00:00Z
17,528,Zmijavci,89,119,208,6,2,8,1,1,2,2,0,2,25,9,34,0,0,0,0,1,1,123,132,255,2021-03-31T22:00:00Z
17,585,Dugopolje,1332,723,2055,33,11,44,5,5,10,13,1,14,61,48,109,0,0,0,0,0,0,1444,788,2232,2021-03-31T22:00:00Z
17,586,Lećevica,10,24,34,5,0,5,1,1,2,2,0,2,1,1,2,0,0,0,0,0,0,19,26,45,2021-03-31T22:00:00Z
17,587,Lokvičići,37,19,56,1,0,1,2,0,2,0,0,0,2,2,4,0,0,0,1,0,1,43,21,64,2021-03-31T22:00:00Z
17,588,Okrug,145,181,326,29,9,38,1,0,1,14,5,19,87,33,120,0,0,0,2,4,6,278,232,510,2021-03-31T22:00:00Z
17,589,Prgomet,35,22,57,7,0,7,2,1,3,0,0,0,3,1,4,0,0,0,0,0,0,47,24,71,2021-03-31T22:00:00Z
17,590,Primorski Dolac,14,28,42,4,1,5,1,1,2,1,1,2,2,4,6,0,0,0,0,0,0,22,35,57,2021-03-31T22:00:00Z
17,591,Runovići,77,67,144,8,3,11,0,1,1,0,2,2,28,37,65,0,0,0,0,1,1,113,111,224,2021-03-31T22:00:00Z
17,592,Sutivan,98,72,170,12,5,17,4,2,6,8,1,9,21,13,34,0,0,0,0,1,1,143,94,237,2021-03-31T22:00:00Z
17,593,Tučepi,195,182,377,24,12,36,0,1,1,3,3,6,31,22,53,0,0,0,0,0,0,253,220,473,2021-03-31T22:00:00Z
17,595,Zadvarje,25,24,49,8,1,9,0,1,1,1,0,1,13,5,18,0,0,0,0,0,0,47,31,78,2021-03-31T22:00:00Z
17,72,Dicmo,462,181,643,31,17,48,2,2,4,2,1,3,32,42,74,0,0,0,1,2,3,530,245,775,2021-03-31T22:00:00Z
17,77,Brela,190,160,350,25,9,34,0,1,1,1,1,2,18,11,29,0,0,0,1,1,2,235,183,418,2021-03-31T22:00:00Z
17,87,Muć,178,190,368,19,3,22,1,5,6,1,4,5,8,15,23,0,0,0,0,1,1,207,218,425,2021-03-31T22:00:00Z
17,88,Proložac,198,164,362,14,4,18,2,4,6,0,0,0,33,18,51,0,0,0,3,1,4,250,191,441,2021-03-31T22:00:00Z
17,9,Baška Voda,222,255,477,58,26,84,2,0,2,5,2,7,52,46,98,0,0,0,2,2,4,341,331,672,2021-03-31T22:00:00Z
18,132,Gračišće,50,29,79,28,4,32,11,3,14,0,0,0,33,10,43,0,0,0,0,0,0,122,46,168,2021-03-31T22:00:00Z
18,138,Grožnjan,24,22,46,15,2,17,13,5,18,0,0,0,10,15,25,0,0,0,0,1,1,62,45,107,2021-03-31T22:00:00Z
18,175,Kanfanar,477,183,660,25,8,33,4,0,4,1,0,1,22,19,41,0,0,0,2,1,3,531,211,742,2021-03-31T22:00:00Z
18,217,Kršan,338,302,640,49,14,63,8,4,12,2,0,2,102,52,154,0,0,0,3,3,6,502,375,877,2021-03-31T22:00:00Z
18,222,Labin,2508,2287,4795,246,118,364,17,10,27,30,38,68,268,218,486,0,0,0,9,8,17,3078,2679,5757,2021-03-31T22:00:00Z
18,223,Lanišće,12,15,27,4,0,4,2,0,2,0,0,0,6,1,7,0,0,0,1,1,2,25,17,42,2021-03-31T22:00:00Z
18,235,Ližnjan,139,134,273,9,3,12,2,0,2,4,0,4,22,35,57,0,0,0,1,0,1,177,172,349,2021-03-31T22:00:00Z
18,246,Lupoglav,178,93,271,11,5,16,6,2,8,0,1,1,14,13,27,0,0,0,0,0,0,209,114,323,2021-03-31T22:00:00Z
18,254,Marčana,169,163,332,39,13,52,3,2,5,5,1,6,31,23,54,0,0,0,2,1,3,249,203,452,2021-03-31T22:00:00Z
18,263,Medulin,577,577,1154,79,40,119,7,2,9,9,5,14,91,117,208,0,0,0,0,1,1,763,742,1505,2021-03-31T22:00:00Z
18,274,Motovun,96,105,201,33,13,46,22,5,27,0,1,1,35,30,65,0,0,0,1,2,3,187,156,343,2021-03-31T22:00:00Z
18,291,Novigrad,781,943,1724,123,48,171,20,4,24,3,8,11,131,103,234,0,0,0,6,6,12,1064,1112,2176,2021-03-31T22:00:00Z
18,304,Oprtalj,64,76,140,11,4,15,13,2,15,0,0,0,11,8,19,0,0,0,4,2,6,103,92,195,2021-03-31T22:00:00Z
18,321,Pazin,1991,1923,3914,288,113,401,51,25,76,15,23,38,308,203,511,0,0,0,6,14,20,2659,2301,4960,2021-03-31T22:00:00Z
18,330,Pićan,342,173,515,27,5,32,2,5,7,1,1,2,53,21,74,0,0,0,1,1,2,426,206,632,2021-03-31T22:00:00Z
18,348,Poreč,4618,4450,9068,607,293,900,43,20,63,60,51,111,489,448,937,0,0,0,16,11,27,5833,5273,11106,2021-03-31T22:00:00Z
18,359,Pula,12734,12532,25266,1173,605,1778,63,41,104,285,169,454,842,1105,1947,0,0,0,71,51,122,15168,14503,29671,2021-03-31T22:00:00Z
18,368,Raša,266,156,422,27,8,35,1,0,1,3,1,4,39,20,59,0,0,0,1,1,2,337,186,523,2021-03-31T22:00:00Z
18,374,Rovinj,2954,3159,6113,384,205,589,26,10,36,27,37,64,418,378,796,0,0,0,14,20,34,3823,3809,7632,2021-03-31T22:00:00Z
18,40,Brtonigla,143,94,237,37,14,51,24,8,32,1,1,2,37,39,76,0,0,0,2,1,3,244,157,401,2021-03-31T22:00:00Z
18,42,Buje,776,730,1506,93,45,138,27,11,38,7,10,17,61,62,123,0,0,0,3,6,9,967,864,1831,2021-03-31T22:00:00Z
18,43,Buzet,1570,1040,2610,166,67,233,21,15,36,5,5,10,104,98,202,0,0,0,10,8,18,1876,1233,3109,2021-03-31T22:00:00Z
18,431,Sveti Lovreč,47,58,105,20,10,30,3,0,3,0,1,1,31,14,45,0,0,0,0,0,0,101,83,184,2021-03-31T22:00:00Z
18,432,Sveta Nedelja,135,133,268,26,7,33,7,3,10,3,0,3,40,16,56,0,0,0,6,3,9,217,162,379,2021-03-31T22:00:00Z
18,433,Sveti Petar U Šumi,148,101,249,22,5,27,2,4,6,0,0,0,14,3,17,0,0,0,1,1,2,187,114,301,2021-03-31T22:00:00Z
18,435,Svetvinčenat,117,100,217,20,5,25,1,0,1,0,1,1,26,20,46,0,0,0,0,0,0,164,126,290,2021-03-31T22:00:00Z
18,453,Tinjan,197,105,302,39,9,48,4,0,4,1,3,4,52,25,77,0,0,0,1,0,1,294,142,436,2021-03-31T22:00:00Z
18,468,Umag,2556,2235,4791,375,165,540,29,15,44,30,33,63,276,303,579,0,0,0,16,19,35,3282,2770,6052,2021-03-31T22:00:00Z
18,47,Cerovlje,94,45,139,36,2,38,4,4,8,0,0,0,33,14,47,0,0,0,0,2,2,167,67,234,2021-03-31T22:00:00Z
18,497,Višnjan,265,249,514,43,13,56,9,3,12,1,1,2,90,34,124,0,0,0,2,0,2,410,300,710,2021-03-31T22:00:00Z
18,498,Vižinada,62,45,107,23,5,28,16,5,21,1,0,1,26,20,46,0,0,0,0,1,1,128,76,204,2021-03-31T22:00:00Z
18,5,Bale,122,104,226,23,15,38,3,2,5,0,0,0,39,15,54,0,0,0,1,1,2,188,137,325,2021-03-31T22:00:00Z
18,502,Vodnjan,711,565,1276,48,21,69,10,3,13,9,4,13,92,50,142,0,0,0,0,0,0,870,643,1513,2021-03-31T22:00:00Z
18,516,Vrsar,356,395,751,79,32,111,3,1,4,7,1,8,90,90,180,1,0,1,4,2,6,540,521,1061,2021-03-31T22:00:00Z
18,531,Žminj,478,393,871,98,42,140,13,4,17,1,5,6,93,68,161,0,0,0,4,0,4,687,512,1199,2021-03-31T22:00:00Z
18,596,Karojba,103,86,189,32,6,38,2,1,3,0,0,0,46,10,56,0,0,0,0,0,0,183,103,286,2021-03-31T22:00:00Z
18,597,Kaštelir - Labinci,176,74,250,29,12,41,6,3,9,1,0,1,45,16,61,0,0,0,1,3,4,258,108,366,2021-03-31T22:00:00Z
18,6,Barban,235,111,346,38,5,43,9,5,14,1,1,2,23,24,47,0,0,0,5,2,7,311,148,459,2021-03-31T22:00:00Z
18,619,Fažana,262,206,468,23,12,35,0,1,1,3,2,5,40,59,99,0,0,0,0,2,2,328,282,610,2021-03-31T22:00:00Z
18,629,Funtana,118,110,228,16,9,25,2,0,2,0,0,0,25,30,55,0,0,0,2,1,3,163,150,313,2021-03-31T22:00:00Z
18,631,Tar-Vabriga,158,232,390,36,15,51,2,0,2,0,0,0,39,32,71,0,0,0,1,1,2,236,280,516,2021-03-31T22:00:00Z
19,198,Konavle,1086,816,1902,198,72,270,20,9,29,39,8,47,82,116,198,0,0,0,6,3,9,1431,1024,2455,2021-03-31T22:00:00Z
19,204,Korčula,655,850,1505,125,51,176,16,6,22,77,10,87,101,101,202,0,0,0,10,8,18,984,1026,2010,2021-03-31T22:00:00Z
19,219,Kula Norinska,49,73,122,13,1,14,2,0,2,1,0,1,6,6,12,0,0,0,1,0,1,72,80,152,2021-03-31T22:00:00Z
19,226,Lastovo,63,88,151,26,7,33,2,1,3,6,1,7,7,6,13,0,0,0,4,4,8,108,107,215,2021-03-31T22:00:00Z
19,25,Blato,587,407,994,62,19,81,18,5,23,10,8,18,154,50,204,0,0,0,5,4,9,836,493,1329,2021-03-31T22:00:00Z
19,264,Metković,2005,1666,3671,181,100,281,33,22,55,46,20,66,286,285,571,0,0,0,10,8,18,2561,2101,4662,2021-03-31T22:00:00Z
19,268,Mljet,168,86,254,18,7,25,3,0,3,2,2,4,10,10,20,0,0,0,4,2,6,205,107,312,2021-03-31T22:00:00Z
19,306,Opuzen,421,349,770,31,16,47,46,21,67,5,1,6,21,25,46,0,0,0,0,1,1,524,413,937,2021-03-31T22:00:00Z
19,308,Orebić,392,377,769,69,41,110,32,8,40,41,6,47,79,73,152,0,0,0,2,14,16,615,519,1134,2021-03-31T22:00:00Z
19,335,Ploče,1365,895,2260,76,43,119,19,4,23,30,6,36,82,121,203,0,0,0,5,4,9,1577,1073,2650,2021-03-31T22:00:00Z
19,343,Pojezerje,29,51,80,4,2,6,7,0,7,0,0,0,1,2,3,0,0,0,0,0,0,41,55,96,2021-03-31T22:00:00Z
19,399,Slivno,476,52,528,10,7,17,17,6,23,0,0,0,5,12,17,1,0,1,1,0,1,510,77,587,2021-03-31T22:00:00Z
19,402,Smokvica,26,73,99,13,4,17,12,5,17,4,0,4,33,6,39,0,0,0,3,2,5,91,90,181,2021-03-31T22:00:00Z
19,419,Ston,555,236,791,51,13,64,24,4,28,9,1,10,40,22,62,0,0,0,1,3,4,680,279,959,2021-03-31T22:00:00Z
19,474,Vela Luka,292,508,800,55,20,75,9,1,10,34,3,37,80,45,125,0,0,0,7,7,14,477,584,1061,2021-03-31T22:00:00Z
19,523,Zažablje,15,21,36,3,0,3,5,2,7,1,0,1,10,2,12,0,0,0,0,0,0,34,25,59,2021-03-31T22:00:00Z
19,598,Dubrovačko Primorje,149,97,246,22,5,27,5,6,11,5,2,7,35,18,53,0,0,0,0,2,2,216,130,346,2021-03-31T22:00:00Z
19,599,Janjina,222,68,290,11,6,17,9,4,13,2,1,3,7,10,17,0,0,0,2,0,2,253,89,342,2021-03-31T22:00:00Z
19,600,Lumbarda,47,56,103,39,13,52,10,1,11,5,0,5,21,16,37,0,0,0,6,4,10,128,90,218,2021-03-31T22:00:00Z
19,601,Trpanj,45,52,97,12,3,15,1,2,3,5,1,6,21,7,28,0,0,0,2,1,3,86,66,152,2021-03-31T22:00:00Z
19,602,Župa Dubrovačka,650,606,1256,118,59,177,5,5,10,57,2,59,72,72,144,1,0,1,6,2,8,909,746,1655,2021-03-31T22:00:00Z
19,98,Dubrovnik,9802,10368,20170,751,389,1140,29,14,43,559,72,631,549,650,1199,0,0,0,39,61,100,11729,11554,23283,2021-03-31T22:00:00Z
20,123,Goričan,316,149,465,6,4,10,9,2,11,0,2,2,11,13,24,0,0,0,0,0,0,342,170,512,2021-03-31T22:00:00Z
20,15,Belica,195,198,393,25,17,42,63,45,108,1,1,2,26,33,59,0,0,0,0,1,1,310,295,605,2021-03-31T22:00:00Z
20,206,Kotoriba,492,249,741,10,4,14,6,0,6,0,5,5,16,17,33,0,0,0,0,0,0,524,275,799,2021-03-31T22:00:00Z
20,250,Mala Subotica,477,961,1438,28,20,48,34,18,52,3,4,7,41,32,73,0,0,0,0,4,4,583,1039,1622,2021-03-31T22:00:00Z
20,276,Mursko Središće,741,746,1487,42,25,67,16,7,23,3,7,10,55,54,109,0,0,0,1,1,2,858,840,1698,2021-03-31T22:00:00Z
20,279,Nedelišće,1335,759,2094,96,38,134,41,18,59,1,6,7,129,65,194,0,0,0,0,5,5,1602,891,2493,2021-03-31T22:00:00Z
20,342,Podturen,189,103,292,20,6,26,18,16,34,1,2,3,52,31,83,0,0,0,0,2,2,280,160,440,2021-03-31T22:00:00Z
20,355,Prelog,2342,1649,3991,72,15,87,46,32,78,8,10,18,66,55,121,0,0,0,6,7,13,2540,1768,4308,2021-03-31T22:00:00Z
20,385,Selnica,144,126,270,7,7,14,8,6,14,1,2,3,15,17,32,0,0,0,0,0,0,175,158,333,2021-03-31T22:00:00Z
20,440,Sveti Juraj Na Bregu,266,158,424,28,12,40,13,7,20,2,2,4,47,65,112,0,0,0,0,1,1,356,245,601,2021-03-31T22:00:00Z
20,441,Sveti Martin Na Muri,545,321,866,9,8,17,13,4,17,0,3,3,28,37,65,0,0,0,1,1,2,596,374,970,2021-03-31T22:00:00Z
20,452,Štrigova,277,191,468,26,10,36,43,24,67,2,2,4,70,63,133,0,0,0,0,0,0,418,290,708,2021-03-31T22:00:00Z
20,504,Vratišinec,152,90,242,6,4,10,11,3,14,1,1,2,9,6,15,0,0,0,1,1,2,180,105,285,2021-03-31T22:00:00Z
20,60,Čakovec,9837,9385,19222,256,121,377,61,26,87,37,62,99,287,372,659,0,0,0,6,14,20,10484,9980,20464,2021-03-31T22:00:00Z
20,603,Dekanovec,72,72,144,5,2,7,8,6,14,0,0,0,6,3,9,0,0,0,0,1,1,91,84,175,2021-03-31T22:00:00Z
20,604,Gornji Mihaljevec,132,47,179,11,2,13,23,7,30,2,2,4,21,12,33,0,0,0,1,0,1,190,70,260,2021-03-31T22:00:00Z
20,605,Orehovica,93,123,216,15,2,17,29,12,41,1,3,4,46,19,65,0,0,0,1,2,3,185,161,346,2021-03-31T22:00:00Z
20,606,Strahoninec,231,137,368,12,4,16,3,1,4,0,1,1,34,13,47,0,0,0,0,2,2,280,158,438,2021-03-31T22:00:00Z
20,607,Sveta Marija,76,75,151,13,5,18,6,0,6,1,0,1,26,9,35,0,0,0,0,1,1,122,90,212,2021-03-31T22:00:00Z
20,608,Šenkovec,532,231,763,17,12,29,2,1,3,0,1,1,26,26,52,0,0,0,2,2,4,579,273,852,2021-03-31T22:00:00Z
20,620,Pribislavec,330,198,528,10,5,15,3,1,4,2,2,4,13,10,23,0,0,0,0,0,0,358,216,574,2021-03-31T22:00:00Z
20,75,Domašinec,306,114,420,7,10,17,18,15,33,0,1,1,17,10,27,0,0,0,2,2,4,350,152,502,2021-03-31T22:00:00Z
20,78,Donja Dubrava,182,217,399,13,6,19,6,3,9,0,1,1,12,11,23,0,0,0,0,0,0,213,238,451,2021-03-31T22:00:00Z
20,82,Donji Kraljevec,1327,589,1916,38,10,48,52,18,70,3,6,9,80,128,208,0,0,0,4,7,11,1504,758,2262,2021-03-31T22:00:00Z
20,89,Donji Vidovec,49,71,120,2,1,3,2,0,2,1,2,3,3,14,17,0,0,0,0,0,0,57,88,145,2021-03-31T22:00:00Z
21,133,Zagreb,225624,205557,431181,7825,5262,13087,304,194,498,2244,2111,4355,5621,7031,12652,21,3,24,386,568,954,242025,220726,462751,2021-03-31T22:00:00Z
01,101,Dugo Selo,2901,1966,4867,223,91,314,25,23,48,24,24,48,292,252,544,0,0,0,7,15,22,3472,2371,5843,2021-04-30T22:00:00Z
01,114,Farkaševac,172,236,408,7,4,11,28,11,39,0,2,2,35,15,50,0,0,0,0,0,0,242,268,510,2021-04-30T22:00:00Z
01,135,Gradec,152,128,280,13,2,15,13,7,20,0,1,1,45,19,64,0,0,0,0,0,0,223,157,380,2021-04-30T22:00:00Z
01,158,Ivanić-Grad,2926,1669,4595,96,76,172,53,32,85,8,20,28,148,201,349,0,0,0,13,10,23,3244,2008,5252,2021-04-30T22:00:00Z
01,163,Jakovlje,243,214,457,41,8,49,8,12,20,3,0,3,37,33,70,0,0,0,0,0,0,332,267,599,2021-04-30T22:00:00Z
01,169,Jastrebarsko,2217,1612,3829,214,113,327,59,34,93,16,19,35,251,242,493,0,0,0,8,11,19,2765,2031,4796,2021-04-30T22:00:00Z
01,190,Klinča Selo,203,166,369,36,7,43,5,3,8,0,0,0,78,48,126,0,0,0,0,1,1,322,225,547,2021-04-30T22:00:00Z
01,193,Kloštar Ivanić,387,293,680,25,7,32,19,6,25,1,11,12,61,44,105,1,0,1,2,0,2,496,361,857,2021-04-30T22:00:00Z
01,213,Križ,584,404,988,25,21,46,21,14,35,4,6,10,24,60,84,0,0,0,2,1,3,660,506,1166,2021-04-30T22:00:00Z
01,33,Brckovljani,327,321,648,8,4,12,0,0,0,1,2,3,25,14,39,0,0,0,0,0,0,361,341,702,2021-04-30T22:00:00Z
01,331,Pisarovina,382,319,701,27,19,46,26,19,45,1,2,3,23,26,49,0,0,0,2,3,5,461,388,849,2021-04-30T22:00:00Z
01,34,Brdovec,853,708,1561,101,31,132,15,7,22,3,7,10,82,58,140,1,0,1,3,3,6,1058,814,1872,2021-04-30T22:00:00Z
01,356,Preseka,18,9,27,5,2,7,13,12,25,0,1,1,16,8,24,0,0,0,1,0,1,53,32,85,2021-04-30T22:00:00Z
01,362,Pušča,163,196,359,28,14,42,7,2,9,1,3,4,56,24,80,0,0,0,0,0,0,255,239,494,2021-04-30T22:00:00Z
01,376,Rugvica,1126,452,1578,8,5,13,4,2,6,1,2,3,28,25,53,0,0,0,0,0,0,1167,486,1653,2021-04-30T22:00:00Z
01,380,Samobor,5374,3748,9122,498,299,797,26,23,49,43,70,113,543,499,1042,0,0,0,32,27,59,6516,4666,11182,2021-04-30T22:00:00Z
01,429,Sveti Ivan Zelina,2182,1846,4028,170,72,242,75,56,131,16,20,36,272,225,497,0,0,0,10,2,12,2725,2221,4946,2021-04-30T22:00:00Z
01,436,Sveta Nedjelja,5356,3152,8508,226,83,309,7,4,11,9,12,21,371,190,561,0,0,0,8,12,20,5977,3453,9430,2021-04-30T22:00:00Z
01,508,Vrbovec,2141,1990,4131,152,69,221,72,36,108,7,20,27,295,164,459,0,0,0,8,13,21,2675,2292,4967,2021-04-30T22:00:00Z
01,533,Krašić,252,183,435,27,8,35,16,10,26,4,3,7,27,33,60,0,0,0,1,1,2,327,238,565,2021-04-30T22:00:00Z
01,536,Rakovec,26,16,42,10,2,12,12,7,19,0,1,1,23,11,34,0,0,0,0,0,0,71,37,108,2021-04-30T22:00:00Z
01,539,Marija Gorica,80,102,182,14,3,17,0,0,0,1,1,2,19,22,41,0,0,0,0,0,0,114,128,242,2021-04-30T22:00:00Z
01,540,Žumberak,17,19,36,4,2,6,6,4,10,0,0,0,7,8,15,0,0,0,0,0,0,34,33,67,2021-04-30T22:00:00Z
01,541,Velika Gorica,7688,6028,13716,608,344,952,69,32,101,58,68,126,626,556,1182,0,0,0,27,24,51,9076,7052,16128,2021-04-30T22:00:00Z
01,542,Orle,48,36,84,15,0,15,8,5,13,0,0,0,11,3,14,0,0,0,0,0,0,82,44,126,2021-04-30T22:00:00Z
01,543,Zaprešić,3360,2929,6289,212,143,355,14,10,24,36,42,78,259,231,490,0,0,0,16,17,33,3897,3372,7269,2021-04-30T22:00:00Z
01,544,Pokupsko,43,73,116,10,6,16,14,6,20,1,0,1,7,9,16,0,0,0,0,0,0,75,94,169,2021-04-30T22:00:00Z
01,545,Kravarsko,111,90,201,31,7,38,6,6,12,0,0,0,73,15,88,0,0,0,1,0,1,222,118,340,2021-04-30T22:00:00Z
01,547,Bistra,352,530,882,42,25,67,7,6,13,2,8,10,63,50,113,1,0,1,1,1,2,468,620,1088,2021-04-30T22:00:00Z
01,548,Luka,242,93,335,14,2,16,2,4,6,1,1,2,23,17,40,0,0,0,0,0,0,282,117,399,2021-04-30T22:00:00Z
01,549,Dubravica,73,40,113,15,0,15,14,7,21,0,0,0,13,14,27,0,0,0,0,0,0,115,61,176,2021-04-30T22:00:00Z
01,550,Bedenica,206,149,355,11,4,15,6,5,11,1,1,2,19,12,31,0,0,0,0,0,0,243,171,414,2021-04-30T22:00:00Z
01,551,Stupnik,1314,489,1803,25,17,42,0,3,3,2,2,4,22,26,48,0,0,0,1,1,2,1364,538,1902,2021-04-30T22:00:00Z
01,97,Dubrava,299,330,629,42,20,62,65,40,105,3,12,15,70,65,135,0,0,0,2,7,9,481,474,955,2021-04-30T22:00:00Z
02,108,Đurmanec,105,134,239,57,11,68,3,2,5,3,1,4,112,93,205,0,0,0,1,0,1,281,241,522,2021-04-30T22:00:00Z
02,11,Bedekovčina,510,779,1289,88,41,129,7,7,14,6,9,15,136,114,250,0,0,0,3,2,5,750,952,1702,2021-04-30T22:00:00Z
02,125,Gornja Stubica,195,289,484,52,14,66,7,3,10,1,1,2,69,45,114,0,0,0,1,2,3,325,354,679,2021-04-30T22:00:00Z
02,146,Hraščina,47,45,92,8,2,10,2,3,5,0,1,1,4,6,10,0,0,0,0,0,0,61,57,118,2021-04-30T22:00:00Z
02,152,Hum Na Sutli,1552,633,2185,53,31,84,4,0,4,1,7,8,244,74,318,0,0,0,1,3,4,1855,748,2603,2021-04-30T22:00:00Z
02,187,Klanjec,301,269,570,62,22,84,8,6,14,5,1,6,66,47,113,0,0,0,0,2,2,442,347,789,2021-04-30T22:00:00Z
02,200,Konjščina,443,376,819,34,16,50,2,0,2,1,2,3,32,34,66,0,0,0,0,0,0,512,428,940,2021-04-30T22:00:00Z
02,208,Kraljevec Na Sutli,64,39,103,14,6,20,4,2,6,0,0,0,17,7,24,0,0,0,0,2,2,99,56,155,2021-04-30T22:00:00Z
02,211,Krapina,2714,2572,5286,178,80,258,7,7,14,19,17,36,217,177,394,0,0,0,1,4,5,3136,2857,5993,2021-04-30T22:00:00Z
02,212,Krapinske Toplice,561,1185,1746,70,36,106,3,5,8,0,5,5,118,74,192,0,0,0,0,1,1,752,1306,2058,2021-04-30T22:00:00Z
02,236,Lobor,157,212,369,21,8,29,4,5,9,0,0,0,36,17,53,0,0,0,1,2,3,219,244,463,2021-04-30T22:00:00Z
02,248,Mače,101,58,159,28,5,33,4,3,7,1,0,1,58,34,92,0,0,0,0,0,0,192,100,292,2021-04-30T22:00:00Z
02,256,Marija Bistrica,319,325,644,65,44,109,15,6,21,1,5,6,84,76,160,0,0,0,3,4,7,487,460,947,2021-04-30T22:00:00Z
02,265,Mihovljan,105,111,216,31,7,38,5,0,5,0,0,0,70,14,84,0,0,0,1,1,2,212,133,345,2021-04-30T22:00:00Z
02,311,Oroslavje,876,813,1689,77,36,113,10,2,12,6,9,15,101,79,180,0,0,0,4,3,7,1074,942,2016,2021-04-30T22:00:00Z
02,329,Petrovsko,63,56,119,15,3,18,1,0,1,5,0,5,63,10,73,0,0,0,1,0,1,148,69,217,2021-04-30T22:00:00Z
02,352,Pregrada,803,934,1737,108,32,140,4,4,8,6,8,14,161,104,265,0,0,0,0,1,1,1082,1083,2165,2021-04-30T22:00:00Z
02,364,Radoboj,133,105,238,17,10,27,1,1,2,1,3,4,54,18,72,0,0,0,0,0,0,206,137,343,2021-04-30T22:00:00Z
02,41,Budinščina,175,172,347,14,5,19,6,2,8,1,2,3,21,11,32,0,0,0,2,2,4,219,194,413,2021-04-30T22:00:00Z
02,422,Stubičke Toplice,249,403,652,33,16,49,0,1,1,3,6,9,62,27,89,0,0,0,1,1,2,348,454,802,2021-04-30T22:00:00Z
02,430,Sveti Križ Začretje,638,772,1410,73,20,93,9,5,14,1,5,6,140,97,237,0,0,0,5,3,8,866,902,1768,2021-04-30T22:00:00Z
02,466,Tuhelj,128,206,334,18,12,30,4,1,5,1,2,3,28,31,59,0,0,0,0,0,0,179,252,431,2021-04-30T22:00:00Z
02,481,Veliko Trgovišće,531,317,848,52,16,68,4,5,9,2,5,7,110,55,165,0,0,0,4,1,5,703,399,1102,2021-04-30T22:00:00Z
02,519,Zabok,2807,2708,5515,141,84,225,5,4,9,14,19,33,200,342,542,0,0,0,1,4,5,3168,3161,6329,2021-04-30T22:00:00Z
02,521,Zagorska Sela,13,55,68,8,1,9,5,1,6,0,1,1,15,4,19,0,0,0,0,0,0,41,62,103,2021-04-30T22:00:00Z
02,526,Zlatar,536,672,1208,96,42,138,23,13,36,9,10,19,94,81,175,0,0,0,4,5,9,762,823,1585,2021-04-30T22:00:00Z
02,527,Zlatar Bistrica,349,568,917,26,10,36,3,3,6,3,0,3,70,39,109,0,0,0,3,4,7,454,624,1078,2021-04-30T22:00:00Z
02,552,Jesenje,53,67,120,10,1,11,0,1,1,0,0,0,46,7,53,0,0,0,0,0,0,109,76,185,2021-04-30T22:00:00Z
02,553,Kumrovec,84,98,182,17,4,21,2,0,2,2,1,3,21,16,37,0,0,0,0,0,0,126,119,245,2021-04-30T22:00:00Z
02,554,Novi Golubovec,135,55,190,3,2,5,1,0,1,0,0,0,3,2,5,0,0,0,0,0,0,142,59,201,2021-04-30T22:00:00Z
02,70,Desinić,137,284,421,31,7,38,9,1,10,2,1,3,41,33,74,0,0,0,0,1,1,220,327,547,2021-04-30T22:00:00Z
02,79,Donja Stubica,818,786,1604,97,46,143,5,3,8,7,3,10,86,59,145,0,0,0,3,4,7,1016,901,1917,2021-04-30T22:00:00Z
03,102,Dvor,293,150,443,14,4,18,63,21,84,0,3,3,12,16,28,0,0,0,2,1,3,384,195,579,2021-04-30T22:00:00Z
03,121,Glina,1174,745,1919,41,21,62,56,26,82,4,13,17,73,69,142,0,0,0,0,0,0,1348,874,2222,2021-04-30T22:00:00Z
03,149,Hrvatska Dubica,76,67,143,8,2,10,12,4,16,0,0,0,5,4,9,0,0,0,0,0,0,101,77,178,2021-04-30T22:00:00Z
03,150,Hrvatska Kostajnica,314,309,623,18,9,27,10,2,12,1,3,4,6,17,23,0,0,0,2,0,2,351,340,691,2021-04-30T22:00:00Z
03,168,Jasenovac,129,154,283,12,3,15,12,6,18,0,0,0,11,9,20,0,0,0,0,0,0,164,172,336,2021-04-30T22:00:00Z
03,220,Kutina,3665,2930,6595,173,104,277,39,23,62,35,22,57,216,247,463,0,0,0,14,9,23,4142,3335,7477,2021-04-30T22:00:00Z
03,228,Lekenik,297,242,539,37,9,46,7,10,17,0,4,4,42,30,72,0,0,0,1,2,3,384,297,681,2021-04-30T22:00:00Z
03,232,Lipovljani,282,268,550,24,11,35,11,3,14,1,0,1,32,38,70,0,0,0,1,1,2,351,321,672,2021-04-30T22:00:00Z
03,259,Martinska Ves,131,61,192,8,2,10,31,16,47,1,0,1,46,15,61,0,0,0,1,0,1,218,94,312,2021-04-30T22:00:00Z
03,293,Novska,1329,1087,2416,171,97,268,35,13,48,9,20,29,265,245,510,0,0,0,2,2,4,1811,1464,3275,2021-04-30T22:00:00Z
03,328,Petrinja,1607,1744,3351,215,83,298,65,20,85,9,27,36,284,276,560,0,0,0,8,8,16,2188,2158,4346,2021-04-30T22:00:00Z
03,347,Popovača,867,975,1842,82,38,120,47,15,62,7,12,19,95,122,217,0,0,0,6,2,8,1104,1164,2268,2021-04-30T22:00:00Z
03,391,Sisak,6902,8168,15070,369,221,590,105,58,163,46,76,122,614,595,1209,0,0,0,25,17,42,8061,9135,17196,2021-04-30T22:00:00Z
03,426,Sunja,211,159,370,24,8,32,43,34,77,1,2,3,17,23,40,0,0,0,2,0,2,298,226,524,2021-04-30T22:00:00Z
03,457,Topusko,246,322,568,18,6,24,4,2,6,2,0,2,35,29,64,0,0,0,1,0,1,306,359,665,2021-04-30T22:00:00Z
03,477,Velika Ludina,128,150,278,10,8,18,14,3,17,0,0,0,23,25,48,0,0,0,0,0,0,175,186,361,2021-04-30T22:00:00Z
03,510,Gvozd,124,116,240,7,4,11,22,3,25,0,0,0,20,12,32,0,0,0,2,0,2,175,135,310,2021-04-30T22:00:00Z
03,555,Majur,112,99,211,1,1,2,5,0,5,0,0,0,3,0,3,0,0,0,0,0,0,121,100,221,2021-04-30T22:00:00Z
03,83,Donji Kukuruzari,44,63,107,5,0,5,5,3,8,0,0,0,2,3,5,0,0,0,1,0,1,57,69,126,2021-04-30T22:00:00Z
04,120,Generalski Stol,33,73,106,20,5,25,1,0,1,0,1,1,25,13,38,0,0,0,0,0,0,79,92,171,2021-04-30T22:00:00Z
04,172,Josipdol,203,157,360,28,17,45,2,9,11,2,1,3,50,57,107,0,0,0,0,1,1,285,242,527,2021-04-30T22:00:00Z
04,179,Karlovac,10504,8816,19320,407,283,690,78,50,128,73,93,166,601,805,1406,0,0,0,17,23,40,11680,10070,21750,2021-04-30T22:00:00Z
04,216,Krnjak,135,78,213,2,2,4,7,3,10,0,0,0,11,4,15,0,0,0,0,0,0,155,87,242,2021-04-30T22:00:00Z
04,225,Lasinja,72,50,122,5,1,6,0,4,4,2,0,2,6,7,13,0,0,0,0,0,0,85,62,147,2021-04-30T22:00:00Z
04,281,Netretić,75,92,167,15,3,18,3,1,4,1,1,2,46,30,76,0,0,0,0,0,0,140,127,267,2021-04-30T22:00:00Z
04,297,Ogulin,1760,1746,3506,141,85,226,34,14,48,8,28,36,148,173,321,0,0,0,6,12,18,2097,2058,4155,2021-04-30T22:00:00Z
04,30,Bosiljevo,107,99,206,5,0,5,0,0,0,1,1,2,33,28,61,0,0,0,0,0,0,146,128,274,2021-04-30T22:00:00Z
04,315,Ozalj,781,629,1410,85,31,116,18,14,32,4,11,15,128,98,226,0,0,0,3,4,7,1019,787,1806,2021-04-30T22:00:00Z
04,333,Plaški,77,75,152,11,4,15,9,2,11,0,0,0,33,23,56,0,0,0,0,0,0,130,104,234,2021-04-30T22:00:00Z
04,365,Rakovica,145,127,272,5,11,16,3,4,7,0,1,1,73,73,146,0,0,0,1,2,3,227,218,445,2021-04-30T22:00:00Z
04,378,Saborsko,13,17,30,1,1,2,1,0,1,0,0,0,7,3,10,0,0,0,0,0,0,22,21,43,2021-04-30T22:00:00Z
04,400,Slunj,346,407,753,47,15,62,29,15,44,3,6,9,124,96,220,0,0,0,4,13,17,553,552,1105,2021-04-30T22:00:00Z
04,49,Cetingrad,71,53,124,6,1,7,3,4,7,0,0,0,10,10,20,0,0,0,0,0,0,90,68,158,2021-04-30T22:00:00Z
04,503,Vojnić,402,255,657,24,12,36,37,9,46,2,0,2,29,35,64,0,0,0,2,3,5,496,314,810,2021-04-30T22:00:00Z
04,530,Žakanje,140,96,236,23,12,35,6,1,7,0,0,0,26,31,57,0,0,0,0,1,1,195,141,336,2021-04-30T22:00:00Z
04,556,Ribnik,6,4,10,10,4,14,1,2,3,0,0,0,7,14,21,0,0,0,0,0,0,24,24,48,2021-04-30T22:00:00Z
04,557,Tounj,64,30,94,4,0,4,0,0,0,0,0,0,4,5,9,0,0,0,0,0,0,72,35,107,2021-04-30T22:00:00Z
04,623,Kamanje,164,104,268,3,3,6,0,0,0,0,0,0,2,14,16,0,0,0,0,0,0,169,121,290,2021-04-30T22:00:00Z
04,7,Barilovići,289,145,434,20,9,29,7,1,8,1,1,2,110,32,142,0,0,0,0,0,0,427,188,615,2021-04-30T22:00:00Z
04,90,Draganić,131,114,245,12,4,16,7,3,10,1,2,3,19,30,49,0,0,0,0,0,0,170,153,323,2021-04-30T22:00:00Z
04,99,Duga Resa,1174,988,2162,135,63,198,14,17,31,5,19,24,193,215,408,0,0,0,3,8,11,1524,1310,2834,2021-04-30T22:00:00Z
05,12,Bednja,204,159,363,23,7,30,2,9,11,2,1,3,26,19,45,0,0,0,0,0,0,257,195,452,2021-04-30T22:00:00Z
05,129,Gornji Kneginec,540,1122,1662,49,26,75,11,4,15,1,7,8,92,61,153,0,0,0,6,7,13,699,1227,1926,2021-04-30T22:00:00Z
05,151,Breznički Hum,185,147,332,14,5,19,8,6,14,0,1,1,19,13,32,0,0,0,3,5,8,229,177,406,2021-04-30T22:00:00Z
05,156,Ivanec,1997,1755,3752,156,64,220,15,12,27,12,17,29,304,263,567,0,0,0,7,15,22,2491,2126,4617,2021-04-30T22:00:00Z
05,165,Jalžabet,751,1085,1836,21,2,23,11,6,17,0,3,3,34,20,54,0,0,0,0,1,1,817,1117,1934,2021-04-30T22:00:00Z
05,189,Klenovnik,88,53,141,8,4,12,1,1,2,1,1,2,23,26,49,0,0,0,2,0,2,123,85,208,2021-04-30T22:00:00Z
05,19,Beretinec,64,35,99,17,2,19,3,3,6,0,1,1,15,22,37,0,0,0,1,1,2,100,64,164,2021-04-30T22:00:00Z
05,229,Lepoglava,1231,566,1797,55,30,85,6,2,8,1,5,6,103,70,173,0,0,0,1,4,5,1397,677,2074,2021-04-30T22:00:00Z
05,244,Ludbreg,1766,1481,3247,105,58,163,46,36,82,10,12,22,250,182,432,0,0,0,4,7,11,2181,1776,3957,2021-04-30T22:00:00Z
05,247,Ljubešćica,324,151,475,30,7,37,1,0,1,1,3,4,103,23,126,0,0,0,0,0,0,459,184,643,2021-04-30T22:00:00Z
05,251,Mali Bukovec,35,86,121,13,6,19,27,15,42,0,1,1,104,34,138,0,0,0,0,1,1,179,143,322,2021-04-30T22:00:00Z
05,260,Maruševec,377,290,667,51,26,77,23,26,49,3,4,7,102,43,145,0,0,0,3,3,6,559,392,951,2021-04-30T22:00:00Z
05,289,Novi Marof,1205,1216,2421,158,65,223,18,11,29,8,16,24,286,174,460,0,0,0,4,3,7,1679,1485,3164,2021-04-30T22:00:00Z
05,326,Petrijanec,401,677,1078,26,7,33,17,9,26,1,3,4,90,80,170,0,0,0,0,1,1,535,777,1312,2021-04-30T22:00:00Z
05,36,Breznica,160,62,222,18,3,21,3,5,8,1,6,7,22,14,36,0,0,0,0,0,0,204,90,294,2021-04-30T22:00:00Z
05,410,Sračinec,241,255,496,41,13,54,2,2,4,1,6,7,86,57,143,0,0,0,0,2,2,371,335,706,2021-04-30T22:00:00Z
05,437,Sveti Đurđ,63,94,157,30,4,34,26,8,34,2,1,3,36,35,71,0,0,0,0,0,0,157,142,299,2021-04-30T22:00:00Z
05,438,Sveti Ilija,160,164,324,14,8,22,2,1,3,1,4,5,47,26,73,0,0,0,1,0,1,225,203,428,2021-04-30T22:00:00Z
05,462,Trnovec Bartolovečki,1238,1544,2782,67,13,80,18,8,26,2,4,6,345,89,434,0,0,0,0,2,2,1670,1660,3330,2021-04-30T22:00:00Z
05,472,Varaždin,16291,15217,31508,480,340,820,44,26,70,80,123,203,549,640,1189,0,0,0,19,16,35,17463,16362,33825,2021-04-30T22:00:00Z
05,473,Varaždinske Toplice,599,433,1032,48,19,67,9,7,16,6,7,13,189,49,238,0,0,0,1,2,3,852,517,1369,2021-04-30T22:00:00Z
05,48,Cestica,399,377,776,43,25,68,15,19,34,1,4,5,98,73,171,0,0,0,0,2,2,556,500,1056,2021-04-30T22:00:00Z
05,484,Vidovec,221,239,460,52,15,67,66,30,96,2,5,7,113,96,209,0,0,0,0,0,0,454,385,839,2021-04-30T22:00:00Z
05,486,Vinica,274,210,484,22,10,32,5,5,10,1,5,6,31,24,55,0,0,0,0,1,1,333,255,588,2021-04-30T22:00:00Z
05,493,Visoko,88,51,139,17,0,17,6,4,10,0,1,1,23,22,45,0,0,0,1,0,1,135,78,213,2021-04-30T22:00:00Z
05,558,Veliki Bukovec,371,283,654,5,2,7,26,15,41,0,2,2,37,28,65,0,0,0,0,0,0,439,330,769,2021-04-30T22:00:00Z
05,80,Donja Voća,84,52,136,9,1,10,7,9,16,0,1,1,29,20,49,0,0,0,0,1,1,129,84,213,2021-04-30T22:00:00Z
05,85,Donji Martijanec,343,178,521,26,8,34,21,6,27,1,1,2,59,36,95,0,0,0,0,0,0,450,229,679,2021-04-30T22:00:00Z
06,104,Đelekovec,29,40,69,20,7,27,44,13,57,0,1,1,17,10,27,0,0,0,1,0,1,111,71,182,2021-04-30T22:00:00Z
06,107,Đurđevac,1304,1118,2422,80,41,121,71,51,122,12,12,24,87,77,164,0,0,0,12,6,18,1566,1305,2871,2021-04-30T22:00:00Z
06,115,Ferdinandovac,40,78,118,8,2,10,44,34,78,1,1,2,17,6,23,0,0,0,0,0,0,110,121,231,2021-04-30T22:00:00Z
06,122,Gola,174,149,323,12,2,14,94,40,134,0,2,2,5,25,30,0,0,0,2,0,2,287,218,505,2021-04-30T22:00:00Z
06,145,Hlebine,10,20,30,1,0,1,14,3,17,1,0,1,1,11,12,0,0,0,1,1,2,28,35,63,2021-04-30T22:00:00Z
06,194,Kloštar Podravski,177,138,315,18,12,30,42,37,79,0,1,1,33,51,84,0,0,0,2,1,3,272,240,512,2021-04-30T22:00:00Z
06,201,Koprivnica,7142,7535,14677,331,188,519,60,30,90,61,73,134,415,427,842,0,2,2,14,20,34,8023,8275,16298,2021-04-30T22:00:00Z
06,202,Koprivnički Bregi,50,75,125,15,5,20,25,7,32,0,1,1,30,12,42,0,0,0,1,0,1,121,100,221,2021-04-30T22:00:00Z
06,203,Koprivnički Ivanec,62,54,116,24,3,27,21,7,28,0,1,1,29,9,38,0,0,0,0,0,0,136,74,210,2021-04-30T22:00:00Z
06,214,Križevci,3297,3567,6864,161,96,257,236,189,425,14,28,42,248,223,471,0,0,0,13,8,21,3969,4111,8080,2021-04-30T22:00:00Z
06,227,Legrad,62,76,138,13,4,17,20,8,28,0,1,1,23,16,39,0,0,0,0,0,0,118,105,223,2021-04-30T22:00:00Z
06,270,Molve,228,114,342,7,9,16,63,34,97,1,2,3,36,21,57,0,0,0,2,1,3,337,181,518,2021-04-30T22:00:00Z
06,292,Novigrad Podravski,89,135,224,9,1,10,21,11,32,0,2,2,16,16,32,0,0,0,1,0,1,136,165,301,2021-04-30T22:00:00Z
06,324,Peteranec,79,39,118,14,4,18,21,8,29,0,1,1,28,13,41,0,0,0,1,0,1,143,65,208,2021-04-30T22:00:00Z
06,366,Rasinja,58,74,132,18,4,22,55,24,79,2,1,3,22,25,47,0,0,0,1,1,2,156,129,285,2021-04-30T22:00:00Z
06,405,Sokolovac,213,84,297,16,3,19,44,19,63,4,5,9,28,10,38,0,0,0,0,0,0,305,121,426,2021-04-30T22:00:00Z
06,439,Sveti Ivan Žabno,253,210,463,39,19,58,101,60,161,1,3,4,58,56,114,0,0,0,0,1,1,452,349,801,2021-04-30T22:00:00Z
06,442,Sveti Petar Orehovec,123,110,233,30,5,35,148,139,287,0,2,2,39,20,59,0,0,0,1,0,1,341,276,617,2021-04-30T22:00:00Z
06,490,Virje,279,218,497,28,10,38,42,26,68,3,1,4,33,36,69,0,0,0,2,0,2,387,291,678,2021-04-30T22:00:00Z
06,559,Kalinovac,393,103,496,5,1,6,10,2,12,0,0,0,8,8,16,0,0,0,2,0,2,418,114,532,2021-04-30T22:00:00Z
06,560,Kalnik,45,53,98,3,4,7,18,22,40,0,1,1,9,5,14,0,0,0,0,0,0,75,85,160,2021-04-30T22:00:00Z
06,561,Novo Virje,47,34,81,2,0,2,41,24,65,0,0,0,14,6,20,0,0,0,0,1,1,104,65,169,2021-04-30T22:00:00Z
06,616,Podravske Sesvete,101,118,219,3,5,8,23,13,36,2,0,2,6,9,15,0,0,0,0,1,1,135,146,281,2021-04-30T22:00:00Z
06,618,Gornja Reka,81,80,161,6,3,9,7,8,15,0,0,0,7,4,11,0,0,0,0,0,0,101,95,196,2021-04-30T22:00:00Z
06,96,Drnje,112,113,225,12,1,13,19,11,30,0,4,4,6,9,15,0,0,0,0,0,0,149,138,287,2021-04-30T22:00:00Z
07,105,Đulovac,311,69,380,8,7,15,38,16,54,2,5,7,106,24,130,0,0,0,0,0,0,465,121,586,2021-04-30T22:00:00Z
07,119,Garešnica,1095,1122,2217,56,32,88,61,36,97,16,20,36,112,126,238,0,0,0,2,4,6,1342,1340,2682,2021-04-30T22:00:00Z
07,139,Grubišno Polje,600,514,1114,33,23,56,108,44,152,5,7,12,74,68,142,0,0,0,4,3,7,824,659,1483,2021-04-30T22:00:00Z
07,144,Hercegovac,128,161,289,17,3,20,48,16,64,1,2,3,41,36,77,0,0,0,1,1,2,236,219,455,2021-04-30T22:00:00Z
07,161,Ivanska,134,99,233,4,3,7,46,12,58,2,2,4,86,26,112,0,0,0,2,2,4,274,144,418,2021-04-30T22:00:00Z
07,176,Kapela,84,90,174,3,2,5,46,29,75,0,1,1,18,11,29,0,0,0,2,0,2,153,133,286,2021-04-30T22:00:00Z
07,18,Berek,58,66,124,5,1,6,20,18,38,0,0,0,9,7,16,0,0,0,0,0,0,92,92,184,2021-04-30T22:00:00Z
07,199,Končanica,126,90,216,7,2,9,32,16,48,0,1,1,17,14,31,0,0,0,2,0,2,184,123,307,2021-04-30T22:00:00Z
07,24,Bjelovar,7138,6898,14036,296,173,469,205,106,311,54,87,141,435,524,959,1,0,1,20,15,35,8149,7803,15952,2021-04-30T22:00:00Z
07,287,Nova Rača,103,120,223,8,2,10,81,34,115,0,2,2,32,16,48,0,0,0,0,0,0,224,174,398,2021-04-30T22:00:00Z
07,375,Rovišće,190,224,414,23,10,33,53,34,87,1,3,4,23,41,64,0,0,0,0,1,1,290,313,603,2021-04-30T22:00:00Z
07,390,Sirač,259,170,429,10,2,12,11,3,14,2,1,3,25,8,33,0,0,0,0,2,2,307,186,493,2021-04-30T22:00:00Z
07,450,Štefanje,50,68,118,7,3,10,32,13,45,0,2,2,30,20,50,0,0,0,1,0,1,120,106,226,2021-04-30T22:00:00Z
07,478,Velika Pisanica,70,90,160,3,2,5,34,16,50,1,0,1,11,7,18,0,0,0,0,0,0,119,115,234,2021-04-30T22:00:00Z
07,480,Veliki Grđevac,152,140,292,9,5,14,73,30,103,1,2,3,76,26,102,0,0,0,1,0,1,312,203,515,2021-04-30T22:00:00Z
07,483,Veliko Trojstvo,60,125,185,15,4,19,13,14,27,0,0,0,47,21,68,0,0,0,0,1,1,135,165,300,2021-04-30T22:00:00Z
07,562,Severin,63,26,89,1,0,1,15,13,28,0,0,0,14,30,44,0,0,0,0,0,0,93,69,162,2021-04-30T22:00:00Z
07,564,Šandrovac,25,54,79,4,0,4,12,7,19,1,0,1,13,6,19,0,0,0,0,0,0,55,67,122,2021-04-30T22:00:00Z
07,565,Velika Trnovitica,63,58,121,6,2,8,32,22,54,1,0,1,21,12,33,0,0,0,1,1,2,124,95,219,2021-04-30T22:00:00Z
07,566,Zrinski Topolovac,11,25,36,2,1,3,36,21,57,0,0,0,4,2,6,0,0,0,0,1,1,53,50,103,2021-04-30T22:00:00Z
07,63,Čazma,1150,853,2003,52,18,70,62,43,105,6,10,16,108,72,180,0,0,0,4,1,5,1382,997,2379,2021-04-30T22:00:00Z
07,67,Daruvar,1479,1722,3201,83,51,134,45,21,66,18,21,39,148,178,326,0,0,0,6,6,12,1779,1999,3778,2021-04-30T22:00:00Z
07,71,Dežanovac,124,83,207,10,2,12,74,39,113,0,0,0,36,16,52,0,0,0,0,1,1,244,141,385,2021-04-30T22:00:00Z
08,117,Fužine,259,202,461,17,12,29,0,1,1,3,1,4,19,20,39,0,0,0,2,0,2,300,236,536,2021-04-30T22:00:00Z
08,170,Jelenje,288,251,539,96,46,142,5,1,6,31,8,39,60,40,100,0,0,0,1,2,3,481,348,829,2021-04-30T22:00:00Z
08,180,Kastav,1093,810,1903,119,61,180,4,1,5,48,10,58,114,88,202,2,0,2,6,6,12,1386,976,2362,2021-04-30T22:00:00Z
08,186,Klana,392,220,612,23,7,30,1,1,2,2,2,4,15,11,26,0,0,0,1,1,2,434,242,676,2021-04-30T22:00:00Z
08,209,Kraljevica,340,283,623,38,26,64,2,1,3,51,6,57,29,33,62,1,0,1,0,8,8,461,357,818,2021-04-30T22:00:00Z
08,215,Krk,1915,1265,3180,236,97,333,14,9,23,23,14,37,294,189,483,0,0,0,6,8,14,2488,1582,4070,2021-04-30T22:00:00Z
08,237,Lokve,110,98,208,12,5,17,0,0,0,0,2,2,9,10,19,0,0,0,0,0,0,131,115,246,2021-04-30T22:00:00Z
08,242,Lovran,439,610,1049,84,25,109,2,1,3,11,11,22,45,63,108,0,0,0,4,8,12,585,718,1303,2021-04-30T22:00:00Z
08,252,Mali Lošinj,1456,1489,2945,230,80,310,23,9,32,35,17,52,191,181,372,0,0,0,18,16,34,1953,1792,3745,2021-04-30T22:00:00Z
08,253,Malinska-Dubašnica,502,825,1327,137,63,200,6,9,15,7,4,11,188,159,347,0,0,0,6,3,9,846,1063,1909,2021-04-30T22:00:00Z
08,261,Matulji,1463,1078,2541,209,121,330,15,6,21,39,17,56,170,185,355,0,0,0,5,9,14,1901,1416,3317,2021-04-30T22:00:00Z
08,273,Mošćenička Draga,102,75,177,51,15,66,0,1,1,4,2,6,39,30,69,0,0,0,3,4,7,199,127,326,2021-04-30T22:00:00Z
08,275,Mrkopalj,63,46,109,16,3,19,2,0,2,2,0,2,13,9,22,0,0,0,1,0,1,97,58,155,2021-04-30T22:00:00Z
08,290,Novi Vinodolski,498,427,925,109,56,165,6,4,10,10,7,17,150,88,238,0,0,0,5,4,9,778,586,1364,2021-04-30T22:00:00Z
08,301,Omišalj,646,435,1081,83,25,108,1,0,1,12,6,18,85,43,128,0,0,0,1,2,3,828,511,1339,2021-04-30T22:00:00Z
08,302,Opatija,2206,2713,4919,183,101,284,6,6,12,56,29,85,99,163,262,0,1,1,11,15,26,2561,3028,5589,2021-04-30T22:00:00Z
08,360,Punat,321,160,481,64,23,87,4,0,4,6,2,8,89,57,146,0,0,0,1,1,2,485,243,728,2021-04-30T22:00:00Z
08,363,Rab,897,1035,1932,319,84,403,13,4,17,20,12,32,280,216,496,0,0,0,49,64,113,1578,1415,2993,2021-04-30T22:00:00Z
08,369,Ravna Gora,279,306,585,30,11,41,2,0,2,3,1,4,39,25,64,0,0,0,1,2,3,354,345,699,2021-04-30T22:00:00Z
08,373,Rijeka,27361,28233,55594,1172,997,2169,23,18,41,1069,368,1437,945,1300,2245,5,0,5,103,126,229,30678,31042,61720,2021-04-30T22:00:00Z
08,38,Brod Moravice,42,39,81,11,1,12,0,0,0,0,1,1,21,8,29,0,0,0,1,0,1,75,49,124,2021-04-30T22:00:00Z
08,393,Skrad,42,54,96,5,3,8,1,1,2,1,1,2,1,9,10,0,0,0,0,0,0,50,68,118,2021-04-30T22:00:00Z
08,4,Bakar,1919,933,2852,57,37,94,3,0,3,74,10,84,72,70,142,0,0,0,5,9,14,2130,1059,3189,2021-04-30T22:00:00Z
08,488,Vinodolska Općina,178,162,340,56,20,76,2,0,2,9,1,10,47,14,61,1,0,1,1,2,3,294,199,493,2021-04-30T22:00:00Z
08,495,Viškovo,1713,1080,2793,193,102,295,6,4,10,63,16,79,158,121,279,0,0,0,7,11,18,2140,1334,3474,2021-04-30T22:00:00Z
08,507,Vrbnik,137,95,232,31,11,42,10,5,15,1,0,1,35,24,59,0,0,0,1,1,2,215,136,351,2021-04-30T22:00:00Z
08,509,Vrbovsko,359,292,651,60,21,81,4,3,7,2,5,7,81,42,123,0,0,0,1,0,1,507,363,870,2021-04-30T22:00:00Z
08,52,Cres,541,406,947,86,28,114,12,3,15,9,3,12,66,88,154,0,0,0,5,3,8,719,531,1250,2021-04-30T22:00:00Z
08,53,Crikvenica,1232,1581,2813,228,137,365,5,1,6,44,23,67,252,220,472,0,0,0,12,18,30,1773,1980,3753,2021-04-30T22:00:00Z
08,538,Kostrena,410,279,689,36,23,59,1,0,1,68,7,75,19,29,48,0,0,0,1,3,4,535,341,876,2021-04-30T22:00:00Z
08,55,Čabar,357,277,634,54,18,72,3,3,6,6,0,6,151,51,202,0,0,0,1,1,2,572,350,922,2021-04-30T22:00:00Z
08,61,Čavle,660,504,1164,82,53,135,0,2,2,31,10,41,106,87,193,0,0,0,2,2,4,881,658,1539,2021-04-30T22:00:00Z
08,624,Lopar,52,36,88,36,6,42,0,0,0,1,0,1,39,48,87,0,0,0,3,2,5,131,92,223,2021-04-30T22:00:00Z
08,69,Delnice,1147,745,1892,72,47,119,5,2,7,8,14,22,80,96,176,0,0,0,2,6,8,1314,910,2224,2021-04-30T22:00:00Z
08,74,Dobrinj,129,74,203,51,21,72,0,2,2,4,2,6,99,44,143,0,0,0,1,3,4,284,146,430,2021-04-30T22:00:00Z
08,8,Baška,223,216,439,74,34,108,7,2,9,4,3,7,61,66,127,0,0,0,5,4,9,374,325,699,2021-04-30T22:00:00Z
09,130,Gospić,2248,2267,4515,103,59,162,67,38,105,12,9,21,144,167,311,0,0,0,10,7,17,2584,2547,5131,2021-04-30T22:00:00Z
09,178,Karlobag,83,89,172,12,5,17,6,1,7,1,0,1,9,4,13,0,0,0,0,0,0,111,99,210,2021-04-30T22:00:00Z
09,240,Lovinac,186,67,253,1,0,1,2,1,3,0,0,0,1,1,2,0,0,0,0,0,0,190,69,259,2021-04-30T22:00:00Z
09,288,Novalja,731,597,1328,130,38,168,20,6,26,5,4,9,200,96,296,0,0,0,5,8,13,1091,749,1840,2021-04-30T22:00:00Z
09,313,Otočac,835,889,1724,92,40,132,52,26,78,9,7,16,120,111,231,0,0,0,2,7,9,1110,1080,2190,2021-04-30T22:00:00Z
09,323,Perušić,352,239,591,21,8,29,27,23,50,0,1,1,19,22,41,0,0,0,0,0,0,419,293,712,2021-04-30T22:00:00Z
09,37,Brinje,347,222,569,22,6,28,9,5,14,0,1,1,17,23,40,0,0,0,0,2,2,395,259,654,2021-04-30T22:00:00Z
09,387,Senj,732,623,1355,105,55,160,6,4,10,15,9,24,106,131,237,0,0,0,6,6,12,970,828,1798,2021-04-30T22:00:00Z
09,455,Plitvička Jezera,659,685,1344,43,25,68,63,13,76,1,5,6,189,148,337,0,0,0,1,1,2,956,877,1833,2021-04-30T22:00:00Z
09,467,Udbina,141,128,269,11,6,17,34,8,42,0,0,0,17,18,35,0,0,0,3,1,4,206,161,367,2021-04-30T22:00:00Z
09,512,Vrhovine,96,42,138,3,3,6,5,1,6,0,0,0,3,3,6,0,0,0,0,0,0,107,49,156,2021-04-30T22:00:00Z
09,84,Donji Lapac,99,78,177,6,4,10,23,6,29,0,0,0,10,5,15,0,0,0,0,0,0,138,93,231,2021-04-30T22:00:00Z
10,136,Gradina,86,90,176,14,6,20,132,41,173,2,0,2,39,27,66,0,0,0,0,0,0,273,164,437,2021-04-30T22:00:00Z
10,245,Lukač,206,122,328,13,4,17,39,16,55,1,0,1,66,29,95,0,0,0,0,0,0,325,171,496,2021-04-30T22:00:00Z
10,266,Mikleuš,73,49,122,8,1,9,16,6,22,0,0,0,9,11,20,0,0,0,0,0,0,106,67,173,2021-04-30T22:00:00Z
10,283,Nova Bukovica,43,43,86,8,5,13,35,6,41,1,0,1,24,17,41,0,0,0,1,0,1,112,71,183,2021-04-30T22:00:00Z
10,307,Orahovica,928,702,1630,62,41,103,13,3,16,9,12,21,108,102,210,0,0,0,1,6,7,1121,866,1987,2021-04-30T22:00:00Z
10,332,Pitomača,657,637,1294,79,44,123,159,91,250,0,6,6,227,194,421,0,0,0,2,1,3,1124,973,2097,2021-04-30T22:00:00Z
10,395,Slatina,1429,1344,2773,149,68,217,139,45,184,13,23,36,237,258,495,0,0,0,2,8,10,1969,1746,3715,2021-04-30T22:00:00Z
10,407,Sopje,151,45,196,4,2,6,86,23,109,0,0,0,26,20,46,0,0,0,0,0,0,267,90,357,2021-04-30T22:00:00Z
10,424,Suhopolje,256,261,517,24,18,42,99,42,141,1,1,2,50,42,92,0,0,0,4,0,4,434,364,798,2021-04-30T22:00:00Z
10,449,Špišić Bukovica,147,147,294,22,7,29,167,61,228,1,2,3,36,53,89,0,0,0,1,2,3,374,272,646,2021-04-30T22:00:00Z
10,491,Virovitica,3960,3923,7883,176,101,277,90,27,117,34,22,56,393,381,774,0,0,0,16,11,27,4669,4465,9134,2021-04-30T22:00:00Z
10,499,Voćin,150,94,244,8,3,11,27,32,59,0,0,0,12,9,21,0,0,0,0,0,0,197,138,335,2021-04-30T22:00:00Z
10,524,Zdenci,123,87,210,8,3,11,19,7,26,0,2,2,14,13,27,0,0,0,1,2,3,165,114,279,2021-04-30T22:00:00Z
10,54,Crnac,28,34,62,15,4,19,19,7,26,0,1,1,21,12,33,0,0,0,0,0,0,83,58,141,2021-04-30T22:00:00Z
10,56,Čačinci,164,90,254,20,11,31,17,10,27,0,5,5,19,31,50,0,0,0,1,0,1,221,147,368,2021-04-30T22:00:00Z
10,57,Čađavica,120,89,209,14,9,23,68,20,88,0,0,0,42,28,70,0,0,0,1,0,1,245,146,391,2021-04-30T22:00:00Z
11,164,Jakšić,122,142,264,24,2,26,25,7,32,0,2,2,64,16,80,0,0,0,0,0,0,235,169,404,2021-04-30T22:00:00Z
11,177,Kaptol,96,101,197,15,2,17,22,3,25,0,1,1,41,8,49,0,0,0,0,1,1,174,116,290,2021-04-30T22:00:00Z
11,221,Kutjevo,592,394,986,46,16,62,62,28,90,2,4,6,87,77,164,0,0,0,6,8,14,795,527,1322,2021-04-30T22:00:00Z
11,231,Lipik,745,627,1372,29,13,42,21,10,31,1,9,10,52,50,102,0,0,0,1,0,1,849,709,1558,2021-04-30T22:00:00Z
11,318,Pakrac,620,1114,1734,84,30,114,47,21,68,13,17,30,181,96,277,0,0,0,3,3,6,948,1281,2229,2021-04-30T22:00:00Z
11,334,Pleternica,580,438,1018,78,25,103,54,17,71,3,7,10,164,115,279,0,0,0,5,3,8,884,605,1489,2021-04-30T22:00:00Z
11,35,Brestovac,129,119,248,13,3,16,16,3,19,1,1,2,22,10,32,0,0,0,0,1,1,181,137,318,2021-04-30T22:00:00Z
11,351,Požega,5236,4436,9672,307,155,462,116,41,157,41,106,147,425,364,789,0,1,1,11,29,40,6136,5132,11268,2021-04-30T22:00:00Z
11,475,Velika,297,278,575,21,10,31,22,4,26,2,3,5,47,36,83,0,0,0,0,0,0,389,331,720,2021-04-30T22:00:00Z
11,58,Čaglin,95,149,244,9,2,11,20,6,26,0,1,1,14,10,24,0,0,0,0,0,0,138,168,306,2021-04-30T22:00:00Z
12,10,Bebrina,30,65,95,7,7,14,16,6,22,2,0,2,11,8,19,0,0,0,0,0,0,66,86,152,2021-04-30T22:00:00Z
12,118,Garčin,127,192,319,29,9,38,31,15,46,0,0,0,21,19,40,0,0,0,0,0,0,208,235,443,2021-04-30T22:00:00Z
12,127,Gornji Bogićevci,53,36,89,9,2,11,8,2,10,0,0,0,15,17,32,0,0,0,0,0,0,85,57,142,2021-04-30T22:00:00Z
12,140,Gundinci,70,47,117,11,3,14,52,23,75,0,0,0,17,8,25,0,0,0,1,0,1,151,81,232,2021-04-30T22:00:00Z
12,185,Klakar,72,58,130,16,3,19,22,5,27,0,1,1,13,14,27,0,0,0,1,0,1,124,81,205,2021-04-30T22:00:00Z
12,284,Nova Gradiška,2068,2097,4165,145,92,237,28,17,45,23,21,44,272,303,575,0,0,0,2,2,4,2538,2532,5070,2021-04-30T22:00:00Z
12,285,Nova Kapela,145,219,364,21,15,36,22,7,29,2,3,5,51,54,105,0,0,0,1,0,1,242,298,540,2021-04-30T22:00:00Z
12,299,Okučani,214,148,362,28,6,34,10,1,11,0,1,1,42,25,67,0,0,0,1,3,4,295,184,479,2021-04-30T22:00:00Z
12,303,Oprisavci,236,158,394,10,0,10,32,11,43,1,0,1,8,17,25,0,0,0,0,1,1,287,187,474,2021-04-30T22:00:00Z
12,309,Oriovac,271,307,578,37,19,56,21,11,32,2,3,5,65,54,119,0,0,0,0,2,2,396,396,792,2021-04-30T22:00:00Z
12,338,Podcrkavlje,47,48,95,16,0,16,7,4,11,0,1,1,31,5,36,0,0,0,0,0,0,101,58,159,2021-04-30T22:00:00Z
12,372,Rešetari,213,189,402,34,8,42,20,9,29,3,1,4,91,42,133,0,0,0,1,1,2,362,250,612,2021-04-30T22:00:00Z
12,388,Sibinj,117,209,326,54,15,69,18,1,19,0,1,1,61,39,100,0,0,0,2,2,4,252,267,519,2021-04-30T22:00:00Z
12,39,Brodski Stupnik,71,76,147,17,9,26,8,4,12,2,1,3,80,35,115,0,0,0,0,0,0,178,125,303,2021-04-30T22:00:00Z
12,396,Slavonski Brod,13382,9248,22630,591,330,921,46,35,81,81,90,171,967,947,1914,1,0,1,16,20,36,15084,10670,25754,2021-04-30T22:00:00Z
12,397,Slavonski Šamac,58,60,118,8,4,12,16,6,22,0,1,1,13,4,17,0,0,0,0,0,0,95,75,170,2021-04-30T22:00:00Z
12,412,Stara Gradiška,139,73,212,4,1,5,9,2,11,0,0,0,22,7,29,0,0,0,0,0,0,174,83,257,2021-04-30T22:00:00Z
12,418,Staro Petrovo Selo,189,156,345,30,8,38,41,17,58,1,2,3,99,43,142,0,0,0,0,1,1,360,227,587,2021-04-30T22:00:00Z
12,46,Cernik,161,214,375,26,11,37,9,5,14,3,2,5,53,23,76,0,0,0,0,3,3,252,258,510,2021-04-30T22:00:00Z
12,476,Velika Kopanica,182,97,279,23,7,30,29,17,46,1,1,2,36,29,65,0,0,0,2,2,4,273,153,426,2021-04-30T22:00:00Z
12,506,Vrbje,29,40,69,8,0,8,19,2,21,0,0,0,27,26,53,0,0,0,0,1,1,83,69,152,2021-04-30T22:00:00Z
12,514,Vrpolje,190,114,304,24,6,30,39,15,54,0,2,2,15,13,28,0,0,0,0,0,0,268,150,418,2021-04-30T22:00:00Z
12,567,Bukovlje,133,75,208,15,7,22,1,0,1,1,0,1,13,15,28,0,0,0,0,0,0,163,97,260,2021-04-30T22:00:00Z
12,568,Dragalić,33,57,90,8,0,8,6,2,8,0,0,0,3,6,9,0,0,0,0,1,1,50,66,116,2021-04-30T22:00:00Z
12,569,Gornja Vrba,402,441,843,10,2,12,1,0,1,0,1,1,24,16,40,0,0,0,0,0,0,437,460,897,2021-04-30T22:00:00Z
12,570,Sikirevci,42,64,106,18,4,22,37,13,50,0,0,0,15,5,20,0,0,0,1,1,2,113,87,200,2021-04-30T22:00:00Z
12,68,Davor,112,99,211,11,6,17,15,5,20,0,0,0,13,19,32,0,0,0,0,1,1,151,130,281,2021-04-30T22:00:00Z
12,81,Donji Andrijevci,136,103,239,21,11,32,18,4,22,1,1,2,26,19,45,0,0,0,0,1,1,202,139,341,2021-04-30T22:00:00Z
13,131,Gračac,228,253,481,22,16,38,63,24,87,2,1,3,44,38,82,0,0,0,0,2,2,359,334,693,2021-04-30T22:00:00Z
13,167,Jasenice,140,69,209,15,1,16,5,3,8,2,0,2,12,9,21,0,0,0,0,0,0,174,82,256,2021-04-30T22:00:00Z
13,17,Benkovac,1178,1025,2203,92,31,123,91,50,141,12,11,23,209,128,337,0,0,0,5,6,11,1587,1251,2838,2021-04-30T22:00:00Z
13,173,Kali,310,128,438,24,12,36,3,1,4,15,1,16,54,25,79,0,0,0,0,1,1,406,168,574,2021-04-30T22:00:00Z
13,20,Bibinje,198,201,399,52,21,73,4,0,4,1,2,3,73,67,140,0,0,0,1,3,4,329,294,623,2021-04-30T22:00:00Z
13,22,Biograd Na Moru,1106,1377,2483,136,71,207,27,18,45,18,8,26,175,235,410,0,0,0,5,20,25,1467,1729,3196,2021-04-30T22:00:00Z
13,234,Lišane Ostrovičke,26,30,56,8,2,10,1,0,1,0,0,0,4,5,9,0,0,0,0,0,0,39,37,76,2021-04-30T22:00:00Z
13,282,Nin,485,412,897,47,15,62,9,4,13,5,2,7,62,49,111,0,0,0,4,10,14,612,492,1104,2021-04-30T22:00:00Z
13,296,Obrovac,332,221,553,29,11,40,28,7,35,2,4,6,19,36,55,0,0,0,3,5,8,413,284,697,2021-04-30T22:00:00Z
13,316,Pag,483,443,926,79,29,108,30,9,39,6,6,12,73,62,135,0,0,0,7,1,8,678,550,1228,2021-04-30T22:00:00Z
13,317,Pakoštane,381,369,750,66,23,89,9,9,18,10,2,12,102,64,166,0,0,0,3,3,6,571,470,1041,2021-04-30T22:00:00Z
13,320,Pašman,96,115,211,48,14,62,3,2,5,12,0,12,40,27,67,0,0,0,2,1,3,201,159,360,2021-04-30T22:00:00Z
13,344,Polača,104,56,160,18,5,23,3,2,5,4,0,4,11,15,26,0,0,0,1,2,3,141,80,221,2021-04-30T22:00:00Z
13,345,Poličnik,387,322,709,46,5,51,10,8,18,5,1,6,43,20,63,0,0,0,2,1,3,493,357,850,2021-04-30T22:00:00Z
13,349,Posedarje,132,163,295,29,11,40,5,7,12,11,1,12,37,33,70,0,0,0,1,2,3,215,217,432,2021-04-30T22:00:00Z
13,354,Preko,261,441,702,41,12,53,5,5,10,27,2,29,48,33,81,0,0,0,3,5,8,385,498,883,2021-04-30T22:00:00Z
13,371,Ražanac,87,96,183,26,8,34,6,6,12,12,0,12,27,20,47,0,0,0,3,0,3,161,130,291,2021-04-30T22:00:00Z
13,379,Sali,174,149,323,42,15,57,5,2,7,8,2,10,46,34,80,0,0,0,0,2,2,275,204,479,2021-04-30T22:00:00Z
13,411,Stankovci,232,161,393,25,4,29,4,4,8,1,1,2,32,18,50,0,0,0,0,1,1,294,189,483,2021-04-30T22:00:00Z
13,416,Starigrad,130,157,287,47,29,76,7,2,9,3,0,3,35,46,81,0,0,0,3,12,15,225,246,471,2021-04-30T22:00:00Z
13,425,Sukošan,360,278,638,55,19,74,12,3,15,4,2,6,53,51,104,0,0,0,1,4,5,485,357,842,2021-04-30T22:00:00Z
13,428,Sveti Filip I Jakov,205,354,559,46,20,66,8,3,11,9,3,12,43,35,78,0,0,0,0,0,0,311,415,726,2021-04-30T22:00:00Z
13,445,Škabrnje,66,71,137,25,3,28,3,1,4,2,1,3,13,5,18,0,0,0,1,0,1,110,81,191,2021-04-30T22:00:00Z
13,489,Vir,297,280,577,53,14,67,3,2,5,1,1,2,48,44,92,0,0,0,2,2,4,404,343,747,2021-04-30T22:00:00Z
13,520,Zadar,14588,15734,30322,1059,584,1643,46,30,76,765,219,984,1397,1458,2855,2,0,2,150,86,236,18007,18111,36118,2021-04-30T22:00:00Z
13,525,Zemunik Donji,109,176,285,18,5,23,2,2,4,0,0,0,24,7,31,0,0,0,0,1,1,153,191,344,2021-04-30T22:00:00Z
13,537,Novigrad,64,101,165,25,2,27,4,4,8,6,1,7,29,12,41,0,0,0,1,2,3,129,122,251,2021-04-30T22:00:00Z
13,571,Galovac,31,59,90,11,1,12,5,4,9,3,2,5,7,11,18,0,0,0,0,2,2,57,79,136,2021-04-30T22:00:00Z
13,572,Kukljica,49,46,95,16,1,17,1,1,2,0,1,1,33,10,43,0,0,0,1,0,1,100,59,159,2021-04-30T22:00:00Z
13,573,Povljana,54,32,86,14,2,16,4,1,5,3,1,4,6,11,17,0,0,0,0,1,1,81,48,129,2021-04-30T22:00:00Z
13,574,Privlaka,119,121,240,20,10,30,0,2,2,12,0,12,20,13,33,0,0,0,4,1,5,175,147,322,2021-04-30T22:00:00Z
13,575,Tkon,85,76,161,25,5,30,3,2,5,1,0,1,49,24,73,0,0,0,2,3,5,165,110,275,2021-04-30T22:00:00Z
13,622,Kolan,141,109,250,22,5,27,4,1,5,1,0,1,25,19,44,0,0,0,0,0,0,193,134,327,2021-04-30T22:00:00Z
13,625,Vrsi,92,58,150,13,6,19,5,4,9,23,0,23,20,25,45,0,0,0,3,2,5,156,95,251,2021-04-30T22:00:00Z
14,103,Đakovo,2787,2929,5716,469,201,670,194,89,283,29,41,70,691,557,1248,0,0,0,13,10,23,4183,3827,8010,2021-04-30T22:00:00Z
14,106,Đurđenovac,553,535,1088,42,11,53,22,15,37,0,5,5,70,50,120,0,0,0,3,1,4,690,617,1307,2021-04-30T22:00:00Z
14,110,Erdut,299,244,543,37,13,50,58,17,75,2,6,8,53,38,91,0,0,0,4,1,5,453,319,772,2021-04-30T22:00:00Z
14,111,Ernestinovo,68,177,245,8,1,9,29,9,38,2,1,3,12,15,27,0,0,0,1,0,1,120,203,323,2021-04-30T22:00:00Z
14,116,Feričanci,133,137,270,24,4,28,3,0,3,0,1,1,41,16,57,0,0,0,0,0,0,201,158,359,2021-04-30T22:00:00Z
14,124,Gorjani,130,193,323,16,4,20,16,7,23,0,1,1,11,5,16,0,0,0,0,0,0,173,210,383,2021-04-30T22:00:00Z
14,13,Beli Manastir,1097,1126,2223,76,36,112,51,31,82,9,10,19,111,102,213,0,0,0,2,1,3,1346,1306,2652,2021-04-30T22:00:00Z
14,16,Belišće,1574,688,2262,65,32,97,28,7,35,2,7,9,96,96,192,0,0,0,2,5,7,1767,835,2602,2021-04-30T22:00:00Z
14,195,Kneževi Vinogradi,218,266,484,32,7,39,39,6,45,1,2,3,67,69,136,0,0,0,1,0,1,358,350,708,2021-04-30T22:00:00Z
14,2,Antunovac,211,189,400,30,11,41,14,8,22,0,0,0,16,11,27,0,0,0,0,0,0,271,219,490,2021-04-30T22:00:00Z
14,205,Koška,181,171,352,26,5,31,30,10,40,3,4,7,30,28,58,0,0,0,3,2,5,273,220,493,2021-04-30T22:00:00Z
14,21,Bilje,297,320,617,44,19,63,19,12,31,3,5,8,56,37,93,0,0,0,1,1,2,420,394,814,2021-04-30T22:00:00Z
14,23,Bizovac,239,222,461,27,11,38,25,11,36,1,5,6,33,35,68,0,0,0,0,1,1,325,285,610,2021-04-30T22:00:00Z
14,230,Levanjska Varoš,46,47,93,3,2,5,11,9,20,0,0,0,5,3,8,0,0,0,0,1,1,65,62,127,2021-04-30T22:00:00Z
14,257,Marijanci,99,65,164,7,4,11,13,1,14,0,1,1,20,19,39,0,0,0,1,1,2,140,91,231,2021-04-30T22:00:00Z
14,271,Moslavina Podravska,23,36,59,4,2,6,17,6,23,0,0,0,12,10,22,0,0,0,0,0,0,56,54,110,2021-04-30T22:00:00Z
14,278,Našice,2230,1802,4032,161,84,245,55,17,72,22,33,55,269,220,489,0,0,0,10,2,12,2747,2158,4905,2021-04-30T22:00:00Z
14,312,Osijek,23684,21947,45631,865,621,1486,98,47,145,188,194,382,808,1134,1942,1,0,1,77,53,130,25721,23996,49717,2021-04-30T22:00:00Z
14,325,Petlovac,47,31,78,5,4,9,15,0,15,0,0,0,15,9,24,0,0,0,0,0,0,82,44,126,2021-04-30T22:00:00Z
14,327,Petrijevci,301,245,546,20,3,23,6,4,10,0,1,1,19,9,28,0,0,0,1,2,3,347,264,611,2021-04-30T22:00:00Z
14,340,Podgorač,100,130,230,27,7,34,29,5,34,1,3,4,21,30,51,0,0,0,0,0,0,178,175,353,2021-04-30T22:00:00Z
14,346,Popovac,63,68,131,2,2,4,5,6,11,0,0,0,5,8,13,0,0,0,0,0,0,75,84,159,2021-04-30T22:00:00Z
14,361,Punitovci,46,82,128,21,3,24,18,4,22,0,1,1,28,7,35,0,0,0,0,0,0,113,97,210,2021-04-30T22:00:00Z
14,381,Satnica Đakovačka,116,101,217,23,5,28,10,2,12,0,0,0,43,30,73,0,0,0,0,0,0,192,138,330,2021-04-30T22:00:00Z
14,386,Semeljci,254,239,493,47,17,64,55,27,82,1,1,2,78,35,113,0,0,0,0,0,0,435,319,754,2021-04-30T22:00:00Z
14,421,Strizivojna,320,292,612,19,8,27,20,3,23,0,0,0,15,12,27,0,0,0,1,1,2,375,316,691,2021-04-30T22:00:00Z
14,461,Trnava,58,88,146,7,3,10,13,6,19,0,1,1,12,3,15,0,0,0,0,0,0,90,101,191,2021-04-30T22:00:00Z
14,471,Valpovo,872,1135,2007,72,55,127,48,20,68,15,24,39,81,100,181,0,0,0,7,8,15,1095,1342,2437,2021-04-30T22:00:00Z
14,485,Viljevo,46,75,121,10,1,11,24,5,29,0,1,1,18,10,28,0,0,0,0,1,1,98,93,191,2021-04-30T22:00:00Z
14,494,Viškovci,221,193,414,25,5,30,17,5,22,0,0,0,26,6,32,0,0,0,1,0,1,290,209,499,2021-04-30T22:00:00Z
14,517,Vuka,41,80,121,14,2,16,17,4,21,0,0,0,20,10,30,0,0,0,0,0,0,92,96,188,2021-04-30T22:00:00Z
14,576,Donja Motičina,29,66,95,9,3,12,1,1,2,0,1,1,15,6,21,0,0,0,0,0,0,54,77,131,2021-04-30T22:00:00Z
14,578,Magadenovac,98,130,228,5,1,6,28,10,38,1,1,2,17,20,37,0,0,0,0,0,0,149,162,311,2021-04-30T22:00:00Z
14,579,Vladislavci,131,117,248,3,1,4,7,4,11,0,1,1,6,4,10,0,0,0,0,0,0,147,127,274,2021-04-30T22:00:00Z
14,609,Jagodnjak,158,76,234,8,2,10,25,5,30,0,0,0,9,4,13,0,0,0,0,0,0,200,87,287,2021-04-30T22:00:00Z
14,614,Šodolovci,24,33,57,0,0,0,0,0,0,0,0,0,8,5,13,0,0,0,0,0,0,32,38,70,2021-04-30T22:00:00Z
14,64,Čeminac,94,157,251,12,0,12,4,2,6,0,0,0,16,9,25,0,0,0,0,0,0,126,168,294,2021-04-30T22:00:00Z
14,65,Čepin,615,493,1108,97,28,125,53,25,78,4,5,9,158,92,250,0,0,0,3,4,7,930,647,1577,2021-04-30T22:00:00Z
14,66,Darda,1795,904,2699,54,29,83,34,4,38,2,3,5,59,53,112,0,0,0,1,1,2,1945,994,2939,2021-04-30T22:00:00Z
14,86,Donji Miholjac,1175,961,2136,91,50,141,158,41,199,3,19,22,159,120,279,0,0,0,4,2,6,1590,1193,2783,2021-04-30T22:00:00Z
14,91,Draž,94,122,216,10,2,12,16,6,22,0,0,0,8,12,20,0,0,0,0,1,1,128,143,271,2021-04-30T22:00:00Z
14,94,Drenje,96,145,241,32,7,39,52,21,73,0,0,0,13,21,34,0,0,0,0,0,0,193,194,387,2021-04-30T22:00:00Z
15,113,Ervenik,41,61,102,1,0,1,3,2,5,0,0,0,2,0,2,0,0,0,0,0,0,47,63,110,2021-04-30T22:00:00Z
15,183,Kijevo,37,38,75,2,0,2,0,0,0,0,0,0,0,0,0,0,0,0,0,0,0,39,38,77,2021-04-30T22:00:00Z
15,184,Kistanje,58,82,140,23,4,27,1,0,1,1,0,1,20,9,29,0,0,0,0,0,0,103,95,198,2021-04-30T22:00:00Z
15,196,Knin,1492,1491,2983,127,71,198,57,10,67,31,4,35,129,152,281,0,0,0,3,2,5,1839,1730,3569,2021-04-30T22:00:00Z
15,298,Promina,111,72,183,2,1,3,1,2,3,0,0,0,1,1,2,0,0,0,0,0,0,115,76,191,2021-04-30T22:00:00Z
15,310,Biskupija,78,52,130,3,0,3,2,1,3,1,0,1,0,0,0,0,0,0,0,0,0,84,53,137,2021-04-30T22:00:00Z
15,357,Primošten,292,313,605,87,25,112,7,1,8,6,0,6,75,56,131,0,1,1,0,3,3,467,399,866,2021-04-30T22:00:00Z
15,377,Ružić,36,47,83,4,0,4,5,7,12,0,0,0,1,12,13,0,0,0,0,0,0,46,66,112,2021-04-30T22:00:00Z
15,394,Skradin,121,177,298,44,13,57,19,7,26,2,3,5,36,37,73,0,0,0,0,2,2,222,239,461,2021-04-30T22:00:00Z
15,444,Šibenik,7853,8219,16072,650,350,1000,39,14,53,201,99,300,608,704,1312,0,0,0,29,34,63,9380,9420,18800,2021-04-30T22:00:00Z
15,454,Tisno,331,280,611,114,35,149,5,1,6,11,3,14,69,59,128,0,0,0,2,3,5,532,381,913,2021-04-30T22:00:00Z
15,469,Unešić,45,43,88,8,1,9,4,1,5,1,0,1,15,5,20,0,0,0,0,0,0,73,50,123,2021-04-30T22:00:00Z
15,500,Vodice,887,1017,1904,273,93,366,11,6,17,14,10,24,253,166,419,0,0,0,6,18,24,1444,1310,2754,2021-04-30T22:00:00Z
15,51,Civljane,44,12,56,1,2,3,0,0,0,0,0,0,1,3,4,0,0,0,0,0,0,46,17,63,2021-04-30T22:00:00Z
15,581,Pirovac,129,148,277,33,16,49,5,2,7,0,2,2,49,43,92,0,0,0,0,1,1,216,212,428,2021-04-30T22:00:00Z
15,582,Rogoznica,246,240,486,51,16,67,2,1,3,12,1,13,44,49,93,0,0,0,2,2,4,357,309,666,2021-04-30T22:00:00Z
15,617,Murter,252,284,536,64,33,97,6,1,7,15,3,18,93,65,158,0,0,0,9,3,12,439,389,828,2021-04-30T22:00:00Z
15,621,Bilice,73,48,121,19,9,28,0,0,0,7,0,7,25,17,42,0,0,0,0,0,0,124,74,198,2021-04-30T22:00:00Z
15,626,Tribunj,98,102,200,24,16,40,0,0,0,1,0,1,62,32,94,0,0,0,0,0,0,185,150,335,2021-04-30T22:00:00Z
15,95,Drniš,873,622,1495,67,54,121,49,19,68,6,8,14,88,88,176,0,0,0,1,1,2,1084,792,1876,2021-04-30T22:00:00Z
16,1,Andrijaševci,60,121,181,25,12,37,13,4,17,2,1,3,46,43,89,0,0,0,0,1,1,146,182,328,2021-04-30T22:00:00Z
16,137,Gradište,116,107,223,17,4,21,33,5,38,0,1,1,12,16,28,0,0,0,0,1,1,178,134,312,2021-04-30T22:00:00Z
16,141,Gunja,203,152,355,31,10,41,39,14,53,2,1,3,33,12,45,0,0,0,0,2,2,308,191,499,2021-04-30T22:00:00Z
16,154,Ilok,472,571,1043,66,24,90,49,17,66,1,3,4,109,97,206,0,0,0,1,3,4,698,715,1413,2021-04-30T22:00:00Z
16,159,Ivankovo,328,456,784,69,29,98,49,13,62,2,5,7,129,72,201,0,0,0,2,2,4,579,577,1156,2021-04-30T22:00:00Z
16,166,Jarmina,32,83,115,13,7,20,25,10,35,0,1,1,25,14,39,0,0,0,0,2,2,95,117,212,2021-04-30T22:00:00Z
16,239,Lovas,67,93,160,4,0,4,14,0,14,1,0,1,5,4,9,0,0,0,0,0,0,91,97,188,2021-04-30T22:00:00Z
16,26,Bogdanovci,28,54,82,3,0,3,7,4,11,0,0,0,19,3,22,0,0,0,0,0,0,57,61,118,2021-04-30T22:00:00Z
16,29,Borovo,81,126,207,44,14,58,30,5,35,2,3,5,66,67,133,0,0,0,2,1,3,225,216,441,2021-04-30T22:00:00Z
16,294,Nuštar,248,311,559,35,18,53,28,6,34,1,2,3,39,35,74,0,0,0,2,1,3,353,373,726,2021-04-30T22:00:00Z
16,295,Nijemci,195,211,406,21,7,28,86,24,110,1,1,2,46,27,73,0,0,0,1,2,3,350,272,622,2021-04-30T22:00:00Z
16,3,Babina Greda,145,137,282,31,12,43,83,29,112,3,0,3,31,39,70,0,0,0,0,0,0,293,217,510,2021-04-30T22:00:00Z
16,32,Bošnjaci,139,124,263,23,6,29,38,7,45,3,0,3,32,30,62,0,0,0,1,0,1,236,167,403,2021-04-30T22:00:00Z
16,414,Stari Jankovci,130,167,297,21,3,24,40,11,51,1,0,1,32,15,47,0,0,0,0,1,1,224,197,421,2021-04-30T22:00:00Z
16,415,Stari Mikanovci,97,141,238,18,9,27,21,12,33,2,1,3,29,35,64,0,0,0,0,0,0,167,198,365,2021-04-30T22:00:00Z
16,44,Cerna,398,232,630,41,19,60,45,18,63,1,1,2,69,61,130,0,0,0,0,0,0,554,331,885,2021-04-30T22:00:00Z
16,456,Tompojevci,23,53,76,16,3,19,37,13,50,0,1,1,16,18,34,0,0,0,0,0,0,92,88,180,2021-04-30T22:00:00Z
16,458,Tordinci,87,98,185,6,2,8,11,0,11,1,0,1,6,9,15,0,0,0,0,1,1,111,110,221,2021-04-30T22:00:00Z
16,459,Tovarnik,164,162,326,18,3,21,44,20,64,1,2,3,12,13,25,0,0,0,0,2,2,239,202,441,2021-04-30T22:00:00Z
16,464,Trpinja,126,234,360,21,7,28,77,10,87,3,0,3,40,23,63,0,0,0,1,0,1,268,274,542,2021-04-30T22:00:00Z
16,487,Vinkovci,8056,6328,14384,287,176,463,38,22,60,56,52,108,474,616,1090,1,0,1,12,12,24,8924,7206,16130,2021-04-30T22:00:00Z
16,505,Vrbanja,248,159,407,28,12,40,71,16,87,2,1,3,26,24,50,0,0,0,0,0,0,375,212,587,2021-04-30T22:00:00Z
16,518,Vukovar,4319,4742,9061,285,145,430,87,37,124,24,35,59,425,385,810,0,0,0,13,11,24,5153,5355,10508,2021-04-30T22:00:00Z
16,534,Županja,2008,1589,3597,133,54,187,39,11,50,22,23,45,182,192,374,1,0,1,5,3,8,2390,1872,4262,2021-04-30T22:00:00Z
16,535,Otok (Vinkovci),391,319,710,37,18,55,58,14,72,9,1,10,65,44,109,0,0,0,1,2,3,561,398,959,2021-04-30T22:00:00Z
16,583,Privlaka,100,140,240,16,4,20,21,10,31,0,2,2,15,20,35,0,0,0,0,0,0,152,176,328,2021-04-30T22:00:00Z
16,584,Vođinci,36,173,209,15,2,17,7,6,13,0,1,1,14,12,26,0,0,0,0,1,1,72,195,267,2021-04-30T22:00:00Z
16,610,Markušica,37,62,99,10,3,13,53,13,66,0,1,1,9,12,21,0,0,0,1,0,1,110,91,201,2021-04-30T22:00:00Z
16,612,Negoslavci,23,36,59,5,0,5,12,3,15,1,0,1,17,14,31,0,0,0,0,0,0,58,53,111,2021-04-30T22:00:00Z
16,628,Štitar,103,76,179,6,0,6,13,4,17,0,1,1,11,7,18,0,0,0,0,0,0,133,88,221,2021-04-30T22:00:00Z
16,92,Drenovci,105,210,315,38,6,44,105,37,142,1,0,1,46,36,82,0,0,0,0,0,0,295,289,584,2021-04-30T22:00:00Z
17,100,Dugi Rat,614,639,1253,84,34,118,1,2,3,31,3,34,172,108,280,0,0,0,5,8,13,907,794,1701,2021-04-30T22:00:00Z
17,134,Gradac,151,193,344,47,15,62,5,1,6,2,1,3,41,52,93,0,0,0,1,9,10,247,271,518,2021-04-30T22:00:00Z
17,148,Hrvace,253,161,414,33,15,48,4,7,11,0,3,3,53,44,97,0,0,0,0,2,2,343,232,575,2021-04-30T22:00:00Z
17,153,Hvar,630,596,1226,192,82,274,16,10,26,18,8,26,214,183,397,2,0,2,19,26,45,1091,905,1996,2021-04-30T22:00:00Z
17,155,Imotski,1314,1311,2625,159,92,251,14,7,21,30,14,44,129,181,310,0,0,0,11,9,20,1657,1614,3271,2021-04-30T22:00:00Z
17,171,Jelsa,358,342,700,97,25,122,31,12,43,11,0,11,134,57,191,0,0,0,11,9,20,642,445,1087,2021-04-30T22:00:00Z
17,181,Kaštela,3329,3689,7018,477,224,701,22,13,35,144,39,183,501,505,1006,0,0,0,87,28,115,4560,4498,9058,2021-04-30T22:00:00Z
17,192,Klis,238,175,413,35,7,42,6,4,10,20,2,22,51,29,80,0,0,0,0,2,2,350,219,569,2021-04-30T22:00:00Z
17,197,Komiža,131,129,260,62,14,76,5,0,5,5,2,7,38,37,75,0,0,0,4,6,10,245,188,433,2021-04-30T22:00:00Z
17,243,Lovreć,139,83,222,16,10,26,3,0,3,3,0,3,19,13,32,0,0,0,2,2,4,182,108,290,2021-04-30T22:00:00Z
17,249,Makarska,2394,2340,4734,281,171,452,4,2,6,51,29,80,365,383,748,0,0,0,35,61,96,3130,2986,6116,2021-04-30T22:00:00Z
17,258,Marina,193,249,442,59,25,84,4,5,9,17,0,17,44,60,104,1,0,1,3,2,5,321,341,662,2021-04-30T22:00:00Z
17,267,Milna,82,83,165,24,6,30,4,1,5,5,0,5,24,32,56,0,0,0,3,2,5,142,124,266,2021-04-30T22:00:00Z
17,27,Bol,305,384,689,60,20,80,5,2,7,5,2,7,59,23,82,0,0,0,3,3,6,437,434,871,2021-04-30T22:00:00Z
17,280,Nerežišća,155,61,216,15,2,17,5,2,7,1,0,1,29,17,46,0,0,0,1,0,1,206,82,288,2021-04-30T22:00:00Z
17,300,Omiš,1449,1636,3085,234,87,321,12,5,17,45,16,61,327,290,617,0,0,0,3,3,6,2070,2037,4107,2021-04-30T22:00:00Z
17,314,Otok,198,212,410,41,18,59,12,0,12,4,0,4,83,47,130,0,0,0,0,1,1,338,278,616,2021-04-30T22:00:00Z
17,337,Podbablje,269,171,440,34,3,37,6,0,6,2,1,3,20,33,53,0,0,0,2,4,6,333,212,545,2021-04-30T22:00:00Z
17,339,Podgora,288,235,523,63,17,80,0,1,1,2,0,2,51,26,77,0,0,0,3,2,5,407,281,688,2021-04-30T22:00:00Z
17,341,Podstrana,799,634,1433,63,20,83,16,4,20,44,4,48,60,93,153,1,0,1,4,20,24,987,775,1762,2021-04-30T22:00:00Z
17,350,Postira,257,235,492,38,16,54,9,3,12,0,3,3,13,14,27,0,0,0,1,1,2,318,272,590,2021-04-30T22:00:00Z
17,358,Pučišća,235,123,358,48,7,55,5,4,9,5,0,5,34,15,49,0,0,0,3,1,4,330,150,480,2021-04-30T22:00:00Z
17,382,Seget,470,396,866,41,9,50,7,3,10,6,2,8,152,78,230,0,0,0,5,5,10,681,493,1174,2021-04-30T22:00:00Z
17,383,Selca,122,107,229,41,16,57,9,3,12,3,1,4,72,31,103,0,0,0,1,3,4,248,161,409,2021-04-30T22:00:00Z
17,389,Sinj,1849,2007,3856,262,134,396,54,16,70,44,43,87,295,382,677,0,0,0,8,20,28,2512,2602,5114,2021-04-30T22:00:00Z
17,406,Solin,3612,3002,6614,260,135,395,12,6,18,120,34,154,310,308,618,0,0,0,12,9,21,4326,3494,7820,2021-04-30T22:00:00Z
17,409,Split,35098,37666,72764,1483,1079,2562,63,41,104,2141,442,2583,1582,2270,3852,4,0,4,159,176,335,40530,41674,82204,2021-04-30T22:00:00Z
17,413,Stari Grad,358,333,691,62,23,85,20,12,32,7,4,11,52,44,96,0,0,0,3,9,12,502,425,927,2021-04-30T22:00:00Z
17,423,Sućuraj,21,23,44,23,2,25,3,2,5,0,0,0,13,10,23,0,0,0,0,1,1,60,38,98,2021-04-30T22:00:00Z
17,427,Supetar,613,774,1387,122,66,188,16,6,22,23,9,32,129,139,268,0,0,0,5,3,8,908,997,1905,2021-04-30T22:00:00Z
17,443,Šestanovac,144,151,295,26,4,30,9,1,10,2,2,4,22,21,43,0,0,0,2,0,2,205,179,384,2021-04-30T22:00:00Z
17,447,Šolta,180,140,320,16,13,29,9,3,12,12,0,12,15,20,35,0,0,0,3,1,4,235,177,412,2021-04-30T22:00:00Z
17,460,Trilj,473,525,998,111,30,141,18,7,25,17,3,20,100,129,229,0,0,0,0,6,6,719,700,1419,2021-04-30T22:00:00Z
17,463,Trogir,1886,1851,3737,329,155,484,16,3,19,68,37,105,353,480,833,0,0,0,19,24,43,2671,2550,5221,2021-04-30T22:00:00Z
17,492,Vis,239,274,513,46,17,63,17,3,20,5,2,7,49,43,92,0,0,0,10,4,14,366,343,709,2021-04-30T22:00:00Z
17,50,Cista Provo,121,139,260,25,2,27,10,0,10,1,0,1,6,9,15,0,0,0,1,4,5,164,154,318,2021-04-30T22:00:00Z
17,511,Vrgorac,950,709,1659,50,24,74,25,15,40,5,5,10,50,84,134,0,0,0,1,2,3,1081,839,1920,2021-04-30T22:00:00Z
17,513,Vrlika,96,202,298,17,4,21,13,4,17,2,0,2,25,3,28,0,0,0,2,0,2,155,213,368,2021-04-30T22:00:00Z
17,522,Zagvozd,139,71,210,15,2,17,2,0,2,0,0,0,10,12,22,0,0,0,0,0,0,166,85,251,2021-04-30T22:00:00Z
17,528,Zmijavci,84,117,201,6,2,8,1,1,2,2,0,2,25,9,34,0,0,0,0,1,1,118,130,248,2021-04-30T22:00:00Z
17,585,Dugopolje,1373,732,2105,33,10,43,5,5,10,11,1,12,60,51,111,0,0,0,0,0,0,1482,799,2281,2021-04-30T22:00:00Z
17,586,Lećevica,12,26,38,5,0,5,1,1,2,2,0,2,1,1,2,0,0,0,0,0,0,21,28,49,2021-04-30T22:00:00Z
17,587,Lokvičići,36,19,55,1,0,1,2,0,2,0,0,0,2,2,4,0,0,0,1,0,1,42,21,63,2021-04-30T22:00:00Z
17,588,Okrug,143,194,337,34,9,43,1,0,1,13,5,18,103,37,140,0,0,0,2,5,7,296,250,546,2021-04-30T22:00:00Z
17,589,Prgomet,38,23,61,7,0,7,2,1,3,0,0,0,4,2,6,0,0,0,0,0,0,51,26,77,2021-04-30T22:00:00Z
17,590,Primorski Dolac,18,27,45,4,1,5,1,1,2,1,1,2,2,5,7,0,0,0,0,0,0,26,35,61,2021-04-30T22:00:00Z
17,591,Runovići,80,66,146,8,3,11,0,1,1,0,2,2,28,36,64,0,0,0,0,1,1,116,109,225,2021-04-30T22:00:00Z
17,592,Sutivan,102,81,183,14,5,19,5,1,6,7,1,8,29,14,43,0,0,0,0,1,1,157,103,260,2021-04-30T22:00:00Z
17,593,Tučepi,232,226,458,32,21,53,0,1,1,4,3,7,47,31,78,0,0,0,1,4,5,316,286,602,2021-04-30T22:00:00Z
17,595,Zadvarje,28,26,54,8,1,9,0,1,1,1,0,1,12,4,16,0,0,0,0,0,0,49,32,81,2021-04-30T22:00:00Z
17,72,Dicmo,454,177,631,32,17,49,3,2,5,2,1,3,34,45,79,0,0,0,1,1,2,526,243,769,2021-04-30T22:00:00Z
17,77,Brela,211,216,427,32,14,46,0,1,1,1,1,2,32,36,68,0,0,0,3,2,5,279,270,549,2021-04-30T22:00:00Z
17,87,Muć,184,185,369,19,3,22,1,5,6,2,4,6,11,13,24,0,0,0,1,1,2,218,211,429,2021-04-30T22:00:00Z
17,88,Proložac,195,169,364,15,4,19,1,4,5,0,0,0,35,17,52,0,0,0,3,1,4,249,195,444,2021-04-30T22:00:00Z
17,9,Baška Voda,230,286,516,70,37,107,2,0,2,5,2,7,65,61,126,0,0,0,7,10,17,379,396,775,2021-04-30T22:00:00Z
18,132,Gračišće,46,27,73,28,4,32,11,3,14,0,0,0,36,9,45,0,0,0,0,0,0,121,43,164,2021-04-30T22:00:00Z
18,138,Grožnjan,26,25,51,15,3,18,13,5,18,0,0,0,11,14,25,0,0,0,0,1,1,65,48,113,2021-04-30T22:00:00Z
18,175,Kanfanar,487,187,674,26,8,34,4,0,4,1,0,1,24,19,43,0,0,0,1,1,2,543,215,758,2021-04-30T22:00:00Z
18,217,Kršan,336,301,637,50,14,64,8,4,12,2,0,2,106,53,159,0,0,0,2,3,5,504,375,879,2021-04-30T22:00:00Z
18,222,Labin,2535,2348,4883,252,122,374,16,10,26,29,38,67,294,234,528,0,0,0,15,16,31,3141,2768,5909,2021-04-30T22:00:00Z
18,223,Lanišće,13,14,27,4,0,4,2,0,2,0,0,0,6,3,9,0,0,0,0,1,1,25,18,43,2021-04-30T22:00:00Z
18,235,Ližnjan,126,109,235,11,3,14,2,0,2,4,0,4,25,37,62,0,0,0,8,26,34,176,175,351,2021-04-30T22:00:00Z
18,246,Lupoglav,183,93,276,11,5,16,7,2,9,0,1,1,13,14,27,0,0,0,0,0,0,214,115,329,2021-04-30T22:00:00Z
18,254,Marčana,159,165,324,39,13,52,3,2,5,5,1,6,45,24,69,0,0,0,2,1,3,253,206,459,2021-04-30T22:00:00Z
18,263,Medulin,645,622,1267,94,53,147,7,2,9,8,6,14,136,159,295,0,0,0,1,1,2,891,843,1734,2021-04-30T22:00:00Z
18,274,Motovun,92,111,203,32,13,45,22,5,27,0,1,1,35,33,68,0,0,0,1,2,3,182,165,347,2021-04-30T22:00:00Z
18,291,Novigrad,795,986,1781,127,53,180,19,4,23,3,9,12,153,134,287,0,0,0,4,8,12,1101,1194,2295,2021-04-30T22:00:00Z
18,304,Oprtalj,63,77,140,11,4,15,13,2,15,0,0,0,11,11,22,0,0,0,4,2,6,102,96,198,2021-04-30T22:00:00Z
18,321,Pazin,1975,1929,3904,287,114,401,54,25,79,15,23,38,319,207,526,0,0,0,6,15,21,2656,2313,4969,2021-04-30T22:00:00Z
18,330,Pićan,341,169,510,29,5,34,2,5,7,1,1,2,54,20,74,0,0,0,1,1,2,428,201,629,2021-04-30T22:00:00Z
18,348,Poreč,4842,4913,9755,633,310,943,43,19,62,59,50,109,622,546,1168,0,0,0,23,18,41,6222,5856,12078,2021-04-30T22:00:00Z
18,359,Pula,12767,12599,25366,1194,610,1804,64,42,106,290,168,458,935,1166,2101,0,0,0,72,60,132,15322,14645,29967,2021-04-30T22:00:00Z
18,368,Raša,264,167,431,29,9,38,1,0,1,5,1,6,48,22,70,0,0,0,1,1,2,348,200,548,2021-04-30T22:00:00Z
18,374,Rovinj,3084,3399,6483,398,228,626,26,10,36,27,37,64,545,477,1022,0,0,0,17,21,38,4097,4172,8269,2021-04-30T22:00:00Z
18,40,Brtonigla,158,97,255,38,14,52,23,9,32,1,1,2,44,45,89,0,0,0,2,1,3,266,167,433,2021-04-30T22:00:00Z
18,42,Buje,773,744,1517,94,45,139,27,10,37,8,10,18,68,67,135,0,0,0,3,4,7,973,880,1853,2021-04-30T22:00:00Z
18,43,Buzet,1575,1048,2623,168,65,233,21,14,35,5,5,10,116,107,223,0,0,0,9,8,17,1894,1247,3141,2021-04-30T22:00:00Z
18,431,Sveti Lovreč,47,56,103,20,10,30,3,0,3,0,1,1,35,17,52,0,0,0,0,0,0,105,84,189,2021-04-30T22:00:00Z
18,432,Sveta Nedelja,143,136,279,29,7,36,7,3,10,4,0,4,40,16,56,0,0,0,6,3,9,229,165,394,2021-04-30T22:00:00Z
18,433,Sveti Petar U Šumi,149,100,249,21,5,26,2,4,6,0,0,0,15,2,17,0,0,0,1,1,2,188,112,300,2021-04-30T22:00:00Z
18,435,Svetvinčenat,118,103,221,20,5,25,1,0,1,0,1,1,29,20,49,0,0,0,0,0,0,168,129,297,2021-04-30T22:00:00Z
18,453,Tinjan,192,108,300,41,9,50,4,0,4,1,3,4,60,27,87,0,0,0,1,0,1,299,147,446,2021-04-30T22:00:00Z
18,468,Umag,2626,2357,4983,386,167,553,30,17,47,31,34,65,317,341,658,0,0,0,15,22,37,3405,2938,6343,2021-04-30T22:00:00Z
18,47,Cerovlje,94,47,141,36,2,38,4,4,8,0,0,0,33,14,47,0,0,0,1,2,3,168,69,237,2021-04-30T22:00:00Z
18,497,Višnjan,258,244,502,43,13,56,9,3,12,1,1,2,90,36,126,0,0,0,2,0,2,403,297,700,2021-04-30T22:00:00Z
18,498,Vižinada,58,43,101,25,5,30,16,5,21,1,0,1,33,23,56,0,0,0,0,1,1,133,77,210,2021-04-30T22:00:00Z
18,5,Bale,126,109,235,27,17,44,3,2,5,0,0,0,46,25,71,0,0,0,1,1,2,203,154,357,2021-04-30T22:00:00Z
18,502,Vodnjan,721,576,1297,50,22,72,11,3,14,9,4,13,103,55,158,0,0,0,0,0,0,894,660,1554,2021-04-30T22:00:00Z
18,516,Vrsar,374,441,815,84,37,121,3,1,4,7,1,8,154,134,288,0,0,0,7,5,12,629,619,1248,2021-04-30T22:00:00Z
18,531,Žminj,464,398,862,98,42,140,12,4,16,1,5,6,100,69,169,0,0,0,5,1,6,680,519,1199,2021-04-30T22:00:00Z
18,596,Karojba,102,86,188,32,6,38,2,1,3,0,0,0,45,10,55,0,1,1,0,0,0,181,104,285,2021-04-30T22:00:00Z
18,597,Kaštelir - Labinci,177,75,252,30,13,43,6,3,9,2,0,2,52,17,69,0,0,0,1,3,4,268,111,379,2021-04-30T22:00:00Z
18,6,Barban,228,111,339,38,5,43,9,5,14,0,1,1,24,24,48,0,0,0,5,2,7,304,148,452,2021-04-30T22:00:00Z
18,619,Fažana,276,223,499,26,14,40,0,1,1,3,2,5,52,62,114,0,0,0,0,2,2,357,304,661,2021-04-30T22:00:00Z
18,629,Funtana,132,143,275,22,11,33,2,0,2,0,0,0,74,58,132,0,0,0,1,2,3,231,214,445,2021-04-30T22:00:00Z
18,631,Tar-Vabriga,183,253,436,41,17,58,1,0,1,0,0,0,54,47,101,0,0,0,1,1,2,280,318,598,2021-04-30T22:00:00Z
19,198,Konavle,1114,836,1950,203,73,276,20,9,29,31,8,39,83,123,206,0,0,0,8,11,19,1459,1060,2519,2021-04-30T22:00:00Z
19,204,Korčula,679,883,1562,143,56,199,15,7,22,115,10,125,129,131,260,0,0,0,29,21,50,1110,1108,2218,2021-04-30T22:00:00Z
19,219,Kula Norinska,50,63,113,13,1,14,2,0,2,1,0,1,6,6,12,0,0,0,1,0,1,73,70,143,2021-04-30T22:00:00Z
19,226,Lastovo,66,95,161,28,10,38,2,1,3,7,1,8,13,9,22,0,0,0,2,4,6,118,120,238,2021-04-30T22:00:00Z
19,25,Blato,568,408,976,63,19,82,18,4,22,7,8,15,177,50,227,0,0,0,5,7,12,838,496,1334,2021-04-30T22:00:00Z
19,264,Metković,2018,1665,3683,181,101,282,34,22,56,43,21,64,290,283,573,0,0,0,12,9,21,2578,2101,4679,2021-04-30T22:00:00Z
19,268,Mljet,175,94,269,23,9,32,4,0,4,5,2,7,16,14,30,0,0,0,4,2,6,227,121,348,2021-04-30T22:00:00Z
19,306,Opuzen,430,344,774,32,16,48,46,22,68,6,1,7,21,26,47,0,0,0,0,1,1,535,410,945,2021-04-30T22:00:00Z
19,308,Orebić,395,411,806,81,44,125,32,8,40,37,6,43,90,82,172,0,0,0,3,14,17,638,565,1203,2021-04-30T22:00:00Z
19,335,Ploče,1364,896,2260,79,42,121,19,4,23,28,6,34,95,131,226,0,0,0,5,3,8,1590,1082,2672,2021-04-30T22:00:00Z
19,343,Pojezerje,29,52,81,4,2,6,7,0,7,0,0,0,1,3,4,0,0,0,0,0,0,41,57,98,2021-04-30T22:00:00Z
19,399,Slivno,520,56,576,10,7,17,17,6,23,0,0,0,5,13,18,1,0,1,1,0,1,554,82,636,2021-04-30T22:00:00Z
19,402,Smokvica,27,74,101,14,4,18,12,4,16,7,0,7,34,6,40,0,0,0,3,2,5,97,90,187,2021-04-30T22:00:00Z
19,419,Ston,573,229,802,52,14,66,24,4,28,10,1,11,44,25,69,0,0,0,1,4,5,704,277,981,2021-04-30T22:00:00Z
19,474,Vela Luka,301,524,825,60,20,80,9,1,10,33,3,36,81,50,131,0,0,0,8,8,16,492,606,1098,2021-04-30T22:00:00Z
19,523,Zažablje,14,22,36,4,0,4,5,2,7,1,0,1,12,2,14,0,0,0,0,0,0,36,26,62,2021-04-30T22:00:00Z
19,598,Dubrovačko Primorje,162,110,272,23,7,30,5,6,11,6,2,8,38,21,59,0,0,0,1,3,4,235,149,384,2021-04-30T22:00:00Z
19,599,Janjina,218,63,281,11,5,16,9,3,12,3,1,4,8,10,18,0,0,0,1,1,2,250,83,333,2021-04-30T22:00:00Z
19,600,Lumbarda,43,58,101,43,14,57,10,1,11,7,0,7,24,23,47,0,0,0,6,2,8,133,98,231,2021-04-30T22:00:00Z
19,601,Trpanj,50,47,97,15,3,18,2,2,4,5,1,6,21,8,29,0,0,0,2,3,5,95,64,159,2021-04-30T22:00:00Z
19,602,Župa Dubrovačka,661,625,1286,119,59,178,5,5,10,62,2,64,79,73,152,0,0,0,4,2,6,930,766,1696,2021-04-30T22:00:00Z
19,98,Dubrovnik,9959,10485,20444,772,403,1175,29,14,43,547,72,619,588,686,1274,0,0,0,91,103,194,11986,11763,23749,2021-04-30T22:00:00Z
20,123,Goričan,313,150,463,6,4,10,9,2,11,0,2,2,11,13,24,0,0,0,0,0,0,339,171,510,2021-04-30T22:00:00Z
20,15,Belica,195,193,388,25,17,42,62,45,107,1,1,2,27,36,63,0,0,0,0,1,1,310,293,603,2021-04-30T22:00:00Z
20,206,Kotoriba,497,249,746,9,3,12,6,0,6,0,5,5,16,17,33,0,0,0,0,0,0,528,274,802,2021-04-30T22:00:00Z
20,250,Mala Subotica,477,976,1453,26,20,46,34,19,53,3,4,7,41,31,72,0,0,0,0,4,4,581,1054,1635,2021-04-30T22:00:00Z
20,276,Mursko Središće,747,747,1494,42,27,69,15,7,22,3,7,10,61,55,116,0,0,0,1,1,2,869,844,1713,2021-04-30T22:00:00Z
20,279,Nedelišće,1338,755,2093,96,37,133,41,18,59,1,6,7,136,63,199,0,0,0,0,5,5,1612,884,2496,2021-04-30T22:00:00Z
20,342,Podturen,205,103,308,20,6,26,17,15,32,1,2,3,53,30,83,0,0,0,0,2,2,296,158,454,2021-04-30T22:00:00Z
20,355,Prelog,2339,1649,3988,73,16,89,47,31,78,8,10,18,68,56,124,0,0,0,6,9,15,2541,1771,4312,2021-04-30T22:00:00Z
20,385,Selnica,135,124,259,7,7,14,8,5,13,1,2,3,15,18,33,0,0,0,0,0,0,166,156,322,2021-04-30T22:00:00Z
20,440,Sveti Juraj Na Bregu,270,158,428,27,13,40,13,7,20,2,2,4,48,66,114,0,0,0,0,0,0,360,246,606,2021-04-30T22:00:00Z
20,441,Sveti Martin Na Muri,550,325,875,9,9,18,12,4,16,0,3,3,28,37,65,0,0,0,1,1,2,600,379,979,2021-04-30T22:00:00Z
20,452,Štrigova,273,189,462,26,10,36,42,24,66,2,2,4,70,61,131,0,0,0,2,0,2,415,286,701,2021-04-30T22:00:00Z
20,504,Vratišinec,153,91,244,6,4,10,11,3,14,1,1,2,7,6,13,0,0,0,1,1,2,179,106,285,2021-04-30T22:00:00Z
20,60,Čakovec,9848,9405,19253,257,125,382,63,26,89,37,62,99,293,371,664,0,0,0,6,16,22,10504,10005,20509,2021-04-30T22:00:00Z
20,603,Dekanovec,98,77,175,5,2,7,7,6,13,0,0,0,6,3,9,0,0,0,0,1,1,116,89,205,2021-04-30T22:00:00Z
20,604,Gornji Mihaljevec,130,51,181,11,2,13,23,7,30,2,2,4,21,12,33,0,0,0,1,0,1,188,74,262,2021-04-30T22:00:00Z
20,605,Orehovica,95,125,220,16,2,18,29,13,42,1,2,3,44,19,63,0,0,0,1,2,3,186,163,349,2021-04-30T22:00:00Z
20,606,Strahoninec,237,138,375,12,4,16,3,1,4,0,1,1,35,13,48,0,0,0,0,1,1,287,158,445,2021-04-30T22:00:00Z
20,607,Sveta Marija,75,74,149,13,5,18,6,0,6,1,1,2,26,9,35,0,0,0,0,1,1,121,90,211,2021-04-30T22:00:00Z
20,608,Šenkovec,532,232,764,18,12,30,2,1,3,0,1,1,29,28,57,0,0,0,3,2,5,584,276,860,2021-04-30T22:00:00Z
20,620,Pribislavec,341,197,538,11,6,17,3,1,4,2,1,3,13,11,24,0,0,0,0,0,0,370,216,586,2021-04-30T22:00:00Z
20,75,Domašinec,280,108,388,7,10,17,18,15,33,0,1,1,15,11,26,0,0,0,2,2,4,322,147,469,2021-04-30T22:00:00Z
20,78,Donja Dubrava,176,218,394,13,7,20,6,3,9,0,1,1,12,11,23,0,0,0,0,0,0,207,240,447,2021-04-30T22:00:00Z
20,82,Donji Kraljevec,1319,596,1915,37,10,47,51,19,70,3,6,9,79,126,205,0,0,0,4,6,10,1493,763,2256,2021-04-30T22:00:00Z
20,89,Donji Vidovec,50,73,123,2,1,3,2,0,2,1,2,3,3,14,17,0,0,0,0,0,0,58,90,148,2021-04-30T22:00:00Z
21,133,Zagreb,225713,205969,431682,7887,5307,13194,303,195,498,2267,2118,4385,5804,7134,12938,21,4,25,388,570,958,242383,221297,463680,2021-04-30T22:00:00Z
01,101,Dugo Selo,2907,1966,4873,231,94,325,24,23,47,25,26,51,294,255,549,0,0,0,7,15,22,3488,2379,5867,2021-05-31T22:00:00Z
01,114,Farkaševac,173,235,408,7,4,11,28,11,39,0,2,2,35,16,51,0,0,0,0,0,0,243,268,511,2021-05-31T22:00:00Z
01,135,Gradec,153,125,278,13,2,15,13,7,20,0,1,1,43,19,62,0,0,0,0,0,0,222,154,376,2021-05-31T22:00:00Z
01,158,Ivanić-Grad,2959,1650,4609,100,75,175,53,32,85,8,20,28,150,199,349,0,0,0,12,10,22,3282,1986,5268,2021-05-31T22:00:00Z
01,163,Jakovlje,247,210,457,41,8,49,8,12,20,3,0,3,38,30,68,0,0,0,0,0,0,337,260,597,2021-05-31T22:00:00Z
01,169,Jastrebarsko,2202,1590,3792,213,110,323,60,33,93,16,20,36,250,246,496,0,0,0,8,10,18,2749,2009,4758,2021-05-31T22:00:00Z
01,190,Klinča Selo,204,158,362,36,7,43,6,3,9,0,0,0,74,51,125,0,0,0,0,1,1,320,220,540,2021-05-31T22:00:00Z
01,193,Kloštar Ivanić,396,285,681,25,7,32,19,6,25,1,11,12,53,46,99,1,0,1,2,0,2,497,355,852,2021-05-31T22:00:00Z
01,213,Križ,587,403,990,24,21,45,21,14,35,4,6,10,25,58,83,0,0,0,2,1,3,663,503,1166,2021-05-31T22:00:00Z
01,33,Brckovljani,314,320,634,8,4,12,0,0,0,1,2,3,24,16,40,0,0,0,0,0,0,347,342,689,2021-05-31T22:00:00Z
01,331,Pisarovina,380,316,696,27,20,47,26,19,45,1,2,3,25,29,54,0,0,0,2,3,5,461,389,850,2021-05-31T22:00:00Z
01,34,Brdovec,823,698,1521,104,32,136,15,6,21,3,7,10,83,56,139,1,0,1,5,4,9,1034,803,1837,2021-05-31T22:00:00Z
01,356,Preseka,20,9,29,5,2,7,13,12,25,0,1,1,16,8,24,0,0,0,1,0,1,55,32,87,2021-05-31T22:00:00Z
01,362,Pušča,160,193,353,28,13,41,7,2,9,1,3,4,55,26,81,0,0,0,0,0,0,251,237,488,2021-05-31T22:00:00Z
01,376,Rugvica,1141,453,1594,8,4,12,4,2,6,1,2,3,27,25,52,0,0,0,0,0,0,1181,486,1667,2021-05-31T22:00:00Z
01,380,Samobor,5343,3733,9076,503,299,802,26,24,50,42,69,111,526,490,1016,0,0,0,34,26,60,6474,4641,11115,2021-05-31T22:00:00Z
01,429,Sveti Ivan Zelina,2192,1848,4040,169,73,242,75,54,129,16,20,36,271,227,498,0,0,0,11,2,13,2734,2224,4958,2021-05-31T22:00:00Z
01,436,Sveta Nedjelja,5384,3181,8565,226,83,309,7,4,11,9,13,22,370,189,559,0,0,0,9,12,21,6005,3482,9487,2021-05-31T22:00:00Z
01,508,Vrbovec,2139,1968,4107,153,71,224,73,35,108,7,21,28,300,161,461,0,0,0,7,12,19,2679,2268,4947,2021-05-31T22:00:00Z
01,533,Krašić,252,173,425,27,8,35,17,10,27,4,3,7,27,33,60,0,0,0,1,1,2,328,228,556,2021-05-31T22:00:00Z
01,536,Rakovec,25,16,41,10,2,12,12,7,19,0,1,1,21,12,33,0,0,0,0,0,0,68,38,106,2021-05-31T22:00:00Z
01,539,Marija Gorica,78,95,173,14,3,17,0,0,0,1,1,2,19,22,41,0,0,0,0,0,0,112,121,233,2021-05-31T22:00:00Z
01,540,Žumberak,15,19,34,4,2,6,6,4,10,0,0,0,7,8,15,0,0,0,0,0,0,32,33,65,2021-05-31T22:00:00Z
01,541,Velika Gorica,7716,5968,13684,617,348,965,70,33,103,61,68,129,606,554,1160,0,0,0,28,25,53,9098,6996,16094,2021-05-31T22:00:00Z
01,542,Orle,49,35,84,15,0,15,8,5,13,0,0,0,10,4,14,0,0,0,0,0,0,82,44,126,2021-05-31T22:00:00Z
01,543,Zaprešić,3361,2903,6264,216,145,361,13,10,23,34,42,76,263,232,495,0,0,0,17,17,34,3904,3349,7253,2021-05-31T22:00:00Z
01,544,Pokupsko,40,69,109,10,6,16,13,6,19,1,0,1,7,9,16,0,0,0,0,0,0,71,90,161,2021-05-31T22:00:00Z
01,545,Kravarsko,108,89,197,31,7,38,6,6,12,0,0,0,69,16,85,0,0,0,1,1,2,215,119,334,2021-05-31T22:00:00Z
01,547,Bistra,355,529,884,43,25,68,7,6,13,2,8,10,60,54,114,1,0,1,2,1,3,470,623,1093,2021-05-31T22:00:00Z
01,548,Luka,246,90,336,14,2,16,2,4,6,1,1,2,22,17,39,0,0,0,0,0,0,285,114,399,2021-05-31T22:00:00Z
01,549,Dubravica,74,42,116,15,0,15,15,7,22,0,0,0,13,15,28,0,0,0,0,0,0,117,64,181,2021-05-31T22:00:00Z
01,550,Bedenica,212,144,356,13,4,17,6,5,11,1,1,2,14,12,26,0,0,0,0,0,0,246,166,412,2021-05-31T22:00:00Z
01,551,Stupnik,1328,493,1821,25,17,42,0,3,3,2,2,4,22,27,49,0,0,0,1,1,2,1378,543,1921,2021-05-31T22:00:00Z
01,97,Dubrava,295,323,618,43,20,63,65,41,106,4,12,16,69,67,136,0,0,0,2,7,9,478,470,948,2021-05-31T22:00:00Z
02,108,Đurmanec,108,138,246,57,11,68,2,2,4,3,1,4,112,92,204,0,0,0,1,0,1,283,244,527,2021-05-31T22:00:00Z
02,11,Bedekovčina,506,752,1258,89,41,130,7,7,14,6,9,15,137,113,250,0,0,0,3,2,5,748,924,1672,2021-05-31T22:00:00Z
02,125,Gornja Stubica,200,283,483,50,14,64,7,3,10,1,1,2,69,46,115,0,0,0,1,1,2,328,348,676,2021-05-31T22:00:00Z
02,146,Hraščina,48,46,94,8,2,10,2,3,5,0,1,1,4,7,11,0,0,0,0,0,0,62,59,121,2021-05-31T22:00:00Z
02,152,Hum Na Sutli,1550,633,2183,54,31,85,4,0,4,1,7,8,249,75,324,0,0,0,1,3,4,1859,749,2608,2021-05-31T22:00:00Z
02,187,Klanjec,298,266,564,65,23,88,9,6,15,5,1,6,69,47,116,0,0,0,2,2,4,448,345,793,2021-05-31T22:00:00Z
02,200,Konjščina,445,376,821,34,16,50,2,0,2,1,2,3,32,32,64,0,0,0,0,0,0,514,426,940,2021-05-31T22:00:00Z
02,208,Kraljevec Na Sutli,64,48,112,14,6,20,4,2,6,0,0,0,17,7,24,0,0,0,0,2,2,99,65,164,2021-05-31T22:00:00Z
02,211,Krapina,2725,2564,5289,176,81,257,8,6,14,18,17,35,210,175,385,0,0,0,1,5,6,3138,2848,5986,2021-05-31T22:00:00Z
02,212,Krapinske Toplice,574,1181,1755,69,37,106,4,5,9,0,5,5,114,72,186,0,0,0,0,1,1,761,1301,2062,2021-05-31T22:00:00Z
02,236,Lobor,157,211,368,21,8,29,4,5,9,0,0,0,37,17,54,0,0,0,1,2,3,220,243,463,2021-05-31T22:00:00Z
02,248,Mače,101,54,155,28,5,33,4,3,7,1,0,1,59,32,91,0,0,0,0,0,0,193,94,287,2021-05-31T22:00:00Z
02,256,Marija Bistrica,314,329,643,66,43,109,15,6,21,0,5,5,81,77,158,0,0,0,3,4,7,479,464,943,2021-05-31T22:00:00Z
02,265,Mihovljan,104,107,211,31,7,38,5,0,5,0,0,0,69,14,83,0,0,0,1,1,2,210,129,339,2021-05-31T22:00:00Z
02,311,Oroslavje,880,806,1686,77,37,114,10,2,12,6,9,15,107,80,187,0,0,0,4,3,7,1084,937,2021,2021-05-31T22:00:00Z
02,329,Petrovsko,64,53,117,15,3,18,1,0,1,5,0,5,64,10,74,0,0,0,1,0,1,150,66,216,2021-05-31T22:00:00Z
02,352,Pregrada,809,923,1732,109,32,141,3,4,7,6,8,14,161,104,265,0,0,0,1,1,2,1089,1072,2161,2021-05-31T22:00:00Z
02,364,Radoboj,131,104,235,17,10,27,1,1,2,1,3,4,55,20,75,0,0,0,0,0,0,205,138,343,2021-05-31T22:00:00Z
02,41,Budinščina,177,169,346,14,5,19,6,2,8,1,2,3,22,12,34,0,0,0,2,2,4,222,192,414,2021-05-31T22:00:00Z
02,422,Stubičke Toplice,240,410,650,33,16,49,0,2,2,3,5,8,62,28,90,0,0,0,1,1,2,339,462,801,2021-05-31T22:00:00Z
02,430,Sveti Križ Začretje,643,771,1414,74,21,95,9,5,14,1,5,6,136,101,237,0,0,0,4,2,6,867,905,1772,2021-05-31T22:00:00Z
02,466,Tuhelj,127,211,338,17,13,30,4,1,5,1,2,3,29,29,58,0,0,0,0,0,0,178,256,434,2021-05-31T22:00:00Z
02,481,Veliko Trgovišće,534,317,851,52,16,68,4,5,9,2,5,7,112,55,167,0,0,0,4,1,5,708,399,1107,2021-05-31T22:00:00Z
02,519,Zabok,2795,2716,5511,145,85,230,5,4,9,14,19,33,201,344,545,0,0,0,2,4,6,3162,3172,6334,2021-05-31T22:00:00Z
02,521,Zagorska Sela,13,54,67,8,1,9,5,1,6,0,1,1,15,4,19,0,0,0,0,0,0,41,61,102,2021-05-31T22:00:00Z
02,526,Zlatar,513,669,1182,97,44,141,23,13,36,8,10,18,101,79,180,0,0,0,4,5,9,746,820,1566,2021-05-31T22:00:00Z
02,527,Zlatar Bistrica,339,563,902,28,10,38,3,3,6,3,0,3,77,42,119,0,0,0,2,4,6,452,622,1074,2021-05-31T22:00:00Z
02,552,Jesenje,54,55,109,10,1,11,0,1,1,0,0,0,46,7,53,0,0,0,0,0,0,110,64,174,2021-05-31T22:00:00Z
02,553,Kumrovec,85,96,181,17,4,21,2,0,2,3,1,4,21,15,36,0,0,0,0,0,0,128,116,244,2021-05-31T22:00:00Z
02,554,Novi Golubovec,137,54,191,3,2,5,1,0,1,0,0,0,3,2,5,0,0,0,0,0,0,144,58,202,2021-05-31T22:00:00Z
02,70,Desinić,136,279,415,31,7,38,9,1,10,2,1,3,42,34,76,0,0,0,0,1,1,220,323,543,2021-05-31T22:00:00Z
02,79,Donja Stubica,823,787,1610,97,47,144,5,3,8,7,3,10,87,60,147,0,0,0,2,4,6,1021,904,1925,2021-05-31T22:00:00Z
03,102,Dvor,296,146,442,13,5,18,63,21,84,0,3,3,13,16,29,0,0,0,2,1,3,387,192,579,2021-05-31T22:00:00Z
03,121,Glina,1185,729,1914,41,25,66,56,26,82,4,13,17,70,67,137,0,0,0,0,0,0,1356,860,2216,2021-05-31T22:00:00Z
03,149,Hrvatska Dubica,75,65,140,8,2,10,12,4,16,0,0,0,5,4,9,0,0,0,0,0,0,100,75,175,2021-05-31T22:00:00Z
03,150,Hrvatska Kostajnica,299,300,599,19,9,28,10,2,12,1,3,4,8,19,27,0,0,0,2,0,2,339,333,672,2021-05-31T22:00:00Z
03,168,Jasenovac,133,166,299,12,3,15,12,7,19,0,0,0,12,10,22,0,0,0,0,0,0,169,186,355,2021-05-31T22:00:00Z
03,220,Kutina,3652,2908,6560,171,109,280,39,24,63,36,23,59,218,247,465,0,0,0,14,8,22,4130,3319,7449,2021-05-31T22:00:00Z
03,228,Lekenik,295,237,532,37,11,48,8,10,18,0,3,3,40,31,71,0,0,0,1,2,3,381,294,675,2021-05-31T22:00:00Z
03,232,Lipovljani,280,270,550,24,11,35,11,3,14,2,0,2,31,38,69,0,0,0,0,1,1,348,323,671,2021-05-31T22:00:00Z
03,259,Martinska Ves,128,59,187,8,2,10,32,16,48,1,0,1,51,16,67,0,0,0,1,0,1,221,93,314,2021-05-31T22:00:00Z
03,293,Novska,1332,1084,2416,170,97,267,34,13,47,7,20,27,277,246,523,0,0,0,2,3,5,1822,1463,3285,2021-05-31T22:00:00Z
03,328,Petrinja,1626,1726,3352,222,83,305,65,21,86,7,29,36,289,280,569,0,0,0,8,7,15,2217,2146,4363,2021-05-31T22:00:00Z
03,347,Popovača,878,970,1848,81,40,121,46,14,60,7,12,19,92,125,217,0,0,0,6,2,8,1110,1163,2273,2021-05-31T22:00:00Z
03,391,Sisak,6827,8113,14940,371,221,592,105,58,163,44,75,119,619,583,1202,0,0,0,25,18,43,7991,9068,17059,2021-05-31T22:00:00Z
03,426,Sunja,211,159,370,24,9,33,44,34,78,1,2,3,16,22,38,0,0,0,2,0,2,298,226,524,2021-05-31T22:00:00Z
03,457,Topusko,238,321,559,18,5,23,4,2,6,3,0,3,34,28,62,0,0,0,1,0,1,298,356,654,2021-05-31T22:00:00Z
03,477,Velika Ludina,134,146,280,9,8,17,14,3,17,0,0,0,23,28,51,0,0,0,0,0,0,180,185,365,2021-05-31T22:00:00Z
03,510,Gvozd,121,112,233,8,4,12,22,4,26,0,0,0,21,12,33,0,0,0,2,0,2,174,132,306,2021-05-31T22:00:00Z
03,555,Majur,109,99,208,1,1,2,5,0,5,0,0,0,3,0,3,0,0,0,0,0,0,118,100,218,2021-05-31T22:00:00Z
03,83,Donji Kukuruzari,44,59,103,5,0,5,5,3,8,0,0,0,2,3,5,0,0,0,1,0,1,57,65,122,2021-05-31T22:00:00Z
04,120,Generalski Stol,30,73,103,20,5,25,1,0,1,0,1,1,25,14,39,0,0,0,0,0,0,76,93,169,2021-05-31T22:00:00Z
04,172,Josipdol,202,144,346,27,17,44,3,9,12,2,1,3,55,56,111,0,0,0,0,1,1,289,228,517,2021-05-31T22:00:00Z
04,179,Karlovac,10496,8776,19272,403,283,686,76,52,128,72,92,164,603,807,1410,0,0,0,18,23,41,11668,10033,21701,2021-05-31T22:00:00Z
04,216,Krnjak,127,81,208,2,2,4,7,3,10,0,0,0,11,3,14,0,0,0,0,0,0,147,89,236,2021-05-31T22:00:00Z
04,225,Lasinja,73,48,121,5,1,6,0,4,4,2,0,2,6,7,13,0,0,0,0,0,0,86,60,146,2021-05-31T22:00:00Z
04,281,Netretić,76,91,167,15,3,18,3,1,4,1,1,2,49,31,80,0,0,0,0,0,0,144,127,271,2021-05-31T22:00:00Z
04,297,Ogulin,1744,1757,3501,141,85,226,34,13,47,8,28,36,147,177,324,0,0,0,6,13,19,2080,2073,4153,2021-05-31T22:00:00Z
04,30,Bosiljevo,107,98,205,5,0,5,0,0,0,1,1,2,29,27,56,0,0,0,0,0,0,142,126,268,2021-05-31T22:00:00Z
04,315,Ozalj,780,631,1411,86,31,117,18,14,32,4,10,14,120,97,217,0,0,0,1,4,5,1009,787,1796,2021-05-31T22:00:00Z
04,333,Plaški,77,76,153,10,5,15,10,2,12,0,0,0,33,26,59,0,0,0,0,0,0,130,109,239,2021-05-31T22:00:00Z
04,365,Rakovica,154,131,285,6,11,17,3,4,7,0,1,1,73,80,153,0,0,0,1,0,1,237,227,464,2021-05-31T22:00:00Z
04,378,Saborsko,19,19,38,1,1,2,1,0,1,0,0,0,6,4,10,0,0,0,0,0,0,27,24,51,2021-05-31T22:00:00Z
04,400,Slunj,346,416,762,49,16,65,29,15,44,3,6,9,120,102,222,0,0,0,4,10,14,551,565,1116,2021-05-31T22:00:00Z
04,49,Cetingrad,68,52,120,6,1,7,3,4,7,0,0,0,10,9,19,0,0,0,0,0,0,87,66,153,2021-05-31T22:00:00Z
04,503,Vojnić,391,260,651,24,12,36,37,9,46,2,0,2,30,35,65,0,0,0,1,3,4,485,319,804,2021-05-31T22:00:00Z
04,530,Žakanje,141,94,235,27,12,39,6,0,6,0,0,0,25,31,56,0,0,0,0,1,1,199,138,337,2021-05-31T22:00:00Z
04,556,Ribnik,7,5,12,10,4,14,1,2,3,0,0,0,7,14,21,0,0,0,0,0,0,25,25,50,2021-05-31T22:00:00Z
04,557,Tounj,66,32,98,4,0,4,0,0,0,0,0,0,4,5,9,0,0,0,0,0,0,74,37,111,2021-05-31T22:00:00Z
04,623,Kamanje,163,103,266,3,3,6,0,0,0,0,0,0,2,14,16,0,0,0,0,0,0,168,120,288,2021-05-31T22:00:00Z
04,7,Barilovići,287,137,424,21,9,30,7,1,8,1,1,2,111,32,143,0,0,0,0,0,0,427,180,607,2021-05-31T22:00:00Z
04,90,Draganić,132,119,251,12,4,16,7,3,10,1,2,3,19,29,48,0,0,0,0,0,0,171,157,328,2021-05-31T22:00:00Z
04,99,Duga Resa,1194,989,2183,136,67,203,15,15,30,5,20,25,192,220,412,0,0,0,5,8,13,1547,1319,2866,2021-05-31T22:00:00Z
05,12,Bednja,214,166,380,23,7,30,2,9,11,2,1,3,26,18,44,0,0,0,0,0,0,267,201,468,2021-05-31T22:00:00Z
05,129,Gornji Kneginec,540,1062,1602,49,26,75,11,4,15,1,7,8,95,63,158,0,0,0,6,6,12,702,1168,1870,2021-05-31T22:00:00Z
05,151,Breznički Hum,175,142,317,14,5,19,8,6,14,0,1,1,19,14,33,0,0,0,2,5,7,218,173,391,2021-05-31T22:00:00Z
05,156,Ivanec,2002,1747,3749,159,64,223,14,12,26,12,17,29,297,265,562,0,0,0,8,14,22,2492,2119,4611,2021-05-31T22:00:00Z
05,165,Jalžabet,740,1094,1834,21,2,23,11,6,17,0,3,3,33,19,52,0,0,0,0,1,1,805,1125,1930,2021-05-31T22:00:00Z
05,189,Klenovnik,92,49,141,8,4,12,1,1,2,1,1,2,22,26,48,0,0,0,2,0,2,126,81,207,2021-05-31T22:00:00Z
05,19,Beretinec,65,33,98,17,2,19,3,3,6,0,1,1,16,23,39,0,0,0,1,1,2,102,63,165,2021-05-31T22:00:00Z
05,229,Lepoglava,1239,558,1797,55,30,85,6,2,8,1,5,6,102,71,173,0,0,0,1,5,6,1404,671,2075,2021-05-31T22:00:00Z
05,244,Ludbreg,1772,1469,3241,104,60,164,45,36,81,10,13,23,244,185,429,0,0,0,4,7,11,2179,1770,3949,2021-05-31T22:00:00Z
05,247,Ljubešćica,322,145,467,30,7,37,1,0,1,1,3,4,100,23,123,0,0,0,0,0,0,454,178,632,2021-05-31T22:00:00Z
05,251,Mali Bukovec,33,89,122,13,6,19,27,15,42,0,1,1,105,33,138,0,0,0,0,1,1,178,145,323,2021-05-31T22:00:00Z
05,260,Maruševec,365,294,659,50,25,75,23,25,48,3,4,7,105,47,152,0,0,0,3,3,6,549,398,947,2021-05-31T22:00:00Z
05,289,Novi Marof,1206,1207,2413,158,65,223,18,11,29,8,17,25,291,178,469,0,0,0,5,4,9,1686,1482,3168,2021-05-31T22:00:00Z
05,326,Petrijanec,403,669,1072,26,8,34,17,9,26,1,3,4,87,80,167,0,0,0,0,1,1,534,770,1304,2021-05-31T22:00:00Z
05,36,Breznica,162,63,225,18,3,21,4,5,9,1,6,7,26,11,37,0,0,0,0,0,0,211,88,299,2021-05-31T22:00:00Z
05,410,Sračinec,234,252,486,41,13,54,2,2,4,1,6,7,86,57,143,0,0,0,0,2,2,364,332,696,2021-05-31T22:00:00Z
05,437,Sveti Đurđ,64,98,162,30,4,34,27,9,36,3,1,4,36,36,72,0,0,0,0,0,0,160,148,308,2021-05-31T22:00:00Z
05,438,Sveti Ilija,153,162,315,14,8,22,2,1,3,1,4,5,48,28,76,0,0,0,1,0,1,219,203,422,2021-05-31T22:00:00Z
05,462,Trnovec Bartolovečki,1230,1537,2767,67,13,80,18,8,26,2,4,6,341,91,432,0,0,0,0,2,2,1658,1655,3313,2021-05-31T22:00:00Z
05,472,Varaždin,16376,15124,31500,491,341,832,44,26,70,80,120,200,552,637,1189,0,0,0,20,20,40,17563,16268,33831,2021-05-31T22:00:00Z
05,473,Varaždinske Toplice,601,444,1045,48,19,67,9,7,16,6,7,13,185,49,234,0,0,0,2,2,4,851,528,1379,2021-05-31T22:00:00Z
05,48,Cestica,396,364,760,45,24,69,16,19,35,1,4,5,100,75,175,0,0,0,0,2,2,558,488,1046,2021-05-31T22:00:00Z
05,484,Vidovec,224,238,462,51,15,66,66,30,96,2,5,7,113,92,205,0,0,0,0,1,1,456,381,837,2021-05-31T22:00:00Z
05,486,Vinica,286,209,495,22,10,32,4,5,9,1,5,6,30,25,55,0,0,0,0,1,1,343,255,598,2021-05-31T22:00:00Z
05,493,Visoko,85,48,133,18,0,18,7,3,10,0,0,0,23,22,45,0,0,0,1,0,1,134,73,207,2021-05-31T22:00:00Z
05,558,Veliki Bukovec,372,278,650,5,2,7,26,15,41,0,2,2,36,27,63,0,0,0,0,0,0,439,324,763,2021-05-31T22:00:00Z
05,80,Donja Voća,86,52,138,9,1,10,6,9,15,0,1,1,26,21,47,0,0,0,0,0,0,127,84,211,2021-05-31T22:00:00Z
05,85,Donji Martijanec,347,174,521,26,8,34,21,5,26,1,1,2,56,35,91,0,0,0,0,0,0,451,223,674,2021-05-31T22:00:00Z
06,104,Đelekovec,28,44,72,20,7,27,43,13,56,0,1,1,18,11,29,0,0,0,0,0,0,109,76,185,2021-05-31T22:00:00Z
06,107,Đurđevac,1307,1116,2423,81,41,122,71,51,122,12,12,24,88,77,165,0,0,0,9,6,15,1568,1303,2871,2021-05-31T22:00:00Z
06,115,Ferdinandovac,39,82,121,9,2,11,46,34,80,1,1,2,18,6,24,0,0,0,0,0,0,113,125,238,2021-05-31T22:00:00Z
06,122,Gola,174,151,325,12,2,14,93,41,134,0,2,2,5,25,30,0,0,0,1,0,1,285,221,506,2021-05-31T22:00:00Z
06,145,Hlebine,9,19,28,1,0,1,14,3,17,1,0,1,0,11,11,0,0,0,1,1,2,26,34,60,2021-05-31T22:00:00Z
06,194,Kloštar Podravski,179,136,315,18,12,30,42,37,79,0,1,1,36,55,91,0,0,0,2,1,3,277,242,519,2021-05-31T22:00:00Z
06,201,Koprivnica,7120,7492,14612,332,189,521,59,29,88,61,71,132,416,430,846,0,2,2,12,24,36,8000,8237,16237,2021-05-31T22:00:00Z
06,202,Koprivnički Bregi,52,76,128,16,5,21,25,7,32,0,1,1,30,11,41,0,0,0,0,0,0,123,100,223,2021-05-31T22:00:00Z
06,203,Koprivnički Ivanec,64,53,117,24,5,29,21,7,28,0,1,1,31,9,40,0,0,0,0,0,0,140,75,215,2021-05-31T22:00:00Z
06,214,Križevci,3302,3602,6904,161,94,255,236,189,425,14,29,43,243,221,464,0,0,0,11,8,19,3967,4143,8110,2021-05-31T22:00:00Z
06,227,Legrad,64,77,141,13,4,17,20,5,25,0,1,1,24,18,42,0,0,0,0,0,0,121,105,226,2021-05-31T22:00:00Z
06,270,Molve,223,109,332,7,9,16,63,34,97,1,2,3,33,18,51,0,0,0,2,1,3,329,173,502,2021-05-31T22:00:00Z
06,292,Novigrad Podravski,95,130,225,10,1,11,21,11,32,0,2,2,18,17,35,0,0,0,1,0,1,145,161,306,2021-05-31T22:00:00Z
06,324,Peteranec,80,39,119,15,4,19,20,8,28,0,1,1,29,15,44,0,0,0,0,0,0,144,67,211,2021-05-31T22:00:00Z
06,366,Rasinja,57,74,131,18,4,22,56,25,81,1,1,2,22,26,48,0,0,0,1,1,2,155,131,286,2021-05-31T22:00:00Z
06,405,Sokolovac,208,81,289,16,3,19,44,19,63,4,5,9,28,10,38,0,0,0,1,0,1,301,118,419,2021-05-31T22:00:00Z
06,439,Sveti Ivan Žabno,252,206,458,40,19,59,101,60,161,1,3,4,54,56,110,0,0,0,0,1,1,448,345,793,2021-05-31T22:00:00Z
06,442,Sveti Petar Orehovec,126,107,233,30,5,35,146,138,284,0,2,2,40,19,59,0,0,0,1,0,1,343,271,614,2021-05-31T22:00:00Z
06,490,Virje,279,218,497,29,10,39,43,25,68,4,1,5,33,36,69,0,0,0,2,1,3,390,291,681,2021-05-31T22:00:00Z
06,559,Kalinovac,391,98,489,5,1,6,9,2,11,0,0,0,8,8,16,0,0,0,1,1,2,414,110,524,2021-05-31T22:00:00Z
06,560,Kalnik,44,56,100,3,4,7,17,22,39,0,1,1,8,5,13,0,0,0,0,0,0,72,88,160,2021-05-31T22:00:00Z
06,561,Novo Virje,47,36,83,2,0,2,40,24,64,0,0,0,13,6,19,0,0,0,0,1,1,102,67,169,2021-05-31T22:00:00Z
06,616,Podravske Sesvete,101,119,220,3,5,8,23,13,36,2,0,2,6,8,14,0,0,0,0,1,1,135,146,281,2021-05-31T22:00:00Z
06,618,Gornja Reka,80,82,162,6,3,9,7,8,15,0,0,0,7,4,11,0,0,0,0,0,0,100,97,197,2021-05-31T22:00:00Z
06,96,Drnje,117,112,229,12,2,14,19,11,30,0,4,4,7,9,16,0,0,0,1,0,1,156,138,294,2021-05-31T22:00:00Z
07,105,Đulovac,300,64,364,8,7,15,37,16,53,2,5,7,107,26,133,0,0,0,0,0,0,454,118,572,2021-05-31T22:00:00Z
07,119,Garešnica,1087,1097,2184,57,31,88,60,37,97,16,20,36,111,124,235,0,0,0,2,4,6,1333,1313,2646,2021-05-31T22:00:00Z
07,139,Grubišno Polje,598,515,1113,33,24,57,107,42,149,5,7,12,73,66,139,0,0,0,4,3,7,820,657,1477,2021-05-31T22:00:00Z
07,144,Hercegovac,131,155,286,18,3,21,48,18,66,1,2,3,42,34,76,0,0,0,1,1,2,241,213,454,2021-05-31T22:00:00Z
07,161,Ivanska,134,97,231,4,3,7,48,12,60,2,2,4,86,26,112,0,0,0,2,2,4,276,142,418,2021-05-31T22:00:00Z
07,176,Kapela,83,84,167,3,3,6,46,28,74,0,1,1,18,10,28,0,0,0,2,0,2,152,126,278,2021-05-31T22:00:00Z
07,18,Berek,59,64,123,6,1,7,20,18,38,0,0,0,8,7,15,0,0,0,0,0,0,93,90,183,2021-05-31T22:00:00Z
07,199,Končanica,130,93,223,8,2,10,33,16,49,0,1,1,17,14,31,0,0,0,2,0,2,190,126,316,2021-05-31T22:00:00Z
07,24,Bjelovar,7135,6880,14015,296,175,471,206,102,308,53,92,145,434,536,970,1,0,1,20,14,34,8145,7799,15944,2021-05-31T22:00:00Z
07,287,Nova Rača,107,119,226,9,2,11,81,33,114,0,2,2,33,14,47,0,0,0,0,0,0,230,170,400,2021-05-31T22:00:00Z
07,375,Rovišće,189,212,401,24,10,34,54,34,88,1,3,4,22,40,62,0,0,0,0,1,1,290,300,590,2021-05-31T22:00:00Z
07,390,Sirač,265,168,433,12,2,14,11,3,14,2,1,3,25,8,33,0,0,0,0,2,2,315,184,499,2021-05-31T22:00:00Z
07,450,Štefanje,52,62,114,7,3,10,33,13,46,0,2,2,34,19,53,0,0,0,2,0,2,128,99,227,2021-05-31T22:00:00Z
07,478,Velika Pisanica,72,91,163,3,2,5,34,16,50,1,0,1,12,7,19,0,0,0,0,0,0,122,116,238,2021-05-31T22:00:00Z
07,480,Veliki Grđevac,157,143,300,10,4,14,73,30,103,1,1,2,75,27,102,0,0,0,1,0,1,317,205,522,2021-05-31T22:00:00Z
07,483,Veliko Trojstvo,61,120,181,15,4,19,14,14,28,0,0,0,46,19,65,0,0,0,0,1,1,136,158,294,2021-05-31T22:00:00Z
07,562,Severin,63,25,88,1,0,1,16,13,29,0,0,0,14,30,44,0,0,0,0,0,0,94,68,162,2021-05-31T22:00:00Z
07,564,Šandrovac,24,58,82,4,0,4,12,7,19,0,0,0,13,6,19,0,0,0,0,0,0,53,71,124,2021-05-31T22:00:00Z
07,565,Velika Trnovitica,65,58,123,6,2,8,32,22,54,1,0,1,20,12,32,0,0,0,1,1,2,125,95,220,2021-05-31T22:00:00Z
07,566,Zrinski Topolovac,11,25,36,2,1,3,34,20,54,0,0,0,4,3,7,0,0,0,0,1,1,51,50,101,2021-05-31T22:00:00Z
07,63,Čazma,1147,837,1984,53,18,71,60,43,103,6,10,16,107,70,177,0,0,0,4,1,5,1377,979,2356,2021-05-31T22:00:00Z
07,67,Daruvar,1485,1719,3204,81,51,132,44,21,65,17,21,38,147,182,329,0,0,0,6,5,11,1780,1999,3779,2021-05-31T22:00:00Z
07,71,Dežanovac,125,82,207,10,2,12,75,38,113,0,0,0,36,16,52,0,0,0,0,1,1,246,139,385,2021-05-31T22:00:00Z
08,117,Fužine,259,191,450,17,12,29,0,1,1,4,1,5,18,23,41,0,0,0,1,0,1,299,228,527,2021-05-31T22:00:00Z
08,170,Jelenje,285,249,534,96,48,144,5,1,6,33,8,41,60,40,100,0,0,0,1,3,4,480,349,829,2021-05-31T22:00:00Z
08,180,Kastav,1110,808,1918,127,64,191,4,1,5,51,10,61,117,91,208,2,0,2,6,6,12,1417,980,2397,2021-05-31T22:00:00Z
08,186,Klana,386,218,604,22,7,29,1,2,3,1,2,3,15,12,27,0,0,0,1,1,2,426,242,668,2021-05-31T22:00:00Z
08,209,Kraljevica,347,291,638,39,26,65,2,1,3,41,6,47,34,37,71,1,0,1,1,8,9,465,369,834,2021-05-31T22:00:00Z
08,215,Krk,2010,1381,3391,248,115,363,14,9,23,24,14,38,379,242,621,0,0,0,5,7,12,2680,1768,4448,2021-05-31T22:00:00Z
08,237,Lokve,105,99,204,12,5,17,0,0,0,0,2,2,10,10,20,0,0,0,0,0,0,127,116,243,2021-05-31T22:00:00Z
08,242,Lovran,453,631,1084,87,27,114,2,1,3,11,11,22,49,67,116,0,0,0,4,8,12,606,745,1351,2021-05-31T22:00:00Z
08,252,Mali Lošinj,1637,1692,3329,238,85,323,23,8,31,37,18,55,248,235,483,0,0,0,11,4,15,2194,2042,4236,2021-05-31T22:00:00Z
08,253,Malinska-Dubašnica,567,886,1453,145,72,217,6,10,16,9,4,13,217,209,426,0,0,0,5,2,7,949,1183,2132,2021-05-31T22:00:00Z
08,261,Matulji,1463,1069,2532,214,122,336,14,6,20,37,17,54,180,185,365,0,0,0,3,9,12,1911,1408,3319,2021-05-31T22:00:00Z
08,273,Mošćenička Draga,122,96,218,54,16,70,0,1,1,2,2,4,57,40,97,0,0,0,3,4,7,238,159,397,2021-05-31T22:00:00Z
08,275,Mrkopalj,66,45,111,17,2,19,2,0,2,2,0,2,11,10,21,0,0,0,1,0,1,99,57,156,2021-05-31T22:00:00Z
08,290,Novi Vinodolski,541,485,1026,121,65,186,5,4,9,11,7,18,170,119,289,0,0,0,3,3,6,851,683,1534,2021-05-31T22:00:00Z
08,301,Omišalj,684,468,1152,84,27,111,1,0,1,15,5,20,110,53,163,0,0,0,0,2,2,894,555,1449,2021-05-31T22:00:00Z
08,302,Opatija,2268,2798,5066,187,102,289,6,6,12,58,29,87,100,163,263,0,1,1,11,15,26,2630,3114,5744,2021-05-31T22:00:00Z
08,360,Punat,345,193,538,73,28,101,4,0,4,8,2,10,114,81,195,0,0,0,1,1,2,545,305,850,2021-05-31T22:00:00Z
08,363,Rab,1035,1188,2223,346,102,448,13,4,17,17,12,29,384,319,703,0,0,0,8,11,19,1803,1636,3439,2021-05-31T22:00:00Z
08,369,Ravna Gora,282,302,584,29,11,40,2,0,2,2,1,3,41,25,66,0,0,0,1,2,3,357,341,698,2021-05-31T22:00:00Z
08,373,Rijeka,27330,28138,55468,1197,1013,2210,23,17,40,1072,365,1437,957,1317,2274,5,0,5,99,124,223,30683,30974,61657,2021-05-31T22:00:00Z
08,38,Brod Moravice,41,44,85,10,1,11,0,0,0,0,1,1,21,8,29,0,0,0,1,0,1,73,54,127,2021-05-31T22:00:00Z
08,393,Skrad,43,52,95,5,3,8,1,1,2,1,1,2,1,9,10,0,0,0,0,0,0,51,66,117,2021-05-31T22:00:00Z
08,4,Bakar,1909,938,2847,60,37,97,2,0,2,71,10,81,77,68,145,0,0,0,5,9,14,2124,1062,3186,2021-05-31T22:00:00Z
08,488,Vinodolska Općina,184,171,355,55,19,74,2,0,2,7,1,8,44,13,57,1,0,1,1,2,3,294,206,500,2021-05-31T22:00:00Z
08,495,Viškovo,1714,1088,2802,195,101,296,6,4,10,70,16,86,160,124,284,0,0,0,5,11,16,2150,1344,3494,2021-05-31T22:00:00Z
08,507,Vrbnik,155,116,271,34,14,48,10,3,13,1,0,1,43,28,71,0,0,0,1,1,2,244,162,406,2021-05-31T22:00:00Z
08,509,Vrbovsko,359,289,648,62,21,83,4,3,7,1,5,6,78,46,124,0,0,0,0,0,0,504,364,868,2021-05-31T22:00:00Z
08,52,Cres,585,503,1088,94,36,130,12,3,15,7,3,10,111,129,240,0,0,0,4,2,6,813,676,1489,2021-05-31T22:00:00Z
08,53,Crikvenica,1420,1809,3229,259,153,412,5,2,7,46,23,69,355,311,666,0,0,0,7,8,15,2092,2306,4398,2021-05-31T22:00:00Z
08,538,Kostrena,415,275,690,36,23,59,1,0,1,78,7,85,20,28,48,0,0,0,1,3,4,551,336,887,2021-05-31T22:00:00Z
08,55,Čabar,357,279,636,54,18,72,3,3,6,6,0,6,154,52,206,0,0,0,1,2,3,575,354,929,2021-05-31T22:00:00Z
08,61,Čavle,668,496,1164,85,52,137,0,2,2,34,10,44,109,84,193,0,0,0,3,2,5,899,646,1545,2021-05-31T22:00:00Z
08,624,Lopar,84,62,146,52,9,61,0,0,0,1,0,1,86,106,192,0,0,0,2,0,2,225,177,402,2021-05-31T22:00:00Z
08,69,Delnice,1149,748,1897,73,47,120,6,2,8,9,14,23,84,98,182,0,0,0,1,6,7,1322,915,2237,2021-05-31T22:00:00Z
08,74,Dobrinj,142,95,237,54,24,78,0,2,2,4,2,6,107,62,169,0,0,0,1,1,2,308,186,494,2021-05-31T22:00:00Z
08,8,Baška,306,300,606,97,49,146,7,2,9,4,3,7,133,121,254,0,0,0,5,4,9,552,479,1031,2021-05-31T22:00:00Z
09,130,Gospić,2255,2272,4527,105,59,164,68,38,106,11,9,20,143,163,306,0,0,0,9,7,16,2591,2548,5139,2021-05-31T22:00:00Z
09,178,Karlobag,94,100,194,13,6,19,7,1,8,2,0,2,13,4,17,0,0,0,0,0,0,129,111,240,2021-05-31T22:00:00Z
09,240,Lovinac,182,69,251,1,0,1,2,2,4,0,0,0,1,1,2,0,0,0,0,0,0,186,72,258,2021-05-31T22:00:00Z
09,288,Novalja,1068,823,1891,154,53,207,19,6,25,5,5,10,263,174,437,0,0,0,3,5,8,1512,1066,2578,2021-05-31T22:00:00Z
09,313,Otočac,852,882,1734,92,41,133,54,26,80,9,6,15,115,118,233,0,0,0,2,6,8,1124,1079,2203,2021-05-31T22:00:00Z
09,323,Perušić,359,251,610,21,10,31,31,22,53,0,1,1,19,23,42,0,0,0,0,0,0,430,307,737,2021-05-31T22:00:00Z
09,37,Brinje,353,235,588,23,6,29,8,6,14,0,1,1,13,21,34,0,0,0,0,1,1,397,270,667,2021-05-31T22:00:00Z
09,387,Senj,739,642,1381,111,56,167,6,4,10,16,9,25,135,164,299,0,0,0,7,5,12,1014,880,1894,2021-05-31T22:00:00Z
09,455,Plitvička Jezera,694,738,1432,44,25,69,61,13,74,1,5,6,196,157,353,0,0,0,1,0,1,997,938,1935,2021-05-31T22:00:00Z
09,467,Udbina,132,127,259,11,6,17,35,9,44,0,0,0,17,18,35,0,0,0,3,0,3,198,160,358,2021-05-31T22:00:00Z
09,512,Vrhovine,93,41,134,3,3,6,6,1,7,0,0,0,3,3,6,0,0,0,0,0,0,105,48,153,2021-05-31T22:00:00Z
09,84,Donji Lapac,108,78,186,6,4,10,23,7,30,0,0,0,11,5,16,0,0,0,0,0,0,148,94,242,2021-05-31T22:00:00Z
10,136,Gradina,84,83,167,14,6,20,132,41,173,2,0,2,38,28,66,0,0,0,0,0,0,270,158,428,2021-05-31T22:00:00Z
10,245,Lukač,213,120,333,12,5,17,40,16,56,1,0,1,62,28,90,0,0,0,0,0,0,328,169,497,2021-05-31T22:00:00Z
10,266,Mikleuš,70,46,116,9,1,10,15,7,22,0,0,0,11,11,22,0,0,0,0,0,0,105,65,170,2021-05-31T22:00:00Z
10,283,Nova Bukovica,41,39,80,8,5,13,35,6,41,1,0,1,25,16,41,0,0,0,1,0,1,111,66,177,2021-05-31T22:00:00Z
10,307,Orahovica,949,704,1653,61,40,101,12,3,15,10,12,22,104,108,212,0,0,0,0,6,6,1136,873,2009,2021-05-31T22:00:00Z
10,332,Pitomača,647,625,1272,77,43,120,161,91,252,1,6,7,227,188,415,0,0,0,1,1,2,1114,954,2068,2021-05-31T22:00:00Z
10,395,Slatina,1420,1376,2796,147,71,218,137,44,181,13,23,36,242,259,501,0,0,0,3,7,10,1962,1780,3742,2021-05-31T22:00:00Z
10,407,Sopje,152,46,198,4,2,6,87,22,109,0,0,0,23,21,44,0,0,0,0,0,0,266,91,357,2021-05-31T22:00:00Z
10,424,Suhopolje,256,269,525,24,18,42,99,41,140,1,1,2,49,45,94,0,0,0,4,0,4,433,374,807,2021-05-31T22:00:00Z
10,449,Špišić Bukovica,151,137,288,22,7,29,166,61,227,1,2,3,34,59,93,0,0,0,1,2,3,375,268,643,2021-05-31T22:00:00Z
10,491,Virovitica,3938,3904,7842,179,102,281,95,26,121,32,22,54,405,384,789,0,0,0,17,12,29,4666,4450,9116,2021-05-31T22:00:00Z
10,499,Voćin,157,93,250,8,3,11,28,32,60,0,0,0,11,7,18,0,0,0,0,0,0,204,135,339,2021-05-31T22:00:00Z
10,524,Zdenci,124,76,200,8,3,11,19,6,25,0,2,2,14,12,26,0,0,0,1,2,3,166,101,267,2021-05-31T22:00:00Z
10,54,Crnac,29,38,67,15,4,19,18,7,25,0,1,1,21,12,33,0,0,0,0,0,0,83,62,145,2021-05-31T22:00:00Z
10,56,Čačinci,164,87,251,22,11,33,17,10,27,0,4,4,22,31,53,0,0,0,1,0,1,226,143,369,2021-05-31T22:00:00Z
10,57,Čađavica,117,88,205,14,9,23,69,21,90,0,0,0,44,28,72,0,0,0,1,0,1,245,146,391,2021-05-31T22:00:00Z
11,164,Jakšić,121,133,254,25,2,27,25,6,31,0,2,2,63,17,80,0,0,0,0,0,0,234,160,394,2021-05-31T22:00:00Z
11,177,Kaptol,89,97,186,15,2,17,22,3,25,0,1,1,42,7,49,0,0,0,0,1,1,168,111,279,2021-05-31T22:00:00Z
11,221,Kutjevo,588,402,990,47,16,63,63,29,92,2,3,5,87,74,161,0,0,0,6,8,14,793,532,1325,2021-05-31T22:00:00Z
11,231,Lipik,769,638,1407,30,14,44,22,10,32,1,9,10,54,52,106,0,0,0,1,0,1,877,723,1600,2021-05-31T22:00:00Z
11,318,Pakrac,623,1116,1739,83,30,113,46,22,68,13,16,29,181,100,281,0,0,0,3,3,6,949,1287,2236,2021-05-31T22:00:00Z
11,334,Pleternica,583,431,1014,78,25,103,55,18,73,3,7,10,164,115,279,0,0,0,4,3,7,887,599,1486,2021-05-31T22:00:00Z
11,35,Brestovac,122,122,244,13,3,16,16,3,19,1,1,2,21,10,31,0,0,0,0,1,1,173,140,313,2021-05-31T22:00:00Z
11,351,Požega,5264,4396,9660,307,156,463,122,40,162,39,100,139,425,369,794,0,1,1,12,27,39,6169,5089,11258,2021-05-31T22:00:00Z
11,475,Velika,311,274,585,20,10,30,22,3,25,2,3,5,47,37,84,0,0,0,0,0,0,402,327,729,2021-05-31T22:00:00Z
11,58,Čaglin,95,172,267,9,2,11,19,6,25,0,1,1,14,10,24,0,0,0,0,0,0,137,191,328,2021-05-31T22:00:00Z
12,10,Bebrina,30,66,96,8,7,15,15,6,21,2,0,2,11,8,19,0,0,0,0,0,0,66,87,153,2021-05-31T22:00:00Z
12,118,Garčin,128,191,319,29,9,38,30,15,45,0,0,0,22,20,42,0,0,0,0,0,0,209,235,444,2021-05-31T22:00:00Z
12,127,Gornji Bogićevci,53,38,91,9,2,11,9,2,11,0,0,0,15,20,35,0,0,0,0,0,0,86,62,148,2021-05-31T22:00:00Z
12,140,Gundinci,71,49,120,11,3,14,51,22,73,0,0,0,20,9,29,0,0,0,1,0,1,154,83,237,2021-05-31T22:00:00Z
12,185,Klakar,72,60,132,16,3,19,22,5,27,0,1,1,12,13,25,0,0,0,1,0,1,123,82,205,2021-05-31T22:00:00Z
12,284,Nova Gradiška,2095,2092,4187,142,90,232,28,18,46,22,21,43,272,307,579,0,0,0,2,2,4,2561,2530,5091,2021-05-31T22:00:00Z
12,285,Nova Kapela,154,218,372,21,15,36,22,7,29,2,3,5,52,56,108,0,0,0,1,0,1,252,299,551,2021-05-31T22:00:00Z
12,299,Okučani,227,148,375,28,6,34,10,1,11,0,1,1,45,24,69,0,0,0,1,3,4,311,183,494,2021-05-31T22:00:00Z
12,303,Oprisavci,252,164,416,10,0,10,32,11,43,1,0,1,8,16,24,0,0,0,0,0,0,303,191,494,2021-05-31T22:00:00Z
12,309,Oriovac,263,299,562,37,20,57,21,12,33,2,3,5,65,54,119,0,0,0,0,2,2,388,390,778,2021-05-31T22:00:00Z
12,338,Podcrkavlje,42,43,85,15,0,15,7,3,10,0,1,1,30,5,35,0,0,0,0,0,0,94,52,146,2021-05-31T22:00:00Z
12,372,Rešetari,218,189,407,34,8,42,20,9,29,3,1,4,92,45,137,0,0,0,1,1,2,368,253,621,2021-05-31T22:00:00Z
12,388,Sibinj,122,208,330,54,16,70,18,1,19,0,1,1,63,41,104,0,0,0,2,3,5,259,270,529,2021-05-31T22:00:00Z
12,39,Brodski Stupnik,69,78,147,16,9,25,8,3,11,2,1,3,80,37,117,0,0,0,0,0,0,175,128,303,2021-05-31T22:00:00Z
12,396,Slavonski Brod,13382,9164,22546,598,335,933,44,37,81,79,93,172,958,956,1914,1,0,1,17,19,36,15079,10604,25683,2021-05-31T22:00:00Z
12,397,Slavonski Šamac,57,63,120,8,4,12,16,6,22,0,1,1,14,5,19,0,0,0,0,0,0,95,79,174,2021-05-31T22:00:00Z
12,412,Stara Gradiška,146,73,219,4,1,5,9,2,11,0,0,0,20,8,28,0,0,0,0,0,0,179,84,263,2021-05-31T22:00:00Z
12,418,Staro Petrovo Selo,192,144,336,33,8,41,41,16,57,1,2,3,98,43,141,0,0,0,0,2,2,365,215,580,2021-05-31T22:00:00Z
12,46,Cernik,162,218,380,26,12,38,9,5,14,3,2,5,52,24,76,0,0,0,0,2,2,252,263,515,2021-05-31T22:00:00Z
12,476,Velika Kopanica,185,97,282,24,7,31,28,17,45,1,1,2,33,28,61,0,0,0,2,2,4,273,152,425,2021-05-31T22:00:00Z
12,506,Vrbje,29,41,70,8,0,8,19,2,21,0,0,0,27,26,53,0,0,0,0,1,1,83,70,153,2021-05-31T22:00:00Z
12,514,Vrpolje,184,106,290,23,6,29,39,15,54,0,2,2,15,14,29,0,0,0,0,0,0,261,143,404,2021-05-31T22:00:00Z
12,567,Bukovlje,135,68,203,16,7,23,0,0,0,1,0,1,12,17,29,0,0,0,0,0,0,164,92,256,2021-05-31T22:00:00Z
12,568,Dragalić,38,57,95,8,0,8,7,2,9,0,0,0,3,6,9,0,0,0,0,1,1,56,66,122,2021-05-31T22:00:00Z
12,569,Gornja Vrba,391,415,806,12,2,14,1,0,1,0,1,1,26,14,40,0,0,0,0,0,0,430,432,862,2021-05-31T22:00:00Z
12,570,Sikirevci,41,66,107,18,4,22,37,13,50,0,0,0,15,5,20,0,0,0,1,1,2,112,89,201,2021-05-31T22:00:00Z
12,68,Davor,114,99,213,11,6,17,15,5,20,0,0,0,14,19,33,0,0,0,0,0,0,154,129,283,2021-05-31T22:00:00Z
12,81,Donji Andrijevci,144,104,248,21,11,32,20,4,24,1,1,2,27,18,45,0,0,0,0,1,1,213,139,352,2021-05-31T22:00:00Z
13,131,Gračac,244,248,492,22,16,38,64,24,88,2,1,3,41,45,86,0,0,0,0,2,2,373,336,709,2021-05-31T22:00:00Z
13,167,Jasenice,150,75,225,16,2,18,5,3,8,2,0,2,16,11,27,0,0,0,0,0,0,189,91,280,2021-05-31T22:00:00Z
13,17,Benkovac,1173,1004,2177,93,35,128,91,52,143,12,11,23,208,135,343,0,0,0,5,6,11,1582,1243,2825,2021-05-31T22:00:00Z
13,173,Kali,311,128,439,23,13,36,3,1,4,12,1,13,64,28,92,0,0,0,0,1,1,413,172,585,2021-05-31T22:00:00Z
13,20,Bibinje,200,188,388,54,27,81,4,0,4,1,2,3,86,84,170,0,0,0,1,3,4,346,304,650,2021-05-31T22:00:00Z
13,22,Biograd Na Moru,1177,1489,2666,156,89,245,27,16,43,15,8,23,216,283,499,0,0,0,5,8,13,1596,1893,3489,2021-05-31T22:00:00Z
13,234,Lišane Ostrovičke,31,33,64,8,2,10,1,0,1,0,0,0,4,6,10,0,0,0,0,0,0,44,41,85,2021-05-31T22:00:00Z
13,282,Nin,548,483,1031,58,18,76,9,4,13,3,2,5,98,85,183,0,0,0,1,1,2,717,593,1310,2021-05-31T22:00:00Z
13,296,Obrovac,349,227,576,36,16,52,28,7,35,2,4,6,23,38,61,0,0,0,3,4,7,441,296,737,2021-05-31T22:00:00Z
13,316,Pag,574,496,1070,92,40,132,29,8,37,6,6,12,155,108,263,0,0,0,5,1,6,861,659,1520,2021-05-31T22:00:00Z
13,317,Pakoštane,417,401,818,83,30,113,7,9,16,8,2,10,133,96,229,0,0,0,2,2,4,650,540,1190,2021-05-31T22:00:00Z
13,320,Pašman,101,119,220,49,19,68,3,2,5,12,0,12,57,42,99,0,0,0,2,0,2,224,182,406,2021-05-31T22:00:00Z
13,344,Polača,102,57,159,18,5,23,3,2,5,3,0,3,11,17,28,0,0,0,1,2,3,138,83,221,2021-05-31T22:00:00Z
13,345,Poličnik,395,321,716,47,5,52,10,8,18,6,1,7,43,20,63,0,0,0,1,0,1,502,355,857,2021-05-31T22:00:00Z
13,349,Posedarje,137,187,324,31,16,47,5,7,12,11,1,12,39,45,84,0,0,0,1,2,3,224,258,482,2021-05-31T22:00:00Z
13,354,Preko,284,453,737,49,14,63,5,5,10,26,2,28,55,45,100,0,0,0,2,3,5,421,522,943,2021-05-31T22:00:00Z
13,371,Ražanac,97,104,201,28,12,40,6,6,12,13,0,13,36,31,67,0,0,0,3,0,3,183,153,336,2021-05-31T22:00:00Z
13,379,Sali,203,187,390,51,23,74,6,2,8,7,2,9,72,58,130,0,0,0,0,0,0,339,272,611,2021-05-31T22:00:00Z
13,411,Stankovci,236,157,393,28,4,32,4,4,8,1,1,2,31,17,48,0,0,0,0,1,1,300,184,484,2021-05-31T22:00:00Z
13,416,Starigrad,146,202,348,51,33,84,7,2,9,2,0,2,52,73,125,0,0,0,2,3,5,260,313,573,2021-05-31T22:00:00Z
13,425,Sukošan,370,299,669,64,20,84,12,2,14,6,2,8,52,64,116,0,0,0,1,3,4,505,390,895,2021-05-31T22:00:00Z
13,428,Sveti Filip I Jakov,215,358,573,52,29,81,8,3,11,13,3,16,54,55,109,0,0,0,0,0,0,342,448,790,2021-05-31T22:00:00Z
13,445,Škabrnje,69,71,140,25,3,28,2,1,3,3,1,4,13,4,17,0,0,0,1,0,1,113,80,193,2021-05-31T22:00:00Z
13,489,Vir,325,324,649,58,20,78,3,2,5,1,1,2,84,72,156,0,0,0,2,1,3,473,420,893,2021-05-31T22:00:00Z
13,520,Zadar,14898,15960,30858,1087,605,1692,46,30,76,746,217,963,1443,1541,2984,3,0,3,115,58,173,18338,18411,36749,2021-05-31T22:00:00Z
13,525,Zemunik Donji,134,188,322,18,4,22,2,2,4,0,0,0,26,7,33,0,0,0,0,1,1,180,202,382,2021-05-31T22:00:00Z
13,537,Novigrad,69,111,180,27,4,31,4,4,8,6,1,7,27,16,43,0,0,0,1,2,3,134,138,272,2021-05-31T22:00:00Z
13,571,Galovac,30,61,91,10,1,11,5,4,9,4,2,6,6,12,18,0,0,0,0,2,2,55,82,137,2021-05-31T22:00:00Z
13,572,Kukljica,54,52,106,18,1,19,1,0,1,0,1,1,50,17,67,0,0,0,1,0,1,124,71,195,2021-05-31T22:00:00Z
13,573,Povljana,51,37,88,15,4,19,4,1,5,2,1,3,10,18,28,0,0,0,0,1,1,82,62,144,2021-05-31T22:00:00Z
13,574,Privlaka,128,133,261,23,18,41,0,2,2,12,0,12,37,21,58,0,0,0,4,1,5,204,175,379,2021-05-31T22:00:00Z
13,575,Tkon,90,81,171,27,8,35,3,2,5,1,0,1,61,33,94,0,0,0,2,1,3,184,125,309,2021-05-31T22:00:00Z
13,622,Kolan,183,140,323,26,7,33,4,1,5,0,0,0,47,33,80,0,0,0,0,0,0,260,181,441,2021-05-31T22:00:00Z
13,625,Vrsi,98,62,160,15,12,27,5,4,9,17,0,17,33,33,66,0,0,0,3,2,5,171,113,284,2021-05-31T22:00:00Z
14,103,Đakovo,2789,2898,5687,474,204,678,196,88,284,29,43,72,706,571,1277,0,0,0,11,10,21,4205,3814,8019,2021-05-31T22:00:00Z
14,106,Đurđenovac,552,546,1098,42,11,53,21,15,36,0,5,5,70,51,121,0,0,0,3,1,4,688,629,1317,2021-05-31T22:00:00Z
14,110,Erdut,307,242,549,36,14,50,56,17,73,2,6,8,55,39,94,0,0,0,4,1,5,460,319,779,2021-05-31T22:00:00Z
14,111,Ernestinovo,72,178,250,7,1,8,29,9,38,2,1,3,12,17,29,0,0,0,1,0,1,123,206,329,2021-05-31T22:00:00Z
14,116,Feričanci,131,133,264,25,4,29,3,0,3,0,1,1,41,17,58,0,0,0,0,0,0,200,155,355,2021-05-31T22:00:00Z
14,124,Gorjani,128,190,318,16,4,20,15,7,22,0,0,0,11,5,16,0,0,0,0,0,0,170,206,376,2021-05-31T22:00:00Z
14,13,Beli Manastir,1106,1134,2240,76,37,113,52,31,83,8,10,18,116,103,219,0,0,0,2,1,3,1360,1316,2676,2021-05-31T22:00:00Z
14,16,Belišće,1599,690,2289,66,31,97,28,7,35,1,7,8,98,101,199,0,0,0,2,5,7,1794,841,2635,2021-05-31T22:00:00Z
14,195,Kneževi Vinogradi,227,279,506,31,7,38,39,6,45,1,2,3,66,71,137,0,0,0,0,0,0,364,365,729,2021-05-31T22:00:00Z
14,2,Antunovac,213,176,389,31,11,42,14,8,22,0,0,0,16,14,30,0,0,0,0,0,0,274,209,483,2021-05-31T22:00:00Z
14,205,Koška,176,163,339,26,5,31,30,9,39,3,4,7,31,30,61,0,0,0,2,0,2,268,211,479,2021-05-31T22:00:00Z
14,21,Bilje,296,315,611,44,19,63,19,12,31,3,5,8,59,42,101,0,0,0,1,1,2,422,394,816,2021-05-31T22:00:00Z
14,23,Bizovac,238,237,475,27,11,38,25,11,36,1,5,6,30,32,62,0,0,0,0,2,2,321,298,619,2021-05-31T22:00:00Z
14,230,Levanjska Varoš,43,59,102,3,2,5,11,9,20,0,0,0,4,4,8,0,0,0,0,1,1,61,75,136,2021-05-31T22:00:00Z
14,257,Marijanci,99,72,171,7,4,11,13,1,14,0,1,1,21,19,40,0,0,0,1,1,2,141,98,239,2021-05-31T22:00:00Z
14,271,Moslavina Podravska,26,37,63,4,2,6,17,6,23,0,0,0,12,10,22,0,0,0,0,0,0,59,55,114,2021-05-31T22:00:00Z
14,278,Našice,2228,1778,4006,163,85,248,54,17,71,23,31,54,283,225,508,0,0,0,9,3,12,2760,2139,4899,2021-05-31T22:00:00Z
14,312,Osijek,23646,21890,45536,874,624,1498,99,46,145,189,193,382,811,1136,1947,1,0,1,62,49,111,25682,23938,49620,2021-05-31T22:00:00Z
14,325,Petlovac,61,51,112,5,4,9,15,0,15,0,0,0,16,8,24,0,0,0,0,0,0,97,63,160,2021-05-31T22:00:00Z
14,327,Petrijevci,298,250,548,21,3,24,6,4,10,0,0,0,19,9,28,0,0,0,1,2,3,345,268,613,2021-05-31T22:00:00Z
14,340,Podgorač,99,124,223,28,7,35,28,5,33,1,2,3,22,31,53,0,0,0,0,0,0,178,169,347,2021-05-31T22:00:00Z
14,346,Popovac,67,66,133,2,2,4,5,6,11,0,0,0,5,7,12,0,0,0,0,0,0,79,81,160,2021-05-31T22:00:00Z
14,361,Punitovci,47,83,130,21,3,24,18,4,22,0,1,1,32,7,39,0,0,0,0,0,0,118,98,216,2021-05-31T22:00:00Z
14,381,Satnica Đakovačka,115,98,213,22,5,27,10,2,12,0,0,0,46,30,76,0,0,0,0,0,0,193,135,328,2021-05-31T22:00:00Z
14,386,Semeljci,252,243,495,47,17,64,54,26,80,1,1,2,78,35,113,0,0,0,0,0,0,432,322,754,2021-05-31T22:00:00Z
14,421,Strizivojna,316,286,602,19,8,27,20,3,23,0,0,0,14,12,26,0,0,0,1,1,2,370,310,680,2021-05-31T22:00:00Z
14,461,Trnava,57,85,142,7,3,10,13,6,19,0,1,1,11,4,15,0,0,0,0,0,0,88,99,187,2021-05-31T22:00:00Z
14,471,Valpovo,885,1140,2025,71,56,127,48,19,67,15,25,40,84,108,192,0,0,0,7,7,14,1110,1355,2465,2021-05-31T22:00:00Z
14,485,Viljevo,45,70,115,10,1,11,24,5,29,0,1,1,18,10,28,0,0,0,0,1,1,97,88,185,2021-05-31T22:00:00Z
14,494,Viškovci,217,210,427,25,6,31,17,5,22,0,0,0,25,6,31,0,0,0,1,0,1,285,227,512,2021-05-31T22:00:00Z
14,517,Vuka,40,77,117,14,2,16,17,4,21,0,0,0,20,10,30,0,0,0,0,0,0,91,93,184,2021-05-31T22:00:00Z
14,576,Donja Motičina,29,66,95,9,3,12,1,1,2,0,0,0,14,6,20,0,0,0,0,0,0,53,76,129,2021-05-31T22:00:00Z
14,578,Magadenovac,100,124,224,5,1,6,29,10,39,1,1,2,16,21,37,0,0,0,0,0,0,151,157,308,2021-05-31T22:00:00Z
14,579,Vladislavci,128,119,247,3,0,3,7,4,11,0,1,1,6,5,11,0,0,0,0,0,0,144,129,273,2021-05-31T22:00:00Z
14,609,Jagodnjak,153,75,228,8,2,10,24,5,29,0,0,0,9,4,13,0,0,0,0,0,0,194,86,280,2021-05-31T22:00:00Z
14,614,Šodolovci,25,35,60,0,0,0,0,0,0,0,0,0,9,6,15,0,0,0,0,0,0,34,41,75,2021-05-31T22:00:00Z
14,64,Čeminac,92,154,246,12,0,12,4,2,6,0,0,0,18,8,26,0,0,0,0,0,0,126,164,290,2021-05-31T22:00:00Z
14,65,Čepin,624,490,1114,98,28,126,53,25,78,4,6,10,161,97,258,0,0,0,3,5,8,943,651,1594,2021-05-31T22:00:00Z
14,66,Darda,1822,942,2764,56,29,85,34,4,38,2,3,5,60,55,115,0,0,0,1,1,2,1975,1034,3009,2021-05-31T22:00:00Z
14,86,Donji Miholjac,1176,966,2142,91,48,139,158,39,197,4,19,23,164,122,286,0,0,0,3,2,5,1596,1196,2792,2021-05-31T22:00:00Z
14,91,Draž,93,121,214,10,3,13,16,7,23,0,0,0,9,12,21,0,0,0,0,1,1,128,144,272,2021-05-31T22:00:00Z
14,94,Drenje,105,146,251,33,7,40,51,18,69,0,0,0,14,21,35,0,0,0,0,0,0,203,192,395,2021-05-31T22:00:00Z
15,113,Ervenik,62,51,113,1,0,1,3,2,5,0,0,0,3,0,3,0,0,0,0,0,0,69,53,122,2021-05-31T22:00:00Z
15,183,Kijevo,40,38,78,2,0,2,0,0,0,0,0,0,0,0,0,0,0,0,0,0,0,42,38,80,2021-05-31T22:00:00Z
15,184,Kistanje,65,75,140,28,9,37,1,0,1,1,0,1,48,13,61,0,0,0,0,0,0,143,97,240,2021-05-31T22:00:00Z
15,196,Knin,1528,1480,3008,131,72,203,56,11,67,29,4,33,125,156,281,0,0,0,3,2,5,1872,1725,3597,2021-05-31T22:00:00Z
15,298,Promina,106,69,175,2,1,3,1,2,3,0,0,0,0,1,1,0,0,0,0,0,0,109,73,182,2021-05-31T22:00:00Z
15,310,Biskupija,86,51,137,3,0,3,2,1,3,1,0,1,0,0,0,0,0,0,0,0,0,92,52,144,2021-05-31T22:00:00Z
15,357,Primošten,321,332,653,114,36,150,7,1,8,5,0,5,144,103,247,0,1,1,0,1,1,591,474,1065,2021-05-31T22:00:00Z
15,377,Ružić,42,49,91,4,0,4,5,7,12,0,0,0,1,10,11,0,0,0,0,0,0,52,66,118,2021-05-31T22:00:00Z
15,394,Skradin,128,191,319,51,17,68,19,8,27,2,3,5,46,49,95,0,0,0,0,0,0,246,268,514,2021-05-31T22:00:00Z
15,444,Šibenik,8085,8498,16583,676,370,1046,39,14,53,198,98,296,659,791,1450,0,0,0,23,26,49,9680,9797,19477,2021-05-31T22:00:00Z
15,454,Tisno,376,307,683,117,50,167,5,1,6,11,3,14,96,96,192,0,0,0,1,2,3,606,459,1065,2021-05-31T22:00:00Z
15,469,Unešić,49,39,88,8,1,9,4,1,5,1,0,1,16,5,21,0,0,0,0,0,0,78,46,124,2021-05-31T22:00:00Z
15,500,Vodice,995,1182,2177,298,115,413,13,6,19,13,10,23,288,217,505,0,0,0,5,7,12,1612,1537,3149,2021-05-31T22:00:00Z
15,51,Civljane,48,12,60,1,2,3,0,0,0,0,0,0,1,3,4,0,0,0,0,0,0,50,17,67,2021-05-31T22:00:00Z
15,581,Pirovac,140,154,294,39,26,65,5,2,7,0,2,2,65,71,136,0,0,0,0,1,1,249,256,505,2021-05-31T22:00:00Z
15,582,Rogoznica,288,270,558,58,21,79,2,1,3,11,1,12,67,74,141,0,0,0,0,0,0,426,367,793,2021-05-31T22:00:00Z
15,617,Murter,328,328,656,73,41,114,6,1,7,16,3,19,153,104,257,0,0,0,4,1,5,580,478,1058,2021-05-31T22:00:00Z
15,621,Bilice,76,49,125,24,9,33,0,0,0,7,0,7,27,20,47,0,0,0,0,0,0,134,78,212,2021-05-31T22:00:00Z
15,626,Tribunj,103,105,208,29,21,50,0,0,0,2,0,2,71,45,116,0,0,0,0,0,0,205,171,376,2021-05-31T22:00:00Z
15,95,Drniš,890,630,1520,66,54,120,49,19,68,6,8,14,88,93,181,0,0,0,1,1,2,1100,805,1905,2021-05-31T22:00:00Z
16,1,Andrijaševci,62,121,183,26,12,38,13,5,18,2,1,3,49,42,91,0,0,0,1,1,2,153,182,335,2021-05-31T22:00:00Z
16,137,Gradište,121,103,224,17,4,21,33,5,38,0,1,1,13,15,28,0,0,0,0,1,1,184,129,313,2021-05-31T22:00:00Z
16,141,Gunja,198,144,342,31,9,40,41,14,55,2,1,3,32,12,44,0,0,0,0,2,2,304,182,486,2021-05-31T22:00:00Z
16,154,Ilok,462,560,1022,66,24,90,50,17,67,2,3,5,108,100,208,0,0,0,1,3,4,689,707,1396,2021-05-31T22:00:00Z
16,159,Ivankovo,327,440,767,71,28,99,51,13,64,2,5,7,127,77,204,0,0,0,2,2,4,580,565,1145,2021-05-31T22:00:00Z
16,166,Jarmina,30,82,112,14,7,21,24,10,34,0,1,1,24,14,38,0,0,0,0,2,2,92,116,208,2021-05-31T22:00:00Z
16,239,Lovas,68,90,158,4,0,4,14,0,14,1,0,1,5,4,9,0,0,0,0,0,0,92,94,186,2021-05-31T22:00:00Z
16,26,Bogdanovci,28,53,81,3,0,3,7,4,11,0,0,0,19,3,22,0,0,0,0,0,0,57,60,117,2021-05-31T22:00:00Z
16,29,Borovo,79,129,208,45,14,59,29,5,34,2,3,5,64,69,133,0,0,0,2,1,3,221,221,442,2021-05-31T22:00:00Z
16,294,Nuštar,234,309,543,35,19,54,29,6,35,1,2,3,37,32,69,0,0,0,2,1,3,338,369,707,2021-05-31T22:00:00Z
16,295,Nijemci,189,218,407,22,7,29,86,24,110,1,1,2,47,26,73,0,0,0,1,2,3,346,278,624,2021-05-31T22:00:00Z
16,3,Babina Greda,136,132,268,32,12,44,82,26,108,3,0,3,30,42,72,0,0,0,0,0,0,283,212,495,2021-05-31T22:00:00Z
16,32,Bošnjaci,139,124,263,23,6,29,38,7,45,2,0,2,32,33,65,0,0,0,1,0,1,235,170,405,2021-05-31T22:00:00Z
16,414,Stari Jankovci,132,166,298,21,3,24,41,10,51,1,0,1,34,16,50,0,0,0,0,1,1,229,196,425,2021-05-31T22:00:00Z
16,415,Stari Mikanovci,95,139,234,17,9,26,21,12,33,2,1,3,29,36,65,0,0,0,0,0,0,164,197,361,2021-05-31T22:00:00Z
16,44,Cerna,393,227,620,41,19,60,45,18,63,1,1,2,69,67,136,0,0,0,0,0,0,549,332,881,2021-05-31T22:00:00Z
16,456,Tompojevci,24,52,76,16,4,20,37,13,50,0,1,1,17,18,35,0,0,0,0,0,0,94,88,182,2021-05-31T22:00:00Z
16,458,Tordinci,95,101,196,7,2,9,10,0,10,1,0,1,6,11,17,0,0,0,0,1,1,119,115,234,2021-05-31T22:00:00Z
16,459,Tovarnik,157,159,316,19,3,22,44,20,64,1,2,3,12,21,33,0,0,0,0,2,2,233,207,440,2021-05-31T22:00:00Z
16,464,Trpinja,120,229,349,22,7,29,76,10,86,3,0,3,39,23,62,0,0,0,1,0,1,261,269,530,2021-05-31T22:00:00Z
16,487,Vinkovci,8045,6294,14339,290,178,468,37,22,59,57,52,109,486,637,1123,1,0,1,12,10,22,8928,7193,16121,2021-05-31T22:00:00Z
16,505,Vrbanja,251,168,419,28,12,40,71,17,88,2,1,3,25,26,51,0,0,0,0,0,0,377,224,601,2021-05-31T22:00:00Z
16,518,Vukovar,4327,4661,8988,284,149,433,89,38,127,23,35,58,437,391,828,0,0,0,13,11,24,5173,5285,10458,2021-05-31T22:00:00Z
16,534,Županja,1999,1582,3581,137,54,191,39,11,50,22,23,45,191,192,383,1,0,1,5,3,8,2394,1865,4259,2021-05-31T22:00:00Z
16,535,Otok (Vinkovci),391,320,711,37,18,55,59,14,73,9,1,10,66,49,115,0,0,0,1,2,3,563,404,967,2021-05-31T22:00:00Z
16,583,Privlaka,98,141,239,16,4,20,21,10,31,0,2,2,16,20,36,0,0,0,0,0,0,151,177,328,2021-05-31T22:00:00Z
16,584,Vođinci,38,170,208,15,2,17,7,6,13,0,1,1,15,12,27,0,0,0,0,1,1,75,192,267,2021-05-31T22:00:00Z
16,610,Markušica,36,61,97,10,3,13,51,15,66,0,1,1,8,13,21,0,0,0,1,0,1,106,93,199,2021-05-31T22:00:00Z
16,612,Negoslavci,23,35,58,5,0,5,12,3,15,1,0,1,17,14,31,0,0,0,0,0,0,58,52,110,2021-05-31T22:00:00Z
16,628,Štitar,85,72,157,6,0,6,13,4,17,0,1,1,10,7,17,0,0,0,0,0,0,114,84,198,2021-05-31T22:00:00Z
16,92,Drenovci,112,211,323,39,5,44,105,37,142,2,0,2,50,38,88,0,0,0,0,0,0,308,291,599,2021-05-31T22:00:00Z
17,100,Dugi Rat,670,674,1344,92,43,135,1,2,3,33,3,36,205,142,347,0,0,0,4,4,8,1005,868,1873,2021-05-31T22:00:00Z
17,134,Gradac,225,320,545,81,35,116,5,1,6,2,1,3,103,127,230,0,0,0,1,2,3,417,486,903,2021-05-31T22:00:00Z
17,148,Hrvace,257,158,415,34,17,51,4,7,11,0,3,3,55,44,99,0,0,0,0,2,2,350,231,581,2021-05-31T22:00:00Z
17,153,Hvar,841,724,1565,221,98,319,16,10,26,17,8,25,302,277,579,2,0,2,3,8,11,1402,1125,2527,2021-05-31T22:00:00Z
17,155,Imotski,1333,1340,2673,161,92,253,14,7,21,30,14,44,126,184,310,0,0,0,11,9,20,1675,1646,3321,2021-05-31T22:00:00Z
17,171,Jelsa,398,359,757,108,33,141,30,12,42,10,0,10,177,93,270,0,0,0,6,6,12,729,503,1232,2021-05-31T22:00:00Z
17,181,Kaštela,3403,3694,7097,490,229,719,22,13,35,145,39,184,527,528,1055,0,0,0,60,25,85,4647,4528,9175,2021-05-31T22:00:00Z
17,192,Klis,240,182,422,36,7,43,6,4,10,21,2,23,52,29,81,0,0,0,0,3,3,355,227,582,2021-05-31T22:00:00Z
17,197,Komiža,188,147,335,66,18,84,4,0,4,5,2,7,57,60,117,0,0,0,1,2,3,321,229,550,2021-05-31T22:00:00Z
17,243,Lovreć,147,84,231,16,10,26,3,0,3,3,0,3,18,13,31,0,0,0,2,2,4,189,109,298,2021-05-31T22:00:00Z
17,249,Makarska,2629,2619,5248,321,197,518,4,2,6,52,29,81,524,539,1063,0,0,0,8,7,15,3538,3393,6931,2021-05-31T22:00:00Z
17,258,Marina,206,245,451,65,30,95,4,5,9,20,0,20,56,77,133,1,0,1,4,2,6,356,359,715,2021-05-31T22:00:00Z
17,267,Milna,95,94,189,27,9,36,3,1,4,4,0,4,37,44,81,0,0,0,3,1,4,169,149,318,2021-05-31T22:00:00Z
17,27,Bol,419,485,904,74,25,99,5,2,7,5,2,7,107,71,178,0,0,0,2,0,2,612,585,1197,2021-05-31T22:00:00Z
17,280,Nerežišća,155,54,209,17,2,19,5,2,7,1,0,1,31,20,51,0,0,0,1,0,1,210,78,288,2021-05-31T22:00:00Z
17,300,Omiš,1530,1681,3211,257,110,367,12,5,17,45,17,62,404,375,779,0,0,0,4,4,8,2252,2192,4444,2021-05-31T22:00:00Z
17,314,Otok,193,211,404,43,18,61,12,0,12,3,0,3,82,49,131,0,0,0,0,1,1,333,279,612,2021-05-31T22:00:00Z
17,337,Podbablje,272,169,441,34,4,38,6,0,6,2,1,3,19,34,53,0,0,0,1,4,5,334,212,546,2021-05-31T22:00:00Z
17,339,Podgora,349,304,653,91,29,120,0,1,1,2,0,2,131,84,215,0,0,0,3,1,4,576,419,995,2021-05-31T22:00:00Z
17,341,Podstrana,814,674,1488,67,21,88,16,4,20,41,3,44,71,95,166,1,0,1,3,4,7,1013,801,1814,2021-05-31T22:00:00Z
17,350,Postira,272,247,519,42,18,60,9,3,12,0,3,3,17,17,34,0,0,0,1,1,2,341,289,630,2021-05-31T22:00:00Z
17,358,Pučišća,246,129,375,50,7,57,5,4,9,8,0,8,39,25,64,0,0,0,2,1,3,350,166,516,2021-05-31T22:00:00Z
17,382,Seget,525,486,1011,47,12,59,7,3,10,9,2,11,161,92,253,0,0,0,1,1,2,750,596,1346,2021-05-31T22:00:00Z
17,383,Selca,121,119,240,46,20,66,9,3,12,4,1,5,65,35,100,0,0,0,0,3,3,245,181,426,2021-05-31T22:00:00Z
17,389,Sinj,1852,2015,3867,269,138,407,54,16,70,42,43,85,301,385,686,0,0,0,8,20,28,2526,2617,5143,2021-05-31T22:00:00Z
17,406,Solin,3627,2946,6573,261,137,398,12,6,18,126,35,161,316,303,619,0,0,0,14,7,21,4356,3434,7790,2021-05-31T22:00:00Z
17,409,Split,35443,37853,73296,1514,1112,2626,61,41,102,2109,447,2556,1658,2313,3971,4,0,4,151,167,318,40940,41933,82873,2021-05-31T22:00:00Z
17,413,Stari Grad,390,359,749,69,30,99,20,12,32,7,4,11,62,57,119,0,0,0,2,7,9,550,469,1019,2021-05-31T22:00:00Z
17,423,Sućuraj,34,27,61,24,3,27,3,2,5,0,0,0,13,15,28,0,0,0,0,1,1,74,48,122,2021-05-31T22:00:00Z
17,427,Supetar,739,890,1629,134,69,203,15,6,21,21,9,30,176,176,352,0,0,0,4,3,7,1089,1153,2242,2021-05-31T22:00:00Z
17,443,Šestanovac,139,145,284,27,4,31,9,1,10,1,2,3,23,26,49,0,0,0,2,1,3,201,179,380,2021-05-31T22:00:00Z
17,447,Šolta,218,155,373,22,16,38,9,3,12,13,0,13,25,29,54,0,0,0,1,1,2,288,204,492,2021-05-31T22:00:00Z
17,460,Trilj,483,532,1015,112,30,142,18,7,25,16,2,18,96,131,227,0,0,0,0,6,6,725,708,1433,2021-05-31T22:00:00Z
17,463,Trogir,1927,1932,3859,341,174,515,14,3,17,68,37,105,438,552,990,0,0,0,15,16,31,2803,2714,5517,2021-05-31T22:00:00Z
17,492,Vis,295,319,614,56,21,77,16,3,19,5,2,7,69,64,133,0,0,0,2,2,4,443,411,854,2021-05-31T22:00:00Z
17,50,Cista Provo,125,140,265,25,2,27,9,0,9,1,0,1,5,9,14,0,0,0,1,4,5,166,155,321,2021-05-31T22:00:00Z
17,511,Vrgorac,958,705,1663,51,24,75,25,14,39,5,4,9,52,86,138,0,0,0,1,2,3,1092,835,1927,2021-05-31T22:00:00Z
17,513,Vrlika,102,198,300,17,4,21,13,4,17,2,0,2,23,3,26,0,0,0,2,0,2,159,209,368,2021-05-31T22:00:00Z
17,522,Zagvozd,152,73,225,16,2,18,2,0,2,0,0,0,8,11,19,0,0,0,0,0,0,178,86,264,2021-05-31T22:00:00Z
17,528,Zmijavci,83,122,205,6,2,8,1,1,2,2,0,2,27,9,36,0,0,0,0,1,1,119,135,254,2021-05-31T22:00:00Z
17,585,Dugopolje,1427,747,2174,33,10,43,5,4,9,10,1,11,64,49,113,0,0,0,0,0,0,1539,811,2350,2021-05-31T22:00:00Z
17,586,Lećevica,12,40,52,5,0,5,0,1,1,1,0,1,1,1,2,0,0,0,0,0,0,19,42,61,2021-05-31T22:00:00Z
17,587,Lokvičići,37,21,58,1,0,1,2,0,2,0,0,0,2,2,4,0,0,0,1,0,1,43,23,66,2021-05-31T22:00:00Z
17,588,Okrug,170,232,402,43,22,65,1,0,1,15,5,20,131,80,211,0,0,0,3,3,6,363,342,705,2021-05-31T22:00:00Z
17,589,Prgomet,40,28,68,7,0,7,2,1,3,0,0,0,4,2,6,0,0,0,0,0,0,53,31,84,2021-05-31T22:00:00Z
17,590,Primorski Dolac,18,24,42,3,1,4,1,1,2,2,1,3,2,4,6,0,0,0,0,0,0,26,31,57,2021-05-31T22:00:00Z
17,591,Runovići,79,63,142,9,3,12,0,1,1,1,2,3,28,36,64,0,0,0,0,0,0,117,105,222,2021-05-31T22:00:00Z
17,592,Sutivan,112,91,203,15,8,23,4,1,5,9,0,9,39,28,67,0,0,0,0,1,1,179,129,308,2021-05-31T22:00:00Z
17,593,Tučepi,297,344,641,54,28,82,0,1,1,5,3,8,135,102,237,0,0,0,0,1,1,491,479,970,2021-05-31T22:00:00Z
17,595,Zadvarje,33,27,60,8,1,9,0,1,1,0,0,0,11,6,17,0,0,0,0,1,1,52,36,88,2021-05-31T22:00:00Z
17,72,Dicmo,444,176,620,32,16,48,3,2,5,4,1,5,32,46,78,0,0,0,0,1,1,515,242,757,2021-05-31T22:00:00Z
17,77,Brela,291,296,587,52,29,81,0,1,1,1,1,2,72,95,167,0,0,0,0,1,1,416,423,839,2021-05-31T22:00:00Z
17,87,Muć,182,186,368,19,3,22,1,5,6,3,4,7,10,13,23,0,0,0,1,1,2,216,212,428,2021-05-31T22:00:00Z
17,88,Proložac,199,170,369,14,4,18,2,4,6,0,0,0,34,17,51,0,0,0,3,1,4,252,196,448,2021-05-31T22:00:00Z
17,9,Baška Voda,293,402,695,105,58,163,2,0,2,6,3,9,126,143,269,0,0,0,1,2,3,533,608,1141,2021-05-31T22:00:00Z
18,132,Gračišće,45,29,74,28,4,32,11,3,14,0,0,0,37,10,47,0,0,0,0,0,0,121,46,167,2021-05-31T22:00:00Z
18,138,Grožnjan,25,25,50,15,3,18,14,5,19,0,0,0,12,14,26,0,0,0,0,1,1,66,48,114,2021-05-31T22:00:00Z
18,175,Kanfanar,492,190,682,26,6,32,4,0,4,1,0,1,24,21,45,0,0,0,1,1,2,548,218,766,2021-05-31T22:00:00Z
18,217,Kršan,342,303,645,48,14,62,7,4,11,2,0,2,108,57,165,0,0,0,2,3,5,509,381,890,2021-05-31T22:00:00Z
18,222,Labin,2676,2508,5184,258,126,384,17,10,27,33,39,72,319,260,579,0,0,0,11,8,19,3314,2951,6265,2021-05-31T22:00:00Z
18,223,Lanišće,13,14,27,4,0,4,2,0,2,0,0,0,6,2,8,0,0,0,0,1,1,25,17,42,2021-05-31T22:00:00Z
18,235,Ližnjan,147,117,264,14,4,18,2,0,2,4,0,4,31,43,74,0,0,0,1,12,13,199,176,375,2021-05-31T22:00:00Z
18,246,Lupoglav,188,93,281,11,5,16,6,2,8,0,1,1,13,13,26,0,0,0,0,0,0,218,114,332,2021-05-31T22:00:00Z
18,254,Marčana,154,156,310,40,14,54,3,2,5,8,1,9,46,29,75,0,0,0,1,1,2,252,203,455,2021-05-31T22:00:00Z
18,263,Medulin,777,696,1473,101,55,156,7,2,9,8,6,14,242,229,471,0,0,0,0,1,1,1135,989,2124,2021-05-31T22:00:00Z
18,274,Motovun,100,149,249,34,13,47,20,5,25,0,1,1,39,38,77,0,0,0,1,2,3,194,208,402,2021-05-31T22:00:00Z
18,291,Novigrad,874,1055,1929,129,56,185,19,4,23,3,9,12,183,170,353,0,0,0,4,4,8,1212,1298,2510,2021-05-31T22:00:00Z
18,304,Oprtalj,60,75,135,12,4,16,13,2,15,0,0,0,11,11,22,0,0,0,4,2,6,100,94,194,2021-05-31T22:00:00Z
18,321,Pazin,1968,1928,3896,293,117,410,53,24,77,16,23,39,322,214,536,0,0,0,5,14,19,2657,2320,4977,2021-05-31T22:00:00Z
18,330,Pićan,340,165,505,29,6,35,2,5,7,0,1,1,54,20,74,0,0,0,1,1,2,426,198,624,2021-05-31T22:00:00Z
18,348,Poreč,5366,5456,10822,664,334,998,42,19,61,59,48,107,757,674,1431,0,0,0,14,9,23,6902,6540,13442,2021-05-31T22:00:00Z
18,359,Pula,12925,12699,25624,1218,631,1849,64,39,103,277,168,445,1024,1247,2271,0,0,0,61,49,110,15569,14833,30402,2021-05-31T22:00:00Z
18,368,Raša,277,158,435,29,9,38,1,0,1,6,1,7,51,27,78,0,0,0,2,1,3,366,196,562,2021-05-31T22:00:00Z
18,374,Rovinj,3289,3585,6874,415,249,664,26,10,36,28,36,64,679,574,1253,0,0,0,13,20,33,4450,4474,8924,2021-05-31T22:00:00Z
18,40,Brtonigla,183,113,296,39,14,53,23,8,31,1,1,2,48,50,98,0,0,0,2,1,3,296,187,483,2021-05-31T22:00:00Z
18,42,Buje,769,736,1505,95,45,140,27,10,37,8,10,18,65,68,133,0,0,0,4,4,8,968,873,1841,2021-05-31T22:00:00Z
18,43,Buzet,1571,1044,2615,170,66,236,20,14,34,6,5,11,123,108,231,0,0,0,10,9,19,1900,1246,3146,2021-05-31T22:00:00Z
18,431,Sveti Lovreč,50,52,102,20,11,31,3,0,3,0,1,1,43,21,64,0,0,0,0,0,0,116,85,201,2021-05-31T22:00:00Z
18,432,Sveta Nedelja,136,138,274,28,7,35,7,3,10,4,0,4,41,18,59,0,0,0,6,3,9,222,169,391,2021-05-31T22:00:00Z
18,433,Sveti Petar U Šumi,152,101,253,21,5,26,2,4,6,0,0,0,15,2,17,0,0,0,1,1,2,191,113,304,2021-05-31T22:00:00Z
18,435,Svetvinčenat,120,103,223,20,6,26,1,0,1,0,1,1,26,21,47,0,0,0,0,0,0,167,131,298,2021-05-31T22:00:00Z
18,453,Tinjan,191,112,303,40,10,50,4,0,4,1,3,4,63,29,92,0,0,0,1,0,1,300,154,454,2021-05-31T22:00:00Z
18,468,Umag,2844,2654,5498,392,172,564,31,18,49,32,34,66,370,374,744,0,0,0,13,18,31,3682,3270,6952,2021-05-31T22:00:00Z
18,47,Cerovlje,93,50,143,36,3,39,4,4,8,0,0,0,31,15,46,0,0,0,1,2,3,165,74,239,2021-05-31T22:00:00Z
18,497,Višnjan,248,235,483,42,12,54,9,3,12,1,1,2,90,35,125,0,0,0,2,0,2,392,286,678,2021-05-31T22:00:00Z
18,498,Vižinada,62,43,105,25,5,30,16,5,21,1,0,1,34,23,57,0,0,0,0,1,1,138,77,215,2021-05-31T22:00:00Z
18,5,Bale,146,127,273,25,17,42,3,2,5,0,0,0,45,26,71,0,0,0,1,1,2,220,173,393,2021-05-31T22:00:00Z
18,502,Vodnjan,718,592,1310,51,24,75,11,3,14,8,4,12,112,64,176,0,0,0,0,0,0,900,687,1587,2021-05-31T22:00:00Z
18,516,Vrsar,410,469,879,83,40,123,3,1,4,6,1,7,191,180,371,0,0,0,4,0,4,697,691,1388,2021-05-31T22:00:00Z
18,531,Žminj,460,398,858,98,42,140,12,4,16,1,5,6,106,79,185,0,0,0,5,1,6,682,529,1211,2021-05-31T22:00:00Z
18,596,Karojba,110,87,197,31,6,37,2,1,3,0,0,0,42,11,53,0,1,1,0,0,0,185,106,291,2021-05-31T22:00:00Z
18,597,Kaštelir - Labinci,178,76,254,30,13,43,6,3,9,1,0,1,54,15,69,0,0,0,1,3,4,270,110,380,2021-05-31T22:00:00Z
18,6,Barban,229,105,334,39,6,45,9,5,14,1,1,2,25,25,50,0,0,0,3,2,5,306,144,450,2021-05-31T22:00:00Z
18,619,Fažana,325,256,581,32,18,50,0,1,1,3,2,5,68,84,152,0,0,0,0,2,2,428,363,791,2021-05-31T22:00:00Z
18,629,Funtana,171,191,362,22,12,34,1,0,1,0,0,0,98,96,194,0,0,0,1,1,2,293,300,593,2021-05-31T22:00:00Z
18,631,Tar-Vabriga,184,273,457,41,18,59,1,0,1,0,0,0,76,67,143,0,0,0,1,1,2,303,359,662,2021-05-31T22:00:00Z
19,198,Konavle,1232,915,2147,203,73,276,20,9,29,36,8,44,93,128,221,0,0,0,7,10,17,1591,1143,2734,2021-05-31T22:00:00Z
19,204,Korčula,755,932,1687,160,70,230,13,7,20,111,10,121,171,172,343,0,0,0,16,15,31,1226,1206,2432,2021-05-31T22:00:00Z
19,219,Kula Norinska,46,53,99,12,1,13,2,0,2,0,0,0,6,6,12,0,0,0,1,0,1,67,60,127,2021-05-31T22:00:00Z
19,226,Lastovo,86,105,191,31,11,42,1,1,2,6,1,7,16,17,33,0,0,0,1,4,5,141,139,280,2021-05-31T22:00:00Z
19,25,Blato,580,411,991,68,22,90,19,4,23,7,8,15,175,56,231,0,0,0,5,5,10,854,506,1360,2021-05-31T22:00:00Z
19,264,Metković,2020,1670,3690,185,101,286,34,22,56,42,19,61,290,278,568,0,0,0,10,9,19,2581,2099,4680,2021-05-31T22:00:00Z
19,268,Mljet,186,109,295,28,11,39,5,0,5,5,2,7,28,27,55,0,0,0,1,2,3,253,151,404,2021-05-31T22:00:00Z
19,306,Opuzen,441,360,801,33,17,50,45,22,67,6,1,7,23,35,58,0,0,0,0,1,1,548,436,984,2021-05-31T22:00:00Z
19,308,Orebić,434,434,868,90,50,140,30,8,38,37,6,43,126,126,252,0,0,0,2,15,17,719,639,1358,2021-05-31T22:00:00Z
19,335,Ploče,1375,892,2267,83,44,127,18,4,22,31,6,37,101,143,244,0,0,0,4,4,8,1612,1093,2705,2021-05-31T22:00:00Z
19,343,Pojezerje,27,28,55,4,2,6,8,0,8,0,0,0,1,3,4,0,0,0,0,0,0,40,33,73,2021-05-31T22:00:00Z
19,399,Slivno,550,65,615,13,12,25,17,6,23,0,0,0,14,25,39,1,0,1,0,0,0,595,108,703,2021-05-31T22:00:00Z
19,402,Smokvica,33,68,101,14,4,18,12,4,16,8,0,8,37,11,48,0,0,0,3,0,3,107,87,194,2021-05-31T22:00:00Z
19,419,Ston,583,228,811,56,15,71,20,4,24,7,1,8,48,30,78,0,0,0,0,4,4,714,282,996,2021-05-31T22:00:00Z
19,474,Vela Luka,316,557,873,68,25,93,9,1,10,27,3,30,100,59,159,0,0,0,8,6,14,528,651,1179,2021-05-31T22:00:00Z
19,523,Zažablje,15,15,30,4,0,4,5,2,7,1,0,1,12,2,14,0,0,0,0,0,0,37,19,56,2021-05-31T22:00:00Z
19,598,Dubrovačko Primorje,170,122,292,23,7,30,4,6,10,8,2,10,42,31,73,0,0,0,1,3,4,248,171,419,2021-05-31T22:00:00Z
19,599,Janjina,220,65,285,11,5,16,9,3,12,2,1,3,9,13,22,0,0,0,1,1,2,252,88,340,2021-05-31T22:00:00Z
19,600,Lumbarda,49,63,112,45,16,61,10,1,11,5,0,5,34,41,75,0,0,0,2,2,4,145,123,268,2021-05-31T22:00:00Z
19,601,Trpanj,64,63,127,15,6,21,2,2,4,4,1,5,29,14,43,0,0,0,2,1,3,116,87,203,2021-05-31T22:00:00Z
19,602,Župa Dubrovačka,704,693,1397,119,60,179,4,5,9,56,2,58,86,83,169,0,0,0,4,2,6,973,845,1818,2021-05-31T22:00:00Z
19,98,Dubrovnik,10394,10952,21346,772,410,1182,29,15,44,539,73,612,644,753,1397,0,0,0,52,61,113,12430,12264,24694,2021-05-31T22:00:00Z
20,123,Goričan,315,146,461,6,4,10,9,2,11,0,2,2,12,13,25,0,0,0,0,0,0,342,167,509,2021-05-31T22:00:00Z
20,15,Belica,198,197,395,25,17,42,62,44,106,1,1,2,27,36,63,0,0,0,0,1,1,313,296,609,2021-05-31T22:00:00Z
20,206,Kotoriba,498,248,746,9,3,12,6,0,6,0,5,5,16,17,33,0,0,0,0,0,0,529,273,802,2021-05-31T22:00:00Z
20,250,Mala Subotica,475,982,1457,26,19,45,34,19,53,3,4,7,40,31,71,0,0,0,0,4,4,578,1059,1637,2021-05-31T22:00:00Z
20,276,Mursko Središće,751,733,1484,42,27,69,16,7,23,3,7,10,62,54,116,0,0,0,1,1,2,875,829,1704,2021-05-31T22:00:00Z
20,279,Nedelišće,1334,743,2077,95,37,132,41,18,59,1,5,6,138,66,204,0,0,0,0,4,4,1609,873,2482,2021-05-31T22:00:00Z
20,342,Podturen,201,99,300,21,6,27,17,15,32,1,2,3,55,31,86,0,0,0,0,2,2,295,155,450,2021-05-31T22:00:00Z
20,355,Prelog,2350,1645,3995,73,16,89,47,31,78,8,11,19,66,57,123,0,0,0,4,8,12,2548,1768,4316,2021-05-31T22:00:00Z
20,385,Selnica,136,125,261,7,9,16,8,5,13,1,2,3,15,17,32,0,0,0,0,0,0,167,158,325,2021-05-31T22:00:00Z
20,440,Sveti Juraj Na Bregu,273,153,426,26,14,40,14,7,21,2,2,4,48,64,112,0,0,0,0,0,0,363,240,603,2021-05-31T22:00:00Z
20,441,Sveti Martin Na Muri,545,335,880,10,9,19,12,5,17,0,3,3,26,37,63,0,0,0,1,1,2,594,390,984,2021-05-31T22:00:00Z
20,452,Štrigova,267,190,457,26,10,36,41,24,65,2,2,4,69,64,133,0,0,0,2,0,2,407,290,697,2021-05-31T22:00:00Z
20,504,Vratišinec,159,88,247,6,4,10,11,3,14,1,1,2,7,6,13,0,0,0,1,1,2,185,103,288,2021-05-31T22:00:00Z
20,60,Čakovec,9818,9332,19150,255,123,378,62,26,88,37,62,99,299,366,665,0,0,0,6,17,23,10477,9926,20403,2021-05-31T22:00:00Z
20,603,Dekanovec,100,73,173,5,2,7,7,6,13,0,0,0,6,2,8,0,0,0,0,1,1,118,84,202,2021-05-31T22:00:00Z
20,604,Gornji Mihaljevec,138,51,189,11,2,13,23,7,30,2,2,4,21,13,34,0,0,0,1,0,1,196,75,271,2021-05-31T22:00:00Z
20,605,Orehovica,89,116,205,16,2,18,29,13,42,1,2,3,46,18,64,0,0,0,1,2,3,182,153,335,2021-05-31T22:00:00Z
20,606,Strahoninec,245,133,378,12,4,16,3,1,4,0,1,1,36,13,49,0,0,0,0,1,1,296,153,449,2021-05-31T22:00:00Z
20,607,Sveta Marija,75,72,147,12,5,17,6,0,6,1,1,2,25,9,34,0,0,0,0,1,1,119,88,207,2021-05-31T22:00:00Z
20,608,Šenkovec,541,236,777,19,12,31,2,1,3,0,1,1,29,28,57,0,0,0,3,2,5,594,280,874,2021-05-31T22:00:00Z
20,620,Pribislavec,353,188,541,11,6,17,3,1,4,2,1,3,12,10,22,0,0,0,0,0,0,381,206,587,2021-05-31T22:00:00Z
20,75,Domašinec,276,109,385,7,10,17,19,15,34,0,1,1,16,11,27,0,0,0,2,2,4,320,148,468,2021-05-31T22:00:00Z
20,78,Donja Dubrava,175,216,391,13,7,20,6,3,9,0,1,1,13,11,24,0,0,0,0,0,0,207,238,445,2021-05-31T22:00:00Z
20,82,Donji Kraljevec,1314,587,1901,40,10,50,51,19,70,3,6,9,81,124,205,0,0,0,4,6,10,1493,752,2245,2021-05-31T22:00:00Z
20,89,Donji Vidovec,49,74,123,2,1,3,2,0,2,1,2,3,3,14,17,0,0,0,0,0,0,57,91,148,2021-05-31T22:00:00Z
21,133,Zagreb,225720,205390,431110,8013,5411,13424,307,194,501,2261,2116,4377,5795,7128,12923,21,4,25,382,569,951,242499,220812,463311,2021-05-31T22:00:00Z
01,101,Dugo Selo,2896,1944,4840,236,95,331,23,23,46,25,25,50,296,256,552,0,0,0,7,16,23,3483,2359,5842,2021-06-30T22:00:00Z
01,114,Farkaševac,169,233,402,7,4,11,28,11,39,0,2,2,35,16,51,0,0,0,0,0,0,239,266,505,2021-06-30T22:00:00Z
01,135,Gradec,151,129,280,14,2,16,13,7,20,0,1,1,44,19,63,0,0,0,0,0,0,222,158,380,2021-06-30T22:00:00Z
01,158,Ivanić-Grad,2968,1635,4603,97,77,174,52,32,84,8,20,28,150,194,344,0,0,0,12,10,22,3287,1968,5255,2021-06-30T22:00:00Z
01,163,Jakovlje,248,216,464,40,8,48,8,11,19,3,0,3,40,29,69,0,0,0,0,0,0,339,264,603,2021-06-30T22:00:00Z
01,169,Jastrebarsko,2210,1596,3806,215,111,326,57,34,91,16,20,36,259,239,498,0,0,0,8,10,18,2765,2010,4775,2021-06-30T22:00:00Z
01,190,Klinča Selo,204,160,364,37,7,44,6,3,9,0,0,0,74,53,127,0,0,0,0,1,1,321,224,545,2021-06-30T22:00:00Z
01,193,Kloštar Ivanić,398,291,689,25,8,33,19,5,24,1,11,12,60,43,103,1,0,1,2,0,2,506,358,864,2021-06-30T22:00:00Z
01,213,Križ,595,402,997,24,21,45,21,14,35,4,6,10,23,59,82,0,0,0,2,1,3,669,503,1172,2021-06-30T22:00:00Z
01,33,Brckovljani,324,317,641,8,4,12,0,0,0,1,2,3,25,17,42,0,0,0,0,0,0,358,340,698,2021-06-30T22:00:00Z
01,331,Pisarovina,378,306,684,27,20,47,25,19,44,1,2,3,26,29,55,0,0,0,3,3,6,460,379,839,2021-06-30T22:00:00Z
01,34,Brdovec,824,695,1519,103,32,135,15,6,21,2,7,9,84,61,145,1,0,1,5,4,9,1034,805,1839,2021-06-30T22:00:00Z
01,356,Preseka,20,9,29,5,2,7,13,12,25,0,1,1,16,7,23,0,0,0,1,0,1,55,31,86,2021-06-30T22:00:00Z
01,362,Pušča,161,191,352,28,13,41,7,2,9,1,3,4,56,26,82,0,0,0,0,0,0,253,235,488,2021-06-30T22:00:00Z
01,376,Rugvica,1171,447,1618,8,4,12,4,2,6,1,2,3,32,25,57,0,0,0,0,0,0,1216,480,1696,2021-06-30T22:00:00Z
01,380,Samobor,5344,3665,9009,510,301,811,26,24,50,42,68,110,516,486,1002,0,0,0,35,29,64,6473,4573,11046,2021-06-30T22:00:00Z
01,429,Sveti Ivan Zelina,2197,1860,4057,170,72,242,74,55,129,16,21,37,266,228,494,0,0,0,11,2,13,2734,2238,4972,2021-06-30T22:00:00Z
01,436,Sveta Nedjelja,5432,3224,8656,229,87,316,7,4,11,11,13,24,363,191,554,0,0,0,9,12,21,6051,3531,9582,2021-06-30T22:00:00Z
01,508,Vrbovec,2118,1957,4075,155,70,225,73,34,107,7,23,30,300,164,464,0,0,0,6,11,17,2659,2259,4918,2021-06-30T22:00:00Z
01,533,Krašić,254,171,425,27,8,35,17,10,27,4,3,7,27,32,59,0,0,0,2,1,3,331,225,556,2021-06-30T22:00:00Z
01,536,Rakovec,24,15,39,10,2,12,12,5,17,0,1,1,22,11,33,0,0,0,0,0,0,68,34,102,2021-06-30T22:00:00Z
01,539,Marija Gorica,77,93,170,14,3,17,0,0,0,1,1,2,18,23,41,0,0,0,0,0,0,110,120,230,2021-06-30T22:00:00Z
01,540,Žumberak,15,18,33,4,2,6,6,5,11,0,0,0,7,8,15,0,0,0,0,0,0,32,33,65,2021-06-30T22:00:00Z
01,541,Velika Gorica,7704,5940,13644,619,351,970,71,33,104,58,67,125,613,558,1171,0,0,0,29,24,53,9094,6973,16067,2021-06-30T22:00:00Z
01,542,Orle,50,36,86,15,0,15,8,5,13,0,0,0,11,3,14,0,0,0,0,0,0,84,44,128,2021-06-30T22:00:00Z
01,543,Zaprešić,3362,2875,6237,223,148,371,13,9,22,32,42,74,256,238,494,0,0,0,16,16,32,3902,3328,7230,2021-06-30T22:00:00Z
01,544,Pokupsko,50,70,120,10,6,16,13,6,19,1,0,1,6,8,14,0,0,0,0,0,0,80,90,170,2021-06-30T22:00:00Z
01,545,Kravarsko,105,92,197,35,8,43,6,5,11,0,0,0,67,16,83,0,0,0,1,1,2,214,122,336,2021-06-30T22:00:00Z
01,547,Bistra,355,516,871,44,25,69,8,6,14,2,8,10,62,54,116,1,0,1,1,1,2,473,610,1083,2021-06-30T22:00:00Z
01,548,Luka,244,92,336,14,2,16,2,3,5,1,1,2,23,18,41,0,0,0,0,0,0,284,116,400,2021-06-30T22:00:00Z
01,549,Dubravica,72,43,115,15,0,15,15,7,22,0,0,0,13,15,28,0,0,0,0,0,0,115,65,180,2021-06-30T22:00:00Z
01,550,Bedenica,210,145,355,13,4,17,6,5,11,1,1,2,14,12,26,0,0,0,0,0,0,244,167,411,2021-06-30T22:00:00Z
01,551,Stupnik,1328,490,1818,28,17,45,0,3,3,2,2,4,22,27,49,0,0,0,2,1,3,1382,540,1922,2021-06-30T22:00:00Z
01,97,Dubrava,303,320,623,44,20,64,66,40,106,4,12,16,72,67,139,0,0,0,2,7,9,491,466,957,2021-06-30T22:00:00Z
02,108,Đurmanec,110,133,243,57,11,68,1,2,3,3,1,4,112,92,204,0,0,0,1,0,1,284,239,523,2021-06-30T22:00:00Z
02,11,Bedekovčina,506,744,1250,90,41,131,7,8,15,6,9,15,133,113,246,0,0,0,3,2,5,745,917,1662,2021-06-30T22:00:00Z
02,125,Gornja Stubica,198,277,475,50,14,64,7,3,10,1,1,2,72,47,119,0,0,0,1,1,2,329,343,672,2021-06-30T22:00:00Z
02,146,Hraščina,51,46,97,8,2,10,2,3,5,0,1,1,4,9,13,0,0,0,0,0,0,65,61,126,2021-06-30T22:00:00Z
02,152,Hum Na Sutli,1571,641,2212,55,31,86,4,0,4,1,7,8,249,75,324,0,0,0,1,2,3,1881,756,2637,2021-06-30T22:00:00Z
02,187,Klanjec,298,264,562,66,24,90,9,6,15,5,1,6,73,46,119,0,0,0,2,2,4,453,343,796,2021-06-30T22:00:00Z
02,200,Konjščina,445,375,820,36,16,52,2,0,2,1,2,3,31,31,62,0,0,0,0,0,0,515,424,939,2021-06-30T22:00:00Z
02,208,Kraljevec Na Sutli,63,47,110,13,6,19,4,2,6,0,0,0,16,7,23,0,0,0,0,2,2,96,64,160,2021-06-30T22:00:00Z
02,211,Krapina,2685,2474,5159,177,84,261,8,6,14,18,14,32,214,178,392,0,0,0,1,5,6,3103,2761,5864,2021-06-30T22:00:00Z
02,212,Krapinske Toplice,566,1180,1746,69,37,106,4,6,10,0,5,5,108,72,180,0,0,0,0,1,1,747,1301,2048,2021-06-30T22:00:00Z
02,236,Lobor,150,208,358,21,8,29,4,4,8,0,0,0,37,16,53,0,0,0,1,2,3,213,238,451,2021-06-30T22:00:00Z
02,248,Mače,105,60,165,30,5,35,4,3,7,1,0,1,59,32,91,0,0,0,0,0,0,199,100,299,2021-06-30T22:00:00Z
02,256,Marija Bistrica,319,326,645,65,43,108,15,6,21,0,5,5,83,75,158,0,0,0,3,5,8,485,460,945,2021-06-30T22:00:00Z
02,265,Mihovljan,105,110,215,31,7,38,5,0,5,0,0,0,64,14,78,0,0,0,1,1,2,206,132,338,2021-06-30T22:00:00Z
02,311,Oroslavje,875,805,1680,79,37,116,10,2,12,6,9,15,107,80,187,0,0,0,4,2,6,1081,935,2016,2021-06-30T22:00:00Z
02,329,Petrovsko,62,55,117,15,3,18,1,0,1,5,0,5,59,10,69,0,0,0,1,0,1,143,68,211,2021-06-30T22:00:00Z
02,352,Pregrada,807,916,1723,109,32,141,2,4,6,6,7,13,161,105,266,0,0,0,2,1,3,1087,1065,2152,2021-06-30T22:00:00Z
02,364,Radoboj,136,101,237,17,10,27,1,1,2,1,3,4,55,22,77,0,0,0,0,0,0,210,137,347,2021-06-30T22:00:00Z
02,41,Budinščina,178,162,340,14,5,19,6,2,8,1,2,3,23,11,34,0,0,0,2,2,4,224,184,408,2021-06-30T22:00:00Z
02,422,Stubičke Toplice,238,416,654,33,17,50,0,2,2,3,5,8,67,28,95,0,0,0,1,1,2,342,469,811,2021-06-30T22:00:00Z
02,430,Sveti Križ Začretje,663,781,1444,74,23,97,9,5,14,1,5,6,139,100,239,0,0,0,4,2,6,890,916,1806,2021-06-30T22:00:00Z
02,466,Tuhelj,131,206,337,18,13,31,4,1,5,1,2,3,31,31,62,0,0,0,0,0,0,185,253,438,2021-06-30T22:00:00Z
02,481,Veliko Trgovišće,544,317,861,51,16,67,4,5,9,2,5,7,108,56,164,0,0,0,4,1,5,713,400,1113,2021-06-30T22:00:00Z
02,519,Zabok,2801,2722,5523,146,86,232,5,4,9,14,18,32,198,335,533,0,0,0,1,5,6,3165,3170,6335,2021-06-30T22:00:00Z
02,521,Zagorska Sela,12,55,67,7,1,8,5,1,6,0,1,1,15,4,19,0,0,0,0,0,0,39,62,101,2021-06-30T22:00:00Z
02,526,Zlatar,513,654,1167,98,46,144,23,14,37,9,10,19,103,80,183,0,0,0,4,5,9,750,809,1559,2021-06-30T22:00:00Z
02,527,Zlatar Bistrica,331,556,887,28,10,38,4,4,8,3,0,3,71,43,114,0,0,0,2,4,6,439,617,1056,2021-06-30T22:00:00Z
02,552,Jesenje,55,57,112,10,1,11,0,1,1,0,0,0,47,6,53,0,0,0,0,0,0,112,65,177,2021-06-30T22:00:00Z
02,553,Kumrovec,83,89,172,17,4,21,2,0,2,3,1,4,22,24,46,0,0,0,0,0,0,127,118,245,2021-06-30T22:00:00Z
02,554,Novi Golubovec,138,52,190,3,2,5,1,0,1,0,0,0,4,2,6,0,0,0,0,0,0,146,56,202,2021-06-30T22:00:00Z
02,70,Desinić,135,278,413,32,8,40,9,1,10,2,1,3,41,35,76,0,0,0,0,1,1,219,324,543,2021-06-30T22:00:00Z
02,79,Donja Stubica,860,785,1645,99,49,148,5,3,8,7,3,10,86,61,147,0,0,0,2,3,5,1059,904,1963,2021-06-30T22:00:00Z
03,102,Dvor,303,145,448,13,5,18,63,21,84,0,3,3,14,16,30,0,0,0,2,1,3,395,191,586,2021-06-30T22:00:00Z
03,121,Glina,1178,718,1896,40,25,65,56,26,82,4,13,17,65,69,134,0,0,0,0,0,0,1343,851,2194,2021-06-30T22:00:00Z
03,149,Hrvatska Dubica,72,66,138,8,2,10,11,4,15,0,0,0,5,5,10,0,0,0,0,0,0,96,77,173,2021-06-30T22:00:00Z
03,150,Hrvatska Kostajnica,291,288,579,19,9,28,9,2,11,1,3,4,8,19,27,0,0,0,2,0,2,330,321,651,2021-06-30T22:00:00Z
03,168,Jasenovac,133,162,295,11,3,14,12,7,19,0,0,0,13,10,23,0,0,0,0,0,0,169,182,351,2021-06-30T22:00:00Z
03,220,Kutina,3698,2903,6601,172,109,281,39,24,63,35,23,58,222,252,474,0,0,0,13,7,20,4179,3318,7497,2021-06-30T22:00:00Z
03,228,Lekenik,298,261,559,39,10,49,8,9,17,0,3,3,39,33,72,0,0,0,1,2,3,385,318,703,2021-06-30T22:00:00Z
03,232,Lipovljani,280,257,537,24,11,35,11,3,14,2,0,2,29,37,66,0,0,0,0,1,1,346,309,655,2021-06-30T22:00:00Z
03,259,Martinska Ves,134,60,194,8,2,10,31,15,46,1,0,1,55,16,71,0,0,0,1,0,1,230,93,323,2021-06-30T22:00:00Z
03,293,Novska,1332,1066,2398,168,98,266,35,13,48,6,20,26,276,235,511,0,0,0,1,3,4,1818,1435,3253,2021-06-30T22:00:00Z
03,328,Petrinja,1619,1710,3329,226,86,312,64,21,85,7,27,34,288,284,572,0,0,0,8,6,14,2212,2134,4346,2021-06-30T22:00:00Z
03,347,Popovača,879,976,1855,79,39,118,48,16,64,7,12,19,95,130,225,0,0,0,6,2,8,1114,1175,2289,2021-06-30T22:00:00Z
03,391,Sisak,6892,8063,14955,373,222,595,108,58,166,43,76,119,601,607,1208,0,0,0,24,17,41,8041,9043,17084,2021-06-30T22:00:00Z
03,426,Sunja,204,162,366,24,9,33,46,33,79,1,2,3,17,21,38,0,0,0,2,0,2,294,227,521,2021-06-30T22:00:00Z
03,457,Topusko,232,323,555,18,5,23,3,2,5,3,0,3,33,28,61,0,0,0,0,0,0,289,358,647,2021-06-30T22:00:00Z
03,477,Velika Ludina,134,140,274,9,9,18,14,2,16,0,0,0,25,28,53,0,0,0,0,0,0,182,179,361,2021-06-30T22:00:00Z
03,510,Gvozd,121,88,209,8,4,12,22,4,26,0,0,0,19,15,34,0,0,0,2,0,2,172,111,283,2021-06-30T22:00:00Z
03,555,Majur,110,100,210,1,1,2,5,0,5,0,0,0,3,0,3,0,0,0,0,0,0,119,101,220,2021-06-30T22:00:00Z
03,83,Donji Kukuruzari,39,59,98,5,0,5,5,3,8,0,0,0,2,3,5,0,0,0,1,0,1,52,65,117,2021-06-30T22:00:00Z
04,120,Generalski Stol,30,75,105,21,5,26,1,0,1,0,1,1,25,14,39,0,0,0,0,0,0,77,95,172,2021-06-30T22:00:00Z
04,172,Josipdol,198,158,356,27,17,44,3,9,12,2,1,3,60,54,114,0,0,0,0,1,1,290,240,530,2021-06-30T22:00:00Z
04,179,Karlovac,10516,8730,19246,408,286,694,76,53,129,74,91,165,598,797,1395,0,0,0,17,20,37,11689,9977,21666,2021-06-30T22:00:00Z
04,216,Krnjak,133,64,197,2,1,3,7,3,10,0,0,0,9,3,12,0,0,0,0,0,0,151,71,222,2021-06-30T22:00:00Z
04,225,Lasinja,71,38,109,5,1,6,0,4,4,2,0,2,6,7,13,0,0,0,0,0,0,84,50,134,2021-06-30T22:00:00Z
04,281,Netretić,77,85,162,15,3,18,3,1,4,1,1,2,53,33,86,0,0,0,0,0,0,149,123,272,2021-06-30T22:00:00Z
04,297,Ogulin,1748,1732,3480,140,88,228,33,14,47,8,28,36,148,179,327,0,0,0,5,12,17,2082,2053,4135,2021-06-30T22:00:00Z
04,30,Bosiljevo,106,102,208,5,0,5,0,0,0,1,1,2,28,29,57,0,0,0,0,0,0,140,132,272,2021-06-30T22:00:00Z
04,315,Ozalj,768,621,1389,86,31,117,17,14,31,4,10,14,121,99,220,0,0,0,1,4,5,997,779,1776,2021-06-30T22:00:00Z
04,333,Plaški,77,65,142,10,5,15,10,2,12,0,0,0,36,25,61,0,0,0,0,0,0,133,97,230,2021-06-30T22:00:00Z
04,365,Rakovica,152,144,296,6,11,17,3,3,6,0,1,1,79,88,167,0,0,0,1,0,1,241,247,488,2021-06-30T22:00:00Z
04,378,Saborsko,19,19,38,1,1,2,1,0,1,0,0,0,6,4,10,0,0,0,0,0,0,27,24,51,2021-06-30T22:00:00Z
04,400,Slunj,348,420,768,50,16,66,29,15,44,3,6,9,122,106,228,0,0,0,4,11,15,556,574,1130,2021-06-30T22:00:00Z
04,49,Cetingrad,70,50,120,6,1,7,3,4,7,0,0,0,10,13,23,0,0,0,0,0,0,89,68,157,2021-06-30T22:00:00Z
04,503,Vojnić,386,260,646,24,12,36,37,9,46,2,0,2,30,34,64,0,0,0,1,2,3,480,317,797,2021-06-30T22:00:00Z
04,530,Žakanje,139,95,234,27,12,39,6,0,6,0,0,0,27,31,58,0,0,0,0,1,1,199,139,338,2021-06-30T22:00:00Z
04,556,Ribnik,8,5,13,10,4,14,1,2,3,0,0,0,7,14,21,0,0,0,0,0,0,26,25,51,2021-06-30T22:00:00Z
04,557,Tounj,70,32,102,4,0,4,0,0,0,0,0,0,4,5,9,0,0,0,0,0,0,78,37,115,2021-06-30T22:00:00Z
04,623,Kamanje,162,102,264,3,3,6,0,0,0,0,0,0,4,15,19,0,0,0,0,0,0,169,120,289,2021-06-30T22:00:00Z
04,7,Barilovići,285,139,424,21,9,30,7,1,8,0,1,1,115,33,148,0,0,0,0,0,0,428,183,611,2021-06-30T22:00:00Z
04,90,Draganić,126,119,245,13,4,17,7,3,10,1,2,3,20,29,49,0,0,0,0,0,0,167,157,324,2021-06-30T22:00:00Z
04,99,Duga Resa,1184,989,2173,136,70,206,15,15,30,5,20,25,193,226,419,0,0,0,5,8,13,1538,1328,2866,2021-06-30T22:00:00Z
05,12,Bednja,212,167,379,23,8,31,2,9,11,2,1,3,26,19,45,0,0,0,0,0,0,265,204,469,2021-06-30T22:00:00Z
05,129,Gornji Kneginec,545,1020,1565,49,28,77,11,4,15,2,6,8,90,57,147,0,0,0,7,7,14,704,1122,1826,2021-06-30T22:00:00Z
05,151,Breznički Hum,172,142,314,13,5,18,9,6,15,0,1,1,19,13,32,0,0,0,2,5,7,215,172,387,2021-06-30T22:00:00Z
05,156,Ivanec,2009,1769,3778,160,64,224,13,12,25,12,17,29,301,264,565,0,0,0,8,15,23,2503,2141,4644,2021-06-30T22:00:00Z
05,165,Jalžabet,743,1100,1843,21,4,25,11,5,16,0,3,3,33,20,53,0,0,0,0,1,1,808,1133,1941,2021-06-30T22:00:00Z
05,189,Klenovnik,91,52,143,8,4,12,1,1,2,0,0,0,22,27,49,0,0,0,2,0,2,124,84,208,2021-06-30T22:00:00Z
05,19,Beretinec,68,31,99,17,2,19,3,3,6,0,1,1,16,22,38,0,0,0,1,1,2,105,60,165,2021-06-30T22:00:00Z
05,229,Lepoglava,1272,555,1827,56,32,88,5,2,7,1,5,6,101,71,172,0,0,0,1,4,5,1436,669,2105,2021-06-30T22:00:00Z
05,244,Ludbreg,1778,1481,3259,109,61,170,46,37,83,10,14,24,241,188,429,0,0,0,4,7,11,2188,1788,3976,2021-06-30T22:00:00Z
05,247,Ljubešćica,321,148,469,30,7,37,1,0,1,1,3,4,102,23,125,0,0,0,0,0,0,455,181,636,2021-06-30T22:00:00Z
05,251,Mali Bukovec,34,84,118,13,6,19,26,15,41,0,1,1,105,32,137,0,0,0,0,1,1,178,139,317,2021-06-30T22:00:00Z
05,260,Maruševec,361,283,644,51,25,76,23,25,48,3,4,7,107,46,153,0,0,0,3,3,6,548,386,934,2021-06-30T22:00:00Z
05,289,Novi Marof,1216,1210,2426,159,67,226,18,11,29,8,18,26,295,181,476,0,0,0,5,5,10,1701,1492,3193,2021-06-30T22:00:00Z
05,326,Petrijanec,408,674,1082,25,9,34,16,9,25,1,3,4,88,77,165,0,0,0,0,1,1,538,773,1311,2021-06-30T22:00:00Z
05,36,Breznica,162,63,225,18,3,21,4,5,9,1,5,6,27,13,40,0,0,0,0,0,0,212,89,301,2021-06-30T22:00:00Z
05,410,Sračinec,241,252,493,42,13,55,2,2,4,1,5,6,86,57,143,0,0,0,0,2,2,372,331,703,2021-06-30T22:00:00Z
05,437,Sveti Đurđ,66,93,159,30,4,34,28,9,37,3,1,4,34,35,69,0,0,0,0,0,0,161,142,303,2021-06-30T22:00:00Z
05,438,Sveti Ilija,155,161,316,14,8,22,2,1,3,0,4,4,45,28,73,0,0,0,1,0,1,217,202,419,2021-06-30T22:00:00Z
05,462,Trnovec Bartolovečki,1208,1526,2734,68,13,81,19,7,26,2,4,6,329,87,416,0,0,0,0,2,2,1626,1639,3265,2021-06-30T22:00:00Z
05,472,Varaždin,16438,15095,31533,495,345,840,45,26,71,79,120,199,550,633,1183,0,0,0,22,18,40,17629,16237,33866,2021-06-30T22:00:00Z
05,473,Varaždinske Toplice,602,446,1048,47,20,67,9,6,15,3,6,9,183,49,232,0,0,0,2,3,5,846,530,1376,2021-06-30T22:00:00Z
05,48,Cestica,394,364,758,46,24,70,16,19,35,1,4,5,99,75,174,0,0,0,0,2,2,556,488,1044,2021-06-30T22:00:00Z
05,484,Vidovec,222,227,449,51,16,67,66,31,97,2,5,7,113,93,206,0,0,0,0,1,1,454,373,827,2021-06-30T22:00:00Z
05,486,Vinica,280,202,482,22,10,32,4,4,8,1,5,6,30,24,54,0,0,0,0,1,1,337,246,583,2021-06-30T22:00:00Z
05,493,Visoko,89,52,141,18,0,18,7,3,10,0,0,0,24,21,45,0,0,0,1,0,1,139,76,215,2021-06-30T22:00:00Z
05,558,Veliki Bukovec,353,280,633,5,2,7,27,15,42,0,2,2,36,26,62,0,0,0,0,0,0,421,325,746,2021-06-30T22:00:00Z
05,80,Donja Voća,87,55,142,9,1,10,5,9,14,0,1,1,26,23,49,0,0,0,0,0,0,127,89,216,2021-06-30T22:00:00Z
05,85,Donji Martijanec,353,175,528,27,8,35,21,6,27,1,1,2,57,35,92,0,0,0,0,0,0,459,225,684,2021-06-30T22:00:00Z
06,104,Đelekovec,25,39,64,20,7,27,42,13,55,0,1,1,18,12,30,0,0,0,0,0,0,105,72,177,2021-06-30T22:00:00Z
06,107,Đurđevac,1320,1126,2446,82,41,123,72,47,119,13,12,25,86,77,163,0,0,0,11,6,17,1584,1309,2893,2021-06-30T22:00:00Z
06,115,Ferdinandovac,41,83,124,9,2,11,46,34,80,1,1,2,18,6,24,0,0,0,0,0,0,115,126,241,2021-06-30T22:00:00Z
06,122,Gola,173,140,313,12,2,14,92,41,133,0,2,2,5,25,30,0,0,0,2,0,2,284,210,494,2021-06-30T22:00:00Z
06,145,Hlebine,10,20,30,1,0,1,14,4,18,1,0,1,0,12,12,0,0,0,1,1,2,27,37,64,2021-06-30T22:00:00Z
06,194,Kloštar Podravski,176,128,304,18,13,31,42,36,78,0,1,1,36,57,93,0,0,0,2,1,3,274,236,510,2021-06-30T22:00:00Z
06,201,Koprivnica,7114,7527,14641,335,190,525,60,29,89,61,77,138,417,441,858,0,2,2,12,22,34,7999,8288,16287,2021-06-30T22:00:00Z
06,202,Koprivnički Bregi,50,75,125,16,5,21,25,8,33,0,1,1,30,11,41,0,0,0,0,0,0,121,100,221,2021-06-30T22:00:00Z
06,203,Koprivnički Ivanec,63,50,113,24,5,29,21,8,29,0,1,1,32,9,41,0,0,0,0,0,0,140,73,213,2021-06-30T22:00:00Z
06,214,Križevci,3280,3614,6894,163,95,258,232,188,420,13,29,42,241,228,469,0,0,0,9,8,17,3938,4162,8100,2021-06-30T22:00:00Z
06,227,Legrad,61,76,137,13,4,17,20,5,25,0,1,1,24,17,41,0,0,0,0,0,0,118,103,221,2021-06-30T22:00:00Z
06,270,Molve,225,105,330,7,9,16,62,34,96,1,2,3,34,19,53,0,0,0,2,1,3,331,170,501,2021-06-30T22:00:00Z
06,292,Novigrad Podravski,93,129,222,10,1,11,21,11,32,0,2,2,17,18,35,0,0,0,0,0,0,141,161,302,2021-06-30T22:00:00Z
06,324,Peteranec,78,36,114,15,4,19,20,8,28,0,1,1,30,15,45,0,0,0,0,0,0,143,64,207,2021-06-30T22:00:00Z
06,366,Rasinja,57,73,130,18,4,22,55,23,78,1,1,2,22,26,48,0,0,0,1,1,2,154,128,282,2021-06-30T22:00:00Z
06,405,Sokolovac,210,79,289,16,3,19,44,19,63,4,5,9,27,10,37,0,0,0,2,0,2,303,116,419,2021-06-30T22:00:00Z
06,439,Sveti Ivan Žabno,251,206,457,40,19,59,101,60,161,1,2,3,53,54,107,0,0,0,0,1,1,446,342,788,2021-06-30T22:00:00Z
06,442,Sveti Petar Orehovec,122,107,229,31,5,36,146,136,282,0,2,2,39,19,58,0,0,0,1,0,1,339,269,608,2021-06-30T22:00:00Z
06,490,Virje,277,224,501,30,10,40,43,22,65,4,1,5,33,36,69,0,0,0,2,1,3,389,294,683,2021-06-30T22:00:00Z
06,559,Kalinovac,394,104,498,4,1,5,9,2,11,0,0,0,8,8,16,0,0,0,1,1,2,416,116,532,2021-06-30T22:00:00Z
06,560,Kalnik,40,54,94,3,4,7,17,22,39,0,1,1,8,5,13,0,0,0,0,0,0,68,86,154,2021-06-30T22:00:00Z
06,561,Novo Virje,47,37,84,2,0,2,40,24,64,0,0,0,13,6,19,0,0,0,0,1,1,102,68,170,2021-06-30T22:00:00Z
06,616,Podravske Sesvete,102,117,219,3,5,8,23,13,36,2,0,2,6,7,13,0,0,0,0,1,1,136,143,279,2021-06-30T22:00:00Z
06,618,Gornja Reka,81,72,153,6,3,9,7,8,15,0,0,0,6,4,10,0,0,0,0,0,0,100,87,187,2021-06-30T22:00:00Z
06,96,Drnje,116,106,222,11,2,13,19,10,29,0,4,4,6,9,15,0,0,0,1,0,1,153,131,284,2021-06-30T22:00:00Z
07,105,Đulovac,299,65,364,8,7,15,37,16,53,2,5,7,110,26,136,0,0,0,0,0,0,456,119,575,2021-06-30T22:00:00Z
07,119,Garešnica,1084,1095,2179,58,30,88,61,37,98,15,19,34,110,130,240,0,0,0,1,4,5,1329,1315,2644,2021-06-30T22:00:00Z
07,139,Grubišno Polje,587,510,1097,33,24,57,109,42,151,5,7,12,71,68,139,0,0,0,4,3,7,809,654,1463,2021-06-30T22:00:00Z
07,144,Hercegovac,136,158,294,17,3,20,48,17,65,1,1,2,42,33,75,0,0,0,1,2,3,245,214,459,2021-06-30T22:00:00Z
07,161,Ivanska,128,95,223,5,3,8,48,12,60,2,3,5,86,27,113,0,0,0,4,2,6,273,142,415,2021-06-30T22:00:00Z
07,176,Kapela,87,84,171,3,3,6,47,27,74,0,1,1,18,10,28,0,0,0,2,0,2,157,125,282,2021-06-30T22:00:00Z
07,18,Berek,59,59,118,6,1,7,20,17,37,0,0,0,10,7,17,0,0,0,0,0,0,95,84,179,2021-06-30T22:00:00Z
07,199,Končanica,127,95,222,8,2,10,33,16,49,0,1,1,17,12,29,0,0,0,2,0,2,187,126,313,2021-06-30T22:00:00Z
07,24,Bjelovar,7112,6871,13983,298,178,476,202,102,304,50,96,146,428,525,953,1,0,1,19,16,35,8110,7788,15898,2021-06-30T22:00:00Z
07,287,Nova Rača,114,124,238,9,2,11,80,33,113,0,2,2,32,14,46,0,0,0,0,0,0,235,175,410,2021-06-30T22:00:00Z
07,375,Rovišće,203,211,414,25,10,35,51,34,85,1,3,4,22,40,62,0,0,0,0,1,1,302,299,601,2021-06-30T22:00:00Z
07,390,Sirač,264,169,433,12,2,14,12,4,16,1,1,2,24,9,33,0,0,0,0,2,2,313,187,500,2021-06-30T22:00:00Z
07,450,Štefanje,49,62,111,7,3,10,33,13,46,0,2,2,34,19,53,0,0,0,2,0,2,125,99,224,2021-06-30T22:00:00Z
07,478,Velika Pisanica,70,85,155,3,2,5,33,16,49,1,0,1,13,9,22,0,0,0,0,0,0,120,112,232,2021-06-30T22:00:00Z
07,480,Veliki Grđevac,158,152,310,10,4,14,74,29,103,1,1,2,75,26,101,0,0,0,1,0,1,319,212,531,2021-06-30T22:00:00Z
07,483,Veliko Trojstvo,65,115,180,15,4,19,15,14,29,0,0,0,45,19,64,0,0,0,0,1,1,140,153,293,2021-06-30T22:00:00Z
07,562,Severin,65,27,92,1,0,1,17,13,30,0,0,0,14,27,41,0,0,0,0,0,0,97,67,164,2021-06-30T22:00:00Z
07,564,Šandrovac,25,56,81,4,0,4,13,7,20,0,0,0,13,6,19,0,0,0,0,0,0,55,69,124,2021-06-30T22:00:00Z
07,565,Velika Trnovitica,64,57,121,7,2,9,32,23,55,1,0,1,21,11,32,0,0,0,1,1,2,126,94,220,2021-06-30T22:00:00Z
07,566,Zrinski Topolovac,12,25,37,2,1,3,34,20,54,0,0,0,4,3,7,0,0,0,0,1,1,52,50,102,2021-06-30T22:00:00Z
07,63,Čazma,1147,835,1982,54,19,73,60,41,101,7,11,18,106,67,173,0,0,0,3,1,4,1377,974,2351,2021-06-30T22:00:00Z
07,67,Daruvar,1475,1711,3186,78,52,130,43,21,64,16,20,36,145,178,323,0,0,0,6,5,11,1763,1987,3750,2021-06-30T22:00:00Z
07,71,Dežanovac,124,82,206,10,2,12,73,38,111,0,0,0,36,15,51,0,0,0,1,1,2,244,138,382,2021-06-30T22:00:00Z
08,117,Fužine,262,190,452,18,12,30,0,1,1,3,1,4,15,21,36,0,0,0,1,0,1,299,225,524,2021-06-30T22:00:00Z
08,170,Jelenje,279,247,526,95,48,143,5,1,6,28,8,36,63,41,104,0,0,0,2,4,6,472,349,821,2021-06-30T22:00:00Z
08,180,Kastav,1102,800,1902,126,65,191,4,1,5,48,10,58,111,96,207,3,0,3,6,5,11,1400,977,2377,2021-06-30T22:00:00Z
08,186,Klana,395,217,612,22,7,29,1,1,2,6,2,8,17,11,28,0,0,0,1,1,2,442,239,681,2021-06-30T22:00:00Z
08,209,Kraljevica,347,295,642,40,26,66,2,1,3,37,6,43,32,41,73,1,0,1,1,9,10,460,378,838,2021-06-30T22:00:00Z
08,215,Krk,2061,1456,3517,249,119,368,13,7,20,24,14,38,404,273,677,0,0,0,7,6,13,2758,1875,4633,2021-06-30T22:00:00Z
08,237,Lokve,109,96,205,13,6,19,0,0,0,0,2,2,12,10,22,0,0,0,0,0,0,134,114,248,2021-06-30T22:00:00Z
08,242,Lovran,468,634,1102,86,29,115,1,1,2,11,11,22,51,70,121,0,0,0,4,8,12,621,753,1374,2021-06-30T22:00:00Z
08,252,Mali Lošinj,1723,1770,3493,241,86,327,21,7,28,39,17,56,281,262,543,0,0,0,10,4,14,2315,2146,4461,2021-06-30T22:00:00Z
08,253,Malinska-Dubašnica,592,912,1504,147,71,218,6,10,16,13,4,17,216,226,442,0,0,0,5,2,7,979,1225,2204,2021-06-30T22:00:00Z
08,261,Matulji,1461,1073,2534,213,122,335,14,6,20,37,17,54,175,185,360,0,0,0,4,12,16,1904,1415,3319,2021-06-30T22:00:00Z
08,273,Mošćenička Draga,131,102,233,54,18,72,0,1,1,4,2,6,61,47,108,0,0,0,2,3,5,252,173,425,2021-06-30T22:00:00Z
08,275,Mrkopalj,66,46,112,17,2,19,2,0,2,2,0,2,10,11,21,0,0,0,1,0,1,98,59,157,2021-06-30T22:00:00Z
08,290,Novi Vinodolski,564,515,1079,122,67,189,5,4,9,14,7,21,180,134,314,0,0,0,3,4,7,888,731,1619,2021-06-30T22:00:00Z
08,301,Omišalj,698,494,1192,86,25,111,1,0,1,20,5,25,122,71,193,0,0,0,0,2,2,927,597,1524,2021-06-30T22:00:00Z
08,302,Opatija,2292,2838,5130,193,107,300,6,6,12,56,29,85,115,165,280,0,1,1,11,14,25,2673,3160,5833,2021-06-30T22:00:00Z
08,360,Punat,351,201,552,74,27,101,4,0,4,8,2,10,123,95,218,0,0,0,1,1,2,561,326,887,2021-06-30T22:00:00Z
08,363,Rab,1102,1278,2380,352,105,457,13,4,17,16,12,28,444,376,820,0,0,0,5,9,14,1932,1784,3716,2021-06-30T22:00:00Z
08,369,Ravna Gora,282,304,586,29,11,40,2,0,2,1,1,2,41,24,65,0,0,0,1,2,3,356,342,698,2021-06-30T22:00:00Z
08,373,Rijeka,27217,28012,55229,1208,1032,2240,23,17,40,1050,365,1415,943,1295,2238,5,0,5,102,120,222,30548,30841,61389,2021-06-30T22:00:00Z
08,38,Brod Moravice,39,41,80,10,1,11,0,0,0,0,1,1,20,8,28,0,0,0,1,0,1,70,51,121,2021-06-30T22:00:00Z
08,393,Skrad,41,48,89,4,3,7,1,1,2,1,1,2,1,8,9,0,0,0,0,0,0,48,61,109,2021-06-30T22:00:00Z
08,4,Bakar,1925,942,2867,60,38,98,2,0,2,58,10,68,75,70,145,0,0,0,3,9,12,2123,1069,3192,2021-06-30T22:00:00Z
08,488,Vinodolska Općina,177,166,343,54,19,73,2,0,2,6,1,7,42,16,58,1,0,1,0,1,1,282,203,485,2021-06-30T22:00:00Z
08,495,Viškovo,1685,1075,2760,197,102,299,6,4,10,66,16,82,164,124,288,0,0,0,7,10,17,2125,1331,3456,2021-06-30T22:00:00Z
08,507,Vrbnik,155,115,270,35,14,49,10,3,13,1,0,1,53,32,85,0,0,0,1,1,2,255,165,420,2021-06-30T22:00:00Z
08,509,Vrbovsko,350,284,634,61,21,82,4,3,7,1,5,6,77,48,125,0,0,0,0,0,0,493,361,854,2021-06-30T22:00:00Z
08,52,Cres,599,528,1127,95,38,133,11,3,14,6,3,9,127,146,273,0,0,0,4,2,6,842,720,1562,2021-06-30T22:00:00Z
08,53,Crikvenica,1484,1867,3351,263,153,416,5,2,7,45,23,68,406,352,758,0,0,0,7,8,15,2210,2405,4615,2021-06-30T22:00:00Z
08,538,Kostrena,426,281,707,38,24,62,2,0,2,75,7,82,20,27,47,0,0,0,1,4,5,562,343,905,2021-06-30T22:00:00Z
08,55,Čabar,346,273,619,54,18,72,3,4,7,5,0,5,153,54,207,0,0,0,0,2,2,561,351,912,2021-06-30T22:00:00Z
08,61,Čavle,655,508,1163,86,52,138,0,2,2,35,10,45,109,81,190,0,0,0,2,2,4,887,655,1542,2021-06-30T22:00:00Z
08,624,Lopar,99,69,168,53,11,64,0,0,0,1,0,1,106,138,244,0,0,0,1,0,1,260,218,478,2021-06-30T22:00:00Z
08,69,Delnice,1153,753,1906,73,47,120,6,1,7,9,14,23,82,97,179,0,0,0,1,7,8,1324,919,2243,2021-06-30T22:00:00Z
08,74,Dobrinj,162,113,275,53,28,81,0,2,2,3,2,5,118,68,186,0,0,0,1,1,2,337,214,551,2021-06-30T22:00:00Z
08,8,Baška,344,341,685,99,49,148,7,2,9,5,3,8,154,147,301,0,0,0,5,4,9,614,546,1160,2021-06-30T22:00:00Z
09,130,Gospić,2260,2269,4529,104,61,165,69,39,108,12,9,21,146,164,310,0,0,0,9,8,17,2600,2550,5150,2021-06-30T22:00:00Z
09,178,Karlobag,104,105,209,14,6,20,7,1,8,3,0,3,12,7,19,0,0,0,0,1,1,140,120,260,2021-06-30T22:00:00Z
09,240,Lovinac,185,77,262,1,0,1,2,2,4,0,0,0,1,1,2,0,0,0,0,0,0,189,80,269,2021-06-30T22:00:00Z
09,288,Novalja,1228,939,2167,162,56,218,19,6,25,3,5,8,326,221,547,0,0,0,3,4,7,1741,1231,2972,2021-06-30T22:00:00Z
09,313,Otočac,856,895,1751,92,41,133,55,27,82,9,7,16,115,121,236,0,0,0,2,5,7,1129,1096,2225,2021-06-30T22:00:00Z
09,323,Perušić,359,241,600,21,10,31,32,22,54,0,1,1,20,26,46,0,0,0,0,0,0,432,300,732,2021-06-30T22:00:00Z
09,37,Brinje,351,235,586,23,7,30,8,6,14,0,1,1,12,21,33,0,0,0,0,1,1,394,271,665,2021-06-30T22:00:00Z
09,387,Senj,748,651,1399,114,57,171,6,4,10,19,9,28,149,177,326,0,0,0,6,5,11,1042,903,1945,2021-06-30T22:00:00Z
09,455,Plitvička Jezera,704,734,1438,43,25,68,60,12,72,1,5,6,202,156,358,0,0,0,1,0,1,1011,932,1943,2021-06-30T22:00:00Z
09,467,Udbina,135,130,265,11,6,17,36,9,45,0,0,0,18,16,34,0,0,0,3,0,3,203,161,364,2021-06-30T22:00:00Z
09,512,Vrhovine,94,41,135,3,3,6,6,1,7,0,0,0,3,4,7,0,0,0,0,0,0,106,49,155,2021-06-30T22:00:00Z
09,84,Donji Lapac,103,81,184,6,4,10,23,7,30,0,0,0,12,5,17,0,0,0,0,0,0,144,97,241,2021-06-30T22:00:00Z
10,136,Gradina,84,75,159,14,6,20,129,41,170,2,0,2,39,30,69,0,0,0,0,0,0,268,152,420,2021-06-30T22:00:00Z
10,245,Lukač,216,114,330,12,5,17,41,16,57,1,0,1,63,28,91,0,0,0,0,0,0,333,163,496,2021-06-30T22:00:00Z
10,266,Mikleuš,71,44,115,10,1,11,15,7,22,0,0,0,11,11,22,0,0,0,0,0,0,107,63,170,2021-06-30T22:00:00Z
10,283,Nova Bukovica,41,41,82,8,5,13,36,6,42,1,0,1,25,16,41,0,0,0,1,0,1,112,68,180,2021-06-30T22:00:00Z
10,307,Orahovica,954,694,1648,59,40,99,12,3,15,9,13,22,106,113,219,0,0,0,0,5,5,1140,868,2008,2021-06-30T22:00:00Z
10,332,Pitomača,638,623,1261,77,44,121,161,90,251,2,7,9,224,188,412,0,0,0,2,1,3,1104,953,2057,2021-06-30T22:00:00Z
10,395,Slatina,1421,1384,2805,146,70,216,136,41,177,13,23,36,228,253,481,0,0,0,2,10,12,1946,1781,3727,2021-06-30T22:00:00Z
10,407,Sopje,159,46,205,4,2,6,88,22,110,0,0,0,23,22,45,0,0,0,0,0,0,274,92,366,2021-06-30T22:00:00Z
10,424,Suhopolje,253,262,515,25,19,44,100,41,141,1,1,2,53,47,100,0,0,0,4,0,4,436,370,806,2021-06-30T22:00:00Z
10,449,Špišić Bukovica,155,132,287,21,7,28,166,61,227,1,2,3,35,59,94,0,0,0,1,2,3,379,263,642,2021-06-30T22:00:00Z
10,491,Virovitica,3929,3895,7824,180,101,281,99,27,126,33,22,55,399,383,782,0,0,0,13,11,24,4653,4439,9092,2021-06-30T22:00:00Z
10,499,Voćin,155,97,252,9,3,12,28,32,60,0,0,0,11,6,17,0,0,0,0,0,0,203,138,341,2021-06-30T22:00:00Z
10,524,Zdenci,122,73,195,8,4,12,19,6,25,0,2,2,13,13,26,0,0,0,1,2,3,163,100,263,2021-06-30T22:00:00Z
10,54,Crnac,28,37,65,16,4,20,18,7,25,0,1,1,19,12,31,0,0,0,0,0,0,81,61,142,2021-06-30T22:00:00Z
10,56,Čačinci,164,90,254,21,11,32,18,10,28,0,3,3,23,30,53,0,0,0,1,0,1,227,144,371,2021-06-30T22:00:00Z
10,57,Čađavica,124,96,220,13,9,22,69,21,90,0,0,0,49,30,79,0,0,0,1,0,1,256,156,412,2021-06-30T22:00:00Z
11,164,Jakšić,117,132,249,26,2,28,25,6,31,0,2,2,60,17,77,0,0,0,0,0,0,228,159,387,2021-06-30T22:00:00Z
11,177,Kaptol,89,97,186,15,1,16,22,3,25,0,1,1,45,8,53,0,0,0,0,1,1,171,111,282,2021-06-30T22:00:00Z
11,221,Kutjevo,584,406,990,48,17,65,63,30,93,2,2,4,81,76,157,0,0,0,6,2,8,784,533,1317,2021-06-30T22:00:00Z
11,231,Lipik,762,642,1404,30,14,44,22,10,32,1,8,9,55,53,108,0,0,0,1,0,1,871,727,1598,2021-06-30T22:00:00Z
11,318,Pakrac,630,1085,1715,81,30,111,46,19,65,13,15,28,183,98,281,0,0,0,3,2,5,956,1249,2205,2021-06-30T22:00:00Z
11,334,Pleternica,591,433,1024,78,25,103,56,17,73,3,6,9,162,119,281,0,0,0,2,4,6,892,604,1496,2021-06-30T22:00:00Z
11,35,Brestovac,120,120,240,12,3,15,16,3,19,1,1,2,24,10,34,0,0,0,0,1,1,173,138,311,2021-06-30T22:00:00Z
11,351,Požega,5245,4360,9605,311,156,467,121,39,160,39,101,140,430,378,808,0,1,1,12,24,36,6158,5059,11217,2021-06-30T22:00:00Z
11,475,Velika,308,296,604,22,10,32,23,3,26,2,3,5,47,38,85,0,0,0,0,0,0,402,350,752,2021-06-30T22:00:00Z
11,58,Čaglin,97,169,266,9,2,11,19,6,25,0,1,1,14,11,25,0,0,0,0,0,0,139,189,328,2021-06-30T22:00:00Z
12,10,Bebrina,36,64,100,9,7,16,15,6,21,2,0,2,11,7,18,0,0,0,0,0,0,73,84,157,2021-06-30T22:00:00Z
12,118,Garčin,133,191,324,30,9,39,30,16,46,0,0,0,20,19,39,0,0,0,1,0,1,214,235,449,2021-06-30T22:00:00Z
12,127,Gornji Bogićevci,53,39,92,9,2,11,9,2,11,0,0,0,12,21,33,0,0,0,0,0,0,83,64,147,2021-06-30T22:00:00Z
12,140,Gundinci,70,50,120,11,3,14,49,22,71,0,0,0,18,8,26,0,0,0,1,0,1,149,83,232,2021-06-30T22:00:00Z
12,185,Klakar,73,61,134,16,3,19,21,5,26,0,1,1,14,14,28,0,0,0,1,0,1,125,84,209,2021-06-30T22:00:00Z
12,284,Nova Gradiška,2088,2088,4176,142,92,234,28,17,45,23,21,44,265,307,572,0,0,0,3,2,5,2549,2527,5076,2021-06-30T22:00:00Z
12,285,Nova Kapela,151,217,368,21,15,36,22,6,28,2,2,4,51,56,107,0,0,0,1,0,1,248,296,544,2021-06-30T22:00:00Z
12,299,Okučani,224,146,370,27,6,33,12,1,13,0,1,1,46,26,72,0,0,0,1,3,4,310,183,493,2021-06-30T22:00:00Z
12,303,Oprisavci,257,162,419,9,0,9,32,10,42,1,0,1,7,17,24,0,0,0,0,0,0,306,189,495,2021-06-30T22:00:00Z
12,309,Oriovac,271,291,562,38,20,58,20,12,32,2,3,5,67,56,123,0,0,0,0,2,2,398,384,782,2021-06-30T22:00:00Z
12,338,Podcrkavlje,41,42,83,15,0,15,7,4,11,0,1,1,28,6,34,0,0,0,0,0,0,91,53,144,2021-06-30T22:00:00Z
12,372,Rešetari,210,182,392,34,8,42,20,9,29,3,1,4,90,46,136,0,0,0,1,1,2,358,247,605,2021-06-30T22:00:00Z
12,388,Sibinj,123,201,324,54,17,71,18,1,19,0,0,0,61,40,101,0,0,0,2,2,4,258,261,519,2021-06-30T22:00:00Z
12,39,Brodski Stupnik,70,81,151,16,9,25,9,3,12,2,1,3,84,37,121,0,0,0,0,0,0,181,131,312,2021-06-30T22:00:00Z
12,396,Slavonski Brod,13431,9113,22544,604,330,934,44,35,79,79,91,170,963,966,1929,1,0,1,18,17,35,15140,10552,25692,2021-06-30T22:00:00Z
12,397,Slavonski Šamac,58,62,120,8,4,12,16,8,24,0,1,1,14,5,19,0,0,0,0,0,0,96,80,176,2021-06-30T22:00:00Z
12,412,Stara Gradiška,145,75,220,4,1,5,8,3,11,0,0,0,20,9,29,0,0,0,0,0,0,177,88,265,2021-06-30T22:00:00Z
12,418,Staro Petrovo Selo,198,146,344,34,9,43,41,15,56,1,2,3,99,46,145,0,0,0,0,1,1,373,219,592,2021-06-30T22:00:00Z
12,46,Cernik,162,216,378,26,12,38,9,5,14,3,2,5,59,26,85,0,0,0,0,2,2,259,263,522,2021-06-30T22:00:00Z
12,476,Velika Kopanica,188,100,288,24,7,31,29,17,46,1,1,2,34,32,66,0,0,0,2,2,4,278,159,437,2021-06-30T22:00:00Z
12,506,Vrbje,30,42,72,8,1,9,19,2,21,0,0,0,25,25,50,0,0,0,0,1,1,82,71,153,2021-06-30T22:00:00Z
12,514,Vrpolje,188,104,292,23,6,29,39,15,54,0,2,2,16,13,29,0,0,0,0,0,0,266,140,406,2021-06-30T22:00:00Z
12,567,Bukovlje,94,65,159,17,7,24,0,0,0,1,0,1,11,15,26,0,0,0,0,0,0,123,87,210,2021-06-30T22:00:00Z
12,568,Dragalić,41,54,95,8,0,8,7,2,9,0,0,0,5,6,11,0,0,0,0,1,1,61,63,124,2021-06-30T22:00:00Z
12,569,Gornja Vrba,379,396,775,12,2,14,1,0,1,0,1,1,26,14,40,0,0,0,0,0,0,418,413,831,2021-06-30T22:00:00Z
12,570,Sikirevci,42,62,104,18,4,22,38,13,51,0,0,0,14,6,20,0,0,0,1,1,2,113,86,199,2021-06-30T22:00:00Z
12,68,Davor,114,99,213,12,6,18,15,5,20,0,0,0,14,18,32,0,0,0,0,0,0,155,128,283,2021-06-30T22:00:00Z
12,81,Donji Andrijevci,144,93,237,22,11,33,20,4,24,1,1,2,30,18,48,0,0,0,0,1,1,217,128,345,2021-06-30T22:00:00Z
13,131,Gračac,243,249,492,22,17,39,65,24,89,2,1,3,34,47,81,0,0,0,0,3,3,366,341,707,2021-06-30T22:00:00Z
13,167,Jasenice,151,76,227,17,2,19,5,3,8,1,0,1,18,12,30,0,0,0,0,0,0,192,93,285,2021-06-30T22:00:00Z
13,17,Benkovac,1169,996,2165,93,36,129,92,50,142,13,8,21,201,141,342,0,0,0,5,5,10,1573,1236,2809,2021-06-30T22:00:00Z
13,173,Kali,304,124,428,23,14,37,3,1,4,11,1,12,65,30,95,0,0,0,0,1,1,406,171,577,2021-06-30T22:00:00Z
13,20,Bibinje,199,194,393,56,29,85,4,0,4,1,2,3,92,91,183,0,0,0,1,3,4,353,319,672,2021-06-30T22:00:00Z
13,22,Biograd Na Moru,1190,1526,2716,159,95,254,26,15,41,15,8,23,248,316,564,0,0,0,4,7,11,1642,1967,3609,2021-06-30T22:00:00Z
13,234,Lišane Ostrovičke,28,28,56,8,2,10,1,0,1,0,0,0,5,6,11,0,0,0,0,0,0,42,36,78,2021-06-30T22:00:00Z
13,282,Nin,568,504,1072,57,18,75,9,4,13,1,2,3,101,95,196,0,0,0,1,0,1,737,623,1360,2021-06-30T22:00:00Z
13,296,Obrovac,346,219,565,39,18,57,28,7,35,3,2,5,25,43,68,0,0,0,3,4,7,444,293,737,2021-06-30T22:00:00Z
13,316,Pag,603,555,1158,96,41,137,28,8,36,7,6,13,193,143,336,0,0,0,4,1,5,931,754,1685,2021-06-30T22:00:00Z
13,317,Pakoštane,426,407,833,89,34,123,7,10,17,11,2,13,146,120,266,0,0,0,2,0,2,681,573,1254,2021-06-30T22:00:00Z
13,320,Pašman,105,125,230,50,18,68,3,2,5,17,0,17,69,47,116,0,0,0,1,0,1,245,192,437,2021-06-30T22:00:00Z
13,344,Polača,106,53,159,18,7,25,3,2,5,2,0,2,11,18,29,0,0,0,1,2,3,141,82,223,2021-06-30T22:00:00Z
13,345,Poličnik,403,322,725,46,6,52,10,8,18,6,1,7,43,22,65,0,0,0,1,0,1,509,359,868,2021-06-30T22:00:00Z
13,349,Posedarje,146,198,344,31,16,47,5,7,12,12,1,13,41,48,89,0,0,0,1,2,3,236,272,508,2021-06-30T22:00:00Z
13,354,Preko,286,453,739,50,15,65,5,5,10,30,2,32,64,56,120,0,0,0,1,3,4,436,534,970,2021-06-30T22:00:00Z
13,371,Ražanac,97,108,205,30,14,44,6,6,12,14,0,14,39,38,77,0,0,0,3,0,3,189,166,355,2021-06-30T22:00:00Z
13,379,Sali,207,203,410,54,22,76,6,2,8,8,2,10,85,66,151,0,0,0,1,0,1,361,295,656,2021-06-30T22:00:00Z
13,411,Stankovci,238,155,393,28,4,32,4,3,7,1,1,2,33,17,50,0,0,0,0,1,1,304,181,485,2021-06-30T22:00:00Z
13,416,Starigrad,165,221,386,57,35,92,7,2,9,2,0,2,66,85,151,0,0,0,1,2,3,298,345,643,2021-06-30T22:00:00Z
13,425,Sukošan,381,314,695,64,23,87,12,2,14,6,2,8,57,66,123,0,0,0,1,3,4,521,410,931,2021-06-30T22:00:00Z
13,428,Sveti Filip I Jakov,233,369,602,56,34,90,8,3,11,12,3,15,63,68,131,0,0,0,0,0,0,372,477,849,2021-06-30T22:00:00Z
13,445,Škabrnje,69,71,140,25,3,28,2,1,3,4,1,5,14,5,19,0,0,0,1,0,1,115,81,196,2021-06-30T22:00:00Z
13,489,Vir,369,348,717,60,21,81,2,2,4,1,1,2,105,93,198,0,0,0,2,1,3,539,466,1005,2021-06-30T22:00:00Z
13,520,Zadar,15014,16107,31121,1111,627,1738,45,27,72,724,212,936,1496,1600,3096,3,0,3,103,59,162,18496,18632,37128,2021-06-30T22:00:00Z
13,525,Zemunik Donji,143,212,355,18,4,22,2,2,4,0,0,0,26,8,34,0,0,0,0,1,1,189,227,416,2021-06-30T22:00:00Z
13,537,Novigrad,70,107,177,27,5,32,4,4,8,7,1,8,29,17,46,0,0,0,1,2,3,138,136,274,2021-06-30T22:00:00Z
13,571,Galovac,28,60,88,10,1,11,5,4,9,3,2,5,7,13,20,0,0,0,0,2,2,53,82,135,2021-06-30T22:00:00Z
13,572,Kukljica,51,56,107,18,1,19,1,0,1,0,1,1,55,21,76,0,0,0,1,0,1,126,79,205,2021-06-30T22:00:00Z
13,573,Povljana,56,42,98,17,5,22,4,2,6,2,1,3,17,24,41,0,0,0,0,1,1,96,75,171,2021-06-30T22:00:00Z
13,574,Privlaka,133,141,274,25,18,43,0,2,2,13,0,13,37,24,61,0,0,0,5,1,6,213,186,399,2021-06-30T22:00:00Z
13,575,Tkon,92,91,183,27,8,35,2,2,4,1,0,1,66,35,101,0,0,0,2,1,3,190,137,327,2021-06-30T22:00:00Z
13,622,Kolan,201,162,363,27,9,36,4,2,6,0,0,0,66,45,111,0,0,0,0,0,0,298,218,516,2021-06-30T22:00:00Z
13,625,Vrsi,100,61,161,15,12,27,5,4,9,16,0,16,34,37,71,0,0,0,3,2,5,173,116,289,2021-06-30T22:00:00Z
14,103,Đakovo,2816,2854,5670,477,207,684,198,90,288,29,43,72,712,579,1291,0,0,0,11,11,22,4243,3784,8027,2021-06-30T22:00:00Z
14,106,Đurđenovac,548,532,1080,43,11,54,21,15,36,0,5,5,68,51,119,0,0,0,3,0,3,683,614,1297,2021-06-30T22:00:00Z
14,110,Erdut,305,228,533,36,15,51,57,17,74,2,6,8,54,43,97,0,0,0,3,1,4,457,310,767,2021-06-30T22:00:00Z
14,111,Ernestinovo,73,175,248,7,1,8,28,9,37,2,1,3,12,18,30,0,0,0,1,0,1,123,204,327,2021-06-30T22:00:00Z
14,116,Feričanci,133,131,264,25,4,29,3,0,3,0,1,1,42,17,59,0,0,0,0,0,0,203,153,356,2021-06-30T22:00:00Z
14,124,Gorjani,126,185,311,17,4,21,15,7,22,0,0,0,12,5,17,0,0,0,0,0,0,170,201,371,2021-06-30T22:00:00Z
14,13,Beli Manastir,1109,1122,2231,77,38,115,53,32,85,8,10,18,116,113,229,0,0,0,2,1,3,1365,1316,2681,2021-06-30T22:00:00Z
14,16,Belišće,1614,681,2295,67,32,99,28,7,35,1,6,7,91,103,194,0,0,0,2,5,7,1803,834,2637,2021-06-30T22:00:00Z
14,195,Kneževi Vinogradi,228,273,501,32,8,40,39,6,45,1,2,3,65,70,135,0,0,0,0,0,0,365,359,724,2021-06-30T22:00:00Z
14,2,Antunovac,173,162,335,31,11,42,14,8,22,0,0,0,16,15,31,0,0,0,0,0,0,234,196,430,2021-06-30T22:00:00Z
14,205,Koška,180,166,346,26,5,31,30,9,39,3,4,7,31,29,60,0,0,0,2,0,2,272,213,485,2021-06-30T22:00:00Z
14,21,Bilje,300,313,613,45,20,65,19,12,31,3,5,8,58,44,102,0,0,0,1,1,2,426,395,821,2021-06-30T22:00:00Z
14,23,Bizovac,238,244,482,29,11,40,25,11,36,2,4,6,30,35,65,0,0,0,0,2,2,324,307,631,2021-06-30T22:00:00Z
14,230,Levanjska Varoš,41,55,96,3,2,5,11,9,20,0,0,0,3,4,7,0,0,0,0,1,1,58,71,129,2021-06-30T22:00:00Z
14,257,Marijanci,100,72,172,7,5,12,13,1,14,0,1,1,20,21,41,0,0,0,1,1,2,141,101,242,2021-06-30T22:00:00Z
14,271,Moslavina Podravska,26,38,64,4,2,6,17,6,23,0,0,0,12,10,22,0,0,0,0,0,0,59,56,115,2021-06-30T22:00:00Z
14,278,Našice,2220,1770,3990,165,86,251,55,17,72,21,32,53,284,217,501,0,0,0,8,2,10,2753,2124,4877,2021-06-30T22:00:00Z
14,312,Osijek,23686,21822,45508,890,638,1528,100,46,146,179,186,365,816,1142,1958,1,0,1,39,42,81,25711,23876,49587,2021-06-30T22:00:00Z
14,325,Petlovac,65,57,122,4,4,8,15,0,15,0,0,0,17,9,26,0,0,0,0,0,0,101,70,171,2021-06-30T22:00:00Z
14,327,Petrijevci,295,246,541,21,3,24,6,4,10,0,0,0,18,7,25,0,0,0,1,2,3,341,262,603,2021-06-30T22:00:00Z
14,340,Podgorač,100,118,218,27,7,34,27,5,32,1,2,3,23,33,56,0,0,0,0,0,0,178,165,343,2021-06-30T22:00:00Z
14,346,Popovac,66,65,131,2,3,5,5,6,11,0,0,0,5,9,14,0,0,0,0,0,0,78,83,161,2021-06-30T22:00:00Z
14,361,Punitovci,51,84,135,21,3,24,17,4,21,0,0,0,31,8,39,0,0,0,0,0,0,120,99,219,2021-06-30T22:00:00Z
14,381,Satnica Đakovačka,123,102,225,23,5,28,10,2,12,0,0,0,47,32,79,0,0,0,0,0,0,203,141,344,2021-06-30T22:00:00Z
14,386,Semeljci,252,234,486,47,17,64,54,26,80,1,1,2,75,37,112,0,0,0,0,0,0,429,315,744,2021-06-30T22:00:00Z
14,421,Strizivojna,312,284,596,19,8,27,20,3,23,0,0,0,15,14,29,0,0,0,1,1,2,367,310,677,2021-06-30T22:00:00Z
14,461,Trnava,59,77,136,8,3,11,13,6,19,0,0,0,11,3,14,0,0,0,0,0,0,91,89,180,2021-06-30T22:00:00Z
14,471,Valpovo,893,1155,2048,73,56,129,48,19,67,15,25,40,83,108,191,0,0,0,7,8,15,1119,1371,2490,2021-06-30T22:00:00Z
14,485,Viljevo,38,68,106,10,0,10,24,5,29,0,1,1,18,9,27,0,0,0,0,1,1,90,84,174,2021-06-30T22:00:00Z
14,494,Viškovci,218,205,423,24,6,30,18,5,23,0,0,0,25,6,31,0,0,0,1,0,1,286,222,508,2021-06-30T22:00:00Z
14,517,Vuka,42,78,120,14,2,16,17,4,21,0,0,0,21,10,31,0,0,0,0,0,0,94,94,188,2021-06-30T22:00:00Z
14,576,Donja Motičina,27,58,85,9,3,12,1,1,2,0,0,0,14,6,20,0,0,0,0,0,0,51,68,119,2021-06-30T22:00:00Z
14,578,Magadenovac,101,123,224,5,1,6,29,10,39,1,1,2,17,22,39,0,0,0,0,0,0,153,157,310,2021-06-30T22:00:00Z
14,579,Vladislavci,134,108,242,3,0,3,7,4,11,0,0,0,6,4,10,0,0,0,0,0,0,150,116,266,2021-06-30T22:00:00Z
14,609,Jagodnjak,146,74,220,8,2,10,24,5,29,0,0,0,9,3,12,0,0,0,0,0,0,187,84,271,2021-06-30T22:00:00Z
14,614,Šodolovci,30,35,65,0,0,0,0,0,0,0,0,0,8,5,13,0,0,0,0,0,0,38,40,78,2021-06-30T22:00:00Z
14,64,Čeminac,80,100,180,12,0,12,4,2,6,0,0,0,16,8,24,0,0,0,0,0,0,112,110,222,2021-06-30T22:00:00Z
14,65,Čepin,666,506,1172,99,27,126,53,25,78,4,6,10,155,100,255,0,0,0,2,5,7,979,669,1648,2021-06-30T22:00:00Z
14,66,Darda,1830,970,2800,55,30,85,34,4,38,2,3,5,59,57,116,0,0,0,1,1,2,1981,1065,3046,2021-06-30T22:00:00Z
14,86,Donji Miholjac,1172,973,2145,92,47,139,159,39,198,5,19,24,156,118,274,0,0,0,1,2,3,1585,1198,2783,2021-06-30T22:00:00Z
14,91,Draž,89,121,210,10,3,13,16,7,23,0,0,0,8,11,19,0,0,0,0,1,1,123,143,266,2021-06-30T22:00:00Z
14,94,Drenje,105,146,251,34,7,41,52,19,71,0,0,0,14,22,36,0,0,0,0,0,0,205,194,399,2021-06-30T22:00:00Z
15,113,Ervenik,61,54,115,1,0,1,3,2,5,0,0,0,3,1,4,0,0,0,0,0,0,68,57,125,2021-06-30T22:00:00Z
15,183,Kijevo,40,38,78,2,0,2,0,0,0,0,0,0,0,0,0,0,0,0,0,0,0,42,38,80,2021-06-30T22:00:00Z
15,184,Kistanje,66,76,142,31,9,40,1,0,1,1,0,1,54,20,74,0,0,0,0,0,0,153,105,258,2021-06-30T22:00:00Z
15,196,Knin,1507,1481,2988,131,72,203,57,11,68,30,4,34,123,155,278,0,0,0,4,2,6,1852,1725,3577,2021-06-30T22:00:00Z
15,298,Promina,106,71,177,2,1,3,1,2,3,0,0,0,0,1,1,0,0,0,0,0,0,109,75,184,2021-06-30T22:00:00Z
15,310,Biskupija,88,54,142,3,0,3,2,1,3,1,0,1,0,0,0,0,0,0,0,0,0,94,55,149,2021-06-30T22:00:00Z
15,357,Primošten,335,347,682,118,35,153,7,1,8,7,0,7,169,120,289,0,1,1,0,2,2,636,506,1142,2021-06-30T22:00:00Z
15,377,Ružić,38,49,87,4,1,5,5,7,12,0,0,0,1,9,10,0,0,0,0,0,0,48,66,114,2021-06-30T22:00:00Z
15,394,Skradin,135,196,331,51,19,70,19,8,27,2,3,5,51,52,103,0,0,0,0,0,0,258,278,536,2021-06-30T22:00:00Z
15,444,Šibenik,8190,8585,16775,690,380,1070,39,13,52,192,96,288,688,827,1515,0,0,0,21,23,44,9820,9924,19744,2021-06-30T22:00:00Z
15,454,Tisno,402,326,728,119,52,171,2,1,3,12,3,15,119,108,227,0,0,0,0,2,2,654,492,1146,2021-06-30T22:00:00Z
15,469,Unešić,49,59,108,8,1,9,4,1,5,1,0,1,16,5,21,0,0,0,0,0,0,78,66,144,2021-06-30T22:00:00Z
15,500,Vodice,1042,1248,2290,306,124,430,13,5,18,14,10,24,305,263,568,0,0,0,5,5,10,1685,1655,3340,2021-06-30T22:00:00Z
15,51,Civljane,52,12,64,1,2,3,0,0,0,0,0,0,1,3,4,0,0,0,0,0,0,54,17,71,2021-06-30T22:00:00Z
15,581,Pirovac,145,173,318,40,25,65,5,2,7,0,2,2,73,75,148,0,0,0,0,0,0,263,277,540,2021-06-30T22:00:00Z
15,582,Rogoznica,293,282,575,60,22,82,2,1,3,9,1,10,80,81,161,0,0,0,0,0,0,444,387,831,2021-06-30T22:00:00Z
15,617,Murter,355,356,711,79,43,122,6,1,7,16,3,19,178,138,316,0,0,0,2,0,2,636,541,1177,2021-06-30T22:00:00Z
15,621,Bilice,81,43,124,24,10,34,0,0,0,7,0,7,29,17,46,0,0,0,0,0,0,141,70,211,2021-06-30T22:00:00Z
15,626,Tribunj,108,111,219,30,21,51,0,0,0,1,0,1,78,52,130,0,0,0,0,0,0,217,184,401,2021-06-30T22:00:00Z
15,95,Drniš,903,620,1523,66,54,120,47,19,66,6,8,14,94,98,192,0,0,0,1,1,2,1117,800,1917,2021-06-30T22:00:00Z
16,1,Andrijaševci,61,119,180,27,12,39,12,6,18,2,1,3,40,34,74,0,0,0,1,1,2,143,173,316,2021-06-30T22:00:00Z
16,137,Gradište,115,101,216,16,4,20,33,5,38,0,1,1,13,15,28,0,0,0,0,1,1,177,127,304,2021-06-30T22:00:00Z
16,141,Gunja,192,149,341,30,9,39,40,14,54,2,1,3,37,10,47,0,0,0,1,2,3,302,185,487,2021-06-30T22:00:00Z
16,154,Ilok,457,557,1014,66,24,90,49,17,66,1,3,4,111,100,211,0,0,0,1,3,4,685,704,1389,2021-06-30T22:00:00Z
16,159,Ivankovo,321,437,758,71,28,99,50,14,64,2,5,7,129,78,207,0,0,0,2,1,3,575,563,1138,2021-06-30T22:00:00Z
16,166,Jarmina,29,89,118,14,7,21,24,10,34,0,1,1,24,15,39,0,0,0,0,3,3,91,125,216,2021-06-30T22:00:00Z
16,239,Lovas,66,86,152,5,0,5,13,0,13,1,0,1,4,5,9,0,0,0,0,0,0,89,91,180,2021-06-30T22:00:00Z
16,26,Bogdanovci,28,53,81,3,0,3,7,4,11,0,0,0,19,3,22,0,0,0,0,0,0,57,60,117,2021-06-30T22:00:00Z
16,29,Borovo,78,126,204,46,13,59,29,5,34,2,3,5,62,70,132,0,0,0,2,1,3,219,218,437,2021-06-30T22:00:00Z
16,294,Nuštar,236,307,543,34,18,52,27,6,33,1,2,3,36,31,67,0,0,0,2,1,3,336,365,701,2021-06-30T22:00:00Z
16,295,Nijemci,194,231,425,22,7,29,87,25,112,1,1,2,48,27,75,0,0,0,1,2,3,353,293,646,2021-06-30T22:00:00Z
16,3,Babina Greda,137,133,270,31,12,43,80,27,107,3,0,3,30,40,70,0,0,0,0,0,0,281,212,493,2021-06-30T22:00:00Z
16,32,Bošnjaci,134,123,257,23,6,29,38,7,45,2,0,2,33,33,66,0,0,0,1,0,1,231,169,400,2021-06-30T22:00:00Z
16,414,Stari Jankovci,141,162,303,21,4,25,41,10,51,1,0,1,34,17,51,0,0,0,0,1,1,238,194,432,2021-06-30T22:00:00Z
16,415,Stari Mikanovci,95,139,234,17,9,26,21,12,33,2,1,3,29,33,62,0,0,0,0,0,0,164,194,358,2021-06-30T22:00:00Z
16,44,Cerna,416,230,646,40,20,60,45,18,63,1,1,2,76,69,145,0,0,0,0,0,0,578,338,916,2021-06-30T22:00:00Z
16,456,Tompojevci,25,53,78,16,4,20,38,13,51,0,1,1,17,19,36,0,0,0,0,0,0,96,90,186,2021-06-30T22:00:00Z
16,458,Tordinci,92,100,192,7,2,9,10,0,10,1,0,1,6,11,17,0,0,0,0,1,1,116,114,230,2021-06-30T22:00:00Z
16,459,Tovarnik,156,159,315,19,3,22,44,20,64,1,2,3,12,21,33,0,0,0,0,2,2,232,207,439,2021-06-30T22:00:00Z
16,464,Trpinja,117,221,338,22,7,29,77,10,87,3,0,3,39,25,64,0,0,0,1,0,1,259,263,522,2021-06-30T22:00:00Z
16,487,Vinkovci,8029,6266,14295,295,179,474,41,23,64,56,52,108,491,651,1142,1,0,1,13,11,24,8926,7182,16108,2021-06-30T22:00:00Z
16,505,Vrbanja,257,165,422,27,12,39,72,17,89,2,1,3,26,26,52,0,0,0,0,0,0,384,221,605,2021-06-30T22:00:00Z
16,518,Vukovar,4370,4639,9009,278,152,430,91,38,129,24,34,58,446,397,843,0,0,0,14,12,26,5223,5272,10495,2021-06-30T22:00:00Z
16,534,Županja,2004,1570,3574,139,54,193,38,11,49,20,23,43,189,196,385,1,0,1,5,3,8,2396,1857,4253,2021-06-30T22:00:00Z
16,535,Otok (Vinkovci),401,319,720,37,18,55,60,14,74,9,1,10,66,61,127,0,0,0,1,1,2,574,414,988,2021-06-30T22:00:00Z
16,583,Privlaka,103,138,241,16,5,21,21,10,31,0,2,2,16,20,36,0,0,0,0,0,0,156,175,331,2021-06-30T22:00:00Z
16,584,Vođinci,38,168,206,14,2,16,7,6,13,0,1,1,15,13,28,0,0,0,0,1,1,74,191,265,2021-06-30T22:00:00Z
16,610,Markušica,38,66,104,10,3,13,53,15,68,0,1,1,8,14,22,0,0,0,1,0,1,110,99,209,2021-06-30T22:00:00Z
16,612,Negoslavci,25,36,61,5,0,5,12,3,15,1,0,1,17,14,31,0,0,0,0,0,0,60,53,113,2021-06-30T22:00:00Z
16,628,Štitar,77,70,147,6,0,6,13,4,17,0,1,1,10,8,18,0,0,0,0,0,0,106,83,189,2021-06-30T22:00:00Z
16,92,Drenovci,111,212,323,39,5,44,104,36,140,1,0,1,49,39,88,0,0,0,0,0,0,304,292,596,2021-06-30T22:00:00Z
17,100,Dugi Rat,719,697,1416,95,44,139,1,2,3,32,4,36,217,159,376,0,0,0,3,2,5,1067,908,1975,2021-06-30T22:00:00Z
17,134,Gradac,246,352,598,83,38,121,5,1,6,2,1,3,139,186,325,0,0,0,1,2,3,476,580,1056,2021-06-30T22:00:00Z
17,148,Hrvace,259,166,425,35,17,52,4,7,11,0,3,3,50,44,94,0,0,0,0,2,2,348,239,587,2021-06-30T22:00:00Z
17,153,Hvar,975,854,1829,236,105,341,15,10,25,17,8,25,360,321,681,2,0,2,2,7,9,1607,1305,2912,2021-06-30T22:00:00Z
17,155,Imotski,1334,1337,2671,160,97,257,13,7,20,31,14,45,129,187,316,0,0,0,11,9,20,1678,1651,3329,2021-06-30T22:00:00Z
17,171,Jelsa,409,375,784,123,36,159,30,12,42,10,0,10,201,128,329,0,0,0,5,5,10,778,556,1334,2021-06-30T22:00:00Z
17,181,Kaštela,3444,3759,7203,497,236,733,22,12,34,138,39,177,546,565,1111,0,0,0,29,25,54,4676,4636,9312,2021-06-30T22:00:00Z
17,192,Klis,246,194,440,36,7,43,6,4,10,14,1,15,52,30,82,0,0,0,0,3,3,354,239,593,2021-06-30T22:00:00Z
17,197,Komiža,191,154,345,69,19,88,4,1,5,6,2,8,73,69,142,0,0,0,1,2,3,344,247,591,2021-06-30T22:00:00Z
17,243,Lovreć,147,87,234,16,10,26,4,0,4,3,0,3,21,12,33,0,0,0,2,2,4,193,111,304,2021-06-30T22:00:00Z
17,249,Makarska,2761,2775,5536,332,199,531,3,2,5,51,29,80,603,639,1242,0,0,0,6,3,9,3756,3647,7403,2021-06-30T22:00:00Z
17,258,Marina,213,264,477,66,31,97,3,5,8,19,0,19,59,94,153,1,0,1,3,2,5,364,396,760,2021-06-30T22:00:00Z
17,267,Milna,98,99,197,27,10,37,3,1,4,4,0,4,43,60,103,0,0,0,3,1,4,178,171,349,2021-06-30T22:00:00Z
17,27,Bol,487,550,1037,79,31,110,5,3,8,5,2,7,141,91,232,0,0,0,1,0,1,718,677,1395,2021-06-30T22:00:00Z
17,280,Nerežišća,149,55,204,17,2,19,5,2,7,0,0,0,31,19,50,0,0,0,1,0,1,203,78,281,2021-06-30T22:00:00Z
17,300,Omiš,1541,1700,3241,269,124,393,12,5,17,42,17,59,448,437,885,0,0,0,2,5,7,2314,2288,4602,2021-06-30T22:00:00Z
17,314,Otok,193,215,408,43,17,60,11,0,11,3,0,3,79,48,127,0,0,0,0,1,1,329,281,610,2021-06-30T22:00:00Z
17,337,Podbablje,275,169,444,35,4,39,6,0,6,3,1,4,19,31,50,0,0,0,1,4,5,339,209,548,2021-06-30T22:00:00Z
17,339,Podgora,391,351,742,96,35,131,0,1,1,1,0,1,184,142,326,0,0,0,3,1,4,675,530,1205,2021-06-30T22:00:00Z
17,341,Podstrana,838,695,1533,68,21,89,16,4,20,37,3,40,76,106,182,1,0,1,3,4,7,1039,833,1872,2021-06-30T22:00:00Z
17,350,Postira,278,249,527,42,19,61,9,3,12,0,3,3,20,22,42,0,0,0,1,1,2,350,297,647,2021-06-30T22:00:00Z
17,358,Pučišća,236,128,364,50,8,58,6,5,11,7,0,7,44,32,76,0,0,0,5,1,6,348,174,522,2021-06-30T22:00:00Z
17,382,Seget,561,551,1112,50,12,62,7,3,10,9,2,11,171,98,269,0,0,0,1,1,2,799,667,1466,2021-06-30T22:00:00Z
17,383,Selca,123,128,251,48,21,69,8,3,11,5,1,6,70,42,112,0,0,0,0,3,3,254,198,452,2021-06-30T22:00:00Z
17,389,Sinj,1871,1992,3863,271,138,409,55,17,72,45,43,88,307,382,689,0,0,0,9,20,29,2558,2592,5150,2021-06-30T22:00:00Z
17,406,Solin,3628,2958,6586,259,139,398,13,6,19,126,34,160,313,311,624,0,0,0,12,7,19,4351,3455,7806,2021-06-30T22:00:00Z
17,409,Split,35507,37813,73320,1538,1117,2655,63,41,104,2086,450,2536,1651,2336,3987,4,0,4,146,152,298,40995,41909,82904,2021-06-30T22:00:00Z
17,413,Stari Grad,412,374,786,70,32,102,21,11,32,8,4,12,69,76,145,0,0,0,2,6,8,582,503,1085,2021-06-30T22:00:00Z
17,423,Sućuraj,36,29,65,24,4,28,3,2,5,0,0,0,14,17,31,0,0,0,0,1,1,77,53,130,2021-06-30T22:00:00Z
17,427,Supetar,755,926,1681,139,73,212,15,6,21,22,8,30,205,182,387,0,0,0,4,3,7,1140,1198,2338,2021-06-30T22:00:00Z
17,443,Šestanovac,138,158,296,28,5,33,9,1,10,2,2,4,23,22,45,0,0,0,3,1,4,203,189,392,2021-06-30T22:00:00Z
17,447,Šolta,227,168,395,21,19,40,9,3,12,13,0,13,36,35,71,0,0,0,0,1,1,306,226,532,2021-06-30T22:00:00Z
17,460,Trilj,482,540,1022,115,30,145,18,7,25,16,2,18,93,131,224,0,0,0,0,6,6,724,716,1440,2021-06-30T22:00:00Z
17,463,Trogir,1900,1972,3872,351,181,532,15,4,19,73,38,111,463,625,1088,0,0,0,14,15,29,2816,2835,5651,2021-06-30T22:00:00Z
17,492,Vis,310,348,658,60,23,83,15,2,17,5,2,7,76,78,154,0,0,0,2,2,4,468,455,923,2021-06-30T22:00:00Z
17,50,Cista Provo,124,144,268,24,2,26,9,0,9,1,0,1,4,9,13,0,0,0,1,3,4,163,158,321,2021-06-30T22:00:00Z
17,511,Vrgorac,953,698,1651,53,24,77,25,14,39,5,4,9,49,87,136,0,0,0,1,2,3,1086,829,1915,2021-06-30T22:00:00Z
17,513,Vrlika,100,224,324,17,4,21,14,5,19,2,0,2,22,3,25,0,0,0,2,0,2,157,236,393,2021-06-30T22:00:00Z
17,522,Zagvozd,150,70,220,16,2,18,2,0,2,1,0,1,8,13,21,0,0,0,0,0,0,177,85,262,2021-06-30T22:00:00Z
17,528,Zmijavci,84,123,207,6,2,8,1,1,2,2,0,2,28,8,36,0,0,0,0,1,1,121,135,256,2021-06-30T22:00:00Z
17,585,Dugopolje,1451,753,2204,36,10,46,5,4,9,9,1,10,67,48,115,0,0,0,0,0,0,1568,816,2384,2021-06-30T22:00:00Z
17,586,Lećevica,12,41,53,5,0,5,0,1,1,1,0,1,1,1,2,0,0,0,0,0,0,19,43,62,2021-06-30T22:00:00Z
17,587,Lokvičići,37,20,57,1,0,1,2,0,2,0,0,0,2,2,4,0,0,0,1,0,1,43,22,65,2021-06-30T22:00:00Z
17,588,Okrug,187,240,427,47,26,73,1,0,1,12,4,16,156,105,261,0,0,0,3,3,6,406,378,784,2021-06-30T22:00:00Z
17,589,Prgomet,41,38,79,7,0,7,1,1,2,1,0,1,4,2,6,0,0,0,0,0,0,54,41,95,2021-06-30T22:00:00Z
17,590,Primorski Dolac,17,50,67,3,1,4,1,1,2,2,1,3,2,4,6,0,0,0,0,0,0,25,57,82,2021-06-30T22:00:00Z
17,591,Runovići,73,61,134,9,3,12,0,1,1,1,2,3,26,35,61,0,0,0,0,0,0,109,102,211,2021-06-30T22:00:00Z
17,592,Sutivan,116,94,210,14,10,24,4,1,5,10,0,10,45,31,76,0,0,0,0,1,1,189,137,326,2021-06-30T22:00:00Z
17,593,Tučepi,334,395,729,63,31,94,0,1,1,5,3,8,173,182,355,0,0,0,0,0,0,575,612,1187,2021-06-30T22:00:00Z
17,595,Zadvarje,32,26,58,7,1,8,1,1,2,0,0,0,12,6,18,0,0,0,0,1,1,52,35,87,2021-06-30T22:00:00Z
17,72,Dicmo,445,183,628,33,16,49,3,2,5,3,1,4,34,43,77,0,0,0,0,2,2,518,247,765,2021-06-30T22:00:00Z
17,77,Brela,342,336,678,57,30,87,0,1,1,1,1,2,90,119,209,0,0,0,0,1,1,490,488,978,2021-06-30T22:00:00Z
17,87,Muć,176,200,376,19,4,23,1,5,6,3,4,7,11,13,24,0,0,0,1,1,2,211,227,438,2021-06-30T22:00:00Z
17,88,Proložac,201,172,373,14,4,18,2,4,6,0,0,0,36,17,53,0,0,0,3,1,4,256,198,454,2021-06-30T22:00:00Z
17,9,Baška Voda,339,461,800,109,68,177,1,0,1,6,3,9,170,189,359,0,0,0,1,1,2,626,722,1348,2021-06-30T22:00:00Z
18,132,Gračišće,45,32,77,28,4,32,11,3,14,0,0,0,35,10,45,0,0,0,0,0,0,119,49,168,2021-06-30T22:00:00Z
18,138,Grožnjan,24,25,49,15,2,17,14,5,19,0,0,0,14,12,26,0,0,0,0,1,1,67,45,112,2021-06-30T22:00:00Z
18,175,Kanfanar,495,188,683,27,6,33,4,0,4,1,0,1,22,21,43,0,0,0,1,1,2,550,216,766,2021-06-30T22:00:00Z
18,217,Kršan,335,301,636,46,15,61,7,4,11,3,0,3,108,57,165,0,0,0,2,4,6,501,381,882,2021-06-30T22:00:00Z
18,222,Labin,2739,2557,5296,262,127,389,17,10,27,34,38,72,336,266,602,0,0,0,9,7,16,3397,3005,6402,2021-06-30T22:00:00Z
18,223,Lanišće,13,13,26,4,0,4,2,0,2,0,0,0,7,3,10,0,0,0,0,1,1,26,17,43,2021-06-30T22:00:00Z
18,235,Ližnjan,150,126,276,14,5,19,2,0,2,4,0,4,37,45,82,0,0,0,1,4,5,208,180,388,2021-06-30T22:00:00Z
18,246,Lupoglav,190,102,292,11,5,16,6,2,8,0,1,1,13,13,26,0,0,0,0,0,0,220,123,343,2021-06-30T22:00:00Z
18,254,Marčana,154,153,307,40,14,54,4,2,6,5,1,6,48,30,78,0,0,0,1,1,2,252,201,453,2021-06-30T22:00:00Z
18,263,Medulin,810,736,1546,104,58,162,7,2,9,9,6,15,292,287,579,0,0,0,0,1,1,1222,1090,2312,2021-06-30T22:00:00Z
18,274,Motovun,101,146,247,36,14,50,20,6,26,0,1,1,40,40,80,0,0,0,1,3,4,198,210,408,2021-06-30T22:00:00Z
18,291,Novigrad,938,1103,2041,130,60,190,19,3,22,3,9,12,204,182,386,0,0,0,4,4,8,1298,1361,2659,2021-06-30T22:00:00Z
18,304,Oprtalj,61,77,138,13,4,17,13,3,16,0,0,0,11,11,22,0,0,0,3,2,5,101,97,198,2021-06-30T22:00:00Z
18,321,Pazin,1974,1923,3897,292,119,411,53,24,77,18,23,41,317,213,530,0,0,0,6,15,21,2660,2317,4977,2021-06-30T22:00:00Z
18,330,Pićan,343,166,509,30,7,37,2,5,7,0,1,1,57,20,77,0,0,0,1,1,2,433,200,633,2021-06-30T22:00:00Z
18,348,Poreč,5592,5664,11256,668,347,1015,44,19,63,59,48,107,828,734,1562,0,0,0,12,9,21,7203,6821,14024,2021-06-30T22:00:00Z
18,359,Pula,13032,12736,25768,1225,641,1866,67,40,107,275,169,444,1069,1271,2340,0,0,0,60,41,101,15728,14898,30626,2021-06-30T22:00:00Z
18,368,Raša,275,161,436,29,9,38,1,0,1,5,1,6,54,30,84,0,0,0,2,0,2,366,201,567,2021-06-30T22:00:00Z
18,374,Rovinj,3417,3668,7085,424,257,681,26,10,36,28,36,64,762,635,1397,0,0,0,15,20,35,4672,4626,9298,2021-06-30T22:00:00Z
18,40,Brtonigla,196,119,315,40,14,54,23,8,31,1,1,2,52,54,106,0,0,0,1,1,2,313,197,510,2021-06-30T22:00:00Z
18,42,Buje,785,743,1528,98,45,143,27,11,38,8,10,18,70,72,142,0,0,0,4,4,8,992,885,1877,2021-06-30T22:00:00Z
18,43,Buzet,1564,1049,2613,172,67,239,20,13,33,5,5,10,123,110,233,0,0,0,8,10,18,1892,1254,3146,2021-06-30T22:00:00Z
18,431,Sveti Lovreč,49,53,102,20,11,31,3,0,3,0,1,1,42,23,65,0,0,0,0,0,0,114,88,202,2021-06-30T22:00:00Z
18,432,Sveta Nedelja,139,138,277,28,7,35,7,3,10,4,0,4,37,18,55,0,0,0,7,4,11,222,170,392,2021-06-30T22:00:00Z
18,433,Sveti Petar U Šumi,151,101,252,21,5,26,2,4,6,0,0,0,16,2,18,0,0,0,1,1,2,191,113,304,2021-06-30T22:00:00Z
18,435,Svetvinčenat,124,100,224,20,6,26,1,0,1,0,1,1,25,19,44,0,0,0,0,0,0,170,126,296,2021-06-30T22:00:00Z
18,453,Tinjan,193,113,306,40,10,50,4,0,4,1,3,4,60,29,89,0,0,0,1,0,1,299,155,454,2021-06-30T22:00:00Z
18,468,Umag,2960,2786,5746,391,179,570,32,17,49,31,34,65,399,409,808,0,0,0,14,17,31,3827,3442,7269,2021-06-30T22:00:00Z
18,47,Cerovlje,92,52,144,35,3,38,4,4,8,2,0,2,29,14,43,0,0,0,1,2,3,163,75,238,2021-06-30T22:00:00Z
18,497,Višnjan,247,232,479,41,12,53,9,3,12,2,1,3,96,39,135,0,0,0,2,0,2,397,287,684,2021-06-30T22:00:00Z
18,498,Vižinada,63,43,106,26,5,31,15,5,20,1,0,1,37,24,61,0,0,0,0,1,1,142,78,220,2021-06-30T22:00:00Z
18,5,Bale,160,140,300,26,17,43,3,2,5,0,0,0,47,26,73,0,0,0,1,1,2,237,186,423,2021-06-30T22:00:00Z
18,502,Vodnjan,736,600,1336,51,24,75,10,3,13,9,4,13,120,71,191,0,0,0,0,0,0,926,702,1628,2021-06-30T22:00:00Z
18,516,Vrsar,439,488,927,88,40,128,3,1,4,6,1,7,213,203,416,0,0,0,3,0,3,752,733,1485,2021-06-30T22:00:00Z
18,531,Žminj,457,393,850,97,42,139,13,4,17,1,5,6,112,82,194,0,0,0,5,0,5,685,526,1211,2021-06-30T22:00:00Z
18,596,Karojba,116,96,212,31,6,37,2,1,3,0,0,0,42,11,53,0,1,1,0,0,0,191,115,306,2021-06-30T22:00:00Z
18,597,Kaštelir - Labinci,177,73,250,31,14,45,6,3,9,2,0,2,54,16,70,0,0,0,2,3,5,272,109,381,2021-06-30T22:00:00Z
18,6,Barban,227,106,333,41,6,47,9,5,14,0,1,1,25,26,51,0,0,0,4,1,5,306,145,451,2021-06-30T22:00:00Z
18,619,Fažana,352,324,676,33,18,51,0,1,1,4,2,6,89,53,142,0,0,0,0,2,2,478,400,878,2021-06-30T22:00:00Z
18,629,Funtana,188,205,393,21,12,33,1,0,1,0,0,0,107,121,228,0,0,0,1,1,2,318,339,657,2021-06-30T22:00:00Z
18,631,Tar-Vabriga,183,287,470,42,18,60,1,0,1,0,0,0,100,84,184,0,0,0,0,0,0,326,389,715,2021-06-30T22:00:00Z
19,198,Konavle,1255,938,2193,207,73,280,20,9,29,35,8,43,111,136,247,0,0,0,7,9,16,1635,1173,2808,2021-06-30T22:00:00Z
19,204,Korčula,797,982,1779,165,79,244,14,7,21,102,10,112,201,190,391,0,0,0,9,10,19,1288,1278,2566,2021-06-30T22:00:00Z
19,219,Kula Norinska,44,50,94,12,1,13,2,0,2,0,0,0,6,7,13,0,0,0,1,0,1,65,58,123,2021-06-30T22:00:00Z
19,226,Lastovo,85,112,197,31,10,41,1,1,2,5,1,6,25,24,49,0,0,0,1,4,5,148,152,300,2021-06-30T22:00:00Z
19,25,Blato,589,417,1006,69,22,91,19,4,23,7,8,15,178,62,240,0,0,0,5,3,8,867,516,1383,2021-06-30T22:00:00Z
19,264,Metković,2021,1677,3698,195,104,299,35,22,57,41,19,60,295,275,570,0,0,0,9,8,17,2596,2105,4701,2021-06-30T22:00:00Z
19,268,Mljet,199,115,314,29,13,42,5,0,5,5,2,7,35,36,71,0,0,0,1,2,3,274,168,442,2021-06-30T22:00:00Z
19,306,Opuzen,442,351,793,34,18,52,44,21,65,7,1,8,22,36,58,0,0,0,0,1,1,549,428,977,2021-06-30T22:00:00Z
19,308,Orebić,464,455,919,100,53,153,30,8,38,37,7,44,172,157,329,0,0,0,3,15,18,806,695,1501,2021-06-30T22:00:00Z
19,335,Ploče,1379,885,2264,85,46,131,19,4,23,28,6,34,105,148,253,0,0,0,3,4,7,1619,1093,2712,2021-06-30T22:00:00Z
19,343,Pojezerje,27,26,53,4,2,6,8,0,8,0,0,0,1,3,4,0,0,0,0,0,0,40,31,71,2021-06-30T22:00:00Z
19,399,Slivno,556,68,624,14,12,26,17,6,23,0,0,0,16,25,41,1,0,1,0,0,0,604,111,715,2021-06-30T22:00:00Z
19,402,Smokvica,33,67,100,14,5,19,12,4,16,5,0,5,42,11,53,0,0,0,3,0,3,109,87,196,2021-06-30T22:00:00Z
19,419,Ston,581,237,818,56,16,72,20,4,24,7,0,7,51,41,92,0,0,0,0,4,4,715,302,1017,2021-06-30T22:00:00Z
19,474,Vela Luka,328,566,894,71,27,98,9,1,10,33,3,36,111,70,181,0,0,0,5,6,11,557,673,1230,2021-06-30T22:00:00Z
19,523,Zažablje,14,16,30,4,0,4,5,2,7,1,0,1,12,2,14,0,0,0,0,0,0,36,20,56,2021-06-30T22:00:00Z
19,598,Dubrovačko Primorje,178,117,295,21,7,28,4,6,10,8,2,10,43,32,75,0,0,0,1,3,4,255,167,422,2021-06-30T22:00:00Z
19,599,Janjina,219,65,284,11,7,18,9,3,12,1,1,2,10,15,25,0,0,0,1,1,2,251,92,343,2021-06-30T22:00:00Z
19,600,Lumbarda,50,65,115,48,18,66,9,1,10,6,0,6,43,49,92,0,0,0,1,2,3,157,135,292,2021-06-30T22:00:00Z
19,601,Trpanj,77,68,145,15,7,22,2,2,4,4,1,5,32,20,52,0,0,0,1,1,2,131,99,230,2021-06-30T22:00:00Z
19,602,Župa Dubrovačka,720,723,1443,123,60,183,4,5,9,56,2,58,90,90,180,0,0,0,5,2,7,998,882,1880,2021-06-30T22:00:00Z
19,98,Dubrovnik,10667,11161,21828,787,416,1203,28,15,43,524,74,598,701,776,1477,0,0,0,44,59,103,12751,12501,25252,2021-06-30T22:00:00Z
20,123,Goričan,317,148,465,8,4,12,9,2,11,0,2,2,12,11,23,0,0,0,0,0,0,346,167,513,2021-06-30T22:00:00Z
20,15,Belica,190,183,373,26,17,43,62,44,106,1,1,2,27,36,63,0,0,0,1,1,2,307,282,589,2021-06-30T22:00:00Z
20,206,Kotoriba,496,250,746,9,4,13,6,0,6,0,5,5,14,15,29,0,0,0,0,0,0,525,274,799,2021-06-30T22:00:00Z
20,250,Mala Subotica,475,969,1444,28,19,47,34,19,53,3,4,7,41,31,72,0,0,0,0,4,4,581,1046,1627,2021-06-30T22:00:00Z
20,276,Mursko Središće,737,736,1473,45,25,70,18,7,25,3,7,10,57,55,112,0,0,0,1,1,2,861,831,1692,2021-06-30T22:00:00Z
20,279,Nedelišće,1341,738,2079,95,39,134,40,19,59,1,5,6,138,64,202,0,0,0,0,4,4,1615,869,2484,2021-06-30T22:00:00Z
20,342,Podturen,197,93,290,22,6,28,17,15,32,1,2,3,52,31,83,0,0,0,0,2,2,289,149,438,2021-06-30T22:00:00Z
20,355,Prelog,2375,1635,4010,72,16,88,48,32,80,8,10,18,65,59,124,0,0,0,4,7,11,2572,1759,4331,2021-06-30T22:00:00Z
20,385,Selnica,135,138,273,9,9,18,8,5,13,1,2,3,18,17,35,0,0,0,0,1,1,171,172,343,2021-06-30T22:00:00Z
20,440,Sveti Juraj Na Bregu,270,152,422,26,14,40,13,8,21,2,2,4,47,65,112,0,0,0,0,0,0,358,241,599,2021-06-30T22:00:00Z
20,441,Sveti Martin Na Muri,552,342,894,12,9,21,12,4,16,0,3,3,30,35,65,0,0,0,1,1,2,607,394,1001,2021-06-30T22:00:00Z
20,452,Štrigova,276,189,465,27,10,37,40,24,64,2,2,4,69,65,134,0,0,0,2,1,3,416,291,707,2021-06-30T22:00:00Z
20,504,Vratišinec,158,91,249,8,4,12,11,3,14,1,1,2,8,6,14,0,0,0,1,1,2,187,106,293,2021-06-30T22:00:00Z
20,60,Čakovec,9835,9295,19130,265,134,399,61,25,86,37,59,96,298,367,665,0,0,0,6,19,25,10502,9899,20401,2021-06-30T22:00:00Z
20,603,Dekanovec,99,75,174,5,2,7,7,6,13,0,1,1,6,3,9,0,0,0,0,1,1,117,88,205,2021-06-30T22:00:00Z
20,604,Gornji Mihaljevec,129,51,180,11,2,13,23,7,30,2,2,4,21,13,34,0,0,0,1,0,1,187,75,262,2021-06-30T22:00:00Z
20,605,Orehovica,91,107,198,17,2,19,29,13,42,1,2,3,46,20,66,0,0,0,1,2,3,185,146,331,2021-06-30T22:00:00Z
20,606,Strahoninec,243,135,378,11,5,16,3,1,4,0,1,1,40,13,53,0,0,0,0,1,1,297,156,453,2021-06-30T22:00:00Z
20,607,Sveta Marija,74,72,146,12,5,17,6,0,6,1,1,2,26,9,35,0,0,0,0,1,1,119,88,207,2021-06-30T22:00:00Z
20,608,Šenkovec,535,236,771,19,13,32,2,1,3,0,1,1,30,28,58,0,0,0,3,2,5,589,281,870,2021-06-30T22:00:00Z
20,620,Pribislavec,416,178,594,12,5,17,3,1,4,2,1,3,14,11,25,0,0,0,0,0,0,447,196,643,2021-06-30T22:00:00Z
20,75,Domašinec,257,98,355,8,11,19,19,15,34,0,1,1,17,10,27,0,0,0,2,2,4,303,137,440,2021-06-30T22:00:00Z
20,78,Donja Dubrava,179,210,389,13,7,20,6,3,9,0,1,1,13,10,23,0,0,0,0,0,0,211,231,442,2021-06-30T22:00:00Z
20,82,Donji Kraljevec,1328,588,1916,39,11,50,50,19,69,3,6,9,83,122,205,0,0,0,3,8,11,1506,754,2260,2021-06-30T22:00:00Z
20,89,Donji Vidovec,46,73,119,2,1,3,2,0,2,1,2,3,3,13,16,0,0,0,0,0,0,54,89,143,2021-06-30T22:00:00Z
21,133,Zagreb,225440,204971,430411,8143,5498,13641,301,195,496,2245,2115,4360,5790,7111,12901,21,4,25,379,563,942,242319,220457,462776,2021-06-30T22:00:00Z
01,101,Dugo Selo,2885,1946,4831,237,95,332,23,23,46,26,26,52,291,266,557,0,0,0,7,15,22,3469,2371,5840,2021-07-31T22:00:00Z
01,114,Farkaševac,164,232,396,7,4,11,28,11,39,0,2,2,34,17,51,0,0,0,0,0,0,233,266,499,2021-07-31T22:00:00Z
01,135,Gradec,155,124,279,15,2,17,13,7,20,0,1,1,44,19,63,0,0,0,0,0,0,227,153,380,2021-07-31T22:00:00Z
01,158,Ivanić-Grad,2941,1661,4602,98,77,175,51,33,84,9,19,28,149,197,346,0,0,0,12,10,22,3260,1997,5257,2021-07-31T22:00:00Z
01,163,Jakovlje,254,220,474,40,8,48,8,11,19,3,0,3,38,28,66,0,0,0,0,0,0,343,267,610,2021-07-31T22:00:00Z
01,169,Jastrebarsko,2200,1601,3801,216,113,329,56,34,90,16,20,36,257,237,494,0,0,0,8,10,18,2753,2015,4768,2021-07-31T22:00:00Z
01,190,Klinča Selo,205,156,361,37,7,44,6,3,9,0,0,0,73,53,126,0,0,0,0,1,1,321,220,541,2021-07-31T22:00:00Z
01,193,Kloštar Ivanić,396,292,688,25,9,34,19,5,24,1,10,11,60,44,104,1,0,1,2,0,2,504,360,864,2021-07-31T22:00:00Z
01,213,Križ,598,405,1003,25,21,46,21,13,34,4,6,10,25,57,82,0,0,0,3,1,4,676,503,1179,2021-07-31T22:00:00Z
01,33,Brckovljani,319,316,635,8,4,12,0,0,0,2,2,4,28,18,46,0,0,0,0,0,0,357,340,697,2021-07-31T22:00:00Z
01,331,Pisarovina,379,304,683,27,21,48,24,19,43,1,2,3,26,28,54,0,0,0,3,3,6,460,377,837,2021-07-31T22:00:00Z
01,34,Brdovec,832,713,1545,102,33,135,15,6,21,2,7,9,82,60,142,1,0,1,5,4,9,1039,823,1862,2021-07-31T22:00:00Z
01,356,Preseka,20,9,29,5,2,7,12,12,24,0,1,1,16,7,23,0,0,0,1,0,1,54,31,85,2021-07-31T22:00:00Z
01,362,Pušča,156,187,343,27,13,40,7,2,9,1,3,4,55,27,82,0,0,0,0,0,0,246,232,478,2021-07-31T22:00:00Z
01,376,Rugvica,1187,445,1632,8,4,12,4,2,6,1,2,3,28,24,52,0,0,0,0,0,0,1228,477,1705,2021-07-31T22:00:00Z
01,380,Samobor,5329,3653,8982,512,300,812,26,24,50,44,67,111,516,475,991,0,0,0,36,27,63,6463,4546,11009,2021-07-31T22:00:00Z
01,429,Sveti Ivan Zelina,2217,1848,4065,169,72,241,75,55,130,15,21,36,262,225,487,0,0,0,11,2,13,2749,2223,4972,2021-07-31T22:00:00Z
01,436,Sveta Nedjelja,5443,3269,8712,232,86,318,7,4,11,9,12,21,366,184,550,0,0,0,9,11,20,6066,3566,9632,2021-07-31T22:00:00Z
01,508,Vrbovec,2109,1980,4089,158,71,229,72,35,107,7,24,31,301,159,460,0,0,0,6,11,17,2653,2280,4933,2021-07-31T22:00:00Z
01,533,Krašić,260,178,438,28,8,36,17,10,27,3,3,6,28,28,56,0,0,0,3,1,4,339,228,567,2021-07-31T22:00:00Z
01,536,Rakovec,29,16,45,10,2,12,12,5,17,0,1,1,22,10,32,0,0,0,0,0,0,73,34,107,2021-07-31T22:00:00Z
01,539,Marija Gorica,77,93,170,14,3,17,0,0,0,1,1,2,16,23,39,0,0,0,0,0,0,108,120,228,2021-07-31T22:00:00Z
01,540,Žumberak,16,17,33,4,2,6,6,5,11,0,0,0,6,8,14,0,0,0,0,0,0,32,32,64,2021-07-31T22:00:00Z
01,541,Velika Gorica,7744,5938,13682,623,348,971,70,33,103,57,68,125,619,550,1169,0,0,0,27,25,52,9140,6962,16102,2021-07-31T22:00:00Z
01,542,Orle,47,36,83,15,0,15,8,5,13,0,0,0,11,4,15,0,0,0,0,0,0,81,45,126,2021-07-31T22:00:00Z
01,543,Zaprešić,3339,2887,6226,222,147,369,13,9,22,32,43,75,257,241,498,0,0,0,16,15,31,3879,3342,7221,2021-07-31T22:00:00Z
01,544,Pokupsko,49,68,117,10,6,16,13,6,19,1,0,1,8,7,15,0,0,0,0,0,0,81,87,168,2021-07-31T22:00:00Z
01,545,Kravarsko,105,111,216,35,9,44,7,5,12,0,0,0,71,15,86,0,0,0,1,1,2,219,141,360,2021-07-31T22:00:00Z
01,547,Bistra,356,515,871,44,25,69,8,6,14,2,7,9,60,55,115,1,0,1,1,1,2,472,609,1081,2021-07-31T22:00:00Z
01,548,Luka,237,94,331,14,2,16,2,3,5,1,1,2,22,18,40,0,0,0,0,0,0,276,118,394,2021-07-31T22:00:00Z
01,549,Dubravica,73,43,116,15,0,15,15,7,22,0,0,0,13,15,28,0,0,0,0,0,0,116,65,181,2021-07-31T22:00:00Z
01,550,Bedenica,209,145,354,13,4,17,6,5,11,1,1,2,14,12,26,0,0,0,0,0,0,243,167,410,2021-07-31T22:00:00Z
01,551,Stupnik,1324,492,1816,30,18,48,0,3,3,2,2,4,22,25,47,0,0,0,2,1,3,1380,541,1921,2021-07-31T22:00:00Z
01,97,Dubrava,312,321,633,45,20,65,65,40,105,4,12,16,70,66,136,0,0,0,2,7,9,498,466,964,2021-07-31T22:00:00Z
02,108,Đurmanec,112,145,257,56,13,69,1,2,3,3,1,4,109,88,197,0,0,0,1,0,1,282,249,531,2021-07-31T22:00:00Z
02,11,Bedekovčina,513,750,1263,90,40,130,7,8,15,6,9,15,131,113,244,0,0,0,3,2,5,750,922,1672,2021-07-31T22:00:00Z
02,125,Gornja Stubica,193,273,466,50,14,64,7,3,10,1,1,2,71,47,118,0,0,0,2,1,3,324,339,663,2021-07-31T22:00:00Z
02,146,Hraščina,52,46,98,8,2,10,2,3,5,0,1,1,4,8,12,0,0,0,0,0,0,66,60,126,2021-07-31T22:00:00Z
02,152,Hum Na Sutli,1564,637,2201,56,30,86,4,0,4,1,7,8,251,74,325,0,0,0,1,2,3,1877,750,2627,2021-07-31T22:00:00Z
02,187,Klanjec,294,263,557,66,24,90,9,7,16,5,1,6,72,48,120,0,0,0,2,2,4,448,345,793,2021-07-31T22:00:00Z
02,200,Konjščina,459,383,842,36,17,53,2,0,2,1,2,3,33,32,65,0,0,0,0,1,1,531,435,966,2021-07-31T22:00:00Z
02,208,Kraljevec Na Sutli,62,43,105,13,6,19,4,1,5,0,0,0,15,7,22,0,0,0,0,2,2,94,59,153,2021-07-31T22:00:00Z
02,211,Krapina,2679,2459,5138,177,86,263,8,6,14,18,14,32,213,178,391,0,0,0,1,4,5,3096,2747,5843,2021-07-31T22:00:00Z
02,212,Krapinske Toplice,585,1183,1768,69,37,106,4,6,10,0,5,5,109,73,182,0,0,0,0,1,1,767,1305,2072,2021-07-31T22:00:00Z
02,236,Lobor,153,223,376,21,8,29,4,4,8,0,0,0,37,15,52,0,0,0,1,2,3,216,252,468,2021-07-31T22:00:00Z
02,248,Mače,102,59,161,30,5,35,4,3,7,1,0,1,59,32,91,0,0,0,0,0,0,196,99,295,2021-07-31T22:00:00Z
02,256,Marija Bistrica,325,327,652,66,43,109,15,6,21,0,5,5,83,72,155,0,0,0,3,5,8,492,458,950,2021-07-31T22:00:00Z
02,265,Mihovljan,100,111,211,32,7,39,5,0,5,0,0,0,66,14,80,0,0,0,1,1,2,204,133,337,2021-07-31T22:00:00Z
02,311,Oroslavje,873,814,1687,80,36,116,10,2,12,6,8,14,108,80,188,0,0,0,4,2,6,1081,942,2023,2021-07-31T22:00:00Z
02,329,Petrovsko,63,51,114,15,3,18,1,0,1,5,0,5,59,10,69,0,0,0,1,0,1,144,64,208,2021-07-31T22:00:00Z
02,352,Pregrada,819,916,1735,110,32,142,3,4,7,6,7,13,165,106,271,0,0,0,2,2,4,1105,1067,2172,2021-07-31T22:00:00Z
02,364,Radoboj,137,99,236,17,10,27,1,1,2,1,3,4,57,20,77,0,0,0,0,0,0,213,133,346,2021-07-31T22:00:00Z
02,41,Budinščina,182,165,347,14,5,19,6,2,8,1,2,3,23,11,34,0,0,0,2,2,4,228,187,415,2021-07-31T22:00:00Z
02,422,Stubičke Toplice,240,406,646,32,18,50,0,2,2,3,5,8,69,28,97,0,0,0,1,1,2,345,460,805,2021-07-31T22:00:00Z
02,430,Sveti Križ Začretje,670,771,1441,72,23,95,9,5,14,1,5,6,142,99,241,0,0,0,5,2,7,899,905,1804,2021-07-31T22:00:00Z
02,466,Tuhelj,129,209,338,18,13,31,4,1,5,1,2,3,34,31,65,0,0,0,0,0,0,186,256,442,2021-07-31T22:00:00Z
02,481,Veliko Trgovišće,544,322,866,52,16,68,4,5,9,3,5,8,107,59,166,0,0,0,5,1,6,715,408,1123,2021-07-31T22:00:00Z
02,519,Zabok,2797,2716,5513,148,85,233,5,3,8,14,18,32,194,331,525,0,0,0,1,7,8,3159,3160,6319,2021-07-31T22:00:00Z
02,521,Zagorska Sela,12,56,68,7,1,8,5,1,6,0,1,1,16,4,20,0,0,0,0,0,0,40,63,103,2021-07-31T22:00:00Z
02,526,Zlatar,508,651,1159,98,44,142,22,15,37,9,10,19,106,82,188,0,0,0,4,4,8,747,806,1553,2021-07-31T22:00:00Z
02,527,Zlatar Bistrica,325,557,882,28,10,38,4,4,8,3,0,3,72,43,115,0,0,0,2,4,6,434,618,1052,2021-07-31T22:00:00Z
02,552,Jesenje,57,57,114,10,1,11,0,1,1,0,0,0,47,6,53,0,0,0,0,0,0,114,65,179,2021-07-31T22:00:00Z
02,553,Kumrovec,83,86,169,17,3,20,2,0,2,3,1,4,22,22,44,0,0,0,0,0,0,127,112,239,2021-07-31T22:00:00Z
02,554,Novi Golubovec,136,50,186,3,2,5,1,0,1,0,0,0,4,2,6,0,0,0,0,0,0,144,54,198,2021-07-31T22:00:00Z
02,70,Desinić,131,282,413,32,8,40,9,1,10,2,1,3,43,36,79,0,0,0,0,1,1,217,329,546,2021-07-31T22:00:00Z
02,79,Donja Stubica,876,788,1664,98,49,147,5,3,8,7,3,10,84,57,141,0,0,0,2,2,4,1072,902,1974,2021-07-31T22:00:00Z
03,102,Dvor,300,147,447,12,5,17,62,22,84,0,3,3,14,14,28,0,0,0,2,1,3,390,192,582,2021-07-31T22:00:00Z
03,121,Glina,1178,712,1890,40,25,65,57,25,82,4,11,15,68,70,138,0,0,0,0,0,0,1347,843,2190,2021-07-31T22:00:00Z
03,149,Hrvatska Dubica,72,62,134,8,2,10,11,4,15,0,0,0,5,5,10,0,0,0,0,0,0,96,73,169,2021-07-31T22:00:00Z
03,150,Hrvatska Kostajnica,311,283,594,19,9,28,9,2,11,1,3,4,8,17,25,0,0,0,2,0,2,350,314,664,2021-07-31T22:00:00Z
03,168,Jasenovac,136,163,299,11,3,14,13,7,20,0,0,0,16,10,26,0,0,0,0,0,0,176,183,359,2021-07-31T22:00:00Z
03,220,Kutina,3688,2900,6588,173,112,285,39,24,63,35,23,58,223,252,475,0,0,0,15,8,23,4173,3319,7492,2021-07-31T22:00:00Z
03,228,Lekenik,304,265,569,39,10,49,8,9,17,0,3,3,40,31,71,0,0,0,1,2,3,392,320,712,2021-07-31T22:00:00Z
03,232,Lipovljani,279,262,541,25,11,36,11,3,14,1,0,1,29,38,67,0,0,0,0,1,1,345,315,660,2021-07-31T22:00:00Z
03,259,Martinska Ves,133,56,189,8,2,10,31,15,46,2,0,2,48,16,64,0,0,0,1,0,1,223,89,312,2021-07-31T22:00:00Z
03,293,Novska,1331,1038,2369,167,96,263,33,14,47,6,20,26,261,237,498,0,0,0,1,3,4,1799,1408,3207,2021-07-31T22:00:00Z
03,328,Petrinja,1614,1703,3317,227,88,315,66,21,87,6,26,32,283,293,576,0,0,0,8,6,14,2204,2137,4341,2021-07-31T22:00:00Z
03,347,Popovača,892,974,1866,80,39,119,47,16,63,7,12,19,94,128,222,0,0,0,6,2,8,1126,1171,2297,2021-07-31T22:00:00Z
03,391,Sisak,6893,8034,14927,376,224,600,109,57,166,43,75,118,597,603,1200,0,0,0,23,16,39,8041,9009,17050,2021-07-31T22:00:00Z
03,426,Sunja,206,159,365,25,9,34,46,33,79,1,2,3,17,21,38,0,0,0,2,0,2,297,224,521,2021-07-31T22:00:00Z
03,457,Topusko,237,322,559,16,6,22,3,2,5,4,0,4,33,29,62,0,0,0,0,0,0,293,359,652,2021-07-31T22:00:00Z
03,477,Velika Ludina,129,144,273,10,9,19,14,2,16,0,0,0,26,25,51,0,0,0,0,0,0,179,180,359,2021-07-31T22:00:00Z
03,510,Gvozd,124,91,215,8,4,12,21,4,25,0,0,0,17,15,32,0,0,0,2,0,2,172,114,286,2021-07-31T22:00:00Z
03,555,Majur,117,102,219,1,1,2,5,0,5,0,0,0,3,0,3,0,0,0,0,0,0,126,103,229,2021-07-31T22:00:00Z
03,83,Donji Kukuruzari,43,62,105,5,0,5,5,3,8,0,0,0,2,3,5,0,0,0,1,0,1,56,68,124,2021-07-31T22:00:00Z
04,120,Generalski Stol,31,71,102,21,5,26,1,0,1,0,1,1,24,14,38,0,0,0,0,0,0,77,91,168,2021-07-31T22:00:00Z
04,172,Josipdol,194,157,351,27,17,44,4,9,13,2,1,3,58,53,111,0,0,0,0,1,1,285,238,523,2021-07-31T22:00:00Z
04,179,Karlovac,10496,8722,19218,414,290,704,77,54,131,73,91,164,606,791,1397,0,0,0,18,18,36,11684,9966,21650,2021-07-31T22:00:00Z
04,216,Krnjak,140,64,204,2,2,4,7,3,10,0,0,0,9,4,13,0,0,0,0,0,0,158,73,231,2021-07-31T22:00:00Z
04,225,Lasinja,69,46,115,5,1,6,0,4,4,2,0,2,6,7,13,0,0,0,0,0,0,82,58,140,2021-07-31T22:00:00Z
04,281,Netretić,77,85,162,17,3,20,3,1,4,1,1,2,53,33,86,0,0,0,0,0,0,151,123,274,2021-07-31T22:00:00Z
04,297,Ogulin,1742,1750,3492,141,89,230,37,15,52,8,28,36,141,174,315,0,0,0,6,13,19,2075,2069,4144,2021-07-31T22:00:00Z
04,30,Bosiljevo,107,101,208,5,0,5,0,0,0,1,1,2,25,30,55,0,0,0,0,0,0,138,132,270,2021-07-31T22:00:00Z
04,315,Ozalj,762,624,1386,87,32,119,18,15,33,4,10,14,119,101,220,0,0,0,1,4,5,991,786,1777,2021-07-31T22:00:00Z
04,333,Plaški,82,65,147,10,5,15,10,2,12,0,0,0,31,25,56,0,0,0,0,0,0,133,97,230,2021-07-31T22:00:00Z
04,365,Rakovica,149,145,294,6,11,17,3,3,6,0,1,1,78,88,166,0,0,0,1,0,1,237,248,485,2021-07-31T22:00:00Z
04,378,Saborsko,18,19,37,2,1,3,1,0,1,0,0,0,6,4,10,0,0,0,0,0,0,27,24,51,2021-07-31T22:00:00Z
04,400,Slunj,345,424,769,50,16,66,30,16,46,3,6,9,119,107,226,0,0,0,3,11,14,550,580,1130,2021-07-31T22:00:00Z
04,49,Cetingrad,65,50,115,6,1,7,3,4,7,0,0,0,11,12,23,0,0,0,0,0,0,85,67,152,2021-07-31T22:00:00Z
04,503,Vojnić,377,259,636,25,12,37,36,9,45,2,0,2,29,33,62,0,0,0,1,2,3,470,315,785,2021-07-31T22:00:00Z
04,530,Žakanje,139,93,232,27,12,39,6,1,7,0,0,0,28,30,58,0,0,0,0,1,1,200,137,337,2021-07-31T22:00:00Z
04,556,Ribnik,8,5,13,9,4,13,1,2,3,0,0,0,7,13,20,0,0,0,0,0,0,25,24,49,2021-07-31T22:00:00Z
04,557,Tounj,70,33,103,4,0,4,0,0,0,0,0,0,4,4,8,0,0,0,0,0,0,78,37,115,2021-07-31T22:00:00Z
04,623,Kamanje,158,99,257,3,3,6,0,0,0,0,0,0,4,14,18,0,0,0,0,0,0,165,116,281,2021-07-31T22:00:00Z
04,7,Barilovići,280,141,421,20,9,29,6,1,7,0,1,1,120,30,150,0,0,0,0,0,0,426,182,608,2021-07-31T22:00:00Z
04,90,Draganić,129,115,244,12,4,16,7,3,10,1,1,2,21,29,50,0,0,0,0,0,0,170,152,322,2021-07-31T22:00:00Z
04,99,Duga Resa,1192,982,2174,138,74,212,16,16,32,5,20,25,190,221,411,0,0,0,5,8,13,1546,1321,2867,2021-07-31T22:00:00Z
05,12,Bednja,209,163,372,23,8,31,2,9,11,2,1,3,26,19,45,0,0,0,0,0,0,262,200,462,2021-07-31T22:00:00Z
05,129,Gornji Kneginec,566,989,1555,48,28,76,12,4,16,1,6,7,66,55,121,0,0,0,6,7,13,699,1089,1788,2021-07-31T22:00:00Z
05,151,Breznički Hum,173,144,317,13,5,18,9,6,15,0,1,1,18,13,31,0,0,0,2,5,7,215,174,389,2021-07-31T22:00:00Z
05,156,Ivanec,2023,1771,3794,159,64,223,14,12,26,12,17,29,299,261,560,0,0,0,8,14,22,2515,2139,4654,2021-07-31T22:00:00Z
05,165,Jalžabet,748,1096,1844,21,4,25,11,6,17,0,3,3,35,20,55,0,0,0,0,1,1,815,1130,1945,2021-07-31T22:00:00Z
05,189,Klenovnik,101,56,157,8,4,12,1,1,2,0,0,0,22,26,48,0,0,0,2,0,2,134,87,221,2021-07-31T22:00:00Z
05,19,Beretinec,69,32,101,18,2,20,3,2,5,0,1,1,14,23,37,0,0,0,1,0,1,105,60,165,2021-07-31T22:00:00Z
05,229,Lepoglava,1264,553,1817,57,32,89,5,2,7,1,5,6,99,71,170,0,0,0,1,5,6,1427,668,2095,2021-07-31T22:00:00Z
05,244,Ludbreg,1766,1484,3250,112,62,174,48,36,84,10,14,24,241,188,429,0,0,0,4,7,11,2181,1791,3972,2021-07-31T22:00:00Z
05,247,Ljubešćica,324,143,467,31,7,38,1,0,1,1,3,4,99,24,123,0,0,0,0,1,1,456,178,634,2021-07-31T22:00:00Z
05,251,Mali Bukovec,36,82,118,13,6,19,26,15,41,0,1,1,104,33,137,0,0,0,0,1,1,179,138,317,2021-07-31T22:00:00Z
05,260,Maruševec,358,285,643,52,24,76,23,25,48,3,5,8,109,44,153,0,0,0,3,3,6,548,386,934,2021-07-31T22:00:00Z
05,289,Novi Marof,1210,1212,2422,158,68,226,18,11,29,8,17,25,295,180,475,0,0,0,5,4,9,1694,1492,3186,2021-07-31T22:00:00Z
05,326,Petrijanec,402,678,1080,25,8,33,16,9,25,1,3,4,87,77,164,0,0,0,0,1,1,531,776,1307,2021-07-31T22:00:00Z
05,36,Breznica,160,64,224,18,3,21,4,5,9,1,5,6,27,13,40,0,0,0,0,0,0,210,90,300,2021-07-31T22:00:00Z
05,410,Sračinec,245,255,500,43,13,56,3,2,5,1,6,7,86,56,142,0,0,0,0,2,2,378,334,712,2021-07-31T22:00:00Z
05,437,Sveti Đurđ,74,97,171,30,4,34,28,9,37,3,1,4,34,36,70,0,0,0,0,0,0,169,147,316,2021-07-31T22:00:00Z
05,438,Sveti Ilija,165,161,326,16,8,24,2,1,3,0,4,4,46,26,72,0,0,0,1,0,1,230,200,430,2021-07-31T22:00:00Z
05,462,Trnovec Bartolovečki,1188,1509,2697,68,15,83,19,8,27,2,4,6,327,87,414,0,0,0,0,1,1,1604,1624,3228,2021-07-31T22:00:00Z
05,472,Varaždin,16382,15091,31473,500,350,850,45,26,71,74,122,196,554,633,1187,0,0,0,22,19,41,17577,16241,33818,2021-07-31T22:00:00Z
05,473,Varaždinske Toplice,600,454,1054,46,20,66,9,6,15,3,7,10,183,48,231,0,0,0,2,4,6,843,539,1382,2021-07-31T22:00:00Z
05,48,Cestica,387,370,757,46,23,69,16,18,34,2,4,6,100,74,174,0,0,0,0,2,2,551,491,1042,2021-07-31T22:00:00Z
05,484,Vidovec,214,233,447,51,16,67,66,31,97,2,5,7,116,94,210,0,0,0,0,1,1,449,380,829,2021-07-31T22:00:00Z
05,486,Vinica,283,208,491,22,10,32,4,4,8,1,5,6,29,24,53,0,0,0,0,1,1,339,252,591,2021-07-31T22:00:00Z
05,493,Visoko,88,47,135,18,0,18,7,3,10,0,0,0,24,20,44,0,0,0,1,0,1,138,70,208,2021-07-31T22:00:00Z
05,558,Veliki Bukovec,361,276,637,5,2,7,26,14,40,0,2,2,36,26,62,0,0,0,0,0,0,428,320,748,2021-07-31T22:00:00Z
05,80,Donja Voća,87,57,144,9,1,10,5,9,14,0,1,1,27,24,51,0,0,0,0,0,0,128,92,220,2021-07-31T22:00:00Z
05,85,Donji Martijanec,352,179,531,26,8,34,21,6,27,1,1,2,56,34,90,0,0,0,0,0,0,456,228,684,2021-07-31T22:00:00Z
06,104,Đelekovec,24,36,60,20,7,27,42,12,54,0,2,2,19,11,30,0,0,0,0,0,0,105,68,173,2021-07-31T22:00:00Z
06,107,Đurđevac,1323,1119,2442,83,41,124,70,45,115,12,12,24,87,75,162,0,0,0,13,5,18,1588,1297,2885,2021-07-31T22:00:00Z
06,115,Ferdinandovac,39,83,122,9,2,11,44,33,77,1,1,2,19,6,25,0,0,0,0,0,0,112,125,237,2021-07-31T22:00:00Z
06,122,Gola,176,138,314,12,2,14,92,41,133,0,2,2,6,25,31,0,0,0,2,0,2,288,208,496,2021-07-31T22:00:00Z
06,145,Hlebine,9,19,28,1,0,1,14,3,17,1,0,1,0,12,12,0,0,0,1,1,2,26,35,61,2021-07-31T22:00:00Z
06,194,Kloštar Podravski,180,130,310,18,13,31,41,37,78,0,1,1,36,57,93,0,0,0,1,1,2,276,239,515,2021-07-31T22:00:00Z
06,201,Koprivnica,7082,7509,14591,336,190,526,60,30,90,64,75,139,421,434,855,0,2,2,13,21,34,7976,8261,16237,2021-07-31T22:00:00Z
06,202,Koprivnički Bregi,50,75,125,16,5,21,24,9,33,0,1,1,30,11,41,0,0,0,0,0,0,120,101,221,2021-07-31T22:00:00Z
06,203,Koprivnički Ivanec,60,48,108,23,4,27,21,8,29,0,0,0,31,9,40,0,0,0,0,0,0,135,69,204,2021-07-31T22:00:00Z
06,214,Križevci,3274,3624,6898,164,95,259,231,187,418,13,27,40,243,229,472,0,0,0,10,8,18,3935,4170,8105,2021-07-31T22:00:00Z
06,227,Legrad,61,74,135,13,4,17,21,5,26,0,1,1,22,17,39,0,0,0,0,0,0,117,101,218,2021-07-31T22:00:00Z
06,270,Molve,222,106,328,7,9,16,62,34,96,1,2,3,37,20,57,0,0,0,2,1,3,331,172,503,2021-07-31T22:00:00Z
06,292,Novigrad Podravski,97,136,233,10,1,11,21,11,32,0,2,2,19,17,36,0,0,0,0,0,0,147,167,314,2021-07-31T22:00:00Z
06,324,Peteranec,77,39,116,16,4,20,20,8,28,0,1,1,28,14,42,0,0,0,0,0,0,141,66,207,2021-07-31T22:00:00Z
06,366,Rasinja,55,71,126,18,4,22,57,24,81,1,1,2,21,26,47,0,0,0,1,1,2,153,127,280,2021-07-31T22:00:00Z
06,405,Sokolovac,204,73,277,15,2,17,44,18,62,5,6,11,27,10,37,0,0,0,2,0,2,297,109,406,2021-07-31T22:00:00Z
06,439,Sveti Ivan Žabno,245,200,445,40,18,58,100,60,160,1,2,3,52,59,111,0,0,0,0,1,1,438,340,778,2021-07-31T22:00:00Z
06,442,Sveti Petar Orehovec,123,108,231,31,5,36,143,134,277,1,2,3,40,21,61,0,0,0,1,0,1,339,270,609,2021-07-31T22:00:00Z
06,490,Virje,279,219,498,29,12,41,43,22,65,4,1,5,33,34,67,0,0,0,2,1,3,390,289,679,2021-07-31T22:00:00Z
06,559,Kalinovac,393,97,490,4,1,5,9,2,11,0,0,0,8,7,15,0,0,0,1,0,1,415,107,522,2021-07-31T22:00:00Z
06,560,Kalnik,40,52,92,3,4,7,17,22,39,0,1,1,8,4,12,0,0,0,0,0,0,68,83,151,2021-07-31T22:00:00Z
06,561,Novo Virje,45,37,82,2,0,2,40,24,64,0,0,0,14,6,20,0,0,0,0,1,1,101,68,169,2021-07-31T22:00:00Z
06,616,Podravske Sesvete,98,113,211,3,5,8,24,13,37,2,0,2,6,8,14,0,0,0,0,1,1,133,140,273,2021-07-31T22:00:00Z
06,618,Gornja Reka,87,75,162,6,3,9,7,8,15,0,0,0,6,4,10,0,0,0,0,0,0,106,90,196,2021-07-31T22:00:00Z
06,96,Drnje,120,109,229,11,1,12,19,10,29,0,4,4,6,9,15,0,0,0,1,0,1,157,133,290,2021-07-31T22:00:00Z
07,105,Đulovac,294,65,359,8,7,15,37,15,52,2,3,5,110,26,136,0,0,0,0,0,0,451,116,567,2021-07-31T22:00:00Z
07,119,Garešnica,1066,1084,2150,59,30,89,61,36,97,15,20,35,106,133,239,0,0,0,1,4,5,1308,1307,2615,2021-07-31T22:00:00Z
07,139,Grubišno Polje,576,506,1082,33,24,57,110,47,157,4,7,11,68,71,139,0,0,0,4,3,7,795,658,1453,2021-07-31T22:00:00Z
07,144,Hercegovac,132,158,290,17,3,20,49,17,66,1,1,2,42,30,72,0,0,0,1,2,3,242,211,453,2021-07-31T22:00:00Z
07,161,Ivanska,133,97,230,5,3,8,48,13,61,2,3,5,81,26,107,0,0,0,2,2,4,271,144,415,2021-07-31T22:00:00Z
07,176,Kapela,87,84,171,3,3,6,48,28,76,0,1,1,18,11,29,0,0,0,2,0,2,158,127,285,2021-07-31T22:00:00Z
07,18,Berek,48,55,103,6,1,7,20,17,37,0,0,0,10,7,17,0,0,0,0,0,0,84,80,164,2021-07-31T22:00:00Z
07,199,Končanica,128,94,222,8,2,10,33,15,48,0,1,1,18,10,28,0,0,0,2,0,2,189,122,311,2021-07-31T22:00:00Z
07,24,Bjelovar,7107,6853,13960,300,178,478,200,101,301,51,93,144,426,522,948,1,0,1,19,15,34,8104,7762,15866,2021-07-31T22:00:00Z
07,287,Nova Rača,97,116,213,9,2,11,79,34,113,0,2,2,30,14,44,0,0,0,0,0,0,215,168,383,2021-07-31T22:00:00Z
07,375,Rovišće,207,212,419,24,10,34,51,35,86,1,3,4,23,42,65,0,0,0,0,1,1,306,303,609,2021-07-31T22:00:00Z
07,390,Sirač,271,164,435,11,2,13,12,4,16,1,1,2,22,9,31,0,0,0,0,2,2,317,182,499,2021-07-31T22:00:00Z
07,450,Štefanje,50,59,109,7,3,10,33,13,46,0,2,2,36,19,55,0,0,0,2,0,2,128,96,224,2021-07-31T22:00:00Z
07,478,Velika Pisanica,71,92,163,3,2,5,33,15,48,1,0,1,12,9,21,0,0,0,0,0,0,120,118,238,2021-07-31T22:00:00Z
07,480,Veliki Grđevac,157,144,301,10,5,15,73,29,102,1,1,2,74,26,100,0,0,0,1,0,1,316,205,521,2021-07-31T22:00:00Z
07,483,Veliko Trojstvo,67,114,181,16,4,20,15,14,29,0,0,0,45,19,64,0,0,0,0,0,0,143,151,294,2021-07-31T22:00:00Z
07,562,Severin,66,26,92,1,0,1,16,14,30,0,0,0,14,24,38,0,0,0,0,0,0,97,64,161,2021-07-31T22:00:00Z
07,564,Šandrovac,26,56,82,4,0,4,14,8,22,0,0,0,13,6,19,0,0,0,0,0,0,57,70,127,2021-07-31T22:00:00Z
07,565,Velika Trnovitica,64,58,122,7,2,9,33,23,56,1,0,1,21,11,32,0,0,0,1,1,2,127,95,222,2021-07-31T22:00:00Z
07,566,Zrinski Topolovac,10,25,35,2,1,3,34,20,54,0,0,0,4,3,7,0,0,0,0,1,1,50,50,100,2021-07-31T22:00:00Z
07,63,Čazma,1150,842,1992,54,17,71,59,41,100,7,11,18,105,64,169,0,0,0,3,1,4,1378,976,2354,2021-07-31T22:00:00Z
07,67,Daruvar,1462,1710,3172,78,52,130,45,21,66,16,20,36,149,178,327,0,0,0,4,4,8,1754,1985,3739,2021-07-31T22:00:00Z
07,71,Dežanovac,125,84,209,9,2,11,73,39,112,0,0,0,37,15,52,0,0,0,0,1,1,244,141,385,2021-07-31T22:00:00Z
08,117,Fužine,263,185,448,17,12,29,0,1,1,3,1,4,15,23,38,0,0,0,2,0,2,300,222,522,2021-07-31T22:00:00Z
08,170,Jelenje,284,250,534,95,48,143,7,2,9,29,9,38,64,41,105,0,0,0,2,4,6,481,354,835,2021-07-31T22:00:00Z
08,180,Kastav,1105,791,1896,125,66,191,4,1,5,47,10,57,111,95,206,3,0,3,5,5,10,1400,968,2368,2021-07-31T22:00:00Z
08,186,Klana,397,222,619,21,7,28,1,1,2,5,2,7,16,10,26,0,0,0,1,1,2,441,243,684,2021-07-31T22:00:00Z
08,209,Kraljevica,351,287,638,39,26,65,2,1,3,34,5,39,32,37,69,1,0,1,1,8,9,460,364,824,2021-07-31T22:00:00Z
08,215,Krk,2047,1458,3505,247,118,365,12,7,19,27,14,41,393,271,664,0,0,0,7,6,13,2733,1874,4607,2021-07-31T22:00:00Z
08,237,Lokve,109,93,202,14,6,20,0,0,0,0,2,2,11,10,21,0,0,0,0,0,0,134,111,245,2021-07-31T22:00:00Z
08,242,Lovran,452,627,1079,88,30,118,1,1,2,10,11,21,50,69,119,0,0,0,4,9,13,605,747,1352,2021-07-31T22:00:00Z
08,252,Mali Lošinj,1695,1728,3423,244,86,330,21,7,28,33,17,50,270,269,539,0,0,0,9,5,14,2272,2112,4384,2021-07-31T22:00:00Z
08,253,Malinska-Dubašnica,604,908,1512,147,71,218,6,10,16,15,4,19,215,217,432,0,0,0,5,2,7,992,1212,2204,2021-07-31T22:00:00Z
08,261,Matulji,1452,1076,2528,215,120,335,15,6,21,42,16,58,171,182,353,0,0,0,5,11,16,1900,1411,3311,2021-07-31T22:00:00Z
08,273,Mošćenička Draga,128,105,233,54,18,72,0,1,1,2,2,4,61,44,105,0,0,0,3,3,6,248,173,421,2021-07-31T22:00:00Z
08,275,Mrkopalj,66,45,111,17,2,19,2,0,2,1,0,1,10,10,20,0,0,0,1,0,1,97,57,154,2021-07-31T22:00:00Z
08,290,Novi Vinodolski,568,507,1075,120,67,187,5,4,9,12,7,19,173,126,299,0,0,0,3,4,7,881,715,1596,2021-07-31T22:00:00Z
08,301,Omišalj,689,483,1172,87,25,112,0,0,0,17,5,22,120,64,184,0,0,0,0,2,2,913,579,1492,2021-07-31T22:00:00Z
08,302,Opatija,2310,2837,5147,199,104,303,6,6,12,57,29,86,120,161,281,0,1,1,9,14,23,2701,3152,5853,2021-07-31T22:00:00Z
08,360,Punat,348,208,556,75,26,101,4,0,4,7,2,9,118,82,200,0,0,0,1,1,2,553,319,872,2021-07-31T22:00:00Z
08,363,Rab,1099,1271,2370,347,104,451,13,4,17,13,12,25,433,364,797,0,0,0,5,9,14,1910,1764,3674,2021-07-31T22:00:00Z
08,369,Ravna Gora,275,306,581,30,11,41,2,0,2,2,1,3,40,25,65,0,0,0,1,2,3,350,345,695,2021-07-31T22:00:00Z
08,373,Rijeka,27234,27949,55183,1222,1032,2254,23,17,40,1036,361,1397,946,1295,2241,5,0,5,100,120,220,30566,30774,61340,2021-07-31T22:00:00Z
08,38,Brod Moravice,42,35,77,10,1,11,0,0,0,0,1,1,20,8,28,0,0,0,1,0,1,73,45,118,2021-07-31T22:00:00Z
08,393,Skrad,41,52,93,4,3,7,1,1,2,1,1,2,1,8,9,0,0,0,0,0,0,48,65,113,2021-07-31T22:00:00Z
08,4,Bakar,1952,943,2895,60,39,99,2,0,2,64,10,74,69,68,137,0,0,0,3,10,13,2150,1070,3220,2021-07-31T22:00:00Z
08,488,Vinodolska Općina,184,161,345,55,20,75,2,0,2,8,1,9,42,15,57,1,0,1,0,1,1,292,198,490,2021-07-31T22:00:00Z
08,495,Viškovo,1680,1070,2750,198,105,303,7,4,11,69,16,85,157,132,289,0,0,0,7,10,17,2118,1337,3455,2021-07-31T22:00:00Z
08,507,Vrbnik,152,115,267,34,14,48,10,2,12,2,0,2,55,36,91,0,0,0,1,1,2,254,168,422,2021-07-31T22:00:00Z
08,509,Vrbovsko,343,280,623,62,21,83,5,3,8,1,5,6,73,46,119,0,0,0,1,0,1,485,355,840,2021-07-31T22:00:00Z
08,52,Cres,597,522,1119,93,37,130,11,3,14,9,3,12,127,141,268,0,0,0,3,2,5,840,708,1548,2021-07-31T22:00:00Z
08,53,Crikvenica,1446,1883,3329,270,153,423,5,2,7,45,23,68,385,324,709,0,0,0,7,8,15,2158,2393,4551,2021-07-31T22:00:00Z
08,538,Kostrena,429,271,700,40,23,63,2,0,2,70,7,77,17,26,43,0,0,0,1,4,5,559,331,890,2021-07-31T22:00:00Z
08,55,Čabar,337,274,611,55,18,73,3,4,7,5,0,5,152,52,204,0,0,0,0,3,3,552,351,903,2021-07-31T22:00:00Z
08,61,Čavle,656,505,1161,88,52,140,0,2,2,30,10,40,105,82,187,0,0,0,2,2,4,881,653,1534,2021-07-31T22:00:00Z
08,624,Lopar,94,65,159,52,12,64,0,0,0,1,0,1,105,133,238,0,0,0,1,1,2,253,211,464,2021-07-31T22:00:00Z
08,69,Delnice,1146,746,1892,72,47,119,6,1,7,10,14,24,78,97,175,0,0,0,1,7,8,1313,912,2225,2021-07-31T22:00:00Z
08,74,Dobrinj,157,116,273,52,29,81,1,2,3,2,2,4,115,64,179,0,0,0,1,1,2,328,214,542,2021-07-31T22:00:00Z
08,8,Baška,337,333,670,98,48,146,7,2,9,5,3,8,152,138,290,0,0,0,5,4,9,604,528,1132,2021-07-31T22:00:00Z
09,130,Gospić,2257,2286,4543,107,64,171,69,39,108,11,9,20,147,162,309,0,0,0,10,9,19,2601,2569,5170,2021-07-31T22:00:00Z
09,178,Karlobag,108,106,214,13,6,19,7,1,8,3,0,3,14,7,21,0,0,0,1,1,2,146,121,267,2021-07-31T22:00:00Z
09,240,Lovinac,186,80,266,1,0,1,2,2,4,0,0,0,1,2,3,0,0,0,0,0,0,190,84,274,2021-07-31T22:00:00Z
09,288,Novalja,1186,887,2073,163,58,221,19,6,25,3,5,8,295,200,495,0,0,0,2,4,6,1668,1160,2828,2021-07-31T22:00:00Z
09,313,Otočac,862,889,1751,93,41,134,56,27,83,9,6,15,112,123,235,0,0,0,2,5,7,1134,1091,2225,2021-07-31T22:00:00Z
09,323,Perušić,358,245,603,21,10,31,31,22,53,0,1,1,20,26,46,0,0,0,0,0,0,430,304,734,2021-07-31T22:00:00Z
09,37,Brinje,361,241,602,23,6,29,9,6,15,0,1,1,11,22,33,0,0,0,0,1,1,404,277,681,2021-07-31T22:00:00Z
09,387,Senj,757,654,1411,116,55,171,6,5,11,17,8,25,148,173,321,0,0,0,6,5,11,1050,900,1950,2021-07-31T22:00:00Z
09,455,Plitvička Jezera,726,758,1484,46,24,70,60,12,72,2,5,7,201,159,360,0,0,0,1,0,1,1036,958,1994,2021-07-31T22:00:00Z
09,467,Udbina,137,124,261,11,6,17,36,10,46,0,0,0,20,16,36,0,0,0,3,0,3,207,156,363,2021-07-31T22:00:00Z
09,512,Vrhovine,95,41,136,3,3,6,6,1,7,0,0,0,3,4,7,0,0,0,0,0,0,107,49,156,2021-07-31T22:00:00Z
09,84,Donji Lapac,104,80,184,6,4,10,24,7,31,0,0,0,11,5,16,0,0,0,0,0,0,145,96,241,2021-07-31T22:00:00Z
10,136,Gradina,88,76,164,14,6,20,128,40,168,2,0,2,42,30,72,0,0,0,0,0,0,274,152,426,2021-07-31T22:00:00Z
10,245,Lukač,217,115,332,12,5,17,41,16,57,1,0,1,63,30,93,0,0,0,0,0,0,334,166,500,2021-07-31T22:00:00Z
10,266,Mikleuš,73,45,118,9,1,10,15,7,22,0,0,0,12,11,23,0,0,0,0,0,0,109,64,173,2021-07-31T22:00:00Z
10,283,Nova Bukovica,39,39,78,8,5,13,36,6,42,1,0,1,25,17,42,0,0,0,1,0,1,110,67,177,2021-07-31T22:00:00Z
10,307,Orahovica,952,666,1618,60,40,100,12,3,15,10,11,21,107,110,217,0,0,0,1,5,6,1142,835,1977,2021-07-31T22:00:00Z
10,332,Pitomača,640,623,1263,75,44,119,160,87,247,1,7,8,231,195,426,0,0,0,2,1,3,1109,957,2066,2021-07-31T22:00:00Z
10,395,Slatina,1410,1397,2807,149,71,220,136,40,176,13,23,36,219,259,478,0,0,0,4,11,15,1931,1801,3732,2021-07-31T22:00:00Z
10,407,Sopje,160,43,203,4,2,6,88,22,110,0,0,0,19,22,41,0,0,0,0,0,0,271,89,360,2021-07-31T22:00:00Z
10,424,Suhopolje,255,271,526,25,19,44,99,41,140,0,1,1,54,48,102,0,0,0,4,0,4,437,380,817,2021-07-31T22:00:00Z
10,449,Špišić Bukovica,153,132,285,21,8,29,165,61,226,1,2,3,35,60,95,0,0,0,1,2,3,376,265,641,2021-07-31T22:00:00Z
10,491,Virovitica,3913,3929,7842,178,102,280,100,27,127,32,22,54,404,385,789,0,0,0,12,9,21,4639,4474,9113,2021-07-31T22:00:00Z
10,499,Voćin,154,94,248,10,3,13,28,33,61,0,0,0,11,6,17,0,0,0,0,0,0,203,136,339,2021-07-31T22:00:00Z
10,524,Zdenci,124,74,198,9,4,13,19,6,25,0,2,2,13,14,27,0,0,0,1,2,3,166,102,268,2021-07-31T22:00:00Z
10,54,Crnac,29,38,67,16,3,19,18,7,25,0,1,1,20,11,31,0,0,0,0,0,0,83,60,143,2021-07-31T22:00:00Z
10,56,Čačinci,164,101,265,20,11,31,18,10,28,0,3,3,23,30,53,0,0,0,1,0,1,226,155,381,2021-07-31T22:00:00Z
10,57,Čađavica,127,94,221,13,9,22,68,21,89,0,0,0,48,27,75,0,0,0,1,0,1,257,151,408,2021-07-31T22:00:00Z
11,164,Jakšić,125,133,258,27,2,29,25,6,31,0,2,2,60,18,78,0,0,0,0,0,0,237,161,398,2021-07-31T22:00:00Z
11,177,Kaptol,93,101,194,16,1,17,22,3,25,0,1,1,44,9,53,0,0,0,0,1,1,175,116,291,2021-07-31T22:00:00Z
11,221,Kutjevo,588,412,1000,49,17,66,63,29,92,2,2,4,80,75,155,0,0,0,7,2,9,789,537,1326,2021-07-31T22:00:00Z
11,231,Lipik,772,629,1401,30,14,44,22,11,33,3,10,13,53,54,107,0,0,0,1,0,1,881,718,1599,2021-07-31T22:00:00Z
11,318,Pakrac,622,1076,1698,83,29,112,47,19,66,14,14,28,176,96,272,0,0,0,3,1,4,945,1235,2180,2021-07-31T22:00:00Z
11,334,Pleternica,601,426,1027,80,25,105,57,15,72,3,5,8,161,123,284,0,0,0,2,4,6,904,598,1502,2021-07-31T22:00:00Z
11,35,Brestovac,121,124,245,14,3,17,16,3,19,1,1,2,23,9,32,0,0,0,0,1,1,175,141,316,2021-07-31T22:00:00Z
11,351,Požega,5230,4246,9476,311,155,466,121,39,160,39,102,141,438,375,813,0,1,1,10,22,32,6149,4940,11089,2021-07-31T22:00:00Z
11,475,Velika,319,303,622,21,11,32,23,3,26,2,3,5,46,38,84,0,0,0,0,0,0,411,358,769,2021-07-31T22:00:00Z
11,58,Čaglin,95,172,267,9,2,11,19,6,25,0,1,1,14,10,24,0,0,0,0,0,0,137,191,328,2021-07-31T22:00:00Z
12,10,Bebrina,37,65,102,9,7,16,15,7,22,2,0,2,13,7,20,0,0,0,0,0,0,76,86,162,2021-07-31T22:00:00Z
12,118,Garčin,136,193,329,30,10,40,29,16,45,0,0,0,21,20,41,0,0,0,1,0,1,217,239,456,2021-07-31T22:00:00Z
12,127,Gornji Bogićevci,53,38,91,9,2,11,8,2,10,0,0,0,13,20,33,0,0,0,0,0,0,83,62,145,2021-07-31T22:00:00Z
12,140,Gundinci,77,64,141,11,3,14,49,23,72,0,0,0,18,7,25,0,0,0,1,0,1,156,97,253,2021-07-31T22:00:00Z
12,185,Klakar,74,61,135,15,3,18,21,4,25,0,1,1,14,13,27,0,0,0,1,0,1,125,82,207,2021-07-31T22:00:00Z
12,284,Nova Gradiška,2102,2090,4192,142,91,233,27,17,44,24,21,45,270,311,581,0,0,0,3,2,5,2568,2532,5100,2021-07-31T22:00:00Z
12,285,Nova Kapela,155,216,371,20,15,35,22,6,28,2,2,4,53,57,110,0,0,0,1,0,1,253,296,549,2021-07-31T22:00:00Z
12,299,Okučani,232,147,379,27,6,33,11,1,12,0,1,1,43,24,67,0,0,0,1,3,4,314,182,496,2021-07-31T22:00:00Z
12,303,Oprisavci,258,168,426,9,0,9,32,10,42,1,0,1,7,17,24,0,0,0,0,0,0,307,195,502,2021-07-31T22:00:00Z
12,309,Oriovac,289,289,578,38,20,58,19,11,30,2,3,5,64,57,121,0,0,0,0,2,2,412,382,794,2021-07-31T22:00:00Z
12,338,Podcrkavlje,40,43,83,15,0,15,7,4,11,0,1,1,24,5,29,0,0,0,0,0,0,86,53,139,2021-07-31T22:00:00Z
12,372,Rešetari,214,214,428,34,9,43,20,9,29,3,1,4,92,47,139,0,0,0,1,1,2,364,281,645,2021-07-31T22:00:00Z
12,388,Sibinj,125,211,336,54,18,72,16,1,17,0,0,0,61,39,100,0,0,0,2,2,4,258,271,529,2021-07-31T22:00:00Z
12,39,Brodski Stupnik,69,81,150,16,9,25,9,3,12,1,1,2,82,35,117,0,0,0,0,0,0,177,129,306,2021-07-31T22:00:00Z
12,396,Slavonski Brod,13468,9145,22613,607,332,939,43,34,77,77,90,167,967,950,1917,1,0,1,19,16,35,15182,10567,25749,2021-07-31T22:00:00Z
12,397,Slavonski Šamac,59,63,122,8,4,12,16,8,24,0,1,1,13,5,18,0,0,0,0,0,0,96,81,177,2021-07-31T22:00:00Z
12,412,Stara Gradiška,144,74,218,4,1,5,8,3,11,0,0,0,20,8,28,0,0,0,0,0,0,176,86,262,2021-07-31T22:00:00Z
12,418,Staro Petrovo Selo,197,147,344,34,8,42,41,15,56,1,2,3,93,45,138,0,0,0,0,1,1,366,218,584,2021-07-31T22:00:00Z
12,46,Cernik,161,214,375,30,12,42,9,5,14,3,2,5,60,25,85,0,0,0,0,1,1,263,259,522,2021-07-31T22:00:00Z
12,476,Velika Kopanica,182,96,278,26,7,33,29,17,46,1,1,2,33,33,66,0,0,0,2,2,4,273,156,429,2021-07-31T22:00:00Z
12,506,Vrbje,31,32,63,9,1,10,19,2,21,0,0,0,25,25,50,0,0,0,0,1,1,84,61,145,2021-07-31T22:00:00Z
12,514,Vrpolje,189,106,295,23,6,29,40,15,55,0,2,2,16,13,29,0,0,0,0,0,0,268,142,410,2021-07-31T22:00:00Z
12,567,Bukovlje,93,48,141,15,7,22,0,0,0,1,0,1,11,16,27,0,0,0,0,0,0,120,71,191,2021-07-31T22:00:00Z
12,568,Dragalić,41,56,97,8,0,8,7,2,9,0,0,0,5,6,11,0,0,0,0,1,1,61,65,126,2021-07-31T22:00:00Z
12,569,Gornja Vrba,379,357,736,12,2,14,1,0,1,0,1,1,24,13,37,0,0,0,0,1,1,416,374,790,2021-07-31T22:00:00Z
12,570,Sikirevci,41,41,82,19,4,23,39,13,52,0,0,0,14,7,21,0,0,0,1,1,2,114,66,180,2021-07-31T22:00:00Z
12,68,Davor,112,100,212,12,6,18,15,4,19,0,0,0,14,18,32,0,0,0,0,0,0,153,128,281,2021-07-31T22:00:00Z
12,81,Donji Andrijevci,159,96,255,22,11,33,20,4,24,1,1,2,27,18,45,0,0,0,0,1,1,229,131,360,2021-07-31T22:00:00Z
13,131,Gračac,242,279,521,22,17,39,64,24,88,2,1,3,35,46,81,0,0,0,0,2,2,365,369,734,2021-07-31T22:00:00Z
13,167,Jasenice,148,76,224,17,2,19,5,3,8,1,0,1,17,12,29,0,0,0,0,0,0,188,93,281,2021-07-31T22:00:00Z
13,17,Benkovac,1167,994,2161,93,38,131,91,51,142,12,9,21,200,134,334,0,0,0,5,5,10,1568,1231,2799,2021-07-31T22:00:00Z
13,173,Kali,301,125,426,23,13,36,3,1,4,15,1,16,62,32,94,0,0,0,0,1,1,404,173,577,2021-07-31T22:00:00Z
13,20,Bibinje,197,196,393,56,30,86,4,0,4,1,2,3,92,88,180,0,0,0,1,3,4,351,319,670,2021-07-31T22:00:00Z
13,22,Biograd Na Moru,1187,1519,2706,163,97,260,26,16,42,13,8,21,245,315,560,0,0,0,4,7,11,1638,1962,3600,2021-07-31T22:00:00Z
13,234,Lišane Ostrovičke,29,29,58,8,2,10,1,0,1,0,0,0,5,5,10,0,0,0,0,0,0,43,36,79,2021-07-31T22:00:00Z
13,282,Nin,575,497,1072,58,18,76,9,4,13,2,2,4,98,90,188,0,0,0,1,0,1,743,611,1354,2021-07-31T22:00:00Z
13,296,Obrovac,333,222,555,39,18,57,30,8,38,3,2,5,23,42,65,0,0,0,4,4,8,432,296,728,2021-07-31T22:00:00Z
13,316,Pag,600,553,1153,99,41,140,26,8,34,7,6,13,167,134,301,0,0,0,5,1,6,904,743,1647,2021-07-31T22:00:00Z
13,317,Pakoštane,427,399,826,88,32,120,7,10,17,11,2,13,144,116,260,0,0,0,3,0,3,680,559,1239,2021-07-31T22:00:00Z
13,320,Pašman,111,125,236,50,18,68,3,2,5,14,0,14,70,47,117,0,0,0,2,0,2,250,192,442,2021-07-31T22:00:00Z
13,344,Polača,105,53,158,18,6,24,3,2,5,1,0,1,10,17,27,0,0,0,1,2,3,138,80,218,2021-07-31T22:00:00Z
13,345,Poličnik,404,319,723,46,6,52,10,8,18,5,1,6,40,23,63,0,0,0,1,0,1,506,357,863,2021-07-31T22:00:00Z
13,349,Posedarje,139,195,334,32,16,48,5,7,12,9,1,10,39,50,89,0,0,0,2,2,4,226,271,497,2021-07-31T22:00:00Z
13,354,Preko,294,458,752,50,15,65,5,5,10,33,2,35,65,50,115,0,0,0,0,3,3,447,533,980,2021-07-31T22:00:00Z
13,371,Ražanac,103,105,208,30,13,43,6,7,13,9,0,9,39,39,78,0,0,0,4,0,4,191,164,355,2021-07-31T22:00:00Z
13,379,Sali,205,199,404,54,22,76,6,2,8,7,2,9,79,65,144,0,0,0,1,0,1,352,290,642,2021-07-31T22:00:00Z
13,411,Stankovci,237,154,391,28,4,32,4,3,7,1,1,2,33,18,51,0,0,0,0,1,1,303,181,484,2021-07-31T22:00:00Z
13,416,Starigrad,166,214,380,57,36,93,7,2,9,3,0,3,69,86,155,0,0,0,1,2,3,303,340,643,2021-07-31T22:00:00Z
13,425,Sukošan,382,319,701,66,23,89,11,3,14,5,2,7,58,66,124,0,0,0,1,3,4,523,416,939,2021-07-31T22:00:00Z
13,428,Sveti Filip I Jakov,231,364,595,55,34,89,8,3,11,17,3,20,63,61,124,0,0,0,0,0,0,374,465,839,2021-07-31T22:00:00Z
13,445,Škabrnje,69,73,142,26,3,29,2,1,3,3,1,4,14,4,18,0,0,0,1,1,2,115,83,198,2021-07-31T22:00:00Z
13,489,Vir,355,330,685,62,21,83,2,2,4,2,1,3,95,86,181,0,0,0,2,1,3,518,441,959,2021-07-31T22:00:00Z
13,520,Zadar,15006,16101,31107,1114,627,1741,45,27,72,714,213,927,1494,1595,3089,3,0,3,105,60,165,18481,18623,37104,2021-07-31T22:00:00Z
13,525,Zemunik Donji,144,209,353,19,4,23,2,2,4,0,0,0,26,8,34,0,0,0,0,1,1,191,224,415,2021-07-31T22:00:00Z
13,537,Novigrad,71,105,176,28,6,34,4,4,8,4,1,5,29,17,46,0,0,0,1,2,3,137,135,272,2021-07-31T22:00:00Z
13,571,Galovac,27,61,88,9,1,10,5,4,9,4,2,6,10,12,22,0,0,0,0,2,2,55,82,137,2021-07-31T22:00:00Z
13,572,Kukljica,51,56,107,19,1,20,1,0,1,1,1,2,56,20,76,0,0,0,1,0,1,129,78,207,2021-07-31T22:00:00Z
13,573,Povljana,57,41,98,17,5,22,4,2,6,2,1,3,14,21,35,0,0,0,0,1,1,94,71,165,2021-07-31T22:00:00Z
13,574,Privlaka,123,138,261,25,19,44,0,2,2,14,0,14,38,25,63,0,0,0,5,2,7,205,186,391,2021-07-31T22:00:00Z
13,575,Tkon,90,92,182,27,8,35,2,2,4,1,0,1,58,32,90,0,0,0,2,1,3,180,135,315,2021-07-31T22:00:00Z
13,622,Kolan,190,157,347,27,9,36,4,2,6,0,0,0,62,36,98,0,0,0,0,0,0,283,204,487,2021-07-31T22:00:00Z
13,625,Vrsi,99,59,158,15,12,27,5,4,9,12,0,12,35,36,71,0,0,0,4,2,6,170,113,283,2021-07-31T22:00:00Z
14,103,Đakovo,2798,2835,5633,482,212,694,196,91,287,29,43,72,708,585,1293,0,0,0,12,10,22,4225,3776,8001,2021-07-31T22:00:00Z
14,106,Đurđenovac,543,523,1066,42,11,53,21,15,36,0,5,5,68,50,118,0,0,0,3,0,3,677,604,1281,2021-07-31T22:00:00Z
14,110,Erdut,306,225,531,36,15,51,57,17,74,2,6,8,59,42,101,0,0,0,2,1,3,462,306,768,2021-07-31T22:00:00Z
14,111,Ernestinovo,72,172,244,7,1,8,28,9,37,2,1,3,12,17,29,0,0,0,1,0,1,122,200,322,2021-07-31T22:00:00Z
14,116,Feričanci,130,132,262,26,4,30,3,0,3,0,1,1,41,16,57,0,0,0,0,0,0,200,153,353,2021-07-31T22:00:00Z
14,124,Gorjani,124,179,303,17,4,21,16,8,24,0,0,0,12,5,17,0,0,0,0,0,0,169,196,365,2021-07-31T22:00:00Z
14,13,Beli Manastir,1107,1124,2231,77,38,115,55,32,87,8,10,18,118,111,229,0,0,0,3,1,4,1368,1316,2684,2021-07-31T22:00:00Z
14,16,Belišće,1616,675,2291,67,32,99,29,8,37,1,7,8,91,103,194,0,0,0,2,5,7,1806,830,2636,2021-07-31T22:00:00Z
14,195,Kneževi Vinogradi,230,275,505,32,7,39,39,6,45,1,2,3,63,70,133,0,0,0,0,0,0,365,360,725,2021-07-31T22:00:00Z
14,2,Antunovac,163,133,296,31,11,42,14,8,22,1,0,1,15,12,27,0,0,0,0,0,0,224,164,388,2021-07-31T22:00:00Z
14,205,Koška,177,163,340,26,5,31,30,9,39,3,4,7,33,30,63,0,0,0,2,0,2,271,211,482,2021-07-31T22:00:00Z
14,21,Bilje,294,313,607,46,20,66,19,12,31,3,5,8,57,45,102,0,0,0,0,1,1,419,396,815,2021-07-31T22:00:00Z
14,23,Bizovac,241,240,481,27,11,38,25,11,36,2,4,6,28,35,63,0,0,0,0,2,2,323,303,626,2021-07-31T22:00:00Z
14,230,Levanjska Varoš,42,52,94,3,2,5,11,8,19,0,0,0,2,4,6,0,0,0,0,1,1,58,67,125,2021-07-31T22:00:00Z
14,257,Marijanci,102,74,176,7,5,12,12,1,13,0,1,1,22,21,43,0,0,0,1,1,2,144,103,247,2021-07-31T22:00:00Z
14,271,Moslavina Podravska,27,40,67,4,2,6,17,6,23,0,0,0,12,10,22,0,0,0,0,0,0,60,58,118,2021-07-31T22:00:00Z
14,278,Našice,2222,1785,4007,170,86,256,56,17,73,20,32,52,284,215,499,0,0,0,6,3,9,2758,2138,4896,2021-07-31T22:00:00Z
14,312,Osijek,23596,21772,45368,894,644,1538,101,46,147,181,186,367,808,1141,1949,1,0,1,41,44,85,25622,23833,49455,2021-07-31T22:00:00Z
14,325,Petlovac,63,57,120,4,4,8,15,0,15,0,0,0,17,9,26,0,0,0,0,0,0,99,70,169,2021-07-31T22:00:00Z
14,327,Petrijevci,297,237,534,21,3,24,6,4,10,0,0,0,16,8,24,0,0,0,2,2,4,342,254,596,2021-07-31T22:00:00Z
14,340,Podgorač,102,120,222,26,6,32,27,5,32,1,3,4,24,33,57,0,0,0,0,0,0,180,167,347,2021-07-31T22:00:00Z
14,346,Popovac,54,59,113,2,3,5,5,6,11,0,0,0,6,7,13,0,0,0,0,0,0,67,75,142,2021-07-31T22:00:00Z
14,361,Punitovci,45,75,120,21,3,24,17,4,21,0,0,0,34,9,43,0,0,0,0,0,0,117,91,208,2021-07-31T22:00:00Z
14,381,Satnica Đakovačka,124,83,207,23,5,28,10,2,12,0,0,0,45,32,77,0,0,0,0,0,0,202,122,324,2021-07-31T22:00:00Z
14,386,Semeljci,258,230,488,47,17,64,55,26,81,1,1,2,75,41,116,0,0,0,0,0,0,436,315,751,2021-07-31T22:00:00Z
14,421,Strizivojna,310,282,592,19,8,27,20,3,23,0,0,0,16,12,28,0,0,0,1,1,2,366,306,672,2021-07-31T22:00:00Z
14,461,Trnava,58,82,140,8,3,11,13,6,19,0,0,0,12,3,15,0,0,0,0,0,0,91,94,185,2021-07-31T22:00:00Z
14,471,Valpovo,873,1137,2010,73,57,130,48,20,68,15,24,39,84,111,195,0,0,0,6,6,12,1099,1355,2454,2021-07-31T22:00:00Z
14,485,Viljevo,39,69,108,10,0,10,25,5,30,0,1,1,17,9,26,0,0,0,0,1,1,91,85,176,2021-07-31T22:00:00Z
14,494,Viškovci,214,222,436,24,6,30,18,5,23,0,0,0,22,6,28,0,0,0,1,0,1,279,239,518,2021-07-31T22:00:00Z
14,517,Vuka,42,65,107,14,2,16,16,4,20,0,0,0,20,11,31,0,0,0,0,0,0,92,82,174,2021-07-31T22:00:00Z
14,576,Donja Motičina,25,60,85,9,3,12,1,1,2,0,0,0,14,6,20,0,0,0,0,0,0,49,70,119,2021-07-31T22:00:00Z
14,578,Magadenovac,97,121,218,5,1,6,29,10,39,0,1,1,17,22,39,0,0,0,0,0,0,148,155,303,2021-07-31T22:00:00Z
14,579,Vladislavci,129,120,249,3,0,3,7,4,11,0,0,0,6,5,11,0,0,0,0,0,0,145,129,274,2021-07-31T22:00:00Z
14,609,Jagodnjak,144,78,222,8,2,10,23,5,28,0,0,0,9,3,12,0,0,0,0,0,0,184,88,272,2021-07-31T22:00:00Z
14,614,Šodolovci,31,34,65,0,0,0,0,0,0,0,0,0,8,5,13,0,0,0,0,0,0,39,39,78,2021-07-31T22:00:00Z
14,64,Čeminac,78,96,174,11,0,11,4,2,6,0,0,0,17,8,25,0,0,0,0,0,0,110,106,216,2021-07-31T22:00:00Z
14,65,Čepin,662,499,1161,98,28,126,52,25,77,4,6,10,154,98,252,0,0,0,2,5,7,972,661,1633,2021-07-31T22:00:00Z
14,66,Darda,1833,975,2808,55,30,85,35,4,39,2,3,5,61,59,120,0,0,0,1,1,2,1987,1072,3059,2021-07-31T22:00:00Z
14,86,Donji Miholjac,1175,971,2146,93,46,139,158,39,197,6,17,23,158,122,280,0,0,0,1,2,3,1591,1197,2788,2021-07-31T22:00:00Z
14,91,Draž,81,126,207,10,3,13,16,7,23,0,0,0,9,11,20,0,0,0,0,1,1,116,148,264,2021-07-31T22:00:00Z
14,94,Drenje,109,144,253,34,7,41,51,18,69,0,0,0,15,23,38,0,0,0,0,0,0,209,192,401,2021-07-31T22:00:00Z
15,113,Ervenik,61,51,112,1,0,1,3,2,5,0,0,0,3,1,4,0,0,0,0,0,0,68,54,122,2021-07-31T22:00:00Z
15,183,Kijevo,38,38,76,2,0,2,0,0,0,0,0,0,0,0,0,0,0,0,0,0,0,40,38,78,2021-07-31T22:00:00Z
15,184,Kistanje,68,76,144,33,9,42,1,0,1,1,0,1,49,20,69,0,0,0,0,0,0,152,105,257,2021-07-31T22:00:00Z
15,196,Knin,1491,1491,2982,132,73,205,57,11,68,34,4,38,122,157,279,0,0,0,4,3,7,1840,1739,3579,2021-07-31T22:00:00Z
15,298,Promina,105,85,190,2,1,3,1,2,3,0,0,0,0,1,1,0,0,0,0,0,0,108,89,197,2021-07-31T22:00:00Z
15,310,Biskupija,95,37,132,2,0,2,2,1,3,1,0,1,0,0,0,0,0,0,0,0,0,100,38,138,2021-07-31T22:00:00Z
15,357,Primošten,339,361,700,120,36,156,6,1,7,8,0,8,164,119,283,0,1,1,0,2,2,637,520,1157,2021-07-31T22:00:00Z
15,377,Ružić,39,48,87,4,1,5,5,7,12,0,0,0,1,9,10,0,0,0,0,0,0,49,65,114,2021-07-31T22:00:00Z
15,394,Skradin,135,189,324,52,21,73,20,9,29,2,3,5,51,49,100,0,0,0,0,0,0,260,271,531,2021-07-31T22:00:00Z
15,444,Šibenik,8175,8583,16758,690,377,1067,39,15,54,181,96,277,689,815,1504,0,0,0,20,25,45,9794,9911,19705,2021-07-31T22:00:00Z
15,454,Tisno,399,323,722,121,52,173,3,1,4,11,3,14,122,113,235,0,0,0,0,1,1,656,493,1149,2021-07-31T22:00:00Z
15,469,Unešić,51,59,110,8,1,9,4,1,5,1,0,1,16,5,21,0,0,0,0,0,0,80,66,146,2021-07-31T22:00:00Z
15,500,Vodice,1014,1250,2264,305,124,429,13,3,16,11,10,21,300,255,555,0,0,0,5,5,10,1648,1647,3295,2021-07-31T22:00:00Z
15,51,Civljane,52,12,64,1,2,3,0,0,0,0,0,0,3,2,5,0,0,0,0,0,0,56,16,72,2021-07-31T22:00:00Z
15,581,Pirovac,153,169,322,43,25,68,5,2,7,3,2,5,66,69,135,0,0,0,0,0,0,270,267,537,2021-07-31T22:00:00Z
15,582,Rogoznica,292,284,576,60,21,81,2,1,3,9,1,10,81,87,168,0,0,0,0,0,0,444,394,838,2021-07-31T22:00:00Z
15,617,Murter,343,352,695,83,44,127,5,1,6,18,3,21,171,130,301,0,0,0,2,0,2,622,530,1152,2021-07-31T22:00:00Z
15,621,Bilice,78,46,124,25,10,35,0,0,0,6,0,6,27,17,44,0,0,0,0,0,0,136,73,209,2021-07-31T22:00:00Z
15,626,Tribunj,107,112,219,31,23,54,0,0,0,2,0,2,75,52,127,0,0,0,0,0,0,215,187,402,2021-07-31T22:00:00Z
15,95,Drniš,910,619,1529,68,54,122,48,19,67,6,8,14,95,95,190,0,0,0,1,1,2,1128,796,1924,2021-07-31T22:00:00Z
16,1,Andrijaševci,60,123,183,27,12,39,14,5,19,2,1,3,37,35,72,0,0,0,0,1,1,140,177,317,2021-07-31T22:00:00Z
16,137,Gradište,95,98,193,16,4,20,33,5,38,0,1,1,13,17,30,0,0,0,0,1,1,157,126,283,2021-07-31T22:00:00Z
16,141,Gunja,192,146,338,30,9,39,39,14,53,2,1,3,38,9,47,0,0,0,1,2,3,302,181,483,2021-07-31T22:00:00Z
16,154,Ilok,457,566,1023,65,24,89,50,17,67,2,3,5,108,102,210,0,0,0,1,3,4,683,715,1398,2021-07-31T22:00:00Z
16,159,Ivankovo,320,439,759,72,28,100,50,14,64,1,5,6,125,76,201,0,0,0,2,1,3,570,563,1133,2021-07-31T22:00:00Z
16,166,Jarmina,27,91,118,14,7,21,23,10,33,0,1,1,24,14,38,0,0,0,0,3,3,88,126,214,2021-07-31T22:00:00Z
16,239,Lovas,66,82,148,5,0,5,14,0,14,1,0,1,4,6,10,0,0,0,0,0,0,90,88,178,2021-07-31T22:00:00Z
16,26,Bogdanovci,29,24,53,3,0,3,7,4,11,0,0,0,18,3,21,0,0,0,0,0,0,57,31,88,2021-07-31T22:00:00Z
16,29,Borovo,77,128,205,46,14,60,27,5,32,2,3,5,62,68,130,0,0,0,2,1,3,216,219,435,2021-07-31T22:00:00Z
16,294,Nuštar,238,303,541,35,18,53,27,7,34,1,2,3,35,30,65,0,0,0,2,1,3,338,361,699,2021-07-31T22:00:00Z
16,295,Nijemci,191,224,415,22,7,29,87,26,113,1,1,2,49,28,77,0,0,0,1,2,3,351,288,639,2021-07-31T22:00:00Z
16,3,Babina Greda,133,139,272,30,13,43,79,27,106,3,0,3,30,37,67,0,0,0,0,0,0,275,216,491,2021-07-31T22:00:00Z
16,32,Bošnjaci,134,120,254,24,6,30,38,7,45,2,0,2,35,34,69,0,0,0,1,0,1,234,167,401,2021-07-31T22:00:00Z
16,414,Stari Jankovci,142,164,306,21,4,25,41,10,51,1,0,1,32,15,47,0,0,0,0,1,1,237,194,431,2021-07-31T22:00:00Z
16,415,Stari Mikanovci,93,134,227,17,10,27,21,12,33,2,1,3,29,35,64,0,0,0,0,0,0,162,192,354,2021-07-31T22:00:00Z
16,44,Cerna,422,227,649,40,20,60,47,18,65,2,1,3,79,65,144,0,0,0,0,0,0,590,331,921,2021-07-31T22:00:00Z
16,456,Tompojevci,25,51,76,15,4,19,37,13,50,0,1,1,17,17,34,0,0,0,0,0,0,94,86,180,2021-07-31T22:00:00Z
16,458,Tordinci,93,100,193,7,2,9,10,0,10,1,0,1,6,11,17,0,0,0,0,1,1,117,114,231,2021-07-31T22:00:00Z
16,459,Tovarnik,155,157,312,19,3,22,44,21,65,1,2,3,12,20,32,0,0,0,0,2,2,231,205,436,2021-07-31T22:00:00Z
16,464,Trpinja,122,204,326,25,7,32,78,10,88,3,0,3,38,22,60,0,0,0,1,0,1,267,243,510,2021-07-31T22:00:00Z
16,487,Vinkovci,8068,6290,14358,296,179,475,42,23,65,57,53,110,486,654,1140,1,0,1,12,12,24,8962,7211,16173,2021-07-31T22:00:00Z
16,505,Vrbanja,263,166,429,27,12,39,71,17,88,2,1,3,26,27,53,0,0,0,0,0,0,389,223,612,2021-07-31T22:00:00Z
16,518,Vukovar,4358,4640,8998,282,153,435,93,39,132,25,34,59,444,392,836,0,0,0,13,11,24,5215,5269,10484,2021-07-31T22:00:00Z
16,534,Županja,1993,1502,3495,139,53,192,39,10,49,20,23,43,184,198,382,1,0,1,5,4,9,2381,1790,4171,2021-07-31T22:00:00Z
16,535,Otok (Vinkovci),394,262,656,38,18,56,60,14,74,8,1,9,64,60,124,0,0,0,1,0,1,565,355,920,2021-07-31T22:00:00Z
16,583,Privlaka,103,142,245,16,5,21,21,10,31,0,2,2,16,21,37,0,0,0,0,0,0,156,180,336,2021-07-31T22:00:00Z
16,584,Vođinci,40,171,211,14,2,16,7,6,13,0,1,1,17,12,29,0,0,0,0,1,1,78,193,271,2021-07-31T22:00:00Z
16,610,Markušica,37,64,101,10,3,13,53,15,68,0,1,1,7,15,22,0,0,0,1,0,1,108,98,206,2021-07-31T22:00:00Z
16,612,Negoslavci,26,35,61,4,0,4,12,3,15,1,0,1,17,14,31,0,0,0,0,0,0,60,52,112,2021-07-31T22:00:00Z
16,628,Štitar,78,70,148,6,0,6,13,4,17,0,1,1,12,7,19,0,0,0,0,0,0,109,82,191,2021-07-31T22:00:00Z
16,92,Drenovci,113,151,264,39,5,44,104,35,139,1,0,1,47,38,85,0,0,0,0,0,0,304,229,533,2021-07-31T22:00:00Z
17,100,Dugi Rat,732,695,1427,96,47,143,1,2,3,30,4,34,234,171,405,0,0,0,2,2,4,1095,921,2016,2021-07-31T22:00:00Z
17,134,Gradac,244,336,580,85,38,123,5,1,6,2,2,4,134,186,320,0,0,0,1,1,2,471,564,1035,2021-07-31T22:00:00Z
17,148,Hrvace,257,166,423,35,17,52,4,7,11,1,3,4,47,42,89,0,0,0,0,2,2,344,237,581,2021-07-31T22:00:00Z
17,153,Hvar,993,864,1857,243,108,351,15,10,25,19,8,27,378,338,716,2,0,2,2,7,9,1652,1335,2987,2021-07-31T22:00:00Z
17,155,Imotski,1328,1345,2673,159,97,256,13,7,20,31,14,45,125,187,312,0,0,0,11,9,20,1667,1659,3326,2021-07-31T22:00:00Z
17,171,Jelsa,400,366,766,123,36,159,30,11,41,10,0,10,204,127,331,0,0,0,5,5,10,772,545,1317,2021-07-31T22:00:00Z
17,181,Kaštela,3425,3737,7162,495,238,733,22,12,34,140,39,179,536,564,1100,0,0,0,26,26,52,4644,4616,9260,2021-07-31T22:00:00Z
17,192,Klis,238,199,437,36,7,43,7,4,11,16,1,17,52,31,83,0,0,0,0,3,3,349,245,594,2021-07-31T22:00:00Z
17,197,Komiža,193,151,344,68,20,88,4,1,5,6,2,8,70,67,137,0,0,0,1,1,2,342,242,584,2021-07-31T22:00:00Z
17,243,Lovreć,147,103,250,16,10,26,4,0,4,3,0,3,21,12,33,0,0,0,2,2,4,193,127,320,2021-07-31T22:00:00Z
17,249,Makarska,2736,2774,5510,334,202,536,3,2,5,51,28,79,593,634,1227,0,0,0,5,3,8,3722,3643,7365,2021-07-31T22:00:00Z
17,258,Marina,205,265,470,66,31,97,4,5,9,21,0,21,66,91,157,1,0,1,3,2,5,366,394,760,2021-07-31T22:00:00Z
17,267,Milna,102,99,201,27,10,37,3,1,4,4,0,4,41,61,102,0,0,0,3,1,4,180,172,352,2021-07-31T22:00:00Z
17,27,Bol,477,537,1014,81,30,111,5,3,8,5,2,7,139,92,231,0,0,0,1,0,1,708,664,1372,2021-07-31T22:00:00Z
17,280,Nerežišća,149,55,204,18,2,20,5,2,7,1,0,1,32,18,50,0,0,0,1,0,1,206,77,283,2021-07-31T22:00:00Z
17,300,Omiš,1547,1699,3246,269,130,399,12,5,17,45,17,62,438,429,867,0,0,0,3,5,8,2314,2285,4599,2021-07-31T22:00:00Z
17,314,Otok,191,207,398,44,18,62,12,0,12,4,0,4,76,49,125,0,0,0,0,1,1,327,275,602,2021-07-31T22:00:00Z
17,337,Podbablje,272,176,448,35,4,39,6,0,6,3,1,4,19,32,51,0,0,0,1,4,5,336,217,553,2021-07-31T22:00:00Z
17,339,Podgora,387,332,719,98,35,133,0,1,1,1,0,1,168,137,305,0,0,0,3,1,4,657,506,1163,2021-07-31T22:00:00Z
17,341,Podstrana,849,718,1567,67,20,87,16,4,20,36,3,39,73,99,172,0,0,0,3,3,6,1044,847,1891,2021-07-31T22:00:00Z
17,350,Postira,280,250,530,42,19,61,9,3,12,1,3,4,22,21,43,0,0,0,1,1,2,355,297,652,2021-07-31T22:00:00Z
17,358,Pučišća,237,132,369,50,7,57,6,6,12,6,0,6,44,32,76,0,0,0,5,1,6,348,178,526,2021-07-31T22:00:00Z
17,382,Seget,557,552,1109,49,12,61,7,3,10,10,2,12,167,93,260,0,0,0,1,1,2,791,663,1454,2021-07-31T22:00:00Z
17,383,Selca,121,124,245,48,22,70,8,3,11,5,1,6,72,41,113,0,0,0,0,3,3,254,194,448,2021-07-31T22:00:00Z
17,389,Sinj,1870,1997,3867,271,141,412,55,18,73,44,44,88,304,393,697,0,0,0,8,19,27,2552,2612,5164,2021-07-31T22:00:00Z
17,406,Solin,3639,2973,6612,256,139,395,12,6,18,125,35,160,301,306,607,0,0,0,11,9,20,4344,3468,7812,2021-07-31T22:00:00Z
17,409,Split,35412,37888,73300,1559,1118,2677,63,41,104,2133,450,2583,1616,2327,3943,3,0,3,147,150,297,40933,41974,82907,2021-07-31T22:00:00Z
17,413,Stari Grad,422,376,798,72,32,104,21,11,32,5,5,10,73,76,149,0,0,0,2,5,7,595,505,1100,2021-07-31T22:00:00Z
17,423,Sućuraj,34,26,60,24,3,27,3,2,5,0,0,0,14,17,31,0,0,0,0,1,1,75,49,124,2021-07-31T22:00:00Z
17,427,Supetar,752,918,1670,136,76,212,15,6,21,22,9,31,195,186,381,0,0,0,4,3,7,1124,1198,2322,2021-07-31T22:00:00Z
17,443,Šestanovac,133,161,294,28,6,34,9,1,10,2,2,4,22,24,46,0,0,0,3,1,4,197,195,392,2021-07-31T22:00:00Z
17,447,Šolta,220,161,381,20,18,38,9,4,13,11,0,11,35,36,71,0,0,0,0,1,1,295,220,515,2021-07-31T22:00:00Z
17,460,Trilj,479,533,1012,117,31,148,17,7,24,15,2,17,96,133,229,0,0,0,0,6,6,724,712,1436,2021-07-31T22:00:00Z
17,463,Trogir,1878,1970,3848,349,183,532,15,4,19,70,38,108,461,624,1085,0,0,0,15,15,30,2788,2834,5622,2021-07-31T22:00:00Z
17,492,Vis,311,334,645,62,24,86,15,2,17,7,2,9,76,81,157,0,0,0,1,2,3,472,445,917,2021-07-31T22:00:00Z
17,50,Cista Provo,125,156,281,24,2,26,8,0,8,2,0,2,6,9,15,0,0,0,1,2,3,166,169,335,2021-07-31T22:00:00Z
17,511,Vrgorac,952,702,1654,53,23,76,25,14,39,5,5,10,51,83,134,0,0,0,1,2,3,1087,829,1916,2021-07-31T22:00:00Z
17,513,Vrlika,102,225,327,17,4,21,14,5,19,1,0,1,19,3,22,0,0,0,2,0,2,155,237,392,2021-07-31T22:00:00Z
17,522,Zagvozd,152,67,219,16,2,18,2,0,2,1,0,1,7,11,18,0,0,0,0,0,0,178,80,258,2021-07-31T22:00:00Z
17,528,Zmijavci,86,117,203,6,2,8,1,1,2,2,0,2,28,9,37,0,0,0,0,1,1,123,130,253,2021-07-31T22:00:00Z
17,585,Dugopolje,1441,756,2197,37,10,47,5,4,9,14,1,15,67,50,117,0,0,0,0,0,0,1564,821,2385,2021-07-31T22:00:00Z
17,586,Lećevica,13,42,55,5,0,5,0,1,1,1,0,1,1,1,2,0,0,0,0,0,0,20,44,64,2021-07-31T22:00:00Z
17,587,Lokvičići,36,26,62,1,0,1,2,0,2,0,0,0,2,3,5,0,0,0,1,0,1,42,29,71,2021-07-31T22:00:00Z
17,588,Okrug,191,238,429,48,25,73,1,0,1,14,4,18,151,100,251,0,0,0,2,3,5,407,370,777,2021-07-31T22:00:00Z
17,589,Prgomet,41,37,78,7,0,7,1,1,2,1,0,1,4,2,6,0,0,0,0,0,0,54,40,94,2021-07-31T22:00:00Z
17,590,Primorski Dolac,18,51,69,4,1,5,1,1,2,2,1,3,2,4,6,0,0,0,0,0,0,27,58,85,2021-07-31T22:00:00Z
17,591,Runovići,71,65,136,9,3,12,0,1,1,1,2,3,28,37,65,0,0,0,0,1,1,109,109,218,2021-07-31T22:00:00Z
17,592,Sutivan,117,95,212,16,9,25,4,1,5,7,0,7,43,30,73,0,0,0,0,1,1,187,136,323,2021-07-31T22:00:00Z
17,593,Tučepi,324,393,717,64,30,94,0,1,1,5,3,8,173,167,340,0,0,0,0,0,0,566,594,1160,2021-07-31T22:00:00Z
17,595,Zadvarje,32,27,59,7,1,8,1,1,2,0,0,0,12,6,18,0,0,0,0,1,1,52,36,88,2021-07-31T22:00:00Z
17,72,Dicmo,428,184,612,33,16,49,3,2,5,3,1,4,34,43,77,0,0,0,0,2,2,501,248,749,2021-07-31T22:00:00Z
17,77,Brela,343,336,679,58,31,89,0,1,1,1,1,2,90,114,204,0,0,0,0,1,1,492,484,976,2021-07-31T22:00:00Z
17,87,Muć,175,198,373,19,4,23,1,5,6,3,4,7,11,13,24,0,0,0,1,1,2,210,225,435,2021-07-31T22:00:00Z
17,88,Proložac,206,189,395,14,4,18,2,4,6,0,0,0,34,17,51,0,0,0,3,2,5,259,216,475,2021-07-31T22:00:00Z
17,9,Baška Voda,332,454,786,108,70,178,1,0,1,4,3,7,172,179,351,0,0,0,1,1,2,618,707,1325,2021-07-31T22:00:00Z
18,132,Gračišće,44,29,73,28,4,32,11,3,14,0,0,0,33,10,43,0,0,0,0,0,0,116,46,162,2021-07-31T22:00:00Z
18,138,Grožnjan,26,25,51,15,3,18,14,5,19,0,0,0,14,11,25,0,0,0,0,2,2,69,46,115,2021-07-31T22:00:00Z
18,175,Kanfanar,485,189,674,28,6,34,4,0,4,1,0,1,23,21,44,0,0,0,1,1,2,542,217,759,2021-07-31T22:00:00Z
18,217,Kršan,335,299,634,47,15,62,6,4,10,3,0,3,110,60,170,0,0,0,1,4,5,502,382,884,2021-07-31T22:00:00Z
18,222,Labin,2753,2544,5297,265,127,392,16,10,26,30,37,67,325,262,587,0,0,0,9,7,16,3398,2987,6385,2021-07-31T22:00:00Z
18,223,Lanišće,14,13,27,4,0,4,2,0,2,0,0,0,8,3,11,0,0,0,0,1,1,28,17,45,2021-07-31T22:00:00Z
18,235,Ližnjan,153,126,279,14,5,19,2,0,2,4,0,4,36,42,78,0,0,0,1,1,2,210,174,384,2021-07-31T22:00:00Z
18,246,Lupoglav,194,100,294,11,5,16,6,2,8,0,1,1,11,13,24,0,0,0,0,0,0,222,121,343,2021-07-31T22:00:00Z
18,254,Marčana,166,167,333,40,14,54,4,2,6,7,1,8,52,30,82,0,0,0,1,1,2,270,215,485,2021-07-31T22:00:00Z
18,263,Medulin,815,712,1527,107,58,165,7,2,9,8,6,14,287,288,575,0,0,0,0,1,1,1224,1067,2291,2021-07-31T22:00:00Z
18,274,Motovun,105,144,249,35,14,49,20,6,26,0,1,1,43,39,82,0,0,0,1,3,4,204,207,411,2021-07-31T22:00:00Z
18,291,Novigrad,940,1101,2041,131,59,190,19,3,22,3,9,12,205,175,380,0,0,0,4,5,9,1302,1352,2654,2021-07-31T22:00:00Z
18,304,Oprtalj,62,76,138,12,5,17,12,2,14,0,0,0,11,12,23,0,0,0,3,2,5,100,97,197,2021-07-31T22:00:00Z
18,321,Pazin,1970,1918,3888,297,120,417,53,24,77,16,22,38,320,214,534,0,0,0,6,13,19,2662,2311,4973,2021-07-31T22:00:00Z
18,330,Pićan,342,166,508,30,7,37,2,5,7,0,1,1,55,20,75,0,0,0,1,1,2,430,200,630,2021-07-31T22:00:00Z
18,348,Poreč,5549,5622,11171,670,354,1024,44,20,64,59,49,108,829,742,1571,0,0,0,12,9,21,7163,6796,13959,2021-07-31T22:00:00Z
18,359,Pula,13002,12677,25679,1238,655,1893,64,41,105,265,166,431,1045,1273,2318,0,0,0,54,41,95,15668,14853,30521,2021-07-31T22:00:00Z
18,368,Raša,275,161,436,29,9,38,1,0,1,5,1,6,53,29,82,0,0,0,2,0,2,365,200,565,2021-07-31T22:00:00Z
18,374,Rovinj,3386,3621,7007,431,258,689,25,10,35,28,36,64,765,642,1407,0,0,0,15,21,36,4650,4588,9238,2021-07-31T22:00:00Z
18,40,Brtonigla,189,122,311,42,14,56,24,9,33,1,1,2,53,55,108,0,0,0,1,1,2,310,202,512,2021-07-31T22:00:00Z
18,42,Buje,786,734,1520,100,46,146,27,11,38,7,10,17,68,71,139,0,0,0,4,4,8,992,876,1868,2021-07-31T22:00:00Z
18,43,Buzet,1547,1045,2592,171,67,238,20,14,34,5,4,9,117,112,229,0,0,0,8,10,18,1868,1252,3120,2021-07-31T22:00:00Z
18,431,Sveti Lovreč,49,50,99,19,10,29,3,0,3,0,1,1,41,24,65,0,0,0,0,0,0,112,85,197,2021-07-31T22:00:00Z
18,432,Sveta Nedelja,140,141,281,28,7,35,8,3,11,5,0,5,37,18,55,0,0,0,7,3,10,225,172,397,2021-07-31T22:00:00Z
18,433,Sveti Petar U Šumi,156,104,260,22,5,27,2,4,6,0,0,0,16,2,18,0,0,0,1,1,2,197,116,313,2021-07-31T22:00:00Z
18,435,Svetvinčenat,120,97,217,20,6,26,1,0,1,0,1,1,25,20,45,0,0,0,0,0,0,166,124,290,2021-07-31T22:00:00Z
18,453,Tinjan,194,115,309,40,10,50,4,0,4,1,3,4,57,29,86,0,0,0,1,0,1,297,157,454,2021-07-31T22:00:00Z
18,468,Umag,2971,2754,5725,397,179,576,33,17,50,28,33,61,391,399,790,0,0,0,13,18,31,3833,3400,7233,2021-07-31T22:00:00Z
18,47,Cerovlje,91,49,140,35,3,38,4,4,8,2,0,2,28,14,42,0,0,0,0,2,2,160,72,232,2021-07-31T22:00:00Z
18,497,Višnjan,247,224,471,41,12,53,9,4,13,2,1,3,100,39,139,0,0,0,2,0,2,401,280,681,2021-07-31T22:00:00Z
18,498,Vižinada,64,46,110,26,5,31,15,5,20,1,0,1,36,24,60,0,0,0,0,2,2,142,82,224,2021-07-31T22:00:00Z
18,5,Bale,168,137,305,25,17,42,3,2,5,0,0,0,46,25,71,0,0,0,1,1,2,243,182,425,2021-07-31T22:00:00Z
18,502,Vodnjan,743,597,1340,51,24,75,10,3,13,10,4,14,116,72,188,0,0,0,0,0,0,930,700,1630,2021-07-31T22:00:00Z
18,516,Vrsar,442,485,927,88,40,128,3,1,4,5,1,6,212,198,410,0,0,0,2,0,2,752,725,1477,2021-07-31T22:00:00Z
18,531,Žminj,469,395,864,97,42,139,13,4,17,1,5,6,108,82,190,0,0,0,4,0,4,692,528,1220,2021-07-31T22:00:00Z
18,596,Karojba,118,98,216,31,6,37,2,2,4,0,0,0,44,11,55,0,1,1,0,0,0,195,118,313,2021-07-31T22:00:00Z
18,597,Kaštelir - Labinci,172,72,244,30,14,44,6,3,9,2,0,2,54,16,70,0,0,0,2,3,5,266,108,374,2021-07-31T22:00:00Z
18,6,Barban,230,108,338,41,7,48,10,6,16,1,1,2,24,27,51,0,0,0,3,1,4,309,150,459,2021-07-31T22:00:00Z
18,619,Fažana,347,320,667,34,18,52,0,1,1,4,2,6,92,54,146,0,0,0,0,2,2,477,397,874,2021-07-31T22:00:00Z
18,629,Funtana,187,202,389,21,13,34,1,0,1,0,0,0,107,113,220,0,0,0,1,1,2,317,329,646,2021-07-31T22:00:00Z
18,631,Tar-Vabriga,184,293,477,42,18,60,1,0,1,0,0,0,104,85,189,0,0,0,0,0,0,331,396,727,2021-07-31T22:00:00Z
19,198,Konavle,1257,930,2187,208,74,282,19,9,28,33,8,41,112,140,252,0,0,0,6,7,13,1635,1168,2803,2021-07-31T22:00:00Z
19,204,Korčula,803,986,1789,169,79,248,15,7,22,108,10,118,197,191,388,0,0,0,8,8,16,1300,1281,2581,2021-07-31T22:00:00Z
19,219,Kula Norinska,46,52,98,12,1,13,2,0,2,1,0,1,6,7,13,0,0,0,0,0,0,67,60,127,2021-07-31T22:00:00Z
19,226,Lastovo,85,106,191,33,11,44,1,1,2,4,1,5,23,24,47,0,0,0,1,3,4,147,146,293,2021-07-31T22:00:00Z
19,25,Blato,580,414,994,69,22,91,20,4,24,8,8,16,179,61,240,0,0,0,5,3,8,861,512,1373,2021-07-31T22:00:00Z
19,264,Metković,2020,1670,3690,201,107,308,33,21,54,39,18,57,297,284,581,0,0,0,7,8,15,2597,2108,4705,2021-07-31T22:00:00Z
19,268,Mljet,194,115,309,28,13,41,5,0,5,6,2,8,37,35,72,0,0,0,1,2,3,271,167,438,2021-07-31T22:00:00Z
19,306,Opuzen,442,354,796,33,18,51,44,21,65,6,1,7,22,37,59,0,0,0,0,1,1,547,432,979,2021-07-31T22:00:00Z
19,308,Orebić,466,456,922,101,53,154,28,8,36,37,6,43,165,162,327,0,0,0,2,15,17,799,700,1499,2021-07-31T22:00:00Z
19,335,Ploče,1372,868,2240,87,46,133,20,4,24,27,6,33,101,148,249,0,0,0,3,4,7,1610,1076,2686,2021-07-31T22:00:00Z
19,343,Pojezerje,27,29,56,4,2,6,8,0,8,0,0,0,1,4,5,0,0,0,0,0,0,40,35,75,2021-07-31T22:00:00Z
19,399,Slivno,590,66,656,14,12,26,18,6,24,0,0,0,15,24,39,0,0,0,0,0,0,637,108,745,2021-07-31T22:00:00Z
19,402,Smokvica,34,68,102,14,5,19,15,4,19,5,0,5,42,12,54,0,0,0,3,0,3,113,89,202,2021-07-31T22:00:00Z
19,419,Ston,563,238,801,57,16,73,20,4,24,6,1,7,51,40,91,0,0,0,0,4,4,697,303,1000,2021-07-31T22:00:00Z
19,474,Vela Luka,321,556,877,68,28,96,10,2,12,37,3,40,112,73,185,0,0,0,4,6,10,552,668,1220,2021-07-31T22:00:00Z
19,523,Zažablje,13,15,28,4,0,4,5,2,7,1,0,1,13,2,15,0,0,0,0,0,0,36,19,55,2021-07-31T22:00:00Z
19,598,Dubrovačko Primorje,173,123,296,23,7,30,4,6,10,10,2,12,43,32,75,0,0,0,1,2,3,254,172,426,2021-07-31T22:00:00Z
19,599,Janjina,210,64,274,11,7,18,9,3,12,0,1,1,10,14,24,0,0,0,1,0,1,241,89,330,2021-07-31T22:00:00Z
19,600,Lumbarda,52,67,119,48,18,66,9,2,11,6,0,6,39,47,86,0,0,0,2,2,4,156,136,292,2021-07-31T22:00:00Z
19,601,Trpanj,73,66,139,15,7,22,1,2,3,4,1,5,30,19,49,0,0,0,2,1,3,125,96,221,2021-07-31T22:00:00Z
19,602,Župa Dubrovačka,720,719,1439,124,60,184,4,5,9,63,2,65,87,93,180,0,0,0,6,2,8,1004,881,1885,2021-07-31T22:00:00Z
19,98,Dubrovnik,10698,11221,21919,805,419,1224,28,15,43,520,75,595,706,782,1488,0,0,0,39,59,98,12796,12571,25367,2021-07-31T22:00:00Z
20,123,Goričan,315,149,464,8,4,12,9,2,11,0,2,2,11,12,23,0,0,0,0,0,0,343,169,512,2021-07-31T22:00:00Z
20,15,Belica,201,186,387,26,17,43,60,42,102,1,1,2,28,35,63,0,0,0,1,1,2,317,282,599,2021-07-31T22:00:00Z
20,206,Kotoriba,491,256,747,9,4,13,6,0,6,0,5,5,15,16,31,0,0,0,0,0,0,521,281,802,2021-07-31T22:00:00Z
20,250,Mala Subotica,487,980,1467,27,19,46,33,18,51,2,4,6,43,30,73,0,0,0,0,4,4,592,1055,1647,2021-07-31T22:00:00Z
20,276,Mursko Središće,741,738,1479,46,25,71,18,7,25,2,7,9,56,52,108,0,0,0,1,1,2,864,830,1694,2021-07-31T22:00:00Z
20,279,Nedelišće,1360,742,2102,95,39,134,40,19,59,1,5,6,142,64,206,0,0,0,0,4,4,1638,873,2511,2021-07-31T22:00:00Z
20,342,Podturen,204,94,298,21,7,28,17,14,31,1,2,3,48,30,78,0,0,0,0,2,2,291,149,440,2021-07-31T22:00:00Z
20,355,Prelog,2379,1629,4008,71,16,87,48,32,80,9,9,18,67,58,125,0,0,0,4,7,11,2578,1751,4329,2021-07-31T22:00:00Z
20,385,Selnica,134,139,273,9,9,18,8,6,14,1,2,3,17,18,35,0,0,0,0,1,1,169,175,344,2021-07-31T22:00:00Z
20,440,Sveti Juraj Na Bregu,270,158,428,28,14,42,13,8,21,2,2,4,47,65,112,0,0,0,0,0,0,360,247,607,2021-07-31T22:00:00Z
20,441,Sveti Martin Na Muri,545,334,879,13,8,21,12,4,16,0,3,3,29,34,63,0,0,0,1,1,2,600,384,984,2021-07-31T22:00:00Z
20,452,Štrigova,278,191,469,28,10,38,40,24,64,2,2,4,69,66,135,0,0,0,2,1,3,419,294,713,2021-07-31T22:00:00Z
20,504,Vratišinec,152,91,243,8,4,12,11,3,14,1,1,2,7,6,13,0,0,0,1,1,2,180,106,286,2021-07-31T22:00:00Z
20,60,Čakovec,9800,9284,19084,270,134,404,59,26,85,37,59,96,311,370,681,0,0,0,6,19,25,10483,9892,20375,2021-07-31T22:00:00Z
20,603,Dekanovec,103,69,172,5,2,7,8,5,13,0,1,1,6,3,9,0,0,0,0,1,1,122,81,203,2021-07-31T22:00:00Z
20,604,Gornji Mihaljevec,123,54,177,11,2,13,23,7,30,2,2,4,22,13,35,0,0,0,1,0,1,182,78,260,2021-07-31T22:00:00Z
20,605,Orehovica,90,107,197,17,2,19,29,13,42,1,2,3,46,19,65,0,0,0,0,2,2,183,145,328,2021-07-31T22:00:00Z
20,606,Strahoninec,237,133,370,11,5,16,3,1,4,0,1,1,39,13,52,0,0,0,0,2,2,290,155,445,2021-07-31T22:00:00Z
20,607,Sveta Marija,73,69,142,12,5,17,6,0,6,1,1,2,27,9,36,0,0,0,0,1,1,119,85,204,2021-07-31T22:00:00Z
20,608,Šenkovec,549,237,786,19,13,32,2,1,3,0,1,1,31,27,58,0,0,0,2,2,4,603,281,884,2021-07-31T22:00:00Z
20,620,Pribislavec,427,158,585,11,5,16,3,1,4,2,1,3,12,11,23,0,0,0,0,0,0,455,176,631,2021-07-31T22:00:00Z
20,75,Domašinec,251,96,347,8,11,19,20,15,35,0,1,1,17,10,27,0,0,0,2,2,4,298,135,433,2021-07-31T22:00:00Z
20,78,Donja Dubrava,187,208,395,13,7,20,6,3,9,0,1,1,11,10,21,0,0,0,0,0,0,217,229,446,2021-07-31T22:00:00Z
20,82,Donji Kraljevec,1338,601,1939,40,11,51,50,19,69,3,6,9,81,128,209,0,0,0,3,8,11,1515,773,2288,2021-07-31T22:00:00Z
20,89,Donji Vidovec,43,72,115,2,1,3,2,0,2,1,2,3,3,15,18,0,0,0,0,0,0,51,90,141,2021-07-31T22:00:00Z
21,133,Zagreb,225450,204813,430263,8193,5523,13716,300,198,498,2254,2108,4362,5724,7060,12784,21,4,25,371,547,918,242313,220253,462566,2021-07-31T22:00:00Z
01,101,Dugo Selo,2911,1977,4888,238,99,337,25,23,48,25,26,51,297,264,561,0,0,0,6,15,21,3502,2404,5906,2021-08-31T22:00:00Z
01,114,Farkaševac,163,241,404,7,4,11,28,11,39,0,2,2,35,17,52,0,0,0,0,0,0,233,275,508,2021-08-31T22:00:00Z
01,135,Gradec,154,128,282,15,2,17,13,7,20,0,1,1,43,18,61,0,0,0,0,0,0,225,156,381,2021-08-31T22:00:00Z
01,158,Ivanić-Grad,2959,1706,4665,97,78,175,50,33,83,8,19,27,154,191,345,0,0,0,12,11,23,3280,2038,5318,2021-08-31T22:00:00Z
01,163,Jakovlje,252,223,475,40,8,48,8,11,19,3,0,3,39,32,71,0,0,0,1,0,1,343,274,617,2021-08-31T22:00:00Z
01,169,Jastrebarsko,2201,1618,3819,219,115,334,55,34,89,16,20,36,262,235,497,0,0,0,7,10,17,2760,2032,4792,2021-08-31T22:00:00Z
01,190,Klinča Selo,213,165,378,38,7,45,7,3,10,0,0,0,71,51,122,0,0,0,0,1,1,329,227,556,2021-08-31T22:00:00Z
01,193,Kloštar Ivanić,393,293,686,26,9,35,19,5,24,2,8,10,58,43,101,1,0,1,2,0,2,501,358,859,2021-08-31T22:00:00Z
01,213,Križ,588,419,1007,25,21,46,21,13,34,4,6,10,27,59,86,0,0,0,4,2,6,669,520,1189,2021-08-31T22:00:00Z
01,33,Brckovljani,327,320,647,8,4,12,0,0,0,3,2,5,28,18,46,0,0,0,0,0,0,366,344,710,2021-08-31T22:00:00Z
01,331,Pisarovina,373,302,675,26,22,48,24,19,43,1,2,3,26,29,55,0,0,0,2,3,5,452,377,829,2021-08-31T22:00:00Z
01,34,Brdovec,838,744,1582,101,33,134,15,6,21,2,7,9,88,59,147,1,0,1,6,4,10,1051,853,1904,2021-08-31T22:00:00Z
01,356,Preseka,22,9,31,5,2,7,12,12,24,0,1,1,16,7,23,0,0,0,1,0,1,56,31,87,2021-08-31T22:00:00Z
01,362,Pušča,149,197,346,27,13,40,7,2,9,1,3,4,56,28,84,0,0,0,0,0,0,240,243,483,2021-08-31T22:00:00Z
01,376,Rugvica,1206,453,1659,8,3,11,4,2,6,1,2,3,28,22,50,0,0,0,0,0,0,1247,482,1729,2021-08-31T22:00:00Z
01,380,Samobor,5409,3779,9188,507,300,807,26,23,49,44,67,111,513,485,998,0,0,0,34,23,57,6533,4677,11210,2021-08-31T22:00:00Z
01,429,Sveti Ivan Zelina,2220,1877,4097,170,69,239,75,56,131,15,21,36,264,223,487,0,0,0,9,2,11,2753,2248,5001,2021-08-31T22:00:00Z
01,436,Sveta Nedjelja,5530,3344,8874,232,87,319,7,4,11,9,12,21,364,183,547,0,0,0,8,9,17,6150,3639,9789,2021-08-31T22:00:00Z
01,508,Vrbovec,2136,2038,4174,160,70,230,71,36,107,7,22,29,300,159,459,0,0,0,6,12,18,2680,2337,5017,2021-08-31T22:00:00Z
01,533,Krašić,254,187,441,28,10,38,16,10,26,3,3,6,28,28,56,0,0,0,3,1,4,332,239,571,2021-08-31T22:00:00Z
01,536,Rakovec,30,14,44,10,2,12,12,5,17,0,1,1,21,10,31,0,0,0,0,0,0,73,32,105,2021-08-31T22:00:00Z
01,539,Marija Gorica,76,95,171,15,3,18,0,0,0,1,1,2,16,26,42,0,0,0,0,0,0,108,125,233,2021-08-31T22:00:00Z
01,540,Žumberak,15,16,31,4,2,6,6,4,10,0,0,0,5,8,13,0,0,0,0,0,0,30,30,60,2021-08-31T22:00:00Z
01,541,Velika Gorica,7829,6097,13926,624,351,975,70,33,103,59,65,124,605,534,1139,0,0,0,24,23,47,9211,7103,16314,2021-08-31T22:00:00Z
01,542,Orle,48,35,83,15,0,15,8,5,13,0,0,0,12,3,15,0,0,0,0,0,0,83,43,126,2021-08-31T22:00:00Z
01,543,Zaprešić,3324,2907,6231,225,147,372,13,9,22,32,43,75,261,238,499,0,0,0,14,15,29,3869,3359,7228,2021-08-31T22:00:00Z
01,544,Pokupsko,49,67,116,10,6,16,13,6,19,1,0,1,8,7,15,0,0,0,0,0,0,81,86,167,2021-08-31T22:00:00Z
01,545,Kravarsko,105,112,217,34,10,44,7,6,13,0,0,0,69,17,86,0,0,0,1,1,2,216,146,362,2021-08-31T22:00:00Z
01,547,Bistra,365,522,887,44,25,69,8,6,14,2,7,9,57,56,113,1,0,1,1,1,2,478,617,1095,2021-08-31T22:00:00Z
01,548,Luka,237,99,336,14,2,16,2,3,5,1,1,2,21,18,39,0,0,0,0,0,0,275,123,398,2021-08-31T22:00:00Z
01,549,Dubravica,71,42,113,15,0,15,15,7,22,0,0,0,14,15,29,0,0,0,0,0,0,115,64,179,2021-08-31T22:00:00Z
01,550,Bedenica,212,155,367,13,4,17,6,5,11,1,1,2,14,12,26,0,0,0,0,0,0,246,177,423,2021-08-31T22:00:00Z
01,551,Stupnik,1366,493,1859,31,18,49,0,4,4,2,2,4,20,26,46,0,0,0,2,0,2,1421,543,1964,2021-08-31T22:00:00Z
01,97,Dubrava,318,323,641,44,20,64,64,39,103,4,12,16,69,67,136,0,0,0,2,7,9,501,468,969,2021-08-31T22:00:00Z
02,108,Đurmanec,115,150,265,56,14,70,1,2,3,3,1,4,112,90,202,0,0,0,1,0,1,288,257,545,2021-08-31T22:00:00Z
02,11,Bedekovčina,526,763,1289,90,40,130,7,7,14,6,9,15,130,114,244,0,0,0,4,2,6,763,935,1698,2021-08-31T22:00:00Z
02,125,Gornja Stubica,198,284,482,50,15,65,7,3,10,1,1,2,72,46,118,0,0,0,2,1,3,330,350,680,2021-08-31T22:00:00Z
02,146,Hraščina,51,44,95,8,2,10,2,3,5,0,1,1,4,8,12,0,0,0,0,0,0,65,58,123,2021-08-31T22:00:00Z
02,152,Hum Na Sutli,1549,650,2199,57,30,87,4,0,4,1,7,8,255,75,330,0,0,0,1,1,2,1867,763,2630,2021-08-31T22:00:00Z
02,187,Klanjec,298,271,569,65,23,88,9,7,16,5,1,6,74,50,124,0,0,0,2,3,5,453,355,808,2021-08-31T22:00:00Z
02,200,Konjščina,459,397,856,35,15,50,2,0,2,1,2,3,33,34,67,0,0,0,0,1,1,530,449,979,2021-08-31T22:00:00Z
02,208,Kraljevec Na Sutli,61,47,108,13,6,19,4,1,5,0,0,0,15,7,22,0,0,0,0,2,2,93,63,156,2021-08-31T22:00:00Z
02,211,Krapina,2716,2452,5168,177,85,262,8,6,14,17,14,31,216,177,393,0,0,0,1,4,5,3135,2738,5873,2021-08-31T22:00:00Z
02,212,Krapinske Toplice,583,1200,1783,69,37,106,4,6,10,0,5,5,114,72,186,0,0,0,1,1,2,771,1321,2092,2021-08-31T22:00:00Z
02,236,Lobor,159,246,405,21,8,29,3,4,7,0,0,0,37,14,51,0,0,0,1,2,3,221,274,495,2021-08-31T22:00:00Z
02,248,Mače,105,67,172,30,6,36,4,3,7,1,0,1,58,34,92,0,0,0,0,0,0,198,110,308,2021-08-31T22:00:00Z
02,256,Marija Bistrica,328,335,663,67,42,109,15,6,21,0,5,5,83,75,158,0,0,0,3,4,7,496,467,963,2021-08-31T22:00:00Z
02,265,Mihovljan,100,120,220,31,7,38,4,0,4,0,0,0,67,15,82,0,0,0,1,1,2,203,143,346,2021-08-31T22:00:00Z
02,311,Oroslavje,866,836,1702,78,35,113,11,2,13,6,8,14,112,80,192,0,0,0,4,2,6,1077,963,2040,2021-08-31T22:00:00Z
02,329,Petrovsko,64,59,123,16,3,19,1,0,1,5,0,5,57,10,67,0,0,0,1,0,1,144,72,216,2021-08-31T22:00:00Z
02,352,Pregrada,834,928,1762,111,32,143,3,4,7,6,6,12,163,103,266,0,0,0,2,2,4,1119,1075,2194,2021-08-31T22:00:00Z
02,364,Radoboj,132,102,234,16,10,26,1,1,2,1,3,4,55,22,77,0,0,0,0,0,0,205,138,343,2021-08-31T22:00:00Z
02,41,Budinščina,177,171,348,14,5,19,6,2,8,1,2,3,24,11,35,0,0,0,2,2,4,224,193,417,2021-08-31T22:00:00Z
02,422,Stubičke Toplice,241,420,661,32,18,50,0,2,2,3,5,8,67,28,95,0,0,0,1,1,2,344,474,818,2021-08-31T22:00:00Z
02,430,Sveti Križ Začretje,678,781,1459,72,22,94,9,5,14,1,5,6,141,101,242,0,0,0,5,2,7,906,916,1822,2021-08-31T22:00:00Z
02,466,Tuhelj,130,211,341,18,13,31,4,1,5,1,2,3,33,34,67,0,0,0,0,0,0,186,261,447,2021-08-31T22:00:00Z
02,481,Veliko Trgovišće,557,335,892,52,15,67,4,5,9,3,5,8,107,60,167,0,0,0,5,1,6,728,421,1149,2021-08-31T22:00:00Z
02,519,Zabok,2809,2744,5553,145,85,230,5,3,8,14,18,32,193,330,523,0,0,0,2,6,8,3168,3186,6354,2021-08-31T22:00:00Z
02,521,Zagorska Sela,12,56,68,7,1,8,5,1,6,0,1,1,16,4,20,0,0,0,0,0,0,40,63,103,2021-08-31T22:00:00Z
02,526,Zlatar,519,660,1179,100,44,144,21,15,36,8,10,18,111,85,196,0,0,0,4,4,8,763,818,1581,2021-08-31T22:00:00Z
02,527,Zlatar Bistrica,327,567,894,28,9,37,4,4,8,4,0,4,77,44,121,0,0,0,3,3,6,443,627,1070,2021-08-31T22:00:00Z
02,552,Jesenje,57,65,122,10,1,11,0,1,1,0,0,0,49,6,55,0,0,0,0,0,0,116,73,189,2021-08-31T22:00:00Z
02,553,Kumrovec,79,88,167,16,4,20,2,0,2,3,1,4,22,19,41,0,0,0,0,0,0,122,112,234,2021-08-31T22:00:00Z
02,554,Novi Golubovec,136,53,189,3,2,5,1,0,1,0,0,0,5,2,7,0,0,0,0,0,0,145,57,202,2021-08-31T22:00:00Z
02,70,Desinić,134,288,422,32,8,40,9,1,10,2,1,3,43,35,78,0,0,0,0,1,1,220,334,554,2021-08-31T22:00:00Z
02,79,Donja Stubica,921,787,1708,96,49,145,5,4,9,7,3,10,81,61,142,0,0,0,2,1,3,1112,905,2017,2021-08-31T22:00:00Z
03,102,Dvor,289,152,441,13,5,18,64,21,85,0,3,3,12,14,26,0,0,0,2,1,3,380,196,576,2021-08-31T22:00:00Z
03,121,Glina,1167,705,1872,41,25,66,56,24,80,4,11,15,71,68,139,0,0,0,0,0,0,1339,833,2172,2021-08-31T22:00:00Z
03,149,Hrvatska Dubica,74,64,138,8,2,10,11,4,15,0,0,0,5,5,10,0,0,0,0,0,0,98,75,173,2021-08-31T22:00:00Z
03,150,Hrvatska Kostajnica,308,305,613,20,9,29,9,2,11,1,3,4,7,17,24,0,0,0,2,0,2,347,336,683,2021-08-31T22:00:00Z
03,168,Jasenovac,133,162,295,11,3,14,13,6,19,0,0,0,16,10,26,0,0,0,0,0,0,173,181,354,2021-08-31T22:00:00Z
03,220,Kutina,3711,2949,6660,172,112,284,41,23,64,33,23,56,224,261,485,0,0,0,16,7,23,4197,3375,7572,2021-08-31T22:00:00Z
03,228,Lekenik,301,269,570,37,9,46,8,9,17,1,3,4,43,32,75,0,0,0,1,1,2,391,323,714,2021-08-31T22:00:00Z
03,232,Lipovljani,279,290,569,25,11,36,11,3,14,1,0,1,29,38,67,0,0,0,0,1,1,345,343,688,2021-08-31T22:00:00Z
03,259,Martinska Ves,126,63,189,8,2,10,31,15,46,3,0,3,49,16,65,0,0,0,1,0,1,218,96,314,2021-08-31T22:00:00Z
03,293,Novska,1326,1052,2378,169,99,268,33,16,49,7,20,27,270,233,503,0,0,0,1,3,4,1806,1423,3229,2021-08-31T22:00:00Z
03,328,Petrinja,1630,1717,3347,227,85,312,65,24,89,9,26,35,292,292,584,0,0,0,8,6,14,2231,2150,4381,2021-08-31T22:00:00Z
03,347,Popovača,896,1003,1899,76,42,118,48,16,64,8,11,19,97,127,224,0,0,0,6,4,10,1131,1203,2334,2021-08-31T22:00:00Z
03,391,Sisak,6941,8123,15064,375,225,600,106,56,162,43,75,118,605,599,1204,0,0,0,22,15,37,8092,9093,17185,2021-08-31T22:00:00Z
03,426,Sunja,198,161,359,25,9,34,45,34,79,1,2,3,18,21,39,0,0,0,2,0,2,289,227,516,2021-08-31T22:00:00Z
03,457,Topusko,239,323,562,16,6,22,4,2,6,4,0,4,32,28,60,0,0,0,0,0,0,295,359,654,2021-08-31T22:00:00Z
03,477,Velika Ludina,115,148,263,9,9,18,15,2,17,0,0,0,26,25,51,0,0,0,0,0,0,165,184,349,2021-08-31T22:00:00Z
03,510,Gvozd,131,91,222,8,4,12,21,4,25,0,0,0,18,15,33,0,0,0,2,0,2,180,114,294,2021-08-31T22:00:00Z
03,555,Majur,121,76,197,1,1,2,5,0,5,0,0,0,3,0,3,0,0,0,0,0,0,130,77,207,2021-08-31T22:00:00Z
03,83,Donji Kukuruzari,45,84,129,5,0,5,5,3,8,0,0,0,3,3,6,0,0,0,1,0,1,59,90,149,2021-08-31T22:00:00Z
04,120,Generalski Stol,35,77,112,21,5,26,1,0,1,0,1,1,23,15,38,0,0,0,0,0,0,80,98,178,2021-08-31T22:00:00Z
04,172,Josipdol,199,169,368,26,17,43,4,9,13,2,1,3,53,51,104,0,0,0,0,1,1,284,248,532,2021-08-31T22:00:00Z
04,179,Karlovac,10533,8827,19360,420,291,711,76,54,130,71,89,160,610,798,1408,0,0,0,17,16,33,11727,10075,21802,2021-08-31T22:00:00Z
04,216,Krnjak,147,66,213,2,2,4,7,3,10,0,0,0,9,4,13,0,0,0,0,0,0,165,75,240,2021-08-31T22:00:00Z
04,225,Lasinja,68,48,116,5,1,6,0,4,4,2,0,2,6,7,13,0,0,0,0,0,0,81,60,141,2021-08-31T22:00:00Z
04,281,Netretić,75,93,168,18,3,21,3,1,4,1,1,2,53,32,85,0,0,0,0,0,0,150,130,280,2021-08-31T22:00:00Z
04,297,Ogulin,1757,1804,3561,141,89,230,35,16,51,8,31,39,141,177,318,0,0,0,5,9,14,2087,2126,4213,2021-08-31T22:00:00Z
04,30,Bosiljevo,108,96,204,4,0,4,0,0,0,1,1,2,27,30,57,0,0,0,0,0,0,140,127,267,2021-08-31T22:00:00Z
04,315,Ozalj,769,630,1399,86,32,118,18,15,33,4,10,14,118,98,216,0,0,0,1,4,5,996,789,1785,2021-08-31T22:00:00Z
04,333,Plaški,85,77,162,9,5,14,10,2,12,0,0,0,31,26,57,0,0,0,0,0,0,135,110,245,2021-08-31T22:00:00Z
04,365,Rakovica,153,147,300,6,11,17,3,4,7,0,0,0,78,84,162,0,0,0,1,0,1,241,246,487,2021-08-31T22:00:00Z
04,378,Saborsko,18,19,37,2,1,3,1,0,1,0,0,0,6,5,11,0,0,0,0,0,0,27,25,52,2021-08-31T22:00:00Z
04,400,Slunj,340,423,763,50,16,66,29,16,45,3,5,8,122,109,231,0,0,0,3,12,15,547,581,1128,2021-08-31T22:00:00Z
04,49,Cetingrad,70,52,122,6,1,7,3,4,7,0,0,0,10,12,22,0,0,0,0,0,0,89,69,158,2021-08-31T22:00:00Z
04,503,Vojnić,384,260,644,25,12,37,37,10,47,2,0,2,29,35,64,0,0,0,1,3,4,478,320,798,2021-08-31T22:00:00Z
04,530,Žakanje,145,96,241,27,11,38,6,0,6,0,0,0,25,31,56,0,0,0,0,1,1,203,139,342,2021-08-31T22:00:00Z
04,556,Ribnik,8,5,13,10,4,14,1,2,3,0,0,0,7,12,19,0,0,0,0,0,0,26,23,49,2021-08-31T22:00:00Z
04,557,Tounj,66,34,100,4,0,4,0,0,0,0,0,0,4,5,9,0,0,0,0,0,0,74,39,113,2021-08-31T22:00:00Z
04,623,Kamanje,155,99,254,3,3,6,0,0,0,0,0,0,3,15,18,0,0,0,0,0,0,161,117,278,2021-08-31T22:00:00Z
04,7,Barilovići,269,142,411,20,9,29,6,1,7,0,1,1,117,30,147,0,0,0,0,0,0,412,183,595,2021-08-31T22:00:00Z
04,90,Draganić,134,134,268,12,4,16,7,3,10,1,1,2,20,29,49,0,0,0,0,0,0,174,171,345,2021-08-31T22:00:00Z
04,99,Duga Resa,1214,1003,2217,141,73,214,16,18,34,5,19,24,192,218,410,0,0,0,5,7,12,1573,1338,2911,2021-08-31T22:00:00Z
05,12,Bednja,205,170,375,23,8,31,2,8,10,2,1,3,26,20,46,0,0,0,0,0,0,258,207,465,2021-08-31T22:00:00Z
05,129,Gornji Kneginec,563,987,1550,47,28,75,12,4,16,1,6,7,66,58,124,0,0,0,6,8,14,695,1091,1786,2021-08-31T22:00:00Z
05,151,Breznički Hum,178,150,328,13,5,18,9,6,15,0,1,1,18,14,32,0,0,0,2,4,6,220,180,400,2021-08-31T22:00:00Z
05,156,Ivanec,2051,1821,3872,160,62,222,14,11,25,12,17,29,302,261,563,0,0,0,6,13,19,2545,2185,4730,2021-08-31T22:00:00Z
05,165,Jalžabet,747,1112,1859,21,3,24,11,7,18,0,3,3,34,21,55,0,0,0,0,1,1,813,1147,1960,2021-08-31T22:00:00Z
05,189,Klenovnik,118,58,176,8,4,12,0,1,1,0,0,0,22,27,49,0,0,0,2,0,2,150,90,240,2021-08-31T22:00:00Z
05,19,Beretinec,68,33,101,18,2,20,3,2,5,0,1,1,15,24,39,0,0,0,1,0,1,105,62,167,2021-08-31T22:00:00Z
05,229,Lepoglava,1282,569,1851,57,32,89,5,3,8,1,5,6,100,71,171,0,0,0,1,5,6,1446,685,2131,2021-08-31T22:00:00Z
05,244,Ludbreg,1792,1517,3309,114,60,174,51,36,87,10,14,24,241,186,427,0,0,0,5,8,13,2213,1821,4034,2021-08-31T22:00:00Z
05,247,Ljubešćica,327,150,477,31,7,38,1,0,1,1,3,4,101,25,126,0,0,0,0,1,1,461,186,647,2021-08-31T22:00:00Z
05,251,Mali Bukovec,37,83,120,13,6,19,26,15,41,0,1,1,103,33,136,0,0,0,0,1,1,179,139,318,2021-08-31T22:00:00Z
05,260,Maruševec,350,298,648,52,25,77,22,25,47,3,5,8,106,44,150,0,0,0,3,3,6,536,400,936,2021-08-31T22:00:00Z
05,289,Novi Marof,1218,1237,2455,160,66,226,16,11,27,8,17,25,290,176,466,0,0,0,5,3,8,1697,1510,3207,2021-08-31T22:00:00Z
05,326,Petrijanec,411,693,1104,25,8,33,16,9,25,1,3,4,90,77,167,0,0,0,0,1,1,543,791,1334,2021-08-31T22:00:00Z
05,36,Breznica,161,64,225,18,3,21,3,5,8,1,5,6,27,12,39,0,0,0,0,0,0,210,89,299,2021-08-31T22:00:00Z
05,410,Sračinec,248,264,512,42,13,55,2,2,4,1,6,7,86,56,142,0,0,0,0,2,2,379,343,722,2021-08-31T22:00:00Z
05,437,Sveti Đurđ,74,95,169,30,4,34,27,9,36,3,1,4,34,36,70,0,0,0,0,0,0,168,145,313,2021-08-31T22:00:00Z
05,438,Sveti Ilija,169,174,343,16,8,24,2,1,3,0,4,4,44,27,71,0,0,0,1,0,1,232,214,446,2021-08-31T22:00:00Z
05,462,Trnovec Bartolovečki,1174,1485,2659,68,15,83,19,8,27,2,4,6,333,90,423,0,0,0,0,1,1,1596,1603,3199,2021-08-31T22:00:00Z
05,472,Varaždin,16390,15236,31626,505,350,855,45,25,70,72,120,192,564,634,1198,0,0,0,20,19,39,17596,16384,33980,2021-08-31T22:00:00Z
05,473,Varaždinske Toplice,605,461,1066,46,21,67,9,6,15,3,7,10,184,48,232,0,0,0,2,4,6,849,547,1396,2021-08-31T22:00:00Z
05,48,Cestica,392,374,766,46,24,70,15,17,32,2,4,6,99,76,175,0,0,0,0,2,2,554,497,1051,2021-08-31T22:00:00Z
05,484,Vidovec,215,242,457,51,16,67,66,31,97,2,5,7,114,95,209,0,0,0,0,0,0,448,389,837,2021-08-31T22:00:00Z
05,486,Vinica,278,216,494,22,10,32,4,3,7,1,5,6,30,27,57,0,0,0,0,1,1,335,262,597,2021-08-31T22:00:00Z
05,493,Visoko,89,54,143,19,0,19,6,3,9,0,0,0,23,20,43,0,0,0,1,0,1,138,77,215,2021-08-31T22:00:00Z
05,558,Veliki Bukovec,360,275,635,5,2,7,25,13,38,0,2,2,37,27,64,0,0,0,0,0,0,427,319,746,2021-08-31T22:00:00Z
05,80,Donja Voća,87,62,149,9,1,10,5,9,14,0,1,1,28,24,52,0,0,0,0,0,0,129,97,226,2021-08-31T22:00:00Z
05,85,Donji Martijanec,356,176,532,26,8,34,20,6,26,1,1,2,55,32,87,0,0,0,0,0,0,458,223,681,2021-08-31T22:00:00Z
06,104,Đelekovec,24,43,67,20,9,29,42,12,54,0,1,1,19,10,29,0,0,0,0,0,0,105,75,180,2021-08-31T22:00:00Z
06,107,Đurđevac,1343,1151,2494,85,40,125,70,45,115,12,13,25,87,80,167,0,0,0,12,4,16,1609,1333,2942,2021-08-31T22:00:00Z
06,115,Ferdinandovac,39,88,127,8,2,10,43,32,75,1,1,2,19,7,26,0,0,0,0,0,0,110,130,240,2021-08-31T22:00:00Z
06,122,Gola,182,148,330,12,2,14,92,38,130,0,2,2,5,24,29,0,0,0,1,0,1,292,214,506,2021-08-31T22:00:00Z
06,145,Hlebine,11,19,30,1,0,1,14,3,17,1,0,1,0,11,11,0,0,0,1,1,2,28,34,62,2021-08-31T22:00:00Z
06,194,Kloštar Podravski,185,161,346,18,13,31,40,37,77,0,1,1,36,61,97,0,0,0,1,1,2,280,274,554,2021-08-31T22:00:00Z
06,201,Koprivnica,7094,7538,14632,341,190,531,60,28,88,61,81,142,418,440,858,0,2,2,14,18,32,7988,8297,16285,2021-08-31T22:00:00Z
06,202,Koprivnički Bregi,53,75,128,16,5,21,24,8,32,0,1,1,32,10,42,0,0,0,0,0,0,125,99,224,2021-08-31T22:00:00Z
06,203,Koprivnički Ivanec,60,59,119,24,4,28,21,8,29,0,0,0,28,9,37,0,0,0,0,0,0,133,80,213,2021-08-31T22:00:00Z
06,214,Križevci,3300,3636,6936,167,98,265,232,187,419,11,27,38,239,225,464,0,0,0,11,7,18,3960,4180,8140,2021-08-31T22:00:00Z
06,227,Legrad,60,78,138,13,4,17,21,5,26,0,1,1,21,17,38,0,0,0,0,0,0,115,105,220,2021-08-31T22:00:00Z
06,270,Molve,219,113,332,7,9,16,59,32,91,1,2,3,38,19,57,0,0,0,2,1,3,326,176,502,2021-08-31T22:00:00Z
06,292,Novigrad Podravski,97,145,242,10,2,12,21,11,32,0,2,2,19,18,37,0,0,0,0,0,0,147,178,325,2021-08-31T22:00:00Z
06,324,Peteranec,73,38,111,16,4,20,20,8,28,0,1,1,28,14,42,0,0,0,0,0,0,137,65,202,2021-08-31T22:00:00Z
06,366,Rasinja,57,72,129,19,4,23,54,24,78,1,1,2,21,27,48,0,0,0,1,0,1,153,128,281,2021-08-31T22:00:00Z
06,405,Sokolovac,214,94,308,15,2,17,44,18,62,5,5,10,26,11,37,0,0,0,2,0,2,306,130,436,2021-08-31T22:00:00Z
06,439,Sveti Ivan Žabno,254,202,456,40,17,57,100,60,160,1,2,3,52,59,111,0,0,0,0,1,1,447,341,788,2021-08-31T22:00:00Z
06,442,Sveti Petar Orehovec,126,113,239,31,6,37,143,132,275,1,2,3,39,19,58,0,0,0,1,0,1,341,272,613,2021-08-31T22:00:00Z
06,490,Virje,283,228,511,29,12,41,43,22,65,4,1,5,33,35,68,0,0,0,2,1,3,394,299,693,2021-08-31T22:00:00Z
06,559,Kalinovac,391,98,489,4,1,5,9,2,11,0,0,0,8,7,15,0,0,0,1,0,1,413,108,521,2021-08-31T22:00:00Z
06,560,Kalnik,43,55,98,3,4,7,17,22,39,0,1,1,8,4,12,0,0,0,0,0,0,71,86,157,2021-08-31T22:00:00Z
06,561,Novo Virje,49,39,88,2,0,2,40,25,65,0,0,0,15,6,21,0,0,0,0,1,1,106,71,177,2021-08-31T22:00:00Z
06,616,Podravske Sesvete,98,115,213,3,5,8,23,14,37,2,0,2,8,8,16,0,0,0,0,1,1,134,143,277,2021-08-31T22:00:00Z
06,618,Gornja Reka,81,77,158,6,3,9,7,8,15,0,0,0,7,5,12,0,0,0,0,0,0,101,93,194,2021-08-31T22:00:00Z
06,96,Drnje,121,109,230,11,2,13,18,10,28,0,4,4,6,9,15,0,0,0,2,0,2,158,134,292,2021-08-31T22:00:00Z
07,105,Đulovac,293,63,356,8,7,15,36,16,52,2,3,5,116,29,145,0,0,0,0,0,0,455,118,573,2021-08-31T22:00:00Z
07,119,Garešnica,1081,1108,2189,58,30,88,62,36,98,15,21,36,105,132,237,0,0,0,1,4,5,1322,1331,2653,2021-08-31T22:00:00Z
07,139,Grubišno Polje,588,540,1128,32,24,56,112,44,156,4,7,11,70,73,143,0,0,0,3,3,6,809,691,1500,2021-08-31T22:00:00Z
07,144,Hercegovac,131,151,282,18,3,21,48,17,65,1,1,2,42,32,74,0,0,0,1,1,2,241,205,446,2021-08-31T22:00:00Z
07,161,Ivanska,134,104,238,5,3,8,48,13,61,2,3,5,84,25,109,0,0,0,2,1,3,275,149,424,2021-08-31T22:00:00Z
07,176,Kapela,89,90,179,3,3,6,48,26,74,0,1,1,22,10,32,0,0,0,2,0,2,164,130,294,2021-08-31T22:00:00Z
07,18,Berek,46,55,101,7,1,8,20,16,36,0,0,0,10,7,17,0,0,0,0,0,0,83,79,162,2021-08-31T22:00:00Z
07,199,Končanica,125,97,222,8,2,10,33,14,47,0,0,0,17,10,27,0,0,0,2,0,2,185,123,308,2021-08-31T22:00:00Z
07,24,Bjelovar,7141,6930,14071,300,181,481,202,99,301,51,93,144,431,526,957,1,0,1,17,13,30,8143,7842,15985,2021-08-31T22:00:00Z
07,287,Nova Rača,98,121,219,10,2,12,79,33,112,0,2,2,29,14,43,0,0,0,0,0,0,216,172,388,2021-08-31T22:00:00Z
07,375,Rovišće,202,226,428,24,10,34,50,35,85,1,3,4,22,40,62,0,0,0,0,1,1,299,315,614,2021-08-31T22:00:00Z
07,390,Sirač,267,168,435,11,2,13,12,4,16,1,1,2,18,9,27,0,0,0,0,2,2,309,186,495,2021-08-31T22:00:00Z
07,450,Štefanje,53,65,118,7,3,10,33,13,46,0,2,2,33,20,53,0,0,0,1,0,1,127,103,230,2021-08-31T22:00:00Z
07,478,Velika Pisanica,68,91,159,3,2,5,32,14,46,1,0,1,12,11,23,0,0,0,0,0,0,116,118,234,2021-08-31T22:00:00Z
07,480,Veliki Grđevac,158,145,303,10,5,15,71,30,101,1,1,2,74,25,99,0,0,0,1,0,1,315,206,521,2021-08-31T22:00:00Z
07,483,Veliko Trojstvo,69,127,196,15,4,19,15,14,29,0,0,0,45,20,65,0,0,0,0,0,0,144,165,309,2021-08-31T22:00:00Z
07,562,Severin,67,26,93,1,0,1,16,13,29,0,0,0,14,26,40,0,0,0,0,0,0,98,65,163,2021-08-31T22:00:00Z
07,564,Šandrovac,28,52,80,4,0,4,14,8,22,0,0,0,12,6,18,0,0,0,0,0,0,58,66,124,2021-08-31T22:00:00Z
07,565,Velika Trnovitica,58,61,119,7,2,9,32,23,55,1,0,1,21,10,31,0,0,0,1,1,2,120,97,217,2021-08-31T22:00:00Z
07,566,Zrinski Topolovac,12,26,38,2,1,3,32,18,50,0,0,0,4,1,5,0,0,0,0,1,1,50,47,97,2021-08-31T22:00:00Z
07,63,Čazma,1143,845,1988,54,17,71,57,41,98,7,11,18,106,65,171,0,0,0,3,1,4,1370,980,2350,2021-08-31T22:00:00Z
07,67,Daruvar,1469,1750,3219,78,52,130,44,21,65,15,19,34,140,180,320,0,0,0,4,5,9,1750,2027,3777,2021-08-31T22:00:00Z
07,71,Dežanovac,125,81,206,9,2,11,73,39,112,0,0,0,37,15,52,0,0,0,0,1,1,244,138,382,2021-08-31T22:00:00Z
08,117,Fužine,262,191,453,17,12,29,0,1,1,4,1,5,15,21,36,0,0,0,2,0,2,300,226,526,2021-08-31T22:00:00Z
08,170,Jelenje,282,256,538,95,47,142,7,1,8,24,9,33,60,41,101,0,0,0,3,3,6,471,357,828,2021-08-31T22:00:00Z
08,180,Kastav,1114,824,1938,120,63,183,4,1,5,54,10,64,110,88,198,2,0,2,6,5,11,1410,991,2401,2021-08-31T22:00:00Z
08,186,Klana,391,219,610,21,7,28,1,1,2,4,2,6,17,11,28,0,0,0,1,1,2,435,241,676,2021-08-31T22:00:00Z
08,209,Kraljevica,342,292,634,38,25,63,2,1,3,44,5,49,27,33,60,1,0,1,0,7,7,454,363,817,2021-08-31T22:00:00Z
08,215,Krk,1970,1364,3334,251,115,366,15,7,22,28,14,42,332,224,556,0,0,0,7,5,12,2603,1729,4332,2021-08-31T22:00:00Z
08,237,Lokve,113,89,202,14,6,20,0,0,0,0,2,2,11,10,21,0,0,0,0,0,0,138,107,245,2021-08-31T22:00:00Z
08,242,Lovran,446,628,1074,88,29,117,1,1,2,11,11,22,45,60,105,0,0,0,3,9,12,594,738,1332,2021-08-31T22:00:00Z
08,252,Mali Lošinj,1593,1642,3235,235,80,315,21,8,29,30,16,46,217,217,434,0,0,0,9,4,13,2105,1967,4072,2021-08-31T22:00:00Z
08,253,Malinska-Dubašnica,544,842,1386,143,65,208,6,10,16,13,4,17,185,188,373,0,0,0,6,3,9,897,1112,2009,2021-08-31T22:00:00Z
08,261,Matulji,1447,1083,2530,215,122,337,14,6,20,44,16,60,166,183,349,0,0,0,5,12,17,1891,1422,3313,2021-08-31T22:00:00Z
08,273,Mošćenička Draga,119,94,213,53,17,70,0,1,1,3,2,5,52,37,89,0,0,0,3,4,7,230,155,385,2021-08-31T22:00:00Z
08,275,Mrkopalj,65,47,112,17,2,19,2,0,2,2,0,2,10,11,21,0,0,0,1,1,2,97,61,158,2021-08-31T22:00:00Z
08,290,Novi Vinodolski,525,473,998,113,59,172,5,4,9,12,7,19,133,94,227,0,0,0,3,4,7,791,641,1432,2021-08-31T22:00:00Z
08,301,Omišalj,645,459,1104,85,26,111,0,0,0,17,5,22,90,51,141,0,0,0,0,2,2,837,543,1380,2021-08-31T22:00:00Z
08,302,Opatija,2270,2858,5128,200,101,301,6,6,12,51,29,80,111,154,265,0,1,1,9,15,24,2647,3164,5811,2021-08-31T22:00:00Z
08,360,Punat,335,184,519,71,25,96,4,0,4,7,2,9,91,62,153,0,0,0,1,1,2,509,274,783,2021-08-31T22:00:00Z
08,363,Rab,1022,1218,2240,331,96,427,13,5,18,13,12,25,336,270,606,0,0,0,5,11,16,1720,1612,3332,2021-08-31T22:00:00Z
08,369,Ravna Gora,277,304,581,29,12,41,2,0,2,3,1,4,39,23,62,0,0,0,1,2,3,351,342,693,2021-08-31T22:00:00Z
08,373,Rijeka,27320,28187,55507,1241,1038,2279,24,17,41,1027,358,1385,933,1266,2199,5,0,5,94,121,215,30644,30987,61631,2021-08-31T22:00:00Z
08,38,Brod Moravice,44,40,84,10,1,11,0,0,0,0,1,1,20,8,28,0,0,0,1,0,1,75,50,125,2021-08-31T22:00:00Z
08,393,Skrad,42,50,92,4,3,7,1,1,2,1,1,2,1,8,9,0,0,0,0,0,0,49,63,112,2021-08-31T22:00:00Z
08,4,Bakar,1966,968,2934,60,40,100,2,0,2,74,10,84,79,71,150,0,0,0,3,10,13,2184,1099,3283,2021-08-31T22:00:00Z
08,488,Vinodolska Općina,182,160,342,59,20,79,2,0,2,9,1,10,41,16,57,1,0,1,0,1,1,294,198,492,2021-08-31T22:00:00Z
08,495,Viškovo,1686,1105,2791,196,105,301,7,4,11,66,16,82,156,136,292,0,0,0,8,9,17,2119,1375,3494,2021-08-31T22:00:00Z
08,507,Vrbnik,146,112,258,33,12,45,10,2,12,2,0,2,41,34,75,0,0,0,1,1,2,233,161,394,2021-08-31T22:00:00Z
08,509,Vrbovsko,338,287,625,61,20,81,5,3,8,1,5,6,75,48,123,0,0,0,1,0,1,481,363,844,2021-08-31T22:00:00Z
08,52,Cres,547,484,1031,90,35,125,11,3,14,8,3,11,90,115,205,0,0,0,4,2,6,750,642,1392,2021-08-31T22:00:00Z
08,53,Crikvenica,1300,1764,3064,255,137,392,6,2,8,41,23,64,268,220,488,0,0,0,5,9,14,1875,2155,4030,2021-08-31T22:00:00Z
08,538,Kostrena,431,283,714,42,22,64,2,0,2,73,7,80,18,27,45,0,0,0,1,4,5,567,343,910,2021-08-31T22:00:00Z
08,55,Čabar,333,280,613,56,18,74,2,4,6,5,0,5,149,52,201,0,0,0,0,3,3,545,357,902,2021-08-31T22:00:00Z
08,61,Čavle,654,512,1166,88,51,139,0,2,2,28,10,38,104,82,186,0,0,0,3,2,5,877,659,1536,2021-08-31T22:00:00Z
08,624,Lopar,65,44,109,46,6,52,0,0,0,1,0,1,64,61,125,0,0,0,0,1,1,176,112,288,2021-08-31T22:00:00Z
08,69,Delnice,1137,760,1897,73,47,120,6,1,7,10,13,23,77,97,174,0,0,0,1,6,7,1304,924,2228,2021-08-31T22:00:00Z
08,74,Dobrinj,140,95,235,51,26,77,1,2,3,3,2,5,103,61,164,0,0,0,1,1,2,299,187,486,2021-08-31T22:00:00Z
08,8,Baška,279,271,550,88,47,135,7,2,9,5,3,8,80,84,164,0,0,0,5,3,8,464,410,874,2021-08-31T22:00:00Z
09,130,Gospić,2262,2327,4589,107,61,168,71,39,110,11,9,20,147,159,306,0,0,0,11,7,18,2609,2602,5211,2021-08-31T22:00:00Z
09,178,Karlobag,96,101,197,11,6,17,7,1,8,2,0,2,10,5,15,0,0,0,1,0,1,127,113,240,2021-08-31T22:00:00Z
09,240,Lovinac,182,78,260,1,0,1,2,2,4,1,0,1,1,2,3,0,0,0,0,0,0,187,82,269,2021-08-31T22:00:00Z
09,288,Novalja,811,643,1454,147,43,190,20,7,27,3,5,8,189,108,297,0,0,0,2,7,9,1172,813,1985,2021-08-31T22:00:00Z
09,313,Otočac,859,906,1765,93,42,135,57,27,84,8,6,14,120,122,242,0,0,0,1,5,6,1138,1108,2246,2021-08-31T22:00:00Z
09,323,Perušić,352,244,596,20,10,30,31,22,53,0,1,1,21,25,46,0,0,0,0,0,0,424,302,726,2021-08-31T22:00:00Z
09,37,Brinje,369,242,611,23,6,29,9,6,15,0,1,1,14,24,38,0,0,0,0,1,1,415,280,695,2021-08-31T22:00:00Z
09,387,Senj,744,654,1398,109,55,164,5,5,10,15,7,22,121,142,263,0,0,0,6,5,11,1000,868,1868,2021-08-31T22:00:00Z
09,455,Plitvička Jezera,735,764,1499,44,23,67,60,14,74,2,5,7,203,151,354,0,0,0,1,0,1,1045,957,2002,2021-08-31T22:00:00Z
09,467,Udbina,135,134,269,10,6,16,36,10,46,0,0,0,19,15,34,0,0,0,4,0,4,204,165,369,2021-08-31T22:00:00Z
09,512,Vrhovine,98,40,138,3,3,6,7,1,8,0,0,0,3,4,7,0,0,0,0,0,0,111,48,159,2021-08-31T22:00:00Z
09,84,Donji Lapac,108,80,188,6,4,10,23,8,31,0,0,0,12,5,17,0,0,0,0,0,0,149,97,246,2021-08-31T22:00:00Z
10,136,Gradina,86,90,176,13,6,19,129,40,169,2,0,2,42,28,70,0,0,0,0,0,0,272,164,436,2021-08-31T22:00:00Z
10,245,Lukač,224,115,339,12,5,17,42,16,58,1,0,1,64,28,92,0,0,0,0,0,0,343,164,507,2021-08-31T22:00:00Z
10,266,Mikleuš,77,49,126,9,1,10,16,7,23,0,0,0,11,12,23,0,0,0,0,0,0,113,69,182,2021-08-31T22:00:00Z
10,283,Nova Bukovica,41,43,84,8,5,13,37,6,43,1,0,1,24,17,41,0,0,0,1,0,1,112,71,183,2021-08-31T22:00:00Z
10,307,Orahovica,958,680,1638,60,40,100,12,3,15,10,11,21,103,105,208,0,0,0,3,5,8,1146,844,1990,2021-08-31T22:00:00Z
10,332,Pitomača,655,660,1315,78,44,122,160,86,246,1,7,8,224,194,418,0,0,0,2,1,3,1120,992,2112,2021-08-31T22:00:00Z
10,395,Slatina,1426,1458,2884,150,72,222,133,39,172,13,22,35,216,257,473,0,0,0,4,8,12,1942,1856,3798,2021-08-31T22:00:00Z
10,407,Sopje,149,44,193,4,1,5,88,22,110,0,0,0,20,20,40,0,0,0,0,0,0,261,87,348,2021-08-31T22:00:00Z
10,424,Suhopolje,255,274,529,25,19,44,101,41,142,1,1,2,63,48,111,0,0,0,4,0,4,449,383,832,2021-08-31T22:00:00Z
10,449,Špišić Bukovica,143,152,295,20,8,28,165,61,226,1,2,3,36,59,95,0,0,0,1,3,4,366,285,651,2021-08-31T22:00:00Z
10,491,Virovitica,3926,3961,7887,182,100,282,100,27,127,31,22,53,400,381,781,0,0,0,9,9,18,4648,4500,9148,2021-08-31T22:00:00Z
10,499,Voćin,151,103,254,10,3,13,28,33,61,0,0,0,11,6,17,0,0,0,0,0,0,200,145,345,2021-08-31T22:00:00Z
10,524,Zdenci,128,79,207,10,3,13,19,6,25,0,2,2,13,14,27,0,0,0,1,2,3,171,106,277,2021-08-31T22:00:00Z
10,54,Crnac,29,37,66,16,3,19,18,6,24,0,1,1,21,11,32,0,0,0,0,0,0,84,58,142,2021-08-31T22:00:00Z
10,56,Čačinci,164,104,268,20,11,31,19,10,29,0,4,4,24,30,54,0,0,0,1,1,2,228,160,388,2021-08-31T22:00:00Z
10,57,Čađavica,126,99,225,15,9,24,66,20,86,0,0,0,47,28,75,0,0,0,1,0,1,255,156,411,2021-08-31T22:00:00Z
11,164,Jakšić,134,146,280,27,3,30,24,6,30,0,2,2,60,15,75,0,0,0,0,0,0,245,172,417,2021-08-31T22:00:00Z
11,177,Kaptol,88,98,186,16,2,18,22,3,25,0,1,1,44,8,52,0,0,0,0,1,1,170,113,283,2021-08-31T22:00:00Z
11,221,Kutjevo,590,417,1007,49,18,67,63,28,91,2,2,4,82,77,159,0,0,0,7,2,9,793,544,1337,2021-08-31T22:00:00Z
11,231,Lipik,781,611,1392,30,14,44,22,11,33,3,9,12,55,54,109,0,0,0,2,0,2,893,699,1592,2021-08-31T22:00:00Z
11,318,Pakrac,618,1102,1720,84,29,113,49,19,68,14,17,31,177,97,274,0,0,0,3,1,4,945,1265,2210,2021-08-31T22:00:00Z
11,334,Pleternica,614,424,1038,80,25,105,56,15,71,3,5,8,161,124,285,0,0,0,2,5,7,916,598,1514,2021-08-31T22:00:00Z
11,35,Brestovac,125,127,252,15,3,18,16,3,19,1,1,2,24,11,35,0,0,0,0,1,1,181,146,327,2021-08-31T22:00:00Z
11,351,Požega,5237,4328,9565,307,153,460,120,39,159,39,108,147,441,381,822,0,1,1,9,20,29,6153,5030,11183,2021-08-31T22:00:00Z
11,475,Velika,316,302,618,21,12,33,23,4,27,2,3,5,48,39,87,0,0,0,0,0,0,410,360,770,2021-08-31T22:00:00Z
11,58,Čaglin,98,174,272,9,2,11,19,6,25,0,1,1,14,11,25,0,0,0,0,0,0,140,194,334,2021-08-31T22:00:00Z
12,10,Bebrina,39,52,91,9,7,16,15,7,22,2,0,2,12,7,19,0,0,0,0,0,0,77,73,150,2021-08-31T22:00:00Z
12,118,Garčin,134,207,341,31,10,41,29,15,44,0,0,0,21,20,41,0,0,0,1,0,1,216,252,468,2021-08-31T22:00:00Z
12,127,Gornji Bogićevci,51,40,91,10,2,12,8,2,10,0,0,0,14,20,34,0,0,0,0,0,0,83,64,147,2021-08-31T22:00:00Z
12,140,Gundinci,80,66,146,11,3,14,50,24,74,0,0,0,18,8,26,0,0,0,1,0,1,160,101,261,2021-08-31T22:00:00Z
12,185,Klakar,77,61,138,15,3,18,21,4,25,0,1,1,14,16,30,0,0,0,1,0,1,128,85,213,2021-08-31T22:00:00Z
12,284,Nova Gradiška,2141,2114,4255,143,91,234,26,18,44,24,21,45,266,312,578,0,0,0,3,2,5,2603,2558,5161,2021-08-31T22:00:00Z
12,285,Nova Kapela,155,192,347,20,15,35,22,6,28,2,3,5,53,56,109,0,0,0,1,1,2,253,273,526,2021-08-31T22:00:00Z
12,299,Okučani,239,150,389,29,6,35,11,1,12,0,1,1,43,27,70,0,0,0,1,4,5,323,189,512,2021-08-31T22:00:00Z
12,303,Oprisavci,262,174,436,9,0,9,33,10,43,1,0,1,8,16,24,0,0,0,0,0,0,313,200,513,2021-08-31T22:00:00Z
12,309,Oriovac,289,277,566,38,20,58,18,10,28,2,3,5,69,55,124,0,0,0,0,2,2,416,367,783,2021-08-31T22:00:00Z
12,338,Podcrkavlje,39,34,73,16,0,16,8,4,12,0,1,1,24,5,29,0,0,0,0,0,0,87,44,131,2021-08-31T22:00:00Z
12,372,Rešetari,215,225,440,36,9,45,20,9,29,3,1,4,95,45,140,0,0,0,0,1,1,369,290,659,2021-08-31T22:00:00Z
12,388,Sibinj,123,223,346,55,18,73,16,1,17,0,0,0,56,38,94,0,0,0,2,2,4,252,282,534,2021-08-31T22:00:00Z
12,39,Brodski Stupnik,69,85,154,16,9,25,9,3,12,1,1,2,80,35,115,0,0,0,0,0,0,175,133,308,2021-08-31T22:00:00Z
12,396,Slavonski Brod,13492,9345,22837,610,341,951,43,34,77,77,89,166,980,959,1939,1,0,1,18,16,34,15221,10784,26005,2021-08-31T22:00:00Z
12,397,Slavonski Šamac,61,47,108,8,4,12,17,8,25,0,1,1,12,5,17,0,0,0,0,0,0,98,65,163,2021-08-31T22:00:00Z
12,412,Stara Gradiška,143,76,219,4,1,5,8,3,11,0,0,0,22,7,29,0,0,0,0,0,0,177,87,264,2021-08-31T22:00:00Z
12,418,Staro Petrovo Selo,202,155,357,33,8,41,41,16,57,1,1,2,90,47,137,0,0,0,0,1,1,367,228,595,2021-08-31T22:00:00Z
12,46,Cernik,159,216,375,31,12,43,9,6,15,3,2,5,57,25,82,0,0,0,0,1,1,259,262,521,2021-08-31T22:00:00Z
12,476,Velika Kopanica,188,104,292,27,8,35,29,17,46,1,1,2,32,31,63,0,0,0,2,2,4,279,163,442,2021-08-31T22:00:00Z
12,506,Vrbje,31,33,64,9,1,10,19,2,21,0,0,0,28,27,55,0,0,0,0,1,1,87,64,151,2021-08-31T22:00:00Z
12,514,Vrpolje,188,116,304,23,6,29,42,15,57,0,2,2,20,14,34,0,0,0,0,0,0,273,153,426,2021-08-31T22:00:00Z
12,567,Bukovlje,102,50,152,15,9,24,0,0,0,1,0,1,11,16,27,0,0,0,0,0,0,129,75,204,2021-08-31T22:00:00Z
12,568,Dragalić,37,59,96,7,1,8,7,2,9,0,0,0,5,6,11,0,0,0,0,1,1,56,69,125,2021-08-31T22:00:00Z
12,569,Gornja Vrba,387,312,699,13,2,15,1,0,1,0,1,1,24,14,38,0,0,0,0,1,1,425,330,755,2021-08-31T22:00:00Z
12,570,Sikirevci,44,44,88,19,4,23,39,13,52,0,0,0,14,9,23,0,0,0,1,1,2,117,71,188,2021-08-31T22:00:00Z
12,68,Davor,118,102,220,12,6,18,16,4,20,0,0,0,15,17,32,0,0,0,0,0,0,161,129,290,2021-08-31T22:00:00Z
12,81,Donji Andrijevci,169,107,276,22,11,33,19,5,24,1,1,2,29,17,46,0,0,0,0,2,2,240,143,383,2021-08-31T22:00:00Z
13,131,Gračac,239,266,505,23,17,40,63,24,87,2,1,3,39,43,82,0,0,0,0,2,2,366,353,719,2021-08-31T22:00:00Z
13,167,Jasenice,148,78,226,17,0,17,5,3,8,1,0,1,13,11,24,0,0,0,0,0,0,184,92,276,2021-08-31T22:00:00Z
13,17,Benkovac,1161,1032,2193,92,38,130,92,50,142,10,9,19,198,131,329,0,0,0,5,5,10,1558,1265,2823,2021-08-31T22:00:00Z
13,173,Kali,302,122,424,24,14,38,3,1,4,19,1,20,59,29,88,0,0,0,0,1,1,407,168,575,2021-08-31T22:00:00Z
13,20,Bibinje,198,205,403,56,24,80,4,0,4,2,2,4,79,83,162,0,0,0,0,3,3,339,317,656,2021-08-31T22:00:00Z
13,22,Biograd Na Moru,1156,1467,2623,146,82,228,26,17,43,15,8,23,191,261,452,0,0,0,4,7,11,1538,1842,3380,2021-08-31T22:00:00Z
13,234,Lišane Ostrovičke,24,32,56,8,2,10,1,0,1,0,0,0,8,5,13,0,0,0,0,0,0,41,39,80,2021-08-31T22:00:00Z
13,282,Nin,547,465,1012,55,17,72,9,4,13,4,3,7,77,61,138,0,0,0,1,0,1,693,550,1243,2021-08-31T22:00:00Z
13,296,Obrovac,327,222,549,32,12,44,29,7,36,3,2,5,19,38,57,0,0,0,4,4,8,414,285,699,2021-08-31T22:00:00Z
13,316,Pag,517,487,1004,85,37,122,27,9,36,7,6,13,86,69,155,0,0,0,4,1,5,726,609,1335,2021-08-31T22:00:00Z
13,317,Pakoštane,375,362,737,75,25,100,8,11,19,10,2,12,120,88,208,0,0,0,3,0,3,591,488,1079,2021-08-31T22:00:00Z
13,320,Pašman,108,108,216,45,17,62,3,3,6,14,0,14,50,31,81,0,0,0,2,1,3,222,160,382,2021-08-31T22:00:00Z
13,344,Polača,106,59,165,18,7,25,3,2,5,3,0,3,12,17,29,0,0,0,1,2,3,143,87,230,2021-08-31T22:00:00Z
13,345,Poličnik,401,327,728,46,6,52,9,6,15,6,1,7,41,24,65,0,0,0,1,0,1,504,364,868,2021-08-31T22:00:00Z
13,349,Posedarje,139,197,336,30,14,44,5,8,13,9,1,10,31,42,73,0,0,0,2,2,4,216,264,480,2021-08-31T22:00:00Z
13,354,Preko,273,454,727,47,15,62,5,5,10,30,2,32,50,37,87,0,0,0,1,3,4,406,516,922,2021-08-31T22:00:00Z
13,371,Ražanac,94,107,201,29,9,38,6,7,13,9,1,10,31,23,54,0,0,0,4,1,5,173,148,321,2021-08-31T22:00:00Z
13,379,Sali,186,169,355,50,19,69,6,2,8,7,2,9,57,49,106,0,0,0,1,0,1,307,241,548,2021-08-31T22:00:00Z
13,411,Stankovci,239,166,405,27,4,31,4,3,7,0,1,1,33,19,52,0,0,0,0,2,2,303,195,498,2021-08-31T22:00:00Z
13,416,Starigrad,170,212,382,53,31,84,7,2,9,3,0,3,49,66,115,0,0,0,1,2,3,283,313,596,2021-08-31T22:00:00Z
13,425,Sukošan,378,306,684,60,22,82,11,4,15,3,1,4,59,61,120,0,0,0,1,3,4,512,397,909,2021-08-31T22:00:00Z
13,428,Sveti Filip I Jakov,214,355,569,52,27,79,8,2,10,13,3,16,52,48,100,0,0,0,0,0,0,339,435,774,2021-08-31T22:00:00Z
13,445,Škabrnje,69,75,144,26,3,29,2,1,3,4,1,5,14,5,19,0,0,0,1,1,2,116,86,202,2021-08-31T22:00:00Z
13,489,Vir,305,285,590,54,19,73,2,2,4,2,1,3,40,53,93,0,0,0,3,1,4,406,361,767,2021-08-31T22:00:00Z
13,520,Zadar,14821,16200,31021,1100,611,1711,47,28,75,715,218,933,1402,1534,2936,3,0,3,107,58,165,18195,18649,36844,2021-08-31T22:00:00Z
13,525,Zemunik Donji,146,217,363,18,4,22,2,2,4,0,0,0,25,8,33,0,0,0,0,1,1,191,232,423,2021-08-31T22:00:00Z
13,537,Novigrad,66,107,173,27,3,30,4,4,8,2,1,3,30,16,46,0,0,0,1,3,4,130,134,264,2021-08-31T22:00:00Z
13,571,Galovac,26,61,87,9,1,10,4,4,8,4,2,6,8,12,20,0,0,0,0,2,2,51,82,133,2021-08-31T22:00:00Z
13,572,Kukljica,44,46,90,18,2,20,1,0,1,3,1,4,40,14,54,0,0,0,1,0,1,107,63,170,2021-08-31T22:00:00Z
13,573,Povljana,47,36,83,18,3,21,5,2,7,2,0,2,7,13,20,0,0,0,0,1,1,79,55,134,2021-08-31T22:00:00Z
13,574,Privlaka,111,129,240,22,19,41,0,2,2,10,0,10,23,17,40,0,0,0,6,2,8,172,169,341,2021-08-31T22:00:00Z
13,575,Tkon,87,93,180,25,8,33,2,2,4,3,0,3,50,25,75,0,0,0,1,1,2,168,129,297,2021-08-31T22:00:00Z
13,622,Kolan,144,108,252,23,8,31,4,2,6,0,0,0,29,20,49,0,0,0,0,0,0,200,138,338,2021-08-31T22:00:00Z
13,625,Vrsi,90,57,147,15,5,20,5,3,8,13,0,13,25,27,52,0,0,0,5,2,7,153,94,247,2021-08-31T22:00:00Z
14,103,Đakovo,2816,2884,5700,486,211,697,196,92,288,31,42,73,719,599,1318,0,0,0,12,12,24,4260,3840,8100,2021-08-31T22:00:00Z
14,106,Đurđenovac,541,537,1078,42,11,53,20,15,35,0,5,5,70,49,119,0,0,0,3,0,3,676,617,1293,2021-08-31T22:00:00Z
14,110,Erdut,308,234,542,38,16,54,58,15,73,2,6,8,58,40,98,0,0,0,2,1,3,466,312,778,2021-08-31T22:00:00Z
14,111,Ernestinovo,67,196,263,6,1,7,27,9,36,2,1,3,11,12,23,0,0,0,1,0,1,114,219,333,2021-08-31T22:00:00Z
14,116,Feričanci,130,120,250,25,4,29,3,0,3,0,1,1,42,16,58,0,0,0,0,0,0,200,141,341,2021-08-31T22:00:00Z
14,124,Gorjani,125,182,307,17,4,21,16,8,24,0,0,0,13,5,18,0,0,0,0,0,0,171,199,370,2021-08-31T22:00:00Z
14,13,Beli Manastir,1109,1126,2235,77,38,115,57,31,88,8,10,18,121,102,223,0,0,0,3,1,4,1375,1308,2683,2021-08-31T22:00:00Z
14,16,Belišće,1650,679,2329,71,30,101,29,7,36,1,10,11,89,102,191,0,0,0,2,4,6,1842,832,2674,2021-08-31T22:00:00Z
14,195,Kneževi Vinogradi,230,279,509,32,7,39,37,6,43,1,2,3,63,73,136,0,0,0,0,0,0,363,367,730,2021-08-31T22:00:00Z
14,2,Antunovac,174,139,313,31,11,42,14,7,21,1,0,1,15,12,27,0,0,0,0,0,0,235,169,404,2021-08-31T22:00:00Z
14,205,Koška,185,169,354,26,5,31,30,8,38,2,2,4,37,27,64,0,0,0,2,0,2,282,211,493,2021-08-31T22:00:00Z
14,21,Bilje,294,316,610,46,19,65,19,12,31,3,5,8,55,48,103,0,0,0,0,2,2,417,402,819,2021-08-31T22:00:00Z
14,23,Bizovac,244,257,501,27,11,38,25,11,36,2,4,6,26,37,63,0,0,0,0,1,1,324,321,645,2021-08-31T22:00:00Z
14,230,Levanjska Varoš,42,51,93,3,2,5,11,8,19,0,0,0,2,4,6,0,0,0,0,1,1,58,66,124,2021-08-31T22:00:00Z
14,257,Marijanci,104,74,178,7,5,12,12,2,14,0,1,1,20,21,41,0,0,0,1,1,2,144,104,248,2021-08-31T22:00:00Z
14,271,Moslavina Podravska,27,40,67,4,2,6,17,6,23,0,0,0,12,10,22,0,0,0,0,0,0,60,58,118,2021-08-31T22:00:00Z
14,278,Našice,2210,1849,4059,174,86,260,55,20,75,23,30,53,292,219,511,0,0,0,7,3,10,2761,2207,4968,2021-08-31T22:00:00Z
14,312,Osijek,23732,22144,45876,905,643,1548,102,45,147,179,186,365,812,1135,1947,1,0,1,39,41,80,25770,24194,49964,2021-08-31T22:00:00Z
14,325,Petlovac,59,51,110,4,4,8,15,0,15,0,0,0,14,8,22,0,0,0,0,0,0,92,63,155,2021-08-31T22:00:00Z
14,327,Petrijevci,300,234,534,21,3,24,6,4,10,0,0,0,15,8,23,0,0,0,2,2,4,344,251,595,2021-08-31T22:00:00Z
14,340,Podgorač,103,128,231,26,6,32,27,5,32,1,2,3,22,36,58,0,0,0,0,0,0,179,177,356,2021-08-31T22:00:00Z
14,346,Popovac,57,60,117,2,3,5,5,6,11,0,0,0,5,7,12,0,0,0,0,0,0,69,76,145,2021-08-31T22:00:00Z
14,361,Punitovci,49,51,100,22,3,25,17,4,21,0,0,0,34,8,42,0,0,0,0,0,0,122,66,188,2021-08-31T22:00:00Z
14,381,Satnica Đakovačka,124,92,216,22,6,28,10,2,12,0,0,0,44,32,76,0,0,0,0,0,0,200,132,332,2021-08-31T22:00:00Z
14,386,Semeljci,246,207,453,47,16,63,56,26,82,1,1,2,75,41,116,0,0,0,0,0,0,425,291,716,2021-08-31T22:00:00Z
14,421,Strizivojna,311,291,602,19,8,27,20,3,23,0,0,0,19,11,30,0,0,0,1,1,2,370,314,684,2021-08-31T22:00:00Z
14,461,Trnava,56,87,143,8,3,11,13,6,19,0,0,0,13,3,16,0,0,0,0,0,0,90,99,189,2021-08-31T22:00:00Z
14,471,Valpovo,880,1137,2017,75,57,132,47,19,66,15,24,39,85,111,196,0,0,0,7,6,13,1109,1354,2463,2021-08-31T22:00:00Z
14,485,Viljevo,36,73,109,11,0,11,25,5,30,0,1,1,20,7,27,0,0,0,0,1,1,92,87,179,2021-08-31T22:00:00Z
14,494,Viškovci,221,218,439,24,6,30,18,5,23,0,0,0,21,6,27,0,0,0,1,0,1,285,235,520,2021-08-31T22:00:00Z
14,517,Vuka,43,67,110,14,2,16,16,5,21,0,0,0,20,11,31,0,0,0,0,0,0,93,85,178,2021-08-31T22:00:00Z
14,576,Donja Motičina,25,59,84,9,3,12,1,1,2,0,0,0,14,5,19,0,0,0,0,0,0,49,68,117,2021-08-31T22:00:00Z
14,578,Magadenovac,98,120,218,5,2,7,30,10,40,0,1,1,17,21,38,0,0,0,0,0,0,150,154,304,2021-08-31T22:00:00Z
14,579,Vladislavci,129,118,247,3,0,3,8,4,12,0,0,0,6,5,11,0,0,0,0,0,0,146,127,273,2021-08-31T22:00:00Z
14,609,Jagodnjak,152,79,231,8,2,10,23,5,28,0,0,0,9,3,12,0,0,0,0,0,0,192,89,281,2021-08-31T22:00:00Z
14,614,Šodolovci,32,34,66,0,0,0,0,0,0,0,0,0,8,5,13,0,0,0,0,0,0,40,39,79,2021-08-31T22:00:00Z
14,64,Čeminac,78,93,171,11,0,11,4,2,6,0,0,0,16,9,25,0,0,0,0,0,0,109,104,213,2021-08-31T22:00:00Z
14,65,Čepin,679,507,1186,96,28,124,52,25,77,4,6,10,152,97,249,0,0,0,3,5,8,986,668,1654,2021-08-31T22:00:00Z
14,66,Darda,1834,973,2807,56,30,86,35,4,39,2,4,6,63,58,121,0,0,0,1,2,3,1991,1071,3062,2021-08-31T22:00:00Z
14,86,Donji Miholjac,1180,981,2161,94,49,143,157,39,196,5,17,22,159,119,278,0,0,0,1,3,4,1596,1208,2804,2021-08-31T22:00:00Z
14,91,Draž,86,130,216,10,3,13,16,7,23,0,0,0,9,11,20,0,0,0,0,1,1,121,152,273,2021-08-31T22:00:00Z
14,94,Drenje,101,140,241,34,7,41,51,18,69,0,1,1,15,22,37,0,0,0,0,0,0,201,188,389,2021-08-31T22:00:00Z
15,113,Ervenik,61,49,110,1,0,1,3,1,4,0,0,0,3,1,4,0,0,0,0,0,0,68,51,119,2021-08-31T22:00:00Z
15,183,Kijevo,38,34,72,2,0,2,0,0,0,0,0,0,0,0,0,0,0,0,0,0,0,40,34,74,2021-08-31T22:00:00Z
15,184,Kistanje,66,74,140,27,8,35,1,1,2,1,0,1,31,18,49,0,0,0,0,0,0,126,101,227,2021-08-31T22:00:00Z
15,196,Knin,1510,1467,2977,133,71,204,56,13,69,31,4,35,124,152,276,0,0,0,4,3,7,1858,1710,3568,2021-08-31T22:00:00Z
15,298,Promina,111,88,199,2,1,3,1,2,3,0,0,0,0,1,1,0,0,0,0,0,0,114,92,206,2021-08-31T22:00:00Z
15,310,Biskupija,101,30,131,2,0,2,2,1,3,1,0,1,0,0,0,0,0,0,0,0,0,106,31,137,2021-08-31T22:00:00Z
15,357,Primošten,325,355,680,114,36,150,5,2,7,9,0,9,128,96,224,0,1,1,0,2,2,581,492,1073,2021-08-31T22:00:00Z
15,377,Ružić,40,47,87,4,1,5,5,7,12,0,0,0,1,7,8,0,0,0,0,0,0,50,62,112,2021-08-31T22:00:00Z
15,394,Skradin,129,183,312,52,20,72,20,8,28,3,2,5,42,49,91,0,0,0,0,0,0,246,262,508,2021-08-31T22:00:00Z
15,444,Šibenik,8081,8569,16650,684,364,1048,39,15,54,188,96,284,653,758,1411,0,0,0,17,23,40,9662,9825,19487,2021-08-31T22:00:00Z
15,454,Tisno,367,302,669,117,43,160,3,0,3,9,3,12,93,85,178,0,0,0,1,1,2,590,434,1024,2021-08-31T22:00:00Z
15,469,Unešić,46,60,106,8,1,9,4,1,5,1,0,1,17,5,22,0,0,0,0,0,0,76,67,143,2021-08-31T22:00:00Z
15,500,Vodice,927,1158,2085,288,110,398,14,3,17,11,10,21,278,196,474,0,0,0,5,6,11,1523,1483,3006,2021-08-31T22:00:00Z
15,51,Civljane,52,9,61,1,2,3,0,0,0,0,0,0,3,3,6,0,0,0,0,0,0,56,14,70,2021-08-31T22:00:00Z
15,581,Pirovac,145,155,300,41,18,59,5,2,7,2,2,4,47,46,93,0,0,0,0,0,0,240,223,463,2021-08-31T22:00:00Z
15,582,Rogoznica,266,261,527,57,16,73,2,1,3,10,1,11,64,74,138,0,0,0,0,0,0,399,353,752,2021-08-31T22:00:00Z
15,617,Murter,302,325,627,73,39,112,5,1,6,19,3,22,136,95,231,0,0,0,2,1,3,537,464,1001,2021-08-31T22:00:00Z
15,621,Bilice,81,47,128,25,8,33,0,0,0,9,0,9,22,14,36,0,0,0,0,0,0,137,69,206,2021-08-31T22:00:00Z
15,626,Tribunj,94,101,195,26,21,47,1,0,1,3,0,3,66,43,109,0,0,0,0,0,0,190,165,355,2021-08-31T22:00:00Z
15,95,Drniš,924,623,1547,69,54,123,49,19,68,7,8,15,91,93,184,0,0,0,1,1,2,1141,798,1939,2021-08-31T22:00:00Z
16,1,Andrijaševci,62,122,184,25,12,37,13,5,18,2,1,3,36,35,71,0,0,0,0,1,1,138,176,314,2021-08-31T22:00:00Z
16,137,Gradište,97,94,191,16,4,20,33,5,38,0,1,1,12,17,29,0,0,0,0,1,1,158,122,280,2021-08-31T22:00:00Z
16,141,Gunja,192,123,315,30,10,40,40,15,55,2,1,3,38,9,47,0,0,0,1,3,4,303,161,464,2021-08-31T22:00:00Z
16,154,Ilok,456,570,1026,67,23,90,51,17,68,1,3,4,109,102,211,0,0,0,0,2,2,684,717,1401,2021-08-31T22:00:00Z
16,159,Ivankovo,332,448,780,70,29,99,52,14,66,1,5,6,123,75,198,0,0,0,2,1,3,580,572,1152,2021-08-31T22:00:00Z
16,166,Jarmina,28,95,123,14,7,21,24,10,34,0,1,1,24,12,36,0,0,0,0,3,3,90,128,218,2021-08-31T22:00:00Z
16,239,Lovas,64,61,125,5,0,5,14,0,14,1,0,1,4,6,10,0,0,0,0,0,0,88,67,155,2021-08-31T22:00:00Z
16,26,Bogdanovci,29,24,53,3,0,3,8,4,12,0,0,0,18,3,21,0,0,0,0,0,0,58,31,89,2021-08-31T22:00:00Z
16,29,Borovo,78,107,185,45,13,58,27,5,32,2,3,5,59,67,126,0,0,0,3,1,4,214,196,410,2021-08-31T22:00:00Z
16,294,Nuštar,239,319,558,36,18,54,26,7,33,1,2,3,38,31,69,0,0,0,1,1,2,341,378,719,2021-08-31T22:00:00Z
16,295,Nijemci,199,224,423,23,7,30,87,27,114,1,1,2,48,28,76,0,0,0,1,3,4,359,290,649,2021-08-31T22:00:00Z
16,3,Babina Greda,137,150,287,31,13,44,80,27,107,3,0,3,30,37,67,0,0,0,0,0,0,281,227,508,2021-08-31T22:00:00Z
16,32,Bošnjaci,132,130,262,24,6,30,37,7,44,2,0,2,35,33,68,0,0,0,0,0,0,230,176,406,2021-08-31T22:00:00Z
16,414,Stari Jankovci,138,166,304,21,4,25,42,8,50,1,0,1,33,15,48,0,0,0,0,1,1,235,194,429,2021-08-31T22:00:00Z
16,415,Stari Mikanovci,103,139,242,18,9,27,21,12,33,2,1,3,29,33,62,0,0,0,0,0,0,173,194,367,2021-08-31T22:00:00Z
16,44,Cerna,423,215,638,39,21,60,46,17,63,2,1,3,80,64,144,0,0,0,0,0,0,590,318,908,2021-08-31T22:00:00Z
16,456,Tompojevci,27,46,73,15,4,19,36,13,49,0,0,0,17,10,27,0,0,0,0,0,0,95,73,168,2021-08-31T22:00:00Z
16,458,Tordinci,95,91,186,7,2,9,11,0,11,1,0,1,8,10,18,0,0,0,0,1,1,122,104,226,2021-08-31T22:00:00Z
16,459,Tovarnik,157,136,293,19,3,22,44,21,65,1,2,3,12,22,34,0,0,0,0,1,1,233,185,418,2021-08-31T22:00:00Z
16,464,Trpinja,125,206,331,25,7,32,80,10,90,2,0,2,36,22,58,0,0,0,1,0,1,269,245,514,2021-08-31T22:00:00Z
16,487,Vinkovci,8133,6439,14572,298,178,476,41,23,64,57,53,110,472,649,1121,1,0,1,12,13,25,9014,7355,16369,2021-08-31T22:00:00Z
16,505,Vrbanja,273,130,403,26,12,38,68,17,85,2,1,3,24,28,52,0,0,0,0,0,0,393,188,581,2021-08-31T22:00:00Z
16,518,Vukovar,4385,4728,9113,282,151,433,89,40,129,24,35,59,445,394,839,0,0,0,11,11,22,5236,5359,10595,2021-08-31T22:00:00Z
16,534,Županja,2066,1537,3603,141,52,193,38,10,48,20,23,43,176,196,372,1,0,1,5,5,10,2447,1823,4270,2021-08-31T22:00:00Z
16,535,Otok (Vinkovci),393,273,666,38,18,56,62,14,76,8,1,9,68,58,126,0,0,0,1,1,2,570,365,935,2021-08-31T22:00:00Z
16,583,Privlaka,102,130,232,16,6,22,22,8,30,0,2,2,15,20,35,0,0,0,0,0,0,155,166,321,2021-08-31T22:00:00Z
16,584,Vođinci,41,159,200,14,2,16,7,5,12,0,1,1,17,12,29,0,0,0,0,1,1,79,180,259,2021-08-31T22:00:00Z
16,610,Markušica,42,50,92,10,4,14,53,15,68,0,1,1,9,13,22,0,0,0,1,0,1,115,83,198,2021-08-31T22:00:00Z
16,612,Negoslavci,27,16,43,4,0,4,12,3,15,1,0,1,17,14,31,0,0,0,0,0,0,61,33,94,2021-08-31T22:00:00Z
16,628,Štitar,81,78,159,6,0,6,13,4,17,0,1,1,12,7,19,0,0,0,0,0,0,112,90,202,2021-08-31T22:00:00Z
16,92,Drenovci,117,160,277,39,5,44,104,35,139,2,0,2,48,37,85,0,0,0,0,0,0,310,237,547,2021-08-31T22:00:00Z
17,100,Dugi Rat,714,693,1407,93,44,137,1,2,3,32,4,36,223,144,367,0,0,0,4,3,7,1067,890,1957,2021-08-31T22:00:00Z
17,134,Gradac,200,263,463,68,31,99,5,1,6,1,2,3,63,103,166,0,0,0,1,2,3,338,402,740,2021-08-31T22:00:00Z
17,148,Hrvace,269,166,435,35,15,50,6,7,13,2,3,5,46,42,88,0,0,0,1,2,3,359,235,594,2021-08-31T22:00:00Z
17,153,Hvar,883,775,1658,232,104,336,15,10,25,18,8,26,330,287,617,2,0,2,2,9,11,1482,1193,2675,2021-08-31T22:00:00Z
17,155,Imotski,1333,1381,2714,161,95,256,12,7,19,30,14,44,125,179,304,0,0,0,10,9,19,1671,1685,3356,2021-08-31T22:00:00Z
17,171,Jelsa,382,371,753,116,32,148,30,11,41,9,0,9,190,105,295,0,0,0,4,4,8,731,523,1254,2021-08-31T22:00:00Z
17,181,Kaštela,3424,3829,7253,488,237,725,22,13,35,135,39,174,529,541,1070,0,0,0,26,23,49,4624,4682,9306,2021-08-31T22:00:00Z
17,192,Klis,253,200,453,36,7,43,7,4,11,19,2,21,52,31,83,0,0,0,0,3,3,367,247,614,2021-08-31T22:00:00Z
17,197,Komiža,175,149,324,69,20,89,4,1,5,4,2,6,53,57,110,0,0,0,0,1,1,305,230,535,2021-08-31T22:00:00Z
17,243,Lovreć,141,107,248,16,10,26,4,0,4,2,0,2,22,12,34,0,0,0,2,2,4,187,131,318,2021-08-31T22:00:00Z
17,249,Makarska,2554,2637,5191,322,196,518,3,2,5,49,29,78,448,463,911,0,0,0,4,3,7,3380,3330,6710,2021-08-31T22:00:00Z
17,258,Marina,213,277,490,65,28,93,5,5,10,18,0,18,58,69,127,1,0,1,3,1,4,363,380,743,2021-08-31T22:00:00Z
17,267,Milna,89,93,182,27,10,37,3,1,4,4,0,4,37,50,87,0,0,0,3,1,4,163,155,318,2021-08-31T22:00:00Z
17,27,Bol,448,511,959,77,29,106,6,3,9,5,2,7,100,58,158,0,0,0,1,0,1,637,603,1240,2021-08-31T22:00:00Z
17,280,Nerežišća,152,57,209,19,2,21,5,2,7,0,0,0,30,16,46,0,0,0,1,0,1,207,77,284,2021-08-31T22:00:00Z
17,300,Omiš,1511,1720,3231,251,104,355,12,5,17,45,18,63,384,361,745,0,0,0,3,4,7,2206,2212,4418,2021-08-31T22:00:00Z
17,314,Otok,196,220,416,46,17,63,12,0,12,3,1,4,77,48,125,0,0,0,0,0,0,334,286,620,2021-08-31T22:00:00Z
17,337,Podbablje,265,181,446,34,3,37,6,0,6,3,1,4,20,30,50,0,0,0,1,4,5,329,219,548,2021-08-31T22:00:00Z
17,339,Podgora,332,279,611,81,29,110,0,1,1,1,0,1,90,66,156,0,0,0,2,1,3,506,376,882,2021-08-31T22:00:00Z
17,341,Podstrana,831,725,1556,67,21,88,16,4,20,42,3,45,69,88,157,1,0,1,2,3,5,1028,844,1872,2021-08-31T22:00:00Z
17,350,Postira,276,247,523,42,18,60,9,3,12,1,3,4,18,19,37,0,0,0,0,1,1,346,291,637,2021-08-31T22:00:00Z
17,358,Pučišća,237,142,379,49,8,57,6,6,12,5,0,5,41,27,68,0,0,0,4,1,5,342,184,526,2021-08-31T22:00:00Z
17,382,Seget,522,488,1010,47,10,57,7,3,10,11,2,13,163,89,252,0,0,0,1,1,2,751,593,1344,2021-08-31T22:00:00Z
17,383,Selca,143,129,272,46,18,64,8,3,11,3,1,4,68,33,101,0,0,0,0,3,3,268,187,455,2021-08-31T22:00:00Z
17,389,Sinj,1886,2066,3952,272,140,412,55,18,73,43,43,86,310,395,705,0,0,0,9,18,27,2575,2680,5255,2021-08-31T22:00:00Z
17,406,Solin,3637,3074,6711,256,139,395,11,6,17,135,36,171,299,309,608,0,0,0,11,8,19,4349,3572,7921,2021-08-31T22:00:00Z
17,409,Split,35264,38266,73530,1565,1119,2684,62,42,104,2122,452,2574,1584,2301,3885,3,0,3,148,154,302,40748,42334,83082,2021-08-31T22:00:00Z
17,413,Stari Grad,400,363,763,71,30,101,21,12,33,4,5,9,59,68,127,0,0,0,2,5,7,557,483,1040,2021-08-31T22:00:00Z
17,423,Sućuraj,29,21,50,24,2,26,3,2,5,1,0,1,13,12,25,0,0,0,0,1,1,70,38,108,2021-08-31T22:00:00Z
17,427,Supetar,722,894,1616,131,76,207,15,6,21,23,9,32,165,156,321,0,0,0,4,1,5,1060,1142,2202,2021-08-31T22:00:00Z
17,443,Šestanovac,133,161,294,28,5,33,9,1,10,2,2,4,20,24,44,0,0,0,3,0,3,195,193,388,2021-08-31T22:00:00Z
17,447,Šolta,214,144,358,19,18,37,9,3,12,11,0,11,30,32,62,0,0,0,0,1,1,283,198,481,2021-08-31T22:00:00Z
17,460,Trilj,487,557,1044,119,30,149,17,7,24,16,2,18,97,131,228,0,0,0,0,6,6,736,733,1469,2021-08-31T22:00:00Z
17,463,Trogir,1837,1985,3822,350,178,528,15,4,19,70,38,108,417,552,969,0,0,0,21,17,38,2710,2774,5484,2021-08-31T22:00:00Z
17,492,Vis,291,303,594,60,24,84,15,2,17,8,2,10,70,62,132,0,0,0,1,2,3,445,395,840,2021-08-31T22:00:00Z
17,50,Cista Provo,127,155,282,24,2,26,7,0,7,2,0,2,5,9,14,0,0,0,1,2,3,166,168,334,2021-08-31T22:00:00Z
17,511,Vrgorac,957,675,1632,52,23,75,23,15,38,5,5,10,51,87,138,0,0,0,1,2,3,1089,807,1896,2021-08-31T22:00:00Z
17,513,Vrlika,101,228,329,17,4,21,14,5,19,1,0,1,20,4,24,0,0,0,2,0,2,155,241,396,2021-08-31T22:00:00Z
17,522,Zagvozd,146,78,224,15,2,17,2,0,2,0,0,0,11,9,20,0,0,0,0,0,0,174,89,263,2021-08-31T22:00:00Z
17,528,Zmijavci,87,123,210,6,2,8,1,1,2,2,0,2,28,9,37,0,0,0,0,1,1,124,136,260,2021-08-31T22:00:00Z
17,585,Dugopolje,1452,768,2220,38,10,48,5,4,9,16,1,17,68,50,118,0,0,0,0,0,0,1579,833,2412,2021-08-31T22:00:00Z
17,586,Lećevica,10,40,50,5,0,5,0,1,1,0,0,0,2,1,3,0,0,0,0,0,0,17,42,59,2021-08-31T22:00:00Z
17,587,Lokvičići,34,25,59,1,0,1,2,0,2,0,0,0,2,3,5,0,0,0,1,0,1,40,28,68,2021-08-31T22:00:00Z
17,588,Okrug,161,227,388,42,14,56,1,0,1,14,4,18,117,63,180,0,0,0,3,3,6,338,311,649,2021-08-31T22:00:00Z
17,589,Prgomet,41,40,81,7,0,7,1,1,2,1,0,1,3,2,5,0,0,0,0,0,0,53,43,96,2021-08-31T22:00:00Z
17,590,Primorski Dolac,17,51,68,4,1,5,1,1,2,1,1,2,2,4,6,0,0,0,0,0,0,25,58,83,2021-08-31T22:00:00Z
17,591,Runovići,71,67,138,10,3,13,0,1,1,0,2,2,26,37,63,0,0,0,0,1,1,107,111,218,2021-08-31T22:00:00Z
17,592,Sutivan,110,93,203,14,7,21,4,1,5,7,0,7,28,24,52,0,0,0,0,1,1,163,126,289,2021-08-31T22:00:00Z
17,593,Tučepi,277,323,600,52,25,77,0,1,1,5,3,8,87,73,160,0,0,0,0,0,0,421,425,846,2021-08-31T22:00:00Z
17,595,Zadvarje,32,25,57,7,1,8,1,1,2,0,0,0,11,6,17,0,0,0,0,1,1,51,34,85,2021-08-31T22:00:00Z
17,72,Dicmo,431,192,623,33,16,49,3,2,5,3,1,4,32,42,74,0,0,0,0,2,2,502,255,757,2021-08-31T22:00:00Z
17,77,Brela,310,310,620,48,28,76,0,1,1,1,1,2,58,76,134,0,0,0,1,1,2,418,417,835,2021-08-31T22:00:00Z
17,87,Muć,182,202,384,20,4,24,1,5,6,4,4,8,14,13,27,0,0,0,1,1,2,222,229,451,2021-08-31T22:00:00Z
17,88,Proložac,207,194,401,14,4,18,2,4,6,0,0,0,33,17,50,0,0,0,3,2,5,259,221,480,2021-08-31T22:00:00Z
17,9,Baška Voda,278,365,643,95,54,149,1,0,1,5,3,8,110,100,210,0,0,0,1,1,2,490,523,1013,2021-08-31T22:00:00Z
18,132,Gračišće,42,29,71,28,5,33,11,3,14,0,0,0,33,10,43,0,0,0,0,0,0,114,47,161,2021-08-31T22:00:00Z
18,138,Grožnjan,27,25,52,15,3,18,14,5,19,0,0,0,14,12,26,0,0,0,0,3,3,70,48,118,2021-08-31T22:00:00Z
18,175,Kanfanar,491,197,688,27,6,33,4,0,4,1,0,1,20,21,41,0,0,0,1,1,2,544,225,769,2021-08-31T22:00:00Z
18,217,Kršan,325,305,630,48,15,63,7,4,11,2,0,2,109,58,167,0,0,0,1,3,4,492,385,877,2021-08-31T22:00:00Z
18,222,Labin,2736,2533,5269,266,128,394,16,10,26,26,38,64,314,248,562,0,0,0,10,7,17,3368,2964,6332,2021-08-31T22:00:00Z
18,223,Lanišće,13,14,27,4,0,4,2,0,2,0,0,0,8,2,10,0,0,0,1,1,2,28,17,45,2021-08-31T22:00:00Z
18,235,Ližnjan,153,130,283,12,5,17,2,0,2,3,0,3,27,39,66,0,0,0,1,1,2,198,175,373,2021-08-31T22:00:00Z
18,246,Lupoglav,192,99,291,11,5,16,6,2,8,0,1,1,13,13,26,0,0,0,0,0,0,222,120,342,2021-08-31T22:00:00Z
18,254,Marčana,161,172,333,38,14,52,4,2,6,3,1,4,51,27,78,0,0,0,0,1,1,257,217,474,2021-08-31T22:00:00Z
18,263,Medulin,729,677,1406,100,56,156,6,2,8,9,6,15,179,204,383,0,0,0,0,1,1,1023,946,1969,2021-08-31T22:00:00Z
18,274,Motovun,105,132,237,35,14,49,20,5,25,0,1,1,46,39,85,0,0,0,1,3,4,207,194,401,2021-08-31T22:00:00Z
18,291,Novigrad,888,1053,1941,131,56,187,18,3,21,3,9,12,169,150,319,0,0,0,4,4,8,1213,1275,2488,2021-08-31T22:00:00Z
18,304,Oprtalj,62,84,146,12,5,17,13,1,14,0,0,0,11,13,24,0,0,0,4,2,6,102,105,207,2021-08-31T22:00:00Z
18,321,Pazin,1965,1957,3922,294,120,414,55,25,80,19,22,41,309,211,520,0,0,0,7,11,18,2649,2346,4995,2021-08-31T22:00:00Z
18,330,Pićan,346,165,511,30,7,37,2,5,7,0,1,1,54,20,74,0,0,0,1,1,2,433,199,632,2021-08-31T22:00:00Z
18,348,Poreč,5231,5334,10565,673,347,1020,43,20,63,60,49,109,712,623,1335,0,0,0,12,10,22,6731,6383,13114,2021-08-31T22:00:00Z
18,359,Pula,12925,12729,25654,1237,649,1886,64,40,104,262,170,432,975,1201,2176,0,0,0,55,42,97,15518,14831,30349,2021-08-31T22:00:00Z
18,368,Raša,270,153,423,29,9,38,1,0,1,4,1,5,47,26,73,0,0,0,2,0,2,353,189,542,2021-08-31T22:00:00Z
18,374,Rovinj,3265,3543,6808,432,249,681,25,10,35,28,36,64,667,565,1232,0,0,0,15,20,35,4432,4423,8855,2021-08-31T22:00:00Z
18,40,Brtonigla,169,112,281,42,13,55,23,9,32,1,1,2,48,51,99,0,0,0,1,1,2,284,187,471,2021-08-31T22:00:00Z
18,42,Buje,792,752,1544,99,45,144,26,12,38,7,10,17,64,71,135,0,0,0,4,5,9,992,895,1887,2021-08-31T22:00:00Z
18,43,Buzet,1536,1057,2593,170,67,237,20,14,34,5,4,9,120,113,233,0,0,0,7,10,17,1858,1265,3123,2021-08-31T22:00:00Z
18,431,Sveti Lovreč,49,50,99,19,9,28,3,0,3,0,1,1,43,24,67,0,0,0,0,0,0,114,84,198,2021-08-31T22:00:00Z
18,432,Sveta Nedelja,142,143,285,28,7,35,8,3,11,3,0,3,38,18,56,0,0,0,7,2,9,226,173,399,2021-08-31T22:00:00Z
18,433,Sveti Petar U Šumi,160,105,265,22,5,27,2,3,5,0,0,0,14,3,17,0,0,0,1,1,2,199,117,316,2021-08-31T22:00:00Z
18,435,Svetvinčenat,125,107,232,20,6,26,1,0,1,0,1,1,25,23,48,0,0,0,0,0,0,171,137,308,2021-08-31T22:00:00Z
18,453,Tinjan,191,113,304,40,10,50,4,0,4,1,3,4,58,27,85,0,0,0,1,0,1,295,153,448,2021-08-31T22:00:00Z
18,468,Umag,2850,2590,5440,399,178,577,33,16,49,29,33,62,346,353,699,0,0,0,13,19,32,3670,3189,6859,2021-08-31T22:00:00Z
18,47,Cerovlje,94,47,141,36,3,39,4,4,8,1,0,1,27,15,42,0,0,0,0,2,2,162,71,233,2021-08-31T22:00:00Z
18,497,Višnjan,239,229,468,41,12,53,10,5,15,2,1,3,95,37,132,0,0,0,2,1,3,389,285,674,2021-08-31T22:00:00Z
18,498,Vižinada,66,47,113,26,5,31,15,5,20,1,0,1,36,25,61,0,0,0,0,2,2,144,84,228,2021-08-31T22:00:00Z
18,5,Bale,155,130,285,27,17,44,3,2,5,0,0,0,40,20,60,0,0,0,1,1,2,226,170,396,2021-08-31T22:00:00Z
18,502,Vodnjan,747,590,1337,51,24,75,9,3,12,10,4,14,101,58,159,0,0,0,0,0,0,918,679,1597,2021-08-31T22:00:00Z
18,516,Vrsar,415,451,866,89,40,129,3,1,4,5,1,6,172,153,325,0,0,0,2,0,2,686,646,1332,2021-08-31T22:00:00Z
18,531,Žminj,468,400,868,98,44,142,12,4,16,1,5,6,103,78,181,0,0,0,3,0,3,685,531,1216,2021-08-31T22:00:00Z
18,596,Karojba,110,92,202,31,6,37,2,2,4,0,0,0,44,11,55,0,1,1,1,0,1,188,112,300,2021-08-31T22:00:00Z
18,597,Kaštelir - Labinci,175,80,255,31,13,44,6,3,9,1,0,1,55,15,70,0,0,0,3,3,6,271,114,385,2021-08-31T22:00:00Z
18,6,Barban,232,108,340,41,6,47,9,5,14,1,1,2,24,27,51,0,0,0,3,1,4,310,148,458,2021-08-31T22:00:00Z
18,619,Fažana,313,311,624,35,18,53,0,1,1,3,2,5,59,36,95,0,0,0,0,2,2,410,370,780,2021-08-31T22:00:00Z
18,629,Funtana,161,168,329,21,13,34,1,1,2,0,0,0,67,69,136,0,0,0,1,1,2,251,252,503,2021-08-31T22:00:00Z
18,631,Tar-Vabriga,175,283,458,42,19,61,1,0,1,0,0,0,73,52,125,0,0,0,0,1,1,291,355,646,2021-08-31T22:00:00Z
19,198,Konavle,1354,1071,2425,212,73,285,18,9,27,33,8,41,101,136,237,0,0,0,6,5,11,1724,1302,3026,2021-08-31T22:00:00Z
19,204,Korčula,767,968,1735,168,76,244,15,7,22,92,9,101,165,175,340,0,0,0,8,6,14,1215,1241,2456,2021-08-31T22:00:00Z
19,219,Kula Norinska,46,53,99,12,1,13,2,0,2,1,0,1,6,6,12,0,0,0,0,0,0,67,60,127,2021-08-31T22:00:00Z
19,226,Lastovo,79,101,180,32,11,43,1,1,2,4,1,5,16,14,30,0,0,0,1,3,4,133,131,264,2021-08-31T22:00:00Z
19,25,Blato,558,407,965,65,22,87,19,4,23,9,8,17,173,56,229,0,0,0,5,3,8,829,500,1329,2021-08-31T22:00:00Z
19,264,Metković,2045,1720,3765,197,108,305,34,20,54,48,18,66,299,268,567,0,0,0,7,9,16,2630,2143,4773,2021-08-31T22:00:00Z
19,268,Mljet,187,108,295,29,13,42,5,0,5,5,2,7,27,32,59,0,0,0,1,2,3,254,157,411,2021-08-31T22:00:00Z
19,306,Opuzen,516,441,957,32,18,50,43,21,64,5,1,6,27,47,74,0,0,0,0,1,1,623,529,1152,2021-08-31T22:00:00Z
19,308,Orebić,439,436,875,95,49,144,28,8,36,37,5,42,116,119,235,0,0,0,3,15,18,718,632,1350,2021-08-31T22:00:00Z
19,335,Ploče,1380,917,2297,87,45,132,19,4,23,30,6,36,104,137,241,0,0,0,2,3,5,1622,1112,2734,2021-08-31T22:00:00Z
19,343,Pojezerje,27,30,57,4,2,6,8,0,8,0,0,0,1,4,5,0,0,0,0,0,0,40,36,76,2021-08-31T22:00:00Z
19,399,Slivno,470,56,526,12,10,22,17,6,23,0,0,0,6,14,20,0,0,0,1,0,1,506,86,592,2021-08-31T22:00:00Z
19,402,Smokvica,33,77,110,14,4,18,16,4,20,7,0,7,38,12,50,0,0,0,3,0,3,111,97,208,2021-08-31T22:00:00Z
19,419,Ston,558,231,789,57,15,72,21,5,26,6,1,7,50,33,83,0,0,0,0,4,4,692,289,981,2021-08-31T22:00:00Z
19,474,Vela Luka,313,560,873,65,25,90,10,2,12,39,3,42,97,67,164,0,0,0,3,8,11,527,665,1192,2021-08-31T22:00:00Z
19,523,Zažablje,13,15,28,4,0,4,4,2,6,1,0,1,13,2,15,0,0,0,0,0,0,35,19,54,2021-08-31T22:00:00Z
19,598,Dubrovačko Primorje,162,120,282,23,7,30,5,6,11,10,2,12,44,28,72,0,0,0,1,2,3,245,165,410,2021-08-31T22:00:00Z
19,599,Janjina,165,63,228,10,6,16,9,3,12,1,1,2,8,10,18,0,0,0,2,0,2,195,83,278,2021-08-31T22:00:00Z
19,600,Lumbarda,53,64,117,45,16,61,9,2,11,5,0,5,33,38,71,0,0,0,3,2,5,148,122,270,2021-08-31T22:00:00Z
19,601,Trpanj,66,60,126,14,6,20,1,2,3,4,1,5,19,11,30,0,0,0,3,1,4,107,81,188,2021-08-31T22:00:00Z
19,602,Župa Dubrovačka,712,717,1429,121,59,180,5,5,10,62,2,64,85,94,179,0,0,0,5,2,7,990,879,1869,2021-08-31T22:00:00Z
19,98,Dubrovnik,10534,11136,21670,806,411,1217,29,16,45,523,76,599,675,755,1430,0,0,0,37,59,96,12604,12453,25057,2021-08-31T22:00:00Z
20,123,Goričan,314,148,462,8,4,12,9,2,11,0,2,2,11,12,23,0,0,0,0,0,0,342,168,510,2021-08-31T22:00:00Z
20,15,Belica,202,199,401,26,17,43,60,40,100,1,1,2,30,36,66,0,0,0,1,1,2,320,294,614,2021-08-31T22:00:00Z
20,206,Kotoriba,494,255,749,9,4,13,6,0,6,0,5,5,15,17,32,0,0,0,0,0,0,524,281,805,2021-08-31T22:00:00Z
20,250,Mala Subotica,488,996,1484,27,20,47,33,18,51,2,4,6,41,31,72,0,0,0,0,4,4,591,1073,1664,2021-08-31T22:00:00Z
20,276,Mursko Središće,757,751,1508,46,25,71,18,7,25,2,7,9,54,53,107,0,0,0,1,1,2,878,844,1722,2021-08-31T22:00:00Z
20,279,Nedelišće,1372,760,2132,95,40,135,41,19,60,1,5,6,144,66,210,0,0,0,0,5,5,1653,895,2548,2021-08-31T22:00:00Z
20,342,Podturen,202,100,302,21,7,28,17,14,31,1,2,3,48,30,78,0,0,0,0,2,2,289,155,444,2021-08-31T22:00:00Z
20,355,Prelog,2401,1631,4032,70,15,85,48,32,80,9,9,18,68,60,128,0,0,0,3,7,10,2599,1754,4353,2021-08-31T22:00:00Z
20,385,Selnica,135,140,275,9,9,18,8,6,14,1,1,2,18,16,34,0,0,0,0,0,0,171,172,343,2021-08-31T22:00:00Z
20,440,Sveti Juraj Na Bregu,262,156,418,29,14,43,13,8,21,2,2,4,46,62,108,0,0,0,0,0,0,352,242,594,2021-08-31T22:00:00Z
20,441,Sveti Martin Na Muri,547,326,873,13,8,21,11,4,15,0,3,3,30,34,64,0,0,0,1,1,2,602,376,978,2021-08-31T22:00:00Z
20,452,Štrigova,290,192,482,28,11,39,38,25,63,2,1,3,71,66,137,0,0,0,1,2,3,430,297,727,2021-08-31T22:00:00Z
20,504,Vratišinec,157,89,246,8,4,12,11,2,13,1,1,2,7,6,13,0,0,0,1,1,2,185,103,288,2021-08-31T22:00:00Z
20,60,Čakovec,9795,9443,19238,270,137,407,59,25,84,36,61,97,312,372,684,0,0,0,5,16,21,10477,10054,20531,2021-08-31T22:00:00Z
20,603,Dekanovec,99,70,169,5,2,7,6,5,11,0,1,1,6,2,8,0,0,0,0,1,1,116,81,197,2021-08-31T22:00:00Z
20,604,Gornji Mihaljevec,121,55,176,11,2,13,23,7,30,2,2,4,22,13,35,0,0,0,1,0,1,180,79,259,2021-08-31T22:00:00Z
20,605,Orehovica,91,122,213,16,2,18,29,12,41,1,2,3,44,20,64,0,0,0,0,2,2,181,160,341,2021-08-31T22:00:00Z
20,606,Strahoninec,244,143,387,12,5,17,3,1,4,0,1,1,38,14,52,0,0,0,0,2,2,297,166,463,2021-08-31T22:00:00Z
20,607,Sveta Marija,72,73,145,12,5,17,6,0,6,1,0,1,26,7,33,0,0,0,0,1,1,117,86,203,2021-08-31T22:00:00Z
20,608,Šenkovec,555,241,796,19,13,32,2,1,3,0,1,1,28,28,56,0,0,0,2,2,4,606,286,892,2021-08-31T22:00:00Z
20,620,Pribislavec,435,177,612,11,5,16,3,1,4,2,1,3,13,11,24,0,0,0,0,0,0,464,195,659,2021-08-31T22:00:00Z
20,75,Domašinec,257,99,356,8,11,19,20,15,35,0,1,1,17,12,29,0,0,0,2,2,4,304,140,444,2021-08-31T22:00:00Z
20,78,Donja Dubrava,181,214,395,13,7,20,6,3,9,0,1,1,12,10,22,0,0,0,0,0,0,212,235,447,2021-08-31T22:00:00Z
20,82,Donji Kraljevec,1349,629,1978,41,11,52,50,19,69,3,6,9,79,123,202,0,0,0,2,8,10,1524,796,2320,2021-08-31T22:00:00Z
20,89,Donji Vidovec,44,75,119,2,1,3,2,0,2,1,2,3,3,17,20,0,0,0,0,0,0,52,95,147,2021-08-31T22:00:00Z
21,133,Zagreb,226566,206877,433443,8204,5527,13731,302,197,499,2261,2100,4361,5649,7064,12713,21,4,25,373,548,921,243376,222317,465693,2021-08-31T22:00:00Z
01,101,Dugo Selo,2937,1994,4931,234,105,339,27,22,49,24,27,51,281,253,534,0,0,0,7,14,21,3510,2415,5925,2021-12-31T23:00:00Z
01,114,Farkaševac,160,234,394,7,3,10,28,11,39,0,2,2,37,16,53,0,0,0,0,0,0,232,266,498,2021-12-31T23:00:00Z
01,135,Gradec,149,131,280,14,1,15,11,7,18,0,1,1,38,17,55,0,0,0,0,0,0,212,157,369,2021-12-31T23:00:00Z
01,158,Ivanić-Grad,2923,1695,4618,96,79,175,52,32,84,11,19,30,148,182,330,0,0,0,8,11,19,3238,2018,5256,2021-12-31T23:00:00Z
01,163,Jakovlje,299,237,536,38,8,46,8,10,18,3,0,3,42,32,74,0,0,0,1,0,1,391,287,678,2021-12-31T23:00:00Z
01,169,Jastrebarsko,2218,1646,3864,220,112,332,51,34,85,16,18,34,255,234,489,0,0,0,5,10,15,2765,2054,4819,2021-12-31T23:00:00Z
01,190,Klinča Selo,218,171,389,36,6,42,7,3,10,0,0,0,72,52,124,0,0,0,0,1,1,333,233,566,2021-12-31T23:00:00Z
01,193,Kloštar Ivanić,351,304,655,29,9,38,20,5,25,4,9,13,55,40,95,1,0,1,3,0,3,463,367,830,2021-12-31T23:00:00Z
01,213,Križ,603,414,1017,26,20,46,18,12,30,4,6,10,22,55,77,0,0,0,3,2,5,676,509,1185,2021-12-31T23:00:00Z
01,33,Brckovljani,312,325,637,8,5,13,0,0,0,3,2,5,28,22,50,0,0,0,0,0,0,351,354,705,2021-12-31T23:00:00Z
01,331,Pisarovina,373,295,668,29,24,53,23,19,42,1,2,3,24,33,57,0,0,0,2,3,5,452,376,828,2021-12-31T23:00:00Z
01,34,Brdovec,838,751,1589,100,33,133,15,6,21,3,7,10,86,62,148,1,0,1,5,2,7,1048,861,1909,2021-12-31T23:00:00Z
01,356,Preseka,18,9,27,5,2,7,12,11,23,0,1,1,16,6,22,0,0,0,1,0,1,52,29,81,2021-12-31T23:00:00Z
01,362,Pušča,148,208,356,27,13,40,7,2,9,1,3,4,57,27,84,0,0,0,0,0,0,240,253,493,2021-12-31T23:00:00Z
01,376,Rugvica,1248,480,1728,8,4,12,3,2,5,1,2,3,23,21,44,0,0,0,0,0,0,1283,509,1792,2021-12-31T23:00:00Z
01,380,Samobor,5469,3829,9298,504,304,808,25,22,47,42,69,111,500,475,975,0,0,0,36,25,61,6576,4724,11300,2021-12-31T23:00:00Z
01,429,Sveti Ivan Zelina,2430,1944,4374,166,64,230,71,52,123,13,21,34,253,222,475,0,0,0,6,4,10,2939,2307,5246,2021-12-31T23:00:00Z
01,436,Sveta Nedjelja,5433,3364,8797,223,92,315,7,4,11,9,13,22,369,183,552,0,0,0,6,9,15,6047,3665,9712,2021-12-31T23:00:00Z
01,508,Vrbovec,2155,2004,4159,157,69,226,73,36,109,6,22,28,291,157,448,0,0,0,6,10,16,2688,2298,4986,2021-12-31T23:00:00Z
01,533,Krašić,258,190,448,27,8,35,15,10,25,2,2,4,30,23,53,0,0,0,2,1,3,334,234,568,2021-12-31T23:00:00Z
01,536,Rakovec,30,16,46,10,2,12,12,4,16,0,1,1,20,11,31,0,0,0,0,0,0,72,34,106,2021-12-31T23:00:00Z
01,539,Marija Gorica,79,100,179,14,3,17,0,0,0,1,1,2,20,22,42,0,0,0,0,0,0,114,126,240,2021-12-31T23:00:00Z
01,540,Žumberak,14,16,30,5,2,7,6,4,10,0,0,0,4,7,11,0,0,0,0,0,0,29,29,58,2021-12-31T23:00:00Z
01,541,Velika Gorica,7909,6207,14116,624,350,974,67,31,98,61,58,119,592,508,1100,0,0,0,22,20,42,9275,7174,16449,2021-12-31T23:00:00Z
01,542,Orle,38,26,64,16,0,16,8,5,13,0,0,0,12,3,15,0,0,0,0,0,0,74,34,108,2021-12-31T23:00:00Z
01,543,Zaprešić,3294,2983,6277,219,144,363,13,10,23,32,42,74,257,244,501,0,0,0,12,14,26,3827,3437,7264,2021-12-31T23:00:00Z
01,544,Pokupsko,43,50,93,11,6,17,13,6,19,0,0,0,8,7,15,0,0,0,0,0,0,75,69,144,2021-12-31T23:00:00Z
01,545,Kravarsko,105,105,210,33,11,44,6,6,12,0,0,0,69,16,85,0,0,0,1,1,2,214,139,353,2021-12-31T23:00:00Z
01,547,Bistra,374,514,888,44,21,65,7,5,12,2,8,10,46,49,95,1,0,1,1,1,2,475,598,1073,2021-12-31T23:00:00Z
01,548,Luka,243,94,337,15,2,17,2,3,5,1,1,2,21,17,38,0,0,0,0,0,0,282,117,399,2021-12-31T23:00:00Z
01,549,Dubravica,72,44,116,15,0,15,15,6,21,0,0,0,14,14,28,0,0,0,0,0,0,116,64,180,2021-12-31T23:00:00Z
01,550,Bedenica,212,156,368,13,4,17,6,5,11,1,1,2,15,10,25,0,0,0,0,0,0,247,176,423,2021-12-31T23:00:00Z
01,551,Stupnik,1430,533,1963,30,16,46,0,3,3,2,1,3,20,25,45,0,0,0,2,0,2,1484,578,2062,2021-12-31T23:00:00Z
01,97,Dubrava,305,313,618,42,18,60,68,41,109,5,13,18,67,67,134,0,0,0,2,7,9,489,459,948,2021-12-31T23:00:00Z
02,108,Đurmanec,121,148,269,58,14,72,1,2,3,3,1,4,115,86,201,0,0,0,3,0,3,301,251,552,2021-12-31T23:00:00Z
02,11,Bedekovčina,519,777,1296,89,39,128,7,7,14,8,7,15,124,109,233,0,0,0,3,2,5,750,941,1691,2021-12-31T23:00:00Z
02,125,Gornja Stubica,210,301,511,50,15,65,7,3,10,1,1,2,72,47,119,0,0,0,3,2,5,343,369,712,2021-12-31T23:00:00Z
02,146,Hraščina,52,40,92,8,2,10,2,3,5,0,1,1,5,6,11,0,0,0,0,0,0,67,52,119,2021-12-31T23:00:00Z
02,152,Hum Na Sutli,1543,647,2190,57,28,85,4,0,4,1,8,9,256,77,333,0,0,0,2,3,5,1863,763,2626,2021-12-31T23:00:00Z
02,187,Klanjec,290,282,572,68,23,91,12,7,19,5,1,6,76,51,127,0,0,0,5,3,8,456,367,823,2021-12-31T23:00:00Z
02,200,Konjščina,452,394,846,33,14,47,2,0,2,0,2,2,32,34,66,0,0,0,1,1,2,520,445,965,2021-12-31T23:00:00Z
02,208,Kraljevec Na Sutli,64,46,110,13,6,19,3,1,4,0,0,0,17,6,23,0,0,0,0,2,2,97,61,158,2021-12-31T23:00:00Z
02,211,Krapina,2750,2348,5098,173,89,262,7,7,14,16,16,32,204,174,378,0,0,0,1,4,5,3151,2638,5789,2021-12-31T23:00:00Z
02,212,Krapinske Toplice,593,1175,1768,70,36,106,4,7,11,0,5,5,106,70,176,0,0,0,1,0,1,774,1293,2067,2021-12-31T23:00:00Z
02,236,Lobor,162,240,402,22,8,30,3,3,6,0,0,0,37,14,51,0,0,0,1,2,3,225,267,492,2021-12-31T23:00:00Z
02,248,Mače,106,72,178,31,6,37,5,4,9,1,0,1,54,35,89,0,0,0,0,0,0,197,117,314,2021-12-31T23:00:00Z
02,256,Marija Bistrica,331,346,677,63,41,104,13,7,20,1,5,6,76,66,142,0,0,0,3,3,6,487,468,955,2021-12-31T23:00:00Z
02,265,Mihovljan,93,123,216,30,7,37,4,0,4,0,0,0,73,15,88,0,0,0,1,1,2,201,146,347,2021-12-31T23:00:00Z
02,311,Oroslavje,871,819,1690,77,36,113,11,3,14,6,7,13,88,64,152,0,0,0,3,2,5,1056,931,1987,2021-12-31T23:00:00Z
02,329,Petrovsko,75,62,137,17,3,20,1,0,1,5,0,5,63,9,72,0,0,0,1,0,1,162,74,236,2021-12-31T23:00:00Z
02,352,Pregrada,813,909,1722,111,32,143,2,4,6,6,6,12,157,106,263,0,0,0,4,3,7,1093,1060,2153,2021-12-31T23:00:00Z
02,364,Radoboj,137,103,240,16,10,26,1,1,2,1,2,3,56,23,79,0,0,0,0,0,0,211,139,350,2021-12-31T23:00:00Z
02,41,Budinščina,180,174,354,15,5,20,6,2,8,2,2,4,19,11,30,0,0,0,2,1,3,224,195,419,2021-12-31T23:00:00Z
02,422,Stubičke Toplice,242,415,657,32,18,50,0,2,2,3,5,8,61,29,90,0,0,0,1,0,1,339,469,808,2021-12-31T23:00:00Z
02,430,Sveti Križ Začretje,683,787,1470,72,23,95,10,4,14,1,4,5,139,100,239,0,0,0,4,2,6,909,920,1829,2021-12-31T23:00:00Z
02,466,Tuhelj,137,202,339,18,10,28,4,1,5,1,2,3,35,35,70,0,0,0,0,0,0,195,250,445,2021-12-31T23:00:00Z
02,481,Veliko Trgovišće,519,328,847,53,17,70,3,4,7,2,5,7,106,60,166,0,0,0,3,1,4,686,415,1101,2021-12-31T23:00:00Z
02,519,Zabok,2774,2836,5610,143,86,229,5,3,8,13,15,28,191,331,522,0,0,0,1,5,6,3127,3276,6403,2021-12-31T23:00:00Z
02,521,Zagorska Sela,10,55,65,7,1,8,6,2,8,0,1,1,16,5,21,0,0,0,0,0,0,39,64,103,2021-12-31T23:00:00Z
02,526,Zlatar,572,675,1247,96,42,138,24,15,39,7,7,14,106,83,189,0,0,0,3,3,6,808,825,1633,2021-12-31T23:00:00Z
02,527,Zlatar Bistrica,327,551,878,30,9,39,4,3,7,4,0,4,74,47,121,0,0,0,3,3,6,442,613,1055,2021-12-31T23:00:00Z
02,552,Jesenje,54,70,124,11,1,12,0,1,1,0,0,0,44,7,51,0,0,0,0,0,0,109,79,188,2021-12-31T23:00:00Z
02,553,Kumrovec,82,86,168,17,4,21,2,0,2,2,1,3,22,17,39,0,0,0,0,0,0,125,108,233,2021-12-31T23:00:00Z
02,554,Novi Golubovec,132,58,190,3,2,5,1,0,1,0,0,0,5,2,7,0,0,0,0,0,0,141,62,203,2021-12-31T23:00:00Z
02,70,Desinić,131,281,412,30,7,37,11,1,12,2,1,3,48,35,83,0,0,0,0,1,1,222,326,548,2021-12-31T23:00:00Z
02,79,Donja Stubica,957,798,1755,95,49,144,5,3,8,7,3,10,86,58,144,0,0,0,3,2,5,1153,913,2066,2021-12-31T23:00:00Z
03,102,Dvor,282,135,417,15,5,20,64,21,85,0,3,3,11,15,26,0,0,0,2,3,5,374,182,556,2021-12-31T23:00:00Z
03,121,Glina,1156,690,1846,39,24,63,58,25,83,4,10,14,69,68,137,0,0,0,0,0,0,1326,817,2143,2021-12-31T23:00:00Z
03,149,Hrvatska Dubica,75,66,141,8,2,10,11,3,14,0,0,0,4,5,9,0,0,0,0,0,0,98,76,174,2021-12-31T23:00:00Z
03,150,Hrvatska Kostajnica,349,340,689,20,9,29,8,2,10,1,3,4,8,18,26,0,0,0,3,0,3,389,372,761,2021-12-31T23:00:00Z
03,168,Jasenovac,139,160,299,13,4,17,12,5,17,0,0,0,15,10,25,0,0,0,0,0,0,179,179,358,2021-12-31T23:00:00Z
03,220,Kutina,3678,2920,6598,173,115,288,44,23,67,39,24,63,215,258,473,1,0,1,8,9,17,4158,3349,7507,2021-12-31T23:00:00Z
03,228,Lekenik,347,288,635,38,8,46,8,9,17,1,2,3,40,34,74,0,0,0,1,1,2,435,342,777,2021-12-31T23:00:00Z
03,232,Lipovljani,266,278,544,25,10,35,12,3,15,1,0,1,30,35,65,0,0,0,0,2,2,334,328,662,2021-12-31T23:00:00Z
03,259,Martinska Ves,128,57,185,8,2,10,29,14,43,3,0,3,45,14,59,0,0,0,0,1,1,213,88,301,2021-12-31T23:00:00Z
03,293,Novska,1300,1057,2357,173,98,271,35,18,53,7,20,27,257,227,484,0,0,0,4,4,8,1776,1424,3200,2021-12-31T23:00:00Z
03,328,Petrinja,1624,1717,3341,239,86,325,62,23,85,10,25,35,296,277,573,0,0,0,7,6,13,2238,2134,4372,2021-12-31T23:00:00Z
03,347,Popovača,868,1032,1900,82,43,125,49,17,66,6,11,17,92,126,218,0,0,0,4,1,5,1101,1230,2331,2021-12-31T23:00:00Z
03,391,Sisak,6973,8083,15056,373,233,606,101,57,158,43,77,120,607,590,1197,0,0,0,18,20,38,8115,9060,17175,2021-12-31T23:00:00Z
03,426,Sunja,205,168,373,25,10,35,45,33,78,1,2,3,15,21,36,0,0,0,2,0,2,293,234,527,2021-12-31T23:00:00Z
03,457,Topusko,228,330,558,15,6,21,3,2,5,3,1,4,33,23,56,0,0,0,2,0,2,284,362,646,2021-12-31T23:00:00Z
03,477,Velika Ludina,106,145,251,9,9,18,15,3,18,0,0,0,24,13,37,0,0,0,1,0,1,155,170,325,2021-12-31T23:00:00Z
03,510,Gvozd,121,84,205,10,4,14,18,4,22,0,0,0,14,12,26,0,0,0,5,1,6,168,105,273,2021-12-31T23:00:00Z
03,555,Majur,121,52,173,1,1,2,3,0,3,0,0,0,3,0,3,0,0,0,3,0,3,131,53,184,2021-12-31T23:00:00Z
03,83,Donji Kukuruzari,46,83,129,5,0,5,5,3,8,0,0,0,2,2,4,0,0,0,1,0,1,59,88,147,2021-12-31T23:00:00Z
04,120,Generalski Stol,37,70,107,22,5,27,1,0,1,0,1,1,25,12,37,0,0,0,0,0,0,85,88,173,2021-12-31T23:00:00Z
04,172,Josipdol,191,165,356,25,16,41,4,9,13,2,1,3,46,54,100,0,0,0,1,1,2,269,246,515,2021-12-31T23:00:00Z
04,179,Karlovac,10509,8898,19407,423,296,719,75,51,126,71,93,164,604,782,1386,0,0,0,23,20,43,11705,10140,21845,2021-12-31T23:00:00Z
04,216,Krnjak,166,63,229,3,2,5,5,3,8,0,0,0,9,4,13,0,0,0,2,4,6,185,76,261,2021-12-31T23:00:00Z
04,225,Lasinja,51,52,103,4,3,7,0,5,5,2,0,2,6,8,14,0,0,0,0,0,0,63,68,131,2021-12-31T23:00:00Z
04,281,Netretić,78,92,170,18,3,21,2,1,3,1,1,2,44,32,76,0,0,0,0,0,0,143,129,272,2021-12-31T23:00:00Z
04,297,Ogulin,1771,1807,3578,139,91,230,38,14,52,8,31,39,136,171,307,0,0,0,11,7,18,2103,2121,4224,2021-12-31T23:00:00Z
04,30,Bosiljevo,107,91,198,3,0,3,0,0,0,1,1,2,25,33,58,0,0,0,0,0,0,136,125,261,2021-12-31T23:00:00Z
04,315,Ozalj,780,627,1407,86,33,119,20,14,34,4,10,14,121,94,215,0,0,0,1,4,5,1012,782,1794,2021-12-31T23:00:00Z
04,333,Plaški,89,65,154,9,5,14,10,2,12,0,0,0,25,24,49,0,0,0,0,0,0,133,96,229,2021-12-31T23:00:00Z
04,365,Rakovica,131,152,283,6,11,17,3,5,8,0,0,0,62,53,115,0,0,0,8,1,9,210,222,432,2021-12-31T23:00:00Z
04,378,Saborsko,11,17,28,2,1,3,1,0,1,0,0,0,6,3,9,0,0,0,0,0,0,20,21,41,2021-12-31T23:00:00Z
04,400,Slunj,332,390,722,49,18,67,30,15,45,3,4,7,114,84,198,0,0,0,6,28,34,534,539,1073,2021-12-31T23:00:00Z
04,49,Cetingrad,62,53,115,5,0,5,3,4,7,0,0,0,10,9,19,0,0,0,1,1,2,81,67,148,2021-12-31T23:00:00Z
04,503,Vojnić,380,235,615,23,15,38,35,10,45,2,0,2,27,36,63,0,0,0,4,2,6,471,298,769,2021-12-31T23:00:00Z
04,530,Žakanje,144,98,242,26,12,38,3,1,4,0,0,0,27,30,57,0,0,0,0,1,1,200,142,342,2021-12-31T23:00:00Z
04,556,Ribnik,7,3,10,11,3,14,1,2,3,0,0,0,8,10,18,0,0,0,0,0,0,27,18,45,2021-12-31T23:00:00Z
04,557,Tounj,67,38,105,4,0,4,0,0,0,0,0,0,5,4,9,0,0,0,0,0,0,76,42,118,2021-12-31T23:00:00Z
04,623,Kamanje,157,106,263,3,2,5,0,0,0,0,0,0,4,14,18,0,0,0,0,0,0,164,122,286,2021-12-31T23:00:00Z
04,7,Barilovići,272,159,431,22,9,31,7,1,8,1,1,2,117,28,145,0,0,0,0,0,0,419,198,617,2021-12-31T23:00:00Z
04,90,Draganić,137,143,280,12,4,16,7,3,10,1,1,2,22,27,49,0,0,0,0,0,0,179,178,357,2021-12-31T23:00:00Z
04,99,Duga Resa,1216,1027,2243,140,73,213,19,17,36,6,19,25,190,204,394,1,0,1,8,12,20,1580,1352,2932,2021-12-31T23:00:00Z
05,12,Bednja,192,176,368,21,8,29,2,8,10,2,1,3,25,17,42,0,0,0,0,0,0,242,210,452,2021-12-31T23:00:00Z
05,129,Gornji Kneginec,565,992,1557,48,27,75,9,4,13,1,7,8,66,59,125,0,0,0,3,4,7,692,1093,1785,2021-12-31T23:00:00Z
05,151,Breznički Hum,197,152,349,12,4,16,9,6,15,0,1,1,19,10,29,0,0,0,2,4,6,239,177,416,2021-12-31T23:00:00Z
05,156,Ivanec,2086,1836,3922,162,62,224,14,10,24,10,17,27,303,263,566,0,0,0,6,14,20,2581,2202,4783,2021-12-31T23:00:00Z
05,165,Jalžabet,746,1106,1852,21,3,24,10,6,16,0,4,4,35,20,55,0,0,0,0,1,1,812,1140,1952,2021-12-31T23:00:00Z
05,189,Klenovnik,118,57,175,8,3,11,0,1,1,0,0,0,21,27,48,0,0,0,2,0,2,149,88,237,2021-12-31T23:00:00Z
05,19,Beretinec,78,37,115,18,2,20,3,2,5,0,1,1,16,23,39,0,0,0,1,0,1,116,65,181,2021-12-31T23:00:00Z
05,229,Lepoglava,1317,579,1896,58,30,88,5,3,8,1,4,5,106,63,169,0,0,0,2,9,11,1489,688,2177,2021-12-31T23:00:00Z
05,244,Ludbreg,1790,1535,3325,117,62,179,51,33,84,11,14,25,242,181,423,0,0,0,4,7,11,2215,1832,4047,2021-12-31T23:00:00Z
05,247,Ljubešćica,341,152,493,30,7,37,2,0,2,1,3,4,96,26,122,0,0,0,0,1,1,470,189,659,2021-12-31T23:00:00Z
05,251,Mali Bukovec,37,85,122,13,5,18,26,15,41,0,1,1,101,33,134,0,0,0,0,1,1,177,140,317,2021-12-31T23:00:00Z
05,260,Maruševec,340,303,643,55,25,80,22,25,47,3,2,5,111,39,150,0,0,0,3,2,5,534,396,930,2021-12-31T23:00:00Z
05,289,Novi Marof,1211,1232,2443,164,67,231,14,13,27,8,15,23,292,174,466,0,0,0,6,3,9,1695,1504,3199,2021-12-31T23:00:00Z
05,326,Petrijanec,445,722,1167,25,7,32,18,9,27,1,3,4,87,86,173,0,0,0,0,1,1,576,828,1404,2021-12-31T23:00:00Z
05,36,Breznica,157,64,221,17,3,20,4,5,9,1,5,6,30,13,43,0,0,0,0,0,0,209,90,299,2021-12-31T23:00:00Z
05,410,Sračinec,248,271,519,43,15,58,2,2,4,1,6,7,88,54,142,0,0,0,0,2,2,382,350,732,2021-12-31T23:00:00Z
05,437,Sveti Đurđ,73,106,179,31,4,35,29,8,37,3,1,4,34,33,67,0,0,0,0,0,0,170,152,322,2021-12-31T23:00:00Z
05,438,Sveti Ilija,185,191,376,16,8,24,2,1,3,1,4,5,43,27,70,0,0,0,0,0,0,247,231,478,2021-12-31T23:00:00Z
05,462,Trnovec Bartolovečki,1182,1476,2658,69,17,86,22,7,29,0,4,4,339,91,430,0,0,0,0,1,1,1612,1596,3208,2021-12-31T23:00:00Z
05,472,Varaždin,16509,15374,31883,501,359,860,49,25,74,69,118,187,525,635,1160,0,0,0,23,18,41,17676,16529,34205,2021-12-31T23:00:00Z
05,473,Varaždinske Toplice,607,477,1084,46,22,68,9,6,15,4,5,9,183,48,231,0,0,0,2,3,5,851,561,1412,2021-12-31T23:00:00Z
05,48,Cestica,384,388,772,49,26,75,13,17,30,1,4,5,99,75,174,0,0,0,0,3,3,546,513,1059,2021-12-31T23:00:00Z
05,484,Vidovec,227,256,483,51,16,67,62,31,93,2,5,7,114,92,206,0,0,0,0,0,0,456,400,856,2021-12-31T23:00:00Z
05,486,Vinica,288,221,509,21,9,30,4,4,8,1,5,6,30,24,54,0,0,0,0,1,1,344,264,608,2021-12-31T23:00:00Z
05,493,Visoko,92,57,149,19,0,19,7,4,11,0,0,0,25,22,47,0,0,0,1,0,1,144,83,227,2021-12-31T23:00:00Z
05,558,Veliki Bukovec,391,270,661,5,2,7,25,13,38,0,2,2,35,28,63,0,0,0,0,0,0,456,315,771,2021-12-31T23:00:00Z
05,80,Donja Voća,85,63,148,9,1,10,5,9,14,0,1,1,30,22,52,0,0,0,0,0,0,129,96,225,2021-12-31T23:00:00Z
05,85,Donji Martijanec,354,170,524,28,7,35,21,4,25,1,1,2,51,34,85,0,0,0,0,0,0,455,216,671,2021-12-31T23:00:00Z
06,104,Đelekovec,23,44,67,22,10,32,41,13,54,0,1,1,16,11,27,0,0,0,0,0,0,102,79,181,2021-12-31T23:00:00Z
06,107,Đurđevac,1332,1186,2518,83,44,127,70,41,111,11,12,23,83,68,151,0,0,0,14,4,18,1593,1355,2948,2021-12-31T23:00:00Z
06,115,Ferdinandovac,32,86,118,9,2,11,41,32,73,1,1,2,10,7,17,0,0,0,0,0,0,93,128,221,2021-12-31T23:00:00Z
06,122,Gola,175,163,338,10,2,12,89,40,129,0,2,2,6,25,31,0,0,0,1,0,1,281,232,513,2021-12-31T23:00:00Z
06,145,Hlebine,9,18,27,1,0,1,15,3,18,1,1,2,0,11,11,0,0,0,1,1,2,27,34,61,2021-12-31T23:00:00Z
06,194,Kloštar Podravski,176,162,338,17,13,30,41,35,76,0,1,1,31,48,79,0,0,0,1,0,1,266,259,525,2021-12-31T23:00:00Z
06,201,Koprivnica,7040,7450,14490,349,194,543,60,30,90,69,74,143,387,445,832,0,2,2,13,13,26,7918,8208,16126,2021-12-31T23:00:00Z
06,202,Koprivnički Bregi,51,74,125,17,4,21,23,8,31,0,0,0,32,9,41,0,0,0,0,0,0,123,95,218,2021-12-31T23:00:00Z
06,203,Koprivnički Ivanec,65,59,124,23,4,27,24,8,32,0,0,0,22,10,32,0,0,0,0,0,0,134,81,215,2021-12-31T23:00:00Z
06,214,Križevci,3323,3623,6946,164,99,263,230,183,413,11,29,40,236,225,461,0,0,0,8,10,18,3972,4169,8141,2021-12-31T23:00:00Z
06,227,Legrad,58,91,149,14,3,17,21,6,27,1,2,3,21,19,40,0,0,0,0,0,0,115,121,236,2021-12-31T23:00:00Z
06,270,Molve,219,113,332,6,9,15,55,33,88,1,2,3,28,19,47,0,0,0,2,1,3,311,177,488,2021-12-31T23:00:00Z
06,292,Novigrad Podravski,90,141,231,10,2,12,18,11,29,0,2,2,18,19,37,0,0,0,0,0,0,136,175,311,2021-12-31T23:00:00Z
06,324,Peteranec,69,43,112,17,4,21,21,7,28,0,1,1,27,13,40,0,0,0,0,0,0,134,68,202,2021-12-31T23:00:00Z
06,366,Rasinja,44,72,116,20,4,24,53,23,76,1,0,1,20,21,41,0,0,0,1,0,1,139,120,259,2021-12-31T23:00:00Z
06,405,Sokolovac,208,81,289,16,3,19,45,17,62,6,4,10,24,10,34,0,0,0,0,0,0,299,115,414,2021-12-31T23:00:00Z
06,439,Sveti Ivan Žabno,268,199,467,40,17,57,98,60,158,1,2,3,44,64,108,0,0,0,0,1,1,451,343,794,2021-12-31T23:00:00Z
06,442,Sveti Petar Orehovec,126,111,237,30,7,37,140,127,267,1,2,3,35,22,57,0,0,0,1,0,1,333,269,602,2021-12-31T23:00:00Z
06,490,Virje,286,214,500,26,11,37,40,20,60,4,1,5,30,33,63,0,0,0,3,1,4,389,280,669,2021-12-31T23:00:00Z
06,559,Kalinovac,400,101,501,5,1,6,9,2,11,0,0,0,8,9,17,0,0,0,1,0,1,423,113,536,2021-12-31T23:00:00Z
06,560,Kalnik,40,52,92,2,4,6,17,22,39,0,1,1,7,4,11,0,0,0,0,0,0,66,83,149,2021-12-31T23:00:00Z
06,561,Novo Virje,43,39,82,2,0,2,38,25,63,0,0,0,16,6,22,0,0,0,0,1,1,99,71,170,2021-12-31T23:00:00Z
06,616,Podravske Sesvete,99,118,217,3,5,8,23,14,37,2,0,2,4,8,12,0,0,0,1,1,2,132,146,278,2021-12-31T23:00:00Z
06,618,Gornja Reka,83,76,159,6,2,8,7,7,14,0,0,0,7,5,12,0,0,0,0,0,0,103,90,193,2021-12-31T23:00:00Z
06,96,Drnje,118,111,229,10,2,12,18,10,28,0,2,2,4,9,13,0,0,0,1,0,1,151,134,285,2021-12-31T23:00:00Z
07,105,Đulovac,267,62,329,8,7,15,34,16,50,2,0,2,120,33,153,0,0,0,0,0,0,431,118,549,2021-12-31T23:00:00Z
07,119,Garešnica,1064,1118,2182,58,31,89,59,35,94,16,18,34,104,125,229,0,0,0,2,5,7,1303,1332,2635,2021-12-31T23:00:00Z
07,139,Grubišno Polje,587,522,1109,35,25,60,110,45,155,4,7,11,67,66,133,0,0,0,2,3,5,805,668,1473,2021-12-31T23:00:00Z
07,144,Hercegovac,137,152,289,19,2,21,47,17,64,2,1,3,41,31,72,0,0,0,1,1,2,247,204,451,2021-12-31T23:00:00Z
07,161,Ivanska,124,98,222,5,3,8,48,13,61,2,2,4,87,26,113,0,0,0,2,1,3,268,143,411,2021-12-31T23:00:00Z
07,176,Kapela,84,97,181,3,3,6,47,25,72,0,1,1,19,7,26,0,0,0,1,0,1,154,133,287,2021-12-31T23:00:00Z
07,18,Berek,43,56,99,7,1,8,20,17,37,0,0,0,7,7,14,0,0,0,0,0,0,77,81,158,2021-12-31T23:00:00Z
07,199,Končanica,118,73,191,8,1,9,32,14,46,0,0,0,13,10,23,0,0,0,1,2,3,172,100,272,2021-12-31T23:00:00Z
07,24,Bjelovar,7081,6915,13996,287,181,468,198,98,296,52,84,136,431,518,949,1,0,1,18,14,32,8068,7810,15878,2021-12-31T23:00:00Z
07,287,Nova Rača,94,118,212,11,2,13,76,33,109,0,2,2,28,12,40,0,0,0,0,1,1,209,168,377,2021-12-31T23:00:00Z
07,375,Rovišće,195,217,412,23,10,33,50,35,85,1,3,4,24,39,63,0,0,0,0,1,1,293,305,598,2021-12-31T23:00:00Z
07,390,Sirač,268,163,431,11,2,13,12,5,17,1,0,1,16,8,24,0,0,0,0,2,2,308,180,488,2021-12-31T23:00:00Z
07,450,Štefanje,52,61,113,7,3,10,34,13,47,0,2,2,32,20,52,0,0,0,0,0,0,125,99,224,2021-12-31T23:00:00Z
07,478,Velika Pisanica,68,80,148,3,2,5,31,14,45,1,0,1,9,8,17,0,0,0,2,0,2,114,104,218,2021-12-31T23:00:00Z
07,480,Veliki Grđevac,143,136,279,10,5,15,70,29,99,1,1,2,71,24,95,0,0,0,1,0,1,296,195,491,2021-12-31T23:00:00Z
07,483,Veliko Trojstvo,61,115,176,13,4,17,14,15,29,0,0,0,42,17,59,0,0,0,0,0,0,130,151,281,2021-12-31T23:00:00Z
07,562,Severin,61,31,92,1,0,1,15,13,28,0,0,0,13,33,46,0,0,0,0,0,0,90,77,167,2021-12-31T23:00:00Z
07,564,Šandrovac,22,48,70,3,0,3,14,8,22,0,0,0,12,5,17,0,0,0,0,0,0,51,61,112,2021-12-31T23:00:00Z
07,565,Velika Trnovitica,55,61,116,7,3,10,33,22,55,1,0,1,20,11,31,0,0,0,1,1,2,117,98,215,2021-12-31T23:00:00Z
07,566,Zrinski Topolovac,11,16,27,2,1,3,32,17,49,0,0,0,4,2,6,0,0,0,0,1,1,49,37,86,2021-12-31T23:00:00Z
07,63,Čazma,1102,810,1912,54,19,73,52,41,93,7,10,17,106,67,173,0,0,0,3,1,4,1324,948,2272,2021-12-31T23:00:00Z
07,67,Daruvar,1430,1679,3109,75,53,128,43,22,65,14,20,34,140,177,317,0,0,0,3,8,11,1705,1959,3664,2021-12-31T23:00:00Z
07,71,Dežanovac,126,76,202,10,2,12,71,38,109,0,0,0,35,17,52,0,0,0,1,1,2,243,134,377,2021-12-31T23:00:00Z
08,117,Fužine,255,184,439,18,10,28,0,2,2,3,1,4,16,21,37,0,0,0,1,1,2,293,219,512,2021-12-31T23:00:00Z
08,170,Jelenje,276,252,528,97,47,144,6,2,8,33,9,42,59,43,102,0,0,0,2,0,2,473,353,826,2021-12-31T23:00:00Z
08,180,Kastav,1124,854,1978,134,67,201,3,1,4,52,10,62,107,88,195,1,1,2,5,5,10,1426,1026,2452,2021-12-31T23:00:00Z
08,186,Klana,389,214,603,20,8,28,1,1,2,6,2,8,14,12,26,0,0,0,1,2,3,431,239,670,2021-12-31T23:00:00Z
08,209,Kraljevica,343,284,627,38,21,59,2,1,3,43,4,47,22,31,53,1,0,1,0,7,7,449,348,797,2021-12-31T23:00:00Z
08,215,Krk,1801,1167,2968,222,93,315,15,7,22,28,16,44,256,163,419,0,0,0,33,38,71,2355,1484,3839,2021-12-31T23:00:00Z
08,237,Lokve,115,86,201,12,6,18,0,0,0,0,3,3,7,9,16,0,0,0,0,0,0,134,104,238,2021-12-31T23:00:00Z
08,242,Lovran,398,582,980,88,28,116,1,1,2,14,8,22,43,50,93,0,0,0,6,9,15,550,678,1228,2021-12-31T23:00:00Z
08,252,Mali Lošinj,1303,1331,2634,217,73,290,24,8,32,34,17,51,169,133,302,0,0,0,31,36,67,1778,1598,3376,2021-12-31T23:00:00Z
08,253,Malinska-Dubašnica,497,754,1251,133,59,192,5,9,14,12,4,16,158,120,278,0,0,0,17,18,35,822,964,1786,2021-12-31T23:00:00Z
08,261,Matulji,1489,1065,2554,220,127,347,16,5,21,39,15,54,168,174,342,1,0,1,4,13,17,1937,1399,3336,2021-12-31T23:00:00Z
08,273,Mošćenička Draga,95,66,161,49,13,62,0,1,1,2,3,5,31,21,52,0,0,0,4,4,8,181,108,289,2021-12-31T23:00:00Z
08,275,Mrkopalj,55,50,105,15,3,18,2,0,2,2,0,2,7,10,17,0,0,0,1,2,3,82,65,147,2021-12-31T23:00:00Z
08,290,Novi Vinodolski,511,408,919,101,40,141,6,4,10,10,7,17,102,62,164,0,0,0,3,8,11,733,529,1262,2021-12-31T23:00:00Z
08,301,Omišalj,606,373,979,75,20,95,0,0,0,16,4,20,64,33,97,0,0,0,4,15,19,765,445,1210,2021-12-31T23:00:00Z
08,302,Opatija,2181,2650,4831,196,109,305,6,6,12,57,27,84,97,132,229,0,1,1,29,80,109,2566,3005,5571,2021-12-31T23:00:00Z
08,360,Punat,286,132,418,61,19,80,4,0,4,7,2,9,47,29,76,0,0,0,2,4,6,407,186,593,2021-12-31T23:00:00Z
08,363,Rab,888,999,1887,283,67,350,13,6,19,12,12,24,202,144,346,0,0,0,43,83,126,1441,1311,2752,2021-12-31T23:00:00Z
08,369,Ravna Gora,278,306,584,30,12,42,2,0,2,2,1,3,39,21,60,0,0,0,1,2,3,352,342,694,2021-12-31T23:00:00Z
08,373,Rijeka,27454,28452,55906,1260,1063,2323,23,16,39,1060,356,1416,908,1264,2172,4,1,5,99,114,213,30808,31266,62074,2021-12-31T23:00:00Z
08,38,Brod Moravice,44,38,82,9,1,10,1,0,1,0,1,1,10,3,13,0,0,0,1,0,1,65,43,108,2021-12-31T23:00:00Z
08,393,Skrad,42,42,84,4,3,7,1,1,2,1,1,2,2,8,10,0,0,0,0,0,0,50,55,105,2021-12-31T23:00:00Z
08,4,Bakar,2013,1015,3028,64,41,105,2,0,2,64,10,74,75,68,143,0,0,0,2,10,12,2220,1144,3364,2021-12-31T23:00:00Z
08,488,Vinodolska Općina,186,161,347,56,22,78,2,0,2,11,1,12,39,14,53,1,0,1,0,2,2,295,200,495,2021-12-31T23:00:00Z
08,495,Viškovo,1669,1144,2813,196,105,301,7,4,11,70,16,86,147,138,285,0,0,0,13,12,25,2102,1419,3521,2021-12-31T23:00:00Z
08,507,Vrbnik,130,89,219,33,11,44,10,5,15,1,0,1,26,21,47,0,0,0,0,1,1,200,127,327,2021-12-31T23:00:00Z
08,509,Vrbovsko,333,287,620,59,22,81,3,5,8,1,5,6,71,43,114,0,0,0,0,0,0,467,362,829,2021-12-31T23:00:00Z
08,52,Cres,504,395,899,74,21,95,12,3,15,7,3,10,40,57,97,0,0,0,9,10,19,646,489,1135,2021-12-31T23:00:00Z
08,53,Crikvenica,1173,1524,2697,208,112,320,7,2,9,39,24,63,193,158,351,0,0,0,18,28,46,1638,1848,3486,2021-12-31T23:00:00Z
08,538,Kostrena,444,293,737,41,24,65,1,1,2,87,7,94,20,32,52,0,0,0,1,4,5,594,361,955,2021-12-31T23:00:00Z
08,55,Čabar,330,276,606,55,18,73,5,4,9,6,0,6,149,49,198,0,0,0,1,4,5,546,351,897,2021-12-31T23:00:00Z
08,61,Čavle,670,544,1214,93,53,146,1,2,3,27,10,37,98,79,177,0,0,0,3,1,4,892,689,1581,2021-12-31T23:00:00Z
08,624,Lopar,51,38,89,20,2,22,0,1,1,2,0,2,14,14,28,0,0,0,6,6,12,93,61,154,2021-12-31T23:00:00Z
08,69,Delnice,1128,758,1886,72,48,120,6,1,7,9,11,20,72,99,171,0,0,0,3,10,13,1290,927,2217,2021-12-31T23:00:00Z
08,74,Dobrinj,124,70,194,48,20,68,1,2,3,3,2,5,88,35,123,0,0,0,3,8,11,267,137,404,2021-12-31T23:00:00Z
08,8,Baška,151,144,295,42,21,63,7,3,10,3,3,6,25,34,59,0,0,0,29,24,53,257,229,486,2021-12-31T23:00:00Z
09,130,Gospić,2208,2311,4519,97,62,159,73,39,112,12,9,21,146,161,307,0,0,0,18,9,27,2554,2591,5145,2021-12-31T23:00:00Z
09,178,Karlobag,82,90,172,7,4,11,6,1,7,3,0,3,8,4,12,0,0,0,1,1,2,107,100,207,2021-12-31T23:00:00Z
09,240,Lovinac,200,79,279,1,0,1,2,2,4,0,0,0,2,1,3,0,0,0,0,0,0,205,82,287,2021-12-31T23:00:00Z
09,288,Novalja,662,514,1176,114,30,144,22,9,31,4,5,9,164,69,233,0,0,0,16,29,45,982,656,1638,2021-12-31T23:00:00Z
09,313,Otočac,818,874,1692,94,37,131,55,28,83,8,6,14,118,108,226,0,0,0,1,6,7,1094,1059,2153,2021-12-31T23:00:00Z
09,323,Perušić,328,237,565,20,10,30,33,21,54,0,1,1,21,24,45,0,0,0,6,7,13,408,300,708,2021-12-31T23:00:00Z
09,37,Brinje,371,201,572,22,6,28,7,5,12,0,1,1,15,19,34,0,0,0,0,2,2,415,234,649,2021-12-31T23:00:00Z
09,387,Senj,728,629,1357,95,44,139,5,5,10,19,7,26,84,90,174,0,0,0,6,9,15,937,784,1721,2021-12-31T23:00:00Z
09,455,Plitvička Jezera,675,731,1406,42,22,64,60,14,74,2,5,7,174,134,308,0,0,0,6,0,6,959,906,1865,2021-12-31T23:00:00Z
09,467,Udbina,121,92,213,9,6,15,34,10,44,0,0,0,17,16,33,0,0,0,4,1,5,185,125,310,2021-12-31T23:00:00Z
09,512,Vrhovine,103,36,139,3,3,6,7,1,8,0,0,0,5,4,9,0,0,0,0,0,0,118,44,162,2021-12-31T23:00:00Z
09,84,Donji Lapac,99,75,174,7,4,11,24,8,32,0,0,0,11,4,15,0,0,0,0,0,0,141,91,232,2021-12-31T23:00:00Z
10,136,Gradina,77,102,179,13,8,21,134,43,177,2,0,2,37,28,65,0,0,0,0,0,0,263,181,444,2021-12-31T23:00:00Z
10,245,Lukač,201,117,318,14,5,19,46,16,62,1,0,1,62,28,90,0,0,0,0,0,0,324,166,490,2021-12-31T23:00:00Z
10,266,Mikleuš,75,52,127,9,2,11,16,7,23,0,0,0,12,10,22,0,0,0,0,0,0,112,71,183,2021-12-31T23:00:00Z
10,283,Nova Bukovica,41,49,90,9,5,14,36,6,42,1,0,1,21,18,39,0,0,0,1,0,1,109,78,187,2021-12-31T23:00:00Z
10,307,Orahovica,931,672,1603,69,39,108,11,3,14,10,11,21,101,98,199,0,0,0,9,6,15,1131,829,1960,2021-12-31T23:00:00Z
10,332,Pitomača,689,685,1374,79,44,123,158,85,243,2,8,10,182,163,345,0,0,0,1,10,11,1111,995,2106,2021-12-31T23:00:00Z
10,395,Slatina,1434,1401,2835,148,69,217,137,39,176,11,21,32,189,257,446,0,0,0,5,6,11,1924,1793,3717,2021-12-31T23:00:00Z
10,407,Sopje,149,42,191,4,1,5,87,21,108,0,0,0,21,21,42,0,0,0,0,0,0,261,85,346,2021-12-31T23:00:00Z
10,424,Suhopolje,255,291,546,27,19,46,104,42,146,1,1,2,50,49,99,0,0,0,2,1,3,439,403,842,2021-12-31T23:00:00Z
10,449,Špišić Bukovica,133,156,289,20,8,28,166,57,223,1,2,3,33,56,89,0,0,0,1,1,2,354,280,634,2021-12-31T23:00:00Z
10,491,Virovitica,3881,4045,7926,190,108,298,101,25,126,32,20,52,380,362,742,0,0,0,12,14,26,4596,4574,9170,2021-12-31T23:00:00Z
10,499,Voćin,144,99,243,11,3,14,25,33,58,0,0,0,9,4,13,0,0,0,0,0,0,189,139,328,2021-12-31T23:00:00Z
10,524,Zdenci,126,80,206,10,3,13,19,7,26,0,1,1,12,13,25,0,0,0,1,2,3,168,106,274,2021-12-31T23:00:00Z
10,54,Crnac,25,33,58,15,3,18,18,6,24,0,1,1,17,13,30,0,0,0,0,0,0,75,56,131,2021-12-31T23:00:00Z
10,56,Čačinci,162,101,263,20,14,34,19,10,29,0,3,3,27,31,58,0,0,0,0,2,2,228,161,389,2021-12-31T23:00:00Z
10,57,Čađavica,117,104,221,15,9,24,66,18,84,0,0,0,47,30,77,0,0,0,0,0,0,245,161,406,2021-12-31T23:00:00Z
11,164,Jakšić,132,114,246,29,4,33,23,5,28,0,2,2,50,16,66,0,0,0,0,0,0,234,141,375,2021-12-31T23:00:00Z
11,177,Kaptol,92,83,175,16,2,18,22,3,25,0,1,1,42,10,52,0,0,0,0,1,1,172,100,272,2021-12-31T23:00:00Z
11,221,Kutjevo,566,402,968,48,17,65,64,30,94,1,2,3,80,67,147,0,0,0,7,1,8,766,519,1285,2021-12-31T23:00:00Z
11,231,Lipik,774,622,1396,39,13,52,23,15,38,3,10,13,52,50,102,0,0,0,1,0,1,892,710,1602,2021-12-31T23:00:00Z
11,318,Pakrac,627,1110,1737,85,30,115,52,20,72,15,16,31,171,92,263,0,0,0,2,3,5,952,1271,2223,2021-12-31T23:00:00Z
11,334,Pleternica,580,437,1017,81,29,110,55,14,69,3,5,8,185,130,315,0,0,0,2,10,12,906,625,1531,2021-12-31T23:00:00Z
11,35,Brestovac,113,86,199,16,3,19,16,3,19,1,1,2,27,11,38,0,0,0,0,1,1,173,105,278,2021-12-31T23:00:00Z
11,351,Požega,5238,4341,9579,314,159,473,124,44,168,39,89,128,437,362,799,0,1,1,13,19,32,6165,5015,11180,2021-12-31T23:00:00Z
11,475,Velika,329,289,618,23,15,38,21,5,26,2,3,5,51,38,89,0,0,0,0,0,0,426,350,776,2021-12-31T23:00:00Z
11,58,Čaglin,93,157,250,9,2,11,18,7,25,0,1,1,16,11,27,0,0,0,1,0,1,137,178,315,2021-12-31T23:00:00Z
12,10,Bebrina,41,51,92,10,8,18,17,5,22,2,0,2,12,9,21,0,0,0,1,0,1,83,73,156,2021-12-31T23:00:00Z
12,118,Garčin,117,189,306,30,9,39,32,16,48,0,0,0,21,23,44,0,0,0,0,0,0,200,237,437,2021-12-31T23:00:00Z
12,127,Gornji Bogićevci,50,41,91,11,2,13,10,2,12,0,0,0,14,21,35,0,0,0,0,0,0,85,66,151,2021-12-31T23:00:00Z
12,140,Gundinci,84,70,154,13,3,16,47,24,71,0,0,0,13,7,20,0,0,0,1,0,1,158,104,262,2021-12-31T23:00:00Z
12,185,Klakar,85,65,150,14,3,17,22,4,26,0,1,1,12,13,25,0,0,0,2,0,2,135,86,221,2021-12-31T23:00:00Z
12,284,Nova Gradiška,2164,2064,4228,146,94,240,26,17,43,26,20,46,263,300,563,0,0,0,1,2,3,2626,2497,5123,2021-12-31T23:00:00Z
12,285,Nova Kapela,154,192,346,21,18,39,23,7,30,3,3,6,52,53,105,0,0,0,1,1,2,254,274,528,2021-12-31T23:00:00Z
12,299,Okučani,218,149,367,28,7,35,12,2,14,0,1,1,39,24,63,0,0,0,1,3,4,298,186,484,2021-12-31T23:00:00Z
12,303,Oprisavci,283,173,456,9,0,9,36,10,46,1,0,1,9,17,26,0,0,0,0,0,0,338,200,538,2021-12-31T23:00:00Z
12,309,Oriovac,281,278,559,41,22,63,19,10,29,2,3,5,69,60,129,0,0,0,0,2,2,412,375,787,2021-12-31T23:00:00Z
12,338,Podcrkavlje,34,34,68,17,1,18,7,3,10,0,1,1,24,3,27,0,0,0,0,0,0,82,42,124,2021-12-31T23:00:00Z
12,372,Rešetari,201,237,438,36,7,43,20,9,29,3,1,4,87,44,131,0,0,0,0,0,0,347,298,645,2021-12-31T23:00:00Z
12,388,Sibinj,131,245,376,55,18,73,19,0,19,0,0,0,58,35,93,0,0,0,3,3,6,266,301,567,2021-12-31T23:00:00Z
12,39,Brodski Stupnik,71,61,132,16,9,25,9,3,12,2,1,3,76,31,107,0,0,0,0,0,0,174,105,279,2021-12-31T23:00:00Z
12,396,Slavonski Brod,13429,9346,22775,618,342,960,46,32,78,79,89,168,926,941,1867,1,0,1,22,21,43,15121,10771,25892,2021-12-31T23:00:00Z
12,397,Slavonski Šamac,60,45,105,9,4,13,17,9,26,0,1,1,12,5,17,0,0,0,0,0,0,98,64,162,2021-12-31T23:00:00Z
12,412,Stara Gradiška,151,81,232,4,2,6,9,3,12,0,0,0,29,7,36,0,0,0,0,0,0,193,93,286,2021-12-31T23:00:00Z
12,418,Staro Petrovo Selo,191,118,309,34,8,42,41,15,56,1,1,2,93,49,142,0,0,0,0,2,2,360,193,553,2021-12-31T23:00:00Z
12,46,Cernik,146,184,330,31,12,43,9,6,15,3,2,5,53,23,76,0,0,0,0,2,2,242,229,471,2021-12-31T23:00:00Z
12,476,Velika Kopanica,161,105,266,28,7,35,29,17,46,1,1,2,35,30,65,0,0,0,0,2,2,254,162,416,2021-12-31T23:00:00Z
12,506,Vrbje,37,20,57,10,1,11,19,2,21,0,0,0,21,25,46,0,0,0,0,0,0,87,48,135,2021-12-31T23:00:00Z
12,514,Vrpolje,205,104,309,23,5,28,44,15,59,0,2,2,20,15,35,0,0,0,0,1,1,292,142,434,2021-12-31T23:00:00Z
12,567,Bukovlje,90,54,144,18,9,27,0,0,0,1,0,1,8,16,24,0,0,0,0,0,0,117,79,196,2021-12-31T23:00:00Z
12,568,Dragalić,27,46,73,7,1,8,7,2,9,0,0,0,4,6,10,0,0,0,0,1,1,45,56,101,2021-12-31T23:00:00Z
12,569,Gornja Vrba,365,109,474,13,3,16,1,1,2,1,1,2,26,17,43,0,0,0,0,1,1,406,132,538,2021-12-31T23:00:00Z
12,570,Sikirevci,38,46,84,21,3,24,38,14,52,0,0,0,14,10,24,0,0,0,1,1,2,112,74,186,2021-12-31T23:00:00Z
12,68,Davor,111,70,181,13,4,17,17,5,22,0,0,0,15,20,35,0,0,0,0,1,1,156,100,256,2021-12-31T23:00:00Z
12,81,Donji Andrijevci,172,114,286,21,10,31,20,5,25,1,1,2,28,20,48,0,0,0,0,4,4,242,154,396,2021-12-31T23:00:00Z
13,131,Gračac,244,261,505,22,16,38,65,29,94,2,1,3,42,34,76,0,0,0,0,2,2,375,343,718,2021-12-31T23:00:00Z
13,167,Jasenice,156,77,233,14,0,14,5,3,8,2,0,2,12,8,20,0,0,0,0,4,4,189,92,281,2021-12-31T23:00:00Z
13,17,Benkovac,1124,1044,2168,97,35,132,95,55,150,9,8,17,207,124,331,0,0,0,5,6,11,1537,1272,2809,2021-12-31T23:00:00Z
13,173,Kali,305,124,429,25,14,39,3,1,4,11,1,12,54,26,80,0,0,0,1,1,2,399,167,566,2021-12-31T23:00:00Z
13,20,Bibinje,200,213,413,53,20,73,4,0,4,2,2,4,69,63,132,0,0,0,0,5,5,328,303,631,2021-12-31T23:00:00Z
13,22,Biograd Na Moru,1101,1341,2442,115,60,175,27,15,42,17,7,24,140,190,330,0,0,0,6,21,27,1406,1634,3040,2021-12-31T23:00:00Z
13,234,Lišane Ostrovičke,21,30,51,8,2,10,0,0,0,0,0,0,12,8,20,0,0,0,0,0,0,41,40,81,2021-12-31T23:00:00Z
13,282,Nin,506,322,828,41,13,54,9,5,14,6,3,9,48,35,83,0,0,0,21,68,89,631,446,1077,2021-12-31T23:00:00Z
13,296,Obrovac,326,222,548,26,10,36,35,9,44,3,2,5,9,33,42,0,0,0,6,6,12,405,282,687,2021-12-31T23:00:00Z
13,316,Pag,482,416,898,55,23,78,33,10,43,6,5,11,49,40,89,0,0,0,12,8,20,637,502,1139,2021-12-31T23:00:00Z
13,317,Pakoštane,313,305,618,57,19,76,10,12,22,8,2,10,96,49,145,0,0,0,25,19,44,509,406,915,2021-12-31T23:00:00Z
13,320,Pašman,108,108,216,40,12,52,4,3,7,13,0,13,36,27,63,0,0,0,1,1,2,202,151,353,2021-12-31T23:00:00Z
13,344,Polača,114,68,182,16,5,21,4,2,6,2,0,2,7,15,22,0,0,0,1,3,4,144,93,237,2021-12-31T23:00:00Z
13,345,Poličnik,435,339,774,47,6,53,8,6,14,9,1,10,45,20,65,0,0,0,1,2,3,545,374,919,2021-12-31T23:00:00Z
13,349,Posedarje,152,181,333,33,11,44,5,8,13,7,2,9,33,31,64,0,0,0,1,5,6,231,238,469,2021-12-31T23:00:00Z
13,354,Preko,260,429,689,43,11,54,5,5,10,33,3,36,44,27,71,0,0,0,3,10,13,388,485,873,2021-12-31T23:00:00Z
13,371,Ražanac,79,88,167,24,7,31,6,8,14,15,1,16,24,11,35,0,0,0,3,2,5,151,117,268,2021-12-31T23:00:00Z
13,379,Sali,156,135,291,38,9,47,6,2,8,8,2,10,23,14,37,0,0,0,3,6,9,234,168,402,2021-12-31T23:00:00Z
13,411,Stankovci,225,131,356,26,4,30,6,3,9,0,1,1,32,16,48,0,0,0,0,1,1,289,156,445,2021-12-31T23:00:00Z
13,416,Starigrad,121,130,251,42,25,67,7,2,9,2,0,2,27,33,60,0,0,0,4,18,22,203,208,411,2021-12-31T23:00:00Z
13,425,Sukošan,380,283,663,58,18,76,10,4,14,8,2,10,51,52,103,0,0,0,1,7,8,508,366,874,2021-12-31T23:00:00Z
13,428,Sveti Filip I Jakov,205,334,539,35,19,54,8,4,12,15,3,18,36,45,81,0,0,0,1,2,3,300,407,707,2021-12-31T23:00:00Z
13,445,Škabrnje,68,74,142,25,3,28,3,1,4,2,1,3,13,7,20,0,0,0,1,2,3,112,88,200,2021-12-31T23:00:00Z
13,489,Vir,274,257,531,47,12,59,2,2,4,1,1,2,23,38,61,0,0,0,4,2,6,351,312,663,2021-12-31T23:00:00Z
13,520,Zadar,14578,15769,30347,1054,583,1637,48,29,77,665,208,873,1273,1395,2668,2,0,2,150,161,311,17770,18145,35915,2021-12-31T23:00:00Z
13,525,Zemunik Donji,110,164,274,17,5,22,2,2,4,0,0,0,29,9,38,0,0,0,33,46,79,191,226,417,2021-12-31T23:00:00Z
13,537,Novigrad,64,85,149,26,2,28,4,4,8,5,1,6,27,10,37,0,0,0,1,3,4,127,105,232,2021-12-31T23:00:00Z
13,571,Galovac,28,61,89,10,1,11,4,4,8,2,2,4,8,9,17,0,0,0,0,2,2,52,79,131,2021-12-31T23:00:00Z
13,572,Kukljica,41,40,81,16,2,18,1,0,1,4,1,5,26,7,33,0,0,0,1,1,2,89,51,140,2021-12-31T23:00:00Z
13,573,Povljana,45,29,74,16,3,19,5,2,7,3,0,3,6,6,12,0,0,0,1,1,2,76,41,117,2021-12-31T23:00:00Z
13,574,Privlaka,117,118,235,17,10,27,0,2,2,11,0,11,20,13,33,0,0,0,5,3,8,170,146,316,2021-12-31T23:00:00Z
13,575,Tkon,85,60,145,23,5,28,2,2,4,2,0,2,44,20,64,0,0,0,1,2,3,157,89,246,2021-12-31T23:00:00Z
13,622,Kolan,112,72,184,21,3,24,4,2,6,1,0,1,18,17,35,0,0,0,2,2,4,158,96,254,2021-12-31T23:00:00Z
13,625,Vrsi,94,58,152,11,5,16,6,4,10,17,0,17,27,24,51,0,0,0,6,1,7,161,92,253,2021-12-31T23:00:00Z
14,103,Đakovo,2841,2852,5693,482,213,695,201,93,294,29,38,67,668,579,1247,0,0,0,11,13,24,4232,3788,8020,2021-12-31T23:00:00Z
14,106,Đurđenovac,542,544,1086,41,13,54,20,15,35,0,7,7,74,45,119,0,0,0,4,0,4,681,624,1305,2021-12-31T23:00:00Z
14,110,Erdut,300,206,506,38,18,56,56,14,70,2,6,8,55,44,99,0,0,0,1,0,1,452,288,740,2021-12-31T23:00:00Z
14,111,Ernestinovo,66,202,268,5,2,7,25,8,33,2,1,3,7,11,18,0,0,0,1,0,1,106,224,330,2021-12-31T23:00:00Z
14,116,Feričanci,124,110,234,24,5,29,3,0,3,0,2,2,42,15,57,0,0,0,0,0,0,193,132,325,2021-12-31T23:00:00Z
14,124,Gorjani,126,150,276,18,4,22,15,8,23,0,0,0,14,5,19,0,0,0,0,0,0,173,167,340,2021-12-31T23:00:00Z
14,13,Beli Manastir,1083,1106,2189,77,42,119,58,34,92,9,12,21,113,98,211,0,0,0,3,1,4,1343,1293,2636,2021-12-31T23:00:00Z
14,16,Belišće,1663,634,2297,68,31,99,28,7,35,2,7,9,88,98,186,0,0,0,1,3,4,1850,780,2630,2021-12-31T23:00:00Z
14,195,Kneževi Vinogradi,219,289,508,33,6,39,35,6,41,1,2,3,57,71,128,0,0,0,1,0,1,346,374,720,2021-12-31T23:00:00Z
14,2,Antunovac,158,140,298,31,12,43,14,6,20,1,0,1,16,11,27,0,0,0,0,0,0,220,169,389,2021-12-31T23:00:00Z
14,205,Koška,190,168,358,25,5,30,28,8,36,2,4,6,36,25,61,0,0,0,2,2,4,283,212,495,2021-12-31T23:00:00Z
14,21,Bilje,292,274,566,46,21,67,19,12,31,2,5,7,64,47,111,0,0,0,1,2,3,424,361,785,2021-12-31T23:00:00Z
14,23,Bizovac,222,245,467,27,11,38,24,11,35,2,3,5,25,35,60,0,0,0,7,13,20,307,318,625,2021-12-31T23:00:00Z
14,230,Levanjska Varoš,38,52,90,3,1,4,11,8,19,0,0,0,0,4,4,0,0,0,0,1,1,52,66,118,2021-12-31T23:00:00Z
14,257,Marijanci,102,70,172,7,5,12,12,0,12,0,0,0,18,20,38,0,0,0,1,1,2,140,96,236,2021-12-31T23:00:00Z
14,271,Moslavina Podravska,21,45,66,4,2,6,17,6,23,0,0,0,13,10,23,0,0,0,0,0,0,55,63,118,2021-12-31T23:00:00Z
14,278,Našice,2168,1781,3949,168,84,252,58,24,82,24,36,60,263,228,491,0,0,0,11,5,16,2692,2158,4850,2021-12-31T23:00:00Z
14,312,Osijek,23814,22310,46124,918,657,1575,110,40,150,174,185,359,761,1125,1886,1,0,1,42,32,74,25820,24349,50169,2021-12-31T23:00:00Z
14,325,Petlovac,47,28,75,4,4,8,13,0,13,0,0,0,14,7,21,0,0,0,0,0,0,78,39,117,2021-12-31T23:00:00Z
14,327,Petrijevci,284,209,493,19,3,22,5,4,9,0,1,1,10,7,17,0,0,0,3,3,6,321,227,548,2021-12-31T23:00:00Z
14,340,Podgorač,109,107,216,25,7,32,27,5,32,1,4,5,19,29,48,0,0,0,0,0,0,181,152,333,2021-12-31T23:00:00Z
14,346,Popovac,50,58,108,2,3,5,5,5,10,0,0,0,6,7,13,0,0,0,0,0,0,63,73,136,2021-12-31T23:00:00Z
14,361,Punitovci,48,54,102,22,3,25,17,4,21,0,0,0,36,7,43,0,0,0,0,0,0,123,68,191,2021-12-31T23:00:00Z
14,381,Satnica Đakovačka,110,83,193,22,5,27,10,3,13,0,0,0,44,29,73,0,0,0,0,0,0,186,120,306,2021-12-31T23:00:00Z
14,386,Semeljci,238,202,440,46,18,64,57,26,83,1,1,2,75,43,118,0,0,0,0,1,1,417,291,708,2021-12-31T23:00:00Z
14,421,Strizivojna,321,300,621,17,8,25,18,3,21,0,0,0,19,10,29,0,0,0,1,1,2,376,322,698,2021-12-31T23:00:00Z
14,461,Trnava,52,57,109,6,3,9,13,7,20,0,0,0,13,3,16,0,0,0,0,0,0,84,70,154,2021-12-31T23:00:00Z
14,471,Valpovo,865,1069,1934,70,57,127,49,18,67,13,23,36,82,104,186,0,0,0,8,9,17,1087,1280,2367,2021-12-31T23:00:00Z
14,485,Viljevo,43,72,115,11,0,11,24,5,29,0,0,0,16,9,25,0,0,0,0,1,1,94,87,181,2021-12-31T23:00:00Z
14,494,Viškovci,209,211,420,23,6,29,16,5,21,0,0,0,20,5,25,0,0,0,1,0,1,269,227,496,2021-12-31T23:00:00Z
14,517,Vuka,40,63,103,16,2,18,15,4,19,0,0,0,19,10,29,0,0,0,0,0,0,90,79,169,2021-12-31T23:00:00Z
14,576,Donja Motičina,24,60,84,9,3,12,1,1,2,0,0,0,13,8,21,0,0,0,0,0,0,47,72,119,2021-12-31T23:00:00Z
14,578,Magadenovac,90,116,206,5,2,7,28,10,38,0,1,1,22,23,45,0,0,0,0,0,0,145,152,297,2021-12-31T23:00:00Z
14,579,Vladislavci,136,126,262,3,0,3,6,4,10,0,0,0,7,5,12,0,0,0,0,0,0,152,135,287,2021-12-31T23:00:00Z
14,609,Jagodnjak,119,64,183,7,2,9,25,6,31,0,0,0,9,5,14,0,0,0,0,0,0,160,77,237,2021-12-31T23:00:00Z
14,614,Šodolovci,25,34,59,0,0,0,0,0,0,0,0,0,8,4,12,0,0,0,0,0,0,33,38,71,2021-12-31T23:00:00Z
14,64,Čeminac,66,92,158,12,0,12,5,2,7,0,0,0,16,9,25,0,0,0,0,0,0,99,103,202,2021-12-31T23:00:00Z
14,65,Čepin,674,472,1146,99,30,129,53,29,82,4,5,9,122,95,217,0,0,0,3,5,8,955,636,1591,2021-12-31T23:00:00Z
14,66,Darda,1728,854,2582,54,29,83,36,5,41,2,4,6,60,47,107,0,0,0,1,1,2,1881,940,2821,2021-12-31T23:00:00Z
14,86,Donji Miholjac,1149,949,2098,91,51,142,160,35,195,4,15,19,157,116,273,0,0,0,1,3,4,1562,1169,2731,2021-12-31T23:00:00Z
14,91,Draž,79,130,209,10,3,13,16,5,21,0,0,0,7,10,17,0,0,0,1,1,2,113,149,262,2021-12-31T23:00:00Z
14,94,Drenje,96,137,233,32,6,38,47,18,65,0,1,1,16,21,37,0,0,0,0,0,0,191,183,374,2021-12-31T23:00:00Z
15,113,Ervenik,40,51,91,1,0,1,4,1,5,0,0,0,2,2,4,0,0,0,0,0,0,47,54,101,2021-12-31T23:00:00Z
15,183,Kijevo,32,32,64,2,0,2,0,0,0,0,0,0,0,0,0,0,0,0,0,0,0,34,32,66,2021-12-31T23:00:00Z
15,184,Kistanje,55,77,132,15,4,19,1,1,2,1,0,1,13,9,22,0,0,0,0,0,0,85,91,176,2021-12-31T23:00:00Z
15,196,Knin,1516,1467,2983,127,69,196,59,19,78,32,5,37,124,146,270,0,0,0,2,2,4,1860,1708,3568,2021-12-31T23:00:00Z
15,298,Promina,107,100,207,1,1,2,1,2,3,0,0,0,1,1,2,0,0,0,0,0,0,110,104,214,2021-12-31T23:00:00Z
15,310,Biskupija,97,29,126,1,0,1,2,1,3,1,0,1,0,0,0,0,0,0,0,0,0,101,30,131,2021-12-31T23:00:00Z
15,357,Primošten,255,263,518,76,20,96,5,1,6,7,0,7,44,28,72,0,1,1,4,3,7,391,316,707,2021-12-31T23:00:00Z
15,377,Ružić,28,41,69,4,0,4,6,5,11,0,0,0,3,8,11,0,0,0,0,0,0,41,54,95,2021-12-31T23:00:00Z
15,394,Skradin,113,139,252,43,12,55,21,8,29,3,2,5,25,23,48,0,0,0,3,1,4,208,185,393,2021-12-31T23:00:00Z
15,444,Šibenik,7751,8159,15910,621,339,960,39,15,54,198,95,293,586,646,1232,0,0,0,29,52,81,9224,9306,18530,2021-12-31T23:00:00Z
15,454,Tisno,312,253,565,96,27,123,4,0,4,6,3,9,52,47,99,0,0,0,1,4,5,471,334,805,2021-12-31T23:00:00Z
15,469,Unešić,44,66,110,10,0,10,4,1,5,1,0,1,18,6,24,0,0,0,0,0,0,77,73,150,2021-12-31T23:00:00Z
15,500,Vodice,819,960,1779,251,84,335,14,4,18,13,10,23,235,129,364,0,0,0,16,46,62,1348,1233,2581,2021-12-31T23:00:00Z
15,51,Civljane,49,9,58,1,1,2,0,0,0,0,0,0,3,3,6,0,0,0,0,0,0,53,13,66,2021-12-31T23:00:00Z
15,581,Pirovac,140,154,294,28,12,40,6,2,8,1,2,3,47,32,79,0,0,0,0,0,0,222,202,424,2021-12-31T23:00:00Z
15,582,Rogoznica,237,207,444,47,11,58,2,1,3,9,1,10,38,41,79,0,0,0,2,2,4,335,263,598,2021-12-31T23:00:00Z
15,617,Murter,239,253,492,46,26,72,5,1,6,17,3,20,58,36,94,0,0,0,12,10,22,377,329,706,2021-12-31T23:00:00Z
15,621,Bilice,77,44,121,25,6,31,0,0,0,5,0,5,16,11,27,0,0,0,0,0,0,123,61,184,2021-12-31T23:00:00Z
15,626,Tribunj,76,90,166,19,10,29,1,0,1,6,0,6,51,24,75,0,0,0,1,1,2,154,125,279,2021-12-31T23:00:00Z
15,95,Drniš,899,619,1518,72,51,123,52,22,74,6,5,11,87,85,172,0,0,0,1,1,2,1117,783,1900,2021-12-31T23:00:00Z
16,1,Andrijaševci,72,104,176,26,13,39,12,6,18,2,1,3,32,32,64,0,0,0,0,3,3,144,159,303,2021-12-31T23:00:00Z
16,137,Gradište,91,97,188,17,4,21,32,4,36,0,1,1,13,17,30,0,0,0,0,1,1,153,124,277,2021-12-31T23:00:00Z
16,141,Gunja,199,111,310,28,9,37,45,15,60,2,1,3,39,7,46,0,0,0,0,3,3,313,146,459,2021-12-31T23:00:00Z
16,154,Ilok,454,535,989,66,24,90,48,18,66,1,3,4,105,90,195,0,0,0,0,4,4,674,674,1348,2021-12-31T23:00:00Z
16,159,Ivankovo,334,398,732,69,31,100,51,13,64,2,5,7,119,60,179,0,0,0,3,2,5,578,509,1087,2021-12-31T23:00:00Z
16,166,Jarmina,28,73,101,14,6,20,27,11,38,0,2,2,18,14,32,0,0,0,1,5,6,88,111,199,2021-12-31T23:00:00Z
16,239,Lovas,55,65,120,6,0,6,14,1,15,1,0,1,5,6,11,0,0,0,0,0,0,81,72,153,2021-12-31T23:00:00Z
16,26,Bogdanovci,27,16,43,3,0,3,7,4,11,0,0,0,17,6,23,0,0,0,0,0,0,54,26,80,2021-12-31T23:00:00Z
16,29,Borovo,68,106,174,43,14,57,26,7,33,2,3,5,58,75,133,0,0,0,2,2,4,199,207,406,2021-12-31T23:00:00Z
16,294,Nuštar,232,303,535,34,19,53,26,6,32,2,2,4,37,28,65,0,0,0,1,1,2,332,359,691,2021-12-31T23:00:00Z
16,295,Nijemci,179,182,361,23,7,30,92,26,118,1,1,2,46,28,74,0,0,0,0,2,2,341,246,587,2021-12-31T23:00:00Z
16,3,Babina Greda,129,136,265,29,13,42,76,28,104,3,0,3,29,38,67,0,0,0,1,1,2,267,216,483,2021-12-31T23:00:00Z
16,32,Bošnjaci,125,101,226,23,6,29,36,7,43,3,0,3,31,33,64,0,0,0,0,0,0,218,147,365,2021-12-31T23:00:00Z
16,414,Stari Jankovci,127,122,249,21,3,24,38,9,47,1,0,1,33,18,51,0,0,0,0,1,1,220,153,373,2021-12-31T23:00:00Z
16,415,Stari Mikanovci,93,126,219,17,11,28,21,12,33,2,1,3,29,38,67,0,0,0,0,0,0,162,188,350,2021-12-31T23:00:00Z
16,44,Cerna,411,207,618,37,22,59,47,19,66,2,1,3,74,60,134,0,0,0,1,0,1,572,309,881,2021-12-31T23:00:00Z
16,456,Tompojevci,18,38,56,15,4,19,39,12,51,0,0,0,14,10,24,0,0,0,0,0,0,86,64,150,2021-12-31T23:00:00Z
16,458,Tordinci,93,89,182,7,2,9,11,0,11,1,0,1,9,9,18,0,0,0,0,0,0,121,100,221,2021-12-31T23:00:00Z
16,459,Tovarnik,139,126,265,20,3,23,47,23,70,1,1,2,10,18,28,0,0,0,1,1,2,218,172,390,2021-12-31T23:00:00Z
16,464,Trpinja,112,189,301,24,8,32,83,15,98,2,0,2,31,23,54,0,0,0,0,0,0,252,235,487,2021-12-31T23:00:00Z
16,487,Vinkovci,8049,6384,14433,291,183,474,46,22,68,56,52,108,452,623,1075,1,0,1,11,15,26,8906,7279,16185,2021-12-31T23:00:00Z
16,505,Vrbanja,269,116,385,27,12,39,67,16,83,2,1,3,31,30,61,0,0,0,0,0,0,396,175,571,2021-12-31T23:00:00Z
16,518,Vukovar,4344,4589,8933,291,142,433,97,40,137,25,30,55,404,408,812,0,0,0,6,11,17,5167,5220,10387,2021-12-31T23:00:00Z
16,534,Županja,2121,1531,3652,139,54,193,37,10,47,20,20,40,175,192,367,1,0,1,5,6,11,2498,1813,4311,2021-12-31T23:00:00Z
16,535,Otok (Vinkovci),401,269,670,36,20,56,62,12,74,6,1,7,72,54,126,0,0,0,2,2,4,579,358,937,2021-12-31T23:00:00Z
16,583,Privlaka,101,77,178,16,4,20,22,9,31,0,2,2,14,18,32,0,0,0,0,0,0,153,110,263,2021-12-31T23:00:00Z
16,584,Vođinci,41,152,193,14,2,16,7,5,12,0,1,1,18,12,30,0,0,0,0,1,1,80,173,253,2021-12-31T23:00:00Z
16,610,Markušica,40,50,90,10,4,14,52,15,67,0,1,1,11,13,24,0,0,0,1,1,2,114,84,198,2021-12-31T23:00:00Z
16,612,Negoslavci,27,13,40,5,1,6,12,3,15,1,0,1,15,15,30,0,0,0,0,0,0,60,32,92,2021-12-31T23:00:00Z
16,628,Štitar,81,58,139,6,0,6,12,4,16,0,1,1,10,10,20,0,0,0,0,0,0,109,73,182,2021-12-31T23:00:00Z
16,92,Drenovci,107,162,269,40,5,45,106,37,143,1,1,2,44,43,87,0,0,0,0,1,1,298,249,547,2021-12-31T23:00:00Z
17,100,Dugi Rat,518,583,1101,79,34,113,1,2,3,30,4,34,137,94,231,0,0,0,9,17,26,774,734,1508,2021-12-31T23:00:00Z
17,134,Gradac,123,147,270,37,13,50,5,1,6,3,2,5,17,23,40,0,0,0,8,23,31,193,209,402,2021-12-31T23:00:00Z
17,148,Hrvace,280,215,495,40,16,56,6,7,13,2,3,5,49,43,92,0,0,0,1,2,3,378,286,664,2021-12-31T23:00:00Z
17,153,Hvar,493,515,1008,166,58,224,16,10,26,19,8,27,118,108,226,3,0,3,40,54,94,855,753,1608,2021-12-31T23:00:00Z
17,155,Imotski,1332,1363,2695,166,94,260,13,7,20,30,14,44,125,182,307,0,0,0,11,12,23,1677,1672,3349,2021-12-31T23:00:00Z
17,171,Jelsa,291,288,579,82,22,104,34,13,47,10,1,11,96,47,143,0,0,0,17,8,25,530,379,909,2021-12-31T23:00:00Z
17,181,Kaštela,3366,3720,7086,489,233,722,19,15,34,150,38,188,490,526,1016,0,0,0,83,46,129,4597,4578,9175,2021-12-31T23:00:00Z
17,192,Klis,237,182,419,31,9,40,7,3,10,18,1,19,51,33,84,0,0,0,0,2,2,344,230,574,2021-12-31T23:00:00Z
17,197,Komiža,123,123,246,56,12,68,4,0,4,4,2,6,24,22,46,0,0,0,7,13,20,218,172,390,2021-12-31T23:00:00Z
17,243,Lovreć,125,99,224,16,7,23,4,0,4,1,0,1,28,14,42,0,0,0,2,2,4,176,122,298,2021-12-31T23:00:00Z
17,249,Makarska,2322,2269,4591,255,159,414,2,1,3,49,29,78,323,323,646,0,0,0,58,123,181,3009,2904,5913,2021-12-31T23:00:00Z
17,258,Marina,195,240,435,59,21,80,5,7,12,13,1,14,34,43,77,1,0,1,2,1,3,309,313,622,2021-12-31T23:00:00Z
17,267,Milna,72,82,154,23,5,28,5,1,6,4,0,4,14,21,35,0,0,0,4,5,9,122,114,236,2021-12-31T23:00:00Z
17,27,Bol,241,314,555,46,15,61,4,2,6,3,2,5,51,21,72,0,0,0,14,17,31,359,371,730,2021-12-31T23:00:00Z
17,280,Nerežišća,151,58,209,18,2,20,4,2,6,2,0,2,22,13,35,0,0,0,1,0,1,198,75,273,2021-12-31T23:00:00Z
17,300,Omiš,1448,1644,3092,209,78,287,13,5,18,41,16,57,281,261,542,0,0,0,13,30,43,2005,2034,4039,2021-12-31T23:00:00Z
17,314,Otok,175,227,402,51,20,71,11,0,11,4,1,5,78,49,127,0,0,0,0,1,1,319,298,617,2021-12-31T23:00:00Z
17,337,Podbablje,283,180,463,34,3,37,5,0,5,2,1,3,17,35,52,0,0,0,0,2,2,341,221,562,2021-12-31T23:00:00Z
17,339,Podgora,195,170,365,44,8,52,1,2,3,1,0,1,29,18,47,0,0,0,37,27,64,307,225,532,2021-12-31T23:00:00Z
17,341,Podstrana,811,667,1478,64,22,86,16,4,20,43,3,46,66,90,156,1,0,1,7,27,34,1008,813,1821,2021-12-31T23:00:00Z
17,350,Postira,257,226,483,34,17,51,9,3,12,0,3,3,9,13,22,0,0,0,3,1,4,312,263,575,2021-12-31T23:00:00Z
17,358,Pučišća,221,128,349,46,6,52,7,7,14,5,0,5,37,12,49,0,0,0,4,1,5,320,154,474,2021-12-31T23:00:00Z
17,382,Seget,456,347,803,33,6,39,8,3,11,8,2,10,159,69,228,0,0,0,7,10,17,671,437,1108,2021-12-31T23:00:00Z
17,383,Selca,140,118,258,43,13,56,10,4,14,5,1,6,69,25,94,0,0,0,1,3,4,268,164,432,2021-12-31T23:00:00Z
17,389,Sinj,1904,2027,3931,277,144,421,57,20,77,40,42,82,312,389,701,0,0,0,11,16,27,2601,2638,5239,2021-12-31T23:00:00Z
17,406,Solin,3635,3077,6712,258,137,395,12,6,18,130,39,169,288,297,585,0,0,0,9,6,15,4332,3562,7894,2021-12-31T23:00:00Z
17,409,Split,34698,38164,72862,1539,1085,2624,64,43,107,2154,452,2606,1463,2149,3612,4,1,5,185,211,396,40107,42105,82212,2021-12-31T23:00:00Z
17,413,Stari Grad,317,302,619,66,18,84,23,14,37,5,4,9,39,32,71,0,0,0,22,15,37,472,385,857,2021-12-31T23:00:00Z
17,423,Sućuraj,23,22,45,22,2,24,4,2,6,1,0,1,10,5,15,0,0,0,0,1,1,60,32,92,2021-12-31T23:00:00Z
17,427,Supetar,559,700,1259,103,59,162,20,7,27,22,8,30,109,119,228,0,0,0,11,5,16,824,898,1722,2021-12-31T23:00:00Z
17,443,Šestanovac,129,152,281,30,6,36,9,1,10,1,2,3,21,23,44,0,0,0,3,0,3,193,184,377,2021-12-31T23:00:00Z
17,447,Šolta,171,118,289,13,4,17,9,2,11,9,0,9,5,13,18,0,0,0,13,9,22,220,146,366,2021-12-31T23:00:00Z
17,460,Trilj,497,595,1092,117,29,146,19,7,26,12,2,14,100,132,232,0,0,0,0,5,5,745,770,1515,2021-12-31T23:00:00Z
17,463,Trogir,1713,1777,3490,312,139,451,16,4,20,58,38,96,271,369,640,0,0,0,25,44,69,2395,2371,4766,2021-12-31T23:00:00Z
17,492,Vis,221,247,468,39,13,52,17,3,20,6,2,8,33,25,58,0,0,0,21,17,38,337,307,644,2021-12-31T23:00:00Z
17,50,Cista Provo,126,164,290,24,3,27,7,0,7,0,0,0,5,7,12,0,0,0,1,2,3,163,176,339,2021-12-31T23:00:00Z
17,511,Vrgorac,945,703,1648,53,25,78,24,14,38,5,6,11,51,82,133,0,0,0,0,3,3,1078,833,1911,2021-12-31T23:00:00Z
17,513,Vrlika,89,226,315,15,3,18,15,5,20,2,0,2,26,3,29,0,0,0,1,0,1,148,237,385,2021-12-31T23:00:00Z
17,522,Zagvozd,137,77,214,16,2,18,2,0,2,1,0,1,12,7,19,0,0,0,0,0,0,168,86,254,2021-12-31T23:00:00Z
17,528,Zmijavci,93,121,214,6,3,9,1,1,2,2,0,2,29,13,42,0,0,0,1,1,2,132,139,271,2021-12-31T23:00:00Z
17,585,Dugopolje,1472,777,2249,39,11,50,5,4,9,11,2,13,63,48,111,0,0,0,0,0,0,1590,842,2432,2021-12-31T23:00:00Z
17,586,Lećevica,12,39,51,5,0,5,1,1,2,0,0,0,2,0,2,0,0,0,1,0,1,21,40,61,2021-12-31T23:00:00Z
17,587,Lokvičići,32,27,59,1,0,1,2,0,2,0,0,0,2,2,4,0,0,0,1,0,1,38,29,67,2021-12-31T23:00:00Z
17,588,Okrug,142,201,343,28,7,35,1,0,1,13,5,18,94,29,123,0,0,0,7,13,20,285,255,540,2021-12-31T23:00:00Z
17,589,Prgomet,36,38,74,7,0,7,1,1,2,0,0,0,1,1,2,0,0,0,0,0,0,45,40,85,2021-12-31T23:00:00Z
17,590,Primorski Dolac,14,62,76,5,1,6,1,2,3,0,1,1,2,3,5,0,0,0,0,0,0,22,69,91,2021-12-31T23:00:00Z
17,591,Runovići,69,69,138,10,1,11,0,1,1,0,2,2,28,38,66,0,0,0,0,1,1,107,112,219,2021-12-31T23:00:00Z
17,592,Sutivan,82,69,151,11,4,15,5,1,6,6,1,7,18,8,26,0,0,0,4,3,7,126,86,212,2021-12-31T23:00:00Z
17,593,Tučepi,203,158,361,22,13,35,1,1,2,3,3,6,30,19,49,0,0,0,7,36,43,266,230,496,2021-12-31T23:00:00Z
17,595,Zadvarje,26,25,51,7,1,8,1,1,2,0,0,0,11,5,16,0,0,0,0,2,2,45,34,79,2021-12-31T23:00:00Z
17,72,Dicmo,356,193,549,34,17,51,4,3,7,2,1,3,31,40,71,0,0,0,0,2,2,427,256,683,2021-12-31T23:00:00Z
17,77,Brela,192,171,363,23,10,33,0,1,1,1,1,2,17,22,39,0,0,0,4,9,13,237,214,451,2021-12-31T23:00:00Z
17,87,Muć,185,195,380,18,3,21,2,4,6,3,4,7,15,12,27,0,0,0,1,1,2,224,219,443,2021-12-31T23:00:00Z
17,88,Proložac,206,195,401,15,5,20,2,4,6,0,0,0,33,20,53,0,0,0,3,2,5,259,226,485,2021-12-31T23:00:00Z
17,9,Baška Voda,208,223,431,52,22,74,1,0,1,4,2,6,53,41,94,0,0,0,9,29,38,327,317,644,2021-12-31T23:00:00Z
18,132,Gračišće,40,26,66,27,4,31,10,3,13,0,0,0,37,9,46,0,0,0,0,0,0,114,42,156,2021-12-31T23:00:00Z
18,138,Grožnjan,24,19,43,14,2,16,14,5,19,0,0,0,10,12,22,0,0,0,0,2,2,62,40,102,2021-12-31T23:00:00Z
18,175,Kanfanar,509,208,717,28,6,34,4,1,5,2,0,2,21,21,42,0,0,0,2,4,6,566,240,806,2021-12-31T23:00:00Z
18,217,Kršan,307,290,597,49,14,63,7,3,10,5,0,5,114,54,168,0,0,0,1,3,4,483,364,847,2021-12-31T23:00:00Z
18,222,Labin,2517,2278,4795,248,118,366,19,10,29,28,37,65,271,220,491,0,0,0,68,91,159,3151,2754,5905,2021-12-31T23:00:00Z
18,223,Lanišće,13,14,27,4,0,4,2,0,2,0,0,0,6,3,9,0,0,0,1,1,2,26,18,44,2021-12-31T23:00:00Z
18,235,Ližnjan,135,103,238,10,3,13,2,0,2,2,0,2,24,29,53,0,0,0,7,20,27,180,155,335,2021-12-31T23:00:00Z
18,246,Lupoglav,194,89,283,12,4,16,6,2,8,0,1,1,13,13,26,0,0,0,1,1,2,226,110,336,2021-12-31T23:00:00Z
18,254,Marčana,156,199,355,37,13,50,4,2,6,4,1,5,46,21,67,0,0,0,3,1,4,250,237,487,2021-12-31T23:00:00Z
18,263,Medulin,544,513,1057,65,33,98,6,2,8,9,6,15,79,103,182,0,0,0,25,30,55,728,687,1415,2021-12-31T23:00:00Z
18,274,Motovun,96,98,194,35,13,48,21,6,27,0,1,1,43,26,69,0,0,0,1,9,10,196,153,349,2021-12-31T23:00:00Z
18,291,Novigrad,789,901,1690,116,47,163,16,3,19,3,9,12,115,99,214,0,0,0,10,39,49,1049,1098,2147,2021-12-31T23:00:00Z
18,304,Oprtalj,65,82,147,11,5,16,14,1,15,0,0,0,9,10,19,0,0,0,3,2,5,102,100,202,2021-12-31T23:00:00Z
18,321,Pazin,1963,1988,3951,304,119,423,53,27,80,15,21,36,300,198,498,0,0,0,5,17,22,2640,2370,5010,2021-12-31T23:00:00Z
18,330,Pićan,349,161,510,31,8,39,2,5,7,2,1,3,50,17,67,0,0,0,1,1,2,435,193,628,2021-12-31T23:00:00Z
18,348,Poreč,4380,4184,8564,606,301,907,47,19,66,56,50,106,484,410,894,0,0,0,171,198,369,5744,5162,10906,2021-12-31T23:00:00Z
18,359,Pula,12620,12545,25165,1213,660,1873,66,47,113,300,168,468,857,1027,1884,0,0,0,138,103,241,15194,14550,29744,2021-12-31T23:00:00Z
18,368,Raša,266,149,415,29,8,37,1,0,1,2,1,3,42,25,67,0,0,0,2,1,3,342,184,526,2021-12-31T23:00:00Z
18,374,Rovinj,2742,2920,5662,378,204,582,30,12,42,31,35,66,402,308,710,1,0,1,51,147,198,3635,3626,7261,2021-12-31T23:00:00Z
18,40,Brtonigla,115,92,207,41,12,53,23,9,32,1,1,2,39,45,84,0,0,0,7,4,11,226,163,389,2021-12-31T23:00:00Z
18,42,Buje,762,752,1514,94,46,140,29,14,43,8,8,16,60,61,121,0,0,0,3,4,7,956,885,1841,2021-12-31T23:00:00Z
18,43,Buzet,1488,1035,2523,170,66,236,23,14,37,5,4,9,123,112,235,0,0,0,7,7,14,1816,1238,3054,2021-12-31T23:00:00Z
18,431,Sveti Lovreč,53,52,105,20,8,28,3,0,3,0,1,1,40,20,60,0,0,0,0,0,0,116,81,197,2021-12-31T23:00:00Z
18,432,Sveta Nedelja,152,119,271,27,7,34,7,3,10,4,0,4,42,18,60,0,0,0,6,4,10,238,151,389,2021-12-31T23:00:00Z
18,433,Sveti Petar U Šumi,159,104,263,20,5,25,2,3,5,0,0,0,15,4,19,0,0,0,1,1,2,197,117,314,2021-12-31T23:00:00Z
18,435,Svetvinčenat,131,101,232,17,6,23,2,0,2,1,1,2,22,18,40,0,0,0,0,3,3,173,129,302,2021-12-31T23:00:00Z
18,453,Tinjan,185,102,287,39,8,47,5,1,6,2,3,5,53,27,80,0,0,0,1,1,2,285,142,427,2021-12-31T23:00:00Z
18,468,Umag,2468,2087,4555,368,156,524,30,18,48,31,33,64,289,281,570,0,0,0,56,90,146,3242,2665,5907,2021-12-31T23:00:00Z
18,47,Cerovlje,107,47,154,35,3,38,4,5,9,2,0,2,24,17,41,0,0,0,0,2,2,172,74,246,2021-12-31T23:00:00Z
18,497,Višnjan,291,245,536,44,12,56,10,4,14,1,1,2,99,35,134,0,0,0,3,1,4,448,298,746,2021-12-31T23:00:00Z
18,498,Vižinada,76,49,125,25,5,30,15,5,20,1,0,1,29,22,51,0,0,0,0,1,1,146,82,228,2021-12-31T23:00:00Z
18,5,Bale,115,100,215,21,17,38,2,2,4,0,0,0,35,12,47,0,0,0,3,1,4,176,132,308,2021-12-31T23:00:00Z
18,502,Vodnjan,790,604,1394,46,22,68,10,2,12,8,3,11,83,47,130,0,1,1,0,0,0,937,679,1616,2021-12-31T23:00:00Z
18,516,Vrsar,287,267,554,79,26,105,3,1,4,7,1,8,77,79,156,0,0,0,20,21,41,473,395,868,2021-12-31T23:00:00Z
18,531,Žminj,475,432,907,97,47,144,12,7,19,1,5,6,86,77,163,0,0,0,3,1,4,674,569,1243,2021-12-31T23:00:00Z
18,596,Karojba,111,66,177,32,6,38,2,2,4,0,0,0,45,9,54,0,1,1,0,0,0,190,84,274,2021-12-31T23:00:00Z
18,597,Kaštelir - Labinci,167,82,249,33,12,45,7,3,10,1,0,1,49,14,63,0,0,0,3,4,7,260,115,375,2021-12-31T23:00:00Z
18,6,Barban,252,109,361,39,6,45,10,5,15,1,1,2,27,24,51,0,0,0,3,1,4,332,146,478,2021-12-31T23:00:00Z
18,619,Fažana,278,236,514,23,12,35,1,1,2,4,4,8,23,15,38,0,0,0,1,3,4,330,271,601,2021-12-31T23:00:00Z
18,629,Funtana,98,95,193,14,9,23,1,1,2,0,0,0,14,20,34,0,0,0,10,8,18,137,133,270,2021-12-31T23:00:00Z
18,631,Tar-Vabriga,138,229,367,42,16,58,3,0,3,0,0,0,32,30,62,0,0,0,1,6,7,216,281,497,2021-12-31T23:00:00Z
19,198,Konavle,1150,873,2023,192,65,257,19,9,28,36,7,43,54,79,133,0,0,0,14,21,35,1465,1054,2519,2021-12-31T23:00:00Z
19,204,Korčula,624,816,1440,110,43,153,15,5,20,100,10,110,78,84,162,0,0,0,54,52,106,981,1010,1991,2021-12-31T23:00:00Z
19,219,Kula Norinska,38,43,81,11,1,12,1,0,1,1,0,1,5,7,12,0,0,0,0,0,0,56,51,107,2021-12-31T23:00:00Z
19,226,Lastovo,58,88,146,22,7,29,2,1,3,4,0,4,4,5,9,0,0,0,3,5,8,93,106,199,2021-12-31T23:00:00Z
19,25,Blato,567,400,967,62,19,81,17,5,22,11,7,18,173,49,222,0,0,0,9,7,16,839,487,1326,2021-12-31T23:00:00Z
19,264,Metković,2025,1670,3695,185,110,295,33,20,53,46,16,62,301,246,547,0,0,0,7,13,20,2597,2075,4672,2021-12-31T23:00:00Z
19,268,Mljet,174,85,259,15,8,23,3,0,3,5,2,7,5,10,15,0,0,0,3,3,6,205,108,313,2021-12-31T23:00:00Z
19,306,Opuzen,417,371,788,30,17,47,48,24,72,5,1,6,24,33,57,0,0,0,0,0,0,524,446,970,2021-12-31T23:00:00Z
19,308,Orebić,372,361,733,67,38,105,31,8,39,35,7,42,69,62,131,0,0,0,17,32,49,591,508,1099,2021-12-31T23:00:00Z
19,335,Ploče,1338,901,2239,78,43,121,24,7,31,27,6,33,89,131,220,0,0,0,1,3,4,1557,1091,2648,2021-12-31T23:00:00Z
19,343,Pojezerje,22,38,60,4,2,6,8,0,8,0,0,0,2,4,6,0,0,0,0,0,0,36,44,80,2021-12-31T23:00:00Z
19,399,Slivno,234,40,274,10,5,15,15,7,22,2,0,2,7,9,16,0,0,0,1,0,1,269,61,330,2021-12-31T23:00:00Z
19,402,Smokvica,24,67,91,12,3,15,16,4,20,6,0,6,33,8,41,0,0,0,4,1,5,95,83,178,2021-12-31T23:00:00Z
19,419,Ston,490,225,715,53,11,64,22,5,27,10,1,11,45,20,65,0,0,0,3,7,10,623,269,892,2021-12-31T23:00:00Z
19,474,Vela Luka,279,486,765,52,20,72,9,2,11,32,4,36,82,47,129,0,0,0,7,10,17,461,569,1030,2021-12-31T23:00:00Z
19,523,Zažablje,12,6,18,4,0,4,4,2,6,2,0,2,12,3,15,0,0,0,0,0,0,34,11,45,2021-12-31T23:00:00Z
19,598,Dubrovačko Primorje,135,100,235,23,5,28,4,6,10,8,2,10,39,18,57,0,0,0,4,4,8,213,135,348,2021-12-31T23:00:00Z
19,599,Janjina,83,60,143,10,4,14,9,2,11,3,1,4,7,6,13,0,0,0,2,1,3,114,74,188,2021-12-31T23:00:00Z
19,600,Lumbarda,46,52,98,35,13,48,8,2,10,4,1,5,20,14,34,0,0,0,9,9,18,122,91,213,2021-12-31T23:00:00Z
19,601,Trpanj,50,45,95,11,4,15,3,1,4,4,1,5,13,8,21,0,0,0,2,3,5,83,62,145,2021-12-31T23:00:00Z
19,602,Župa Dubrovačka,627,632,1259,114,58,172,5,5,10,68,3,71,65,64,129,0,0,0,15,14,29,894,776,1670,2021-12-31T23:00:00Z
19,98,Dubrovnik,9352,10093,19445,720,371,1091,30,15,45,536,75,611,422,550,972,1,0,1,130,154,284,11191,11258,22449,2021-12-31T23:00:00Z
20,123,Goričan,317,156,473,8,4,12,8,2,10,0,2,2,9,12,21,0,0,0,0,0,0,342,176,518,2021-12-31T23:00:00Z
20,15,Belica,202,214,416,29,16,45,59,37,96,1,1,2,26,36,62,0,0,0,1,1,2,318,305,623,2021-12-31T23:00:00Z
20,206,Kotoriba,495,267,762,8,4,12,6,0,6,0,5,5,13,14,27,0,0,0,0,0,0,522,290,812,2021-12-31T23:00:00Z
20,250,Mala Subotica,482,1017,1499,26,20,46,36,15,51,2,6,8,41,37,78,0,0,0,0,4,4,587,1099,1686,2021-12-31T23:00:00Z
20,276,Mursko Središće,753,757,1510,46,25,71,16,6,22,2,7,9,46,54,100,0,0,0,1,1,2,864,850,1714,2021-12-31T23:00:00Z
20,279,Nedelišće,1394,799,2193,94,42,136,40,21,61,1,7,8,141,66,207,0,0,0,0,5,5,1670,940,2610,2021-12-31T23:00:00Z
20,342,Podturen,199,112,311,20,8,28,17,13,30,1,2,3,48,33,81,0,0,0,0,3,3,285,171,456,2021-12-31T23:00:00Z
20,355,Prelog,2401,1686,4087,63,18,81,50,32,82,9,10,19,69,62,131,0,0,0,4,6,10,2596,1814,4410,2021-12-31T23:00:00Z
20,385,Selnica,142,154,296,10,11,21,8,5,13,1,1,2,17,16,33,0,0,0,0,0,0,178,187,365,2021-12-31T23:00:00Z
20,440,Sveti Juraj Na Bregu,264,186,450,29,14,43,13,9,22,1,2,3,49,59,108,0,0,0,0,0,0,356,270,626,2021-12-31T23:00:00Z
20,441,Sveti Martin Na Muri,597,351,948,15,9,24,10,4,14,0,3,3,29,36,65,0,0,0,1,0,1,652,403,1055,2021-12-31T23:00:00Z
20,452,Štrigova,322,197,519,28,10,38,37,24,61,2,1,3,72,68,140,0,0,0,0,2,2,461,302,763,2021-12-31T23:00:00Z
20,504,Vratišinec,138,106,244,8,3,11,11,3,14,1,1,2,7,6,13,0,0,0,1,2,3,166,121,287,2021-12-31T23:00:00Z
20,60,Čakovec,9769,8918,18687,266,133,399,63,24,87,35,61,96,271,354,625,0,0,0,6,14,20,10410,9504,19914,2021-12-31T23:00:00Z
20,603,Dekanovec,97,77,174,5,2,7,5,5,10,0,1,1,5,2,7,0,0,0,0,1,1,112,88,200,2021-12-31T23:00:00Z
20,604,Gornji Mihaljevec,141,58,199,11,2,13,22,8,30,2,2,4,21,11,32,0,0,0,1,0,1,198,81,279,2021-12-31T23:00:00Z
20,605,Orehovica,99,138,237,16,3,19,30,11,41,1,2,3,48,20,68,0,0,0,0,3,3,194,177,371,2021-12-31T23:00:00Z
20,606,Strahoninec,243,165,408,12,5,17,3,2,5,0,1,1,38,13,51,0,0,0,0,2,2,296,188,484,2021-12-31T23:00:00Z
20,607,Sveta Marija,64,93,157,12,4,16,6,0,6,1,1,2,24,7,31,0,0,0,0,1,1,107,106,213,2021-12-31T23:00:00Z
20,608,Šenkovec,556,258,814,18,10,28,2,1,3,0,1,1,29,25,54,0,0,0,1,2,3,606,297,903,2021-12-31T23:00:00Z
20,620,Pribislavec,462,247,709,12,5,17,3,1,4,2,1,3,11,11,22,0,0,0,0,0,0,490,265,755,2021-12-31T23:00:00Z
20,75,Domašinec,242,110,352,8,9,17,19,18,37,0,1,1,17,13,30,0,0,0,2,2,4,288,153,441,2021-12-31T23:00:00Z
20,78,Donja Dubrava,189,211,400,13,6,19,5,3,8,0,1,1,13,9,22,0,0,0,0,0,0,220,230,450,2021-12-31T23:00:00Z
20,82,Donji Kraljevec,1353,646,1999,41,10,51,50,20,70,3,6,9,84,129,213,0,0,0,2,6,8,1533,817,2350,2021-12-31T23:00:00Z
20,89,Donji Vidovec,48,78,126,3,1,4,2,0,2,1,2,3,3,16,19,0,0,0,0,0,0,57,97,154,2021-12-31T23:00:00Z
21,133,Zagreb,229219,209111,438330,7945,5532,13477,296,197,493,2235,2106,4341,5453,6926,12379,22,3,25,373,537,910,245543,224412,469955,2021-12-31T23:00:00Z
01,101,Dugo Selo,3074,2039,5113,231,119,350,29,23,52,24,27,51,260,254,514,0,0,0,6,18,24,3624,2480,6104,2022-09-30T22:00:00Z
01,114,Farkaševac,154,217,371,8,3,11,26,10,36,0,2,2,37,20,57,0,0,0,1,0,1,226,252,478,2022-09-30T22:00:00Z
01,135,Gradec,140,130,270,15,1,16,11,7,18,0,1,1,40,19,59,0,0,0,0,1,1,206,159,365,2022-09-30T22:00:00Z
01,158,Ivanić-Grad,3123,1709,4832,103,79,182,47,33,80,10,20,30,142,184,326,0,0,0,9,11,20,3434,2036,5470,2022-09-30T22:00:00Z
01,163,Jakovlje,347,300,647,40,8,48,9,8,17,3,0,3,40,35,75,0,0,0,0,0,0,439,351,790,2022-09-30T22:00:00Z
01,169,Jastrebarsko,2297,1732,4029,230,110,340,51,38,89,17,19,36,257,235,492,0,0,0,5,7,12,2857,2141,4998,2022-09-30T22:00:00Z
01,190,Klinča Selo,210,184,394,40,10,50,5,3,8,0,0,0,66,48,114,0,0,0,0,0,0,321,245,566,2022-09-30T22:00:00Z
01,193,Kloštar Ivanić,398,317,715,24,8,32,19,6,25,4,10,14,52,35,87,1,0,1,3,3,6,501,379,880,2022-09-30T22:00:00Z
01,213,Križ,654,446,1100,24,20,44,20,12,32,7,5,12,22,58,80,0,0,0,2,2,4,729,543,1272,2022-09-30T22:00:00Z
01,33,Brckovljani,325,383,708,7,5,12,0,0,0,3,2,5,26,19,45,0,0,0,0,0,0,361,409,770,2022-09-30T22:00:00Z
01,331,Pisarovina,382,299,681,25,26,51,23,17,40,1,2,3,25,33,58,0,0,0,1,3,4,457,380,837,2022-09-30T22:00:00Z
01,34,Brdovec,867,760,1627,99,40,139,14,7,21,2,5,7,87,64,151,0,0,0,4,2,6,1073,878,1951,2022-09-30T22:00:00Z
01,356,Preseka,18,9,27,6,2,8,12,11,23,0,1,1,16,5,21,0,0,0,1,0,1,53,28,81,2022-09-30T22:00:00Z
01,362,Pušča,146,191,337,26,12,38,7,2,9,2,3,5,56,25,81,0,0,0,0,0,0,237,233,470,2022-09-30T22:00:00Z
01,376,Rugvica,1379,517,1896,8,6,14,3,2,5,1,2,3,20,17,37,0,0,0,0,0,0,1411,544,1955,2022-09-30T22:00:00Z
01,380,Samobor,5537,3931,9468,520,315,835,26,20,46,43,67,110,489,484,973,2,1,3,30,23,53,6647,4841,11488,2022-09-30T22:00:00Z
01,429,Sveti Ivan Zelina,2424,2027,4451,168,69,237,67,48,115,14,22,36,260,206,466,0,0,0,4,2,6,2937,2374,5311,2022-09-30T22:00:00Z
01,436,Sveta Nedjelja,5788,3641,9429,228,91,319,5,5,10,9,11,20,356,193,549,0,0,0,9,5,14,6395,3946,10341,2022-09-30T22:00:00Z
01,508,Vrbovec,2186,2040,4226,170,72,242,93,34,127,6,19,25,295,156,451,0,0,0,7,9,16,2757,2330,5087,2022-09-30T22:00:00Z
01,533,Krašić,256,183,439,27,9,36,12,11,23,2,1,3,25,22,47,0,0,0,1,2,3,323,228,551,2022-09-30T22:00:00Z
01,536,Rakovec,35,23,58,10,2,12,8,4,12,0,1,1,20,11,31,0,0,0,0,0,0,73,41,114,2022-09-30T22:00:00Z
01,539,Marija Gorica,80,97,177,14,3,17,0,0,0,1,1,2,20,18,38,0,0,0,0,0,0,115,119,234,2022-09-30T22:00:00Z
01,540,Žumberak,17,24,41,6,1,7,5,4,9,0,0,0,4,7,11,0,0,0,0,0,0,32,36,68,2022-09-30T22:00:00Z
01,541,Velika Gorica,8312,6432,14744,636,374,1010,67,32,99,56,62,118,574,518,1092,1,0,1,15,26,41,9661,7444,17105,2022-09-30T22:00:00Z
01,542,Orle,39,37,76,16,0,16,8,4,12,0,0,0,12,2,14,0,0,0,0,0,0,75,43,118,2022-09-30T22:00:00Z
01,543,Zaprešić,3444,3033,6477,214,154,368,13,12,25,33,43,76,245,229,474,0,0,0,10,14,24,3959,3485,7444,2022-09-30T22:00:00Z
01,544,Pokupsko,39,58,97,11,6,17,13,6,19,0,0,0,7,8,15,0,0,0,0,0,0,70,78,148,2022-09-30T22:00:00Z
01,545,Kravarsko,107,103,210,39,10,49,6,5,11,0,0,0,71,16,87,0,0,0,1,1,2,224,135,359,2022-09-30T22:00:00Z
01,547,Bistra,351,513,864,49,22,71,7,5,12,1,7,8,58,43,101,1,0,1,0,2,2,467,592,1059,2022-09-30T22:00:00Z
01,548,Luka,278,113,391,15,2,17,2,3,5,1,1,2,16,22,38,0,0,0,0,0,0,312,141,453,2022-09-30T22:00:00Z
01,549,Dubravica,68,42,110,15,0,15,13,5,18,0,0,0,13,17,30,0,0,0,0,0,0,109,64,173,2022-09-30T22:00:00Z
01,550,Bedenica,222,155,377,13,4,17,4,5,9,1,1,2,14,9,23,0,0,0,0,0,0,254,174,428,2022-09-30T22:00:00Z
01,551,Stupnik,1490,554,2044,30,15,45,0,1,1,2,2,4,19,24,43,0,0,0,1,0,1,1542,596,2138,2022-09-30T22:00:00Z
01,97,Dubrava,303,330,633,46,20,66,71,44,115,5,12,17,63,70,133,0,0,0,2,4,6,490,480,970,2022-09-30T22:00:00Z
02,108,Đurmanec,124,151,275,60,17,77,2,2,4,3,1,4,114,87,201,0,0,0,1,1,2,304,259,563,2022-09-30T22:00:00Z
02,11,Bedekovčina,506,754,1260,87,38,125,7,6,13,8,6,14,127,99,226,0,0,0,4,4,8,739,907,1646,2022-09-30T22:00:00Z
02,125,Gornja Stubica,230,295,525,53,15,68,6,6,12,1,1,2,67,48,115,0,0,0,2,1,3,359,366,725,2022-09-30T22:00:00Z
02,146,Hraščina,52,43,95,8,2,10,2,3,5,0,1,1,7,7,14,0,0,0,0,0,0,69,56,125,2022-09-30T22:00:00Z
02,152,Hum Na Sutli,1545,660,2205,53,29,82,4,0,4,1,8,9,265,80,345,0,0,0,0,2,2,1868,779,2647,2022-09-30T22:00:00Z
02,187,Klanjec,291,251,542,70,25,95,12,7,19,5,1,6,67,46,113,0,0,0,0,2,2,445,332,777,2022-09-30T22:00:00Z
02,200,Konjščina,435,407,842,32,16,48,2,1,3,1,3,4,43,34,77,0,0,0,0,1,1,513,462,975,2022-09-30T22:00:00Z
02,208,Kraljevec Na Sutli,78,46,124,12,6,18,3,1,4,0,0,0,17,6,23,0,0,0,0,1,1,110,60,170,2022-09-30T22:00:00Z
02,211,Krapina,2896,2352,5248,178,98,276,9,5,14,14,16,30,178,169,347,0,0,0,1,7,8,3276,2647,5923,2022-09-30T22:00:00Z
02,212,Krapinske Toplice,616,1197,1813,66,39,105,5,6,11,0,5,5,108,74,182,0,0,0,1,1,2,796,1322,2118,2022-09-30T22:00:00Z
02,236,Lobor,164,218,382,26,8,34,3,3,6,0,1,1,33,15,48,0,0,0,1,2,3,227,247,474,2022-09-30T22:00:00Z
02,248,Mače,98,73,171,33,7,40,3,4,7,1,0,1,63,34,97,0,0,0,0,0,0,198,118,316,2022-09-30T22:00:00Z
02,256,Marija Bistrica,350,357,707,67,43,110,13,6,19,2,5,7,67,79,146,0,0,0,2,2,4,501,492,993,2022-09-30T22:00:00Z
02,265,Mihovljan,96,123,219,32,7,39,3,0,3,0,0,0,63,17,80,0,0,0,1,1,2,195,148,343,2022-09-30T22:00:00Z
02,311,Oroslavje,975,831,1806,71,36,107,11,2,13,6,8,14,94,65,159,0,0,0,4,2,6,1161,944,2105,2022-09-30T22:00:00Z
02,329,Petrovsko,88,49,137,17,3,20,1,0,1,5,0,5,61,12,73,0,0,0,1,0,1,173,64,237,2022-09-30T22:00:00Z
02,352,Pregrada,814,912,1726,112,34,146,3,5,8,6,6,12,165,104,269,0,0,0,2,1,3,1102,1062,2164,2022-09-30T22:00:00Z
02,364,Radoboj,150,104,254,16,12,28,1,1,2,0,2,2,55,22,77,0,0,0,0,0,0,222,141,363,2022-09-30T22:00:00Z
02,41,Budinščina,190,180,370,15,6,21,7,1,8,2,2,4,18,12,30,0,0,0,2,2,4,234,203,437,2022-09-30T22:00:00Z
02,422,Stubičke Toplice,253,432,685,35,18,53,0,2,2,2,5,7,64,26,90,0,0,0,1,0,1,355,483,838,2022-09-30T22:00:00Z
02,430,Sveti Križ Začretje,706,831,1537,75,22,97,10,4,14,1,5,6,140,99,239,0,0,0,4,1,5,936,962,1898,2022-09-30T22:00:00Z
02,466,Tuhelj,162,219,381,20,10,30,4,1,5,1,2,3,40,35,75,0,0,0,0,0,0,227,267,494,2022-09-30T22:00:00Z
02,481,Veliko Trgovišće,559,403,962,51,16,67,3,5,8,2,5,7,108,51,159,0,0,0,3,2,5,726,482,1208,2022-09-30T22:00:00Z
02,519,Zabok,2818,2870,5688,144,84,228,5,3,8,14,16,30,185,328,513,0,0,0,2,4,6,3168,3305,6473,2022-09-30T22:00:00Z
02,521,Zagorska Sela,8,55,63,8,1,9,6,2,8,0,1,1,16,5,21,0,0,0,0,0,0,38,64,102,2022-09-30T22:00:00Z
02,526,Zlatar,530,677,1207,97,45,142,27,14,41,8,7,15,114,93,207,0,0,0,2,0,2,778,836,1614,2022-09-30T22:00:00Z
02,527,Zlatar Bistrica,319,544,863,26,8,34,4,2,6,5,0,5,72,43,115,0,0,0,3,2,5,429,599,1028,2022-09-30T22:00:00Z
02,552,Jesenje,73,66,139,10,2,12,0,0,0,0,0,0,47,8,55,0,0,0,0,0,0,130,76,206,2022-09-30T22:00:00Z
02,553,Kumrovec,78,88,166,18,4,22,2,0,2,2,1,3,18,17,35,0,0,0,0,0,0,118,110,228,2022-09-30T22:00:00Z
02,554,Novi Golubovec,137,60,197,3,2,5,1,0,1,0,0,0,5,1,6,0,0,0,0,0,0,146,63,209,2022-09-30T22:00:00Z
02,70,Desinić,128,280,408,28,7,35,9,2,11,3,1,4,47,35,82,0,0,0,0,1,1,215,326,541,2022-09-30T22:00:00Z
02,79,Donja Stubica,837,678,1515,96,51,147,5,4,9,8,3,11,84,50,134,0,0,0,1,1,2,1031,787,1818,2022-09-30T22:00:00Z
03,102,Dvor,296,136,432,17,5,22,58,22,80,0,2,2,13,12,25,0,0,0,0,1,1,384,178,562,2022-09-30T22:00:00Z
03,121,Glina,1150,708,1858,42,21,63,58,26,84,4,10,14,69,72,141,0,0,0,0,0,0,1323,837,2160,2022-09-30T22:00:00Z
03,149,Hrvatska Dubica,75,74,149,9,2,11,12,3,15,0,0,0,6,5,11,0,0,0,0,1,1,102,85,187,2022-09-30T22:00:00Z
03,150,Hrvatska Kostajnica,311,278,589,17,9,26,8,2,10,1,3,4,12,24,36,0,0,0,3,2,5,352,318,670,2022-09-30T22:00:00Z
03,168,Jasenovac,135,128,263,13,6,19,13,4,17,0,0,0,18,11,29,0,0,0,0,1,1,179,150,329,2022-09-30T22:00:00Z
03,220,Kutina,3584,2905,6489,177,115,292,44,20,64,36,24,60,205,245,450,1,0,1,10,7,17,4057,3316,7373,2022-09-30T22:00:00Z
03,228,Lekenik,373,278,651,45,12,57,9,7,16,1,3,4,50,36,86,0,0,0,1,2,3,479,338,817,2022-09-30T22:00:00Z
03,232,Lipovljani,261,263,524,26,9,35,11,2,13,1,0,1,38,40,78,0,0,0,1,3,4,338,317,655,2022-09-30T22:00:00Z
03,259,Martinska Ves,127,58,185,10,1,11,26,14,40,3,0,3,44,16,60,0,0,0,0,1,1,210,90,300,2022-09-30T22:00:00Z
03,293,Novska,1316,1046,2362,176,100,276,34,16,50,6,18,24,257,237,494,0,0,0,2,9,11,1791,1426,3217,2022-09-30T22:00:00Z
03,328,Petrinja,1752,1709,3461,246,94,340,71,30,101,13,26,39,294,289,583,0,0,0,7,5,12,2383,2153,4536,2022-09-30T22:00:00Z
03,347,Popovača,892,1022,1914,86,46,132,49,17,66,7,9,16,102,120,222,0,0,0,5,2,7,1141,1216,2357,2022-09-30T22:00:00Z
03,391,Sisak,7030,8110,15140,393,230,623,100,59,159,41,75,116,600,572,1172,0,0,0,17,17,34,8181,9063,17244,2022-09-30T22:00:00Z
03,426,Sunja,205,174,379,25,10,35,49,30,79,1,2,3,16,21,37,0,0,0,2,0,2,298,237,535,2022-09-30T22:00:00Z
03,457,Topusko,217,337,554,15,7,22,5,2,7,4,1,5,33,22,55,0,0,0,0,0,0,274,369,643,2022-09-30T22:00:00Z
03,477,Velika Ludina,120,154,274,11,9,20,13,3,16,0,0,0,31,16,47,0,0,0,0,0,0,175,182,357,2022-09-30T22:00:00Z
03,510,Gvozd,118,84,202,11,4,15,18,4,22,0,0,0,18,11,29,0,0,0,2,0,2,167,103,270,2022-09-30T22:00:00Z
03,555,Majur,142,53,195,1,1,2,3,1,4,0,0,0,2,0,2,0,0,0,0,0,0,148,55,203,2022-09-30T22:00:00Z
03,83,Donji Kukuruzari,53,40,93,5,0,5,6,2,8,0,0,0,2,3,5,0,0,0,1,0,1,67,45,112,2022-09-30T22:00:00Z
04,120,Generalski Stol,35,65,100,21,5,26,1,0,1,0,1,1,24,13,37,0,0,0,0,0,0,81,84,165,2022-09-30T22:00:00Z
04,172,Josipdol,201,160,361,26,15,41,2,7,9,2,1,3,41,52,93,0,0,0,0,0,0,272,235,507,2022-09-30T22:00:00Z
04,179,Karlovac,10620,9056,19676,422,313,735,75,49,124,69,86,155,619,802,1421,0,0,0,15,15,30,11820,10321,22141,2022-09-30T22:00:00Z
04,216,Krnjak,158,78,236,3,2,5,5,4,9,1,0,1,8,6,14,0,0,0,0,0,0,175,90,265,2022-09-30T22:00:00Z
04,225,Lasinja,44,39,83,5,3,8,0,5,5,2,0,2,5,8,13,0,0,0,0,0,0,56,55,111,2022-09-30T22:00:00Z
04,281,Netretić,97,106,203,18,2,20,2,1,3,1,1,2,37,33,70,0,0,0,0,0,0,155,143,298,2022-09-30T22:00:00Z
04,297,Ogulin,1845,1836,3681,147,86,233,43,19,62,10,29,39,153,179,332,0,0,0,3,6,9,2201,2155,4356,2022-09-30T22:00:00Z
04,30,Bosiljevo,97,80,177,3,0,3,0,0,0,1,1,2,27,32,59,0,0,0,0,0,0,128,113,241,2022-09-30T22:00:00Z
04,315,Ozalj,778,635,1413,92,33,125,22,13,35,4,8,12,129,90,219,0,1,1,1,3,4,1026,783,1809,2022-09-30T22:00:00Z
04,333,Plaški,99,69,168,8,3,11,10,2,12,0,0,0,42,30,72,0,0,0,0,0,0,159,104,263,2022-09-30T22:00:00Z
04,365,Rakovica,149,197,346,10,10,20,3,3,6,0,0,0,79,86,165,0,0,0,1,0,1,242,296,538,2022-09-30T22:00:00Z
04,378,Saborsko,13,14,27,0,1,1,1,0,1,0,0,0,6,2,8,0,0,0,0,0,0,20,17,37,2022-09-30T22:00:00Z
04,400,Slunj,341,404,745,55,17,72,37,19,56,3,4,7,124,107,231,0,0,0,4,14,18,564,565,1129,2022-09-30T22:00:00Z
04,49,Cetingrad,65,60,125,8,0,8,2,3,5,1,0,1,7,7,14,0,0,0,0,0,0,83,70,153,2022-09-30T22:00:00Z
04,503,Vojnić,365,235,600,20,15,35,40,11,51,1,0,1,29,32,61,0,0,0,3,1,4,458,294,752,2022-09-30T22:00:00Z
04,530,Žakanje,162,104,266,25,12,37,4,1,5,0,0,0,27,27,54,0,0,0,0,1,1,218,145,363,2022-09-30T22:00:00Z
04,556,Ribnik,9,7,16,10,3,13,1,1,2,0,0,0,5,9,14,0,0,0,0,0,0,25,20,45,2022-09-30T22:00:00Z
04,557,Tounj,62,25,87,5,0,5,0,0,0,0,0,0,4,5,9,0,0,0,0,0,0,71,30,101,2022-09-30T22:00:00Z
04,623,Kamanje,162,101,263,4,1,5,0,0,0,0,0,0,3,7,10,0,0,0,0,0,0,169,109,278,2022-09-30T22:00:00Z
04,7,Barilovići,298,164,462,21,10,31,7,0,7,0,1,1,116,30,146,0,0,0,0,0,0,442,205,647,2022-09-30T22:00:00Z
04,90,Draganić,169,194,363,14,3,17,7,3,10,1,1,2,16,26,42,0,0,0,0,0,0,207,227,434,2022-09-30T22:00:00Z
04,99,Duga Resa,1238,1090,2328,133,69,202,21,21,42,5,18,23,179,204,383,0,0,0,5,9,14,1581,1411,2992,2022-09-30T22:00:00Z
05,12,Bednja,223,174,397,18,7,25,2,5,7,1,1,2,28,16,44,0,0,0,0,0,0,272,203,475,2022-09-30T22:00:00Z
05,129,Gornji Kneginec,623,1001,1624,51,31,82,9,5,14,1,7,8,66,57,123,0,0,0,3,3,6,753,1104,1857,2022-09-30T22:00:00Z
05,151,Breznički Hum,206,150,356,14,4,18,7,5,12,0,1,1,21,13,34,0,0,0,2,6,8,250,179,429,2022-09-30T22:00:00Z
05,156,Ivanec,2195,1847,4042,172,65,237,11,11,22,10,17,27,319,268,587,0,0,0,8,8,16,2715,2216,4931,2022-09-30T22:00:00Z
05,165,Jalžabet,746,1056,1802,21,4,25,12,5,17,0,3,3,35,23,58,0,0,0,0,1,1,814,1092,1906,2022-09-30T22:00:00Z
05,189,Klenovnik,159,62,221,8,4,12,0,0,0,0,0,0,22,26,48,0,0,0,2,0,2,191,92,283,2022-09-30T22:00:00Z
05,19,Beretinec,85,42,127,18,2,20,3,2,5,0,1,1,14,23,37,0,0,0,1,0,1,121,70,191,2022-09-30T22:00:00Z
05,229,Lepoglava,1373,629,2002,61,33,94,4,2,6,1,5,6,98,52,150,0,0,0,1,6,7,1538,727,2265,2022-09-30T22:00:00Z
05,244,Ludbreg,1871,1620,3491,123,60,183,60,34,94,10,13,23,214,178,392,0,0,0,4,6,10,2282,1911,4193,2022-09-30T22:00:00Z
05,247,Ljubešćica,362,168,530,26,8,34,1,0,1,1,3,4,75,22,97,0,0,0,1,0,1,466,201,667,2022-09-30T22:00:00Z
05,251,Mali Bukovec,39,85,124,12,6,18,24,16,40,0,1,1,98,35,133,0,0,0,0,1,1,173,144,317,2022-09-30T22:00:00Z
05,260,Maruševec,351,300,651,59,27,86,24,23,47,3,2,5,117,39,156,0,0,0,4,2,6,558,393,951,2022-09-30T22:00:00Z
05,289,Novi Marof,1253,1190,2443,165,66,231,14,11,25,9,15,24,299,176,475,0,0,0,6,6,12,1746,1464,3210,2022-09-30T22:00:00Z
05,326,Petrijanec,467,748,1215,25,8,33,15,9,24,1,3,4,79,81,160,0,0,0,0,1,1,587,850,1437,2022-09-30T22:00:00Z
05,36,Breznica,148,65,213,18,3,21,5,5,10,1,5,6,38,13,51,0,0,0,0,0,0,210,91,301,2022-09-30T22:00:00Z
05,410,Sračinec,293,271,564,40,14,54,2,2,4,1,6,7,89,61,150,0,0,0,0,2,2,425,356,781,2022-09-30T22:00:00Z
05,437,Sveti Đurđ,71,96,167,33,4,37,27,8,35,3,1,4,33,36,69,0,0,0,0,0,0,167,145,312,2022-09-30T22:00:00Z
05,438,Sveti Ilija,190,213,403,17,8,25,2,1,3,0,4,4,41,32,73,0,0,0,0,0,0,250,258,508,2022-09-30T22:00:00Z
05,462,Trnovec Bartolovečki,1226,1412,2638,70,18,88,16,7,23,2,3,5,291,86,377,0,0,0,2,2,4,1607,1528,3135,2022-09-30T22:00:00Z
05,472,Varaždin,16866,15553,32419,522,373,895,53,25,78,74,117,191,513,658,1171,0,0,0,24,21,45,18052,16747,34799,2022-09-30T22:00:00Z
05,473,Varaždinske Toplice,618,530,1148,45,22,67,10,5,15,3,8,11,175,53,228,0,0,0,0,1,1,851,619,1470,2022-09-30T22:00:00Z
05,48,Cestica,398,388,786,59,28,87,13,18,31,1,4,5,102,83,185,0,0,0,1,3,4,574,524,1098,2022-09-30T22:00:00Z
05,484,Vidovec,261,269,530,49,15,64,59,31,90,2,5,7,112,95,207,0,0,0,0,0,0,483,415,898,2022-09-30T22:00:00Z
05,486,Vinica,328,238,566,19,8,27,5,4,9,1,5,6,32,27,59,0,0,0,0,1,1,385,283,668,2022-09-30T22:00:00Z
05,493,Visoko,103,57,160,18,0,18,6,3,9,0,0,0,24,28,52,0,0,0,2,0,2,153,88,241,2022-09-30T22:00:00Z
05,558,Veliki Bukovec,376,252,628,5,2,7,22,10,32,0,1,1,35,28,63,0,0,0,0,0,0,438,293,731,2022-09-30T22:00:00Z
05,80,Donja Voća,76,61,137,8,1,9,5,7,12,0,1,1,27,18,45,0,0,0,0,1,1,116,89,205,2022-09-30T22:00:00Z
05,85,Donji Martijanec,350,165,515,26,6,32,19,4,23,1,1,2,49,31,80,0,0,0,0,0,0,445,207,652,2022-09-30T22:00:00Z
06,104,Đelekovec,32,47,79,21,12,33,39,11,50,0,1,1,18,16,34,0,0,0,0,0,0,110,87,197,2022-09-30T22:00:00Z
06,107,Đurđevac,1414,1305,2719,85,46,131,74,41,115,12,11,23,82,72,154,0,0,0,9,3,12,1676,1478,3154,2022-09-30T22:00:00Z
06,115,Ferdinandovac,45,88,133,11,2,13,40,30,70,1,1,2,16,8,24,0,0,0,0,0,0,113,129,242,2022-09-30T22:00:00Z
06,122,Gola,191,168,359,11,2,13,88,37,125,0,2,2,6,25,31,0,0,0,0,1,1,296,235,531,2022-09-30T22:00:00Z
06,145,Hlebine,9,31,40,3,0,3,14,4,18,1,0,1,0,10,10,0,0,0,1,1,2,28,46,74,2022-09-30T22:00:00Z
06,194,Kloštar Podravski,175,148,323,15,13,28,37,35,72,0,1,1,28,58,86,0,0,0,1,1,2,256,256,512,2022-09-30T22:00:00Z
06,201,Koprivnica,7125,7562,14687,355,213,568,60,27,87,65,69,134,394,446,840,0,2,2,10,12,22,8009,8331,16340,2022-09-30T22:00:00Z
06,202,Koprivnički Bregi,60,87,147,20,3,23,24,8,32,0,0,0,35,8,43,0,0,0,0,0,0,139,106,245,2022-09-30T22:00:00Z
06,203,Koprivnički Ivanec,71,51,122,22,5,27,24,8,32,0,0,0,16,11,27,0,0,0,0,0,0,133,75,208,2022-09-30T22:00:00Z
06,214,Križevci,3609,3738,7347,181,106,287,229,177,406,12,28,40,262,217,479,0,0,0,8,11,19,4301,4277,8578,2022-09-30T22:00:00Z
06,227,Legrad,59,82,141,17,5,22,20,6,26,0,2,2,20,20,40,0,0,0,0,0,0,116,115,231,2022-09-30T22:00:00Z
06,270,Molve,219,110,329,6,10,16,48,27,75,1,2,3,39,19,58,0,0,0,3,2,5,316,170,486,2022-09-30T22:00:00Z
06,292,Novigrad Podravski,104,155,259,9,3,12,17,11,28,0,1,1,16,17,33,0,0,0,0,1,1,146,188,334,2022-09-30T22:00:00Z
06,324,Peteranec,80,44,124,18,3,21,22,9,31,1,1,2,21,13,34,0,0,0,0,1,1,142,71,213,2022-09-30T22:00:00Z
06,366,Rasinja,54,73,127,23,4,27,53,22,75,2,0,2,20,22,42,0,0,0,1,0,1,153,121,274,2022-09-30T22:00:00Z
06,405,Sokolovac,202,96,298,17,4,21,44,14,58,5,3,8,22,7,29,0,0,0,0,0,0,290,124,414,2022-09-30T22:00:00Z
06,439,Sveti Ivan Žabno,259,194,453,42,18,60,95,60,155,1,2,3,50,65,115,0,0,0,0,1,1,447,340,787,2022-09-30T22:00:00Z
06,442,Sveti Petar Orehovec,136,125,261,28,6,34,132,121,253,0,1,1,40,25,65,0,0,0,1,0,1,337,278,615,2022-09-30T22:00:00Z
06,490,Virje,295,210,505,27,12,39,36,18,54,4,1,5,29,38,67,0,0,0,1,2,3,392,281,673,2022-09-30T22:00:00Z
06,559,Kalinovac,435,99,534,6,1,7,6,2,8,0,0,0,10,11,21,0,0,0,1,0,1,458,113,571,2022-09-30T22:00:00Z
06,560,Kalnik,41,49,90,2,4,6,20,22,42,0,1,1,8,3,11,0,0,0,0,0,0,71,79,150,2022-09-30T22:00:00Z
06,561,Novo Virje,45,38,83,2,0,2,38,27,65,0,0,0,14,6,20,0,0,0,0,0,0,99,71,170,2022-09-30T22:00:00Z
06,616,Podravske Sesvete,106,113,219,3,4,7,25,13,38,1,0,1,8,4,12,0,0,0,1,1,2,144,135,279,2022-09-30T22:00:00Z
06,618,Gornja Reka,101,88,189,6,2,8,8,6,14,0,0,0,3,3,6,0,0,0,0,0,0,118,99,217,2022-09-30T22:00:00Z
06,96,Drnje,114,104,218,12,4,16,18,9,27,0,2,2,6,10,16,0,0,0,1,0,1,151,129,280,2022-09-30T22:00:00Z
07,105,Đulovac,245,68,313,9,7,16,32,16,48,2,0,2,117,34,151,0,0,0,0,0,0,405,125,530,2022-09-30T22:00:00Z
07,119,Garešnica,1102,1109,2211,58,30,88,55,35,90,16,20,36,106,128,234,0,0,0,1,6,7,1338,1328,2666,2022-09-30T22:00:00Z
07,139,Grubišno Polje,598,570,1168,33,25,58,103,38,141,4,10,14,61,68,129,0,0,0,1,3,4,800,714,1514,2022-09-30T22:00:00Z
07,144,Hercegovac,149,148,297,20,3,23,47,17,64,1,1,2,42,34,76,0,0,0,1,1,2,260,204,464,2022-09-30T22:00:00Z
07,161,Ivanska,134,92,226,3,3,6,46,13,59,2,3,5,81,24,105,0,0,0,2,0,2,268,135,403,2022-09-30T22:00:00Z
07,176,Kapela,109,81,190,4,2,6,41,25,66,0,1,1,20,8,28,0,0,0,1,0,1,175,117,292,2022-09-30T22:00:00Z
07,18,Berek,46,49,95,7,2,9,18,15,33,0,0,0,9,7,16,0,0,0,0,0,0,80,73,153,2022-09-30T22:00:00Z
07,199,Končanica,132,97,229,9,2,11,31,16,47,0,0,0,10,11,21,0,0,0,1,0,1,183,126,309,2022-09-30T22:00:00Z
07,24,Bjelovar,7213,6907,14120,303,189,492,197,98,295,50,70,120,412,533,945,2,0,2,14,14,28,8191,7811,16002,2022-09-30T22:00:00Z
07,287,Nova Rača,91,110,201,14,2,16,73,31,104,0,2,2,31,14,45,0,0,0,0,1,1,209,160,369,2022-09-30T22:00:00Z
07,375,Rovišće,216,212,428,25,12,37,48,32,80,1,3,4,25,37,62,0,0,0,0,1,1,315,297,612,2022-09-30T22:00:00Z
07,390,Sirač,322,153,475,9,2,11,10,4,14,1,1,2,15,8,23,0,0,0,0,1,1,357,169,526,2022-09-30T22:00:00Z
07,450,Štefanje,47,70,117,7,4,11,34,12,46,0,2,2,33,24,57,0,0,0,1,0,1,122,112,234,2022-09-30T22:00:00Z
07,478,Velika Pisanica,81,73,154,5,1,6,29,14,43,1,0,1,13,9,22,0,0,0,0,0,0,129,97,226,2022-09-30T22:00:00Z
07,480,Veliki Grđevac,150,120,270,12,6,18,75,27,102,1,4,5,69,25,94,0,0,0,1,0,1,308,182,490,2022-09-30T22:00:00Z
07,483,Veliko Trojstvo,68,100,168,13,3,16,14,14,28,0,0,0,44,17,61,0,0,0,1,0,1,140,134,274,2022-09-30T22:00:00Z
07,562,Severin,60,25,85,1,0,1,16,14,30,0,0,0,14,42,56,0,0,0,0,0,0,91,81,172,2022-09-30T22:00:00Z
07,564,Šandrovac,32,45,77,3,0,3,14,8,22,1,0,1,12,6,18,0,0,0,0,0,0,62,59,121,2022-09-30T22:00:00Z
07,565,Velika Trnovitica,63,63,126,8,3,11,30,22,52,1,0,1,19,10,29,0,0,0,1,1,2,122,99,221,2022-09-30T22:00:00Z
07,566,Zrinski Topolovac,13,15,28,2,1,3,29,17,46,0,0,0,4,2,6,0,0,0,0,1,1,48,36,84,2022-09-30T22:00:00Z
07,63,Čazma,1105,783,1888,56,21,77,50,37,87,7,10,17,123,76,199,0,0,0,7,2,9,1348,929,2277,2022-09-30T22:00:00Z
07,67,Daruvar,1460,1768,3228,76,57,133,41,20,61,15,19,34,148,179,327,0,0,0,3,8,11,1743,2051,3794,2022-09-30T22:00:00Z
07,71,Dežanovac,124,82,206,10,2,12,67,32,99,0,0,0,37,16,53,0,0,0,1,1,2,239,133,372,2022-09-30T22:00:00Z
08,117,Fužine,277,190,467,18,10,28,0,2,2,2,1,3,19,20,39,0,0,0,3,0,3,319,223,542,2022-09-30T22:00:00Z
08,170,Jelenje,287,263,550,100,48,148,7,1,8,38,9,47,53,41,94,0,0,0,3,2,5,488,364,852,2022-09-30T22:00:00Z
08,180,Kastav,1144,872,2016,144,74,218,3,1,4,45,10,55,115,78,193,1,1,2,6,5,11,1458,1041,2499,2022-09-30T22:00:00Z
08,186,Klana,390,209,599,22,7,29,1,2,3,3,2,5,15,8,23,0,0,0,1,1,2,432,229,661,2022-09-30T22:00:00Z
08,209,Kraljevica,332,313,645,41,21,62,2,1,3,46,4,50,25,33,58,1,0,1,2,7,9,449,379,828,2022-09-30T22:00:00Z
08,215,Krk,1962,1366,3328,258,107,365,13,8,21,30,15,45,274,182,456,0,0,0,11,12,23,2548,1690,4238,2022-09-30T22:00:00Z
08,237,Lokve,127,86,213,14,6,20,0,1,1,0,3,3,8,9,17,0,0,0,1,0,1,150,105,255,2022-09-30T22:00:00Z
08,242,Lovran,438,626,1064,95,37,132,1,2,3,13,8,21,44,59,103,0,0,0,2,5,7,593,737,1330,2022-09-30T22:00:00Z
08,252,Mali Lošinj,1494,1574,3068,223,85,308,22,9,31,31,18,49,180,164,344,0,0,0,10,4,14,1960,1854,3814,2022-09-30T22:00:00Z
08,253,Malinska-Dubašnica,495,828,1323,143,74,217,6,9,15,12,5,17,175,174,349,0,0,0,7,11,18,838,1101,1939,2022-09-30T22:00:00Z
08,261,Matulji,1500,1102,2602,232,129,361,15,6,21,52,15,67,178,186,364,0,0,0,3,9,12,1980,1447,3427,2022-09-30T22:00:00Z
08,273,Mošćenička Draga,116,88,204,54,15,69,0,1,1,4,4,8,30,30,60,0,0,0,3,5,8,207,143,350,2022-09-30T22:00:00Z
08,275,Mrkopalj,65,51,116,13,3,16,2,0,2,1,0,1,7,8,15,0,0,0,1,0,1,89,62,151,2022-09-30T22:00:00Z
08,290,Novi Vinodolski,538,459,997,100,47,147,7,5,12,10,7,17,106,76,182,0,0,0,2,6,8,763,600,1363,2022-09-30T22:00:00Z
08,301,Omišalj,631,458,1089,85,21,106,0,0,0,11,3,14,71,37,108,0,0,0,0,3,3,798,522,1320,2022-09-30T22:00:00Z
08,302,Opatija,2344,2844,5188,206,125,331,6,4,10,63,26,89,105,154,259,0,0,0,12,15,27,2736,3168,5904,2022-09-30T22:00:00Z
08,360,Punat,324,185,509,62,21,83,4,0,4,6,1,7,72,47,119,0,0,0,1,1,2,469,255,724,2022-09-30T22:00:00Z
08,363,Rab,970,1153,2123,306,80,386,11,6,17,16,11,27,223,186,409,0,0,0,17,24,41,1543,1460,3003,2022-09-30T22:00:00Z
08,369,Ravna Gora,288,295,583,29,12,41,2,1,3,2,1,3,42,18,60,0,0,0,1,4,5,364,331,695,2022-09-30T22:00:00Z
08,373,Rijeka,28214,28711,56925,1302,1092,2394,20,16,36,1047,352,1399,867,1277,2144,6,3,9,82,108,190,31538,31559,63097,2022-09-30T22:00:00Z
08,38,Brod Moravice,36,34,70,11,0,11,0,0,0,0,1,1,10,2,12,0,0,0,1,0,1,58,37,95,2022-09-30T22:00:00Z
08,393,Skrad,44,45,89,4,4,8,1,1,2,1,1,2,2,6,8,0,0,0,0,1,1,52,58,110,2022-09-30T22:00:00Z
08,4,Bakar,2098,1058,3156,68,42,110,3,0,3,75,10,85,72,73,145,0,0,0,4,11,15,2320,1194,3514,2022-09-30T22:00:00Z
08,488,Vinodolska Općina,190,153,343,58,22,80,2,0,2,8,1,9,44,15,59,1,0,1,1,1,2,304,192,496,2022-09-30T22:00:00Z
08,495,Viškovo,1697,1153,2850,214,113,327,7,4,11,62,16,78,156,139,295,0,0,0,10,8,18,2146,1433,3579,2022-09-30T22:00:00Z
08,507,Vrbnik,158,110,268,33,10,43,8,5,13,2,0,2,44,31,75,0,0,0,1,1,2,246,157,403,2022-09-30T22:00:00Z
08,509,Vrbovsko,341,301,642,60,19,79,5,4,9,1,5,6,73,40,113,1,0,1,0,1,1,481,370,851,2022-09-30T22:00:00Z
08,52,Cres,543,461,1004,80,26,106,9,3,12,11,3,14,52,83,135,0,0,0,4,2,6,699,578,1277,2022-09-30T22:00:00Z
08,53,Crikvenica,1330,1729,3059,214,122,336,5,2,7,42,23,65,216,177,393,0,0,0,5,12,17,1812,2065,3877,2022-09-30T22:00:00Z
08,538,Kostrena,503,324,827,39,26,65,1,1,2,72,7,79,19,34,53,0,0,0,1,3,4,635,395,1030,2022-09-30T22:00:00Z
08,55,Čabar,328,276,604,56,18,74,6,4,10,5,0,5,147,49,196,0,0,0,1,2,3,543,349,892,2022-09-30T22:00:00Z
08,61,Čavle,680,562,1242,96,53,149,1,1,2,30,9,39,97,84,181,0,0,0,3,3,6,907,712,1619,2022-09-30T22:00:00Z
08,624,Lopar,59,35,94,21,5,26,0,1,1,1,0,1,22,21,43,0,0,0,1,2,3,104,64,168,2022-09-30T22:00:00Z
08,69,Delnice,1111,751,1862,76,52,128,5,1,6,8,12,20,81,99,180,0,0,0,1,6,7,1282,921,2203,2022-09-30T22:00:00Z
08,74,Dobrinj,149,102,251,52,21,73,1,2,3,4,1,5,84,47,131,0,0,0,1,3,4,291,176,467,2022-09-30T22:00:00Z
08,8,Baška,225,231,456,46,27,73,6,3,9,3,3,6,30,51,81,0,0,0,7,5,12,317,320,637,2022-09-30T22:00:00Z
09,130,Gospić,2271,2301,4572,100,63,163,80,47,127,11,9,20,138,163,301,0,0,0,7,8,15,2607,2591,5198,2022-09-30T22:00:00Z
09,178,Karlobag,99,101,200,10,4,14,7,1,8,2,0,2,7,3,10,0,0,0,1,1,2,126,110,236,2022-09-30T22:00:00Z
09,240,Lovinac,212,81,293,0,0,0,1,1,2,0,0,0,2,2,4,0,0,0,0,0,0,215,84,299,2022-09-30T22:00:00Z
09,288,Novalja,756,613,1369,132,32,164,23,11,34,2,6,8,158,77,235,0,0,0,12,7,19,1083,746,1829,2022-09-30T22:00:00Z
09,313,Otočac,827,910,1737,95,41,136,60,28,88,10,6,16,108,118,226,0,0,0,1,4,5,1101,1107,2208,2022-09-30T22:00:00Z
09,323,Perušić,327,272,599,24,10,34,32,19,51,0,1,1,21,21,42,0,0,0,0,1,1,404,324,728,2022-09-30T22:00:00Z
09,37,Brinje,413,223,636,23,5,28,9,6,15,0,1,1,8,18,26,0,0,0,0,1,1,453,254,707,2022-09-30T22:00:00Z
09,387,Senj,731,643,1374,89,46,135,5,5,10,17,8,25,108,111,219,0,0,0,6,7,13,956,820,1776,2022-09-30T22:00:00Z
09,455,Plitvička Jezera,809,836,1645,45,19,64,59,17,76,4,6,10,215,156,371,0,0,0,1,0,1,1133,1034,2167,2022-09-30T22:00:00Z
09,467,Udbina,133,91,224,9,5,14,36,12,48,0,0,0,16,17,33,0,0,0,2,0,2,196,125,321,2022-09-30T22:00:00Z
09,512,Vrhovine,105,35,140,3,3,6,7,1,8,0,0,0,3,4,7,0,0,0,0,0,0,118,43,161,2022-09-30T22:00:00Z
09,84,Donji Lapac,119,76,195,7,3,10,24,6,30,0,0,0,13,6,19,0,0,0,0,0,0,163,91,254,2022-09-30T22:00:00Z
10,136,Gradina,85,101,186,14,10,24,122,47,169,2,0,2,43,30,73,0,0,0,0,1,1,266,189,455,2022-09-30T22:00:00Z
10,245,Lukač,209,113,322,14,5,19,48,16,64,1,0,1,53,34,87,0,0,0,0,0,0,325,168,493,2022-09-30T22:00:00Z
10,266,Mikleuš,69,53,122,7,1,8,14,7,21,0,0,0,13,10,23,0,0,0,0,0,0,103,71,174,2022-09-30T22:00:00Z
10,283,Nova Bukovica,47,42,89,9,5,14,34,8,42,1,0,1,23,19,42,0,0,0,1,0,1,115,74,189,2022-09-30T22:00:00Z
10,307,Orahovica,908,640,1548,74,37,111,11,3,14,9,10,19,123,118,241,0,0,0,4,2,6,1129,810,1939,2022-09-30T22:00:00Z
10,332,Pitomača,713,691,1404,88,43,131,153,88,241,2,8,10,225,176,401,0,0,0,2,2,4,1183,1008,2191,2022-09-30T22:00:00Z
10,395,Slatina,1568,1459,3027,152,77,229,136,40,176,12,21,33,183,247,430,0,0,0,3,6,9,2054,1850,3904,2022-09-30T22:00:00Z
10,407,Sopje,157,47,204,4,1,5,87,19,106,0,0,0,18,24,42,0,0,0,0,0,0,266,91,357,2022-09-30T22:00:00Z
10,424,Suhopolje,266,262,528,25,20,45,101,40,141,1,1,2,71,53,124,0,0,0,3,3,6,467,379,846,2022-09-30T22:00:00Z
10,449,Špišić Bukovica,146,149,295,22,9,31,160,60,220,1,2,3,34,55,89,0,0,0,1,1,2,364,276,640,2022-09-30T22:00:00Z
10,491,Virovitica,3897,4100,7997,189,109,298,96,26,122,30,18,48,403,355,758,1,0,1,4,10,14,4620,4618,9238,2022-09-30T22:00:00Z
10,499,Voćin,154,114,268,11,2,13,30,26,56,0,0,0,15,5,20,0,0,0,0,0,0,210,147,357,2022-09-30T22:00:00Z
10,524,Zdenci,171,95,266,9,4,13,18,7,25,0,1,1,14,14,28,0,0,0,0,2,2,212,123,335,2022-09-30T22:00:00Z
10,54,Crnac,24,29,53,14,4,18,19,7,26,0,0,0,17,14,31,0,0,0,0,0,0,74,54,128,2022-09-30T22:00:00Z
10,56,Čačinci,159,99,258,20,15,35,19,10,29,0,1,1,29,31,60,0,0,0,0,2,2,227,158,385,2022-09-30T22:00:00Z
10,57,Čađavica,115,86,201,12,8,20,64,19,83,0,0,0,49,29,78,0,0,0,0,0,0,240,142,382,2022-09-30T22:00:00Z
11,164,Jakšić,161,109,270,32,6,38,24,5,29,0,2,2,38,18,56,0,0,0,0,0,0,255,140,395,2022-09-30T22:00:00Z
11,177,Kaptol,100,90,190,16,2,18,23,3,26,0,1,1,43,7,50,0,0,0,0,1,1,182,104,286,2022-09-30T22:00:00Z
11,221,Kutjevo,542,416,958,50,18,68,66,28,94,1,2,3,73,72,145,0,0,0,5,1,6,737,537,1274,2022-09-30T22:00:00Z
11,231,Lipik,760,629,1389,43,15,58,24,19,43,3,6,9,61,56,117,0,0,0,2,0,2,893,725,1618,2022-09-30T22:00:00Z
11,318,Pakrac,644,1092,1736,80,34,114,62,19,81,13,12,25,180,100,280,0,0,0,0,2,2,979,1259,2238,2022-09-30T22:00:00Z
11,334,Pleternica,592,473,1065,82,31,113,52,11,63,5,5,10,168,116,284,0,0,0,1,6,7,900,642,1542,2022-09-30T22:00:00Z
11,35,Brestovac,125,103,228,15,3,18,14,3,17,1,1,2,27,15,42,0,0,0,0,1,1,182,126,308,2022-09-30T22:00:00Z
11,351,Požega,5185,4542,9727,323,164,487,128,41,169,41,76,117,397,352,749,0,1,1,9,23,32,6083,5199,11282,2022-09-30T22:00:00Z
11,475,Velika,331,292,623,26,18,44,22,4,26,2,3,5,55,43,98,0,0,0,0,0,0,436,360,796,2022-09-30T22:00:00Z
11,58,Čaglin,109,165,274,8,1,9,16,4,20,0,1,1,12,11,23,0,0,0,0,0,0,145,182,327,2022-09-30T22:00:00Z
12,10,Bebrina,48,60,108,14,8,22,18,4,22,2,0,2,10,10,20,0,0,0,1,0,1,93,82,175,2022-09-30T22:00:00Z
12,118,Garčin,142,160,302,32,9,41,32,18,50,0,0,0,27,28,55,0,0,0,0,1,1,233,216,449,2022-09-30T22:00:00Z
12,127,Gornji Bogićevci,49,40,89,11,2,13,11,2,13,0,0,0,17,26,43,0,0,0,0,0,0,88,70,158,2022-09-30T22:00:00Z
12,140,Gundinci,90,37,127,13,3,16,49,22,71,0,0,0,15,6,21,0,0,0,0,0,0,167,68,235,2022-09-30T22:00:00Z
12,185,Klakar,87,56,143,12,3,15,23,4,27,0,1,1,11,17,28,0,0,0,1,0,1,134,81,215,2022-09-30T22:00:00Z
12,284,Nova Gradiška,2255,2132,4387,148,96,244,26,19,45,21,20,41,269,303,572,0,0,0,3,3,6,2722,2573,5295,2022-09-30T22:00:00Z
12,285,Nova Kapela,158,188,346,27,19,46,22,7,29,2,3,5,49,51,100,0,0,0,1,1,2,259,269,528,2022-09-30T22:00:00Z
12,299,Okučani,219,162,381,31,9,40,11,2,13,0,1,1,48,23,71,0,0,0,1,2,3,310,199,509,2022-09-30T22:00:00Z
12,303,Oprisavci,282,184,466,10,1,11,36,11,47,1,0,1,9,17,26,0,0,0,0,0,0,338,213,551,2022-09-30T22:00:00Z
12,309,Oriovac,294,286,580,42,21,63,21,13,34,2,3,5,57,53,110,0,0,0,2,1,3,418,377,795,2022-09-30T22:00:00Z
12,338,Podcrkavlje,34,38,72,17,2,19,7,3,10,0,1,1,17,3,20,0,0,0,0,0,0,75,47,122,2022-09-30T22:00:00Z
12,372,Rešetari,201,208,409,40,8,48,18,7,25,3,1,4,88,47,135,0,0,0,0,0,0,350,271,621,2022-09-30T22:00:00Z
12,388,Sibinj,152,217,369,61,19,80,16,1,17,0,0,0,68,36,104,0,0,0,3,4,7,300,277,577,2022-09-30T22:00:00Z
12,39,Brodski Stupnik,72,83,155,14,9,23,9,3,12,2,0,2,71,36,107,0,0,0,0,0,0,168,131,299,2022-09-30T22:00:00Z
12,396,Slavonski Brod,13966,9425,23391,637,355,992,43,28,71,79,92,171,895,962,1857,0,0,0,11,20,31,15631,10882,26513,2022-09-30T22:00:00Z
12,397,Slavonski Šamac,76,61,137,9,4,13,15,10,25,0,1,1,14,6,20,0,0,0,0,0,0,114,82,196,2022-09-30T22:00:00Z
12,412,Stara Gradiška,159,95,254,6,2,8,8,3,11,0,0,0,26,10,36,0,0,0,0,0,0,199,110,309,2022-09-30T22:00:00Z
12,418,Staro Petrovo Selo,206,145,351,35,12,47,41,17,58,1,1,2,102,50,152,0,0,0,0,2,2,385,227,612,2022-09-30T22:00:00Z
12,46,Cernik,145,180,325,40,12,52,8,7,15,4,2,6,58,32,90,0,0,0,0,1,1,255,234,489,2022-09-30T22:00:00Z
12,476,Velika Kopanica,188,105,293,30,11,41,31,17,48,1,1,2,36,28,64,0,0,0,1,2,3,287,164,451,2022-09-30T22:00:00Z
12,506,Vrbje,41,16,57,10,1,11,19,2,21,0,0,0,20,27,47,0,0,0,0,0,0,90,46,136,2022-09-30T22:00:00Z
12,514,Vrpolje,217,105,322,29,5,34,43,16,59,0,2,2,19,16,35,0,0,0,0,2,2,308,146,454,2022-09-30T22:00:00Z
12,567,Bukovlje,104,68,172,19,9,28,0,0,0,0,0,0,11,14,25,0,0,0,0,1,1,134,92,226,2022-09-30T22:00:00Z
12,568,Dragalić,31,45,76,7,0,7,6,1,7,0,0,0,4,8,12,0,0,0,0,1,1,48,55,103,2022-09-30T22:00:00Z
12,569,Gornja Vrba,374,106,480,17,5,22,1,1,2,2,1,3,25,26,51,0,0,0,0,0,0,419,139,558,2022-09-30T22:00:00Z
12,570,Sikirevci,40,48,88,19,5,24,38,16,54,0,0,0,13,10,23,0,0,0,1,2,3,111,81,192,2022-09-30T22:00:00Z
12,68,Davor,122,86,208,15,5,20,13,4,17,1,0,1,15,22,37,0,0,0,0,0,0,166,117,283,2022-09-30T22:00:00Z
12,81,Donji Andrijevci,138,120,258,25,12,37,19,5,24,0,1,1,29,12,41,0,0,0,0,2,2,211,152,363,2022-09-30T22:00:00Z
13,131,Gračac,268,256,524,21,16,37,68,29,97,2,1,3,51,42,93,0,0,0,0,2,2,410,346,756,2022-09-30T22:00:00Z
13,167,Jasenice,152,86,238,14,2,16,8,3,11,2,0,2,10,9,19,0,0,0,0,1,1,186,101,287,2022-09-30T22:00:00Z
13,17,Benkovac,1145,1087,2232,112,39,151,105,58,163,13,8,21,220,121,341,0,0,0,4,7,11,1599,1320,2919,2022-09-30T22:00:00Z
13,173,Kali,281,118,399,26,16,42,2,1,3,9,0,9,56,28,84,0,0,0,1,1,2,375,164,539,2022-09-30T22:00:00Z
13,20,Bibinje,218,206,424,57,24,81,4,1,5,2,3,5,77,64,141,0,0,0,0,2,2,358,300,658,2022-09-30T22:00:00Z
13,22,Biograd Na Moru,1169,1500,2669,142,69,211,28,15,43,16,7,23,182,236,418,0,0,0,6,4,10,1543,1831,3374,2022-09-30T22:00:00Z
13,234,Lišane Ostrovičke,22,29,51,9,3,12,0,1,1,0,0,0,11,7,18,0,0,0,0,0,0,42,40,82,2022-09-30T22:00:00Z
13,282,Nin,537,453,990,50,15,65,9,5,14,7,1,8,49,48,97,0,0,0,2,1,3,654,523,1177,2022-09-30T22:00:00Z
13,296,Obrovac,370,237,607,34,13,47,34,7,41,4,3,7,20,35,55,0,0,0,4,4,8,466,299,765,2022-09-30T22:00:00Z
13,316,Pag,515,449,964,61,26,87,34,13,47,5,4,9,64,57,121,0,0,0,6,5,11,685,554,1239,2022-09-30T22:00:00Z
13,317,Pakoštane,355,350,705,60,21,81,10,13,23,8,2,10,113,63,176,0,0,0,19,15,34,565,464,1029,2022-09-30T22:00:00Z
13,320,Pašman,112,109,221,46,10,56,3,4,7,12,0,12,41,23,64,0,0,0,3,3,6,217,149,366,2022-09-30T22:00:00Z
13,344,Polača,107,72,179,18,7,25,4,2,6,4,0,4,9,17,26,0,0,0,1,2,3,143,100,243,2022-09-30T22:00:00Z
13,345,Poličnik,483,390,873,53,9,62,11,8,19,6,2,8,48,26,74,0,0,0,1,1,2,602,436,1038,2022-09-30T22:00:00Z
13,349,Posedarje,126,204,330,40,14,54,5,9,14,7,1,8,36,34,70,0,0,0,1,2,3,215,264,479,2022-09-30T22:00:00Z
13,354,Preko,277,455,732,49,12,61,5,3,8,28,3,31,44,25,69,0,0,0,4,3,7,407,501,908,2022-09-30T22:00:00Z
13,371,Ražanac,90,98,188,25,8,33,7,5,12,9,0,9,31,17,48,0,0,0,1,0,1,163,128,291,2022-09-30T22:00:00Z
13,379,Sali,172,146,318,44,11,55,5,2,7,7,2,9,35,29,64,0,0,0,0,2,2,263,192,455,2022-09-30T22:00:00Z
13,411,Stankovci,240,144,384,33,6,39,6,3,9,1,1,2,29,14,43,0,0,0,0,3,3,309,171,480,2022-09-30T22:00:00Z
13,416,Starigrad,199,188,387,44,31,75,8,3,11,1,0,1,47,54,101,0,0,0,1,3,4,300,279,579,2022-09-30T22:00:00Z
13,425,Sukošan,440,319,759,63,21,84,11,6,17,4,1,5,59,59,118,0,0,0,1,6,7,578,412,990,2022-09-30T22:00:00Z
13,428,Sveti Filip I Jakov,224,375,599,43,19,62,8,4,12,10,4,14,39,44,83,0,0,0,3,3,6,327,449,776,2022-09-30T22:00:00Z
13,445,Škabrnje,84,66,150,28,3,31,5,1,6,4,0,4,13,8,21,0,0,0,1,2,3,135,80,215,2022-09-30T22:00:00Z
13,489,Vir,293,278,571,53,18,71,1,2,3,2,1,3,35,44,79,0,0,0,3,1,4,387,344,731,2022-09-30T22:00:00Z
13,520,Zadar,15142,16531,31673,1101,656,1757,42,27,69,666,207,873,1370,1480,2850,4,0,4,105,66,171,18430,18967,37397,2022-09-30T22:00:00Z
13,525,Zemunik Donji,186,272,458,19,8,27,3,3,6,1,0,1,29,9,38,0,0,0,0,1,1,238,293,531,2022-09-30T22:00:00Z
13,537,Novigrad,70,94,164,28,1,29,5,5,10,6,1,7,31,13,44,0,0,0,1,3,4,141,117,258,2022-09-30T22:00:00Z
13,571,Galovac,34,59,93,12,1,13,4,5,9,3,2,5,11,9,20,0,0,0,1,2,3,65,78,143,2022-09-30T22:00:00Z
13,572,Kukljica,48,44,92,18,2,20,1,0,1,2,1,3,27,7,34,0,0,0,1,0,1,97,54,151,2022-09-30T22:00:00Z
13,573,Povljana,46,39,85,15,5,20,5,0,5,4,0,4,6,9,15,0,0,0,1,1,2,77,54,131,2022-09-30T22:00:00Z
13,574,Privlaka,125,136,261,18,12,30,0,2,2,12,0,12,24,11,35,0,0,0,5,2,7,184,163,347,2022-09-30T22:00:00Z
13,575,Tkon,92,92,184,24,9,33,2,2,4,3,0,3,48,25,73,0,0,0,0,0,0,169,128,297,2022-09-30T22:00:00Z
13,622,Kolan,158,99,257,21,4,25,5,2,7,0,0,0,20,16,36,0,0,0,2,3,5,206,124,330,2022-09-30T22:00:00Z
13,625,Vrsi,110,62,172,15,8,23,5,3,8,16,0,16,24,27,51,0,0,0,3,1,4,173,101,274,2022-09-30T22:00:00Z
14,103,Đakovo,2891,2881,5772,487,220,707,211,93,304,29,36,65,626,555,1181,0,0,0,12,15,27,4256,3800,8056,2022-09-30T22:00:00Z
14,106,Đurđenovac,546,519,1065,41,12,53,19,15,34,0,5,5,72,44,116,0,0,0,2,0,2,680,595,1275,2022-09-30T22:00:00Z
14,110,Erdut,329,213,542,36,19,55,57,15,72,2,4,6,57,42,99,0,0,0,0,1,1,481,294,775,2022-09-30T22:00:00Z
14,111,Ernestinovo,77,196,273,4,4,8,25,8,33,2,1,3,10,12,22,0,0,0,0,1,1,118,222,340,2022-09-30T22:00:00Z
14,116,Feričanci,124,113,237,24,5,29,3,0,3,0,2,2,40,17,57,0,0,0,0,0,0,191,137,328,2022-09-30T22:00:00Z
14,124,Gorjani,114,157,271,17,6,23,12,7,19,0,0,0,11,6,17,0,0,0,0,0,0,154,176,330,2022-09-30T22:00:00Z
14,13,Beli Manastir,1105,1157,2262,90,46,136,70,32,102,10,12,22,132,106,238,0,0,0,3,2,5,1410,1355,2765,2022-09-30T22:00:00Z
14,16,Belišće,1673,649,2322,71,34,105,28,8,36,2,7,9,87,89,176,0,0,0,1,1,2,1862,788,2650,2022-09-30T22:00:00Z
14,195,Kneževi Vinogradi,234,274,508,33,7,40,34,8,42,1,2,3,63,66,129,0,0,0,1,1,2,366,358,724,2022-09-30T22:00:00Z
14,2,Antunovac,199,196,395,32,14,46,12,6,18,1,1,2,17,13,30,0,0,0,0,0,0,261,230,491,2022-09-30T22:00:00Z
14,205,Koška,199,141,340,25,6,31,30,7,37,2,6,8,30,25,55,0,0,0,1,0,1,287,185,472,2022-09-30T22:00:00Z
14,21,Bilje,299,303,602,45,25,70,20,12,32,2,6,8,58,39,97,0,0,0,0,1,1,424,386,810,2022-09-30T22:00:00Z
14,23,Bizovac,238,236,474,22,12,34,24,9,33,2,3,5,25,29,54,0,0,0,0,0,0,311,289,600,2022-09-30T22:00:00Z
14,230,Levanjska Varoš,38,28,66,2,1,3,10,8,18,0,0,0,1,3,4,0,0,0,0,0,0,51,40,91,2022-09-30T22:00:00Z
14,257,Marijanci,102,84,186,6,5,11,11,0,11,0,0,0,16,20,36,0,0,0,1,1,2,136,110,246,2022-09-30T22:00:00Z
14,271,Moslavina Podravska,18,21,39,4,2,6,15,5,20,0,0,0,15,10,25,0,0,0,0,0,0,52,38,90,2022-09-30T22:00:00Z
14,278,Našice,2199,1842,4041,183,95,278,65,30,95,21,42,63,248,228,476,0,0,0,10,10,20,2726,2247,4973,2022-09-30T22:00:00Z
14,312,Osijek,24390,22616,47006,954,677,1631,118,46,164,170,188,358,770,1143,1913,2,1,3,28,39,67,26432,24710,51142,2022-09-30T22:00:00Z
14,325,Petlovac,54,39,93,6,4,10,13,0,13,0,0,0,16,8,24,0,0,0,0,0,0,89,51,140,2022-09-30T22:00:00Z
14,327,Petrijevci,280,213,493,19,3,22,5,4,9,0,0,0,10,6,16,0,0,0,1,2,3,315,228,543,2022-09-30T22:00:00Z
14,340,Podgorač,113,78,191,24,9,33,26,4,30,1,3,4,23,40,63,0,0,0,0,0,0,187,134,321,2022-09-30T22:00:00Z
14,346,Popovac,64,49,113,2,3,5,5,4,9,0,0,0,5,3,8,0,0,0,0,0,0,76,59,135,2022-09-30T22:00:00Z
14,361,Punitovci,46,59,105,22,4,26,16,4,20,0,0,0,41,9,50,0,0,0,0,0,0,125,76,201,2022-09-30T22:00:00Z
14,381,Satnica Đakovačka,128,93,221,21,6,27,10,3,13,0,0,0,45,25,70,0,0,0,0,0,0,204,127,331,2022-09-30T22:00:00Z
14,386,Semeljci,199,234,433,46,16,62,54,24,78,1,1,2,84,38,122,0,0,0,0,1,1,384,314,698,2022-09-30T22:00:00Z
14,421,Strizivojna,318,316,634,18,8,26,17,3,20,0,0,0,21,12,33,0,0,0,1,1,2,375,340,715,2022-09-30T22:00:00Z
14,461,Trnava,56,59,115,6,1,7,13,7,20,0,0,0,12,3,15,0,0,0,0,0,0,87,70,157,2022-09-30T22:00:00Z
14,471,Valpovo,856,1079,1935,83,60,143,48,16,64,14,19,33,84,114,198,0,0,0,8,6,14,1093,1294,2387,2022-09-30T22:00:00Z
14,485,Viljevo,53,61,114,9,0,9,20,4,24,0,0,0,17,10,27,0,0,0,0,1,1,99,76,175,2022-09-30T22:00:00Z
14,494,Viškovci,211,206,417,24,5,29,15,5,20,0,0,0,20,4,24,0,0,0,1,0,1,271,220,491,2022-09-30T22:00:00Z
14,517,Vuka,35,69,104,16,2,18,14,4,18,0,0,0,21,10,31,0,0,0,0,0,0,86,85,171,2022-09-30T22:00:00Z
14,576,Donja Motičina,25,14,39,9,3,12,1,1,2,0,1,1,15,9,24,0,0,0,0,0,0,50,28,78,2022-09-30T22:00:00Z
14,578,Magadenovac,97,103,200,4,3,7,23,9,32,0,1,1,19,19,38,0,0,0,0,0,0,143,135,278,2022-09-30T22:00:00Z
14,579,Vladislavci,118,89,207,3,0,3,6,5,11,0,0,0,8,4,12,0,0,0,0,0,0,135,98,233,2022-09-30T22:00:00Z
14,609,Jagodnjak,112,75,187,7,2,9,24,6,30,0,0,0,11,5,16,0,0,0,0,1,1,154,89,243,2022-09-30T22:00:00Z
14,614,Šodolovci,26,9,35,0,0,0,0,0,0,0,0,0,6,4,10,0,0,0,0,0,0,32,13,45,2022-09-30T22:00:00Z
14,64,Čeminac,66,77,143,12,0,12,4,2,6,0,0,0,26,12,38,0,0,0,0,0,0,108,91,199,2022-09-30T22:00:00Z
14,65,Čepin,726,519,1245,99,40,139,59,30,89,5,8,13,104,96,200,0,0,0,2,2,4,995,695,1690,2022-09-30T22:00:00Z
14,66,Darda,1739,850,2589,57,31,88,35,4,39,2,4,6,62,52,114,0,0,0,1,1,2,1896,942,2838,2022-09-30T22:00:00Z
14,86,Donji Miholjac,1185,1024,2209,93,58,151,163,36,199,2,16,18,156,111,267,0,0,0,2,1,3,1601,1246,2847,2022-09-30T22:00:00Z
14,91,Draž,88,97,185,11,3,14,14,4,18,0,0,0,7,10,17,0,0,0,0,1,1,120,115,235,2022-09-30T22:00:00Z
14,94,Drenje,96,93,189,30,5,35,44,12,56,0,0,0,16,15,31,0,0,0,0,0,0,186,125,311,2022-09-30T22:00:00Z
15,113,Ervenik,46,62,108,3,0,3,4,1,5,0,0,0,4,2,6,0,0,0,0,0,0,57,65,122,2022-09-30T22:00:00Z
15,183,Kijevo,29,30,59,2,0,2,0,0,0,0,0,0,0,0,0,0,0,0,0,0,0,31,30,61,2022-09-30T22:00:00Z
15,184,Kistanje,59,75,134,18,6,24,1,2,3,1,0,1,14,9,23,0,0,0,0,0,0,93,92,185,2022-09-30T22:00:00Z
15,196,Knin,1340,1462,2802,127,68,195,63,16,79,32,5,37,155,147,302,0,0,0,2,2,4,1719,1700,3419,2022-09-30T22:00:00Z
15,298,Promina,115,85,200,2,1,3,1,2,3,0,0,0,1,1,2,0,0,0,0,0,0,119,89,208,2022-09-30T22:00:00Z
15,310,Biskupija,109,24,133,1,0,1,2,0,2,1,0,1,0,0,0,0,0,0,0,0,0,113,24,137,2022-09-30T22:00:00Z
15,357,Primošten,290,338,628,89,29,118,7,2,9,6,2,8,54,47,101,0,1,1,1,2,3,447,421,868,2022-09-30T22:00:00Z
15,377,Ružić,29,24,53,4,2,6,6,5,11,0,0,0,4,8,12,0,0,0,0,0,0,43,39,82,2022-09-30T22:00:00Z
15,394,Skradin,131,166,297,49,16,65,20,9,29,2,2,4,42,45,87,0,0,0,0,1,1,244,239,483,2022-09-30T22:00:00Z
15,444,Šibenik,8160,8630,16790,661,360,1021,38,15,53,204,100,304,635,704,1339,0,0,0,15,26,41,9713,9835,19548,2022-09-30T22:00:00Z
15,454,Tisno,346,305,651,102,35,137,5,0,5,6,2,8,55,51,106,0,0,0,1,4,5,515,397,912,2022-09-30T22:00:00Z
15,469,Unešić,43,68,111,11,0,11,3,1,4,1,0,1,14,6,20,0,0,0,0,0,0,72,75,147,2022-09-30T22:00:00Z
15,500,Vodice,879,1050,1929,280,111,391,12,3,15,15,7,22,233,169,402,0,0,0,7,7,14,1426,1347,2773,2022-09-30T22:00:00Z
15,51,Civljane,52,8,60,1,2,3,0,0,0,0,0,0,3,3,6,0,0,0,0,0,0,56,13,69,2022-09-30T22:00:00Z
15,581,Pirovac,147,160,307,31,20,51,6,4,10,2,2,4,56,40,96,0,0,0,0,0,0,242,226,468,2022-09-30T22:00:00Z
15,582,Rogoznica,268,259,527,51,15,66,1,1,2,8,1,9,49,46,95,0,0,0,1,1,2,378,323,701,2022-09-30T22:00:00Z
15,617,Murter,284,302,586,54,29,83,3,1,4,20,3,23,87,59,146,0,0,0,3,3,6,451,397,848,2022-09-30T22:00:00Z
15,621,Bilice,90,47,137,23,6,29,0,0,0,6,0,6,21,14,35,0,0,0,0,0,0,140,67,207,2022-09-30T22:00:00Z
15,626,Tribunj,86,87,173,20,11,31,1,0,1,3,0,3,61,37,98,0,0,0,0,0,0,171,135,306,2022-09-30T22:00:00Z
15,95,Drniš,933,642,1575,67,57,124,51,22,73,8,7,15,101,86,187,0,0,0,0,2,2,1160,816,1976,2022-09-30T22:00:00Z
16,1,Andrijaševci,81,110,191,25,14,39,12,5,17,1,1,2,38,29,67,0,0,0,0,3,3,157,162,319,2022-09-30T22:00:00Z
16,137,Gradište,79,109,188,17,4,21,30,4,34,0,1,1,16,17,33,0,0,0,0,1,1,142,136,278,2022-09-30T22:00:00Z
16,141,Gunja,208,144,352,27,10,37,47,14,61,1,0,1,36,10,46,0,0,0,1,2,3,320,180,500,2022-09-30T22:00:00Z
16,154,Ilok,477,575,1052,73,25,98,47,17,64,1,3,4,108,93,201,0,0,0,0,1,1,706,714,1420,2022-09-30T22:00:00Z
16,159,Ivankovo,325,428,753,72,29,101,51,12,63,2,5,7,125,78,203,0,0,0,3,3,6,578,555,1133,2022-09-30T22:00:00Z
16,166,Jarmina,33,76,109,16,9,25,30,12,42,0,2,2,26,16,42,0,0,0,0,4,4,105,119,224,2022-09-30T22:00:00Z
16,239,Lovas,60,58,118,7,0,7,15,0,15,0,0,0,4,4,8,0,0,0,0,0,0,86,62,148,2022-09-30T22:00:00Z
16,26,Bogdanovci,30,19,49,3,0,3,7,4,11,0,0,0,17,6,23,0,0,0,0,0,0,57,29,86,2022-09-30T22:00:00Z
16,29,Borovo,70,100,170,49,14,63,25,3,28,1,3,4,63,77,140,0,0,0,1,3,4,209,200,409,2022-09-30T22:00:00Z
16,294,Nuštar,255,294,549,34,20,54,25,5,30,2,2,4,41,27,68,0,0,0,1,0,1,358,348,706,2022-09-30T22:00:00Z
16,295,Nijemci,205,193,398,24,6,30,86,22,108,0,1,1,57,34,91,0,0,0,0,2,2,372,258,630,2022-09-30T22:00:00Z
16,3,Babina Greda,189,191,380,32,14,46,81,27,108,3,0,3,34,36,70,0,0,0,1,0,1,340,268,608,2022-09-30T22:00:00Z
16,32,Bošnjaci,123,113,236,23,6,29,34,4,38,2,0,2,32,33,65,0,0,0,0,0,0,214,156,370,2022-09-30T22:00:00Z
16,414,Stari Jankovci,161,123,284,24,5,29,41,9,50,1,0,1,28,17,45,0,0,0,0,1,1,255,155,410,2022-09-30T22:00:00Z
16,415,Stari Mikanovci,92,151,243,17,9,26,25,11,36,3,1,4,37,41,78,0,0,0,0,0,0,174,213,387,2022-09-30T22:00:00Z
16,44,Cerna,440,232,672,45,25,70,56,19,75,2,1,3,71,69,140,0,0,0,1,0,1,615,346,961,2022-09-30T22:00:00Z
16,456,Tompojevci,23,36,59,15,4,19,38,10,48,0,0,0,16,13,29,0,0,0,1,0,1,93,63,156,2022-09-30T22:00:00Z
16,458,Tordinci,99,89,188,6,2,8,10,0,10,1,0,1,6,12,18,0,0,0,0,0,0,122,103,225,2022-09-30T22:00:00Z
16,459,Tovarnik,161,128,289,18,3,21,48,23,71,1,1,2,9,15,24,0,0,0,0,1,1,237,171,408,2022-09-30T22:00:00Z
16,464,Trpinja,111,194,305,26,10,36,79,17,96,2,0,2,36,20,56,0,0,0,0,0,0,254,241,495,2022-09-30T22:00:00Z
16,487,Vinkovci,8151,6498,14649,305,197,502,46,22,68,55,49,104,462,622,1084,1,0,1,10,15,25,9030,7403,16433,2022-09-30T22:00:00Z
16,505,Vrbanja,306,137,443,29,13,42,66,19,85,2,1,3,37,31,68,0,0,0,0,1,1,440,202,642,2022-09-30T22:00:00Z
16,518,Vukovar,4512,4700,9212,294,146,440,94,42,136,21,26,47,428,406,834,0,0,0,1,7,8,5350,5327,10677,2022-09-30T22:00:00Z
16,534,Županja,2105,1509,3614,142,61,203,38,16,54,20,20,40,167,188,355,1,0,1,4,4,8,2477,1798,4275,2022-09-30T22:00:00Z
16,535,Otok (Vinkovci),402,300,702,35,19,54,59,12,71,6,1,7,75,56,131,0,0,0,0,2,2,577,390,967,2022-09-30T22:00:00Z
16,583,Privlaka,102,78,180,19,5,24,22,8,30,0,2,2,15,18,33,0,0,0,1,0,1,159,111,270,2022-09-30T22:00:00Z
16,584,Vođinci,49,161,210,14,2,16,7,6,13,0,1,1,13,14,27,0,0,0,0,0,0,83,184,267,2022-09-30T22:00:00Z
16,610,Markušica,40,52,92,11,4,15,52,14,66,0,1,1,13,10,23,0,0,0,1,0,1,117,81,198,2022-09-30T22:00:00Z
16,612,Negoslavci,24,15,39,6,1,7,12,3,15,1,0,1,15,11,26,0,0,0,0,0,0,58,30,88,2022-09-30T22:00:00Z
16,628,Štitar,76,78,154,6,1,7,14,3,17,0,0,0,10,5,15,0,0,0,0,0,0,106,87,193,2022-09-30T22:00:00Z
16,92,Drenovci,108,160,268,39,5,44,109,39,148,2,1,3,48,50,98,0,0,0,0,1,1,306,256,562,2022-09-30T22:00:00Z
17,100,Dugi Rat,659,679,1338,77,29,106,0,3,3,32,5,37,170,111,281,0,0,0,7,5,12,945,832,1777,2022-09-30T22:00:00Z
17,134,Gradac,176,228,404,40,17,57,4,1,5,4,1,5,29,47,76,0,0,0,2,1,3,255,295,550,2022-09-30T22:00:00Z
17,148,Hrvace,302,214,516,46,18,64,8,7,15,0,3,3,55,37,92,0,0,0,1,2,3,412,281,693,2022-09-30T22:00:00Z
17,153,Hvar,700,648,1348,197,84,281,17,10,27,17,5,22,196,197,393,3,0,3,9,11,20,1139,955,2094,2022-09-30T22:00:00Z
17,155,Imotski,1406,1384,2790,174,96,270,12,7,19,28,14,42,129,171,300,0,0,0,8,9,17,1757,1681,3438,2022-09-30T22:00:00Z
17,171,Jelsa,386,344,730,90,27,117,35,14,49,9,1,10,119,60,179,0,0,0,2,2,4,641,448,1089,2022-09-30T22:00:00Z
17,181,Kaštela,3632,3959,7591,514,255,769,23,14,37,138,36,174,512,533,1045,0,0,0,28,23,51,4847,4820,9667,2022-09-30T22:00:00Z
17,192,Klis,228,195,423,31,7,38,7,3,10,16,2,18,53,28,81,0,0,0,2,3,5,337,238,575,2022-09-30T22:00:00Z
17,197,Komiža,153,151,304,64,17,81,4,1,5,3,2,5,32,30,62,0,0,0,2,2,4,258,203,461,2022-09-30T22:00:00Z
17,243,Lovreć,129,101,230,16,8,24,4,0,4,1,0,1,38,12,50,0,0,0,2,1,3,190,122,312,2022-09-30T22:00:00Z
17,249,Makarska,2601,2725,5326,275,161,436,2,1,3,49,31,80,369,350,719,1,0,1,10,17,27,3307,3285,6592,2022-09-30T22:00:00Z
17,258,Marina,221,275,496,59,30,89,4,5,9,13,1,14,44,50,94,1,0,1,1,0,1,343,361,704,2022-09-30T22:00:00Z
17,267,Milna,96,88,184,29,3,32,7,2,9,7,0,7,25,25,50,0,0,0,2,1,3,166,119,285,2022-09-30T22:00:00Z
17,27,Bol,395,442,837,50,21,71,3,2,5,5,2,7,66,26,92,0,0,0,2,1,3,521,494,1015,2022-09-30T22:00:00Z
17,280,Nerežišća,143,62,205,18,2,20,3,2,5,0,0,0,30,16,46,0,0,0,0,0,0,194,82,276,2022-09-30T22:00:00Z
17,300,Omiš,1540,1694,3234,241,101,342,11,6,17,47,16,63,301,289,590,0,0,0,4,6,10,2144,2112,4256,2022-09-30T22:00:00Z
17,314,Otok,196,179,375,63,21,84,11,0,11,4,1,5,87,53,140,0,0,0,1,2,3,362,256,618,2022-09-30T22:00:00Z
17,337,Podbablje,283,188,471,38,4,42,6,0,6,3,1,4,17,29,46,0,0,0,0,3,3,347,225,572,2022-09-30T22:00:00Z
17,339,Podgora,299,249,548,47,15,62,1,1,2,0,0,0,41,31,72,0,0,0,2,1,3,390,297,687,2022-09-30T22:00:00Z
17,341,Podstrana,866,783,1649,65,22,87,15,3,18,47,4,51,76,99,175,0,0,0,5,3,8,1074,914,1988,2022-09-30T22:00:00Z
17,350,Postira,281,255,536,31,18,49,9,2,11,1,3,4,12,10,22,0,0,0,0,1,1,334,289,623,2022-09-30T22:00:00Z
17,358,Pučišća,221,133,354,50,6,56,9,5,14,4,1,5,40,15,55,0,0,0,3,1,4,327,161,488,2022-09-30T22:00:00Z
17,382,Seget,525,482,1007,38,9,47,6,3,9,5,2,7,185,77,262,0,0,0,1,4,5,760,577,1337,2022-09-30T22:00:00Z
17,383,Selca,135,113,248,43,16,59,9,5,14,6,1,7,74,28,102,0,0,0,0,0,0,267,163,430,2022-09-30T22:00:00Z
17,389,Sinj,1992,2048,4040,334,153,487,60,20,80,47,40,87,311,375,686,0,0,0,4,10,14,2748,2646,5394,2022-09-30T22:00:00Z
17,406,Solin,3605,3115,6720,265,163,428,12,6,18,134,38,172,311,300,611,0,0,0,11,6,17,4338,3628,7966,2022-09-30T22:00:00Z
17,409,Split,35276,39272,74548,1623,1180,2803,68,40,108,2313,439,2752,1571,2173,3744,7,2,9,140,152,292,40998,43258,84256,2022-09-30T22:00:00Z
17,413,Stari Grad,398,386,784,65,25,90,18,14,32,6,4,10,56,43,99,0,0,0,4,8,12,547,480,1027,2022-09-30T22:00:00Z
17,423,Sućuraj,25,25,50,20,3,23,2,1,3,1,0,1,13,10,23,0,0,0,0,1,1,61,40,101,2022-09-30T22:00:00Z
17,427,Supetar,649,814,1463,124,61,185,15,7,22,23,10,33,132,139,271,0,0,0,6,1,7,949,1032,1981,2022-09-30T22:00:00Z
17,443,Šestanovac,153,145,298,29,7,36,11,1,12,1,2,3,17,24,41,0,0,0,2,0,2,213,179,392,2022-09-30T22:00:00Z
17,447,Šolta,185,143,328,15,15,30,9,3,12,12,0,12,15,16,31,0,0,0,1,0,1,237,177,414,2022-09-30T22:00:00Z
17,460,Trilj,506,576,1082,139,36,175,17,9,26,15,2,17,105,129,234,0,0,0,1,5,6,783,757,1540,2022-09-30T22:00:00Z
17,463,Trogir,1919,2027,3946,344,165,509,14,4,18,66,37,103,348,474,822,0,0,0,11,17,28,2702,2724,5426,2022-09-30T22:00:00Z
17,492,Vis,269,281,550,49,19,68,14,3,17,7,3,10,47,36,83,0,0,0,2,1,3,388,343,731,2022-09-30T22:00:00Z
17,50,Cista Provo,116,153,269,26,4,30,7,0,7,1,0,1,7,8,15,0,0,0,0,3,3,157,168,325,2022-09-30T22:00:00Z
17,511,Vrgorac,994,699,1693,53,23,76,26,12,38,5,6,11,40,66,106,0,0,0,2,5,7,1120,811,1931,2022-09-30T22:00:00Z
17,513,Vrlika,101,196,297,16,4,20,12,5,17,1,0,1,28,5,33,0,0,0,1,0,1,159,210,369,2022-09-30T22:00:00Z
17,522,Zagvozd,135,80,215,17,2,19,2,0,2,1,0,1,14,9,23,0,0,0,0,0,0,169,91,260,2022-09-30T22:00:00Z
17,528,Zmijavci,102,112,214,9,3,12,2,1,3,2,0,2,30,14,44,0,0,0,0,1,1,145,131,276,2022-09-30T22:00:00Z
17,585,Dugopolje,1603,930,2533,39,10,49,4,4,8,14,2,16,57,21,78,0,0,0,0,0,0,1717,967,2684,2022-09-30T22:00:00Z
17,586,Lećevica,9,26,35,5,0,5,1,1,2,0,0,0,2,0,2,0,0,0,1,0,1,18,27,45,2022-09-30T22:00:00Z
17,587,Lokvičići,32,19,51,2,0,2,2,0,2,0,0,0,1,2,3,0,0,0,1,0,1,38,21,59,2022-09-30T22:00:00Z
17,588,Okrug,163,236,399,36,11,47,2,0,2,11,5,16,106,46,152,0,0,0,4,3,7,322,301,623,2022-09-30T22:00:00Z
17,589,Prgomet,31,25,56,6,0,6,1,1,2,1,0,1,1,1,2,0,0,0,1,0,1,41,27,68,2022-09-30T22:00:00Z
17,590,Primorski Dolac,16,36,52,4,1,5,1,2,3,1,1,2,3,4,7,0,0,0,0,0,0,25,44,69,2022-09-30T22:00:00Z
17,591,Runovići,71,68,139,15,1,16,0,2,2,0,2,2,31,38,69,0,0,0,0,2,2,117,113,230,2022-09-30T22:00:00Z
17,592,Sutivan,110,88,198,12,8,20,3,1,4,7,1,8,24,15,39,0,0,0,0,1,1,156,114,270,2022-09-30T22:00:00Z
17,593,Tučepi,291,295,586,21,16,37,0,1,1,3,3,6,42,28,70,0,0,0,1,2,3,358,345,703,2022-09-30T22:00:00Z
17,595,Zadvarje,44,29,73,7,1,8,1,1,2,0,0,0,7,2,9,0,0,0,0,0,0,59,33,92,2022-09-30T22:00:00Z
17,72,Dicmo,456,176,632,35,18,53,5,2,7,4,1,5,28,38,66,0,0,0,1,0,1,529,235,764,2022-09-30T22:00:00Z
17,77,Brela,270,308,578,30,14,44,0,0,0,2,1,3,23,40,63,0,0,0,3,1,4,328,364,692,2022-09-30T22:00:00Z
17,87,Muć,177,191,368,19,3,22,2,4,6,2,4,6,11,7,18,0,0,0,0,1,1,211,210,421,2022-09-30T22:00:00Z
17,88,Proložac,203,168,371,15,6,21,1,4,5,0,0,0,34,22,56,0,0,0,4,2,6,257,202,459,2022-09-30T22:00:00Z
17,9,Baška Voda,246,284,530,56,30,86,1,0,1,5,2,7,52,62,114,0,0,0,4,2,6,364,380,744,2022-09-30T22:00:00Z
18,132,Gračišće,56,25,81,28,6,34,10,3,13,0,0,0,37,10,47,0,0,0,0,0,0,131,44,175,2022-09-30T22:00:00Z
18,138,Grožnjan,25,23,48,17,2,19,12,5,17,0,0,0,11,14,25,0,0,0,0,1,1,65,45,110,2022-09-30T22:00:00Z
18,175,Kanfanar,549,234,783,34,7,41,4,0,4,1,0,1,18,14,32,0,0,0,1,1,2,607,256,863,2022-09-30T22:00:00Z
18,217,Kršan,320,293,613,49,14,63,7,3,10,2,1,3,118,53,171,0,0,0,1,4,5,497,368,865,2022-09-30T22:00:00Z
18,222,Labin,2826,2657,5483,254,128,382,17,9,26,26,35,61,284,235,519,0,0,0,23,22,45,3430,3086,6516,2022-09-30T22:00:00Z
18,223,Lanišće,15,14,29,4,0,4,2,0,2,0,1,1,10,4,14,0,0,0,1,1,2,32,20,52,2022-09-30T22:00:00Z
18,235,Ližnjan,172,137,309,13,6,19,2,0,2,2,0,2,30,31,61,0,0,0,2,0,2,221,174,395,2022-09-30T22:00:00Z
18,246,Lupoglav,203,105,308,12,4,16,5,2,7,0,1,1,17,13,30,0,0,0,0,1,1,237,126,363,2022-09-30T22:00:00Z
18,254,Marčana,162,196,358,43,12,55,3,2,5,2,1,3,32,30,62,0,0,0,0,0,0,242,241,483,2022-09-30T22:00:00Z
18,263,Medulin,727,713,1440,68,41,109,5,2,7,6,6,12,112,120,232,0,0,0,5,9,14,923,891,1814,2022-09-30T22:00:00Z
18,274,Motovun,106,119,225,32,15,47,21,7,28,1,1,2,51,45,96,0,0,0,2,3,5,213,190,403,2022-09-30T22:00:00Z
18,291,Novigrad,932,1082,2014,127,52,179,17,4,21,3,9,12,141,114,255,0,0,0,3,11,14,1223,1272,2495,2022-09-30T22:00:00Z
18,304,Oprtalj,68,85,153,12,6,18,13,1,14,0,0,0,10,11,21,0,0,0,3,2,5,106,105,211,2022-09-30T22:00:00Z
18,321,Pazin,1943,1986,3929,309,125,434,55,25,80,15,22,37,303,201,504,0,0,0,4,9,13,2629,2368,4997,2022-09-30T22:00:00Z
18,330,Pićan,354,159,513,35,8,43,1,5,6,1,1,2,57,18,75,0,0,0,1,1,2,449,192,641,2022-09-30T22:00:00Z
18,348,Poreč,5360,5226,10586,672,343,1015,47,18,65,51,52,103,538,504,1042,1,1,2,18,41,59,6687,6185,12872,2022-09-30T22:00:00Z
18,359,Pula,13174,12758,25932,1286,713,1999,69,47,116,271,170,441,931,1075,2006,0,0,0,57,60,117,15788,14823,30611,2022-09-30T22:00:00Z
18,368,Raša,278,153,431,29,7,36,1,0,1,3,1,4,40,23,63,0,0,0,1,0,1,352,184,536,2022-09-30T22:00:00Z
18,374,Rovinj,3300,3617,6917,414,231,645,28,17,45,30,36,66,522,426,948,0,0,0,20,55,75,4314,4382,8696,2022-09-30T22:00:00Z
18,40,Brtonigla,168,112,280,41,13,54,20,9,29,1,1,2,44,49,93,0,0,0,0,3,3,274,187,461,2022-09-30T22:00:00Z
18,42,Buje,787,793,1580,110,47,157,27,12,39,6,9,15,63,66,129,0,0,0,1,2,3,994,929,1923,2022-09-30T22:00:00Z
18,43,Buzet,1578,1080,2658,174,63,237,25,14,39,6,5,11,128,107,235,0,0,0,6,6,12,1917,1275,3192,2022-09-30T22:00:00Z
18,431,Sveti Lovreč,61,54,115,20,10,30,2,0,2,0,1,1,34,18,52,0,0,0,0,1,1,117,84,201,2022-09-30T22:00:00Z
18,432,Sveta Nedelja,166,160,326,27,7,34,8,2,10,4,0,4,43,23,66,0,0,0,4,3,7,252,195,447,2022-09-30T22:00:00Z
18,433,Sveti Petar U Šumi,184,120,304,22,4,26,3,4,7,0,0,0,15,4,19,0,0,0,1,1,2,225,133,358,2022-09-30T22:00:00Z
18,435,Svetvinčenat,129,107,236,20,5,25,1,0,1,0,1,1,27,23,50,0,0,0,0,0,0,177,136,313,2022-09-30T22:00:00Z
18,453,Tinjan,189,106,295,39,7,46,6,1,7,2,3,5,51,30,81,0,0,0,1,1,2,288,148,436,2022-09-30T22:00:00Z
18,468,Umag,2936,2665,5601,389,167,556,30,16,46,35,32,67,304,331,635,0,0,0,13,30,43,3707,3241,6948,2022-09-30T22:00:00Z
18,47,Cerovlje,115,58,173,34,2,36,4,3,7,0,0,0,27,17,44,0,0,0,0,1,1,180,81,261,2022-09-30T22:00:00Z
18,497,Višnjan,300,270,570,46,11,57,11,3,14,1,1,2,97,43,140,0,0,0,2,0,2,457,328,785,2022-09-30T22:00:00Z
18,498,Vižinada,76,53,129,28,11,39,15,6,21,1,0,1,27,34,61,0,0,0,1,0,1,148,104,252,2022-09-30T22:00:00Z
18,5,Bale,163,143,306,21,23,44,2,2,4,0,0,0,40,17,57,0,0,0,2,1,3,228,186,414,2022-09-30T22:00:00Z
18,502,Vodnjan,830,655,1485,48,24,72,8,3,11,9,4,13,87,52,139,0,1,1,0,0,0,982,739,1721,2022-09-30T22:00:00Z
18,516,Vrsar,407,435,842,80,29,109,3,2,5,7,1,8,105,98,203,0,0,0,6,1,7,608,566,1174,2022-09-30T22:00:00Z
18,531,Žminj,472,432,904,106,48,154,13,9,22,3,5,8,87,86,173,0,0,0,3,3,6,684,583,1267,2022-09-30T22:00:00Z
18,596,Karojba,124,117,241,32,6,38,2,1,3,0,0,0,47,8,55,0,1,1,0,0,0,205,133,338,2022-09-30T22:00:00Z
18,597,Kaštelir - Labinci,148,80,228,33,17,50,7,2,9,1,0,1,46,12,58,0,0,0,1,3,4,236,114,350,2022-09-30T22:00:00Z
18,6,Barban,245,113,358,42,5,47,12,6,18,0,1,1,25,25,50,0,0,0,2,2,4,326,152,478,2022-09-30T22:00:00Z
18,619,Fažana,294,275,569,31,17,48,0,2,2,3,4,7,35,31,66,0,0,0,0,2,2,363,331,694,2022-09-30T22:00:00Z
18,629,Funtana,163,170,333,19,9,28,1,1,2,1,0,1,24,40,64,0,0,0,3,1,4,211,221,432,2022-09-30T22:00:00Z
18,631,Tar-Vabriga,192,272,464,40,17,57,3,0,3,0,0,0,43,29,72,0,0,0,0,3,3,278,321,599,2022-09-30T22:00:00Z
19,198,Konavle,1515,1207,2722,211,78,289,20,11,31,32,8,40,108,126,234,0,0,0,8,5,13,1894,1435,3329,2022-09-30T22:00:00Z
19,204,Korčula,714,932,1646,146,64,210,17,6,23,75,12,87,125,121,246,0,0,0,6,14,20,1083,1149,2232,2022-09-30T22:00:00Z
19,219,Kula Norinska,36,47,83,9,1,10,1,0,1,1,0,1,6,6,12,0,0,0,0,0,0,53,54,107,2022-09-30T22:00:00Z
19,226,Lastovo,67,94,161,28,8,36,2,2,4,4,0,4,14,7,21,0,0,0,1,4,5,116,115,231,2022-09-30T22:00:00Z
19,25,Blato,559,410,969,70,22,92,14,4,18,9,7,16,151,41,192,0,0,0,6,1,7,809,485,1294,2022-09-30T22:00:00Z
19,264,Metković,2171,1831,4002,179,123,302,37,22,59,47,17,64,317,257,574,0,0,0,7,18,25,2758,2268,5026,2022-09-30T22:00:00Z
19,268,Mljet,175,107,282,17,10,27,4,1,5,2,2,4,10,11,21,0,0,0,5,2,7,213,133,346,2022-09-30T22:00:00Z
19,306,Opuzen,536,538,1074,31,19,50,49,24,73,5,1,6,35,79,114,0,0,0,2,0,2,658,661,1319,2022-09-30T22:00:00Z
19,308,Orebić,416,416,832,82,46,128,30,9,39,33,7,40,86,82,168,0,0,0,2,14,16,649,574,1223,2022-09-30T22:00:00Z
19,335,Ploče,1339,918,2257,88,53,141,28,9,37,25,7,32,102,117,219,0,0,0,1,4,5,1583,1108,2691,2022-09-30T22:00:00Z
19,343,Pojezerje,24,27,51,4,2,6,7,0,7,0,0,0,2,4,6,0,0,0,0,0,0,37,33,70,2022-09-30T22:00:00Z
19,399,Slivno,88,38,126,9,6,15,14,5,19,0,0,0,8,12,20,0,0,0,1,0,1,120,61,181,2022-09-30T22:00:00Z
19,402,Smokvica,36,85,121,14,3,17,19,4,23,8,0,8,34,9,43,0,0,0,3,2,5,114,103,217,2022-09-30T22:00:00Z
19,419,Ston,485,244,729,58,16,74,22,4,26,10,1,11,47,28,75,0,0,0,3,2,5,625,295,920,2022-09-30T22:00:00Z
19,474,Vela Luka,282,534,816,61,22,83,9,1,10,32,4,36,79,49,128,0,0,0,5,5,10,468,615,1083,2022-09-30T22:00:00Z
19,523,Zažablje,10,8,18,3,0,3,4,2,6,2,1,3,11,2,13,0,0,0,0,1,1,30,14,44,2022-09-30T22:00:00Z
19,598,Dubrovačko Primorje,159,124,283,28,5,33,4,5,9,9,2,11,45,24,69,0,0,0,0,3,3,245,163,408,2022-09-30T22:00:00Z
19,599,Janjina,51,61,112,11,4,15,9,3,12,1,1,2,12,10,22,0,0,0,3,1,4,87,80,167,2022-09-30T22:00:00Z
19,600,Lumbarda,55,61,116,38,13,51,9,2,11,7,0,7,27,25,52,0,0,0,5,4,9,141,105,246,2022-09-30T22:00:00Z
19,601,Trpanj,60,56,116,12,4,16,2,1,3,6,1,7,23,13,36,0,0,0,2,3,5,105,78,183,2022-09-30T22:00:00Z
19,602,Župa Dubrovačka,747,826,1573,138,68,206,4,7,11,62,2,64,81,86,167,0,0,0,3,4,7,1035,993,2028,2022-09-30T22:00:00Z
19,98,Dubrovnik,11035,11674,22709,833,445,1278,29,17,46,499,75,574,682,717,1399,1,0,1,39,60,99,13118,12988,26106,2022-09-30T22:00:00Z
20,123,Goričan,319,160,479,7,4,11,8,2,10,0,2,2,11,12,23,0,0,0,0,0,0,345,180,525,2022-09-30T22:00:00Z
20,15,Belica,199,222,421,27,16,43,59,39,98,1,1,2,28,37,65,0,0,0,1,2,3,315,317,632,2022-09-30T22:00:00Z
20,206,Kotoriba,520,276,796,10,4,14,6,0,6,0,5,5,10,11,21,0,0,0,0,0,0,546,296,842,2022-09-30T22:00:00Z
20,250,Mala Subotica,528,1110,1638,26,17,43,34,14,48,2,5,7,22,28,50,0,0,0,0,4,4,612,1178,1790,2022-09-30T22:00:00Z
20,276,Mursko Središće,798,765,1563,50,26,76,13,7,20,2,6,8,49,52,101,0,0,0,2,2,4,914,858,1772,2022-09-30T22:00:00Z
20,279,Nedelišće,1471,838,2309,95,48,143,40,20,60,1,6,7,129,61,190,0,0,0,0,4,4,1736,977,2713,2022-09-30T22:00:00Z
20,342,Podturen,229,120,349,21,8,29,16,14,30,1,2,3,51,39,90,0,0,0,0,1,1,318,184,502,2022-09-30T22:00:00Z
20,355,Prelog,2398,1682,4080,66,23,89,53,28,81,9,10,19,77,68,145,0,0,0,2,7,9,2605,1818,4423,2022-09-30T22:00:00Z
20,385,Selnica,143,154,297,9,9,18,8,4,12,1,1,2,16,15,31,0,0,0,0,1,1,177,184,361,2022-09-30T22:00:00Z
20,440,Sveti Juraj Na Bregu,279,196,475,27,15,42,12,8,20,1,2,3,37,52,89,0,0,0,0,0,0,356,273,629,2022-09-30T22:00:00Z
20,441,Sveti Martin Na Muri,594,351,945,17,11,28,8,5,13,0,3,3,31,35,66,0,0,0,1,0,1,651,405,1056,2022-09-30T22:00:00Z
20,452,Štrigova,311,205,516,27,10,37,38,22,60,2,1,3,61,66,127,0,0,0,0,2,2,439,306,745,2022-09-30T22:00:00Z
20,504,Vratišinec,135,95,230,7,2,9,11,2,13,1,2,3,7,6,13,0,0,0,1,1,2,162,108,270,2022-09-30T22:00:00Z
20,60,Čakovec,10028,9172,19200,252,139,391,62,24,86,35,59,94,258,337,595,0,0,0,5,16,21,10640,9747,20387,2022-09-30T22:00:00Z
20,603,Dekanovec,89,80,169,5,1,6,4,5,9,0,0,0,5,2,7,0,0,0,0,1,1,103,89,192,2022-09-30T22:00:00Z
20,604,Gornji Mihaljevec,118,70,188,14,3,17,24,10,34,2,1,3,23,17,40,0,0,0,1,0,1,182,101,283,2022-09-30T22:00:00Z
20,605,Orehovica,198,147,345,16,3,19,26,11,37,1,2,3,48,22,70,0,0,0,0,4,4,289,189,478,2022-09-30T22:00:00Z
20,606,Strahoninec,253,173,426,12,5,17,3,2,5,0,2,2,35,13,48,0,0,0,0,1,1,303,196,499,2022-09-30T22:00:00Z
20,607,Sveta Marija,59,83,142,13,2,15,6,0,6,1,1,2,21,5,26,0,0,0,0,1,1,100,92,192,2022-09-30T22:00:00Z
20,608,Šenkovec,512,269,781,19,10,29,2,1,3,0,1,1,29,23,52,0,0,0,0,1,1,562,305,867,2022-09-30T22:00:00Z
20,620,Pribislavec,371,227,598,10,7,17,3,1,4,2,1,3,17,13,30,0,0,0,0,1,1,403,250,653,2022-09-30T22:00:00Z
20,75,Domašinec,254,108,362,8,9,17,20,16,36,0,1,1,17,11,28,0,0,0,2,2,4,301,147,448,2022-09-30T22:00:00Z
20,78,Donja Dubrava,203,231,434,15,5,20,5,3,8,0,1,1,12,13,25,0,0,0,0,0,0,235,253,488,2022-09-30T22:00:00Z
20,82,Donji Kraljevec,1442,647,2089,43,14,57,53,20,73,3,6,9,91,119,210,0,0,0,2,9,11,1634,815,2449,2022-09-30T22:00:00Z
20,89,Donji Vidovec,53,79,132,4,1,5,2,0,2,1,2,3,3,17,20,0,0,0,0,0,0,63,99,162,2022-09-30T22:00:00Z
21,133,Zagreb,232894,211585,444479,8126,5820,13946,306,175,481,2218,2060,4278,5393,6865,12258,20,7,27,334,514,848,249291,227026,476317,2022-09-30T22:00:00Z
01,101,Dugo Selo,2973,2049,5022,233,124,357,30,22,52,24,27,51,263,265,528,0,0,0,7,18,25,3530,2505,6035,2022-10-31T23:00:00Z
01,114,Farkaševac,152,219,371,8,3,11,26,10,36,0,2,2,37,19,56,0,0,0,1,0,1,224,253,477,2022-10-31T23:00:00Z
01,135,Gradec,147,133,280,15,1,16,11,7,18,0,1,1,45,20,65,0,0,0,0,1,1,218,163,381,2022-10-31T23:00:00Z
01,158,Ivanić-Grad,3169,1715,4884,97,76,173,46,31,77,10,20,30,140,183,323,0,0,0,10,10,20,3472,2035,5507,2022-10-31T23:00:00Z
01,163,Jakovlje,350,312,662,40,8,48,9,8,17,3,0,3,41,35,76,0,0,0,0,0,0,443,363,806,2022-10-31T23:00:00Z
01,169,Jastrebarsko,2324,1750,4074,228,112,340,48,38,86,18,19,37,259,236,495,0,0,0,5,7,12,2882,2162,5044,2022-10-31T23:00:00Z
01,190,Klinča Selo,211,186,397,41,10,51,5,3,8,0,0,0,67,45,112,0,0,0,0,2,2,324,246,570,2022-10-31T23:00:00Z
01,193,Kloštar Ivanić,399,324,723,24,8,32,20,6,26,3,10,13,50,34,84,1,0,1,3,4,7,500,386,886,2022-10-31T23:00:00Z
01,213,Križ,675,444,1119,23,20,43,19,12,31,7,5,12,23,55,78,0,0,0,2,2,4,749,538,1287,2022-10-31T23:00:00Z
01,33,Brckovljani,332,390,722,7,5,12,0,0,0,3,2,5,26,19,45,0,0,0,0,0,0,368,416,784,2022-10-31T23:00:00Z
01,331,Pisarovina,388,297,685,24,27,51,23,17,40,1,2,3,25,33,58,0,0,0,4,3,7,465,379,844,2022-10-31T23:00:00Z
01,34,Brdovec,873,764,1637,98,42,140,15,7,22,2,5,7,88,63,151,0,0,0,5,2,7,1081,883,1964,2022-10-31T23:00:00Z
01,356,Preseka,17,9,26,6,2,8,13,11,24,0,1,1,15,5,20,0,0,0,1,0,1,52,28,80,2022-10-31T23:00:00Z
01,362,Pušča,143,194,337,26,13,39,7,2,9,2,3,5,51,22,73,0,0,0,0,0,0,229,234,463,2022-10-31T23:00:00Z
01,376,Rugvica,1403,527,1930,8,6,14,3,2,5,1,2,3,20,16,36,0,0,0,0,0,0,1435,553,1988,2022-10-31T23:00:00Z
01,380,Samobor,5593,3971,9564,521,317,838,25,21,46,43,65,108,489,484,973,2,1,3,32,21,53,6705,4880,11585,2022-10-31T23:00:00Z
01,429,Sveti Ivan Zelina,2443,2016,4459,171,71,242,65,47,112,14,21,35,256,200,456,0,0,0,5,3,8,2954,2358,5312,2022-10-31T23:00:00Z
01,436,Sveta Nedjelja,5808,3636,9444,227,91,318,5,5,10,9,11,20,363,195,558,0,0,0,8,6,14,6420,3944,10364,2022-10-31T23:00:00Z
01,508,Vrbovec,2193,2068,4261,171,72,243,93,34,127,6,19,25,291,155,446,0,0,0,7,8,15,2761,2356,5117,2022-10-31T23:00:00Z
01,533,Krašić,259,185,444,27,9,36,11,11,22,2,1,3,25,21,46,0,0,0,1,2,3,325,229,554,2022-10-31T23:00:00Z
01,536,Rakovec,35,22,57,10,2,12,8,4,12,0,1,1,21,11,32,0,0,0,0,0,0,74,40,114,2022-10-31T23:00:00Z
01,539,Marija Gorica,78,102,180,14,3,17,0,0,0,1,1,2,19,17,36,0,0,0,0,0,0,112,123,235,2022-10-31T23:00:00Z
01,540,Žumberak,18,22,40,6,1,7,5,4,9,0,0,0,4,6,10,0,0,0,0,0,0,33,33,66,2022-10-31T23:00:00Z
01,541,Velika Gorica,8408,6505,14913,636,375,1011,67,33,100,56,59,115,575,521,1096,1,0,1,16,25,41,9759,7518,17277,2022-10-31T23:00:00Z
01,542,Orle,40,36,76,15,0,15,8,4,12,0,0,0,14,2,16,0,0,0,0,0,0,77,42,119,2022-10-31T23:00:00Z
01,543,Zaprešić,3460,3064,6524,214,159,373,12,12,24,33,43,76,253,237,490,0,0,0,10,12,22,3982,3527,7509,2022-10-31T23:00:00Z
01,544,Pokupsko,41,71,112,11,6,17,13,6,19,0,0,0,7,7,14,0,0,0,0,0,0,72,90,162,2022-10-31T23:00:00Z
01,545,Kravarsko,111,99,210,39,10,49,6,5,11,0,0,0,77,16,93,0,0,0,1,1,2,234,131,365,2022-10-31T23:00:00Z
01,547,Bistra,348,524,872,47,22,69,7,5,12,2,7,9,57,42,99,1,0,1,1,2,3,463,602,1065,2022-10-31T23:00:00Z
01,548,Luka,282,107,389,15,2,17,2,3,5,1,1,2,16,22,38,0,0,0,0,0,0,316,135,451,2022-10-31T23:00:00Z
01,549,Dubravica,67,43,110,15,0,15,13,5,18,0,0,0,13,17,30,0,0,0,0,0,0,108,65,173,2022-10-31T23:00:00Z
01,550,Bedenica,218,160,378,13,4,17,4,5,9,1,1,2,15,8,23,0,0,0,0,0,0,251,178,429,2022-10-31T23:00:00Z
01,551,Stupnik,1502,554,2056,30,15,45,0,1,1,2,2,4,20,23,43,0,0,0,0,0,0,1554,595,2149,2022-10-31T23:00:00Z
01,97,Dubrava,314,327,641,47,22,69,70,44,114,5,12,17,65,72,137,0,0,0,2,4,6,503,481,984,2022-10-31T23:00:00Z
02,108,Đurmanec,132,153,285,60,17,77,2,2,4,3,1,4,112,88,200,0,0,0,1,1,2,310,262,572,2022-10-31T23:00:00Z
02,11,Bedekovčina,507,766,1273,89,38,127,7,6,13,8,6,14,126,98,224,0,0,0,4,4,8,741,918,1659,2022-10-31T23:00:00Z
02,125,Gornja Stubica,238,290,528,52,16,68,6,6,12,1,1,2,69,51,120,0,0,0,1,1,2,367,365,732,2022-10-31T23:00:00Z
02,146,Hraščina,51,45,96,10,2,12,2,3,5,0,1,1,7,7,14,0,0,0,0,0,0,70,58,128,2022-10-31T23:00:00Z
02,152,Hum Na Sutli,1549,658,2207,53,29,82,4,0,4,1,8,9,262,81,343,0,0,0,0,2,2,1869,778,2647,2022-10-31T23:00:00Z
02,187,Klanjec,291,255,546,70,24,94,12,7,19,5,1,6,67,47,114,0,0,0,0,3,3,445,337,782,2022-10-31T23:00:00Z
02,200,Konjščina,435,398,833,32,17,49,2,1,3,0,2,2,45,34,79,0,0,0,0,1,1,514,453,967,2022-10-31T23:00:00Z
02,208,Kraljevec Na Sutli,81,47,128,13,6,19,3,1,4,1,0,1,19,5,24,0,0,0,0,1,1,117,60,177,2022-10-31T23:00:00Z
02,211,Krapina,2928,2362,5290,177,101,278,9,4,13,14,16,30,180,175,355,0,0,0,1,7,8,3309,2665,5974,2022-10-31T23:00:00Z
02,212,Krapinske Toplice,613,1212,1825,66,40,106,5,6,11,0,5,5,106,73,179,0,0,0,1,1,2,791,1337,2128,2022-10-31T23:00:00Z
02,236,Lobor,163,217,380,26,8,34,3,3,6,0,1,1,34,15,49,0,0,0,1,2,3,227,246,473,2022-10-31T23:00:00Z
02,248,Mače,100,74,174,33,6,39,3,4,7,1,0,1,61,36,97,0,0,0,0,0,0,198,120,318,2022-10-31T23:00:00Z
02,256,Marija Bistrica,350,352,702,67,43,110,13,7,20,2,5,7,65,77,142,0,0,0,2,2,4,499,486,985,2022-10-31T23:00:00Z
02,265,Mihovljan,94,124,218,32,7,39,3,0,3,0,0,0,64,17,81,0,0,0,1,1,2,194,149,343,2022-10-31T23:00:00Z
02,311,Oroslavje,978,827,1805,73,36,109,10,2,12,6,8,14,94,65,159,0,0,0,3,2,5,1164,940,2104,2022-10-31T23:00:00Z
02,329,Petrovsko,90,53,143,17,3,20,1,0,1,5,0,5,60,13,73,0,0,0,1,0,1,174,69,243,2022-10-31T23:00:00Z
02,352,Pregrada,810,910,1720,113,34,147,3,5,8,6,6,12,171,107,278,0,0,0,2,1,3,1105,1063,2168,2022-10-31T23:00:00Z
02,364,Radoboj,149,103,252,17,13,30,1,1,2,0,2,2,55,23,78,0,0,0,0,0,0,222,142,364,2022-10-31T23:00:00Z
02,41,Budinščina,194,184,378,15,6,21,6,1,7,2,2,4,17,12,29,0,0,0,2,2,4,236,207,443,2022-10-31T23:00:00Z
02,422,Stubičke Toplice,258,436,694,35,16,51,0,2,2,2,5,7,63,29,92,0,0,0,1,0,1,359,488,847,2022-10-31T23:00:00Z
02,430,Sveti Križ Začretje,713,817,1530,75,23,98,10,4,14,1,5,6,139,100,239,0,0,0,4,0,4,942,949,1891,2022-10-31T23:00:00Z
02,466,Tuhelj,161,219,380,20,10,30,5,1,6,1,2,3,42,38,80,0,0,0,0,0,0,229,270,499,2022-10-31T23:00:00Z
02,481,Veliko Trgovišće,561,418,979,53,16,69,4,5,9,2,5,7,109,49,158,0,0,0,3,2,5,732,495,1227,2022-10-31T23:00:00Z
02,519,Zabok,2825,2880,5705,146,86,232,7,3,10,14,16,30,187,333,520,0,0,0,2,3,5,3181,3321,6502,2022-10-31T23:00:00Z
02,521,Zagorska Sela,7,55,62,8,1,9,7,3,10,0,1,1,16,5,21,0,0,0,0,0,0,38,65,103,2022-10-31T23:00:00Z
02,526,Zlatar,550,685,1235,97,48,145,26,16,42,7,7,14,116,86,202,0,0,0,2,0,2,798,842,1640,2022-10-31T23:00:00Z
02,527,Zlatar Bistrica,320,550,870,26,8,34,4,2,6,5,0,5,70,46,116,0,0,0,3,2,5,428,608,1036,2022-10-31T23:00:00Z
02,552,Jesenje,76,67,143,9,2,11,0,0,0,0,0,0,49,8,57,0,0,0,0,0,0,134,77,211,2022-10-31T23:00:00Z
02,553,Kumrovec,77,93,170,18,4,22,2,0,2,2,1,3,18,16,34,0,0,0,0,0,0,117,114,231,2022-10-31T23:00:00Z
02,554,Novi Golubovec,135,58,193,3,2,5,1,0,1,0,0,0,5,1,6,0,0,0,0,0,0,144,61,205,2022-10-31T23:00:00Z
02,70,Desinić,125,279,404,28,7,35,9,2,11,3,1,4,47,36,83,0,0,0,0,1,1,212,326,538,2022-10-31T23:00:00Z
02,79,Donja Stubica,827,679,1506,96,50,146,5,4,9,7,3,10,84,52,136,0,0,0,2,2,4,1021,790,1811,2022-10-31T23:00:00Z
03,102,Dvor,291,140,431,17,5,22,58,23,81,0,2,2,13,12,25,0,0,0,1,2,3,380,184,564,2022-10-31T23:00:00Z
03,121,Glina,1157,705,1862,42,20,62,59,26,85,4,9,13,70,70,140,0,0,0,0,0,0,1332,830,2162,2022-10-31T23:00:00Z
03,149,Hrvatska Dubica,69,69,138,9,2,11,13,3,16,0,0,0,6,5,11,0,0,0,1,1,2,98,80,178,2022-10-31T23:00:00Z
03,150,Hrvatska Kostajnica,301,271,572,18,9,27,8,3,11,1,3,4,12,22,34,0,0,0,2,2,4,342,310,652,2022-10-31T23:00:00Z
03,168,Jasenovac,132,129,261,13,6,19,13,4,17,0,0,0,15,11,26,0,0,0,0,1,1,173,151,324,2022-10-31T23:00:00Z
03,220,Kutina,3568,2885,6453,180,115,295,44,19,63,37,24,61,213,240,453,1,0,1,11,8,19,4054,3291,7345,2022-10-31T23:00:00Z
03,228,Lekenik,372,314,686,43,12,55,9,7,16,1,3,4,52,33,85,0,0,0,2,1,3,479,370,849,2022-10-31T23:00:00Z
03,232,Lipovljani,257,268,525,26,9,35,10,2,12,1,0,1,39,40,79,0,0,0,0,4,4,333,323,656,2022-10-31T23:00:00Z
03,259,Martinska Ves,129,65,194,10,1,11,26,14,40,3,0,3,46,14,60,0,0,0,0,1,1,214,95,309,2022-10-31T23:00:00Z
03,293,Novska,1317,1043,2360,176,102,278,33,16,49,8,18,26,252,238,490,0,0,0,2,9,11,1788,1426,3214,2022-10-31T23:00:00Z
03,328,Petrinja,1746,1710,3456,247,94,341,70,30,100,10,25,35,306,294,600,0,0,0,7,4,11,2386,2157,4543,2022-10-31T23:00:00Z
03,347,Popovača,898,1019,1917,84,45,129,50,17,67,7,10,17,101,122,223,0,0,0,4,2,6,1144,1215,2359,2022-10-31T23:00:00Z
03,391,Sisak,7051,8089,15140,390,230,620,100,59,159,43,77,120,624,577,1201,0,0,0,18,17,35,8226,9049,17275,2022-10-31T23:00:00Z
03,426,Sunja,216,181,397,25,10,35,50,30,80,1,2,3,15,20,35,0,0,0,2,1,3,309,244,553,2022-10-31T23:00:00Z
03,457,Topusko,216,317,533,14,7,21,5,2,7,3,1,4,32,22,54,0,0,0,0,0,0,270,349,619,2022-10-31T23:00:00Z
03,477,Velika Ludina,122,153,275,11,9,20,13,3,16,0,0,0,30,17,47,0,0,0,0,0,0,176,182,358,2022-10-31T23:00:00Z
03,510,Gvozd,118,84,202,11,4,15,19,4,23,0,0,0,19,11,30,0,0,0,2,1,3,169,104,273,2022-10-31T23:00:00Z
03,555,Majur,138,52,190,1,1,2,3,1,4,0,0,0,2,1,3,0,0,0,0,0,0,144,55,199,2022-10-31T23:00:00Z
03,83,Donji Kukuruzari,48,40,88,5,0,5,6,3,9,0,0,0,1,3,4,0,0,0,1,0,1,61,46,107,2022-10-31T23:00:00Z
04,120,Generalski Stol,35,67,102,21,5,26,1,0,1,0,1,1,24,14,38,0,0,0,0,0,0,81,87,168,2022-10-31T23:00:00Z
04,172,Josipdol,203,163,366,25,15,40,2,6,8,2,1,3,36,52,88,0,0,0,0,0,0,268,237,505,2022-10-31T23:00:00Z
04,179,Karlovac,10701,9078,19779,424,311,735,74,50,124,70,86,156,624,807,1431,0,0,0,16,14,30,11909,10346,22255,2022-10-31T23:00:00Z
04,216,Krnjak,155,77,232,3,2,5,5,4,9,1,0,1,8,5,13,0,0,0,0,0,0,172,88,260,2022-10-31T23:00:00Z
04,225,Lasinja,42,41,83,5,3,8,0,5,5,2,0,2,5,6,11,0,0,0,0,0,0,54,55,109,2022-10-31T23:00:00Z
04,281,Netretić,99,108,207,18,3,21,2,1,3,1,1,2,37,32,69,0,0,0,0,0,0,157,145,302,2022-10-31T23:00:00Z
04,297,Ogulin,1844,1862,3706,149,90,239,40,19,59,10,30,40,151,179,330,0,0,0,4,5,9,2198,2185,4383,2022-10-31T23:00:00Z
04,30,Bosiljevo,97,74,171,3,0,3,0,0,0,1,1,2,29,31,60,0,0,0,0,0,0,130,106,236,2022-10-31T23:00:00Z
04,315,Ozalj,780,627,1407,93,33,126,23,14,37,4,9,13,130,88,218,0,1,1,1,3,4,1031,775,1806,2022-10-31T23:00:00Z
04,333,Plaški,101,74,175,9,3,12,9,2,11,0,0,0,46,32,78,0,0,0,0,0,0,165,111,276,2022-10-31T23:00:00Z
04,365,Rakovica,144,189,333,9,9,18,3,3,6,0,0,0,71,56,127,0,0,0,3,5,8,230,262,492,2022-10-31T23:00:00Z
04,378,Saborsko,14,14,28,0,1,1,1,0,1,0,0,0,6,2,8,0,0,0,0,0,0,21,17,38,2022-10-31T23:00:00Z
04,400,Slunj,335,401,736,56,17,73,37,19,56,3,4,7,120,102,222,0,0,0,3,19,22,554,562,1116,2022-10-31T23:00:00Z
04,49,Cetingrad,63,60,123,8,1,9,2,3,5,1,0,1,7,7,14,0,0,0,0,0,0,81,71,152,2022-10-31T23:00:00Z
04,503,Vojnić,368,233,601,21,13,34,42,11,53,1,0,1,30,31,61,0,0,0,3,1,4,465,289,754,2022-10-31T23:00:00Z
04,530,Žakanje,171,105,276,25,12,37,4,1,5,0,0,0,28,27,55,0,0,0,0,1,1,228,146,374,2022-10-31T23:00:00Z
04,556,Ribnik,9,7,16,10,3,13,1,1,2,0,0,0,5,9,14,0,0,0,0,0,0,25,20,45,2022-10-31T23:00:00Z
04,557,Tounj,63,25,88,5,0,5,0,0,0,0,0,0,4,5,9,0,0,0,0,0,0,72,30,102,2022-10-31T23:00:00Z
04,623,Kamanje,163,99,262,4,1,5,0,0,0,0,0,0,4,6,10,0,0,0,0,0,0,171,106,277,2022-10-31T23:00:00Z
04,7,Barilovići,295,165,460,21,10,31,7,0,7,1,1,2,113,33,146,0,0,0,0,0,0,437,209,646,2022-10-31T23:00:00Z
04,90,Draganić,175,202,377,14,3,17,7,3,10,1,1,2,16,26,42,0,0,0,0,0,0,213,235,448,2022-10-31T23:00:00Z
04,99,Duga Resa,1237,1071,2308,134,68,202,19,20,39,4,17,21,178,192,370,0,0,0,7,11,18,1579,1379,2958,2022-10-31T23:00:00Z
05,12,Bednja,220,187,407,18,7,25,2,4,6,1,1,2,29,15,44,0,0,0,0,1,1,270,215,485,2022-10-31T23:00:00Z
05,129,Gornji Kneginec,625,1002,1627,51,31,82,9,5,14,3,7,10,68,54,122,0,0,0,3,3,6,759,1102,1861,2022-10-31T23:00:00Z
05,151,Breznički Hum,207,147,354,14,4,18,6,6,12,0,1,1,21,14,35,0,0,0,2,6,8,250,178,428,2022-10-31T23:00:00Z
05,156,Ivanec,2205,1843,4048,173,66,239,12,11,23,10,18,28,325,265,590,0,0,0,8,7,15,2733,2210,4943,2022-10-31T23:00:00Z
05,165,Jalžabet,747,1072,1819,22,4,26,12,5,17,0,3,3,38,23,61,0,0,0,0,1,1,819,1108,1927,2022-10-31T23:00:00Z
05,189,Klenovnik,161,60,221,9,4,13,0,0,0,0,0,0,21,26,47,0,0,0,2,0,2,193,90,283,2022-10-31T23:00:00Z
05,19,Beretinec,84,43,127,18,2,20,3,2,5,0,1,1,15,22,37,0,0,0,1,0,1,121,70,191,2022-10-31T23:00:00Z
05,229,Lepoglava,1364,635,1999,62,33,95,4,2,6,1,5,6,93,51,144,0,0,0,1,7,8,1525,733,2258,2022-10-31T23:00:00Z
05,244,Ludbreg,1880,1636,3516,122,60,182,60,33,93,9,14,23,219,174,393,0,0,0,3,7,10,2293,1924,4217,2022-10-31T23:00:00Z
05,247,Ljubešćica,360,170,530,26,9,35,1,0,1,1,3,4,78,20,98,0,0,0,1,0,1,467,202,669,2022-10-31T23:00:00Z
05,251,Mali Bukovec,42,80,122,12,6,18,24,17,41,0,1,1,98,36,134,0,0,0,0,1,1,176,141,317,2022-10-31T23:00:00Z
05,260,Maruševec,343,306,649,60,27,87,22,23,45,4,2,6,119,40,159,0,0,0,3,2,5,551,400,951,2022-10-31T23:00:00Z
05,289,Novi Marof,1260,1202,2462,168,64,232,13,11,24,9,15,24,300,177,477,0,0,0,8,6,14,1758,1475,3233,2022-10-31T23:00:00Z
05,326,Petrijanec,469,762,1231,25,10,35,15,9,24,1,3,4,81,83,164,0,0,0,0,1,1,591,868,1459,2022-10-31T23:00:00Z
05,36,Breznica,145,65,210,18,3,21,5,4,9,1,5,6,38,13,51,0,0,0,0,0,0,207,90,297,2022-10-31T23:00:00Z
05,410,Sračinec,296,273,569,39,14,53,1,1,2,1,6,7,90,61,151,0,0,0,0,2,2,427,357,784,2022-10-31T23:00:00Z
05,437,Sveti Đurđ,70,97,167,33,4,37,27,8,35,3,1,4,34,34,68,0,0,0,0,0,0,167,144,311,2022-10-31T23:00:00Z
05,438,Sveti Ilija,189,211,400,17,8,25,2,1,3,0,4,4,43,31,74,0,0,0,0,0,0,251,255,506,2022-10-31T23:00:00Z
05,462,Trnovec Bartolovečki,1267,1412,2679,71,20,91,16,7,23,2,3,5,282,87,369,0,0,0,1,2,3,1639,1531,3170,2022-10-31T23:00:00Z
05,472,Varaždin,16967,15591,32558,525,386,911,52,26,78,79,117,196,526,655,1181,1,0,1,23,21,44,18173,16796,34969,2022-10-31T23:00:00Z
05,473,Varaždinske Toplice,614,536,1150,46,21,67,10,5,15,3,8,11,182,52,234,0,0,0,0,1,1,855,623,1478,2022-10-31T23:00:00Z
05,48,Cestica,393,394,787,58,27,85,13,17,30,1,4,5,102,79,181,0,0,0,0,2,2,567,523,1090,2022-10-31T23:00:00Z
05,484,Vidovec,280,268,548,49,15,64,59,30,89,1,5,6,111,92,203,0,0,0,0,0,0,500,410,910,2022-10-31T23:00:00Z
05,486,Vinica,333,237,570,19,8,27,5,4,9,1,5,6,31,24,55,0,0,0,0,1,1,389,279,668,2022-10-31T23:00:00Z
05,493,Visoko,100,60,160,18,1,19,6,3,9,0,0,0,25,26,51,0,0,0,2,0,2,151,90,241,2022-10-31T23:00:00Z
05,558,Veliki Bukovec,390,256,646,5,2,7,21,10,31,0,1,1,32,27,59,0,0,0,0,0,0,448,296,744,2022-10-31T23:00:00Z
05,80,Donja Voća,76,64,140,7,1,8,5,7,12,0,1,1,29,18,47,0,0,0,0,1,1,117,92,209,2022-10-31T23:00:00Z
05,85,Donji Martijanec,349,160,509,27,6,33,19,4,23,1,1,2,48,31,79,0,0,0,0,0,0,444,202,646,2022-10-31T23:00:00Z
06,104,Đelekovec,33,48,81,20,12,32,40,10,50,0,1,1,18,15,33,0,0,0,0,0,0,111,86,197,2022-10-31T23:00:00Z
06,107,Đurđevac,1414,1312,2726,83,47,130,74,41,115,13,11,24,84,69,153,0,0,0,10,2,12,1678,1482,3160,2022-10-31T23:00:00Z
06,115,Ferdinandovac,43,85,128,11,2,13,40,32,72,1,1,2,17,7,24,0,0,0,0,0,0,112,127,239,2022-10-31T23:00:00Z
06,122,Gola,194,169,363,11,2,13,87,38,125,0,2,2,6,25,31,0,0,0,0,1,1,298,237,535,2022-10-31T23:00:00Z
06,145,Hlebine,10,31,41,2,0,2,14,4,18,1,0,1,0,10,10,0,0,0,1,1,2,28,46,74,2022-10-31T23:00:00Z
06,194,Kloštar Podravski,173,143,316,16,12,28,36,35,71,0,1,1,30,58,88,0,0,0,0,1,1,255,250,505,2022-10-31T23:00:00Z
06,201,Koprivnica,7139,7573,14712,359,213,572,62,26,88,66,69,135,399,443,842,0,2,2,10,10,20,8035,8336,16371,2022-10-31T23:00:00Z
06,202,Koprivnički Bregi,60,89,149,21,3,24,24,8,32,0,0,0,32,7,39,0,0,0,0,0,0,137,107,244,2022-10-31T23:00:00Z
06,203,Koprivnički Ivanec,68,53,121,23,5,28,24,8,32,0,0,0,16,10,26,0,0,0,0,0,0,131,76,207,2022-10-31T23:00:00Z
06,214,Križevci,3622,3774,7396,182,108,290,226,178,404,14,28,42,251,224,475,0,0,0,8,12,20,4303,4324,8627,2022-10-31T23:00:00Z
06,227,Legrad,60,81,141,16,5,21,19,6,25,0,2,2,20,20,40,0,0,0,0,0,0,115,114,229,2022-10-31T23:00:00Z
06,270,Molve,218,112,330,6,10,16,49,26,75,1,2,3,40,18,58,0,0,0,3,2,5,317,170,487,2022-10-31T23:00:00Z
06,292,Novigrad Podravski,100,156,256,10,3,13,17,11,28,0,1,1,16,15,31,0,0,0,0,0,0,143,186,329,2022-10-31T23:00:00Z
06,324,Peteranec,95,45,140,18,3,21,22,9,31,1,1,2,21,13,34,0,0,0,0,1,1,157,72,229,2022-10-31T23:00:00Z
06,366,Rasinja,53,72,125,23,4,27,52,22,74,1,0,1,17,21,38,0,0,0,1,0,1,147,119,266,2022-10-31T23:00:00Z
06,405,Sokolovac,199,94,293,17,4,21,43,14,57,5,3,8,20,7,27,0,0,0,0,0,0,284,122,406,2022-10-31T23:00:00Z
06,439,Sveti Ivan Žabno,277,199,476,41,16,57,92,58,150,1,2,3,47,62,109,0,0,0,0,1,1,458,338,796,2022-10-31T23:00:00Z
06,442,Sveti Petar Orehovec,138,127,265,28,6,34,131,120,251,0,1,1,41,26,67,0,0,0,1,0,1,339,280,619,2022-10-31T23:00:00Z
06,490,Virje,303,209,512,28,12,40,36,18,54,4,1,5,30,37,67,0,0,0,1,2,3,402,279,681,2022-10-31T23:00:00Z
06,559,Kalinovac,437,99,536,6,1,7,6,3,9,0,0,0,10,11,21,0,0,0,1,0,1,460,114,574,2022-10-31T23:00:00Z
06,560,Kalnik,40,49,89,3,4,7,20,22,42,0,1,1,8,2,10,0,0,0,0,0,0,71,78,149,2022-10-31T23:00:00Z
06,561,Novo Virje,46,37,83,2,0,2,38,26,64,0,0,0,15,6,21,0,0,0,0,0,0,101,69,170,2022-10-31T23:00:00Z
06,616,Podravske Sesvete,104,114,218,3,4,7,26,13,39,2,0,2,8,4,12,0,0,0,1,1,2,144,136,280,2022-10-31T23:00:00Z
06,618,Gornja Reka,100,90,190,6,2,8,8,5,13,0,0,0,3,3,6,0,0,0,0,0,0,117,100,217,2022-10-31T23:00:00Z
06,96,Drnje,117,105,222,12,4,16,18,10,28,0,2,2,6,10,16,0,0,0,1,0,1,154,131,285,2022-10-31T23:00:00Z
07,105,Đulovac,247,70,317,9,7,16,32,17,49,2,0,2,117,34,151,0,0,0,0,0,0,407,128,535,2022-10-31T23:00:00Z
07,119,Garešnica,1108,1122,2230,60,30,90,55,35,90,16,20,36,103,129,232,0,0,0,1,6,7,1343,1342,2685,2022-10-31T23:00:00Z
07,139,Grubišno Polje,594,572,1166,32,24,56,105,37,142,4,10,14,63,70,133,0,0,0,1,3,4,799,716,1515,2022-10-31T23:00:00Z
07,144,Hercegovac,149,151,300,20,3,23,48,17,65,1,1,2,44,34,78,0,0,0,1,1,2,263,207,470,2022-10-31T23:00:00Z
07,161,Ivanska,139,93,232,2,3,5,50,16,66,2,3,5,81,24,105,0,0,0,2,0,2,276,139,415,2022-10-31T23:00:00Z
07,176,Kapela,102,82,184,4,2,6,41,25,66,0,1,1,20,8,28,0,0,0,1,0,1,168,118,286,2022-10-31T23:00:00Z
07,18,Berek,44,47,91,7,2,9,18,13,31,0,0,0,9,8,17,0,0,0,0,0,0,78,70,148,2022-10-31T23:00:00Z
07,199,Končanica,128,98,226,9,2,11,31,16,47,0,0,0,13,11,24,0,0,0,1,0,1,182,127,309,2022-10-31T23:00:00Z
07,24,Bjelovar,7247,6931,14178,300,187,487,203,99,302,49,72,121,421,516,937,2,0,2,14,15,29,8236,7820,16056,2022-10-31T23:00:00Z
07,287,Nova Rača,90,102,192,14,2,16,74,32,106,0,2,2,33,14,47,0,0,0,0,1,1,211,153,364,2022-10-31T23:00:00Z
07,375,Rovišće,224,230,454,25,12,37,48,33,81,1,3,4,23,40,63,0,0,0,0,1,1,321,319,640,2022-10-31T23:00:00Z
07,390,Sirač,322,151,473,9,2,11,10,5,15,1,1,2,15,8,23,0,0,0,0,1,1,357,168,525,2022-10-31T23:00:00Z
07,450,Štefanje,46,71,117,7,4,11,33,12,45,0,2,2,34,23,57,0,0,0,1,0,1,121,112,233,2022-10-31T23:00:00Z
07,478,Velika Pisanica,75,70,145,5,1,6,28,14,42,1,0,1,12,8,20,0,0,0,1,0,1,122,93,215,2022-10-31T23:00:00Z
07,480,Veliki Grđevac,155,123,278,13,5,18,75,28,103,1,4,5,69,24,93,0,0,0,1,0,1,314,184,498,2022-10-31T23:00:00Z
07,483,Veliko Trojstvo,73,102,175,12,3,15,12,14,26,0,0,0,44,21,65,0,0,0,1,0,1,142,140,282,2022-10-31T23:00:00Z
07,562,Severin,53,24,77,1,0,1,15,14,29,0,0,0,14,44,58,0,0,0,0,0,0,83,82,165,2022-10-31T23:00:00Z
07,564,Šandrovac,33,43,76,3,0,3,14,7,21,0,0,0,12,5,17,0,0,0,0,2,2,62,57,119,2022-10-31T23:00:00Z
07,565,Velika Trnovitica,61,61,122,8,3,11,30,22,52,1,0,1,19,10,29,0,0,0,1,1,2,120,97,217,2022-10-31T23:00:00Z
07,566,Zrinski Topolovac,13,17,30,2,1,3,30,17,47,0,0,0,4,2,6,0,0,0,0,1,1,49,38,87,2022-10-31T23:00:00Z
07,63,Čazma,1103,807,1910,56,22,78,51,39,90,6,10,16,122,72,194,0,0,0,6,2,8,1344,952,2296,2022-10-31T23:00:00Z
07,67,Daruvar,1454,1778,3232,76,57,133,41,21,62,15,19,34,150,178,328,0,0,0,4,8,12,1740,2061,3801,2022-10-31T23:00:00Z
07,71,Dežanovac,121,88,209,10,2,12,67,32,99,0,0,0,36,16,52,0,0,0,1,1,2,235,139,374,2022-10-31T23:00:00Z
08,117,Fužine,281,189,470,18,10,28,0,2,2,2,1,3,19,19,38,0,0,0,2,0,2,322,221,543,2022-10-31T23:00:00Z
08,170,Jelenje,291,268,559,100,48,148,7,1,8,37,10,47,54,43,97,0,0,0,4,1,5,493,371,864,2022-10-31T23:00:00Z
08,180,Kastav,1140,870,2010,142,71,213,3,1,4,42,10,52,120,74,194,1,1,2,5,5,10,1453,1032,2485,2022-10-31T23:00:00Z
08,186,Klana,392,213,605,22,7,29,1,2,3,3,2,5,17,8,25,0,0,0,1,2,3,436,234,670,2022-10-31T23:00:00Z
08,209,Kraljevica,332,300,632,41,23,64,2,1,3,34,4,38,24,30,54,1,0,1,2,8,10,436,366,802,2022-10-31T23:00:00Z
08,215,Krk,1919,1283,3202,245,103,348,13,8,21,32,15,47,267,178,445,0,0,0,16,23,39,2492,1610,4102,2022-10-31T23:00:00Z
08,237,Lokve,123,89,212,14,6,20,0,1,1,0,3,3,7,9,16,0,0,0,1,0,1,145,108,253,2022-10-31T23:00:00Z
08,242,Lovran,449,612,1061,94,36,130,1,2,3,16,8,24,43,58,101,0,0,0,2,5,7,605,721,1326,2022-10-31T23:00:00Z
08,252,Mali Lošinj,1393,1413,2806,222,83,305,22,9,31,37,18,55,172,144,316,0,0,0,17,20,37,1863,1687,3550,2022-10-31T23:00:00Z
08,253,Malinska-Dubašnica,486,814,1300,144,72,216,6,9,15,9,5,14,160,153,313,0,0,0,16,17,33,821,1070,1891,2022-10-31T23:00:00Z
08,261,Matulji,1503,1102,2605,226,130,356,14,6,20,60,15,75,182,182,364,0,0,0,2,9,11,1987,1444,3431,2022-10-31T23:00:00Z
08,273,Mošćenička Draga,108,74,182,55,13,68,0,1,1,4,3,7,25,23,48,0,0,0,4,5,9,196,119,315,2022-10-31T23:00:00Z
08,275,Mrkopalj,62,54,116,13,3,16,2,0,2,2,0,2,7,9,16,0,0,0,1,0,1,87,66,153,2022-10-31T23:00:00Z
08,290,Novi Vinodolski,511,438,949,98,47,145,7,5,12,10,7,17,104,75,179,0,0,0,3,9,12,733,581,1314,2022-10-31T23:00:00Z
08,301,Omišalj,615,422,1037,82,21,103,0,0,0,12,3,15,62,32,94,0,0,0,1,11,12,772,489,1261,2022-10-31T23:00:00Z
08,302,Opatija,2290,2811,5101,213,126,339,6,4,10,63,25,88,102,151,253,0,0,0,13,17,30,2687,3134,5821,2022-10-31T23:00:00Z
08,360,Punat,315,158,473,62,20,82,4,0,4,4,1,5,67,35,102,0,0,0,2,6,8,454,220,674,2022-10-31T23:00:00Z
08,363,Rab,924,1066,1990,293,74,367,11,6,17,15,11,26,205,171,376,0,0,0,37,59,96,1485,1387,2872,2022-10-31T23:00:00Z
08,369,Ravna Gora,292,296,588,30,12,42,2,1,3,1,1,2,42,18,60,0,0,0,1,3,4,368,331,699,2022-10-31T23:00:00Z
08,373,Rijeka,28350,28896,57246,1326,1093,2419,20,15,35,1021,353,1374,872,1278,2150,6,3,9,78,110,188,31673,31748,63421,2022-10-31T23:00:00Z
08,38,Brod Moravice,39,34,73,14,0,14,0,0,0,0,1,1,10,4,14,0,0,0,1,0,1,64,39,103,2022-10-31T23:00:00Z
08,393,Skrad,42,42,84,4,4,8,1,1,2,1,1,2,2,6,8,0,0,0,0,0,0,50,54,104,2022-10-31T23:00:00Z
08,4,Bakar,2101,1081,3182,68,41,109,3,0,3,81,10,91,72,75,147,0,0,0,5,11,16,2330,1218,3548,2022-10-31T23:00:00Z
08,488,Vinodolska Općina,193,155,348,57,21,78,2,0,2,10,1,11,42,15,57,1,0,1,0,4,4,305,196,501,2022-10-31T23:00:00Z
08,495,Viškovo,1739,1170,2909,215,112,327,7,4,11,52,16,68,152,136,288,0,0,0,14,10,24,2179,1448,3627,2022-10-31T23:00:00Z
08,507,Vrbnik,148,100,248,35,11,46,8,6,14,0,0,0,33,24,57,0,0,0,0,1,1,224,142,366,2022-10-31T23:00:00Z
08,509,Vrbovsko,342,304,646,59,19,78,5,5,10,1,5,6,74,37,111,1,0,1,0,1,1,482,371,853,2022-10-31T23:00:00Z
08,52,Cres,528,438,966,78,24,102,9,4,13,13,3,16,41,62,103,0,0,0,8,5,13,677,536,1213,2022-10-31T23:00:00Z
08,53,Crikvenica,1258,1687,2945,213,121,334,5,2,7,41,23,64,215,166,381,0,0,0,9,15,24,1741,2014,3755,2022-10-31T23:00:00Z
08,538,Kostrena,504,328,832,39,26,65,1,1,2,81,7,88,19,35,54,0,0,0,2,4,6,646,401,1047,2022-10-31T23:00:00Z
08,55,Čabar,330,277,607,56,18,74,7,4,11,4,0,4,143,48,191,0,0,0,1,2,3,541,349,890,2022-10-31T23:00:00Z
08,61,Čavle,687,559,1246,96,53,149,1,1,2,26,10,36,92,89,181,0,0,0,3,3,6,905,715,1620,2022-10-31T23:00:00Z
08,624,Lopar,58,37,95,19,4,23,0,1,1,1,0,1,19,17,36,0,0,0,5,3,8,102,62,164,2022-10-31T23:00:00Z
08,69,Delnice,1113,761,1874,75,53,128,5,1,6,10,13,23,82,99,181,0,0,0,1,6,7,1286,933,2219,2022-10-31T23:00:00Z
08,74,Dobrinj,144,101,245,51,21,72,1,2,3,4,1,5,81,41,122,0,0,0,2,4,6,283,170,453,2022-10-31T23:00:00Z
08,8,Baška,199,199,398,42,27,69,6,2,8,3,3,6,25,42,67,0,0,0,6,11,17,281,284,565,2022-10-31T23:00:00Z
09,130,Gospić,2280,2347,4627,101,63,164,79,45,124,12,10,22,136,162,298,0,0,0,6,8,14,2614,2635,5249,2022-10-31T23:00:00Z
09,178,Karlobag,93,94,187,10,2,12,7,1,8,0,0,0,7,2,9,0,0,0,0,1,1,117,100,217,2022-10-31T23:00:00Z
09,240,Lovinac,207,82,289,0,0,0,1,1,2,0,0,0,2,2,4,0,0,0,0,0,0,210,85,295,2022-10-31T23:00:00Z
09,288,Novalja,724,576,1300,130,33,163,22,11,33,3,6,9,163,73,236,0,0,0,23,19,42,1065,718,1783,2022-10-31T23:00:00Z
09,313,Otočac,826,923,1749,95,39,134,61,29,90,9,6,15,110,118,228,0,0,0,1,3,4,1102,1118,2220,2022-10-31T23:00:00Z
09,323,Perušić,328,268,596,24,10,34,33,20,53,0,1,1,19,19,38,0,0,0,0,1,1,404,319,723,2022-10-31T23:00:00Z
09,37,Brinje,417,222,639,21,5,26,9,6,15,0,1,1,9,18,27,0,0,0,0,1,1,456,253,709,2022-10-31T23:00:00Z
09,387,Senj,741,641,1382,89,43,132,6,5,11,18,8,26,95,94,189,0,0,0,6,7,13,955,798,1753,2022-10-31T23:00:00Z
09,455,Plitvička Jezera,788,818,1606,45,19,64,58,17,75,3,6,9,211,156,367,0,0,0,1,0,1,1106,1016,2122,2022-10-31T23:00:00Z
09,467,Udbina,134,91,225,9,4,13,39,12,51,0,0,0,13,17,30,0,0,0,2,0,2,197,124,321,2022-10-31T23:00:00Z
09,512,Vrhovine,107,36,143,3,3,6,7,1,8,0,0,0,3,4,7,0,0,0,0,0,0,120,44,164,2022-10-31T23:00:00Z
09,84,Donji Lapac,122,76,198,6,3,9,26,7,33,0,0,0,11,6,17,0,0,0,0,0,0,165,92,257,2022-10-31T23:00:00Z
10,136,Gradina,87,111,198,12,10,22,124,47,171,2,0,2,43,29,72,0,0,0,0,1,1,268,198,466,2022-10-31T23:00:00Z
10,245,Lukač,210,117,327,14,5,19,48,15,63,1,0,1,53,35,88,0,0,0,0,0,0,326,172,498,2022-10-31T23:00:00Z
10,266,Mikleuš,68,54,122,7,1,8,14,7,21,0,0,0,14,9,23,0,0,0,0,0,0,103,71,174,2022-10-31T23:00:00Z
10,283,Nova Bukovica,47,39,86,9,5,14,33,8,41,1,0,1,22,17,39,0,0,0,1,0,1,113,69,182,2022-10-31T23:00:00Z
10,307,Orahovica,903,638,1541,77,38,115,11,3,14,12,11,23,113,116,229,0,0,0,4,2,6,1120,808,1928,2022-10-31T23:00:00Z
10,332,Pitomača,715,694,1409,87,43,130,153,86,239,2,8,10,218,169,387,0,0,0,2,2,4,1177,1002,2179,2022-10-31T23:00:00Z
10,395,Slatina,1589,1546,3135,151,79,230,134,36,170,12,22,34,187,240,427,0,0,0,4,6,10,2077,1929,4006,2022-10-31T23:00:00Z
10,407,Sopje,158,44,202,4,1,5,85,19,104,0,0,0,20,25,45,0,0,0,0,0,0,267,89,356,2022-10-31T23:00:00Z
10,424,Suhopolje,264,263,527,25,21,46,98,38,136,1,1,2,68,53,121,0,0,0,2,2,4,458,378,836,2022-10-31T23:00:00Z
10,449,Špišić Bukovica,143,156,299,22,10,32,157,58,215,1,2,3,35,53,88,0,0,0,1,1,2,359,280,639,2022-10-31T23:00:00Z
10,491,Virovitica,3895,4113,8008,192,112,304,96,25,121,31,19,50,393,357,750,1,0,1,4,11,15,4612,4637,9249,2022-10-31T23:00:00Z
10,499,Voćin,151,112,263,11,2,13,30,23,53,0,0,0,14,5,19,0,0,0,0,0,0,206,142,348,2022-10-31T23:00:00Z
10,524,Zdenci,176,106,282,9,4,13,18,7,25,0,1,1,14,12,26,0,0,0,0,2,2,217,132,349,2022-10-31T23:00:00Z
10,54,Crnac,24,26,50,14,4,18,19,7,26,0,0,0,17,11,28,0,0,0,0,0,0,74,48,122,2022-10-31T23:00:00Z
10,56,Čačinci,156,101,257,19,15,34,17,10,27,0,1,1,28,29,57,0,0,0,0,2,2,220,158,378,2022-10-31T23:00:00Z
10,57,Čađavica,120,82,202,12,8,20,64,18,82,0,0,0,50,29,79,0,0,0,0,0,0,246,137,383,2022-10-31T23:00:00Z
11,164,Jakšić,170,113,283,31,6,37,24,5,29,0,2,2,39,17,56,0,0,0,0,0,0,264,143,407,2022-10-31T23:00:00Z
11,177,Kaptol,98,89,187,15,2,17,22,3,25,0,1,1,43,7,50,0,0,0,0,1,1,178,103,281,2022-10-31T23:00:00Z
11,221,Kutjevo,538,413,951,49,18,67,67,28,95,1,2,3,81,73,154,0,0,0,4,1,5,740,535,1275,2022-10-31T23:00:00Z
11,231,Lipik,757,624,1381,43,15,58,25,19,44,3,8,11,60,61,121,0,0,0,2,0,2,890,727,1617,2022-10-31T23:00:00Z
11,318,Pakrac,644,1112,1756,80,35,115,61,18,79,13,13,26,185,98,283,0,0,0,0,2,2,983,1278,2261,2022-10-31T23:00:00Z
11,334,Pleternica,571,475,1046,83,31,114,52,11,63,4,5,9,170,114,284,0,0,0,1,5,6,881,641,1522,2022-10-31T23:00:00Z
11,35,Brestovac,123,101,224,15,3,18,14,3,17,1,1,2,27,14,41,0,0,0,0,1,1,180,123,303,2022-10-31T23:00:00Z
11,351,Požega,5198,4542,9740,321,167,488,128,39,167,40,76,116,397,346,743,0,1,1,10,21,31,6094,5192,11286,2022-10-31T23:00:00Z
11,475,Velika,328,324,652,26,18,44,22,4,26,2,3,5,52,42,94,0,0,0,0,0,0,430,391,821,2022-10-31T23:00:00Z
11,58,Čaglin,109,163,272,8,1,9,15,4,19,0,1,1,12,11,23,0,0,0,0,0,0,144,180,324,2022-10-31T23:00:00Z
12,10,Bebrina,47,60,107,15,8,23,18,5,23,2,0,2,10,12,22,0,0,0,1,0,1,93,85,178,2022-10-31T23:00:00Z
12,118,Garčin,135,154,289,32,9,41,34,18,52,0,0,0,28,28,56,0,0,0,0,1,1,229,210,439,2022-10-31T23:00:00Z
12,127,Gornji Bogićevci,49,44,93,11,2,13,11,2,13,0,0,0,19,26,45,0,0,0,0,0,0,90,74,164,2022-10-31T23:00:00Z
12,140,Gundinci,95,40,135,13,4,17,49,22,71,0,0,0,16,8,24,0,0,0,0,0,0,173,74,247,2022-10-31T23:00:00Z
12,185,Klakar,88,58,146,12,3,15,24,4,28,0,1,1,12,16,28,0,0,0,1,0,1,137,82,219,2022-10-31T23:00:00Z
12,284,Nova Gradiška,2255,2160,4415,147,97,244,26,19,45,20,19,39,272,312,584,0,0,0,3,3,6,2723,2610,5333,2022-10-31T23:00:00Z
12,285,Nova Kapela,159,189,348,27,19,46,23,7,30,2,3,5,48,50,98,0,0,0,1,1,2,260,269,529,2022-10-31T23:00:00Z
12,299,Okučani,220,160,380,32,9,41,11,2,13,0,1,1,46,19,65,0,0,0,1,3,4,310,194,504,2022-10-31T23:00:00Z
12,303,Oprisavci,287,182,469,10,1,11,36,11,47,1,0,1,8,19,27,0,0,0,0,0,0,342,213,555,2022-10-31T23:00:00Z
12,309,Oriovac,300,314,614,40,21,61,21,12,33,2,2,4,59,51,110,0,0,0,2,1,3,424,401,825,2022-10-31T23:00:00Z
12,338,Podcrkavlje,31,36,67,17,2,19,6,3,9,0,1,1,17,3,20,0,0,0,0,0,0,71,45,116,2022-10-31T23:00:00Z
12,372,Rešetari,210,210,420,40,8,48,18,7,25,3,1,4,87,47,134,0,0,0,0,0,0,358,273,631,2022-10-31T23:00:00Z
12,388,Sibinj,164,213,377,61,19,80,16,1,17,0,0,0,68,37,105,0,0,0,3,4,7,312,274,586,2022-10-31T23:00:00Z
12,39,Brodski Stupnik,72,82,154,14,9,23,9,3,12,2,0,2,70,36,106,0,0,0,0,0,0,167,130,297,2022-10-31T23:00:00Z
12,396,Slavonski Brod,14067,9490,23557,637,359,996,43,27,70,77,90,167,916,968,1884,0,0,0,11,23,34,15751,10957,26708,2022-10-31T23:00:00Z
12,397,Slavonski Šamac,81,62,143,10,4,14,15,10,25,0,1,1,14,6,20,0,0,0,0,0,0,120,83,203,2022-10-31T23:00:00Z
12,412,Stara Gradiška,161,99,260,6,3,9,8,3,11,0,0,0,26,11,37,0,0,0,0,1,1,201,117,318,2022-10-31T23:00:00Z
12,418,Staro Petrovo Selo,212,144,356,35,12,47,41,16,57,1,1,2,103,52,155,0,0,0,0,2,2,392,227,619,2022-10-31T23:00:00Z
12,46,Cernik,146,184,330,40,12,52,8,7,15,4,2,6,56,32,88,0,0,0,0,1,1,254,238,492,2022-10-31T23:00:00Z
12,476,Velika Kopanica,185,110,295,30,10,40,31,17,48,1,1,2,35,29,64,0,0,0,1,2,3,283,169,452,2022-10-31T23:00:00Z
12,506,Vrbje,41,18,59,10,1,11,19,2,21,0,0,0,21,26,47,0,0,0,0,0,0,91,47,138,2022-10-31T23:00:00Z
12,514,Vrpolje,215,120,335,29,5,34,45,16,61,0,2,2,18,17,35,0,0,0,0,1,1,307,161,468,2022-10-31T23:00:00Z
12,567,Bukovlje,109,67,176,20,9,29,0,0,0,0,0,0,11,14,25,0,0,0,0,1,1,140,91,231,2022-10-31T23:00:00Z
12,568,Dragalić,21,33,54,7,0,7,6,1,7,0,0,0,5,8,13,0,0,0,0,1,1,39,43,82,2022-10-31T23:00:00Z
12,569,Gornja Vrba,406,136,542,17,6,23,1,1,2,2,1,3,24,26,50,0,0,0,0,0,0,450,170,620,2022-10-31T23:00:00Z
12,570,Sikirevci,41,50,91,20,6,26,37,16,53,0,0,0,12,10,22,0,0,0,1,2,3,111,84,195,2022-10-31T23:00:00Z
12,68,Davor,124,85,209,15,6,21,13,4,17,1,0,1,15,23,38,0,0,0,0,0,0,168,118,286,2022-10-31T23:00:00Z
12,81,Donji Andrijevci,138,126,264,25,12,37,19,5,24,0,1,1,29,15,44,0,0,0,0,1,1,211,160,371,2022-10-31T23:00:00Z
13,131,Gračac,271,291,562,20,15,35,71,30,101,2,1,3,54,41,95,0,0,0,0,2,2,418,380,798,2022-10-31T23:00:00Z
13,167,Jasenice,162,85,247,15,2,17,8,3,11,2,0,2,9,6,15,0,0,0,0,3,3,196,99,295,2022-10-31T23:00:00Z
13,17,Benkovac,1148,1101,2249,111,38,149,104,58,162,11,9,20,226,118,344,0,0,0,4,8,12,1604,1332,2936,2022-10-31T23:00:00Z
13,173,Kali,283,115,398,26,15,41,2,1,3,10,0,10,58,31,89,0,0,0,2,1,3,381,163,544,2022-10-31T23:00:00Z
13,20,Bibinje,214,197,411,61,23,84,4,1,5,2,2,4,75,59,134,0,0,0,0,2,2,356,284,640,2022-10-31T23:00:00Z
13,22,Biograd Na Moru,1146,1435,2581,134,62,196,28,15,43,17,7,24,155,212,367,0,0,0,9,17,26,1489,1748,3237,2022-10-31T23:00:00Z
13,234,Lišane Ostrovičke,23,29,52,9,3,12,0,1,1,0,0,0,11,7,18,0,0,0,0,0,0,43,40,83,2022-10-31T23:00:00Z
13,282,Nin,521,437,958,47,15,62,9,5,14,6,1,7,46,40,86,0,0,0,8,3,11,637,501,1138,2022-10-31T23:00:00Z
13,296,Obrovac,381,255,636,33,11,44,33,7,40,4,3,7,18,37,55,0,0,0,5,5,10,474,318,792,2022-10-31T23:00:00Z
13,316,Pag,499,434,933,61,24,85,36,13,49,5,5,10,60,52,112,0,0,0,10,11,21,671,539,1210,2022-10-31T23:00:00Z
13,317,Pakoštane,355,327,682,56,21,77,10,13,23,8,2,10,104,56,160,0,0,0,25,28,53,558,447,1005,2022-10-31T23:00:00Z
13,320,Pašman,111,109,220,43,10,53,3,4,7,11,0,11,40,22,62,0,0,0,3,3,6,211,148,359,2022-10-31T23:00:00Z
13,344,Polača,109,76,185,18,7,25,4,1,5,4,0,4,11,15,26,0,0,0,1,4,5,147,103,250,2022-10-31T23:00:00Z
13,345,Poličnik,490,395,885,53,8,61,10,8,18,6,2,8,49,25,74,0,0,0,1,1,2,609,439,1048,2022-10-31T23:00:00Z
13,349,Posedarje,139,202,341,41,15,56,5,9,14,8,1,9,34,35,69,0,0,0,1,2,3,228,264,492,2022-10-31T23:00:00Z
13,354,Preko,273,441,714,53,12,65,5,3,8,27,3,30,41,23,64,0,0,0,3,7,10,402,489,891,2022-10-31T23:00:00Z
13,371,Ražanac,84,99,183,26,7,33,7,5,12,10,0,10,30,15,45,0,0,0,3,0,3,160,126,286,2022-10-31T23:00:00Z
13,379,Sali,175,147,322,39,13,52,5,2,7,8,2,10,31,19,50,0,0,0,2,5,7,260,188,448,2022-10-31T23:00:00Z
13,411,Stankovci,237,146,383,34,7,41,6,3,9,2,1,3,29,14,43,0,0,0,0,4,4,308,175,483,2022-10-31T23:00:00Z
13,416,Starigrad,140,156,296,43,28,71,8,3,11,0,0,0,38,37,75,0,0,0,1,7,8,230,231,461,2022-10-31T23:00:00Z
13,425,Sukošan,430,303,733,63,22,85,11,6,17,4,1,5,57,57,114,0,0,0,1,10,11,566,399,965,2022-10-31T23:00:00Z
13,428,Sveti Filip I Jakov,223,363,586,40,17,57,8,4,12,9,4,13,38,42,80,0,0,0,3,6,9,321,436,757,2022-10-31T23:00:00Z
13,445,Škabrnje,84,67,151,28,3,31,5,1,6,2,1,3,12,9,21,0,0,0,1,2,3,132,83,215,2022-10-31T23:00:00Z
13,489,Vir,285,276,561,55,17,72,1,2,3,2,1,3,39,41,80,0,0,0,4,1,5,386,338,724,2022-10-31T23:00:00Z
13,520,Zadar,15047,16421,31468,1112,642,1754,43,25,68,670,208,878,1339,1419,2758,4,0,4,138,120,258,18353,18835,37188,2022-10-31T23:00:00Z
13,525,Zemunik Donji,129,185,314,18,8,26,3,3,6,1,0,1,28,11,39,0,0,0,52,84,136,231,291,522,2022-10-31T23:00:00Z
13,537,Novigrad,68,93,161,27,1,28,6,5,11,7,1,8,26,12,38,0,0,0,2,4,6,136,116,252,2022-10-31T23:00:00Z
13,571,Galovac,36,62,98,13,1,14,3,4,7,3,3,6,11,11,22,0,0,0,1,2,3,67,83,150,2022-10-31T23:00:00Z
13,572,Kukljica,44,41,85,18,2,20,1,0,1,2,1,3,23,6,29,0,0,0,1,0,1,89,50,139,2022-10-31T23:00:00Z
13,573,Povljana,44,39,83,14,6,20,5,1,6,4,0,4,6,7,13,0,0,0,1,1,2,74,54,128,2022-10-31T23:00:00Z
13,574,Privlaka,131,132,263,16,12,28,0,2,2,7,0,7,23,11,34,0,0,0,5,2,7,182,159,341,2022-10-31T23:00:00Z
13,575,Tkon,99,62,161,23,8,31,2,2,4,2,0,2,46,24,70,0,0,0,0,0,0,172,96,268,2022-10-31T23:00:00Z
13,622,Kolan,154,89,243,21,3,24,5,2,7,1,0,1,20,14,34,0,0,0,4,8,12,205,116,321,2022-10-31T23:00:00Z
13,625,Vrsi,117,62,179,16,9,25,5,3,8,13,0,13,30,27,57,0,0,0,3,1,4,184,102,286,2022-10-31T23:00:00Z
14,103,Đakovo,2896,2859,5755,488,223,711,217,92,309,29,35,64,630,564,1194,0,0,0,11,14,25,4271,3787,8058,2022-10-31T23:00:00Z
14,106,Đurđenovac,542,514,1056,42,12,54,19,15,34,0,4,4,68,44,112,0,0,0,2,0,2,673,589,1262,2022-10-31T23:00:00Z
14,110,Erdut,329,218,547,35,18,53,57,15,72,2,4,6,55,39,94,0,0,0,0,1,1,478,295,773,2022-10-31T23:00:00Z
14,111,Ernestinovo,78,214,292,4,4,8,24,8,32,2,1,3,10,12,22,0,0,0,0,0,0,118,239,357,2022-10-31T23:00:00Z
14,116,Feričanci,124,113,237,24,6,30,3,0,3,0,1,1,42,15,57,0,0,0,0,0,0,193,135,328,2022-10-31T23:00:00Z
14,124,Gorjani,111,155,266,17,6,23,13,7,20,0,0,0,11,6,17,0,0,0,0,0,0,152,174,326,2022-10-31T23:00:00Z
14,13,Beli Manastir,1096,1166,2262,91,46,137,73,33,106,10,12,22,131,104,235,0,0,0,3,1,4,1404,1362,2766,2022-10-31T23:00:00Z
14,16,Belišće,1685,657,2342,70,35,105,28,9,37,2,7,9,85,88,173,0,0,0,1,1,2,1871,797,2668,2022-10-31T23:00:00Z
14,195,Kneževi Vinogradi,216,282,498,33,7,40,34,8,42,1,2,3,63,67,130,0,0,0,1,1,2,348,367,715,2022-10-31T23:00:00Z
14,2,Antunovac,210,194,404,34,14,48,12,6,18,1,1,2,18,16,34,0,0,0,0,0,0,275,231,506,2022-10-31T23:00:00Z
14,205,Koška,194,142,336,26,6,32,29,7,36,2,4,6,31,25,56,0,0,0,1,0,1,283,184,467,2022-10-31T23:00:00Z
14,21,Bilje,297,304,601,44,25,69,20,12,32,1,6,7,58,38,96,0,0,0,0,1,1,420,386,806,2022-10-31T23:00:00Z
14,23,Bizovac,230,223,453,21,12,33,24,9,33,2,3,5,24,28,52,0,0,0,5,12,17,306,287,593,2022-10-31T23:00:00Z
14,230,Levanjska Varoš,39,29,68,2,1,3,10,8,18,0,0,0,1,3,4,0,0,0,0,0,0,52,41,93,2022-10-31T23:00:00Z
14,257,Marijanci,99,81,180,6,5,11,11,0,11,0,0,0,17,22,39,0,0,0,1,1,2,134,109,243,2022-10-31T23:00:00Z
14,271,Moslavina Podravska,18,20,38,4,2,6,15,5,20,0,0,0,15,11,26,0,0,0,0,0,0,52,38,90,2022-10-31T23:00:00Z
14,278,Našice,2231,1841,4072,181,97,278,64,31,95,21,42,63,244,217,461,0,0,0,10,9,19,2751,2237,4988,2022-10-31T23:00:00Z
14,312,Osijek,24520,22716,47236,959,674,1633,121,47,168,171,188,359,781,1153,1934,1,1,2,27,41,68,26580,24820,51400,2022-10-31T23:00:00Z
14,325,Petlovac,54,40,94,6,4,10,13,0,13,0,0,0,16,8,24,0,0,0,0,0,0,89,52,141,2022-10-31T23:00:00Z
14,327,Petrijevci,280,213,493,19,4,23,5,4,9,0,0,0,10,7,17,0,0,0,1,2,3,315,230,545,2022-10-31T23:00:00Z
14,340,Podgorač,114,79,193,23,8,31,26,4,30,1,3,4,22,32,54,0,0,0,0,0,0,186,126,312,2022-10-31T23:00:00Z
14,346,Popovac,63,46,109,2,3,5,5,4,9,0,0,0,5,3,8,0,0,0,0,0,0,75,56,131,2022-10-31T23:00:00Z
14,361,Punitovci,44,60,104,22,4,26,16,4,20,0,0,0,40,7,47,0,0,0,0,0,0,122,75,197,2022-10-31T23:00:00Z
14,381,Satnica Đakovačka,125,91,216,20,7,27,10,3,13,0,0,0,48,28,76,0,0,0,0,0,0,203,129,332,2022-10-31T23:00:00Z
14,386,Semeljci,198,231,429,46,16,62,54,24,78,2,1,3,83,35,118,0,0,0,0,1,1,383,308,691,2022-10-31T23:00:00Z
14,421,Strizivojna,319,314,633,18,8,26,16,3,19,0,0,0,20,14,34,0,0,0,1,1,2,374,340,714,2022-10-31T23:00:00Z
14,461,Trnava,58,62,120,6,1,7,14,7,21,0,0,0,12,3,15,0,0,0,0,0,0,90,73,163,2022-10-31T23:00:00Z
14,471,Valpovo,858,1068,1926,81,61,142,50,16,66,15,20,35,84,110,194,0,0,0,7,9,16,1095,1284,2379,2022-10-31T23:00:00Z
14,485,Viljevo,54,59,113,9,0,9,20,4,24,0,0,0,19,11,30,0,0,0,0,1,1,102,75,177,2022-10-31T23:00:00Z
14,494,Viškovci,211,208,419,24,5,29,15,5,20,0,0,0,20,4,24,0,0,0,1,0,1,271,222,493,2022-10-31T23:00:00Z
14,517,Vuka,34,73,107,16,2,18,14,4,18,0,0,0,21,10,31,0,0,0,0,0,0,85,89,174,2022-10-31T23:00:00Z
14,576,Donja Motičina,24,14,38,9,3,12,1,1,2,0,1,1,15,9,24,0,0,0,0,0,0,49,28,77,2022-10-31T23:00:00Z
14,578,Magadenovac,97,107,204,4,3,7,23,9,32,0,1,1,18,17,35,0,0,0,0,0,0,142,137,279,2022-10-31T23:00:00Z
14,579,Vladislavci,119,91,210,2,0,2,6,5,11,0,0,0,8,3,11,0,0,0,0,0,0,135,99,234,2022-10-31T23:00:00Z
14,609,Jagodnjak,100,73,173,7,2,9,24,6,30,0,0,0,12,5,17,0,0,0,0,1,1,143,87,230,2022-10-31T23:00:00Z
14,614,Šodolovci,26,9,35,0,0,0,0,0,0,0,0,0,5,4,9,0,0,0,0,0,0,31,13,44,2022-10-31T23:00:00Z
14,64,Čeminac,64,74,138,11,0,11,4,2,6,0,0,0,25,10,35,0,0,0,0,0,0,104,86,190,2022-10-31T23:00:00Z
14,65,Čepin,756,534,1290,100,41,141,58,29,87,5,10,15,107,95,202,0,0,0,2,1,3,1028,710,1738,2022-10-31T23:00:00Z
14,66,Darda,1729,844,2573,58,30,88,35,5,40,2,4,6,61,52,113,0,0,0,1,1,2,1886,936,2822,2022-10-31T23:00:00Z
14,86,Donji Miholjac,1189,1010,2199,92,58,150,164,38,202,4,15,19,162,114,276,0,0,0,2,1,3,1613,1236,2849,2022-10-31T23:00:00Z
14,91,Draž,80,99,179,12,3,15,14,4,18,0,0,0,8,11,19,0,0,0,0,1,1,114,118,232,2022-10-31T23:00:00Z
14,94,Drenje,96,92,188,31,5,36,44,12,56,0,0,0,15,15,30,0,0,0,0,0,0,186,124,310,2022-10-31T23:00:00Z
15,113,Ervenik,47,62,109,3,0,3,4,1,5,0,0,0,4,2,6,0,0,0,0,0,0,58,65,123,2022-10-31T23:00:00Z
15,183,Kijevo,28,30,58,2,0,2,0,0,0,0,0,0,0,0,0,0,0,0,0,0,0,30,30,60,2022-10-31T23:00:00Z
15,184,Kistanje,60,75,135,16,4,20,1,2,3,1,0,1,13,9,22,0,0,0,0,0,0,91,90,181,2022-10-31T23:00:00Z
15,196,Knin,1342,1466,2808,125,68,193,62,17,79,31,5,36,157,148,305,0,0,0,2,2,4,1719,1706,3425,2022-10-31T23:00:00Z
15,298,Promina,117,82,199,2,1,3,1,2,3,0,0,0,1,1,2,0,0,0,0,0,0,121,86,207,2022-10-31T23:00:00Z
15,310,Biskupija,112,23,135,1,0,1,2,0,2,1,0,1,0,0,0,0,0,0,0,0,0,116,23,139,2022-10-31T23:00:00Z
15,357,Primošten,271,311,582,94,27,121,7,2,9,5,2,7,42,27,69,0,1,1,3,3,6,422,373,795,2022-10-31T23:00:00Z
15,377,Ružić,29,22,51,4,1,5,6,5,11,0,0,0,4,8,12,0,0,0,0,0,0,43,36,79,2022-10-31T23:00:00Z
15,394,Skradin,126,154,280,44,13,57,20,8,28,2,2,4,32,32,64,0,0,0,0,2,2,224,211,435,2022-10-31T23:00:00Z
15,444,Šibenik,8050,8483,16533,657,342,999,39,15,54,196,99,295,604,684,1288,0,0,0,24,43,67,9570,9666,19236,2022-10-31T23:00:00Z
15,454,Tisno,329,273,602,96,31,127,5,0,5,6,2,8,45,44,89,0,0,0,5,8,13,486,358,844,2022-10-31T23:00:00Z
15,469,Unešić,47,71,118,11,0,11,3,1,4,1,0,1,14,6,20,0,0,0,0,0,0,76,78,154,2022-10-31T23:00:00Z
15,500,Vodice,888,1019,1907,274,106,380,12,3,15,15,9,24,234,154,388,0,0,0,10,21,31,1433,1312,2745,2022-10-31T23:00:00Z
15,51,Civljane,53,8,61,1,2,3,0,0,0,0,0,0,3,3,6,0,0,0,0,0,0,57,13,70,2022-10-31T23:00:00Z
15,581,Pirovac,148,162,310,32,18,50,6,5,11,3,2,5,53,36,89,0,0,0,0,1,1,242,224,466,2022-10-31T23:00:00Z
15,582,Rogoznica,257,250,507,49,12,61,1,1,2,6,2,8,50,42,92,0,0,0,2,1,3,365,308,673,2022-10-31T23:00:00Z
15,617,Murter,268,271,539,55,29,84,3,1,4,21,3,24,72,51,123,0,0,0,7,9,16,426,364,790,2022-10-31T23:00:00Z
15,621,Bilice,89,46,135,23,6,29,0,0,0,7,0,7,22,12,34,0,0,0,0,0,0,141,64,205,2022-10-31T23:00:00Z
15,626,Tribunj,87,87,174,19,10,29,1,0,1,4,0,4,60,35,95,0,0,0,0,0,0,171,132,303,2022-10-31T23:00:00Z
15,95,Drniš,939,658,1597,65,57,122,53,22,75,9,6,15,100,85,185,0,0,0,0,3,3,1166,831,1997,2022-10-31T23:00:00Z
16,1,Andrijaševci,80,113,193,25,13,38,12,4,16,1,1,2,35,26,61,0,0,0,1,3,4,154,160,314,2022-10-31T23:00:00Z
16,137,Gradište,79,108,187,17,4,21,30,5,35,0,1,1,16,16,32,0,0,0,0,1,1,142,135,277,2022-10-31T23:00:00Z
16,141,Gunja,205,140,345,27,10,37,46,14,60,1,0,1,35,9,44,0,0,0,1,2,3,315,175,490,2022-10-31T23:00:00Z
16,154,Ilok,471,558,1029,73,25,98,47,17,64,2,3,5,110,92,202,0,0,0,0,0,0,703,695,1398,2022-10-31T23:00:00Z
16,159,Ivankovo,328,421,749,72,29,101,51,12,63,2,5,7,119,73,192,0,0,0,3,3,6,575,543,1118,2022-10-31T23:00:00Z
16,166,Jarmina,33,90,123,16,9,25,31,12,43,0,2,2,27,16,43,0,0,0,0,3,3,107,132,239,2022-10-31T23:00:00Z
16,239,Lovas,59,58,117,6,0,6,14,0,14,0,0,0,4,3,7,0,0,0,0,0,0,83,61,144,2022-10-31T23:00:00Z
16,26,Bogdanovci,39,20,59,3,0,3,7,4,11,0,0,0,17,6,23,0,0,0,0,0,0,66,30,96,2022-10-31T23:00:00Z
16,29,Borovo,68,98,166,49,14,63,26,3,29,1,3,4,59,79,138,0,0,0,2,3,5,205,200,405,2022-10-31T23:00:00Z
16,294,Nuštar,251,296,547,34,21,55,26,5,31,2,2,4,40,29,69,0,0,0,1,0,1,354,353,707,2022-10-31T23:00:00Z
16,295,Nijemci,208,195,403,25,6,31,85,23,108,0,1,1,59,34,93,0,0,0,0,2,2,377,261,638,2022-10-31T23:00:00Z
16,3,Babina Greda,187,198,385,32,15,47,80,26,106,3,0,3,36,33,69,0,0,0,1,0,1,339,272,611,2022-10-31T23:00:00Z
16,32,Bošnjaci,117,113,230,22,6,28,35,4,39,2,0,2,31,35,66,0,0,0,0,0,0,207,158,365,2022-10-31T23:00:00Z
16,414,Stari Jankovci,166,120,286,25,4,29,42,9,51,1,0,1,28,17,45,0,0,0,1,0,1,263,150,413,2022-10-31T23:00:00Z
16,415,Stari Mikanovci,94,152,246,19,9,28,25,12,37,3,1,4,34,39,73,0,0,0,0,0,0,175,213,388,2022-10-31T23:00:00Z
16,44,Cerna,442,254,696,45,26,71,55,20,75,2,1,3,73,71,144,0,0,0,1,0,1,618,372,990,2022-10-31T23:00:00Z
16,456,Tompojevci,20,37,57,15,4,19,39,10,49,0,0,0,16,12,28,0,0,0,1,0,1,91,63,154,2022-10-31T23:00:00Z
16,458,Tordinci,99,92,191,6,2,8,10,0,10,1,0,1,6,13,19,0,0,0,0,0,0,122,107,229,2022-10-31T23:00:00Z
16,459,Tovarnik,162,129,291,18,3,21,48,23,71,1,1,2,9,14,23,0,0,0,0,1,1,238,171,409,2022-10-31T23:00:00Z
16,464,Trpinja,110,191,301,25,10,35,78,16,94,1,0,1,37,17,54,0,0,0,0,0,0,251,234,485,2022-10-31T23:00:00Z
16,487,Vinkovci,8122,6474,14596,304,198,502,46,22,68,58,49,107,457,630,1087,1,0,1,10,15,25,8998,7388,16386,2022-10-31T23:00:00Z
16,505,Vrbanja,309,135,444,29,13,42,67,17,84,2,1,3,38,32,70,0,0,0,0,1,1,445,199,644,2022-10-31T23:00:00Z
16,518,Vukovar,4507,4754,9261,303,152,455,101,41,142,22,25,47,438,417,855,0,0,0,2,7,9,5373,5396,10769,2022-10-31T23:00:00Z
16,534,Županja,2095,1499,3594,142,61,203,39,18,57,20,20,40,170,189,359,1,0,1,3,4,7,2470,1791,4261,2022-10-31T23:00:00Z
16,535,Otok (Vinkovci),397,306,703,35,19,54,60,12,72,6,1,7,73,54,127,0,0,0,0,1,1,571,393,964,2022-10-31T23:00:00Z
16,583,Privlaka,100,106,206,19,6,25,23,8,31,0,2,2,14,22,36,0,0,0,1,0,1,157,144,301,2022-10-31T23:00:00Z
16,584,Vođinci,50,161,211,14,2,16,7,6,13,0,1,1,14,15,29,0,0,0,0,0,0,85,185,270,2022-10-31T23:00:00Z
16,610,Markušica,37,51,88,11,4,15,52,14,66,0,1,1,13,10,23,0,0,0,1,0,1,114,80,194,2022-10-31T23:00:00Z
16,612,Negoslavci,25,14,39,6,1,7,12,3,15,1,0,1,14,11,25,0,0,0,0,0,0,58,29,87,2022-10-31T23:00:00Z
16,628,Štitar,80,78,158,6,1,7,14,3,17,0,0,0,11,4,15,0,0,0,0,0,0,111,86,197,2022-10-31T23:00:00Z
16,92,Drenovci,105,162,267,39,4,43,110,38,148,1,1,2,45,48,93,0,0,0,0,1,1,300,254,554,2022-10-31T23:00:00Z
17,100,Dugi Rat,632,640,1272,79,27,106,0,2,2,33,4,37,145,101,246,0,0,0,18,12,30,907,786,1693,2022-10-31T23:00:00Z
17,134,Gradac,145,187,332,39,16,55,4,1,5,3,1,4,19,25,44,0,0,0,7,16,23,217,246,463,2022-10-31T23:00:00Z
17,148,Hrvace,304,167,471,46,17,63,8,7,15,1,3,4,53,36,89,0,0,0,1,2,3,413,232,645,2022-10-31T23:00:00Z
17,153,Hvar,595,572,1167,176,65,241,17,11,28,19,5,24,148,129,277,3,0,3,30,42,72,988,824,1812,2022-10-31T23:00:00Z
17,155,Imotski,1420,1379,2799,169,93,262,12,7,19,29,14,43,135,172,307,0,0,0,8,12,20,1773,1677,3450,2022-10-31T23:00:00Z
17,171,Jelsa,359,332,691,78,22,100,37,16,53,9,1,10,108,48,156,0,0,0,8,6,14,599,425,1024,2022-10-31T23:00:00Z
17,181,Kaštela,3554,3889,7443,506,250,756,24,14,38,124,37,161,491,522,1013,0,0,0,68,34,102,4767,4746,9513,2022-10-31T23:00:00Z
17,192,Klis,249,190,439,32,7,39,7,3,10,20,2,22,52,27,79,0,0,0,1,3,4,361,232,593,2022-10-31T23:00:00Z
17,197,Komiža,135,134,269,58,17,75,4,1,5,4,2,6,25,22,47,0,0,0,11,13,24,237,189,426,2022-10-31T23:00:00Z
17,243,Lovreć,131,98,229,16,7,23,4,0,4,1,0,1,38,14,52,0,0,0,2,2,4,192,121,313,2022-10-31T23:00:00Z
17,249,Makarska,2489,2565,5054,252,155,407,3,1,4,47,31,78,349,331,680,1,0,1,58,81,139,3199,3164,6363,2022-10-31T23:00:00Z
17,258,Marina,210,262,472,61,24,85,5,5,10,7,1,8,40,44,84,1,0,1,2,0,2,326,336,662,2022-10-31T23:00:00Z
17,267,Milna,91,82,173,27,3,30,7,2,9,2,0,2,18,20,38,0,0,0,2,3,5,147,110,257,2022-10-31T23:00:00Z
17,27,Bol,348,396,744,45,16,61,4,2,6,5,2,7,59,24,83,0,0,0,2,5,7,463,445,908,2022-10-31T23:00:00Z
17,280,Nerežišća,148,60,208,18,2,20,3,2,5,2,0,2,28,19,47,0,0,0,0,0,0,199,83,282,2022-10-31T23:00:00Z
17,300,Omiš,1529,1675,3204,238,94,332,11,5,16,42,17,59,286,261,547,0,0,0,9,29,38,2115,2081,4196,2022-10-31T23:00:00Z
17,314,Otok,200,180,380,66,21,87,12,0,12,3,1,4,88,55,143,0,0,0,1,2,3,370,259,629,2022-10-31T23:00:00Z
17,337,Podbablje,295,196,491,38,4,42,5,0,5,2,1,3,17,31,48,0,0,0,1,3,4,358,235,593,2022-10-31T23:00:00Z
17,339,Podgora,250,207,457,45,12,57,1,1,2,1,1,2,27,21,48,0,0,0,12,14,26,336,256,592,2022-10-31T23:00:00Z
17,341,Podstrana,851,743,1594,65,21,86,16,3,19,52,4,56,72,96,168,0,0,0,6,8,14,1062,875,1937,2022-10-31T23:00:00Z
17,350,Postira,278,237,515,30,18,48,9,2,11,1,3,4,13,9,22,0,0,0,1,1,2,332,270,602,2022-10-31T23:00:00Z
17,358,Pučišća,225,141,366,51,6,57,10,5,15,5,0,5,37,11,48,0,0,0,3,2,5,331,165,496,2022-10-31T23:00:00Z
17,382,Seget,486,402,888,38,7,45,6,3,9,5,2,7,183,65,248,0,0,0,12,13,25,730,492,1222,2022-10-31T23:00:00Z
17,383,Selca,140,105,245,40,15,55,9,5,14,6,1,7,70,27,97,0,0,0,0,2,2,265,155,420,2022-10-31T23:00:00Z
17,389,Sinj,1992,2054,4046,333,152,485,59,20,79,44,38,82,321,365,686,0,0,0,4,10,14,2753,2639,5392,2022-10-31T23:00:00Z
17,406,Solin,3616,3132,6748,263,163,426,12,6,18,135,37,172,308,299,607,0,0,0,14,12,26,4348,3649,7997,2022-10-31T23:00:00Z
17,409,Split,35155,39106,74261,1610,1162,2772,67,41,108,2310,439,2749,1544,2164,3708,7,2,9,181,207,388,40874,43121,83995,2022-10-31T23:00:00Z
17,413,Stari Grad,346,343,689,64,21,85,18,14,32,8,4,12,45,32,77,0,0,0,14,15,29,495,429,924,2022-10-31T23:00:00Z
17,423,Sućuraj,23,23,46,20,2,22,2,1,3,0,0,0,12,8,20,0,0,0,0,1,1,57,35,92,2022-10-31T23:00:00Z
17,427,Supetar,613,794,1407,116,59,175,18,8,26,22,10,32,112,124,236,0,0,0,8,6,14,889,1001,1890,2022-10-31T23:00:00Z
17,443,Šestanovac,151,143,294,30,7,37,11,1,12,1,2,3,16,25,41,0,0,0,2,0,2,211,178,389,2022-10-31T23:00:00Z
17,447,Šolta,176,128,304,14,8,22,9,3,12,9,0,9,10,12,22,0,0,0,7,8,15,225,159,384,2022-10-31T23:00:00Z
17,460,Trilj,513,580,1093,138,37,175,18,9,27,14,2,16,107,124,231,0,0,0,1,5,6,791,757,1548,2022-10-31T23:00:00Z
17,463,Trogir,1888,1949,3837,321,155,476,14,4,18,68,37,105,305,413,718,0,0,0,24,48,72,2620,2606,5226,2022-10-31T23:00:00Z
17,492,Vis,236,262,498,41,13,54,14,4,18,5,3,8,37,23,60,0,0,0,16,10,26,349,315,664,2022-10-31T23:00:00Z
17,50,Cista Provo,118,151,269,26,4,30,7,0,7,0,0,0,5,10,15,0,0,0,0,3,3,156,168,324,2022-10-31T23:00:00Z
17,511,Vrgorac,982,734,1716,52,22,74,26,13,39,5,6,11,44,70,114,0,0,0,2,4,6,1111,849,1960,2022-10-31T23:00:00Z
17,513,Vrlika,101,196,297,17,4,21,12,5,17,2,0,2,27,6,33,0,0,0,1,0,1,160,211,371,2022-10-31T23:00:00Z
17,522,Zagvozd,134,81,215,17,2,19,2,0,2,1,0,1,13,8,21,0,0,0,0,0,0,167,91,258,2022-10-31T23:00:00Z
17,528,Zmijavci,98,123,221,9,4,13,2,1,3,3,0,3,29,13,42,0,0,0,0,1,1,141,142,283,2022-10-31T23:00:00Z
17,585,Dugopolje,1592,923,2515,43,11,54,4,4,8,13,2,15,53,22,75,0,0,0,0,0,0,1705,962,2667,2022-10-31T23:00:00Z
17,586,Lećevica,9,28,37,5,0,5,1,1,2,1,0,1,2,0,2,0,0,0,1,0,1,19,29,48,2022-10-31T23:00:00Z
17,587,Lokvičići,31,18,49,2,0,2,2,0,2,0,0,0,1,2,3,0,0,0,1,0,1,37,20,57,2022-10-31T23:00:00Z
17,588,Okrug,151,223,374,33,12,45,2,0,2,12,5,17,108,36,144,0,0,0,7,13,20,313,289,602,2022-10-31T23:00:00Z
17,589,Prgomet,31,26,57,7,0,7,1,1,2,1,0,1,1,0,1,0,0,0,1,0,1,42,27,69,2022-10-31T23:00:00Z
17,590,Primorski Dolac,15,28,43,4,1,5,1,1,2,1,1,2,2,3,5,0,0,0,0,0,0,23,34,57,2022-10-31T23:00:00Z
17,591,Runovići,73,93,166,15,1,16,0,2,2,0,2,2,31,38,69,0,0,0,0,1,1,119,137,256,2022-10-31T23:00:00Z
17,592,Sutivan,95,68,163,13,7,20,5,1,6,10,1,11,26,12,38,0,0,0,2,2,4,151,91,242,2022-10-31T23:00:00Z
17,593,Tučepi,267,280,547,18,14,32,1,1,2,3,3,6,46,22,68,0,0,0,4,4,8,339,324,663,2022-10-31T23:00:00Z
17,595,Zadvarje,44,29,73,7,1,8,1,1,2,0,0,0,6,2,8,0,0,0,0,2,2,58,35,93,2022-10-31T23:00:00Z
17,72,Dicmo,472,177,649,35,17,52,5,2,7,4,1,5,29,39,68,0,0,0,1,0,1,546,236,782,2022-10-31T23:00:00Z
17,77,Brela,237,283,520,24,10,34,0,0,0,2,1,3,16,26,42,0,0,0,5,3,8,284,323,607,2022-10-31T23:00:00Z
17,87,Muć,184,202,386,20,3,23,2,4,6,4,4,8,10,7,17,0,0,0,0,1,1,220,221,441,2022-10-31T23:00:00Z
17,88,Proložac,192,164,356,17,6,23,1,4,5,0,0,0,34,23,57,0,0,0,4,2,6,248,199,447,2022-10-31T23:00:00Z
17,9,Baška Voda,229,238,467,51,24,75,1,0,1,5,2,7,47,48,95,0,0,0,10,15,25,343,327,670,2022-10-31T23:00:00Z
18,132,Gračišće,55,23,78,27,6,33,10,3,13,0,0,0,37,9,46,0,0,0,0,0,0,129,41,170,2022-10-31T23:00:00Z
18,138,Grožnjan,26,22,48,18,2,20,11,5,16,0,0,0,6,14,20,0,0,0,0,1,1,61,44,105,2022-10-31T23:00:00Z
18,175,Kanfanar,557,239,796,30,8,38,4,0,4,1,0,1,18,14,32,0,0,0,1,1,2,611,262,873,2022-10-31T23:00:00Z
18,217,Kršan,326,293,619,49,14,63,8,3,11,4,1,5,113,56,169,0,0,0,0,5,5,500,372,872,2022-10-31T23:00:00Z
18,222,Labin,2691,2494,5185,247,129,376,18,8,26,28,36,64,281,218,499,0,0,0,56,73,129,3321,2958,6279,2022-10-31T23:00:00Z
18,223,Lanišće,15,11,26,4,0,4,2,0,2,0,1,1,11,6,17,0,0,0,1,1,2,33,19,52,2022-10-31T23:00:00Z
18,235,Ližnjan,165,118,283,12,5,17,2,0,2,1,0,1,29,35,64,0,0,0,6,14,20,215,172,387,2022-10-31T23:00:00Z
18,246,Lupoglav,203,104,307,12,4,16,6,2,8,0,1,1,17,13,30,0,0,0,0,1,1,238,125,363,2022-10-31T23:00:00Z
18,254,Marčana,161,195,356,43,12,55,3,2,5,4,1,5,33,28,61,0,0,0,1,1,2,245,239,484,2022-10-31T23:00:00Z
18,263,Medulin,672,646,1318,66,40,106,5,2,7,6,6,12,101,109,210,0,0,0,19,31,50,869,834,1703,2022-10-31T23:00:00Z
18,274,Motovun,102,118,220,32,13,45,19,6,25,1,1,2,47,38,85,0,0,0,3,5,8,204,181,385,2022-10-31T23:00:00Z
18,291,Novigrad,901,1046,1947,128,49,177,17,4,21,3,9,12,128,105,233,0,0,0,6,27,33,1183,1240,2423,2022-10-31T23:00:00Z
18,304,Oprtalj,69,83,152,12,6,18,13,1,14,0,0,0,10,11,21,0,0,0,2,2,4,106,103,209,2022-10-31T23:00:00Z
18,321,Pazin,1962,1983,3945,311,127,438,55,25,80,14,23,37,302,204,506,0,0,0,4,11,15,2648,2373,5021,2022-10-31T23:00:00Z
18,330,Pićan,341,155,496,35,8,43,1,5,6,0,1,1,50,16,66,0,0,0,1,1,2,428,186,614,2022-10-31T23:00:00Z
18,348,Poreč,5049,4874,9923,658,334,992,46,15,61,51,52,103,508,449,957,1,1,2,66,79,145,6379,5804,12183,2022-10-31T23:00:00Z
18,359,Pula,13119,12774,25893,1299,709,2008,70,46,116,264,168,432,925,1051,1976,0,0,0,98,96,194,15775,14844,30619,2022-10-31T23:00:00Z
18,368,Raša,281,161,442,29,7,36,1,0,1,3,1,4,40,25,65,0,0,0,1,0,1,355,194,549,2022-10-31T23:00:00Z
18,374,Rovinj,3161,3482,6643,405,216,621,29,19,48,29,36,65,446,366,812,0,0,0,34,75,109,4104,4194,8298,2022-10-31T23:00:00Z
18,40,Brtonigla,154,105,259,42,12,54,20,9,29,1,1,2,47,48,95,0,0,0,0,3,3,264,178,442,2022-10-31T23:00:00Z
18,42,Buje,797,792,1589,110,46,156,26,12,38,6,9,15,62,61,123,0,0,0,1,2,3,1002,922,1924,2022-10-31T23:00:00Z
18,43,Buzet,1605,1093,2698,174,65,239,25,13,38,5,5,10,124,106,230,0,0,0,6,6,12,1939,1288,3227,2022-10-31T23:00:00Z
18,431,Sveti Lovreč,61,56,117,21,10,31,2,0,2,0,1,1,35,17,52,0,0,0,0,1,1,119,85,204,2022-10-31T23:00:00Z
18,432,Sveta Nedelja,167,157,324,28,8,36,8,2,10,4,0,4,45,20,65,0,0,0,4,2,6,256,189,445,2022-10-31T23:00:00Z
18,433,Sveti Petar U Šumi,195,127,322,22,4,26,3,4,7,0,0,0,16,4,20,0,0,0,1,1,2,237,140,377,2022-10-31T23:00:00Z
18,435,Svetvinčenat,141,104,245,21,5,26,1,0,1,0,1,1,27,22,49,0,0,0,0,0,0,190,132,322,2022-10-31T23:00:00Z
18,453,Tinjan,194,103,297,39,6,45,6,1,7,2,3,5,52,30,82,0,0,0,1,1,2,294,144,438,2022-10-31T23:00:00Z
18,468,Umag,2865,2495,5360,395,170,565,30,15,45,33,31,64,303,315,618,0,0,0,19,38,57,3645,3064,6709,2022-10-31T23:00:00Z
18,47,Cerovlje,125,59,184,34,2,36,4,3,7,1,0,1,26,15,41,0,0,0,0,1,1,190,80,270,2022-10-31T23:00:00Z
18,497,Višnjan,310,268,578,47,11,58,11,3,14,1,1,2,97,39,136,0,0,0,2,0,2,468,322,790,2022-10-31T23:00:00Z
18,498,Vižinada,79,52,131,28,11,39,15,6,21,1,0,1,29,34,63,0,0,0,1,0,1,153,103,256,2022-10-31T23:00:00Z
18,5,Bale,148,127,275,21,23,44,2,2,4,0,0,0,39,17,56,0,0,0,2,1,3,212,170,382,2022-10-31T23:00:00Z
18,502,Vodnjan,844,648,1492,51,24,75,8,3,11,9,3,12,85,48,133,0,1,1,1,0,1,998,727,1725,2022-10-31T23:00:00Z
18,516,Vrsar,369,375,744,78,28,106,3,3,6,6,1,7,89,86,175,0,0,0,13,4,17,558,497,1055,2022-10-31T23:00:00Z
18,531,Žminj,477,428,905,108,46,154,13,9,22,3,5,8,83,87,170,0,0,0,3,3,6,687,578,1265,2022-10-31T23:00:00Z
18,596,Karojba,124,95,219,32,6,38,2,1,3,0,0,0,50,9,59,0,1,1,0,0,0,208,112,320,2022-10-31T23:00:00Z
18,597,Kaštelir - Labinci,157,78,235,35,18,53,7,2,9,2,0,2,43,11,54,0,0,0,1,3,4,245,112,357,2022-10-31T23:00:00Z
18,6,Barban,250,108,358,43,5,48,13,6,19,0,1,1,27,25,52,0,0,0,2,3,5,335,148,483,2022-10-31T23:00:00Z
18,619,Fažana,295,261,556,30,13,43,0,2,2,4,4,8,28,29,57,0,0,0,0,4,4,357,313,670,2022-10-31T23:00:00Z
18,629,Funtana,144,141,285,18,8,26,1,1,2,1,0,1,22,33,55,0,0,0,7,5,12,193,188,381,2022-10-31T23:00:00Z
18,631,Tar-Vabriga,185,247,432,41,17,58,3,0,3,0,0,0,38,28,66,0,0,0,1,7,8,268,299,567,2022-10-31T23:00:00Z
19,198,Konavle,1402,1046,2448,200,73,273,20,11,31,34,8,42,78,96,174,0,0,0,14,14,28,1748,1248,2996,2022-10-31T23:00:00Z
19,204,Korčula,678,888,1566,120,53,173,18,5,23,67,12,79,92,92,184,0,0,0,38,33,71,1013,1083,2096,2022-10-31T23:00:00Z
19,219,Kula Norinska,37,44,81,9,1,10,1,0,1,0,0,0,8,6,14,0,0,0,0,0,0,55,51,106,2022-10-31T23:00:00Z
19,226,Lastovo,62,93,155,27,7,34,2,2,4,4,0,4,12,4,16,0,0,0,4,6,10,111,112,223,2022-10-31T23:00:00Z
19,25,Blato,562,410,972,69,22,91,15,5,20,9,7,16,149,41,190,0,0,0,10,1,11,814,486,1300,2022-10-31T23:00:00Z
19,264,Metković,2166,1803,3969,178,124,302,37,22,59,42,17,59,322,253,575,0,0,0,6,19,25,2751,2238,4989,2022-10-31T23:00:00Z
19,268,Mljet,173,104,277,14,6,20,4,1,5,2,2,4,7,8,15,0,0,0,6,3,9,206,124,330,2022-10-31T23:00:00Z
19,306,Opuzen,489,481,970,31,19,50,51,23,74,4,1,5,33,59,92,0,0,0,2,0,2,610,583,1193,2022-10-31T23:00:00Z
19,308,Orebić,394,393,787,73,41,114,32,9,41,30,7,37,77,72,149,0,0,0,7,25,32,613,547,1160,2022-10-31T23:00:00Z
19,335,Ploče,1339,922,2261,87,52,139,29,8,37,25,7,32,96,113,209,0,0,0,1,4,5,1577,1106,2683,2022-10-31T23:00:00Z
19,343,Pojezerje,25,29,54,4,2,6,7,0,7,0,0,0,2,4,6,0,0,0,0,0,0,38,35,73,2022-10-31T23:00:00Z
19,399,Slivno,77,36,113,9,5,14,14,5,19,0,0,0,12,10,22,0,0,0,3,2,5,115,58,173,2022-10-31T23:00:00Z
19,402,Smokvica,32,80,112,14,3,17,19,5,24,9,0,9,34,9,43,0,0,0,3,2,5,111,99,210,2022-10-31T23:00:00Z
19,419,Ston,467,240,707,54,15,69,24,4,28,7,1,8,47,25,72,0,0,0,3,3,6,602,288,890,2022-10-31T23:00:00Z
19,474,Vela Luka,270,514,784,61,22,83,9,1,10,32,4,36,76,47,123,0,0,0,6,7,13,454,595,1049,2022-10-31T23:00:00Z
19,523,Zažablje,10,8,18,3,0,3,4,2,6,2,1,3,11,2,13,0,0,0,0,1,1,30,14,44,2022-10-31T23:00:00Z
19,598,Dubrovačko Primorje,152,104,256,27,5,32,4,5,9,11,2,13,45,19,64,0,0,0,1,4,5,240,139,379,2022-10-31T23:00:00Z
19,599,Janjina,47,63,110,12,4,16,11,3,14,2,1,3,10,10,20,0,0,0,4,2,6,86,83,169,2022-10-31T23:00:00Z
19,600,Lumbarda,50,52,102,37,12,49,9,2,11,7,0,7,25,18,43,0,0,0,10,15,25,138,99,237,2022-10-31T23:00:00Z
19,601,Trpanj,57,52,109,12,4,16,2,1,3,5,1,6,22,10,32,0,0,0,3,3,6,101,71,172,2022-10-31T23:00:00Z
19,602,Župa Dubrovačka,710,748,1458,131,64,195,3,7,10,64,2,66,73,71,144,0,0,0,4,4,8,985,896,1881,2022-10-31T23:00:00Z
19,98,Dubrovnik,10283,11009,21292,787,406,1193,29,17,46,522,73,595,525,595,1120,1,0,1,90,98,188,12237,12198,24435,2022-10-31T23:00:00Z
20,123,Goričan,320,158,478,7,4,11,8,2,10,0,2,2,12,8,20,0,0,0,0,0,0,347,174,521,2022-10-31T23:00:00Z
20,15,Belica,205,228,433,26,16,42,59,37,96,1,1,2,25,37,62,0,0,0,1,2,3,317,321,638,2022-10-31T23:00:00Z
20,206,Kotoriba,523,274,797,10,4,14,6,0,6,0,5,5,9,11,20,0,0,0,0,0,0,548,294,842,2022-10-31T23:00:00Z
20,250,Mala Subotica,531,1119,1650,26,18,44,34,14,48,2,5,7,22,27,49,0,0,0,1,5,6,616,1188,1804,2022-10-31T23:00:00Z
20,276,Mursko Središće,809,770,1579,49,26,75,13,7,20,2,6,8,49,52,101,0,0,0,1,2,3,923,863,1786,2022-10-31T23:00:00Z
20,279,Nedelišće,1476,848,2324,95,47,142,42,21,63,2,6,8,127,62,189,0,0,0,0,4,4,1742,988,2730,2022-10-31T23:00:00Z
20,342,Podturen,225,119,344,21,8,29,16,13,29,1,2,3,49,39,88,0,0,0,0,1,1,312,182,494,2022-10-31T23:00:00Z
20,355,Prelog,2413,1676,4089,68,22,90,53,29,82,9,10,19,77,68,145,0,0,0,3,8,11,2623,1813,4436,2022-10-31T23:00:00Z
20,385,Selnica,152,149,301,11,9,20,8,4,12,1,1,2,18,15,33,0,0,0,0,1,1,190,179,369,2022-10-31T23:00:00Z
20,440,Sveti Juraj Na Bregu,279,198,477,26,15,41,12,7,19,1,2,3,38,52,90,0,0,0,0,0,0,356,274,630,2022-10-31T23:00:00Z
20,441,Sveti Martin Na Muri,605,347,952,17,11,28,8,4,12,0,3,3,29,35,64,0,0,0,1,0,1,660,400,1060,2022-10-31T23:00:00Z
20,452,Štrigova,310,204,514,25,11,36,39,20,59,2,1,3,61,67,128,0,0,0,0,1,1,437,304,741,2022-10-31T23:00:00Z
20,504,Vratišinec,137,95,232,7,3,10,11,2,13,1,2,3,6,6,12,0,0,0,1,1,2,163,109,272,2022-10-31T23:00:00Z
20,60,Čakovec,10027,9209,19236,254,142,396,61,25,86,38,59,97,259,339,598,0,0,0,7,16,23,10646,9790,20436,2022-10-31T23:00:00Z
20,603,Dekanovec,90,80,170,5,1,6,4,6,10,0,0,0,5,2,7,0,0,0,0,0,0,104,89,193,2022-10-31T23:00:00Z
20,604,Gornji Mihaljevec,110,71,181,14,3,17,24,8,32,2,1,3,24,17,41,0,0,0,1,0,1,175,100,275,2022-10-31T23:00:00Z
20,605,Orehovica,207,148,355,16,3,19,26,10,36,1,2,3,48,22,70,0,0,0,0,3,3,298,188,486,2022-10-31T23:00:00Z
20,606,Strahoninec,249,168,417,12,5,17,3,2,5,0,2,2,35,12,47,0,0,0,0,1,1,299,190,489,2022-10-31T23:00:00Z
20,607,Sveta Marija,60,84,144,13,2,15,6,0,6,1,1,2,21,5,26,0,0,0,0,1,1,101,93,194,2022-10-31T23:00:00Z
20,608,Šenkovec,508,270,778,19,10,29,2,1,3,0,1,1,27,24,51,0,0,0,0,1,1,556,307,863,2022-10-31T23:00:00Z
20,620,Pribislavec,366,229,595,10,7,17,3,1,4,2,1,3,16,9,25,0,0,0,0,1,1,397,248,645,2022-10-31T23:00:00Z
20,75,Domašinec,249,109,358,8,9,17,20,16,36,0,1,1,18,10,28,0,0,0,2,2,4,297,147,444,2022-10-31T23:00:00Z
20,78,Donja Dubrava,203,235,438,15,5,20,5,3,8,0,1,1,12,12,24,0,0,0,0,0,0,235,256,491,2022-10-31T23:00:00Z
20,82,Donji Kraljevec,1447,653,2100,43,16,59,52,20,72,3,5,8,90,120,210,0,0,0,2,8,10,1637,822,2459,2022-10-31T23:00:00Z
20,89,Donji Vidovec,54,78,132,4,1,5,2,0,2,1,2,3,3,16,19,0,0,0,0,0,0,64,97,161,2022-10-31T23:00:00Z
21,133,Zagreb,234259,212801,447060,8232,5869,14101,299,173,472,2209,2059,4268,5396,6944,12340,20,7,27,343,517,860,250758,228370,479128,2022-10-31T23:00:00Z
01,101,Dugo Selo,2958,2048,5006,232,124,356,31,22,53,25,27,52,255,270,525,0,0,0,6,16,22,3507,2507,6014,2022-11-30T23:00:00Z
01,114,Farkaševac,153,214,367,8,3,11,27,10,37,0,2,2,37,20,57,0,0,0,1,0,1,226,249,475,2022-11-30T23:00:00Z
01,135,Gradec,146,132,278,15,1,16,11,7,18,0,1,1,45,20,65,0,0,0,0,1,1,217,162,379,2022-11-30T23:00:00Z
01,158,Ivanić-Grad,3140,1708,4848,95,77,172,46,30,76,10,20,30,138,180,318,0,0,0,8,10,18,3437,2025,5462,2022-11-30T23:00:00Z
01,163,Jakovlje,351,323,674,40,7,47,9,8,17,2,0,2,41,34,75,0,0,0,0,0,0,443,372,815,2022-11-30T23:00:00Z
01,169,Jastrebarsko,2350,1756,4106,226,111,337,45,38,83,17,18,35,257,235,492,0,0,0,5,7,12,2900,2165,5065,2022-11-30T23:00:00Z
01,190,Klinča Selo,213,183,396,37,11,48,5,4,9,0,0,0,65,45,110,0,0,0,0,2,2,320,245,565,2022-11-30T23:00:00Z
01,193,Kloštar Ivanić,395,323,718,23,8,31,20,6,26,4,10,14,49,34,83,1,0,1,3,4,7,495,385,880,2022-11-30T23:00:00Z
01,213,Križ,681,442,1123,23,20,43,18,12,30,7,5,12,23,54,77,0,0,0,2,2,4,754,535,1289,2022-11-30T23:00:00Z
01,33,Brckovljani,329,394,723,7,5,12,0,0,0,3,2,5,25,17,42,0,0,0,0,0,0,364,418,782,2022-11-30T23:00:00Z
01,331,Pisarovina,382,292,674,24,27,51,23,17,40,1,2,3,25,33,58,0,0,0,2,4,6,457,375,832,2022-11-30T23:00:00Z
01,34,Brdovec,876,759,1635,98,45,143,15,7,22,1,5,6,89,65,154,0,0,0,4,2,6,1083,883,1966,2022-11-30T23:00:00Z
01,356,Preseka,17,9,26,6,2,8,12,11,23,0,1,1,15,5,20,0,0,0,1,0,1,51,28,79,2022-11-30T23:00:00Z
01,362,Pušča,145,195,340,26,13,39,7,2,9,2,3,5,51,23,74,0,0,0,0,0,0,231,236,467,2022-11-30T23:00:00Z
01,376,Rugvica,1386,538,1924,8,6,14,3,2,5,1,2,3,20,17,37,0,0,0,0,0,0,1418,565,1983,2022-11-30T23:00:00Z
01,380,Samobor,5566,3975,9541,522,322,844,25,23,48,44,64,108,484,481,965,2,1,3,31,23,54,6674,4889,11563,2022-11-30T23:00:00Z
01,429,Sveti Ivan Zelina,2468,2025,4493,172,69,241,66,46,112,14,20,34,251,201,452,0,0,0,4,3,7,2975,2364,5339,2022-11-30T23:00:00Z
01,436,Sveta Nedjelja,5796,3576,9372,227,94,321,5,5,10,10,11,21,342,187,529,0,0,0,10,9,19,6390,3882,10272,2022-11-30T23:00:00Z
01,508,Vrbovec,2168,2076,4244,171,73,244,94,34,128,6,19,25,292,150,442,0,0,0,7,8,15,2738,2360,5098,2022-11-30T23:00:00Z
01,533,Krašić,258,187,445,27,9,36,11,10,21,2,1,3,24,21,45,0,0,0,3,2,5,325,230,555,2022-11-30T23:00:00Z
01,536,Rakovec,35,21,56,10,2,12,8,4,12,0,1,1,21,11,32,0,0,0,0,0,0,74,39,113,2022-11-30T23:00:00Z
01,539,Marija Gorica,79,106,185,14,3,17,0,0,0,1,1,2,17,19,36,0,0,0,0,0,0,111,129,240,2022-11-30T23:00:00Z
01,540,Žumberak,18,21,39,6,1,7,5,4,9,0,0,0,3,6,9,0,0,0,0,0,0,32,32,64,2022-11-30T23:00:00Z
01,541,Velika Gorica,8393,6511,14904,635,376,1011,65,32,97,53,60,113,571,521,1092,1,0,1,17,25,42,9735,7525,17260,2022-11-30T23:00:00Z
01,542,Orle,39,36,75,15,0,15,8,4,12,0,0,0,14,2,16,0,0,0,0,0,0,76,42,118,2022-11-30T23:00:00Z
01,543,Zaprešić,3324,2968,6292,214,158,372,11,13,24,32,43,75,250,238,488,0,0,0,9,12,21,3840,3432,7272,2022-11-30T23:00:00Z
01,544,Pokupsko,38,69,107,11,6,17,12,5,17,0,0,0,7,7,14,0,0,0,0,0,0,68,87,155,2022-11-30T23:00:00Z
01,545,Kravarsko,105,100,205,38,11,49,6,5,11,0,0,0,76,16,92,0,0,0,1,1,2,226,133,359,2022-11-30T23:00:00Z
01,547,Bistra,340,521,861,48,21,69,7,5,12,2,6,8,58,41,99,1,0,1,1,2,3,457,596,1053,2022-11-30T23:00:00Z
01,548,Luka,287,112,399,15,2,17,2,3,5,1,1,2,16,21,37,0,0,0,0,0,0,321,139,460,2022-11-30T23:00:00Z
01,549,Dubravica,66,43,109,15,0,15,13,4,17,0,0,0,11,17,28,0,0,0,0,0,0,105,64,169,2022-11-30T23:00:00Z
01,550,Bedenica,217,161,378,13,4,17,4,5,9,1,1,2,17,7,24,0,0,0,0,0,0,252,178,430,2022-11-30T23:00:00Z
01,551,Stupnik,1502,552,2054,30,15,45,0,1,1,2,1,3,19,26,45,0,0,0,0,0,0,1553,595,2148,2022-11-30T23:00:00Z
01,97,Dubrava,313,326,639,47,22,69,71,44,115,4,12,16,60,75,135,0,0,0,2,3,5,497,482,979,2022-11-30T23:00:00Z
02,108,Đurmanec,129,144,273,60,16,76,2,2,4,3,1,4,113,88,201,0,0,0,1,1,2,308,252,560,2022-11-30T23:00:00Z
02,11,Bedekovčina,512,754,1266,90,39,129,7,7,14,8,6,14,122,99,221,0,0,0,5,3,8,744,908,1652,2022-11-30T23:00:00Z
02,125,Gornja Stubica,240,289,529,54,16,70,6,6,12,1,1,2,68,53,121,0,0,0,2,0,2,371,365,736,2022-11-30T23:00:00Z
02,146,Hraščina,51,43,94,10,3,13,2,3,5,0,1,1,6,7,13,0,0,0,0,0,0,69,57,126,2022-11-30T23:00:00Z
02,152,Hum Na Sutli,1559,660,2219,54,28,82,4,0,4,1,7,8,264,80,344,0,0,0,0,2,2,1882,777,2659,2022-11-30T23:00:00Z
02,187,Klanjec,286,270,556,68,24,92,13,7,20,5,1,6,69,48,117,0,0,0,2,3,5,443,353,796,2022-11-30T23:00:00Z
02,200,Konjščina,424,402,826,31,18,49,2,1,3,0,2,2,44,33,77,0,0,0,0,1,1,501,457,958,2022-11-30T23:00:00Z
02,208,Kraljevec Na Sutli,80,46,126,13,5,18,3,1,4,1,0,1,19,5,24,0,0,0,0,1,1,116,58,174,2022-11-30T23:00:00Z
02,211,Krapina,2893,2360,5253,175,103,278,9,4,13,14,17,31,186,170,356,0,0,0,3,7,10,3280,2661,5941,2022-11-30T23:00:00Z
02,212,Krapinske Toplice,603,1225,1828,67,39,106,5,6,11,0,5,5,104,76,180,0,0,0,2,1,3,781,1352,2133,2022-11-30T23:00:00Z
02,236,Lobor,159,239,398,26,8,34,3,3,6,0,1,1,32,16,48,0,0,0,1,2,3,221,269,490,2022-11-30T23:00:00Z
02,248,Mače,101,71,172,32,7,39,3,4,7,1,0,1,65,36,101,0,0,0,0,0,0,202,118,320,2022-11-30T23:00:00Z
02,256,Marija Bistrica,338,359,697,65,44,109,13,7,20,2,5,7,66,73,139,0,0,0,2,2,4,486,490,976,2022-11-30T23:00:00Z
02,265,Mihovljan,96,120,216,32,7,39,3,0,3,0,0,0,66,17,83,0,0,0,1,1,2,198,145,343,2022-11-30T23:00:00Z
02,311,Oroslavje,971,829,1800,72,36,108,10,2,12,6,9,15,92,67,159,0,0,0,3,2,5,1154,945,2099,2022-11-30T23:00:00Z
02,329,Petrovsko,88,48,136,17,3,20,1,0,1,5,0,5,59,13,72,0,0,0,1,0,1,171,64,235,2022-11-30T23:00:00Z
02,352,Pregrada,807,925,1732,112,32,144,3,5,8,6,6,12,168,106,274,0,0,0,1,0,1,1097,1074,2171,2022-11-30T23:00:00Z
02,364,Radoboj,148,109,257,17,13,30,1,1,2,0,2,2,54,22,76,0,0,0,0,0,0,220,147,367,2022-11-30T23:00:00Z
02,41,Budinščina,189,187,376,15,6,21,6,1,7,2,2,4,18,12,30,0,0,0,2,1,3,232,209,441,2022-11-30T23:00:00Z
02,422,Stubičke Toplice,248,429,677,35,16,51,0,2,2,2,5,7,65,30,95,0,0,0,2,0,2,352,482,834,2022-11-30T23:00:00Z
02,430,Sveti Križ Začretje,704,806,1510,74,24,98,10,4,14,1,5,6,137,98,235,0,0,0,4,0,4,930,937,1867,2022-11-30T23:00:00Z
02,466,Tuhelj,153,219,372,21,10,31,5,1,6,1,2,3,43,39,82,0,0,0,0,0,0,223,271,494,2022-11-30T23:00:00Z
02,481,Veliko Trgovišće,557,415,972,53,18,71,3,5,8,2,5,7,108,46,154,0,0,0,3,2,5,726,491,1217,2022-11-30T23:00:00Z
02,519,Zabok,2819,2968,5787,146,86,232,7,3,10,14,16,30,180,231,411,0,0,0,2,2,4,3168,3306,6474,2022-11-30T23:00:00Z
02,521,Zagorska Sela,8,52,60,8,1,9,7,3,10,0,1,1,16,5,21,0,0,0,0,0,0,39,62,101,2022-11-30T23:00:00Z
02,526,Zlatar,554,686,1240,97,48,145,26,16,42,8,7,15,120,82,202,0,0,0,2,0,2,807,839,1646,2022-11-30T23:00:00Z
02,527,Zlatar Bistrica,314,539,853,26,7,33,4,2,6,5,0,5,68,44,112,0,0,0,3,2,5,420,594,1014,2022-11-30T23:00:00Z
02,552,Jesenje,74,69,143,8,1,9,0,0,0,0,0,0,49,8,57,0,0,0,0,0,0,131,78,209,2022-11-30T23:00:00Z
02,553,Kumrovec,80,94,174,18,4,22,2,0,2,2,1,3,18,15,33,0,0,0,0,0,0,120,114,234,2022-11-30T23:00:00Z
02,554,Novi Golubovec,136,56,192,3,2,5,1,0,1,0,0,0,5,1,6,0,0,0,0,0,0,145,59,204,2022-11-30T23:00:00Z
02,70,Desinić,125,271,396,30,7,37,10,2,12,3,1,4,47,37,84,0,0,0,0,1,1,215,319,534,2022-11-30T23:00:00Z
02,79,Donja Stubica,822,675,1497,96,50,146,5,4,9,6,2,8,80,52,132,0,0,0,2,2,4,1011,785,1796,2022-11-30T23:00:00Z
03,102,Dvor,279,136,415,16,5,21,59,23,82,0,3,3,14,12,26,0,0,0,1,2,3,369,181,550,2022-11-30T23:00:00Z
03,121,Glina,1149,687,1836,43,20,63,60,28,88,4,9,13,69,69,138,0,0,0,0,0,0,1325,813,2138,2022-11-30T23:00:00Z
03,149,Hrvatska Dubica,71,73,144,9,2,11,13,3,16,0,0,0,6,3,9,0,0,0,1,1,2,100,82,182,2022-11-30T23:00:00Z
03,150,Hrvatska Kostajnica,295,266,561,18,9,27,8,3,11,1,3,4,12,22,34,0,0,0,3,0,3,337,303,640,2022-11-30T23:00:00Z
03,168,Jasenovac,130,127,257,14,6,20,13,4,17,0,0,0,15,11,26,0,0,0,0,1,1,172,149,321,2022-11-30T23:00:00Z
03,220,Kutina,3526,2876,6402,181,116,297,44,20,64,36,24,60,206,236,442,1,0,1,10,9,19,4004,3281,7285,2022-11-30T23:00:00Z
03,228,Lekenik,372,312,684,43,12,55,9,7,16,1,3,4,52,30,82,0,0,0,2,1,3,479,365,844,2022-11-30T23:00:00Z
03,232,Lipovljani,254,264,518,26,9,35,10,2,12,1,0,1,38,42,80,0,0,0,0,3,3,329,320,649,2022-11-30T23:00:00Z
03,259,Martinska Ves,129,61,190,10,1,11,25,14,39,3,0,3,47,16,63,0,0,0,0,0,0,214,92,306,2022-11-30T23:00:00Z
03,293,Novska,1299,1032,2331,178,103,281,33,17,50,6,18,24,245,238,483,0,0,0,2,9,11,1763,1417,3180,2022-11-30T23:00:00Z
03,328,Petrinja,1728,1700,3428,248,98,346,71,29,100,10,24,34,309,295,604,0,0,0,6,4,10,2372,2150,4522,2022-11-30T23:00:00Z
03,347,Popovača,886,1027,1913,85,44,129,50,17,67,7,10,17,101,123,224,0,0,0,5,2,7,1134,1223,2357,2022-11-30T23:00:00Z
03,391,Sisak,7033,8080,15113,385,229,614,100,57,157,43,77,120,609,579,1188,0,0,0,18,17,35,8188,9039,17227,2022-11-30T23:00:00Z
03,426,Sunja,217,179,396,25,10,35,50,30,80,1,2,3,15,20,35,0,0,0,2,1,3,310,242,552,2022-11-30T23:00:00Z
03,457,Topusko,216,321,537,15,8,23,5,2,7,4,1,5,31,22,53,0,0,0,3,0,3,274,354,628,2022-11-30T23:00:00Z
03,477,Velika Ludina,120,154,274,11,9,20,14,3,17,0,0,0,28,17,45,0,0,0,0,0,0,173,183,356,2022-11-30T23:00:00Z
03,510,Gvozd,107,82,189,10,5,15,17,4,21,0,0,0,18,10,28,0,0,0,4,1,5,156,102,258,2022-11-30T23:00:00Z
03,555,Majur,134,43,177,1,1,2,3,1,4,0,0,0,2,0,2,0,0,0,3,0,3,143,45,188,2022-11-30T23:00:00Z
03,83,Donji Kukuruzari,40,35,75,5,0,5,6,3,9,0,0,0,1,3,4,0,0,0,1,0,1,53,41,94,2022-11-30T23:00:00Z
04,120,Generalski Stol,38,64,102,21,5,26,1,0,1,0,1,1,25,13,38,0,0,0,0,0,0,85,83,168,2022-11-30T23:00:00Z
04,172,Josipdol,193,163,356,25,15,40,2,6,8,2,1,3,36,52,88,0,0,0,0,3,3,258,240,498,2022-11-30T23:00:00Z
04,179,Karlovac,10673,9063,19736,426,310,736,74,51,125,72,86,158,622,790,1412,0,0,0,22,15,37,11889,10315,22204,2022-11-30T23:00:00Z
04,216,Krnjak,157,76,233,3,1,4,5,4,9,1,0,1,8,5,13,0,0,0,1,2,3,175,88,263,2022-11-30T23:00:00Z
04,225,Lasinja,37,41,78,5,3,8,0,5,5,2,0,2,5,7,12,0,0,0,0,0,0,49,56,105,2022-11-30T23:00:00Z
04,281,Netretić,108,106,214,18,3,21,3,1,4,1,1,2,38,32,70,0,0,0,0,0,0,168,143,311,2022-11-30T23:00:00Z
04,297,Ogulin,1843,1853,3696,152,90,242,40,19,59,10,30,40,153,174,327,0,0,0,5,5,10,2203,2171,4374,2022-11-30T23:00:00Z
04,30,Bosiljevo,97,83,180,3,0,3,0,0,0,1,1,2,28,35,63,0,0,0,0,0,0,129,119,248,2022-11-30T23:00:00Z
04,315,Ozalj,773,629,1402,93,33,126,22,14,36,4,9,13,132,87,219,0,1,1,1,3,4,1025,776,1801,2022-11-30T23:00:00Z
04,333,Plaški,98,66,164,9,3,12,9,2,11,0,0,0,43,32,75,0,0,0,0,0,0,159,103,262,2022-11-30T23:00:00Z
04,365,Rakovica,144,181,325,9,9,18,3,3,6,0,0,0,67,50,117,0,0,0,3,3,6,226,246,472,2022-11-30T23:00:00Z
04,378,Saborsko,12,14,26,1,1,2,1,0,1,0,0,0,5,2,7,0,0,0,0,0,0,19,17,36,2022-11-30T23:00:00Z
04,400,Slunj,330,400,730,56,17,73,36,19,55,3,5,8,122,95,217,0,0,0,5,19,24,552,555,1107,2022-11-30T23:00:00Z
04,49,Cetingrad,62,63,125,8,1,9,2,3,5,1,0,1,7,6,13,0,0,0,1,0,1,81,73,154,2022-11-30T23:00:00Z
04,503,Vojnić,356,237,593,21,13,34,42,11,53,1,0,1,26,31,57,0,0,0,4,1,5,450,293,743,2022-11-30T23:00:00Z
04,530,Žakanje,173,100,273,25,12,37,4,1,5,0,0,0,29,27,56,0,0,0,0,1,1,231,141,372,2022-11-30T23:00:00Z
04,556,Ribnik,7,7,14,10,3,13,1,1,2,0,0,0,5,9,14,0,0,0,0,0,0,23,20,43,2022-11-30T23:00:00Z
04,557,Tounj,62,35,97,5,0,5,0,0,0,0,0,0,4,4,8,0,0,0,0,0,0,71,39,110,2022-11-30T23:00:00Z
04,623,Kamanje,163,99,262,4,1,5,0,0,0,0,0,0,4,5,9,0,0,0,0,0,0,171,105,276,2022-11-30T23:00:00Z
04,7,Barilovići,292,163,455,21,10,31,7,0,7,0,1,1,117,33,150,0,0,0,0,0,0,437,207,644,2022-11-30T23:00:00Z
04,90,Draganić,181,202,383,13,3,16,7,3,10,1,1,2,17,27,44,0,0,0,0,0,0,219,236,455,2022-11-30T23:00:00Z
04,99,Duga Resa,1245,1064,2309,135,70,205,19,20,39,4,17,21,174,190,364,0,0,0,10,10,20,1587,1371,2958,2022-11-30T23:00:00Z
05,12,Bednja,220,183,403,19,7,26,2,4,6,1,1,2,29,14,43,0,0,0,0,1,1,271,210,481,2022-11-30T23:00:00Z
05,129,Gornji Kneginec,631,1004,1635,51,33,84,8,5,13,3,8,11,67,49,116,0,0,0,3,3,6,763,1102,1865,2022-11-30T23:00:00Z
05,151,Breznički Hum,195,148,343,13,4,17,6,6,12,0,1,1,22,13,35,0,0,0,2,6,8,238,178,416,2022-11-30T23:00:00Z
05,156,Ivanec,2182,1844,4026,171,67,238,12,11,23,10,17,27,321,266,587,0,0,0,7,7,14,2703,2212,4915,2022-11-30T23:00:00Z
05,165,Jalžabet,745,1060,1805,22,4,26,12,5,17,0,3,3,38,23,61,0,0,0,0,1,1,817,1096,1913,2022-11-30T23:00:00Z
05,189,Klenovnik,167,62,229,9,4,13,0,0,0,0,0,0,21,27,48,0,0,0,2,0,2,199,93,292,2022-11-30T23:00:00Z
05,19,Beretinec,82,41,123,18,2,20,3,2,5,0,1,1,14,24,38,0,0,0,1,0,1,118,70,188,2022-11-30T23:00:00Z
05,229,Lepoglava,1350,630,1980,62,33,95,4,2,6,1,4,5,93,50,143,0,0,0,2,6,8,1512,725,2237,2022-11-30T23:00:00Z
05,244,Ludbreg,1872,1628,3500,122,60,182,59,33,92,11,14,25,222,178,400,0,0,0,3,7,10,2289,1920,4209,2022-11-30T23:00:00Z
05,247,Ljubešćica,363,166,529,25,9,34,1,0,1,1,2,3,77,19,96,0,0,0,1,1,2,468,197,665,2022-11-30T23:00:00Z
05,251,Mali Bukovec,40,82,122,12,6,18,24,17,41,0,1,1,98,36,134,0,0,0,0,1,1,174,143,317,2022-11-30T23:00:00Z
05,260,Maruševec,332,304,636,61,27,88,22,23,45,4,2,6,117,39,156,0,0,0,3,2,5,539,397,936,2022-11-30T23:00:00Z
05,289,Novi Marof,1257,1196,2453,165,68,233,13,11,24,9,16,25,301,174,475,0,0,0,10,7,17,1755,1472,3227,2022-11-30T23:00:00Z
05,326,Petrijanec,462,770,1232,25,10,35,15,8,23,1,3,4,80,83,163,0,0,0,0,1,1,583,875,1458,2022-11-30T23:00:00Z
05,36,Breznica,147,66,213,18,3,21,5,4,9,1,5,6,37,13,50,0,0,0,0,0,0,208,91,299,2022-11-30T23:00:00Z
05,410,Sračinec,275,270,545,39,14,53,1,1,2,1,6,7,90,60,150,0,0,0,0,2,2,406,353,759,2022-11-30T23:00:00Z
05,437,Sveti Đurđ,68,97,165,31,4,35,27,8,35,3,1,4,34,33,67,0,0,0,0,0,0,163,143,306,2022-11-30T23:00:00Z
05,438,Sveti Ilija,190,205,395,17,8,25,2,1,3,0,4,4,43,31,74,0,0,0,0,0,0,252,249,501,2022-11-30T23:00:00Z
05,462,Trnovec Bartolovečki,1266,1405,2671,71,20,91,16,7,23,2,3,5,269,89,358,0,0,0,1,2,3,1625,1526,3151,2022-11-30T23:00:00Z
05,472,Varaždin,16959,15515,32474,530,390,920,52,26,78,80,116,196,518,657,1175,1,0,1,22,22,44,18162,16726,34888,2022-11-30T23:00:00Z
05,473,Varaždinske Toplice,609,529,1138,46,21,67,10,5,15,4,7,11,182,54,236,0,0,0,1,1,2,852,617,1469,2022-11-30T23:00:00Z
05,48,Cestica,387,392,779,57,26,83,13,16,29,1,4,5,103,80,183,0,0,0,2,2,4,563,520,1083,2022-11-30T23:00:00Z
05,484,Vidovec,271,275,546,48,15,63,57,30,87,1,5,6,110,90,200,0,0,0,0,0,0,487,415,902,2022-11-30T23:00:00Z
05,486,Vinica,333,236,569,19,8,27,5,4,9,1,5,6,32,25,57,0,0,0,0,1,1,390,279,669,2022-11-30T23:00:00Z
05,493,Visoko,103,60,163,18,1,19,6,3,9,0,0,0,25,25,50,0,0,0,2,0,2,154,89,243,2022-11-30T23:00:00Z
05,558,Veliki Bukovec,385,257,642,5,2,7,21,9,30,0,1,1,34,27,61,0,0,0,0,0,0,445,296,741,2022-11-30T23:00:00Z
05,80,Donja Voća,75,62,137,6,1,7,5,7,12,0,1,1,28,17,45,0,0,0,0,1,1,114,89,203,2022-11-30T23:00:00Z
05,85,Donji Martijanec,348,164,512,27,6,33,19,4,23,1,1,2,48,31,79,0,0,0,0,0,0,443,206,649,2022-11-30T23:00:00Z
06,104,Đelekovec,30,45,75,20,12,32,40,9,49,0,1,1,18,13,31,0,0,0,0,0,0,108,80,188,2022-11-30T23:00:00Z
06,107,Đurđevac,1390,1281,2671,83,47,130,71,40,111,13,11,24,79,69,148,0,0,0,8,2,10,1644,1450,3094,2022-11-30T23:00:00Z
06,115,Ferdinandovac,34,85,119,11,2,13,40,32,72,1,1,2,10,7,17,0,0,0,7,0,7,103,127,230,2022-11-30T23:00:00Z
06,122,Gola,191,169,360,11,2,13,86,38,124,0,2,2,6,25,31,0,0,0,0,1,1,294,237,531,2022-11-30T23:00:00Z
06,145,Hlebine,11,33,44,2,0,2,14,3,17,1,0,1,0,11,11,0,0,0,1,1,2,29,48,77,2022-11-30T23:00:00Z
06,194,Kloštar Podravski,167,145,312,16,12,28,36,34,70,0,1,1,26,49,75,0,0,0,1,1,2,246,242,488,2022-11-30T23:00:00Z
06,201,Koprivnica,7073,7534,14607,360,212,572,61,25,86,65,69,134,394,437,831,0,2,2,9,10,19,7962,8289,16251,2022-11-30T23:00:00Z
06,202,Koprivnički Bregi,56,92,148,21,3,24,23,8,31,0,0,0,30,7,37,0,0,0,0,0,0,130,110,240,2022-11-30T23:00:00Z
06,203,Koprivnički Ivanec,69,51,120,23,5,28,23,8,31,0,0,0,15,9,24,0,0,0,0,0,0,130,73,203,2022-11-30T23:00:00Z
06,214,Križevci,3596,3757,7353,181,109,290,225,181,406,13,27,40,249,225,474,0,0,0,8,12,20,4272,4311,8583,2022-11-30T23:00:00Z
06,227,Legrad,56,79,135,16,5,21,19,6,25,0,2,2,19,20,39,0,0,0,0,1,1,110,113,223,2022-11-30T23:00:00Z
06,270,Molve,220,113,333,6,9,15,48,27,75,1,2,3,38,20,58,0,0,0,3,2,5,316,173,489,2022-11-30T23:00:00Z
06,292,Novigrad Podravski,95,157,252,10,3,13,17,11,28,0,1,1,15,14,29,0,0,0,0,0,0,137,186,323,2022-11-30T23:00:00Z
06,324,Peteranec,87,42,129,18,3,21,22,9,31,1,1,2,21,10,31,0,0,0,0,1,1,149,66,215,2022-11-30T23:00:00Z
06,366,Rasinja,47,76,123,23,4,27,51,22,73,1,0,1,17,21,38,0,0,0,1,0,1,140,123,263,2022-11-30T23:00:00Z
06,405,Sokolovac,203,95,298,17,4,21,43,14,57,5,3,8,19,8,27,0,0,0,0,0,0,287,124,411,2022-11-30T23:00:00Z
06,439,Sveti Ivan Žabno,278,201,479,40,16,56,91,59,150,1,2,3,46,64,110,0,0,0,0,1,1,456,343,799,2022-11-30T23:00:00Z
06,442,Sveti Petar Orehovec,135,133,268,30,6,36,129,117,246,0,1,1,39,25,64,0,0,0,1,0,1,334,282,616,2022-11-30T23:00:00Z
06,490,Virje,299,207,506,28,12,40,36,18,54,4,1,5,30,38,68,0,0,0,1,2,3,398,278,676,2022-11-30T23:00:00Z
06,559,Kalinovac,441,101,542,6,1,7,6,3,9,0,0,0,10,10,20,0,0,0,1,0,1,464,115,579,2022-11-30T23:00:00Z
06,560,Kalnik,42,44,86,2,4,6,20,22,42,0,1,1,8,2,10,0,0,0,0,0,0,72,73,145,2022-11-30T23:00:00Z
06,561,Novo Virje,40,37,77,2,0,2,38,27,65,0,0,0,15,6,21,0,0,0,0,0,0,95,70,165,2022-11-30T23:00:00Z
06,616,Podravske Sesvete,104,119,223,3,4,7,26,13,39,2,0,2,7,4,11,0,0,0,0,1,1,142,141,283,2022-11-30T23:00:00Z
06,618,Gornja Reka,99,90,189,6,2,8,8,5,13,0,0,0,3,3,6,0,0,0,0,0,0,116,100,216,2022-11-30T23:00:00Z
06,96,Drnje,121,104,225,11,4,15,18,10,28,0,2,2,6,10,16,0,0,0,1,0,1,157,130,287,2022-11-30T23:00:00Z
07,105,Đulovac,242,70,312,9,7,16,32,17,49,2,0,2,118,36,154,0,0,0,0,0,0,403,130,533,2022-11-30T23:00:00Z
07,119,Garešnica,1091,1148,2239,60,30,90,55,35,90,16,20,36,101,123,224,0,0,0,1,6,7,1324,1362,2686,2022-11-30T23:00:00Z
07,139,Grubišno Polje,587,564,1151,32,25,57,104,37,141,4,10,14,61,72,133,0,0,0,1,3,4,789,711,1500,2022-11-30T23:00:00Z
07,144,Hercegovac,145,152,297,21,3,24,47,17,64,1,1,2,42,32,74,0,0,0,1,1,2,257,206,463,2022-11-30T23:00:00Z
07,161,Ivanska,143,95,238,2,3,5,51,16,67,2,3,5,81,24,105,0,0,0,2,0,2,281,141,422,2022-11-30T23:00:00Z
07,176,Kapela,106,82,188,4,1,5,41,26,67,0,1,1,19,9,28,0,0,0,1,0,1,171,119,290,2022-11-30T23:00:00Z
07,18,Berek,41,50,91,7,2,9,19,14,33,0,0,0,9,8,17,0,0,0,0,0,0,76,74,150,2022-11-30T23:00:00Z
07,199,Končanica,129,96,225,9,2,11,31,16,47,0,0,0,10,11,21,0,0,0,1,0,1,180,125,305,2022-11-30T23:00:00Z
07,24,Bjelovar,7230,6879,14109,302,190,492,201,98,299,50,69,119,406,501,907,2,0,2,14,17,31,8205,7754,15959,2022-11-30T23:00:00Z
07,287,Nova Rača,87,106,193,13,2,15,73,32,105,0,2,2,30,13,43,0,0,0,0,1,1,203,156,359,2022-11-30T23:00:00Z
07,375,Rovišće,218,230,448,24,12,36,46,32,78,1,3,4,24,40,64,0,0,0,0,1,1,313,318,631,2022-11-30T23:00:00Z
07,390,Sirač,322,180,502,11,3,14,10,5,15,1,1,2,15,8,23,0,0,0,0,1,1,359,198,557,2022-11-30T23:00:00Z
07,450,Štefanje,47,72,119,7,3,10,33,12,45,0,3,3,35,25,60,0,0,0,0,0,0,122,115,237,2022-11-30T23:00:00Z
07,478,Velika Pisanica,75,82,157,5,1,6,28,14,42,1,0,1,11,9,20,0,0,0,1,0,1,121,106,227,2022-11-30T23:00:00Z
07,480,Veliki Grđevac,154,129,283,13,5,18,75,28,103,1,4,5,67,24,91,0,0,0,1,0,1,311,190,501,2022-11-30T23:00:00Z
07,483,Veliko Trojstvo,71,111,182,12,3,15,12,14,26,0,0,0,44,20,64,0,0,0,0,0,0,139,148,287,2022-11-30T23:00:00Z
07,562,Severin,51,21,72,1,0,1,15,14,29,0,0,0,14,41,55,0,0,0,0,0,0,81,76,157,2022-11-30T23:00:00Z
07,564,Šandrovac,32,42,74,3,0,3,13,6,19,0,0,0,12,5,17,0,0,0,0,3,3,60,56,116,2022-11-30T23:00:00Z
07,565,Velika Trnovitica,61,65,126,8,3,11,31,22,53,1,0,1,19,10,29,0,0,0,1,1,2,121,101,222,2022-11-30T23:00:00Z
07,566,Zrinski Topolovac,13,17,30,2,1,3,29,17,46,0,0,0,4,2,6,0,0,0,1,1,2,49,38,87,2022-11-30T23:00:00Z
07,63,Čazma,1102,809,1911,55,22,77,50,39,89,6,10,16,114,72,186,0,0,0,4,2,6,1331,954,2285,2022-11-30T23:00:00Z
07,67,Daruvar,1452,1794,3246,76,58,134,41,20,61,15,19,34,146,173,319,0,0,0,5,9,14,1735,2073,3808,2022-11-30T23:00:00Z
07,71,Dežanovac,125,89,214,10,2,12,67,32,99,0,0,0,37,19,56,0,0,0,1,1,2,240,143,383,2022-11-30T23:00:00Z
08,117,Fužine,282,186,468,18,10,28,0,2,2,2,1,3,17,19,36,0,0,0,2,0,2,321,218,539,2022-11-30T23:00:00Z
08,170,Jelenje,284,259,543,99,49,148,7,1,8,38,10,48,52,44,96,0,0,0,5,1,6,485,364,849,2022-11-30T23:00:00Z
08,180,Kastav,1133,871,2004,142,72,214,3,1,4,46,10,56,121,76,197,1,1,2,5,5,10,1451,1036,2487,2022-11-30T23:00:00Z
08,186,Klana,396,212,608,22,8,30,1,2,3,5,2,7,17,8,25,0,0,0,1,2,3,442,234,676,2022-11-30T23:00:00Z
08,209,Kraljevica,332,296,628,42,24,66,2,1,3,42,4,46,23,32,55,1,0,1,3,8,11,445,365,810,2022-11-30T23:00:00Z
08,215,Krk,1869,1255,3124,244,103,347,13,8,21,30,15,45,262,172,434,0,0,0,27,37,64,2445,1590,4035,2022-11-30T23:00:00Z
08,237,Lokve,121,85,206,14,6,20,0,1,1,0,2,2,7,8,15,0,0,0,1,0,1,143,102,245,2022-11-30T23:00:00Z
08,242,Lovran,445,615,1060,96,36,132,1,2,3,18,8,26,40,57,97,0,0,0,2,6,8,602,724,1326,2022-11-30T23:00:00Z
08,252,Mali Lošinj,1354,1372,2726,225,84,309,22,8,30,35,18,53,168,139,307,0,0,0,23,29,52,1827,1650,3477,2022-11-30T23:00:00Z
08,253,Malinska-Dubašnica,469,793,1262,145,71,216,6,9,15,7,5,12,154,136,290,0,0,0,16,18,34,797,1032,1829,2022-11-30T23:00:00Z
08,261,Matulji,1503,1092,2595,224,129,353,14,6,20,60,15,75,179,185,364,0,0,0,3,8,11,1983,1435,3418,2022-11-30T23:00:00Z
08,273,Mošćenička Draga,111,75,186,55,13,68,0,1,1,3,3,6,24,22,46,0,0,0,3,5,8,196,119,315,2022-11-30T23:00:00Z
08,275,Mrkopalj,63,54,117,13,3,16,2,0,2,0,0,0,6,8,14,0,0,0,1,0,1,85,65,150,2022-11-30T23:00:00Z
08,290,Novi Vinodolski,505,426,931,99,47,146,8,5,13,11,7,18,106,69,175,0,0,0,4,9,13,733,563,1296,2022-11-30T23:00:00Z
08,301,Omišalj,603,398,1001,82,20,102,0,0,0,11,2,13,60,32,92,0,0,0,1,16,17,757,468,1225,2022-11-30T23:00:00Z
08,302,Opatija,2286,2801,5087,217,130,347,6,4,10,62,26,88,103,146,249,0,0,0,14,21,35,2688,3128,5816,2022-11-30T23:00:00Z
08,360,Punat,307,150,457,64,21,85,4,0,4,4,1,5,61,28,89,0,0,0,2,7,9,442,207,649,2022-11-30T23:00:00Z
08,363,Rab,896,1048,1944,291,73,364,11,6,17,16,11,27,200,166,366,0,0,0,47,76,123,1461,1380,2841,2022-11-30T23:00:00Z
08,369,Ravna Gora,289,298,587,30,13,43,2,1,3,1,1,2,41,17,58,0,0,0,1,4,5,364,334,698,2022-11-30T23:00:00Z
08,373,Rijeka,28317,28777,57094,1336,1109,2445,20,15,35,971,353,1324,856,1265,2121,6,3,9,84,111,195,31590,31633,63223,2022-11-30T23:00:00Z
08,38,Brod Moravice,38,35,73,15,0,15,0,0,0,0,1,1,10,3,13,0,0,0,1,0,1,64,39,103,2022-11-30T23:00:00Z
08,393,Skrad,41,42,83,4,5,9,1,1,2,1,1,2,2,6,8,0,0,0,2,0,2,51,55,106,2022-11-30T23:00:00Z
08,4,Bakar,2082,1086,3168,73,41,114,3,0,3,69,10,79,71,77,148,0,0,0,7,11,18,2305,1225,3530,2022-11-30T23:00:00Z
08,488,Vinodolska Općina,197,151,348,58,21,79,2,0,2,8,1,9,38,18,56,1,0,1,0,4,4,304,195,499,2022-11-30T23:00:00Z
08,495,Viškovo,1735,1165,2900,219,112,331,7,4,11,51,17,68,150,133,283,0,0,0,13,10,23,2175,1441,3616,2022-11-30T23:00:00Z
08,507,Vrbnik,146,95,241,35,11,46,8,6,14,3,0,3,31,23,54,0,0,0,0,1,1,223,136,359,2022-11-30T23:00:00Z
08,509,Vrbovsko,346,303,649,58,19,77,5,5,10,1,5,6,71,35,106,1,0,1,0,1,1,482,368,850,2022-11-30T23:00:00Z
08,52,Cres,521,420,941,78,24,102,8,4,12,16,3,19,40,58,98,0,0,0,9,7,16,672,516,1188,2022-11-30T23:00:00Z
08,53,Crikvenica,1229,1636,2865,211,123,334,5,2,7,41,23,64,202,168,370,0,0,0,17,23,40,1705,1975,3680,2022-11-30T23:00:00Z
08,538,Kostrena,495,327,822,39,26,65,1,1,2,78,7,85,21,35,56,0,0,0,2,5,7,636,401,1037,2022-11-30T23:00:00Z
08,55,Čabar,330,291,621,56,18,74,7,4,11,4,0,4,143,47,190,0,0,0,1,1,2,541,361,902,2022-11-30T23:00:00Z
08,61,Čavle,677,568,1245,98,52,150,1,1,2,27,10,37,91,85,176,0,0,0,3,3,6,897,719,1616,2022-11-30T23:00:00Z
08,624,Lopar,53,34,87,19,6,25,0,1,1,1,0,1,20,16,36,0,0,0,7,4,11,100,61,161,2022-11-30T23:00:00Z
08,69,Delnice,1095,751,1846,74,52,126,5,1,6,10,13,23,80,97,177,0,0,0,1,10,11,1265,924,2189,2022-11-30T23:00:00Z
08,74,Dobrinj,144,101,245,50,23,73,1,2,3,4,1,5,77,39,116,0,0,0,3,7,10,279,173,452,2022-11-30T23:00:00Z
08,8,Baška,171,173,344,42,28,70,6,2,8,2,4,6,26,40,66,0,0,0,17,27,44,264,274,538,2022-11-30T23:00:00Z
09,130,Gospić,2242,2350,4592,102,64,166,84,47,131,13,9,22,132,162,294,0,0,0,23,12,35,2596,2644,5240,2022-11-30T23:00:00Z
09,178,Karlobag,85,89,174,9,3,12,7,1,8,0,0,0,7,2,9,0,0,0,2,1,3,110,96,206,2022-11-30T23:00:00Z
09,240,Lovinac,206,76,282,0,0,0,1,1,2,1,0,1,1,2,3,0,0,0,0,0,0,209,79,288,2022-11-30T23:00:00Z
09,288,Novalja,714,560,1274,129,34,163,23,12,35,5,6,11,165,75,240,0,0,0,30,29,59,1066,716,1782,2022-11-30T23:00:00Z
09,313,Otočac,815,910,1725,94,38,132,64,30,94,8,6,14,110,116,226,0,0,0,3,4,7,1094,1104,2198,2022-11-30T23:00:00Z
09,323,Perušić,326,252,578,24,10,34,33,21,54,0,1,1,20,20,40,0,0,0,6,7,13,409,311,720,2022-11-30T23:00:00Z
09,37,Brinje,411,215,626,19,5,24,9,6,15,0,1,1,9,19,28,0,0,0,3,3,6,451,249,700,2022-11-30T23:00:00Z
09,387,Senj,723,623,1346,89,42,131,6,5,11,14,8,22,83,90,173,0,0,0,9,6,15,924,774,1698,2022-11-30T23:00:00Z
09,455,Plitvička Jezera,742,785,1527,44,19,63,56,17,73,3,6,9,197,150,347,0,0,0,10,0,10,1052,977,2029,2022-11-30T23:00:00Z
09,467,Udbina,127,91,218,9,4,13,42,13,55,0,0,0,14,18,32,0,0,0,8,1,9,200,127,327,2022-11-30T23:00:00Z
09,512,Vrhovine,106,35,141,3,3,6,7,1,8,0,0,0,4,4,8,0,0,0,0,1,1,120,44,164,2022-11-30T23:00:00Z
09,84,Donji Lapac,117,72,189,6,3,9,25,6,31,0,0,0,9,7,16,0,0,0,3,1,4,160,89,249,2022-11-30T23:00:00Z
10,136,Gradina,84,112,196,13,10,23,123,47,170,2,0,2,40,29,69,0,0,0,0,0,0,262,198,460,2022-11-30T23:00:00Z
10,245,Lukač,205,116,321,14,5,19,49,15,64,1,0,1,52,32,84,0,0,0,0,0,0,321,168,489,2022-11-30T23:00:00Z
10,266,Mikleuš,70,52,122,7,1,8,14,6,20,0,0,0,14,10,24,0,0,0,0,0,0,105,69,174,2022-11-30T23:00:00Z
10,283,Nova Bukovica,43,40,83,9,6,15,34,9,43,1,0,1,21,17,38,0,0,0,1,0,1,109,72,181,2022-11-30T23:00:00Z
10,307,Orahovica,892,635,1527,76,35,111,11,4,15,11,11,22,109,116,225,0,0,0,7,2,9,1106,803,1909,2022-11-30T23:00:00Z
10,332,Pitomača,700,693,1393,87,44,131,151,86,237,2,8,10,186,150,336,0,0,0,5,14,19,1131,995,2126,2022-11-30T23:00:00Z
10,395,Slatina,1597,1499,3096,156,79,235,134,36,170,12,22,34,179,240,419,0,0,0,11,7,18,2089,1883,3972,2022-11-30T23:00:00Z
10,407,Sopje,157,44,201,4,1,5,83,17,100,0,0,0,19,25,44,0,0,0,0,0,0,263,87,350,2022-11-30T23:00:00Z
10,424,Suhopolje,254,258,512,25,21,46,98,39,137,1,1,2,66,55,121,0,0,0,5,3,8,449,377,826,2022-11-30T23:00:00Z
10,449,Špišić Bukovica,145,152,297,25,10,35,158,58,216,1,2,3,35,48,83,0,0,0,1,1,2,365,271,636,2022-11-30T23:00:00Z
10,491,Virovitica,3880,4090,7970,190,118,308,96,26,122,27,19,46,382,361,743,1,0,1,8,18,26,4584,4632,9216,2022-11-30T23:00:00Z
10,499,Voćin,148,109,257,12,2,14,30,23,53,0,0,0,15,5,20,0,0,0,4,1,5,209,140,349,2022-11-30T23:00:00Z
10,524,Zdenci,185,104,289,9,4,13,18,7,25,0,1,1,12,12,24,0,0,0,0,2,2,224,130,354,2022-11-30T23:00:00Z
10,54,Crnac,23,26,49,14,4,18,19,7,26,0,1,1,17,11,28,0,0,0,0,0,0,73,49,122,2022-11-30T23:00:00Z
10,56,Čačinci,153,98,251,19,15,34,17,10,27,0,1,1,27,30,57,0,0,0,0,2,2,216,156,372,2022-11-30T23:00:00Z
10,57,Čađavica,115,82,197,12,9,21,64,18,82,0,0,0,48,29,77,0,0,0,0,0,0,239,138,377,2022-11-30T23:00:00Z
11,164,Jakšić,166,104,270,31,7,38,24,5,29,0,2,2,37,17,54,0,0,0,0,0,0,258,135,393,2022-11-30T23:00:00Z
11,177,Kaptol,96,88,184,16,2,18,23,3,26,0,1,1,43,8,51,0,0,0,0,1,1,178,103,281,2022-11-30T23:00:00Z
11,221,Kutjevo,544,412,956,51,18,69,67,28,95,1,2,3,76,72,148,0,0,0,4,1,5,743,533,1276,2022-11-30T23:00:00Z
11,231,Lipik,751,637,1388,43,15,58,25,19,44,1,8,9,57,58,115,0,0,0,2,0,2,879,737,1616,2022-11-30T23:00:00Z
11,318,Pakrac,642,1136,1778,80,35,115,61,18,79,12,13,25,181,98,279,0,0,0,0,2,2,976,1302,2278,2022-11-30T23:00:00Z
11,334,Pleternica,564,502,1066,83,32,115,51,11,62,4,5,9,164,115,279,0,0,0,1,5,6,867,670,1537,2022-11-30T23:00:00Z
11,35,Brestovac,122,94,216,16,4,20,14,3,17,1,1,2,26,14,40,0,0,0,0,1,1,179,117,296,2022-11-30T23:00:00Z
11,351,Požega,5127,4524,9651,324,169,493,127,40,167,40,77,117,388,359,747,0,1,1,15,23,38,6021,5193,11214,2022-11-30T23:00:00Z
11,475,Velika,325,329,654,26,18,44,21,4,25,2,3,5,52,44,96,0,0,0,0,2,2,426,400,826,2022-11-30T23:00:00Z
11,58,Čaglin,108,161,269,9,1,10,15,4,19,0,1,1,12,11,23,0,0,0,0,0,0,144,178,322,2022-11-30T23:00:00Z
12,10,Bebrina,45,72,117,15,8,23,18,5,23,2,0,2,10,11,21,0,0,0,1,0,1,91,96,187,2022-11-30T23:00:00Z
12,118,Garčin,131,151,282,31,10,41,34,18,52,0,0,0,27,30,57,0,0,0,0,2,2,223,211,434,2022-11-30T23:00:00Z
12,127,Gornji Bogićevci,51,43,94,12,2,14,11,2,13,0,0,0,19,26,45,0,0,0,0,0,0,93,73,166,2022-11-30T23:00:00Z
12,140,Gundinci,100,38,138,13,4,17,49,22,71,0,0,0,14,9,23,0,0,0,0,0,0,176,73,249,2022-11-30T23:00:00Z
12,185,Klakar,87,58,145,13,3,16,25,4,29,0,1,1,11,18,29,0,0,0,1,0,1,137,84,221,2022-11-30T23:00:00Z
12,284,Nova Gradiška,2259,2165,4424,147,96,243,26,19,45,21,19,40,281,312,593,0,0,0,1,4,5,2735,2615,5350,2022-11-30T23:00:00Z
12,285,Nova Kapela,156,214,370,27,19,46,23,7,30,2,3,5,49,49,98,0,0,0,1,0,1,258,292,550,2022-11-30T23:00:00Z
12,299,Okučani,221,156,377,33,9,42,11,2,13,0,0,0,44,18,62,0,0,0,1,3,4,310,188,498,2022-11-30T23:00:00Z
12,303,Oprisavci,289,181,470,11,1,12,35,11,46,1,0,1,8,19,27,0,0,0,0,0,0,344,212,556,2022-11-30T23:00:00Z
12,309,Oriovac,300,306,606,41,21,62,21,12,33,2,2,4,60,50,110,0,0,0,2,1,3,426,392,818,2022-11-30T23:00:00Z
12,338,Podcrkavlje,31,38,69,17,2,19,6,3,9,0,1,1,19,5,24,0,0,0,0,0,0,73,49,122,2022-11-30T23:00:00Z
12,372,Rešetari,204,207,411,39,8,47,18,7,25,3,1,4,88,48,136,0,0,0,0,0,0,352,271,623,2022-11-30T23:00:00Z
12,388,Sibinj,164,203,367,62,20,82,17,1,18,0,0,0,67,36,103,0,0,0,2,4,6,312,264,576,2022-11-30T23:00:00Z
12,39,Brodski Stupnik,70,82,152,14,9,23,9,3,12,2,0,2,69,36,105,0,0,0,0,0,0,164,130,294,2022-11-30T23:00:00Z
12,396,Slavonski Brod,13985,9489,23474,645,361,1006,42,27,69,74,87,161,910,959,1869,0,0,0,10,19,29,15666,10942,26608,2022-11-30T23:00:00Z
12,397,Slavonski Šamac,84,58,142,10,4,14,16,10,26,0,1,1,15,6,21,0,0,0,0,0,0,125,79,204,2022-11-30T23:00:00Z
12,412,Stara Gradiška,163,97,260,6,3,9,8,3,11,0,0,0,25,10,35,0,0,0,0,1,1,202,114,316,2022-11-30T23:00:00Z
12,418,Staro Petrovo Selo,212,142,354,36,13,49,41,16,57,1,1,2,102,52,154,0,0,0,0,2,2,392,226,618,2022-11-30T23:00:00Z
12,46,Cernik,134,181,315,40,12,52,8,7,15,4,2,6,56,31,87,0,0,0,0,1,1,242,234,476,2022-11-30T23:00:00Z
12,476,Velika Kopanica,186,116,302,31,10,41,31,17,48,1,1,2,34,27,61,0,0,0,0,2,2,283,173,456,2022-11-30T23:00:00Z
12,506,Vrbje,41,34,75,10,1,11,18,2,20,0,0,0,23,25,48,0,0,0,0,0,0,92,62,154,2022-11-30T23:00:00Z
12,514,Vrpolje,216,115,331,29,5,34,46,16,62,0,2,2,19,18,37,0,0,0,0,1,1,310,157,467,2022-11-30T23:00:00Z
12,567,Bukovlje,106,64,170,20,10,30,0,0,0,0,0,0,11,14,25,0,0,0,0,1,1,137,89,226,2022-11-30T23:00:00Z
12,568,Dragalić,25,32,57,8,0,8,6,2,8,0,0,0,6,8,14,0,0,0,0,1,1,45,43,88,2022-11-30T23:00:00Z
12,569,Gornja Vrba,387,139,526,17,6,23,1,1,2,1,1,2,22,26,48,0,0,0,0,0,0,428,173,601,2022-11-30T23:00:00Z
12,570,Sikirevci,38,48,86,21,7,28,37,16,53,0,0,0,12,10,22,0,0,0,1,2,3,109,83,192,2022-11-30T23:00:00Z
12,68,Davor,126,94,220,15,6,21,13,4,17,1,0,1,15,21,36,0,0,0,0,0,0,170,125,295,2022-11-30T23:00:00Z
12,81,Donji Andrijevci,136,128,264,26,12,38,20,5,25,0,1,1,29,14,43,0,0,0,0,0,0,211,160,371,2022-11-30T23:00:00Z
13,131,Gračac,263,286,549,19,15,34,69,30,99,2,1,3,51,42,93,0,0,0,4,2,6,408,376,784,2022-11-30T23:00:00Z
13,167,Jasenice,166,83,249,13,3,16,8,3,11,1,0,1,14,6,20,0,0,0,0,3,3,202,98,300,2022-11-30T23:00:00Z
13,17,Benkovac,1145,1115,2260,112,40,152,103,58,161,12,8,20,223,112,335,0,0,0,5,7,12,1600,1340,2940,2022-11-30T23:00:00Z
13,173,Kali,280,110,390,25,16,41,2,1,3,10,0,10,58,29,87,0,0,0,2,1,3,377,157,534,2022-11-30T23:00:00Z
13,20,Bibinje,216,196,412,62,23,85,4,1,5,3,2,5,75,56,131,0,0,0,0,2,2,360,280,640,2022-11-30T23:00:00Z
13,22,Biograd Na Moru,1142,1402,2544,134,65,199,28,15,43,16,7,23,148,194,342,0,0,0,11,19,30,1479,1702,3181,2022-11-30T23:00:00Z
13,234,Lišane Ostrovičke,25,31,56,9,3,12,0,1,1,0,0,0,11,9,20,0,0,0,0,0,0,45,44,89,2022-11-30T23:00:00Z
13,282,Nin,485,390,875,46,16,62,9,5,14,5,1,6,44,31,75,0,0,0,25,19,44,614,462,1076,2022-11-30T23:00:00Z
13,296,Obrovac,369,241,610,34,11,45,35,7,42,4,3,7,16,35,51,0,0,0,5,5,10,463,302,765,2022-11-30T23:00:00Z
13,316,Pag,494,424,918,59,24,83,36,13,49,5,5,10,59,47,106,0,0,0,12,16,28,665,529,1194,2022-11-30T23:00:00Z
13,317,Pakoštane,356,321,677,57,22,79,9,13,22,7,2,9,97,54,151,0,0,0,27,31,58,553,443,996,2022-11-30T23:00:00Z
13,320,Pašman,116,106,222,42,11,53,3,4,7,15,0,15,41,21,62,0,0,0,3,2,5,220,144,364,2022-11-30T23:00:00Z
13,344,Polača,106,75,181,18,7,25,5,1,6,4,0,4,12,16,28,0,0,0,1,4,5,146,103,249,2022-11-30T23:00:00Z
13,345,Poličnik,503,397,900,54,8,62,10,8,18,7,2,9,43,26,69,0,0,0,1,1,2,618,442,1060,2022-11-30T23:00:00Z
13,349,Posedarje,139,206,345,41,16,57,4,9,13,9,1,10,33,31,64,0,0,0,1,3,4,227,266,493,2022-11-30T23:00:00Z
13,354,Preko,269,443,712,53,14,67,5,3,8,26,3,29,41,22,63,0,0,0,3,9,12,397,494,891,2022-11-30T23:00:00Z
13,371,Ražanac,85,97,182,25,7,32,7,5,12,11,0,11,29,14,43,0,0,0,3,0,3,160,123,283,2022-11-30T23:00:00Z
13,379,Sali,174,143,317,41,13,54,5,2,7,7,2,9,29,19,48,0,0,0,3,5,8,259,184,443,2022-11-30T23:00:00Z
13,411,Stankovci,235,142,377,35,7,42,6,3,9,2,1,3,28,15,43,0,0,0,0,4,4,306,172,478,2022-11-30T23:00:00Z
13,416,Starigrad,128,142,270,43,28,71,8,3,11,0,0,0,32,36,68,0,0,0,3,12,15,214,221,435,2022-11-30T23:00:00Z
13,425,Sukošan,427,305,732,64,20,84,11,5,16,5,1,6,54,56,110,0,0,0,1,8,9,562,395,957,2022-11-30T23:00:00Z
13,428,Sveti Filip I Jakov,221,360,581,39,17,56,8,4,12,14,4,18,37,42,79,0,0,0,3,7,10,322,434,756,2022-11-30T23:00:00Z
13,445,Škabrnje,85,70,155,28,3,31,4,1,5,1,1,2,12,9,21,0,0,0,1,3,4,131,87,218,2022-11-30T23:00:00Z
13,489,Vir,281,270,551,56,15,71,1,2,3,2,1,3,38,40,78,0,0,0,5,1,6,383,329,712,2022-11-30T23:00:00Z
13,520,Zadar,15009,16294,31303,1122,645,1767,42,25,67,660,209,869,1303,1389,2692,4,0,4,142,135,277,18282,18697,36979,2022-11-30T23:00:00Z
13,525,Zemunik Donji,134,176,310,19,8,27,4,3,7,0,0,0,29,11,40,0,0,0,53,87,140,239,285,524,2022-11-30T23:00:00Z
13,537,Novigrad,67,91,158,27,1,28,6,6,12,4,1,5,28,12,40,0,0,0,3,4,7,135,115,250,2022-11-30T23:00:00Z
13,571,Galovac,38,64,102,15,1,16,3,5,8,3,3,6,11,10,21,0,0,0,0,2,2,70,85,155,2022-11-30T23:00:00Z
13,572,Kukljica,43,42,85,18,1,19,1,0,1,3,1,4,23,6,29,0,0,0,1,0,1,89,50,139,2022-11-30T23:00:00Z
13,573,Povljana,45,35,80,14,6,20,5,1,6,5,0,5,8,7,15,0,0,0,1,4,5,78,53,131,2022-11-30T23:00:00Z
13,574,Privlaka,130,132,262,16,12,28,0,2,2,7,0,7,22,11,33,0,0,0,5,2,7,180,159,339,2022-11-30T23:00:00Z
13,575,Tkon,97,60,157,23,8,31,2,2,4,2,0,2,45,22,67,0,0,0,0,1,1,169,93,262,2022-11-30T23:00:00Z
13,622,Kolan,150,86,236,19,3,22,5,2,7,1,0,1,19,14,33,0,0,0,4,8,12,198,113,311,2022-11-30T23:00:00Z
13,625,Vrsi,120,56,176,16,9,25,5,3,8,15,0,15,28,26,54,0,0,0,3,1,4,187,95,282,2022-11-30T23:00:00Z
14,103,Đakovo,2863,2856,5719,489,222,711,219,91,310,28,35,63,631,576,1207,0,0,0,11,17,28,4241,3797,8038,2022-11-30T23:00:00Z
14,106,Đurđenovac,532,515,1047,43,12,55,19,15,34,0,3,3,63,43,106,0,0,0,4,0,4,661,588,1249,2022-11-30T23:00:00Z
14,110,Erdut,333,264,597,36,18,54,58,15,73,2,4,6,56,38,94,0,0,0,0,1,1,485,340,825,2022-11-30T23:00:00Z
14,111,Ernestinovo,71,210,281,4,3,7,24,7,31,2,1,3,9,12,21,0,0,0,0,0,0,110,233,343,2022-11-30T23:00:00Z
14,116,Feričanci,123,111,234,24,6,30,3,0,3,0,1,1,40,15,55,0,0,0,0,0,0,190,133,323,2022-11-30T23:00:00Z
14,124,Gorjani,112,155,267,17,6,23,13,7,20,0,0,0,11,6,17,0,0,0,0,0,0,153,174,327,2022-11-30T23:00:00Z
14,13,Beli Manastir,1084,1193,2277,93,46,139,76,35,111,10,12,22,134,104,238,0,0,0,3,1,4,1400,1391,2791,2022-11-30T23:00:00Z
14,16,Belišće,1684,650,2334,70,35,105,27,9,36,2,8,10,86,91,177,0,0,0,1,1,2,1870,794,2664,2022-11-30T23:00:00Z
14,195,Kneževi Vinogradi,209,284,493,33,7,40,34,8,42,1,2,3,64,65,129,0,0,0,1,1,2,342,367,709,2022-11-30T23:00:00Z
14,2,Antunovac,180,194,374,36,13,49,12,6,18,0,1,1,18,15,33,0,0,0,0,0,0,246,229,475,2022-11-30T23:00:00Z
14,205,Koška,184,134,318,26,6,32,29,7,36,2,3,5,30,24,54,0,0,0,5,3,8,276,177,453,2022-11-30T23:00:00Z
14,21,Bilje,295,302,597,45,24,69,20,12,32,1,6,7,58,36,94,0,0,0,0,1,1,419,381,800,2022-11-30T23:00:00Z
14,23,Bizovac,235,221,456,21,12,33,25,9,34,2,3,5,24,28,52,0,0,0,5,12,17,312,285,597,2022-11-30T23:00:00Z
14,230,Levanjska Varoš,41,29,70,2,1,3,10,7,17,0,0,0,1,3,4,0,0,0,0,0,0,54,40,94,2022-11-30T23:00:00Z
14,257,Marijanci,93,79,172,6,5,11,11,0,11,0,0,0,14,23,37,0,0,0,1,1,2,125,108,233,2022-11-30T23:00:00Z
14,271,Moslavina Podravska,18,21,39,4,2,6,15,5,20,0,0,0,16,12,28,0,0,0,0,0,0,53,40,93,2022-11-30T23:00:00Z
14,278,Našice,2211,1821,4032,183,98,281,62,31,93,22,46,68,247,214,461,0,0,0,15,9,24,2740,2219,4959,2022-11-30T23:00:00Z
14,312,Osijek,24292,22600,46892,958,681,1639,120,48,168,167,188,355,760,1146,1906,1,1,2,32,44,76,26330,24708,51038,2022-11-30T23:00:00Z
14,325,Petlovac,52,37,89,6,4,10,13,0,13,0,0,0,16,8,24,0,0,0,0,0,0,87,49,136,2022-11-30T23:00:00Z
14,327,Petrijevci,277,211,488,19,4,23,5,4,9,0,0,0,8,6,14,0,0,0,1,2,3,310,227,537,2022-11-30T23:00:00Z
14,340,Podgorač,114,75,189,23,6,29,26,4,30,1,3,4,20,32,52,0,0,0,0,0,0,184,120,304,2022-11-30T23:00:00Z
14,346,Popovac,59,45,104,2,3,5,5,4,9,0,0,0,4,3,7,0,0,0,0,0,0,70,55,125,2022-11-30T23:00:00Z
14,361,Punitovci,47,60,107,22,4,26,16,4,20,0,0,0,39,8,47,0,0,0,0,0,0,124,76,200,2022-11-30T23:00:00Z
14,381,Satnica Đakovačka,128,91,219,20,7,27,10,3,13,0,0,0,46,26,72,0,0,0,0,0,0,204,127,331,2022-11-30T23:00:00Z
14,386,Semeljci,200,225,425,47,16,63,54,24,78,2,1,3,81,39,120,0,0,0,0,1,1,384,306,690,2022-11-30T23:00:00Z
14,421,Strizivojna,320,315,635,18,8,26,16,3,19,0,0,0,18,14,32,0,0,0,1,1,2,373,341,714,2022-11-30T23:00:00Z
14,461,Trnava,57,58,115,6,1,7,13,6,19,0,0,0,13,4,17,0,0,0,0,0,0,89,69,158,2022-11-30T23:00:00Z
14,471,Valpovo,841,1065,1906,82,61,143,50,17,67,14,19,33,84,108,192,0,0,0,6,11,17,1077,1281,2358,2022-11-30T23:00:00Z
14,485,Viljevo,54,58,112,10,0,10,20,4,24,0,0,0,16,10,26,0,0,0,0,1,1,100,73,173,2022-11-30T23:00:00Z
14,494,Viškovci,210,198,408,24,5,29,15,5,20,0,0,0,20,4,24,0,0,0,1,0,1,270,212,482,2022-11-30T23:00:00Z
14,517,Vuka,34,71,105,17,2,19,14,4,18,0,0,0,21,11,32,0,0,0,0,0,0,86,88,174,2022-11-30T23:00:00Z
14,576,Donja Motičina,25,13,38,9,3,12,1,1,2,0,1,1,17,9,26,0,0,0,0,0,0,52,27,79,2022-11-30T23:00:00Z
14,578,Magadenovac,96,101,197,4,2,6,23,9,32,0,1,1,18,16,34,0,0,0,0,0,0,141,129,270,2022-11-30T23:00:00Z
14,579,Vladislavci,118,123,241,2,0,2,6,5,11,0,0,0,8,3,11,0,0,0,0,0,0,134,131,265,2022-11-30T23:00:00Z
14,609,Jagodnjak,97,71,168,7,2,9,24,6,30,0,0,0,11,5,16,0,0,0,0,1,1,139,85,224,2022-11-30T23:00:00Z
14,614,Šodolovci,25,10,35,0,0,0,0,0,0,0,0,0,4,4,8,0,0,0,0,0,0,29,14,43,2022-11-30T23:00:00Z
14,64,Čeminac,60,73,133,11,0,11,4,2,6,0,0,0,27,11,38,0,0,0,0,0,0,102,86,188,2022-11-30T23:00:00Z
14,65,Čepin,739,529,1268,100,40,140,58,28,86,5,10,15,106,97,203,0,0,0,2,1,3,1010,705,1715,2022-11-30T23:00:00Z
14,66,Darda,1711,825,2536,58,30,88,35,4,39,2,4,6,61,53,114,0,0,0,1,1,2,1868,917,2785,2022-11-30T23:00:00Z
14,86,Donji Miholjac,1172,1026,2198,96,58,154,163,38,201,6,14,20,160,115,275,0,0,0,3,0,3,1600,1251,2851,2022-11-30T23:00:00Z
14,91,Draž,75,97,172,11,3,14,14,4,18,0,0,0,8,12,20,0,0,0,0,1,1,108,117,225,2022-11-30T23:00:00Z
14,94,Drenje,98,118,216,31,5,36,45,11,56,0,0,0,15,15,30,0,0,0,0,0,0,189,149,338,2022-11-30T23:00:00Z
15,113,Ervenik,46,60,106,3,0,3,4,1,5,0,0,0,4,2,6,0,0,0,0,0,0,57,63,120,2022-11-30T23:00:00Z
15,183,Kijevo,28,30,58,2,0,2,0,0,0,0,0,0,0,0,0,0,0,0,0,0,0,30,30,60,2022-11-30T23:00:00Z
15,184,Kistanje,60,75,135,16,5,21,1,2,3,1,0,1,12,8,20,0,0,0,0,0,0,90,90,180,2022-11-30T23:00:00Z
15,196,Knin,1329,1473,2802,127,69,196,61,17,78,30,6,36,161,151,312,0,0,0,2,2,4,1710,1718,3428,2022-11-30T23:00:00Z
15,298,Promina,119,85,204,2,1,3,1,2,3,0,0,0,1,1,2,0,0,0,0,0,0,123,89,212,2022-11-30T23:00:00Z
15,310,Biskupija,113,25,138,1,0,1,2,0,2,1,0,1,0,0,0,0,0,0,0,0,0,117,25,142,2022-11-30T23:00:00Z
15,357,Primošten,249,299,548,99,29,128,8,3,11,5,3,8,36,27,63,0,1,1,4,8,12,401,370,771,2022-11-30T23:00:00Z
15,377,Ružić,31,33,64,4,0,4,6,5,11,0,0,0,4,7,11,0,0,0,0,0,0,45,45,90,2022-11-30T23:00:00Z
15,394,Skradin,118,154,272,45,12,57,20,9,29,2,2,4,27,28,55,0,0,0,1,4,5,213,209,422,2022-11-30T23:00:00Z
15,444,Šibenik,8021,8445,16466,663,342,1005,38,14,52,198,95,293,606,674,1280,0,0,0,31,55,86,9557,9625,19182,2022-11-30T23:00:00Z
15,454,Tisno,322,269,591,95,32,127,5,0,5,9,2,11,43,38,81,0,0,0,6,8,14,480,349,829,2022-11-30T23:00:00Z
15,469,Unešić,47,73,120,11,0,11,3,1,4,1,0,1,15,6,21,0,0,0,0,0,0,77,80,157,2022-11-30T23:00:00Z
15,500,Vodice,993,995,1988,282,104,386,12,3,15,14,8,22,232,152,384,0,0,0,18,47,65,1551,1309,2860,2022-11-30T23:00:00Z
15,51,Civljane,53,8,61,1,1,2,0,0,0,0,0,0,3,3,6,0,0,0,0,0,0,57,12,69,2022-11-30T23:00:00Z
15,581,Pirovac,147,166,313,34,17,51,6,5,11,3,2,5,52,36,88,0,0,0,0,0,0,242,226,468,2022-11-30T23:00:00Z
15,582,Rogoznica,261,244,505,46,11,57,1,1,2,5,2,7,44,37,81,0,0,0,3,3,6,360,298,658,2022-11-30T23:00:00Z
15,617,Murter,260,261,521,53,28,81,3,1,4,21,3,24,66,44,110,0,0,0,8,13,21,411,350,761,2022-11-30T23:00:00Z
15,621,Bilice,92,47,139,23,6,29,0,0,0,7,0,7,21,13,34,0,0,0,0,0,0,143,66,209,2022-11-30T23:00:00Z
15,626,Tribunj,83,96,179,19,10,29,1,0,1,4,0,4,56,33,89,0,0,0,0,0,0,163,139,302,2022-11-30T23:00:00Z
15,95,Drniš,949,678,1627,67,57,124,54,22,76,6,6,12,99,84,183,0,0,0,0,3,3,1175,850,2025,2022-11-30T23:00:00Z
16,1,Andrijaševci,74,126,200,27,13,40,12,5,17,1,1,2,35,28,63,0,0,0,1,3,4,150,176,326,2022-11-30T23:00:00Z
16,137,Gradište,76,108,184,17,4,21,30,5,35,0,1,1,16,17,33,0,0,0,0,1,1,139,136,275,2022-11-30T23:00:00Z
16,141,Gunja,207,139,346,28,10,38,46,15,61,1,0,1,34,10,44,0,0,0,1,2,3,317,176,493,2022-11-30T23:00:00Z
16,154,Ilok,463,568,1031,71,25,96,47,16,63,0,3,3,105,92,197,0,0,0,0,0,0,686,704,1390,2022-11-30T23:00:00Z
16,159,Ivankovo,376,419,795,72,29,101,51,13,64,1,5,6,119,77,196,0,0,0,3,3,6,622,546,1168,2022-11-30T23:00:00Z
16,166,Jarmina,29,93,122,16,9,25,31,12,43,0,2,2,19,15,34,0,0,0,1,3,4,96,134,230,2022-11-30T23:00:00Z
16,239,Lovas,59,83,142,6,0,6,14,0,14,0,0,0,4,3,7,0,0,0,0,0,0,83,86,169,2022-11-30T23:00:00Z
16,26,Bogdanovci,37,17,54,3,0,3,7,5,12,0,0,0,17,6,23,0,0,0,0,0,0,64,28,92,2022-11-30T23:00:00Z
16,29,Borovo,66,99,165,50,14,64,26,3,29,1,3,4,57,76,133,0,0,0,2,3,5,202,198,400,2022-11-30T23:00:00Z
16,294,Nuštar,255,294,549,33,21,54,24,5,29,2,2,4,39,28,67,0,0,0,0,0,0,353,350,703,2022-11-30T23:00:00Z
16,295,Nijemci,200,222,422,25,6,31,85,24,109,0,1,1,59,36,95,0,0,0,0,1,1,369,290,659,2022-11-30T23:00:00Z
16,3,Babina Greda,181,196,377,33,15,48,80,26,106,3,0,3,33,35,68,0,0,0,1,0,1,331,272,603,2022-11-30T23:00:00Z
16,32,Bošnjaci,118,138,256,24,6,30,33,5,38,2,0,2,29,35,64,0,0,0,0,0,0,206,184,390,2022-11-30T23:00:00Z
16,414,Stari Jankovci,165,144,309,24,4,28,41,9,50,1,0,1,26,16,42,0,0,0,1,1,2,258,174,432,2022-11-30T23:00:00Z
16,415,Stari Mikanovci,87,148,235,19,10,29,25,12,37,3,1,4,33,42,75,0,0,0,0,0,0,167,213,380,2022-11-30T23:00:00Z
16,44,Cerna,441,246,687,46,25,71,55,19,74,2,1,3,68,71,139,0,0,0,1,0,1,613,362,975,2022-11-30T23:00:00Z
16,456,Tompojevci,20,35,55,15,4,19,38,10,48,0,0,0,13,13,26,0,0,0,1,0,1,87,62,149,2022-11-30T23:00:00Z
16,458,Tordinci,100,86,186,6,2,8,10,0,10,1,0,1,7,13,20,0,0,0,0,0,0,124,101,225,2022-11-30T23:00:00Z
16,459,Tovarnik,157,153,310,18,3,21,48,23,71,1,1,2,9,15,24,0,0,0,4,1,5,237,196,433,2022-11-30T23:00:00Z
16,464,Trpinja,115,194,309,25,10,35,79,17,96,1,0,1,35,16,51,0,0,0,0,0,0,255,237,492,2022-11-30T23:00:00Z
16,487,Vinkovci,8044,6409,14453,304,197,501,47,22,69,57,49,106,452,634,1086,1,0,1,10,14,24,8915,7325,16240,2022-11-30T23:00:00Z
16,505,Vrbanja,309,128,437,29,13,42,65,17,82,1,1,2,37,32,69,0,0,0,0,1,1,441,192,633,2022-11-30T23:00:00Z
16,518,Vukovar,4423,4661,9084,304,153,457,102,40,142,24,24,48,430,410,840,0,0,0,2,6,8,5285,5294,10579,2022-11-30T23:00:00Z
16,534,Županja,1997,1538,3535,140,57,197,39,17,56,21,20,41,167,184,351,1,0,1,3,3,6,2368,1819,4187,2022-11-30T23:00:00Z
16,535,Otok (Vinkovci),395,299,694,35,19,54,60,12,72,7,1,8,74,51,125,0,0,0,0,1,1,571,383,954,2022-11-30T23:00:00Z
16,583,Privlaka,98,105,203,19,6,25,23,7,30,0,2,2,13,19,32,0,0,0,0,0,0,153,139,292,2022-11-30T23:00:00Z
16,584,Vođinci,46,155,201,14,2,16,7,6,13,0,1,1,14,15,29,0,0,0,0,0,0,81,179,260,2022-11-30T23:00:00Z
16,610,Markušica,39,71,110,11,4,15,52,14,66,0,1,1,13,10,23,0,0,0,1,0,1,116,100,216,2022-11-30T23:00:00Z
16,612,Negoslavci,30,33,63,6,1,7,12,3,15,1,0,1,14,11,25,0,0,0,0,0,0,63,48,111,2022-11-30T23:00:00Z
16,628,Štitar,79,81,160,6,1,7,14,3,17,0,0,0,11,3,14,0,0,0,0,0,0,110,88,198,2022-11-30T23:00:00Z
16,92,Drenovci,102,184,286,38,4,42,109,38,147,1,1,2,40,48,88,0,0,0,0,0,0,290,275,565,2022-11-30T23:00:00Z
17,100,Dugi Rat,620,630,1250,79,27,106,0,2,2,28,3,31,142,100,242,0,0,0,20,13,33,889,775,1664,2022-11-30T23:00:00Z
17,134,Gradac,134,165,299,41,14,55,4,1,5,4,1,5,19,25,44,0,0,0,9,22,31,211,228,439,2022-11-30T23:00:00Z
17,148,Hrvace,301,193,494,44,18,62,8,7,15,1,3,4,57,36,93,0,0,0,1,2,3,412,259,671,2022-11-30T23:00:00Z
17,153,Hvar,549,540,1089,175,68,243,17,11,28,17,5,22,137,121,258,3,0,3,54,60,114,952,805,1757,2022-11-30T23:00:00Z
17,155,Imotski,1396,1367,2763,172,92,264,11,7,18,28,14,42,135,174,309,0,0,0,8,13,21,1750,1667,3417,2022-11-30T23:00:00Z
17,171,Jelsa,332,303,635,77,24,101,38,17,55,8,0,8,95,45,140,0,0,0,19,10,29,569,399,968,2022-11-30T23:00:00Z
17,181,Kaštela,3558,3874,7432,503,255,758,22,14,36,126,38,164,495,519,1014,0,0,0,74,40,114,4778,4740,9518,2022-11-30T23:00:00Z
17,192,Klis,244,213,457,32,7,39,7,3,10,20,3,23,54,25,79,0,0,0,1,3,4,358,254,612,2022-11-30T23:00:00Z
17,197,Komiža,128,128,256,59,16,75,4,1,5,3,2,5,24,21,45,0,0,0,13,14,27,231,182,413,2022-11-30T23:00:00Z
17,243,Lovreć,138,94,232,16,6,22,4,0,4,1,0,1,39,13,52,0,0,0,2,2,4,200,115,315,2022-11-30T23:00:00Z
17,249,Makarska,2470,2471,4941,254,158,412,5,1,6,46,31,77,336,332,668,1,0,1,72,118,190,3184,3111,6295,2022-11-30T23:00:00Z
17,258,Marina,203,242,445,60,23,83,5,5,10,8,0,8,40,44,84,1,0,1,2,0,2,319,314,633,2022-11-30T23:00:00Z
17,267,Milna,86,80,166,28,4,32,6,2,8,1,0,1,18,18,36,0,0,0,2,3,5,141,107,248,2022-11-30T23:00:00Z
17,27,Bol,302,353,655,44,18,62,4,2,6,4,2,6,55,24,79,0,0,0,6,7,13,415,406,821,2022-11-30T23:00:00Z
17,280,Nerežišća,146,60,206,18,2,20,3,1,4,0,0,0,28,18,46,0,0,0,0,0,0,195,81,276,2022-11-30T23:00:00Z
17,300,Omiš,1512,1677,3189,233,94,327,12,6,18,39,17,56,275,251,526,0,0,0,10,37,47,2081,2082,4163,2022-11-30T23:00:00Z
17,314,Otok,198,181,379,67,21,88,12,0,12,1,1,2,86,54,140,0,0,0,1,2,3,365,259,624,2022-11-30T23:00:00Z
17,337,Podbablje,292,193,485,39,4,43,5,0,5,2,1,3,17,33,50,0,0,0,1,3,4,356,234,590,2022-11-30T23:00:00Z
17,339,Podgora,199,185,384,45,12,57,1,1,2,1,1,2,30,19,49,0,0,0,37,31,68,313,249,562,2022-11-30T23:00:00Z
17,341,Podstrana,832,721,1553,64,21,85,15,3,18,54,3,57,66,96,162,1,0,1,7,19,26,1039,863,1902,2022-11-30T23:00:00Z
17,350,Postira,272,234,506,30,17,47,9,2,11,1,3,4,15,8,23,0,0,0,1,1,2,328,265,593,2022-11-30T23:00:00Z
17,358,Pučišća,222,142,364,52,7,59,11,5,16,2,0,2,36,12,48,0,0,0,3,2,5,326,168,494,2022-11-30T23:00:00Z
17,382,Seget,475,390,865,37,8,45,6,3,9,7,3,10,177,66,243,0,0,0,12,13,25,714,483,1197,2022-11-30T23:00:00Z
17,383,Selca,141,116,257,43,15,58,10,5,15,4,1,5,68,26,94,0,0,0,1,2,3,267,165,432,2022-11-30T23:00:00Z
17,389,Sinj,1981,2060,4041,333,149,482,59,20,79,42,38,80,326,366,692,0,0,0,5,12,17,2746,2645,5391,2022-11-30T23:00:00Z
17,406,Solin,3598,3107,6705,265,162,427,12,6,18,129,40,169,304,300,604,0,0,0,16,14,30,4324,3629,7953,2022-11-30T23:00:00Z
17,409,Split,35041,38797,73838,1629,1163,2792,67,41,108,2235,438,2673,1516,2152,3668,7,2,9,211,229,440,40706,42822,83528,2022-11-30T23:00:00Z
17,413,Stari Grad,334,324,658,64,20,84,20,14,34,7,4,11,45,33,78,0,0,0,16,22,38,486,417,903,2022-11-30T23:00:00Z
17,423,Sućuraj,22,23,45,22,2,24,2,1,3,0,0,0,14,6,20,0,0,0,0,1,1,60,33,93,2022-11-30T23:00:00Z
17,427,Supetar,598,780,1378,120,60,180,18,8,26,23,9,32,111,119,230,0,0,0,10,4,14,880,980,1860,2022-11-30T23:00:00Z
17,443,Šestanovac,156,155,311,31,7,38,11,1,12,1,2,3,16,27,43,0,0,0,2,0,2,217,192,409,2022-11-30T23:00:00Z
17,447,Šolta,173,125,298,16,8,24,9,3,12,7,0,7,9,11,20,0,0,0,9,13,22,223,160,383,2022-11-30T23:00:00Z
17,460,Trilj,511,565,1076,142,36,178,18,9,27,13,2,15,102,126,228,0,0,0,1,6,7,787,744,1531,2022-11-30T23:00:00Z
17,463,Trogir,1886,1890,3776,324,151,475,14,4,18,70,37,107,283,384,667,0,0,0,26,74,100,2603,2540,5143,2022-11-30T23:00:00Z
17,492,Vis,233,257,490,45,11,56,14,4,18,3,2,5,35,23,58,0,0,0,20,14,34,350,311,661,2022-11-30T23:00:00Z
17,50,Cista Provo,119,151,270,26,4,30,7,0,7,0,0,0,5,10,15,0,0,0,0,3,3,157,168,325,2022-11-30T23:00:00Z
17,511,Vrgorac,976,755,1731,53,27,80,26,13,39,5,6,11,42,71,113,0,0,0,2,10,12,1104,882,1986,2022-11-30T23:00:00Z
17,513,Vrlika,99,220,319,16,5,21,13,5,18,1,0,1,29,9,38,0,0,0,1,0,1,159,239,398,2022-11-30T23:00:00Z
17,522,Zagvozd,137,80,217,17,2,19,2,0,2,1,0,1,12,7,19,0,0,0,0,0,0,169,89,258,2022-11-30T23:00:00Z
17,528,Zmijavci,97,112,209,9,4,13,2,1,3,3,0,3,29,12,41,0,0,0,0,1,1,140,130,270,2022-11-30T23:00:00Z
17,585,Dugopolje,1606,914,2520,44,11,55,4,4,8,9,2,11,52,24,76,0,0,0,0,0,0,1715,955,2670,2022-11-30T23:00:00Z
17,586,Lećevica,9,42,51,7,0,7,1,1,2,2,0,2,2,0,2,0,0,0,1,0,1,22,43,65,2022-11-30T23:00:00Z
17,587,Lokvičići,31,19,50,2,0,2,2,0,2,0,0,0,1,1,2,0,0,0,1,0,1,37,20,57,2022-11-30T23:00:00Z
17,588,Okrug,148,223,371,36,14,50,2,0,2,13,5,18,107,28,135,0,0,0,9,15,24,315,285,600,2022-11-30T23:00:00Z
17,589,Prgomet,31,26,57,7,0,7,1,1,2,1,0,1,1,0,1,0,0,0,1,0,1,42,27,69,2022-11-30T23:00:00Z
17,590,Primorski Dolac,15,57,72,4,1,5,1,1,2,1,1,2,2,4,6,0,0,0,0,0,0,23,64,87,2022-11-30T23:00:00Z
17,591,Runovići,71,97,168,15,1,16,0,2,2,0,2,2,30,40,70,0,0,0,0,1,1,116,143,259,2022-11-30T23:00:00Z
17,592,Sutivan,94,69,163,13,7,20,5,1,6,10,1,11,18,10,28,0,0,0,3,3,6,143,91,234,2022-11-30T23:00:00Z
17,593,Tučepi,240,226,466,19,14,33,1,1,2,2,3,5,46,19,65,0,0,0,4,11,15,312,274,586,2022-11-30T23:00:00Z
17,595,Zadvarje,44,31,75,7,1,8,1,1,2,0,0,0,5,2,7,0,0,0,0,2,2,57,37,94,2022-11-30T23:00:00Z
17,72,Dicmo,442,190,632,35,17,52,5,2,7,4,1,5,30,39,69,0,0,0,1,0,1,517,249,766,2022-11-30T23:00:00Z
17,77,Brela,205,223,428,24,9,33,0,0,0,2,1,3,16,24,40,0,0,0,5,6,11,252,263,515,2022-11-30T23:00:00Z
17,87,Muć,174,202,376,21,3,24,2,4,6,3,4,7,9,7,16,0,0,0,0,1,1,209,221,430,2022-11-30T23:00:00Z
17,88,Proložac,190,164,354,18,6,24,1,4,5,0,0,0,34,23,57,0,0,0,4,2,6,247,199,446,2022-11-30T23:00:00Z
17,9,Baška Voda,222,223,445,52,25,77,1,0,1,5,2,7,46,44,90,0,0,0,12,20,32,338,314,652,2022-11-30T23:00:00Z
18,132,Gračišće,56,23,79,28,5,33,10,3,13,0,0,0,38,9,47,0,0,0,0,0,0,132,40,172,2022-11-30T23:00:00Z
18,138,Grožnjan,25,22,47,18,1,19,11,5,16,0,0,0,7,14,21,0,0,0,0,1,1,61,43,104,2022-11-30T23:00:00Z
18,175,Kanfanar,555,243,798,32,8,40,4,0,4,1,0,1,15,14,29,0,0,0,1,1,2,608,266,874,2022-11-30T23:00:00Z
18,217,Kršan,350,282,632,48,12,60,8,3,11,4,1,5,114,52,166,0,0,0,0,5,5,524,355,879,2022-11-30T23:00:00Z
18,222,Labin,2647,2383,5030,249,129,378,18,8,26,31,33,64,276,222,498,0,0,0,87,133,220,3308,2908,6216,2022-11-30T23:00:00Z
18,223,Lanišće,15,10,25,4,0,4,2,0,2,0,1,1,11,6,17,0,0,0,1,1,2,33,18,51,2022-11-30T23:00:00Z
18,235,Ližnjan,158,117,275,12,5,17,2,0,2,1,0,1,28,36,64,0,0,0,7,14,21,208,172,380,2022-11-30T23:00:00Z
18,246,Lupoglav,209,110,319,12,5,17,6,2,8,0,1,1,15,12,27,0,0,0,0,1,1,242,131,373,2022-11-30T23:00:00Z
18,254,Marčana,162,191,353,43,12,55,3,2,5,4,1,5,32,27,59,0,0,0,1,1,2,245,234,479,2022-11-30T23:00:00Z
18,263,Medulin,625,604,1229,67,38,105,5,2,7,7,6,13,91,99,190,0,0,0,33,50,83,828,799,1627,2022-11-30T23:00:00Z
18,274,Motovun,94,114,208,32,13,45,19,6,25,1,1,2,44,30,74,0,0,0,5,9,14,195,173,368,2022-11-30T23:00:00Z
18,291,Novigrad,912,1025,1937,121,52,173,17,4,21,3,9,12,108,97,205,0,0,0,11,32,43,1172,1219,2391,2022-11-30T23:00:00Z
18,304,Oprtalj,69,82,151,12,6,18,13,1,14,0,0,0,9,11,20,0,0,0,2,2,4,105,102,207,2022-11-30T23:00:00Z
18,321,Pazin,1958,1978,3936,310,128,438,56,26,82,16,23,39,303,207,510,0,0,0,4,12,16,2647,2374,5021,2022-11-30T23:00:00Z
18,330,Pićan,339,152,491,35,8,43,1,5,6,1,1,2,51,16,67,0,0,0,1,1,2,428,183,611,2022-11-30T23:00:00Z
18,348,Poreč,4755,4549,9304,663,335,998,47,17,64,51,51,102,489,445,934,1,1,2,148,143,291,6154,5541,11695,2022-11-30T23:00:00Z
18,359,Pula,13010,12636,25646,1303,708,2011,71,47,118,256,169,425,916,1023,1939,0,0,0,127,112,239,15683,14695,30378,2022-11-30T23:00:00Z
18,368,Raša,279,161,440,28,7,35,1,0,1,2,1,3,42,25,67,0,0,0,1,0,1,353,194,547,2022-11-30T23:00:00Z
18,374,Rovinj,3058,3396,6454,407,218,625,29,20,49,29,36,65,444,358,802,0,0,0,41,91,132,4008,4119,8127,2022-11-30T23:00:00Z
18,40,Brtonigla,135,100,235,42,13,55,20,9,29,1,1,2,44,49,93,0,0,0,1,3,4,243,175,418,2022-11-30T23:00:00Z
18,42,Buje,779,789,1568,113,45,158,26,13,39,6,8,14,63,55,118,0,0,0,2,3,5,989,913,1902,2022-11-30T23:00:00Z
18,43,Buzet,1631,1090,2721,174,66,240,25,12,37,7,5,12,123,106,229,0,0,0,5,6,11,1965,1285,3250,2022-11-30T23:00:00Z
18,431,Sveti Lovreč,61,55,116,21,10,31,2,0,2,0,1,1,36,16,52,0,0,0,0,1,1,120,83,203,2022-11-30T23:00:00Z
18,432,Sveta Nedelja,166,157,323,28,8,36,8,2,10,5,0,5,45,22,67,0,0,0,4,2,6,256,191,447,2022-11-30T23:00:00Z
18,433,Sveti Petar U Šumi,188,128,316,22,4,26,3,4,7,0,0,0,16,4,20,0,0,0,1,1,2,230,141,371,2022-11-30T23:00:00Z
18,435,Svetvinčenat,143,99,242,21,4,25,1,0,1,0,1,1,29,24,53,0,0,0,0,0,0,194,128,322,2022-11-30T23:00:00Z
18,453,Tinjan,193,105,298,39,7,46,6,1,7,1,3,4,51,31,82,0,0,0,1,1,2,291,148,439,2022-11-30T23:00:00Z
18,468,Umag,2706,2261,4967,397,169,566,30,15,45,33,31,64,299,307,606,0,0,0,31,51,82,3496,2834,6330,2022-11-30T23:00:00Z
18,47,Cerovlje,126,56,182,35,3,38,4,3,7,1,0,1,25,14,39,0,0,0,0,1,1,191,77,268,2022-11-30T23:00:00Z
18,497,Višnjan,297,268,565,45,9,54,11,3,14,1,0,1,94,38,132,0,0,0,2,0,2,450,318,768,2022-11-30T23:00:00Z
18,498,Vižinada,71,51,122,28,11,39,15,6,21,1,0,1,28,32,60,0,0,0,1,0,1,144,100,244,2022-11-30T23:00:00Z
18,5,Bale,145,117,262,21,23,44,2,2,4,0,0,0,38,14,52,0,0,0,3,1,4,209,157,366,2022-11-30T23:00:00Z
18,502,Vodnjan,839,641,1480,51,23,74,8,3,11,8,3,11,82,50,132,0,1,1,1,1,2,989,722,1711,2022-11-30T23:00:00Z
18,516,Vrsar,336,330,666,78,28,106,3,3,6,6,1,7,87,84,171,0,0,0,16,5,21,526,451,977,2022-11-30T23:00:00Z
18,531,Žminj,483,434,917,108,48,156,14,9,23,3,5,8,82,87,169,0,0,0,3,3,6,693,586,1279,2022-11-30T23:00:00Z
18,596,Karojba,125,92,217,32,5,37,2,1,3,0,0,0,49,10,59,0,1,1,0,0,0,208,109,317,2022-11-30T23:00:00Z
18,597,Kaštelir - Labinci,158,80,238,35,18,53,7,3,10,1,0,1,43,11,54,0,0,0,1,3,4,245,115,360,2022-11-30T23:00:00Z
18,6,Barban,249,105,354,44,5,49,13,6,19,0,1,1,26,24,50,0,0,0,2,2,4,334,143,477,2022-11-30T23:00:00Z
18,619,Fažana,286,253,539,30,14,44,0,2,2,4,4,8,28,28,56,0,0,0,0,3,3,348,304,652,2022-11-30T23:00:00Z
18,629,Funtana,121,115,236,17,8,25,1,1,2,1,0,1,22,31,53,0,0,0,9,6,15,171,161,332,2022-11-30T23:00:00Z
18,631,Tar-Vabriga,169,239,408,42,17,59,3,0,3,0,0,0,39,29,68,0,0,0,1,10,11,254,295,549,2022-11-30T23:00:00Z
19,198,Konavle,1265,939,2204,194,72,266,20,11,31,34,8,42,67,90,157,0,0,0,77,59,136,1657,1179,2836,2022-11-30T23:00:00Z
19,204,Korčula,651,864,1515,118,51,169,18,5,23,86,12,98,87,88,175,0,0,0,50,49,99,1010,1069,2079,2022-11-30T23:00:00Z
19,219,Kula Norinska,38,45,83,9,1,10,1,0,1,0,0,0,7,6,13,0,0,0,0,0,0,55,52,107,2022-11-30T23:00:00Z
19,226,Lastovo,61,91,152,27,7,34,3,2,5,5,0,5,12,4,16,0,0,0,3,6,9,111,110,221,2022-11-30T23:00:00Z
19,25,Blato,577,409,986,73,22,95,16,5,21,11,7,18,151,39,190,0,0,0,9,6,15,837,488,1325,2022-11-30T23:00:00Z
19,264,Metković,2144,1796,3940,179,124,303,37,21,58,48,18,66,321,255,576,0,0,0,7,19,26,2736,2233,4969,2022-11-30T23:00:00Z
19,268,Mljet,165,100,265,13,6,19,3,1,4,2,2,4,7,8,15,0,0,0,6,3,9,196,120,316,2022-11-30T23:00:00Z
19,306,Opuzen,451,438,889,31,18,49,53,22,75,5,1,6,26,33,59,0,0,0,2,0,2,568,512,1080,2022-11-30T23:00:00Z
19,308,Orebić,382,378,760,73,41,114,31,9,40,27,5,32,73,66,139,0,0,0,13,34,47,599,533,1132,2022-11-30T23:00:00Z
19,335,Ploče,1336,943,2279,89,56,145,29,8,37,22,7,29,93,114,207,0,0,0,2,4,6,1571,1132,2703,2022-11-30T23:00:00Z
19,343,Pojezerje,26,27,53,4,2,6,7,0,7,0,0,0,2,4,6,0,0,0,0,0,0,39,33,72,2022-11-30T23:00:00Z
19,399,Slivno,70,34,104,9,5,14,14,5,19,0,0,0,11,10,21,0,0,0,3,2,5,107,56,163,2022-11-30T23:00:00Z
19,402,Smokvica,28,67,95,14,3,17,19,5,24,12,0,12,34,8,42,0,0,0,5,12,17,112,95,207,2022-11-30T23:00:00Z
19,419,Ston,453,235,688,53,15,68,24,4,28,10,1,11,47,21,68,0,0,0,3,4,7,590,280,870,2022-11-30T23:00:00Z
19,474,Vela Luka,267,503,770,59,21,80,10,1,11,33,4,37,74,46,120,0,0,0,7,7,14,450,582,1032,2022-11-30T23:00:00Z
19,523,Zažablje,10,11,21,4,0,4,3,2,5,2,1,3,11,2,13,0,0,0,0,0,0,30,16,46,2022-11-30T23:00:00Z
19,598,Dubrovačko Primorje,146,105,251,26,5,31,4,5,9,6,2,8,45,16,61,0,0,0,2,4,6,229,137,366,2022-11-30T23:00:00Z
19,599,Janjina,51,61,112,12,3,15,11,3,14,2,1,3,10,10,20,0,0,0,4,2,6,90,80,170,2022-11-30T23:00:00Z
19,600,Lumbarda,47,50,97,35,11,46,11,1,12,5,0,5,21,17,38,0,0,0,10,15,25,129,94,223,2022-11-30T23:00:00Z
19,601,Trpanj,53,42,95,11,4,15,3,1,4,4,1,5,19,9,28,0,0,0,3,6,9,93,63,156,2022-11-30T23:00:00Z
19,602,Župa Dubrovačka,673,693,1366,131,64,195,3,8,11,58,3,61,74,68,142,0,0,0,7,15,22,946,851,1797,2022-11-30T23:00:00Z
19,98,Dubrovnik,9931,10615,20546,786,396,1182,30,17,47,489,73,562,480,561,1041,1,0,1,151,168,319,11868,11830,23698,2022-11-30T23:00:00Z
20,123,Goričan,318,159,477,7,4,11,8,2,10,0,2,2,12,9,21,0,0,0,0,0,0,345,176,521,2022-11-30T23:00:00Z
20,15,Belica,207,226,433,25,16,41,59,36,95,1,1,2,25,38,63,0,0,0,1,2,3,318,319,637,2022-11-30T23:00:00Z
20,206,Kotoriba,520,269,789,10,4,14,5,0,5,0,5,5,9,11,20,0,0,0,0,0,0,544,289,833,2022-11-30T23:00:00Z
20,250,Mala Subotica,535,1122,1657,26,18,44,33,14,47,2,5,7,22,25,47,0,0,0,1,4,5,619,1188,1807,2022-11-30T23:00:00Z
20,276,Mursko Središće,801,762,1563,47,26,73,13,7,20,2,6,8,48,52,100,0,0,0,2,2,4,913,855,1768,2022-11-30T23:00:00Z
20,279,Nedelišće,1436,835,2271,95,47,142,42,21,63,2,6,8,126,68,194,0,0,0,0,4,4,1701,981,2682,2022-11-30T23:00:00Z
20,342,Podturen,223,119,342,21,9,30,16,13,29,1,2,3,49,37,86,0,0,0,0,1,1,310,181,491,2022-11-30T23:00:00Z
20,355,Prelog,2376,1673,4049,67,24,91,52,29,81,9,10,19,72,67,139,0,0,0,6,8,14,2582,1811,4393,2022-11-30T23:00:00Z
20,385,Selnica,150,150,300,12,11,23,8,4,12,1,1,2,18,16,34,0,0,0,1,1,2,190,183,373,2022-11-30T23:00:00Z
20,440,Sveti Juraj Na Bregu,286,204,490,26,16,42,12,7,19,1,2,3,34,47,81,0,0,0,0,0,0,359,276,635,2022-11-30T23:00:00Z
20,441,Sveti Martin Na Muri,594,341,935,18,11,29,7,4,11,0,3,3,28,34,62,0,0,0,2,1,3,649,394,1043,2022-11-30T23:00:00Z
20,452,Štrigova,301,202,503,25,11,36,38,20,58,2,1,3,59,68,127,0,0,0,0,1,1,425,303,728,2022-11-30T23:00:00Z
20,504,Vratišinec,136,91,227,7,3,10,11,1,12,1,2,3,7,5,12,0,0,0,1,1,2,163,103,266,2022-11-30T23:00:00Z
20,60,Čakovec,10019,9242,19261,255,146,401,60,25,85,39,58,97,257,329,586,0,0,0,7,15,22,10637,9815,20452,2022-11-30T23:00:00Z
20,603,Dekanovec,91,80,171,5,1,6,4,6,10,0,0,0,5,2,7,0,0,0,0,0,0,105,89,194,2022-11-30T23:00:00Z
20,604,Gornji Mihaljevec,98,70,168,13,3,16,24,8,32,2,1,3,24,17,41,0,0,0,1,0,1,162,99,261,2022-11-30T23:00:00Z
20,605,Orehovica,205,148,353,17,3,20,26,10,36,1,2,3,49,23,72,0,0,0,0,2,2,298,188,486,2022-11-30T23:00:00Z
20,606,Strahoninec,248,157,405,13,6,19,3,2,5,0,2,2,36,12,48,0,0,0,0,1,1,300,180,480,2022-11-30T23:00:00Z
20,607,Sveta Marija,61,86,147,14,2,16,5,0,5,1,1,2,21,6,27,0,0,0,0,1,1,102,96,198,2022-11-30T23:00:00Z
20,608,Šenkovec,506,261,767,19,10,29,2,1,3,0,1,1,27,24,51,0,0,0,0,1,1,554,298,852,2022-11-30T23:00:00Z
20,620,Pribislavec,357,218,575,9,7,16,3,1,4,2,1,3,16,9,25,0,0,0,0,1,1,387,237,624,2022-11-30T23:00:00Z
20,75,Domašinec,251,112,363,8,8,16,20,16,36,0,1,1,18,9,27,0,0,0,2,2,4,299,148,447,2022-11-30T23:00:00Z
20,78,Donja Dubrava,209,239,448,15,6,21,4,3,7,0,2,2,13,12,25,0,0,0,0,0,0,241,262,503,2022-11-30T23:00:00Z
20,82,Donji Kraljevec,1456,647,2103,43,16,59,50,20,70,3,5,8,90,120,210,0,0,0,4,9,13,1646,817,2463,2022-11-30T23:00:00Z
20,89,Donji Vidovec,54,76,130,4,1,5,2,0,2,1,2,3,3,16,19,0,0,0,0,0,0,64,95,159,2022-11-30T23:00:00Z
21,133,Zagreb,233743,212524,446267,8259,5914,14173,296,173,469,2186,2056,4242,5358,6910,12268,20,8,28,343,519,862,250205,228104,478309,2022-11-30T23:00:00Z
01,101,Dugo Selo,2944,1988,4932,230,109,339,26,22,48,25,27,52,283,248,531,0,0,0,6,14,20,3514,2408,5922,2022-01-31T23:00:00Z
01,114,Farkaševac,158,231,389,7,3,10,28,11,39,0,2,2,37,16,53,0,0,0,0,0,0,230,263,493,2022-01-31T23:00:00Z
01,135,Gradec,153,136,289,13,1,14,11,7,18,0,1,1,38,17,55,0,0,0,0,0,0,215,162,377,2022-01-31T23:00:00Z
01,158,Ivanić-Grad,2927,1695,4622,97,77,174,52,33,85,10,19,29,142,183,325,1,0,1,9,10,19,3238,2017,5255,2022-01-31T23:00:00Z
01,163,Jakovlje,308,239,547,39,8,47,9,10,19,3,0,3,40,33,73,0,0,0,1,0,1,400,290,690,2022-01-31T23:00:00Z
01,169,Jastrebarsko,2247,1646,3893,222,112,334,52,35,87,16,19,35,254,242,496,0,0,0,5,9,14,2796,2063,4859,2022-01-31T23:00:00Z
01,190,Klinča Selo,224,173,397,35,6,41,7,3,10,0,0,0,71,48,119,0,0,0,0,1,1,337,231,568,2022-01-31T23:00:00Z
01,193,Kloštar Ivanić,356,311,667,29,8,37,20,5,25,2,9,11,55,41,96,1,0,1,4,0,4,467,374,841,2022-01-31T23:00:00Z
01,213,Križ,609,414,1023,25,21,46,18,13,31,6,6,12,25,57,82,0,0,0,3,2,5,686,513,1199,2022-01-31T23:00:00Z
01,33,Brckovljani,315,329,644,8,5,13,0,0,0,3,2,5,28,21,49,0,0,0,0,0,0,354,357,711,2022-01-31T23:00:00Z
01,331,Pisarovina,370,292,662,29,24,53,24,19,43,1,2,3,24,33,57,0,0,0,2,5,7,450,375,825,2022-01-31T23:00:00Z
01,34,Brdovec,835,750,1585,99,33,132,15,6,21,3,7,10,85,62,147,1,0,1,5,2,7,1043,860,1903,2022-01-31T23:00:00Z
01,356,Preseka,17,9,26,5,2,7,12,11,23,0,1,1,16,6,22,0,0,0,1,0,1,51,29,80,2022-01-31T23:00:00Z
01,362,Pušča,144,203,347,27,13,40,7,2,9,1,3,4,56,27,83,0,0,0,0,0,0,235,248,483,2022-01-31T23:00:00Z
01,376,Rugvica,1266,491,1757,8,4,12,3,2,5,1,2,3,21,22,43,0,0,0,0,0,0,1299,521,1820,2022-01-31T23:00:00Z
01,380,Samobor,5472,3848,9320,508,305,813,24,22,46,42,70,112,498,474,972,0,0,0,35,26,61,6579,4745,11324,2022-01-31T23:00:00Z
01,429,Sveti Ivan Zelina,2451,1970,4421,165,63,228,70,53,123,14,21,35,254,224,478,0,0,0,7,3,10,2961,2334,5295,2022-01-31T23:00:00Z
01,436,Sveta Nedjelja,5508,3343,8851,223,91,314,6,4,10,9,13,22,369,180,549,0,0,0,6,9,15,6121,3640,9761,2022-01-31T23:00:00Z
01,508,Vrbovec,2175,2000,4175,158,69,227,73,34,107,6,22,28,287,162,449,0,0,0,5,10,15,2704,2297,5001,2022-01-31T23:00:00Z
01,533,Krašić,257,187,444,27,9,36,15,10,25,2,2,4,31,22,53,0,0,0,2,1,3,334,231,565,2022-01-31T23:00:00Z
01,536,Rakovec,29,15,44,10,2,12,11,4,15,0,1,1,20,11,31,0,0,0,0,0,0,70,33,103,2022-01-31T23:00:00Z
01,539,Marija Gorica,76,107,183,14,3,17,0,0,0,1,1,2,20,21,41,0,0,0,0,0,0,111,132,243,2022-01-31T23:00:00Z
01,540,Žumberak,14,19,33,5,2,7,6,4,10,0,0,0,4,7,11,0,0,0,0,0,0,29,32,61,2022-01-31T23:00:00Z
01,541,Velika Gorica,7947,6207,14154,623,349,972,65,30,95,62,61,123,586,514,1100,0,0,0,20,24,44,9303,7185,16488,2022-01-31T23:00:00Z
01,542,Orle,45,25,70,16,0,16,8,5,13,0,0,0,13,2,15,0,0,0,0,0,0,82,32,114,2022-01-31T23:00:00Z
01,543,Zaprešić,3311,2992,6303,218,143,361,12,10,22,32,43,75,254,241,495,0,0,0,13,16,29,3840,3445,7285,2022-01-31T23:00:00Z
01,544,Pokupsko,42,55,97,11,6,17,13,5,18,0,0,0,8,5,13,0,0,0,0,0,0,74,71,145,2022-01-31T23:00:00Z
01,545,Kravarsko,103,105,208,34,11,45,6,6,12,0,0,0,68,16,84,0,0,0,1,1,2,212,139,351,2022-01-31T23:00:00Z
01,547,Bistra,375,513,888,45,20,65,7,5,12,2,7,9,49,43,92,1,0,1,0,2,2,479,590,1069,2022-01-31T23:00:00Z
01,548,Luka,245,86,331,15,2,17,2,3,5,1,1,2,20,19,39,0,0,0,0,0,0,283,111,394,2022-01-31T23:00:00Z
01,549,Dubravica,71,44,115,15,0,15,15,6,21,0,0,0,13,14,27,0,0,0,0,0,0,114,64,178,2022-01-31T23:00:00Z
01,550,Bedenica,215,154,369,13,4,17,6,5,11,1,1,2,15,11,26,0,0,0,0,0,0,250,175,425,2022-01-31T23:00:00Z
01,551,Stupnik,1436,538,1974,30,16,46,0,3,3,2,1,3,20,24,44,0,0,0,2,0,2,1490,582,2072,2022-01-31T23:00:00Z
01,97,Dubrava,296,313,609,42,17,59,66,42,108,4,13,17,70,69,139,0,0,0,2,7,9,480,461,941,2022-01-31T23:00:00Z
02,108,Đurmanec,117,150,267,58,14,72,1,2,3,3,1,4,117,87,204,0,0,0,3,0,3,299,254,553,2022-01-31T23:00:00Z
02,11,Bedekovčina,518,784,1302,88,41,129,7,5,12,8,6,14,118,103,221,0,0,0,3,2,5,742,941,1683,2022-01-31T23:00:00Z
02,125,Gornja Stubica,206,298,504,50,15,65,7,4,11,1,1,2,72,45,117,0,0,0,3,2,5,339,365,704,2022-01-31T23:00:00Z
02,146,Hraščina,53,43,96,8,2,10,2,3,5,0,1,1,5,6,11,0,0,0,0,0,0,68,55,123,2022-01-31T23:00:00Z
02,152,Hum Na Sutli,1529,649,2178,56,28,84,4,0,4,1,7,8,255,76,331,0,0,0,2,3,5,1847,763,2610,2022-01-31T23:00:00Z
02,187,Klanjec,289,277,566,68,24,92,11,8,19,5,1,6,75,50,125,0,0,0,4,3,7,452,363,815,2022-01-31T23:00:00Z
02,200,Konjščina,441,403,844,34,13,47,2,1,3,0,2,2,35,33,68,0,0,0,0,1,1,512,453,965,2022-01-31T23:00:00Z
02,208,Kraljevec Na Sutli,64,48,112,13,6,19,3,1,4,0,0,0,17,6,23,0,0,0,0,2,2,97,63,160,2022-01-31T23:00:00Z
02,211,Krapina,2780,2346,5126,174,87,261,7,6,13,16,17,33,200,170,370,0,0,0,1,4,5,3178,2630,5808,2022-01-31T23:00:00Z
02,212,Krapinske Toplice,588,1168,1756,70,36,106,5,7,12,0,5,5,105,70,175,0,0,0,2,0,2,770,1286,2056,2022-01-31T23:00:00Z
02,236,Lobor,162,244,406,22,8,30,3,3,6,0,0,0,37,15,52,0,0,0,1,2,3,225,272,497,2022-01-31T23:00:00Z
02,248,Mače,101,68,169,33,6,39,4,4,8,1,0,1,58,35,93,0,0,0,0,0,0,197,113,310,2022-01-31T23:00:00Z
02,256,Marija Bistrica,328,347,675,63,40,103,13,7,20,1,5,6,77,65,142,0,0,0,2,2,4,484,466,950,2022-01-31T23:00:00Z
02,265,Mihovljan,92,125,217,29,7,36,4,0,4,0,0,0,75,14,89,0,0,0,1,1,2,201,147,348,2022-01-31T23:00:00Z
02,311,Oroslavje,877,803,1680,76,35,111,11,3,14,6,7,13,86,66,152,0,0,0,3,2,5,1059,916,1975,2022-01-31T23:00:00Z
02,329,Petrovsko,73,59,132,17,3,20,1,0,1,5,0,5,62,9,71,0,0,0,1,0,1,159,71,230,2022-01-31T23:00:00Z
02,352,Pregrada,825,897,1722,110,32,142,2,4,6,6,6,12,159,104,263,0,0,0,4,3,7,1106,1046,2152,2022-01-31T23:00:00Z
02,364,Radoboj,140,100,240,16,10,26,1,1,2,1,2,3,56,24,80,0,0,0,0,0,0,214,137,351,2022-01-31T23:00:00Z
02,41,Budinščina,185,174,359,15,5,20,6,1,7,1,2,3,20,11,31,0,0,0,2,1,3,229,194,423,2022-01-31T23:00:00Z
02,422,Stubičke Toplice,248,421,669,32,18,50,0,2,2,3,5,8,61,30,91,0,0,0,1,0,1,345,476,821,2022-01-31T23:00:00Z
02,430,Sveti Križ Začretje,692,794,1486,70,23,93,10,4,14,1,4,5,141,98,239,0,0,0,4,2,6,918,925,1843,2022-01-31T23:00:00Z
02,466,Tuhelj,136,202,338,19,10,29,4,1,5,1,2,3,35,37,72,0,0,0,0,0,0,195,252,447,2022-01-31T23:00:00Z
02,481,Veliko Trgovišće,518,338,856,52,17,69,3,4,7,2,5,7,110,60,170,0,0,0,3,1,4,688,425,1113,2022-01-31T23:00:00Z
02,519,Zabok,2799,2867,5666,142,87,229,5,3,8,13,15,28,189,328,517,0,0,0,2,5,7,3150,3305,6455,2022-01-31T23:00:00Z
02,521,Zagorska Sela,9,54,63,7,1,8,6,2,8,0,1,1,16,5,21,0,0,0,0,0,0,38,63,101,2022-01-31T23:00:00Z
02,526,Zlatar,570,677,1247,98,42,140,25,15,40,8,7,15,106,83,189,0,0,0,4,2,6,811,826,1637,2022-01-31T23:00:00Z
02,527,Zlatar Bistrica,327,554,881,29,9,38,4,3,7,4,0,4,74,47,121,0,0,0,3,2,5,441,615,1056,2022-01-31T23:00:00Z
02,552,Jesenje,60,68,128,11,1,12,0,1,1,0,0,0,44,8,52,0,0,0,0,0,0,115,78,193,2022-01-31T23:00:00Z
02,553,Kumrovec,82,84,166,17,4,21,2,0,2,2,1,3,21,17,38,0,0,0,0,0,0,124,106,230,2022-01-31T23:00:00Z
02,554,Novi Golubovec,136,56,192,3,2,5,1,0,1,0,0,0,5,2,7,0,0,0,0,0,0,145,60,205,2022-01-31T23:00:00Z
02,70,Desinić,130,289,419,29,7,36,9,1,10,2,1,3,48,35,83,0,0,0,0,1,1,218,334,552,2022-01-31T23:00:00Z
02,79,Donja Stubica,961,798,1759,94,48,142,5,4,9,8,3,11,86,59,145,0,0,0,2,2,4,1156,914,2070,2022-01-31T23:00:00Z
03,102,Dvor,278,141,419,15,5,20,64,21,85,0,3,3,12,14,26,0,0,0,0,3,3,369,187,556,2022-01-31T23:00:00Z
03,121,Glina,1140,669,1809,40,24,64,57,26,83,4,10,14,67,69,136,0,0,0,0,0,0,1308,798,2106,2022-01-31T23:00:00Z
03,149,Hrvatska Dubica,71,62,133,8,2,10,12,3,15,0,0,0,3,5,8,0,0,0,0,0,0,94,72,166,2022-01-31T23:00:00Z
03,150,Hrvatska Kostajnica,340,329,669,20,9,29,8,2,10,1,3,4,6,20,26,0,0,0,3,0,3,378,363,741,2022-01-31T23:00:00Z
03,168,Jasenovac,135,129,264,13,4,17,12,5,17,0,0,0,15,10,25,0,0,0,0,0,0,175,148,323,2022-01-31T23:00:00Z
03,220,Kutina,3696,2888,6584,174,115,289,43,24,67,37,23,60,215,252,467,1,0,1,9,8,17,4175,3310,7485,2022-01-31T23:00:00Z
03,228,Lekenik,339,291,630,38,8,46,8,7,15,1,2,3,41,33,74,0,0,0,1,1,2,428,342,770,2022-01-31T23:00:00Z
03,232,Lipovljani,265,280,545,25,8,33,12,2,14,1,0,1,34,36,70,0,0,0,0,2,2,337,328,665,2022-01-31T23:00:00Z
03,259,Martinska Ves,131,57,188,8,2,10,29,14,43,3,0,3,46,15,61,0,0,0,0,1,1,217,89,306,2022-01-31T23:00:00Z
03,293,Novska,1320,1060,2380,173,97,270,35,18,53,7,20,27,261,229,490,0,0,0,4,5,9,1800,1429,3229,2022-01-31T23:00:00Z
03,328,Petrinja,1654,1739,3393,236,85,321,64,26,90,10,25,35,298,280,578,0,0,0,5,6,11,2267,2161,4428,2022-01-31T23:00:00Z
03,347,Popovača,872,1038,1910,84,44,128,48,17,65,8,11,19,95,127,222,0,0,0,4,1,5,1111,1238,2349,2022-01-31T23:00:00Z
03,391,Sisak,7006,8090,15096,372,231,603,101,59,160,42,74,116,594,584,1178,0,0,0,19,22,41,8134,9060,17194,2022-01-31T23:00:00Z
03,426,Sunja,208,165,373,25,10,35,47,33,80,1,2,3,15,22,37,0,0,0,1,0,1,297,232,529,2022-01-31T23:00:00Z
03,457,Topusko,213,311,524,15,6,21,3,2,5,5,1,6,34,23,57,0,0,0,2,0,2,272,343,615,2022-01-31T23:00:00Z
03,477,Velika Ludina,117,145,262,10,9,19,15,3,18,0,0,0,26,13,39,0,0,0,1,0,1,169,170,339,2022-01-31T23:00:00Z
03,510,Gvozd,125,88,213,10,4,14,18,4,22,0,0,0,13,12,25,0,0,0,5,1,6,171,109,280,2022-01-31T23:00:00Z
03,555,Majur,124,52,176,1,1,2,3,0,3,0,0,0,2,0,2,0,0,0,3,0,3,133,53,186,2022-01-31T23:00:00Z
03,83,Donji Kukuruzari,36,65,101,5,0,5,6,2,8,0,0,0,2,2,4,0,0,0,1,0,1,50,69,119,2022-01-31T23:00:00Z
04,120,Generalski Stol,37,75,112,22,5,27,1,0,1,0,1,1,26,13,39,0,0,0,0,0,0,86,94,180,2022-01-31T23:00:00Z
04,172,Josipdol,196,166,362,25,16,41,4,9,13,2,1,3,45,52,97,0,0,0,0,0,0,272,244,516,2022-01-31T23:00:00Z
04,179,Karlovac,10511,8895,19406,421,295,716,77,52,129,74,93,167,605,794,1399,0,0,0,23,20,43,11711,10149,21860,2022-01-31T23:00:00Z
04,216,Krnjak,169,61,230,3,2,5,5,4,9,0,0,0,8,3,11,0,0,0,2,4,6,187,74,261,2022-01-31T23:00:00Z
04,225,Lasinja,54,54,108,4,3,7,0,5,5,2,0,2,6,8,14,0,0,0,0,0,0,66,70,136,2022-01-31T23:00:00Z
04,281,Netretić,80,95,175,18,3,21,2,1,3,1,1,2,44,32,76,0,0,0,0,0,0,145,132,277,2022-01-31T23:00:00Z
04,297,Ogulin,1774,1806,3580,138,91,229,37,15,52,9,32,41,139,168,307,0,0,0,7,5,12,2104,2117,4221,2022-01-31T23:00:00Z
04,30,Bosiljevo,108,91,199,3,0,3,0,0,0,1,1,2,25,33,58,0,0,0,0,0,0,137,125,262,2022-01-31T23:00:00Z
04,315,Ozalj,787,619,1406,84,33,117,19,16,35,4,10,14,122,89,211,0,0,0,1,4,5,1017,771,1788,2022-01-31T23:00:00Z
04,333,Plaški,88,59,147,9,5,14,10,2,12,0,0,0,27,27,54,0,0,0,0,0,0,134,93,227,2022-01-31T23:00:00Z
04,365,Rakovica,136,155,291,6,11,17,3,5,8,0,0,0,59,53,112,0,0,0,8,1,9,212,225,437,2022-01-31T23:00:00Z
04,378,Saborsko,11,13,24,2,1,3,1,0,1,0,0,0,6,2,8,0,0,0,0,0,0,20,16,36,2022-01-31T23:00:00Z
04,400,Slunj,333,385,718,47,18,65,32,15,47,3,4,7,119,84,203,0,0,0,6,29,35,540,535,1075,2022-01-31T23:00:00Z
04,49,Cetingrad,64,54,118,5,0,5,3,4,7,0,0,0,8,9,17,0,0,0,1,1,2,81,68,149,2022-01-31T23:00:00Z
04,503,Vojnić,377,240,617,23,16,39,36,11,47,2,0,2,28,33,61,0,0,0,3,2,5,469,302,771,2022-01-31T23:00:00Z
04,530,Žakanje,147,97,244,26,12,38,3,1,4,0,0,0,29,30,59,0,0,0,0,1,1,205,141,346,2022-01-31T23:00:00Z
04,556,Ribnik,5,3,8,11,3,14,1,2,3,0,0,0,8,10,18,0,0,0,0,0,0,25,18,43,2022-01-31T23:00:00Z
04,557,Tounj,65,37,102,4,0,4,0,0,0,0,0,0,5,4,9,0,0,0,0,0,0,74,41,115,2022-01-31T23:00:00Z
04,623,Kamanje,155,106,261,3,2,5,0,0,0,0,0,0,4,15,19,0,0,0,0,0,0,162,123,285,2022-01-31T23:00:00Z
04,7,Barilovići,269,154,423,22,9,31,7,1,8,0,1,1,117,29,146,0,0,0,0,0,0,415,194,609,2022-01-31T23:00:00Z
04,90,Draganić,142,144,286,12,4,16,7,3,10,1,1,2,20,25,45,0,0,0,0,0,0,182,177,359,2022-01-31T23:00:00Z
04,99,Duga Resa,1213,1039,2252,140,73,213,22,17,39,6,18,24,188,200,388,1,0,1,8,12,20,1578,1359,2937,2022-01-31T23:00:00Z
05,12,Bednja,196,177,373,20,8,28,2,7,9,2,1,3,26,17,43,0,0,0,0,0,0,246,210,456,2022-01-31T23:00:00Z
05,129,Gornji Kneginec,585,1009,1594,48,27,75,9,4,13,1,7,8,62,57,119,0,0,0,3,5,8,708,1109,1817,2022-01-31T23:00:00Z
05,151,Breznički Hum,201,153,354,12,4,16,8,5,13,0,1,1,19,12,31,0,0,0,2,4,6,242,179,421,2022-01-31T23:00:00Z
05,156,Ivanec,2089,1831,3920,164,62,226,14,10,24,10,17,27,309,266,575,0,0,0,7,13,20,2593,2199,4792,2022-01-31T23:00:00Z
05,165,Jalžabet,741,1094,1835,21,3,24,10,6,16,0,4,4,34,20,54,0,0,0,0,1,1,806,1128,1934,2022-01-31T23:00:00Z
05,189,Klenovnik,137,58,195,8,3,11,0,1,1,0,0,0,20,27,47,0,0,0,2,0,2,167,89,256,2022-01-31T23:00:00Z
05,19,Beretinec,79,36,115,18,2,20,3,2,5,0,1,1,15,25,40,0,0,0,1,0,1,116,66,182,2022-01-31T23:00:00Z
05,229,Lepoglava,1332,585,1917,61,30,91,5,3,8,1,4,5,105,62,167,0,0,0,2,9,11,1506,693,2199,2022-01-31T23:00:00Z
05,244,Ludbreg,1785,1538,3323,117,62,179,53,33,86,11,14,25,241,181,422,0,0,0,4,5,9,2211,1833,4044,2022-01-31T23:00:00Z
05,247,Ljubešćica,337,156,493,30,7,37,2,0,2,1,3,4,96,25,121,0,0,0,0,1,1,466,192,658,2022-01-31T23:00:00Z
05,251,Mali Bukovec,37,87,124,13,6,19,26,15,41,0,1,1,102,33,135,0,0,0,0,1,1,178,143,321,2022-01-31T23:00:00Z
05,260,Maruševec,340,308,648,55,25,80,23,26,49,3,2,5,112,39,151,0,0,0,3,2,5,536,402,938,2022-01-31T23:00:00Z
05,289,Novi Marof,1227,1237,2464,164,68,232,14,13,27,9,14,23,291,174,465,0,0,0,6,4,10,1711,1510,3221,2022-01-31T23:00:00Z
05,326,Petrijanec,449,723,1172,25,8,33,17,9,26,1,3,4,85,85,170,0,0,0,0,1,1,577,829,1406,2022-01-31T23:00:00Z
05,36,Breznica,153,63,216,17,3,20,3,5,8,1,5,6,34,15,49,0,0,0,0,0,0,208,91,299,2022-01-31T23:00:00Z
05,410,Sračinec,263,270,533,41,15,56,2,2,4,1,6,7,88,54,142,0,0,0,0,2,2,395,349,744,2022-01-31T23:00:00Z
05,437,Sveti Đurđ,70,102,172,31,4,35,29,8,37,3,1,4,34,35,69,0,0,0,0,0,0,167,150,317,2022-01-31T23:00:00Z
05,438,Sveti Ilija,181,194,375,17,8,25,2,1,3,1,4,5,43,27,70,0,0,0,0,0,0,244,234,478,2022-01-31T23:00:00Z
05,462,Trnovec Bartolovečki,1184,1457,2641,71,17,88,20,7,27,1,4,5,337,93,430,0,0,0,0,1,1,1613,1579,3192,2022-01-31T23:00:00Z
05,472,Varaždin,16557,15422,31979,501,357,858,47,26,73,74,116,190,527,633,1160,0,0,0,22,19,41,17728,16573,34301,2022-01-31T23:00:00Z
05,473,Varaždinske Toplice,614,492,1106,46,22,68,9,6,15,3,5,8,185,47,232,0,0,0,1,2,3,858,574,1432,2022-01-31T23:00:00Z
05,48,Cestica,389,389,778,49,26,75,13,17,30,1,4,5,100,74,174,0,0,0,0,4,4,552,514,1066,2022-01-31T23:00:00Z
05,484,Vidovec,235,264,499,51,16,67,62,31,93,2,5,7,116,90,206,0,0,0,0,0,0,466,406,872,2022-01-31T23:00:00Z
05,486,Vinica,281,220,501,20,9,29,4,4,8,1,5,6,31,23,54,0,0,0,0,1,1,337,262,599,2022-01-31T23:00:00Z
05,493,Visoko,90,59,149,18,0,18,6,4,10,0,0,0,26,19,45,0,0,0,1,0,1,141,82,223,2022-01-31T23:00:00Z
05,558,Veliki Bukovec,376,273,649,5,2,7,23,13,36,0,1,1,36,26,62,0,0,0,0,0,0,440,315,755,2022-01-31T23:00:00Z
05,80,Donja Voća,85,64,149,9,1,10,5,9,14,0,1,1,27,22,49,0,0,0,0,0,0,126,97,223,2022-01-31T23:00:00Z
05,85,Donji Martijanec,343,172,515,28,7,35,20,4,24,1,1,2,55,32,87,0,0,0,0,0,0,447,216,663,2022-01-31T23:00:00Z
06,104,Đelekovec,25,43,68,22,10,32,40,12,52,0,1,1,17,10,27,0,0,0,0,0,0,104,76,180,2022-01-31T23:00:00Z
06,107,Đurđevac,1357,1163,2520,82,44,126,70,39,109,12,12,24,83,66,149,0,0,0,15,6,21,1619,1330,2949,2022-01-31T23:00:00Z
06,115,Ferdinandovac,33,90,123,10,2,12,42,32,74,1,1,2,10,7,17,0,0,0,0,0,0,96,132,228,2022-01-31T23:00:00Z
06,122,Gola,181,164,345,11,2,13,89,40,129,0,2,2,6,25,31,0,0,0,1,0,1,288,233,521,2022-01-31T23:00:00Z
06,145,Hlebine,9,21,30,1,0,1,15,4,19,1,1,2,0,8,8,0,0,0,1,1,2,27,35,62,2022-01-31T23:00:00Z
06,194,Kloštar Podravski,178,166,344,17,13,30,41,34,75,0,1,1,28,48,76,0,0,0,1,0,1,265,262,527,2022-01-31T23:00:00Z
06,201,Koprivnica,7091,7519,14610,345,196,541,60,30,90,65,72,137,384,444,828,0,2,2,13,12,25,7958,8275,16233,2022-01-31T23:00:00Z
06,202,Koprivnički Bregi,45,76,121,18,3,21,23,7,30,0,0,0,34,8,42,0,0,0,0,0,0,120,94,214,2022-01-31T23:00:00Z
06,203,Koprivnički Ivanec,69,62,131,23,4,27,23,8,31,0,0,0,22,11,33,0,0,0,0,0,0,137,85,222,2022-01-31T23:00:00Z
06,214,Križevci,3353,3641,6994,164,100,264,225,185,410,12,29,41,235,220,455,0,0,0,8,10,18,3997,4185,8182,2022-01-31T23:00:00Z
06,227,Legrad,61,88,149,14,3,17,21,6,27,1,2,3,21,17,38,0,0,0,0,0,0,118,116,234,2022-01-31T23:00:00Z
06,270,Molve,212,116,328,6,9,15,55,31,86,1,2,3,35,18,53,0,0,0,3,3,6,312,179,491,2022-01-31T23:00:00Z
06,292,Novigrad Podravski,92,141,233,10,1,11,18,12,30,0,2,2,18,20,38,0,0,0,0,0,0,138,176,314,2022-01-31T23:00:00Z
06,324,Peteranec,69,44,113,17,4,21,21,7,28,1,1,2,25,13,38,0,0,0,0,0,0,133,69,202,2022-01-31T23:00:00Z
06,366,Rasinja,44,71,115,20,4,24,54,23,77,1,0,1,19,21,40,0,0,0,1,0,1,139,119,258,2022-01-31T23:00:00Z
06,405,Sokolovac,216,90,306,16,3,19,46,16,62,6,4,10,24,10,34,0,0,0,0,0,0,308,123,431,2022-01-31T23:00:00Z
06,439,Sveti Ivan Žabno,271,195,466,40,17,57,98,60,158,1,2,3,46,62,108,0,0,0,0,1,1,456,337,793,2022-01-31T23:00:00Z
06,442,Sveti Petar Orehovec,125,114,239,31,7,38,137,126,263,1,2,3,35,23,58,0,0,0,1,1,2,330,273,603,2022-01-31T23:00:00Z
06,490,Virje,285,212,497,27,11,38,41,20,61,4,1,5,29,34,63,0,0,0,2,1,3,388,279,667,2022-01-31T23:00:00Z
06,559,Kalinovac,407,99,506,5,1,6,8,2,10,0,0,0,8,9,17,0,0,0,2,0,2,430,111,541,2022-01-31T23:00:00Z
06,560,Kalnik,41,54,95,2,4,6,17,21,38,0,1,1,7,4,11,0,0,0,0,0,0,67,84,151,2022-01-31T23:00:00Z
06,561,Novo Virje,42,40,82,2,0,2,38,25,63,0,0,0,14,6,20,0,0,0,0,1,1,96,72,168,2022-01-31T23:00:00Z
06,616,Podravske Sesvete,99,116,215,3,4,7,23,15,38,2,0,2,4,6,10,0,0,0,1,1,2,132,142,274,2022-01-31T23:00:00Z
06,618,Gornja Reka,83,77,160,6,2,8,7,8,15,0,0,0,7,5,12,0,0,0,0,0,0,103,92,195,2022-01-31T23:00:00Z
06,96,Drnje,116,114,230,10,3,13,17,10,27,0,2,2,4,9,13,0,0,0,1,0,1,148,138,286,2022-01-31T23:00:00Z
07,105,Đulovac,266,65,331,9,7,16,35,17,52,2,0,2,119,32,151,0,0,0,0,0,0,431,121,552,2022-01-31T23:00:00Z
07,119,Garešnica,1065,1117,2182,58,31,89,59,36,95,17,19,36,109,125,234,0,0,0,2,6,8,1310,1334,2644,2022-01-31T23:00:00Z
07,139,Grubišno Polje,592,524,1116,34,25,59,110,46,156,4,7,11,64,66,130,0,0,0,2,3,5,806,671,1477,2022-01-31T23:00:00Z
07,144,Hercegovac,133,155,288,19,2,21,47,16,63,2,1,3,42,33,75,0,0,0,1,1,2,244,208,452,2022-01-31T23:00:00Z
07,161,Ivanska,124,95,219,5,3,8,49,13,62,2,2,4,88,26,114,0,0,0,2,1,3,270,140,410,2022-01-31T23:00:00Z
07,176,Kapela,88,93,181,3,3,6,46,25,71,0,1,1,18,6,24,0,0,0,2,0,2,157,128,285,2022-01-31T23:00:00Z
07,18,Berek,42,58,100,7,1,8,20,18,38,0,0,0,8,6,14,0,0,0,0,0,0,77,83,160,2022-01-31T23:00:00Z
07,199,Končanica,124,68,192,8,1,9,33,14,47,0,0,0,14,10,24,0,0,0,1,2,3,180,95,275,2022-01-31T23:00:00Z
07,24,Bjelovar,7124,6881,14005,287,181,468,198,100,298,53,81,134,436,525,961,1,0,1,19,16,35,8118,7784,15902,2022-01-31T23:00:00Z
07,287,Nova Rača,93,115,208,12,2,14,74,34,108,0,2,2,29,12,41,0,0,0,0,1,1,208,166,374,2022-01-31T23:00:00Z
07,375,Rovišće,200,218,418,23,10,33,51,34,85,1,3,4,21,36,57,0,0,0,0,1,1,296,302,598,2022-01-31T23:00:00Z
07,390,Sirač,273,165,438,11,2,13,12,5,17,1,0,1,15,8,23,0,0,0,0,2,2,312,182,494,2022-01-31T23:00:00Z
07,450,Štefanje,51,61,112,7,3,10,34,13,47,1,2,3,33,21,54,0,0,0,0,0,0,126,100,226,2022-01-31T23:00:00Z
07,478,Velika Pisanica,72,81,153,4,1,5,32,14,46,1,0,1,9,7,16,0,0,0,2,0,2,120,103,223,2022-01-31T23:00:00Z
07,480,Veliki Grđevac,143,138,281,10,5,15,71,30,101,1,1,2,70,25,95,0,0,0,1,0,1,296,199,495,2022-01-31T23:00:00Z
07,483,Veliko Trojstvo,59,116,175,12,3,15,15,14,29,0,0,0,40,15,55,0,0,0,0,0,0,126,148,274,2022-01-31T23:00:00Z
07,562,Severin,61,31,92,1,0,1,16,14,30,0,0,0,13,28,41,0,0,0,0,0,0,91,73,164,2022-01-31T23:00:00Z
07,564,Šandrovac,24,47,71,3,0,3,14,8,22,0,0,0,12,5,17,0,0,0,0,0,0,53,60,113,2022-01-31T23:00:00Z
07,565,Velika Trnovitica,53,67,120,7,3,10,33,23,56,1,0,1,21,10,31,0,0,0,1,1,2,116,104,220,2022-01-31T23:00:00Z
07,566,Zrinski Topolovac,12,16,28,2,1,3,31,17,48,0,0,0,4,2,6,0,0,0,0,1,1,49,37,86,2022-01-31T23:00:00Z
07,63,Čazma,1106,803,1909,54,19,73,52,41,93,7,10,17,114,68,182,0,0,0,4,0,4,1337,941,2278,2022-01-31T23:00:00Z
07,67,Daruvar,1423,1682,3105,76,53,129,42,22,64,15,20,35,143,171,314,0,0,0,3,9,12,1702,1957,3659,2022-01-31T23:00:00Z
07,71,Dežanovac,124,77,201,10,2,12,73,36,109,0,0,0,36,17,53,0,0,0,0,1,1,243,133,376,2022-01-31T23:00:00Z
08,117,Fužine,251,189,440,17,9,26,0,2,2,2,1,3,16,22,38,0,0,0,2,1,3,288,224,512,2022-01-31T23:00:00Z
08,170,Jelenje,280,247,527,96,48,144,7,2,9,33,9,42,58,43,101,0,0,0,2,0,2,476,349,825,2022-01-31T23:00:00Z
08,180,Kastav,1128,844,1972,133,69,202,3,1,4,55,10,65,106,87,193,2,1,3,6,5,11,1433,1017,2450,2022-01-31T23:00:00Z
08,186,Klana,381,207,588,20,7,27,1,2,3,5,2,7,15,12,27,0,0,0,1,2,3,423,232,655,2022-01-31T23:00:00Z
08,209,Kraljevica,345,286,631,38,22,60,2,1,3,34,4,38,22,30,52,1,0,1,2,7,9,444,350,794,2022-01-31T23:00:00Z
08,215,Krk,1803,1170,2973,224,92,316,15,7,22,23,16,39,261,166,427,0,0,0,30,40,70,2356,1491,3847,2022-01-31T23:00:00Z
08,237,Lokve,111,83,194,12,6,18,0,0,0,0,3,3,6,9,15,0,0,0,0,0,0,129,101,230,2022-01-31T23:00:00Z
08,242,Lovran,392,580,972,86,31,117,1,1,2,16,8,24,41,51,92,0,0,0,6,9,15,542,680,1222,2022-01-31T23:00:00Z
08,252,Mali Lošinj,1302,1327,2629,213,73,286,26,9,35,39,16,55,169,132,301,0,0,0,31,41,72,1780,1598,3378,2022-01-31T23:00:00Z
08,253,Malinska-Dubašnica,500,759,1259,134,59,193,5,11,16,10,4,14,156,117,273,0,0,0,18,17,35,823,967,1790,2022-01-31T23:00:00Z
08,261,Matulji,1480,1079,2559,217,128,345,17,5,22,43,15,58,169,171,340,1,0,1,4,13,17,1931,1411,3342,2022-01-31T23:00:00Z
08,273,Mošćenička Draga,98,66,164,49,13,62,0,1,1,6,3,9,29,23,52,0,0,0,3,4,7,185,110,295,2022-01-31T23:00:00Z
08,275,Mrkopalj,53,51,104,14,3,17,2,0,2,2,0,2,7,10,17,0,0,0,1,1,2,79,65,144,2022-01-31T23:00:00Z
08,290,Novi Vinodolski,504,409,913,102,41,143,6,4,10,13,7,20,96,62,158,0,0,0,2,8,10,723,531,1254,2022-01-31T23:00:00Z
08,301,Omišalj,602,374,976,75,20,95,0,0,0,20,4,24,64,35,99,0,0,0,5,15,20,766,448,1214,2022-01-31T23:00:00Z
08,302,Opatija,2185,2657,4842,201,110,311,7,6,13,54,27,81,97,139,236,0,1,1,26,74,100,2570,3014,5584,2022-01-31T23:00:00Z
08,360,Punat,292,134,426,62,19,81,4,0,4,5,2,7,52,31,83,0,0,0,2,3,5,417,189,606,2022-01-31T23:00:00Z
08,363,Rab,882,990,1872,283,68,351,13,6,19,11,12,23,200,142,342,0,0,0,49,87,136,1438,1305,2743,2022-01-31T23:00:00Z
08,369,Ravna Gora,279,297,576,30,11,41,2,0,2,3,1,4,40,22,62,0,0,0,1,2,3,355,333,688,2022-01-31T23:00:00Z
08,373,Rijeka,27595,28447,56042,1250,1061,2311,22,16,38,1071,346,1417,893,1277,2170,4,2,6,101,115,216,30936,31264,62200,2022-01-31T23:00:00Z
08,38,Brod Moravice,45,38,83,9,1,10,1,0,1,0,1,1,10,3,13,0,0,0,1,0,1,66,43,109,2022-01-31T23:00:00Z
08,393,Skrad,43,45,88,4,3,7,1,1,2,1,1,2,2,7,9,0,0,0,0,0,0,51,57,108,2022-01-31T23:00:00Z
08,4,Bakar,2015,1025,3040,64,41,105,2,0,2,62,10,72,75,70,145,0,0,0,3,9,12,2221,1155,3376,2022-01-31T23:00:00Z
08,488,Vinodolska Općina,188,160,348,55,22,77,2,0,2,11,1,12,40,14,54,1,0,1,0,1,1,297,198,495,2022-01-31T23:00:00Z
08,495,Viškovo,1687,1134,2821,195,106,301,7,4,11,63,16,79,151,131,282,0,0,0,14,11,25,2117,1402,3519,2022-01-31T23:00:00Z
08,507,Vrbnik,130,90,220,34,10,44,10,6,16,0,0,0,24,21,45,0,0,0,0,1,1,198,128,326,2022-01-31T23:00:00Z
08,509,Vrbovsko,333,292,625,59,21,80,3,5,8,1,5,6,70,43,113,0,0,0,1,1,2,467,367,834,2022-01-31T23:00:00Z
08,52,Cres,514,390,904,73,21,94,12,3,15,8,3,11,39,62,101,0,0,0,9,11,20,655,490,1145,2022-01-31T23:00:00Z
08,53,Crikvenica,1195,1556,2751,208,114,322,7,2,9,43,24,67,192,155,347,0,0,0,19,27,46,1664,1878,3542,2022-01-31T23:00:00Z
08,538,Kostrena,444,294,738,41,24,65,1,1,2,80,7,87,19,31,50,0,0,0,1,4,5,586,361,947,2022-01-31T23:00:00Z
08,55,Čabar,328,270,598,55,18,73,5,4,9,6,0,6,148,50,198,0,0,0,1,4,5,543,346,889,2022-01-31T23:00:00Z
08,61,Čavle,658,546,1204,94,52,146,1,2,3,28,9,37,106,79,185,0,0,0,4,1,5,891,689,1580,2022-01-31T23:00:00Z
08,624,Lopar,54,36,90,20,2,22,0,1,1,2,0,2,15,12,27,0,0,0,6,6,12,97,57,154,2022-01-31T23:00:00Z
08,69,Delnice,1135,756,1891,73,48,121,6,1,7,7,11,18,74,99,173,0,0,0,3,11,14,1298,926,2224,2022-01-31T23:00:00Z
08,74,Dobrinj,127,74,201,49,19,68,1,2,3,4,2,6,90,34,124,0,0,0,3,8,11,274,139,413,2022-01-31T23:00:00Z
08,8,Baška,151,137,288,44,21,65,7,3,10,3,3,6,25,35,60,0,0,0,28,27,55,258,226,484,2022-01-31T23:00:00Z
09,130,Gospić,2224,2313,4537,95,60,155,73,41,114,12,9,21,141,162,303,0,0,0,18,8,26,2563,2593,5156,2022-01-31T23:00:00Z
09,178,Karlobag,80,92,172,8,4,12,6,1,7,2,0,2,8,4,12,0,0,0,1,1,2,105,102,207,2022-01-31T23:00:00Z
09,240,Lovinac,199,80,279,1,0,1,1,1,2,0,0,0,2,1,3,0,0,0,0,0,0,203,82,285,2022-01-31T23:00:00Z
09,288,Novalja,659,528,1187,114,30,144,23,10,33,2,5,7,168,67,235,0,0,0,15,27,42,981,667,1648,2022-01-31T23:00:00Z
09,313,Otočac,809,877,1686,94,36,130,56,29,85,9,6,15,120,110,230,0,0,0,1,7,8,1089,1065,2154,2022-01-31T23:00:00Z
09,323,Perušić,323,243,566,20,10,30,33,20,53,0,1,1,22,25,47,0,0,0,6,7,13,404,306,710,2022-01-31T23:00:00Z
09,37,Brinje,364,203,567,23,6,29,7,6,13,0,1,1,14,18,32,0,0,0,0,2,2,408,236,644,2022-01-31T23:00:00Z
09,387,Senj,733,626,1359,93,44,137,5,5,10,20,7,27,88,90,178,0,0,0,6,9,15,945,781,1726,2022-01-31T23:00:00Z
09,455,Plitvička Jezera,671,701,1372,42,22,64,61,16,77,1,5,6,171,137,308,0,0,0,6,0,6,952,881,1833,2022-01-31T23:00:00Z
09,467,Udbina,120,96,216,9,6,15,36,10,46,0,0,0,18,16,34,0,0,0,4,1,5,187,129,316,2022-01-31T23:00:00Z
09,512,Vrhovine,104,37,141,3,3,6,8,1,9,0,0,0,4,3,7,0,0,0,0,0,0,119,44,163,2022-01-31T23:00:00Z
09,84,Donji Lapac,104,65,169,7,4,11,26,7,33,0,0,0,11,5,16,0,0,0,0,0,0,148,81,229,2022-01-31T23:00:00Z
10,136,Gradina,80,102,182,12,8,20,130,44,174,2,0,2,38,28,66,0,0,0,0,0,0,262,182,444,2022-01-31T23:00:00Z
10,245,Lukač,207,113,320,14,5,19,45,16,61,1,0,1,57,29,86,0,0,0,0,0,0,324,163,487,2022-01-31T23:00:00Z
10,266,Mikleuš,74,50,124,9,2,11,15,7,22,0,0,0,13,10,23,0,0,0,0,0,0,111,69,180,2022-01-31T23:00:00Z
10,283,Nova Bukovica,42,48,90,9,5,14,35,7,42,1,0,1,20,18,38,0,0,0,1,0,1,108,78,186,2022-01-31T23:00:00Z
10,307,Orahovica,940,670,1610,68,37,105,11,3,14,9,10,19,91,95,186,0,0,0,9,5,14,1128,820,1948,2022-01-31T23:00:00Z
10,332,Pitomača,696,672,1368,79,44,123,155,86,241,0,9,9,187,156,343,0,0,0,1,10,11,1118,977,2095,2022-01-31T23:00:00Z
10,395,Slatina,1471,1402,2873,147,70,217,135,38,173,12,21,33,198,257,455,0,0,0,4,6,10,1967,1794,3761,2022-01-31T23:00:00Z
10,407,Sopje,143,42,185,4,1,5,87,21,108,0,0,0,20,21,41,0,0,0,0,0,0,254,85,339,2022-01-31T23:00:00Z
10,424,Suhopolje,254,281,535,25,20,45,101,45,146,1,1,2,55,49,104,0,0,0,2,1,3,438,397,835,2022-01-31T23:00:00Z
10,449,Špišić Bukovica,139,153,292,20,8,28,163,58,221,1,2,3,34,59,93,0,0,0,1,1,2,358,281,639,2022-01-31T23:00:00Z
10,491,Virovitica,3905,4054,7959,190,108,298,101,25,126,34,20,54,378,357,735,0,0,0,5,10,15,4613,4574,9187,2022-01-31T23:00:00Z
10,499,Voćin,141,99,240,11,3,14,24,33,57,0,0,0,9,4,13,0,0,0,0,0,0,185,139,324,2022-01-31T23:00:00Z
10,524,Zdenci,124,85,209,10,3,13,19,7,26,0,1,1,12,13,25,0,0,0,1,2,3,166,111,277,2022-01-31T23:00:00Z
10,54,Crnac,25,34,59,15,3,18,18,7,25,0,0,0,16,13,29,0,0,0,0,0,0,74,57,131,2022-01-31T23:00:00Z
10,56,Čačinci,161,102,263,19,14,33,19,9,28,0,3,3,26,30,56,0,0,0,1,3,4,226,161,387,2022-01-31T23:00:00Z
10,57,Čađavica,120,106,226,14,9,23,67,18,85,0,0,0,49,30,79,0,0,0,0,0,0,250,163,413,2022-01-31T23:00:00Z
11,164,Jakšić,138,115,253,30,4,34,23,5,28,0,2,2,50,16,66,0,0,0,0,0,0,241,142,383,2022-01-31T23:00:00Z
11,177,Kaptol,97,82,179,16,2,18,22,3,25,0,1,1,41,10,51,0,0,0,0,1,1,176,99,275,2022-01-31T23:00:00Z
11,221,Kutjevo,563,402,965,47,17,64,65,29,94,1,2,3,80,66,146,0,0,0,7,1,8,763,517,1280,2022-01-31T23:00:00Z
11,231,Lipik,772,626,1398,39,15,54,23,14,37,2,11,13,51,53,104,0,0,0,1,0,1,888,719,1607,2022-01-31T23:00:00Z
11,318,Pakrac,634,1110,1744,83,30,113,53,20,73,15,18,33,171,97,268,0,0,0,1,4,5,957,1279,2236,2022-01-31T23:00:00Z
11,334,Pleternica,580,431,1011,81,29,110,55,14,69,3,5,8,180,130,310,0,0,0,2,10,12,901,619,1520,2022-01-31T23:00:00Z
11,35,Brestovac,107,88,195,16,3,19,13,3,16,1,1,2,29,11,40,0,0,0,0,1,1,166,107,273,2022-01-31T23:00:00Z
11,351,Požega,5244,4329,9573,310,159,469,124,45,169,39,92,131,435,362,797,0,1,1,13,20,33,6165,5008,11173,2022-01-31T23:00:00Z
11,475,Velika,333,283,616,23,15,38,23,5,28,2,3,5,49,37,86,0,0,0,1,0,1,431,343,774,2022-01-31T23:00:00Z
11,58,Čaglin,93,157,250,8,2,10,17,6,23,0,1,1,15,12,27,0,0,0,1,0,1,134,178,312,2022-01-31T23:00:00Z
12,10,Bebrina,40,49,89,10,8,18,17,5,22,2,0,2,12,9,21,0,0,0,1,0,1,82,71,153,2022-01-31T23:00:00Z
12,118,Garčin,118,188,306,30,9,39,32,16,48,0,0,0,23,24,47,0,0,0,0,1,1,203,238,441,2022-01-31T23:00:00Z
12,127,Gornji Bogićevci,52,41,93,11,2,13,10,2,12,0,0,0,16,22,38,0,0,0,0,0,0,89,67,156,2022-01-31T23:00:00Z
12,140,Gundinci,77,69,146,12,3,15,47,24,71,0,0,0,12,9,21,0,0,0,1,0,1,149,105,254,2022-01-31T23:00:00Z
12,185,Klakar,82,67,149,14,3,17,22,4,26,0,1,1,11,13,24,0,0,0,2,0,2,131,88,219,2022-01-31T23:00:00Z
12,284,Nova Gradiška,2182,2071,4253,144,94,238,25,18,43,25,20,45,261,306,567,0,0,0,1,3,4,2638,2512,5150,2022-01-31T23:00:00Z
12,285,Nova Kapela,152,192,344,21,18,39,24,7,31,3,3,6,53,53,106,0,0,0,1,1,2,254,274,528,2022-01-31T23:00:00Z
12,299,Okučani,219,151,370,28,7,35,11,2,13,0,1,1,41,27,68,0,0,0,1,3,4,300,191,491,2022-01-31T23:00:00Z
12,303,Oprisavci,278,175,453,9,0,9,37,11,48,1,0,1,9,17,26,0,0,0,0,0,0,334,203,537,2022-01-31T23:00:00Z
12,309,Oriovac,279,286,565,41,21,62,20,12,32,2,3,5,70,61,131,0,0,0,1,2,3,413,385,798,2022-01-31T23:00:00Z
12,338,Podcrkavlje,34,35,69,17,1,18,8,3,11,0,1,1,22,2,24,0,0,0,0,0,0,81,42,123,2022-01-31T23:00:00Z
12,372,Rešetari,204,234,438,37,7,44,20,9,29,3,1,4,89,46,135,0,0,0,0,0,0,353,297,650,2022-01-31T23:00:00Z
12,388,Sibinj,133,251,384,55,18,73,20,0,20,0,0,0,57,35,92,0,0,0,2,3,5,267,307,574,2022-01-31T23:00:00Z
12,39,Brodski Stupnik,72,62,134,15,9,24,9,3,12,2,0,2,73,34,107,0,0,0,0,0,0,171,108,279,2022-01-31T23:00:00Z
12,396,Slavonski Brod,13523,9385,22908,604,339,943,46,32,78,80,89,169,939,933,1872,1,0,1,21,19,40,15214,10797,26011,2022-01-31T23:00:00Z
12,397,Slavonski Šamac,66,44,110,9,4,13,17,9,26,0,1,1,11,5,16,0,0,0,0,0,0,103,63,166,2022-01-31T23:00:00Z
12,412,Stara Gradiška,150,81,231,4,2,6,9,3,12,0,0,0,27,7,34,0,0,0,0,0,0,190,93,283,2022-01-31T23:00:00Z
12,418,Staro Petrovo Selo,194,118,312,35,7,42,40,15,55,1,1,2,90,51,141,0,0,0,0,3,3,360,195,555,2022-01-31T23:00:00Z
12,46,Cernik,139,182,321,32,12,44,9,6,15,3,2,5,56,23,79,0,0,0,0,2,2,239,227,466,2022-01-31T23:00:00Z
12,476,Velika Kopanica,166,104,270,28,7,35,29,17,46,1,1,2,36,30,66,0,0,0,0,2,2,260,161,421,2022-01-31T23:00:00Z
12,506,Vrbje,35,18,53,10,1,11,19,2,21,0,0,0,22,24,46,0,0,0,0,0,0,86,45,131,2022-01-31T23:00:00Z
12,514,Vrpolje,209,102,311,23,5,28,44,15,59,0,2,2,18,16,34,0,0,0,0,1,1,294,141,435,2022-01-31T23:00:00Z
12,567,Bukovlje,87,55,142,17,9,26,0,0,0,1,0,1,9,17,26,0,0,0,0,0,0,114,81,195,2022-01-31T23:00:00Z
12,568,Dragalić,28,44,72,7,1,8,8,2,10,0,0,0,4,5,9,0,0,0,0,1,1,47,53,100,2022-01-31T23:00:00Z
12,569,Gornja Vrba,356,110,466,14,3,17,1,1,2,0,1,1,25,17,42,0,0,0,0,1,1,396,133,529,2022-01-31T23:00:00Z
12,570,Sikirevci,39,45,84,22,4,26,38,14,52,0,0,0,12,10,22,0,0,0,1,1,2,112,74,186,2022-01-31T23:00:00Z
12,68,Davor,114,71,185,13,4,17,16,5,21,1,0,1,15,22,37,0,0,0,0,1,1,159,103,262,2022-01-31T23:00:00Z
12,81,Donji Andrijevci,183,117,300,21,10,31,22,5,27,1,1,2,29,18,47,0,0,0,0,4,4,256,155,411,2022-01-31T23:00:00Z
13,131,Gračac,251,269,520,21,16,37,67,30,97,2,1,3,40,40,80,0,0,0,0,2,2,381,358,739,2022-01-31T23:00:00Z
13,167,Jasenice,153,80,233,14,0,14,6,3,9,2,0,2,14,8,22,0,0,0,0,4,4,189,95,284,2022-01-31T23:00:00Z
13,17,Benkovac,1140,1046,2186,99,34,133,96,57,153,10,8,18,207,126,333,0,0,0,5,7,12,1557,1278,2835,2022-01-31T23:00:00Z
13,173,Kali,300,120,420,27,13,40,3,1,4,14,0,14,49,27,76,0,0,0,1,1,2,394,162,556,2022-01-31T23:00:00Z
13,20,Bibinje,209,220,429,53,20,73,4,0,4,2,2,4,70,57,127,0,0,0,0,4,4,338,303,641,2022-01-31T23:00:00Z
13,22,Biograd Na Moru,1093,1342,2435,114,58,172,28,15,43,16,7,23,144,188,332,0,0,0,7,20,27,1402,1630,3032,2022-01-31T23:00:00Z
13,234,Lišane Ostrovičke,20,31,51,9,2,11,0,0,0,0,0,0,11,8,19,0,0,0,0,0,0,40,41,81,2022-01-31T23:00:00Z
13,282,Nin,503,332,835,43,12,55,9,5,14,5,3,8,49,35,84,0,0,0,19,70,89,628,457,1085,2022-01-31T23:00:00Z
13,296,Obrovac,336,218,554,27,10,37,35,9,44,3,2,5,12,34,46,0,0,0,6,6,12,419,279,698,2022-01-31T23:00:00Z
13,316,Pag,488,416,904,57,23,80,31,12,43,6,5,11,48,42,90,0,0,0,12,8,20,642,506,1148,2022-01-31T23:00:00Z
13,317,Pakoštane,329,301,630,53,19,72,10,14,24,10,2,12,97,50,147,0,0,0,17,19,36,516,405,921,2022-01-31T23:00:00Z
13,320,Pašman,109,107,216,41,11,52,4,3,7,13,0,13,36,27,63,0,0,0,1,1,2,204,149,353,2022-01-31T23:00:00Z
13,344,Polača,112,68,180,14,5,19,4,2,6,3,0,3,8,15,23,0,0,0,1,3,4,142,93,235,2022-01-31T23:00:00Z
13,345,Poličnik,438,358,796,47,6,53,9,6,15,6,1,7,44,20,64,0,0,0,1,2,3,545,393,938,2022-01-31T23:00:00Z
13,349,Posedarje,149,183,332,35,12,47,5,8,13,7,2,9,31,31,62,0,0,0,0,5,5,227,241,468,2022-01-31T23:00:00Z
13,354,Preko,252,428,680,44,11,55,6,4,10,29,3,32,44,27,71,0,0,0,4,9,13,379,482,861,2022-01-31T23:00:00Z
13,371,Ražanac,79,88,167,24,7,31,6,7,13,16,1,17,25,11,36,0,0,0,3,2,5,153,116,269,2022-01-31T23:00:00Z
13,379,Sali,155,132,287,39,9,48,6,2,8,7,2,9,25,15,40,0,0,0,4,6,10,236,166,402,2022-01-31T23:00:00Z
13,411,Stankovci,228,132,360,27,4,31,7,3,10,0,1,1,33,16,49,0,0,0,0,1,1,295,157,452,2022-01-31T23:00:00Z
13,416,Starigrad,118,133,251,42,25,67,7,2,9,2,0,2,26,32,58,0,0,0,4,17,21,199,209,408,2022-01-31T23:00:00Z
13,425,Sukošan,395,281,676,59,19,78,10,4,14,5,2,7,60,52,112,0,0,0,1,7,8,530,365,895,2022-01-31T23:00:00Z
13,428,Sveti Filip I Jakov,204,334,538,35,19,54,8,4,12,14,3,17,36,41,77,0,0,0,1,3,4,298,404,702,2022-01-31T23:00:00Z
13,445,Škabrnje,66,78,144,25,3,28,3,1,4,2,1,3,13,8,21,0,0,0,1,2,3,110,93,203,2022-01-31T23:00:00Z
13,489,Vir,269,259,528,49,12,61,2,2,4,2,1,3,23,37,60,0,0,0,4,3,7,349,314,663,2022-01-31T23:00:00Z
13,520,Zadar,14584,15822,30406,1044,588,1632,44,28,72,675,211,886,1292,1384,2676,2,0,2,147,150,297,17788,18183,35971,2022-01-31T23:00:00Z
13,525,Zemunik Donji,107,162,269,17,5,22,3,2,5,0,0,0,27,8,35,0,0,0,33,46,79,187,223,410,2022-01-31T23:00:00Z
13,537,Novigrad,61,80,141,25,1,26,4,4,8,4,1,5,28,10,38,0,0,0,1,3,4,123,99,222,2022-01-31T23:00:00Z
13,571,Galovac,28,63,91,10,1,11,4,4,8,2,2,4,9,7,16,0,0,0,0,2,2,53,79,132,2022-01-31T23:00:00Z
13,572,Kukljica,48,40,88,16,2,18,1,0,1,3,1,4,27,7,34,0,0,0,1,1,2,96,51,147,2022-01-31T23:00:00Z
13,573,Povljana,42,29,71,14,4,18,5,3,8,3,0,3,9,6,15,0,0,0,1,1,2,74,43,117,2022-01-31T23:00:00Z
13,574,Privlaka,117,120,237,17,10,27,0,2,2,12,0,12,20,12,32,0,0,0,5,3,8,171,147,318,2022-01-31T23:00:00Z
13,575,Tkon,88,63,151,23,5,28,2,2,4,3,0,3,43,20,63,0,0,0,2,2,4,161,92,253,2022-01-31T23:00:00Z
13,622,Kolan,114,74,188,21,3,24,4,2,6,0,0,0,18,19,37,0,0,0,2,2,4,159,100,259,2022-01-31T23:00:00Z
13,625,Vrsi,95,60,155,14,5,19,6,4,10,16,0,16,27,23,50,0,0,0,7,1,8,165,93,258,2022-01-31T23:00:00Z
14,103,Đakovo,2829,2852,5681,484,214,698,201,92,293,29,39,68,668,576,1244,0,0,0,10,11,21,4221,3784,8005,2022-01-31T23:00:00Z
14,106,Đurđenovac,560,546,1106,41,13,54,20,15,35,0,6,6,78,46,124,0,0,0,4,0,4,703,626,1329,2022-01-31T23:00:00Z
14,110,Erdut,306,202,508,38,18,56,56,14,70,2,6,8,54,45,99,0,0,0,1,0,1,457,285,742,2022-01-31T23:00:00Z
14,111,Ernestinovo,68,202,270,5,2,7,24,8,32,2,1,3,8,11,19,0,0,0,1,0,1,108,224,332,2022-01-31T23:00:00Z
14,116,Feričanci,126,111,237,23,5,28,3,0,3,0,3,3,42,15,57,0,0,0,0,0,0,194,134,328,2022-01-31T23:00:00Z
14,124,Gorjani,123,148,271,18,4,22,14,8,22,0,0,0,14,6,20,0,0,0,0,0,0,169,166,335,2022-01-31T23:00:00Z
14,13,Beli Manastir,1099,1122,2221,77,43,120,59,34,93,9,12,21,114,99,213,0,0,0,3,2,5,1361,1312,2673,2022-01-31T23:00:00Z
14,16,Belišće,1662,634,2296,69,30,99,28,8,36,2,7,9,88,98,186,0,0,0,1,2,3,1850,779,2629,2022-01-31T23:00:00Z
14,195,Kneževi Vinogradi,217,288,505,33,6,39,35,6,41,1,2,3,61,70,131,0,0,0,1,0,1,348,372,720,2022-01-31T23:00:00Z
14,2,Antunovac,170,142,312,31,12,43,13,6,19,0,0,0,15,11,26,0,0,0,0,0,0,229,171,400,2022-01-31T23:00:00Z
14,205,Koška,191,165,356,25,5,30,28,8,36,2,4,6,36,25,61,0,0,0,2,2,4,284,209,493,2022-01-31T23:00:00Z
14,21,Bilje,291,271,562,46,21,67,19,12,31,2,5,7,66,48,114,0,0,0,1,2,3,425,359,784,2022-01-31T23:00:00Z
14,23,Bizovac,223,248,471,27,11,38,23,11,34,2,3,5,26,33,59,0,0,0,8,13,21,309,319,628,2022-01-31T23:00:00Z
14,230,Levanjska Varoš,43,56,99,3,1,4,11,8,19,0,0,0,0,4,4,0,0,0,0,1,1,57,70,127,2022-01-31T23:00:00Z
14,257,Marijanci,105,74,179,7,5,12,12,0,12,0,0,0,18,19,37,0,0,0,1,1,2,143,99,242,2022-01-31T23:00:00Z
14,271,Moslavina Podravska,21,48,69,4,2,6,17,6,23,0,0,0,13,10,23,0,0,0,0,0,0,55,66,121,2022-01-31T23:00:00Z
14,278,Našice,2176,1786,3962,169,84,253,60,24,84,22,37,59,262,228,490,0,0,0,12,6,18,2701,2165,4866,2022-01-31T23:00:00Z
14,312,Osijek,23877,22402,46279,919,650,1569,113,39,152,173,181,354,751,1116,1867,1,1,2,40,38,78,25874,24427,50301,2022-01-31T23:00:00Z
14,325,Petlovac,47,28,75,4,4,8,13,0,13,0,0,0,14,8,22,0,0,0,0,0,0,78,40,118,2022-01-31T23:00:00Z
14,327,Petrijevci,287,212,499,17,3,20,5,4,9,0,1,1,14,8,22,0,0,0,1,3,4,324,231,555,2022-01-31T23:00:00Z
14,340,Podgorač,108,107,215,25,7,32,27,5,32,1,3,4,16,30,46,0,0,0,0,0,0,177,152,329,2022-01-31T23:00:00Z
14,346,Popovac,54,57,111,2,3,5,5,5,10,0,0,0,6,3,9,0,0,0,0,0,0,67,68,135,2022-01-31T23:00:00Z
14,361,Punitovci,49,61,110,22,3,25,17,4,21,0,0,0,37,7,44,0,0,0,0,0,0,125,75,200,2022-01-31T23:00:00Z
14,381,Satnica Đakovačka,114,85,199,22,5,27,10,3,13,0,0,0,47,28,75,0,0,0,0,0,0,193,121,314,2022-01-31T23:00:00Z
14,386,Semeljci,239,205,444,45,18,63,56,26,82,1,1,2,78,42,120,0,0,0,0,1,1,419,293,712,2022-01-31T23:00:00Z
14,421,Strizivojna,318,304,622,17,8,25,18,3,21,0,0,0,20,10,30,0,0,0,1,1,2,374,326,700,2022-01-31T23:00:00Z
14,461,Trnava,55,59,114,6,2,8,14,7,21,0,0,0,13,3,16,0,0,0,0,0,0,88,71,159,2022-01-31T23:00:00Z
14,471,Valpovo,864,1058,1922,70,57,127,48,18,66,13,22,35,81,102,183,0,0,0,8,9,17,1084,1266,2350,2022-01-31T23:00:00Z
14,485,Viljevo,45,75,120,11,0,11,23,5,28,0,0,0,20,9,29,0,0,0,0,1,1,99,90,189,2022-01-31T23:00:00Z
14,494,Viškovci,203,213,416,23,6,29,16,5,21,0,0,0,21,5,26,0,0,0,1,0,1,264,229,493,2022-01-31T23:00:00Z
14,517,Vuka,38,51,89,16,2,18,15,4,19,0,0,0,19,10,29,0,0,0,0,0,0,88,67,155,2022-01-31T23:00:00Z
14,576,Donja Motičina,24,29,53,8,3,11,1,1,2,0,0,0,14,6,20,0,0,0,0,0,0,47,39,86,2022-01-31T23:00:00Z
14,578,Magadenovac,90,115,205,4,2,6,28,10,38,0,1,1,21,23,44,0,0,0,0,0,0,143,151,294,2022-01-31T23:00:00Z
14,579,Vladislavci,137,127,264,3,0,3,6,4,10,0,0,0,7,5,12,0,0,0,0,0,0,153,136,289,2022-01-31T23:00:00Z
14,609,Jagodnjak,114,61,175,7,2,9,25,6,31,0,0,0,9,5,14,0,0,0,0,0,0,155,74,229,2022-01-31T23:00:00Z
14,614,Šodolovci,25,34,59,0,0,0,0,0,0,0,0,0,8,4,12,0,0,0,0,0,0,33,38,71,2022-01-31T23:00:00Z
14,64,Čeminac,64,94,158,12,0,12,4,2,6,0,0,0,17,9,26,0,0,0,0,0,0,97,105,202,2022-01-31T23:00:00Z
14,65,Čepin,685,475,1160,97,30,127,57,29,86,4,5,9,116,95,211,0,0,0,2,4,6,961,638,1599,2022-01-31T23:00:00Z
14,66,Darda,1726,835,2561,54,29,83,36,4,40,2,4,6,60,50,110,0,0,0,1,1,2,1879,923,2802,2022-01-31T23:00:00Z
14,86,Donji Miholjac,1148,959,2107,87,51,138,160,34,194,3,15,18,158,119,277,0,0,0,2,3,5,1558,1181,2739,2022-01-31T23:00:00Z
14,91,Draž,78,127,205,11,3,14,16,4,20,0,0,0,7,10,17,0,0,0,1,1,2,113,145,258,2022-01-31T23:00:00Z
14,94,Drenje,93,137,230,31,6,37,46,18,64,0,0,0,16,19,35,0,0,0,0,0,0,186,180,366,2022-01-31T23:00:00Z
15,113,Ervenik,38,47,85,1,0,1,4,1,5,0,0,0,2,2,4,0,0,0,0,0,0,45,50,95,2022-01-31T23:00:00Z
15,183,Kijevo,32,32,64,2,0,2,0,0,0,0,0,0,0,0,0,0,0,0,0,0,0,34,32,66,2022-01-31T23:00:00Z
15,184,Kistanje,57,69,126,16,4,20,1,2,3,1,0,1,13,9,22,0,0,0,0,0,0,88,84,172,2022-01-31T23:00:00Z
15,196,Knin,1487,1439,2926,127,69,196,61,18,79,32,5,37,145,148,293,0,0,0,2,2,4,1854,1681,3535,2022-01-31T23:00:00Z
15,298,Promina,111,97,208,1,1,2,1,2,3,0,0,0,1,1,2,0,0,0,0,0,0,114,101,215,2022-01-31T23:00:00Z
15,310,Biskupija,96,25,121,1,0,1,2,1,3,1,0,1,0,0,0,0,0,0,0,0,0,100,26,126,2022-01-31T23:00:00Z
15,357,Primošten,253,248,501,74,21,95,6,2,8,7,0,7,44,26,70,0,1,1,4,4,8,388,302,690,2022-01-31T23:00:00Z
15,377,Ružić,28,40,68,4,0,4,6,5,11,0,0,0,2,9,11,0,0,0,0,0,0,40,54,94,2022-01-31T23:00:00Z
15,394,Skradin,120,140,260,43,12,55,20,8,28,3,2,5,28,21,49,0,0,0,2,1,3,216,184,400,2022-01-31T23:00:00Z
15,444,Šibenik,7776,8157,15933,618,334,952,38,14,52,197,94,291,590,654,1244,1,0,1,26,54,80,9246,9307,18553,2022-01-31T23:00:00Z
15,454,Tisno,318,253,571,96,28,124,5,0,5,8,3,11,54,46,100,0,0,0,1,4,5,482,334,816,2022-01-31T23:00:00Z
15,469,Unešić,42,64,106,10,0,10,4,1,5,1,0,1,17,6,23,0,0,0,0,0,0,74,71,145,2022-01-31T23:00:00Z
15,500,Vodice,848,961,1809,253,84,337,14,4,18,10,10,20,233,131,364,0,0,0,16,44,60,1374,1234,2608,2022-01-31T23:00:00Z
15,51,Civljane,47,10,57,1,1,2,0,0,0,0,0,0,3,3,6,0,0,0,0,0,0,51,14,65,2022-01-31T23:00:00Z
15,581,Pirovac,139,155,294,28,12,40,6,2,8,1,2,3,47,32,79,0,0,0,0,0,0,221,203,424,2022-01-31T23:00:00Z
15,582,Rogoznica,236,208,444,46,11,57,2,1,3,11,1,12,37,42,79,0,0,0,2,2,4,334,265,599,2022-01-31T23:00:00Z
15,617,Murter,245,256,501,46,25,71,5,1,6,17,3,20,58,33,91,0,0,0,12,10,22,383,328,711,2022-01-31T23:00:00Z
15,621,Bilice,77,43,120,25,6,31,0,0,0,5,0,5,14,11,25,0,0,0,0,0,0,121,60,181,2022-01-31T23:00:00Z
15,626,Tribunj,79,90,169,19,10,29,1,0,1,5,0,5,52,25,77,0,0,0,1,0,1,157,125,282,2022-01-31T23:00:00Z
15,95,Drniš,890,615,1505,71,52,123,52,21,73,6,6,12,89,87,176,0,0,0,1,1,2,1109,782,1891,2022-01-31T23:00:00Z
16,1,Andrijaševci,70,105,175,26,12,38,12,5,17,2,1,3,34,29,63,0,0,0,0,3,3,144,155,299,2022-01-31T23:00:00Z
16,137,Gradište,95,93,188,17,4,21,31,4,35,0,1,1,13,17,30,0,0,0,0,1,1,156,120,276,2022-01-31T23:00:00Z
16,141,Gunja,186,110,296,28,9,37,45,15,60,2,0,2,37,4,41,0,0,0,0,3,3,298,141,439,2022-01-31T23:00:00Z
16,154,Ilok,455,524,979,67,24,91,47,18,65,2,3,5,111,91,202,0,0,0,0,3,3,682,663,1345,2022-01-31T23:00:00Z
16,159,Ivankovo,336,395,731,67,31,98,49,13,62,2,5,7,125,64,189,0,0,0,3,2,5,582,510,1092,2022-01-31T23:00:00Z
16,166,Jarmina,27,71,98,14,7,21,28,11,39,0,2,2,19,13,32,0,0,0,1,5,6,89,109,198,2022-01-31T23:00:00Z
16,239,Lovas,57,58,115,6,0,6,13,0,13,1,0,1,5,5,10,0,0,0,0,0,0,82,63,145,2022-01-31T23:00:00Z
16,26,Bogdanovci,27,16,43,3,0,3,7,4,11,0,0,0,17,6,23,0,0,0,0,0,0,54,26,80,2022-01-31T23:00:00Z
16,29,Borovo,66,107,173,43,14,57,26,6,32,1,3,4,59,75,134,0,0,0,2,1,3,197,206,403,2022-01-31T23:00:00Z
16,294,Nuštar,231,307,538,33,17,50,26,6,32,2,2,4,36,26,62,0,0,0,1,1,2,329,359,688,2022-01-31T23:00:00Z
16,295,Nijemci,181,190,371,24,7,31,91,27,118,1,1,2,46,29,75,0,0,0,0,2,2,343,256,599,2022-01-31T23:00:00Z
16,3,Babina Greda,144,137,281,29,14,43,77,28,105,3,0,3,28,40,68,0,0,0,1,1,2,282,220,502,2022-01-31T23:00:00Z
16,32,Bošnjaci,128,103,231,23,6,29,36,7,43,2,0,2,29,34,63,0,0,0,0,0,0,218,150,368,2022-01-31T23:00:00Z
16,414,Stari Jankovci,129,122,251,22,3,25,38,9,47,1,0,1,34,17,51,0,0,0,0,1,1,224,152,376,2022-01-31T23:00:00Z
16,415,Stari Mikanovci,90,130,220,17,11,28,21,12,33,2,1,3,30,39,69,0,0,0,0,0,0,160,193,353,2022-01-31T23:00:00Z
16,44,Cerna,408,211,619,37,23,60,50,19,69,2,1,3,71,60,131,0,0,0,1,0,1,569,314,883,2022-01-31T23:00:00Z
16,456,Tompojevci,18,36,54,15,4,19,39,12,51,0,0,0,14,10,24,0,0,0,0,0,0,86,62,148,2022-01-31T23:00:00Z
16,458,Tordinci,93,88,181,7,2,9,10,0,10,1,0,1,8,12,20,0,0,0,0,0,0,119,102,221,2022-01-31T23:00:00Z
16,459,Tovarnik,144,125,269,19,3,22,48,23,71,1,1,2,9,20,29,0,0,0,0,1,1,221,173,394,2022-01-31T23:00:00Z
16,464,Trpinja,109,186,295,24,7,31,83,15,98,2,0,2,32,23,55,0,0,0,0,0,0,250,231,481,2022-01-31T23:00:00Z
16,487,Vinkovci,8035,6368,14403,287,185,472,47,22,69,57,51,108,438,611,1049,1,0,1,12,14,26,8877,7251,16128,2022-01-31T23:00:00Z
16,505,Vrbanja,274,113,387,27,14,41,67,16,83,2,1,3,34,29,63,0,0,0,0,0,0,404,173,577,2022-01-31T23:00:00Z
16,518,Vukovar,4374,4592,8966,290,141,431,97,40,137,26,30,56,412,399,811,0,0,0,5,10,15,5204,5212,10416,2022-01-31T23:00:00Z
16,534,Županja,2113,1515,3628,141,54,195,39,10,49,20,20,40,178,191,369,1,0,1,5,6,11,2497,1796,4293,2022-01-31T23:00:00Z
16,535,Otok (Vinkovci),404,275,679,36,20,56,61,11,72,6,1,7,73,53,126,0,0,0,1,2,3,581,362,943,2022-01-31T23:00:00Z
16,583,Privlaka,102,77,179,16,4,20,22,9,31,0,2,2,14,17,31,0,0,0,1,0,1,155,109,264,2022-01-31T23:00:00Z
16,584,Vođinci,40,154,194,14,2,16,7,5,12,0,1,1,20,12,32,0,0,0,0,1,1,81,175,256,2022-01-31T23:00:00Z
16,610,Markušica,43,51,94,10,4,14,52,15,67,0,1,1,10,12,22,0,0,0,1,1,2,116,84,200,2022-01-31T23:00:00Z
16,612,Negoslavci,29,13,42,5,1,6,12,3,15,1,0,1,15,15,30,0,0,0,0,0,0,62,32,94,2022-01-31T23:00:00Z
16,628,Štitar,76,62,138,6,0,6,13,4,17,0,1,1,10,9,19,0,0,0,0,0,0,105,76,181,2022-01-31T23:00:00Z
16,92,Drenovci,100,160,260,40,5,45,103,37,140,1,1,2,45,43,88,0,0,0,0,1,1,289,247,536,2022-01-31T23:00:00Z
17,100,Dugi Rat,535,591,1126,78,33,111,1,2,3,36,4,40,142,97,239,0,0,0,8,17,25,800,744,1544,2022-01-31T23:00:00Z
17,134,Gradac,127,148,275,37,14,51,5,1,6,2,2,4,18,23,41,0,0,0,8,24,32,197,212,409,2022-01-31T23:00:00Z
17,148,Hrvace,291,212,503,40,16,56,6,7,13,2,3,5,48,44,92,0,0,0,1,2,3,388,284,672,2022-01-31T23:00:00Z
17,153,Hvar,497,502,999,166,58,224,16,10,26,18,7,25,120,107,227,3,0,3,42,54,96,862,738,1600,2022-01-31T23:00:00Z
17,155,Imotski,1343,1377,2720,167,93,260,13,7,20,31,14,45,131,180,311,0,0,0,11,12,23,1696,1683,3379,2022-01-31T23:00:00Z
17,171,Jelsa,289,288,577,82,21,103,33,13,46,11,1,12,97,48,145,0,0,0,16,8,24,528,379,907,2022-01-31T23:00:00Z
17,181,Kaštela,3407,3690,7097,492,237,729,20,15,35,125,38,163,505,521,1026,0,0,0,80,51,131,4629,4552,9181,2022-01-31T23:00:00Z
17,192,Klis,240,180,420,30,8,38,7,2,9,21,1,22,49,33,82,0,0,0,0,2,2,347,226,573,2022-01-31T23:00:00Z
17,197,Komiža,120,124,244,56,13,69,5,0,5,5,2,7,25,23,48,0,0,0,7,14,21,218,176,394,2022-01-31T23:00:00Z
17,243,Lovreć,132,100,232,16,7,23,4,0,4,1,0,1,26,13,39,0,0,0,2,2,4,181,122,303,2022-01-31T23:00:00Z
17,249,Makarska,2338,2301,4639,256,158,414,2,1,3,51,29,80,323,322,645,0,0,0,61,101,162,3031,2912,5943,2022-01-31T23:00:00Z
17,258,Marina,193,244,437,58,21,79,4,6,10,13,1,14,30,40,70,1,0,1,2,1,3,301,313,614,2022-01-31T23:00:00Z
17,267,Milna,76,78,154,23,5,28,5,1,6,4,0,4,15,22,37,0,0,0,4,4,8,127,110,237,2022-01-31T23:00:00Z
17,27,Bol,230,316,546,46,15,61,4,2,6,3,2,5,55,21,76,0,0,0,14,17,31,352,373,725,2022-01-31T23:00:00Z
17,280,Nerežišća,154,57,211,19,2,21,4,2,6,0,0,0,24,18,42,0,0,0,1,0,1,202,79,281,2022-01-31T23:00:00Z
17,300,Omiš,1465,1646,3111,209,79,288,12,5,17,43,16,59,279,264,543,0,0,0,12,29,41,2020,2039,4059,2022-01-31T23:00:00Z
17,314,Otok,179,219,398,51,20,71,10,0,10,4,1,5,77,50,127,0,0,0,0,1,1,321,291,612,2022-01-31T23:00:00Z
17,337,Podbablje,278,174,452,34,3,37,5,0,5,2,1,3,17,35,52,0,0,0,0,2,2,336,215,551,2022-01-31T23:00:00Z
17,339,Podgora,194,169,363,43,8,51,1,2,3,1,0,1,26,16,42,0,0,0,37,26,63,302,221,523,2022-01-31T23:00:00Z
17,341,Podstrana,809,674,1483,65,22,87,16,4,20,45,3,48,68,87,155,0,0,0,9,21,30,1012,811,1823,2022-01-31T23:00:00Z
17,350,Postira,258,227,485,34,16,50,9,3,12,1,3,4,9,13,22,0,0,0,3,1,4,314,263,577,2022-01-31T23:00:00Z
17,358,Pučišća,222,126,348,45,6,51,7,6,13,5,0,5,37,13,50,0,0,0,5,1,6,321,152,473,2022-01-31T23:00:00Z
17,382,Seget,477,347,824,34,6,40,9,3,12,10,2,12,154,68,222,0,0,0,7,11,18,691,437,1128,2022-01-31T23:00:00Z
17,383,Selca,140,114,254,41,13,54,9,3,12,7,1,8,68,23,91,0,0,0,1,2,3,266,156,422,2022-01-31T23:00:00Z
17,389,Sinj,1937,2023,3960,284,146,430,57,21,78,40,44,84,300,389,689,0,0,0,10,15,25,2628,2638,5266,2022-01-31T23:00:00Z
17,406,Solin,3517,3067,6584,256,137,393,12,6,18,120,38,158,291,292,583,0,0,0,10,7,17,4206,3547,7753,2022-01-31T23:00:00Z
17,409,Split,34834,38087,72921,1536,1087,2623,64,41,105,2206,454,2660,1454,2148,3602,4,1,5,180,213,393,40278,42031,82309,2022-01-31T23:00:00Z
17,413,Stari Grad,317,304,621,66,18,84,23,14,37,6,4,10,43,32,75,0,0,0,22,17,39,477,389,866,2022-01-31T23:00:00Z
17,423,Sućuraj,24,22,46,22,2,24,4,2,6,1,0,1,10,5,15,0,0,0,0,1,1,61,32,93,2022-01-31T23:00:00Z
17,427,Supetar,569,689,1258,104,59,163,20,8,28,23,8,31,108,120,228,0,0,0,11,5,16,835,889,1724,2022-01-31T23:00:00Z
17,443,Šestanovac,126,153,279,30,6,36,10,1,11,1,2,3,20,21,41,0,0,0,3,0,3,190,183,373,2022-01-31T23:00:00Z
17,447,Šolta,168,122,290,13,4,17,9,3,12,10,0,10,5,13,18,0,0,0,13,9,22,218,151,369,2022-01-31T23:00:00Z
17,460,Trilj,489,589,1078,121,30,151,19,7,26,11,2,13,102,134,236,0,0,0,0,4,4,742,766,1508,2022-01-31T23:00:00Z
17,463,Trogir,1753,1759,3512,312,136,448,16,5,21,55,38,93,272,355,627,0,0,0,22,48,70,2430,2341,4771,2022-01-31T23:00:00Z
17,492,Vis,223,243,466,40,14,54,16,3,19,5,2,7,31,24,55,0,0,0,21,17,38,336,303,639,2022-01-31T23:00:00Z
17,50,Cista Provo,127,164,291,24,3,27,7,0,7,0,0,0,7,7,14,0,0,0,1,3,4,166,177,343,2022-01-31T23:00:00Z
17,511,Vrgorac,973,698,1671,52,24,76,25,13,38,5,6,11,51,79,130,0,0,0,1,3,4,1107,823,1930,2022-01-31T23:00:00Z
17,513,Vrlika,90,228,318,15,3,18,13,5,18,3,0,3,25,3,28,0,0,0,1,0,1,147,239,386,2022-01-31T23:00:00Z
17,522,Zagvozd,130,78,208,16,2,18,2,0,2,1,0,1,14,9,23,0,0,0,0,0,0,163,89,252,2022-01-31T23:00:00Z
17,528,Zmijavci,97,120,217,6,3,9,1,1,2,2,0,2,31,14,45,0,0,0,1,1,2,138,139,277,2022-01-31T23:00:00Z
17,585,Dugopolje,1495,782,2277,37,11,48,5,4,9,9,2,11,58,45,103,0,0,0,0,0,0,1604,844,2448,2022-01-31T23:00:00Z
17,586,Lećevica,12,41,53,5,0,5,1,1,2,0,0,0,2,0,2,0,0,0,1,0,1,21,42,63,2022-01-31T23:00:00Z
17,587,Lokvičići,35,28,63,1,0,1,2,0,2,0,0,0,2,2,4,0,0,0,1,0,1,41,30,71,2022-01-31T23:00:00Z
17,588,Okrug,136,198,334,29,7,36,1,0,1,14,4,18,95,28,123,0,0,0,7,13,20,282,250,532,2022-01-31T23:00:00Z
17,589,Prgomet,36,37,73,7,0,7,1,1,2,0,0,0,2,1,3,0,0,0,0,0,0,46,39,85,2022-01-31T23:00:00Z
17,590,Primorski Dolac,14,60,74,5,1,6,1,2,3,0,1,1,2,3,5,0,0,0,0,0,0,22,67,89,2022-01-31T23:00:00Z
17,591,Runovići,67,67,134,11,1,12,0,1,1,0,2,2,25,36,61,0,0,0,0,1,1,103,108,211,2022-01-31T23:00:00Z
17,592,Sutivan,89,70,159,12,4,16,4,1,5,4,1,5,19,10,29,0,0,0,2,2,4,130,88,218,2022-01-31T23:00:00Z
17,593,Tučepi,199,157,356,21,13,34,1,1,2,3,3,6,30,20,50,0,0,0,7,38,45,261,232,493,2022-01-31T23:00:00Z
17,595,Zadvarje,27,23,50,7,1,8,1,1,2,0,0,0,13,6,19,0,0,0,0,2,2,48,33,81,2022-01-31T23:00:00Z
17,72,Dicmo,452,189,641,34,17,51,4,3,7,1,1,2,36,41,77,0,0,0,0,2,2,527,253,780,2022-01-31T23:00:00Z
17,77,Brela,192,155,347,24,10,34,0,1,1,2,1,3,17,23,40,0,0,0,4,9,13,239,199,438,2022-01-31T23:00:00Z
17,87,Muć,185,206,391,17,3,20,2,4,6,3,4,7,12,12,24,0,0,0,2,1,3,221,230,451,2022-01-31T23:00:00Z
17,88,Proložac,200,187,387,15,5,20,2,4,6,0,0,0,36,19,55,0,0,0,3,1,4,256,216,472,2022-01-31T23:00:00Z
17,9,Baška Voda,209,218,427,52,23,75,1,0,1,4,2,6,51,44,95,0,0,0,9,29,38,326,316,642,2022-01-31T23:00:00Z
18,132,Gračišće,43,25,68,28,4,32,10,3,13,0,0,0,36,10,46,0,0,0,0,0,0,117,42,159,2022-01-31T23:00:00Z
18,138,Grožnjan,23,17,40,14,2,16,13,5,18,0,0,0,8,12,20,0,0,0,0,2,2,58,38,96,2022-01-31T23:00:00Z
18,175,Kanfanar,516,203,719,28,6,34,4,1,5,1,0,1,22,20,42,0,0,0,2,4,6,573,234,807,2022-01-31T23:00:00Z
18,217,Kršan,310,294,604,49,14,63,7,3,10,5,0,5,109,54,163,0,0,0,2,3,5,482,368,850,2022-01-31T23:00:00Z
18,222,Labin,2558,2280,4838,247,118,365,19,10,29,29,37,66,275,223,498,0,0,0,57,79,136,3185,2747,5932,2022-01-31T23:00:00Z
18,223,Lanišće,13,15,28,4,0,4,2,0,2,0,0,0,7,2,9,0,0,0,1,1,2,27,18,45,2022-01-31T23:00:00Z
18,235,Ližnjan,134,111,245,10,4,14,2,0,2,2,0,2,23,31,54,0,0,0,7,20,27,178,166,344,2022-01-31T23:00:00Z
18,246,Lupoglav,191,92,283,12,4,16,6,2,8,0,1,1,12,13,25,0,0,0,1,1,2,222,113,335,2022-01-31T23:00:00Z
18,254,Marčana,155,193,348,37,13,50,4,2,6,3,1,4,42,23,65,0,0,0,3,1,4,244,233,477,2022-01-31T23:00:00Z
18,263,Medulin,580,555,1135,66,33,99,5,2,7,10,6,16,80,103,183,0,0,0,13,21,34,754,720,1474,2022-01-31T23:00:00Z
18,274,Motovun,96,94,190,34,13,47,21,6,27,0,1,1,42,26,68,0,0,0,0,10,10,193,150,343,2022-01-31T23:00:00Z
18,291,Novigrad,794,899,1693,118,49,167,16,3,19,3,9,12,122,100,222,0,0,0,14,39,53,1067,1099,2166,2022-01-31T23:00:00Z
18,304,Oprtalj,66,80,146,11,5,16,14,1,15,0,0,0,9,10,19,0,0,0,3,2,5,103,98,201,2022-01-31T23:00:00Z
18,321,Pazin,1973,1973,3946,302,120,422,53,27,80,16,21,37,308,202,510,0,0,0,4,16,20,2656,2359,5015,2022-01-31T23:00:00Z
18,330,Pićan,338,158,496,31,8,39,2,5,7,1,1,2,53,17,70,0,0,0,1,1,2,426,190,616,2022-01-31T23:00:00Z
18,348,Poreč,4401,4200,8601,605,299,904,47,19,66,57,51,108,495,423,918,0,0,0,181,212,393,5786,5204,10990,2022-01-31T23:00:00Z
18,359,Pula,12629,12546,25175,1225,662,1887,67,46,113,290,169,459,869,1025,1894,0,0,0,134,103,237,15214,14551,29765,2022-01-31T23:00:00Z
18,368,Raša,266,148,414,29,7,36,1,0,1,2,1,3,43,26,69,0,0,0,2,1,3,343,183,526,2022-01-31T23:00:00Z
18,374,Rovinj,2715,2894,5609,379,206,585,31,13,44,31,36,67,408,307,715,1,0,1,52,158,210,3617,3614,7231,2022-01-31T23:00:00Z
18,40,Brtonigla,129,93,222,41,11,52,22,9,31,1,1,2,41,46,87,0,0,0,5,4,9,239,164,403,2022-01-31T23:00:00Z
18,42,Buje,770,762,1532,96,46,142,29,15,44,8,7,15,59,61,120,0,0,0,1,4,5,963,895,1858,2022-01-31T23:00:00Z
18,43,Buzet,1516,1048,2564,169,66,235,24,14,38,5,4,9,125,112,237,0,0,0,8,7,15,1847,1251,3098,2022-01-31T23:00:00Z
18,431,Sveti Lovreč,53,50,103,20,9,29,3,0,3,0,1,1,43,20,63,0,0,0,0,1,1,119,81,200,2022-01-31T23:00:00Z
18,432,Sveta Nedelja,159,121,280,27,6,33,6,3,9,4,0,4,40,18,58,0,0,0,5,4,9,241,152,393,2022-01-31T23:00:00Z
18,433,Sveti Petar U Šumi,152,108,260,19,5,24,2,3,5,0,0,0,15,4,19,0,0,0,1,1,2,189,121,310,2022-01-31T23:00:00Z
18,435,Svetvinčenat,137,101,238,17,6,23,2,0,2,0,1,1,23,19,42,0,0,0,0,3,3,179,130,309,2022-01-31T23:00:00Z
18,453,Tinjan,197,104,301,38,8,46,6,1,7,1,3,4,54,27,81,0,0,0,1,1,2,297,144,441,2022-01-31T23:00:00Z
18,468,Umag,2554,2142,4696,367,156,523,29,17,46,33,33,66,292,290,582,0,0,0,35,66,101,3310,2704,6014,2022-01-31T23:00:00Z
18,47,Cerovlje,110,50,160,35,3,38,4,5,9,2,0,2,26,17,43,0,0,0,0,2,2,177,77,254,2022-01-31T23:00:00Z
18,497,Višnjan,302,250,552,45,12,57,10,4,14,1,1,2,93,35,128,0,0,0,2,1,3,453,303,756,2022-01-31T23:00:00Z
18,498,Vižinada,72,49,121,25,6,31,16,5,21,1,0,1,28,23,51,0,0,0,0,1,1,142,84,226,2022-01-31T23:00:00Z
18,5,Bale,125,100,225,21,17,38,2,2,4,0,0,0,34,12,46,0,0,0,3,1,4,185,132,317,2022-01-31T23:00:00Z
18,502,Vodnjan,803,609,1412,46,22,68,10,2,12,8,3,11,78,47,125,0,1,1,0,0,0,945,684,1629,2022-01-31T23:00:00Z
18,516,Vrsar,286,262,548,80,26,106,3,1,4,6,1,7,75,81,156,0,0,0,20,20,40,470,391,861,2022-01-31T23:00:00Z
18,531,Žminj,476,432,908,97,47,144,12,7,19,2,5,7,86,78,164,0,0,0,3,2,5,676,571,1247,2022-01-31T23:00:00Z
18,596,Karojba,116,66,182,32,7,39,2,2,4,0,0,0,45,8,53,0,1,1,0,0,0,195,84,279,2022-01-31T23:00:00Z
18,597,Kaštelir - Labinci,172,85,257,33,12,45,7,3,10,1,0,1,47,15,62,0,0,0,2,4,6,262,119,381,2022-01-31T23:00:00Z
18,6,Barban,250,108,358,39,5,44,11,5,16,0,1,1,26,24,50,0,0,0,3,1,4,329,144,473,2022-01-31T23:00:00Z
18,619,Fažana,279,241,520,24,12,36,1,1,2,5,4,9,25,16,41,0,0,0,1,3,4,335,277,612,2022-01-31T23:00:00Z
18,629,Funtana,101,91,192,15,9,24,1,1,2,0,0,0,11,20,31,0,0,0,10,9,19,138,130,268,2022-01-31T23:00:00Z
18,631,Tar-Vabriga,151,224,375,42,16,58,3,0,3,0,0,0,36,30,66,0,0,0,1,6,7,233,276,509,2022-01-31T23:00:00Z
19,198,Konavle,1155,875,2030,192,67,259,19,9,28,38,7,45,54,79,133,0,0,0,15,22,37,1473,1059,2532,2022-01-31T23:00:00Z
19,204,Korčula,626,809,1435,109,44,153,15,6,21,102,10,112,77,82,159,0,0,0,53,52,105,982,1003,1985,2022-01-31T23:00:00Z
19,219,Kula Norinska,38,42,80,11,1,12,1,0,1,1,0,1,5,6,11,0,0,0,0,0,0,56,49,105,2022-01-31T23:00:00Z
19,226,Lastovo,57,90,147,23,7,30,2,1,3,6,0,6,7,5,12,0,0,0,3,5,8,98,108,206,2022-01-31T23:00:00Z
19,25,Blato,565,402,967,62,18,80,16,5,21,8,7,15,167,50,217,0,0,0,9,8,17,827,490,1317,2022-01-31T23:00:00Z
19,264,Metković,2057,1704,3761,185,112,297,32,20,52,45,17,62,306,255,561,0,0,0,8,13,21,2633,2121,4754,2022-01-31T23:00:00Z
19,268,Mljet,172,84,256,15,8,23,3,0,3,5,2,7,5,10,15,0,0,0,3,3,6,203,107,310,2022-01-31T23:00:00Z
19,306,Opuzen,419,375,794,29,17,46,48,24,72,4,1,5,26,32,58,0,0,0,0,0,0,526,449,975,2022-01-31T23:00:00Z
19,308,Orebić,376,363,739,67,38,105,31,8,39,36,6,42,69,62,131,0,0,0,18,31,49,597,508,1105,2022-01-31T23:00:00Z
19,335,Ploče,1328,899,2227,79,44,123,23,7,30,26,6,32,91,130,221,0,0,0,1,2,3,1548,1088,2636,2022-01-31T23:00:00Z
19,343,Pojezerje,22,36,58,4,2,6,8,0,8,0,0,0,2,4,6,0,0,0,0,0,0,36,42,78,2022-01-31T23:00:00Z
19,399,Slivno,228,38,266,10,5,15,15,7,22,2,0,2,8,9,17,0,0,0,1,0,1,264,59,323,2022-01-31T23:00:00Z
19,402,Smokvica,25,66,91,12,3,15,16,4,20,8,0,8,32,8,40,0,0,0,4,1,5,97,82,179,2022-01-31T23:00:00Z
19,419,Ston,492,225,717,52,11,63,24,6,30,13,1,14,41,22,63,0,0,0,3,7,10,625,272,897,2022-01-31T23:00:00Z
19,474,Vela Luka,276,486,762,52,18,70,9,2,11,35,4,39,76,48,124,0,0,0,9,10,19,457,568,1025,2022-01-31T23:00:00Z
19,523,Zažablje,12,6,18,4,0,4,4,2,6,2,0,2,14,2,16,0,0,0,0,0,0,36,10,46,2022-01-31T23:00:00Z
19,598,Dubrovačko Primorje,134,94,228,23,5,28,4,6,10,4,2,6,43,19,62,0,0,0,3,4,7,211,130,341,2022-01-31T23:00:00Z
19,599,Janjina,82,58,140,10,3,13,9,2,11,2,1,3,7,6,13,0,0,0,2,1,3,112,71,183,2022-01-31T23:00:00Z
19,600,Lumbarda,47,50,97,36,13,49,8,2,10,5,1,6,21,13,34,0,0,0,9,9,18,126,88,214,2022-01-31T23:00:00Z
19,601,Trpanj,48,46,94,11,4,15,3,1,4,3,1,4,13,8,21,0,0,0,3,3,6,81,63,144,2022-01-31T23:00:00Z
19,602,Župa Dubrovačka,620,630,1250,114,60,174,5,5,10,73,3,76,68,67,135,0,0,0,14,15,29,894,780,1674,2022-01-31T23:00:00Z
19,98,Dubrovnik,9418,10118,19536,720,372,1092,31,16,47,541,75,616,416,553,969,1,0,1,126,151,277,11253,11285,22538,2022-01-31T23:00:00Z
20,123,Goričan,329,157,486,8,4,12,8,2,10,0,2,2,9,12,21,0,0,0,0,0,0,354,177,531,2022-01-31T23:00:00Z
20,15,Belica,211,208,419,29,16,45,59,37,96,1,1,2,25,36,61,0,0,0,1,1,2,326,299,625,2022-01-31T23:00:00Z
20,206,Kotoriba,497,273,770,8,4,12,6,0,6,0,5,5,13,14,27,0,0,0,0,0,0,524,296,820,2022-01-31T23:00:00Z
20,250,Mala Subotica,494,1025,1519,26,18,44,37,14,51,2,6,8,25,30,55,0,0,0,0,4,4,584,1097,1681,2022-01-31T23:00:00Z
20,276,Mursko Središće,758,778,1536,46,25,71,16,6,22,2,6,8,44,54,98,0,0,0,1,1,2,867,870,1737,2022-01-31T23:00:00Z
20,279,Nedelišće,1415,806,2221,95,43,138,39,21,60,2,7,9,144,63,207,0,0,0,0,5,5,1695,945,2640,2022-01-31T23:00:00Z
20,342,Podturen,205,116,321,20,8,28,17,13,30,1,2,3,46,32,78,0,0,0,0,3,3,289,174,463,2022-01-31T23:00:00Z
20,355,Prelog,2426,1695,4121,61,19,80,51,32,83,9,10,19,73,62,135,0,0,0,4,5,9,2624,1823,4447,2022-01-31T23:00:00Z
20,385,Selnica,149,152,301,10,11,21,8,4,12,1,1,2,17,16,33,0,0,0,1,0,1,186,184,370,2022-01-31T23:00:00Z
20,440,Sveti Juraj Na Bregu,256,192,448,29,14,43,13,8,21,1,2,3,48,59,107,0,0,0,0,0,0,347,275,622,2022-01-31T23:00:00Z
20,441,Sveti Martin Na Muri,605,349,954,17,10,27,9,4,13,0,3,3,31,36,67,0,0,0,1,0,1,663,402,1065,2022-01-31T23:00:00Z
20,452,Štrigova,319,201,520,28,10,38,38,24,62,2,1,3,70,70,140,0,0,0,0,2,2,457,308,765,2022-01-31T23:00:00Z
20,504,Vratišinec,143,103,246,8,3,11,11,3,14,1,1,2,6,6,12,0,0,0,1,2,3,170,118,288,2022-01-31T23:00:00Z
20,60,Čakovec,9834,8950,18784,267,133,400,62,24,86,35,61,96,273,353,626,0,0,0,7,13,20,10478,9534,20012,2022-01-31T23:00:00Z
20,603,Dekanovec,93,80,173,5,2,7,5,5,10,0,1,1,5,2,7,0,0,0,0,1,1,108,91,199,2022-01-31T23:00:00Z
20,604,Gornji Mihaljevec,140,58,198,11,2,13,23,8,31,2,2,4,21,11,32,0,0,0,0,0,0,197,81,278,2022-01-31T23:00:00Z
20,605,Orehovica,112,138,250,16,3,19,29,11,40,1,2,3,43,20,63,0,0,0,0,3,3,201,177,378,2022-01-31T23:00:00Z
20,606,Strahoninec,276,164,440,13,5,18,3,2,5,0,1,1,38,14,52,0,0,0,0,1,1,330,187,517,2022-01-31T23:00:00Z
20,607,Sveta Marija,65,88,153,12,3,15,6,0,6,1,1,2,26,7,33,0,0,0,0,1,1,110,100,210,2022-01-31T23:00:00Z
20,608,Šenkovec,558,259,817,18,10,28,2,1,3,0,1,1,31,27,58,0,0,0,1,2,3,610,300,910,2022-01-31T23:00:00Z
20,620,Pribislavec,487,268,755,11,5,16,2,1,3,2,1,3,12,11,23,0,0,0,0,0,0,514,286,800,2022-01-31T23:00:00Z
20,75,Domašinec,248,111,359,8,9,17,19,18,37,0,1,1,17,14,31,0,0,0,2,2,4,294,155,449,2022-01-31T23:00:00Z
20,78,Donja Dubrava,199,216,415,13,6,19,5,3,8,0,1,1,12,10,22,0,0,0,0,0,0,229,236,465,2022-01-31T23:00:00Z
20,82,Donji Kraljevec,1362,642,2004,40,11,51,52,21,73,3,6,9,81,128,209,0,0,0,2,6,8,1540,814,2354,2022-01-31T23:00:00Z
20,89,Donji Vidovec,49,81,130,3,1,4,2,0,2,1,1,2,3,15,18,0,0,0,0,0,0,58,98,156,2022-01-31T23:00:00Z
21,133,Zagreb,230230,209483,439713,7897,5521,13418,297,196,493,2227,2104,4331,5473,6922,12395,18,3,21,363,535,898,246505,224764,471269,2022-01-31T23:00:00Z
01,101,Dugo Selo,2954,2025,4979,229,107,336,26,22,48,27,27,54,287,250,537,0,0,0,6,15,21,3529,2446,5975,2022-02-28T23:00:00Z
01,114,Farkaševac,158,229,387,7,3,10,28,11,39,0,2,2,36,15,51,0,0,0,0,0,0,229,260,489,2022-02-28T23:00:00Z
01,135,Gradec,150,134,284,13,1,14,12,7,19,0,2,2,41,17,58,0,0,0,0,1,1,216,162,378,2022-02-28T23:00:00Z
01,158,Ivanić-Grad,2926,1699,4625,100,77,177,50,34,84,10,19,29,144,184,328,1,0,1,8,10,18,3239,2023,5262,2022-02-28T23:00:00Z
01,163,Jakovlje,332,251,583,38,8,46,9,10,19,3,0,3,41,33,74,0,0,0,1,0,1,424,302,726,2022-02-28T23:00:00Z
01,169,Jastrebarsko,2270,1666,3936,223,112,335,51,36,87,16,19,35,251,243,494,0,0,0,5,9,14,2816,2085,4901,2022-02-28T23:00:00Z
01,190,Klinča Selo,215,175,390,36,7,43,6,3,9,0,0,0,70,46,116,0,0,0,0,1,1,327,232,559,2022-02-28T23:00:00Z
01,193,Kloštar Ivanić,365,315,680,28,8,36,20,5,25,4,9,13,54,41,95,1,0,1,3,0,3,475,378,853,2022-02-28T23:00:00Z
01,213,Križ,630,415,1045,25,20,45,19,13,32,6,6,12,29,59,88,0,0,0,2,2,4,711,515,1226,2022-02-28T23:00:00Z
01,33,Brckovljani,317,328,645,8,5,13,0,0,0,3,2,5,28,22,50,0,0,0,0,0,0,356,357,713,2022-02-28T23:00:00Z
01,331,Pisarovina,373,308,681,29,25,54,24,19,43,1,1,2,25,34,59,0,0,0,2,4,6,454,391,845,2022-02-28T23:00:00Z
01,34,Brdovec,841,751,1592,99,32,131,15,6,21,3,6,9,85,63,148,0,0,0,5,2,7,1048,860,1908,2022-02-28T23:00:00Z
01,356,Preseka,16,9,25,5,2,7,12,11,23,0,1,1,16,6,22,0,0,0,1,0,1,50,29,79,2022-02-28T23:00:00Z
01,362,Pušča,147,205,352,27,13,40,7,2,9,1,3,4,59,26,85,0,0,0,0,0,0,241,249,490,2022-02-28T23:00:00Z
01,376,Rugvica,1285,495,1780,8,4,12,3,2,5,1,2,3,20,20,40,0,0,0,0,0,0,1317,523,1840,2022-02-28T23:00:00Z
01,380,Samobor,5507,3860,9367,510,307,817,24,22,46,43,69,112,498,479,977,0,0,0,33,25,58,6615,4762,11377,2022-02-28T23:00:00Z
01,429,Sveti Ivan Zelina,2449,1966,4415,167,63,230,68,53,121,14,22,36,249,219,468,0,0,0,6,3,9,2953,2326,5279,2022-02-28T23:00:00Z
01,436,Sveta Nedjelja,5501,3357,8858,226,93,319,6,5,11,8,12,20,367,183,550,0,0,0,8,9,17,6116,3659,9775,2022-02-28T23:00:00Z
01,508,Vrbovec,2174,2009,4183,159,70,229,74,33,107,6,20,26,295,162,457,0,0,0,6,10,16,2714,2304,5018,2022-02-28T23:00:00Z
01,533,Krašić,258,181,439,27,9,36,14,10,24,2,2,4,30,22,52,0,0,0,3,1,4,334,225,559,2022-02-28T23:00:00Z
01,536,Rakovec,31,17,48,10,2,12,11,4,15,0,1,1,20,11,31,0,0,0,0,0,0,72,35,107,2022-02-28T23:00:00Z
01,539,Marija Gorica,77,106,183,14,3,17,0,0,0,1,1,2,19,19,38,0,0,0,0,0,0,111,129,240,2022-02-28T23:00:00Z
01,540,Žumberak,14,17,31,5,2,7,6,4,10,0,0,0,3,7,10,0,0,0,0,0,0,28,30,58,2022-02-28T23:00:00Z
01,541,Velika Gorica,7983,6233,14216,628,349,977,64,29,93,60,62,122,579,516,1095,0,0,0,22,24,46,9336,7213,16549,2022-02-28T23:00:00Z
01,542,Orle,43,27,70,16,0,16,7,4,11,0,0,0,12,3,15,0,0,0,0,0,0,78,34,112,2022-02-28T23:00:00Z
01,543,Zaprešić,3327,3023,6350,218,144,362,13,9,22,33,42,75,257,241,498,0,0,0,11,14,25,3859,3473,7332,2022-02-28T23:00:00Z
01,544,Pokupsko,43,56,99,11,6,17,13,5,18,0,0,0,8,7,15,0,0,0,0,0,0,75,74,149,2022-02-28T23:00:00Z
01,545,Kravarsko,112,107,219,33,11,44,6,6,12,0,0,0,64,15,79,0,0,0,1,1,2,216,140,356,2022-02-28T23:00:00Z
01,547,Bistra,372,511,883,46,20,66,7,5,12,2,7,9,50,44,94,1,0,1,0,2,2,478,589,1067,2022-02-28T23:00:00Z
01,548,Luka,246,87,333,15,2,17,2,3,5,1,1,2,22,19,41,0,0,0,0,0,0,286,112,398,2022-02-28T23:00:00Z
01,549,Dubravica,70,43,113,15,0,15,15,6,21,0,0,0,13,16,29,0,0,0,0,0,0,113,65,178,2022-02-28T23:00:00Z
01,550,Bedenica,213,151,364,13,4,17,6,5,11,1,1,2,14,10,24,0,0,0,0,0,0,247,171,418,2022-02-28T23:00:00Z
01,551,Stupnik,1415,546,1961,29,16,45,0,3,3,2,1,3,19,25,44,0,0,0,1,0,1,1466,591,2057,2022-02-28T23:00:00Z
01,97,Dubrava,301,324,625,42,17,59,65,42,107,5,14,19,72,67,139,0,0,0,2,5,7,487,469,956,2022-02-28T23:00:00Z
02,108,Đurmanec,118,144,262,60,14,74,1,2,3,3,1,4,115,84,199,0,0,0,3,1,4,300,246,546,2022-02-28T23:00:00Z
02,11,Bedekovčina,523,796,1319,88,41,129,7,6,13,8,6,14,116,105,221,0,0,0,3,2,5,745,956,1701,2022-02-28T23:00:00Z
02,125,Gornja Stubica,209,290,499,49,15,64,7,5,12,1,1,2,75,47,122,0,0,0,2,0,2,343,358,701,2022-02-28T23:00:00Z
02,146,Hraščina,51,44,95,8,2,10,2,3,5,0,1,1,5,7,12,0,0,0,0,0,0,66,57,123,2022-02-28T23:00:00Z
02,152,Hum Na Sutli,1523,648,2171,56,28,84,4,0,4,1,7,8,260,75,335,0,0,0,2,3,5,1846,761,2607,2022-02-28T23:00:00Z
02,187,Klanjec,289,273,562,68,24,92,11,8,19,5,1,6,73,48,121,0,0,0,3,3,6,449,357,806,2022-02-28T23:00:00Z
02,200,Konjščina,446,412,858,34,14,48,2,1,3,0,2,2,36,33,69,0,0,0,0,1,1,518,463,981,2022-02-28T23:00:00Z
02,208,Kraljevec Na Sutli,63,47,110,13,6,19,3,1,4,0,0,0,15,6,21,0,0,0,0,2,2,94,62,156,2022-02-28T23:00:00Z
02,211,Krapina,2810,2359,5169,174,89,263,7,5,12,16,17,33,201,167,368,0,0,0,1,3,4,3209,2640,5849,2022-02-28T23:00:00Z
02,212,Krapinske Toplice,582,1175,1757,71,36,107,5,7,12,0,5,5,107,69,176,0,0,0,2,0,2,767,1292,2059,2022-02-28T23:00:00Z
02,236,Lobor,158,247,405,21,8,29,3,3,6,0,0,0,34,16,50,0,0,0,1,2,3,217,276,493,2022-02-28T23:00:00Z
02,248,Mače,101,76,177,32,7,39,4,4,8,1,0,1,55,34,89,0,0,0,0,0,0,193,121,314,2022-02-28T23:00:00Z
02,256,Marija Bistrica,334,344,678,64,41,105,13,7,20,2,5,7,74,69,143,0,0,0,3,2,5,490,468,958,2022-02-28T23:00:00Z
02,265,Mihovljan,95,122,217,29,7,36,4,0,4,0,0,0,72,14,86,0,0,0,1,1,2,201,144,345,2022-02-28T23:00:00Z
02,311,Oroslavje,889,813,1702,77,35,112,11,2,13,6,7,13,95,64,159,0,0,0,3,3,6,1081,924,2005,2022-02-28T23:00:00Z
02,329,Petrovsko,84,55,139,17,3,20,1,0,1,5,0,5,59,9,68,0,0,0,1,0,1,167,67,234,2022-02-28T23:00:00Z
02,352,Pregrada,825,910,1735,109,32,141,2,4,6,6,6,12,157,102,259,0,0,0,4,2,6,1103,1056,2159,2022-02-28T23:00:00Z
02,364,Radoboj,137,98,235,17,10,27,1,1,2,1,2,3,57,23,80,0,0,0,0,0,0,213,134,347,2022-02-28T23:00:00Z
02,41,Budinščina,192,177,369,15,5,20,6,1,7,1,2,3,20,11,31,0,0,0,2,1,3,236,197,433,2022-02-28T23:00:00Z
02,422,Stubičke Toplice,261,429,690,31,18,49,0,2,2,3,5,8,67,29,96,0,0,0,1,0,1,363,483,846,2022-02-28T23:00:00Z
02,430,Sveti Križ Začretje,697,806,1503,74,23,97,10,4,14,1,4,5,141,101,242,0,0,0,4,3,7,927,941,1868,2022-02-28T23:00:00Z
02,466,Tuhelj,142,206,348,19,10,29,4,1,5,1,2,3,38,40,78,0,0,0,0,0,0,204,259,463,2022-02-28T23:00:00Z
02,481,Veliko Trgovišće,570,388,958,52,17,69,3,5,8,2,5,7,109,61,170,0,0,0,3,1,4,739,477,1216,2022-02-28T23:00:00Z
02,519,Zabok,2803,2870,5673,143,86,229,5,3,8,13,16,29,190,328,518,0,0,0,2,6,8,3156,3309,6465,2022-02-28T23:00:00Z
02,521,Zagorska Sela,9,55,64,7,1,8,6,2,8,0,1,1,16,5,21,0,0,0,0,0,0,38,64,102,2022-02-28T23:00:00Z
02,526,Zlatar,575,674,1249,98,42,140,26,14,40,8,7,15,108,83,191,0,0,0,2,2,4,817,822,1639,2022-02-28T23:00:00Z
02,527,Zlatar Bistrica,322,556,878,29,9,38,4,3,7,4,0,4,73,47,120,0,0,0,3,2,5,435,617,1052,2022-02-28T23:00:00Z
02,552,Jesenje,59,74,133,11,1,12,0,1,1,0,0,0,46,8,54,0,0,0,0,0,0,116,84,200,2022-02-28T23:00:00Z
02,553,Kumrovec,83,87,170,17,3,20,2,0,2,3,1,4,20,18,38,0,0,0,0,0,0,125,109,234,2022-02-28T23:00:00Z
02,554,Novi Golubovec,138,57,195,3,2,5,1,0,1,0,0,0,5,2,7,0,0,0,0,0,0,147,61,208,2022-02-28T23:00:00Z
02,70,Desinić,127,287,414,29,7,36,9,2,11,2,1,3,49,34,83,0,0,0,0,1,1,216,332,548,2022-02-28T23:00:00Z
02,79,Donja Stubica,943,809,1752,95,48,143,4,4,8,7,3,10,90,56,146,0,0,0,1,2,3,1140,922,2062,2022-02-28T23:00:00Z
03,102,Dvor,266,125,391,15,6,21,64,22,86,0,3,3,11,13,24,0,0,0,0,2,2,356,171,527,2022-02-28T23:00:00Z
03,121,Glina,1126,658,1784,40,24,64,58,27,85,4,10,14,66,69,135,0,0,0,0,0,0,1294,788,2082,2022-02-28T23:00:00Z
03,149,Hrvatska Dubica,71,64,135,8,2,10,12,3,15,0,0,0,3,6,9,0,0,0,0,0,0,94,75,169,2022-02-28T23:00:00Z
03,150,Hrvatska Kostajnica,379,313,692,20,9,29,8,2,10,1,3,4,8,19,27,0,0,0,4,0,4,420,346,766,2022-02-28T23:00:00Z
03,168,Jasenovac,137,132,269,13,4,17,13,4,17,0,0,0,15,10,25,0,0,0,0,0,0,178,150,328,2022-02-28T23:00:00Z
03,220,Kutina,3639,2902,6541,171,114,285,45,23,68,35,24,59,217,253,470,1,0,1,8,7,15,4116,3323,7439,2022-02-28T23:00:00Z
03,228,Lekenik,342,291,633,39,8,47,8,7,15,1,2,3,43,33,76,0,0,0,1,1,2,434,342,776,2022-02-28T23:00:00Z
03,232,Lipovljani,265,281,546,25,8,33,12,2,14,1,0,1,35,37,72,0,0,0,0,2,2,338,330,668,2022-02-28T23:00:00Z
03,259,Martinska Ves,128,57,185,9,2,11,28,13,41,3,0,3,48,14,62,0,0,0,0,1,1,216,87,303,2022-02-28T23:00:00Z
03,293,Novska,1327,1066,2393,172,96,268,36,17,53,9,20,29,270,239,509,0,0,0,4,5,9,1818,1443,3261,2022-02-28T23:00:00Z
03,328,Petrinja,1634,1700,3334,238,86,324,67,26,93,8,25,33,307,285,592,0,0,0,6,6,12,2260,2128,4388,2022-02-28T23:00:00Z
03,347,Popovača,878,1057,1935,82,44,126,48,17,65,6,11,17,94,121,215,0,0,0,5,1,6,1113,1251,2364,2022-02-28T23:00:00Z
03,391,Sisak,7010,8105,15115,371,230,601,98,59,157,42,74,116,594,575,1169,0,0,0,19,19,38,8134,9062,17196,2022-02-28T23:00:00Z
03,426,Sunja,200,163,363,25,10,35,49,33,82,1,2,3,19,21,40,0,0,0,2,0,2,296,229,525,2022-02-28T23:00:00Z
03,457,Topusko,224,321,545,15,6,21,4,2,6,4,1,5,35,23,58,0,0,0,0,0,0,282,353,635,2022-02-28T23:00:00Z
03,477,Velika Ludina,117,157,274,11,9,20,14,3,17,0,0,0,29,17,46,0,0,0,1,0,1,172,186,358,2022-02-28T23:00:00Z
03,510,Gvozd,114,81,195,9,4,13,18,4,22,0,0,0,13,12,25,0,0,0,2,1,3,156,102,258,2022-02-28T23:00:00Z
03,555,Majur,126,52,178,1,1,2,4,0,4,0,0,0,2,0,2,0,0,0,0,0,0,133,53,186,2022-02-28T23:00:00Z
03,83,Donji Kukuruzari,35,66,101,5,0,5,6,2,8,0,0,0,2,2,4,0,0,0,1,0,1,49,70,119,2022-02-28T23:00:00Z
04,120,Generalski Stol,36,59,95,22,5,27,1,0,1,0,1,1,25,12,37,0,0,0,0,0,0,84,77,161,2022-02-28T23:00:00Z
04,172,Josipdol,199,163,362,26,16,42,4,9,13,2,1,3,41,54,95,0,0,0,0,0,0,272,243,515,2022-02-28T23:00:00Z
04,179,Karlovac,10546,8958,19504,420,297,717,76,51,127,76,91,167,605,786,1391,0,0,0,17,19,36,11740,10202,21942,2022-02-28T23:00:00Z
04,216,Krnjak,176,66,242,3,2,5,5,4,9,1,0,1,9,3,12,0,0,0,0,0,0,194,75,269,2022-02-28T23:00:00Z
04,225,Lasinja,56,53,109,4,3,7,0,5,5,2,0,2,6,8,14,0,0,0,0,0,0,68,69,137,2022-02-28T23:00:00Z
04,281,Netretić,79,88,167,18,3,21,2,1,3,1,1,2,42,33,75,0,0,0,0,0,0,142,126,268,2022-02-28T23:00:00Z
04,297,Ogulin,1780,1784,3564,140,88,228,41,15,56,9,31,40,142,173,315,0,0,0,7,9,16,2119,2100,4219,2022-02-28T23:00:00Z
04,30,Bosiljevo,110,93,203,3,0,3,0,0,0,1,1,2,27,29,56,0,0,0,0,0,0,141,123,264,2022-02-28T23:00:00Z
04,315,Ozalj,783,628,1411,86,32,118,20,16,36,4,10,14,125,88,213,0,0,0,2,4,6,1020,778,1798,2022-02-28T23:00:00Z
04,333,Plaški,90,61,151,9,5,14,10,2,12,0,0,0,32,28,60,0,0,0,0,0,0,141,96,237,2022-02-28T23:00:00Z
04,365,Rakovica,144,178,322,7,11,18,3,5,8,0,0,0,64,65,129,0,0,0,1,0,1,219,259,478,2022-02-28T23:00:00Z
04,378,Saborsko,11,13,24,2,1,3,1,0,1,0,0,0,6,1,7,0,0,0,0,0,0,20,15,35,2022-02-28T23:00:00Z
04,400,Slunj,340,385,725,49,18,67,33,16,49,3,4,7,118,90,208,0,0,0,5,26,31,548,539,1087,2022-02-28T23:00:00Z
04,49,Cetingrad,62,57,119,5,0,5,3,4,7,0,0,0,11,7,18,0,0,0,0,0,0,81,68,149,2022-02-28T23:00:00Z
04,503,Vojnić,370,241,611,23,16,39,37,11,48,2,0,2,28,32,60,0,0,0,1,2,3,461,302,763,2022-02-28T23:00:00Z
04,530,Žakanje,158,100,258,26,12,38,3,1,4,0,0,0,28,29,57,0,0,0,0,1,1,215,143,358,2022-02-28T23:00:00Z
04,556,Ribnik,7,3,10,11,3,14,1,2,3,0,0,0,8,10,18,0,0,0,0,0,0,27,18,45,2022-02-28T23:00:00Z
04,557,Tounj,66,25,91,4,0,4,0,0,0,0,0,0,5,5,10,0,0,0,0,0,0,75,30,105,2022-02-28T23:00:00Z
04,623,Kamanje,159,107,266,3,2,5,0,0,0,0,0,0,3,13,16,0,0,0,0,0,0,165,122,287,2022-02-28T23:00:00Z
04,7,Barilovići,270,154,424,22,9,31,7,0,7,0,1,1,115,27,142,0,0,0,0,0,0,414,191,605,2022-02-28T23:00:00Z
04,90,Draganić,147,148,295,12,4,16,7,3,10,1,1,2,19,24,43,0,0,0,0,0,0,186,180,366,2022-02-28T23:00:00Z
04,99,Duga Resa,1241,1063,2304,141,72,213,23,18,41,6,18,24,195,204,399,0,0,0,5,12,17,1611,1387,2998,2022-02-28T23:00:00Z
05,12,Bednja,204,175,379,19,8,27,2,6,8,2,1,3,26,17,43,0,0,0,0,0,0,253,207,460,2022-02-28T23:00:00Z
05,129,Gornji Kneginec,587,1012,1599,49,28,77,9,4,13,1,7,8,65,56,121,0,0,0,2,5,7,713,1112,1825,2022-02-28T23:00:00Z
05,151,Breznički Hum,201,152,353,12,4,16,8,5,13,0,1,1,19,12,31,0,0,0,3,3,6,243,177,420,2022-02-28T23:00:00Z
05,156,Ivanec,2094,1851,3945,164,63,227,12,10,22,10,17,27,318,265,583,0,0,0,7,13,20,2605,2219,4824,2022-02-28T23:00:00Z
05,165,Jalžabet,754,1102,1856,21,4,25,10,6,16,0,3,3,37,20,57,0,0,0,0,1,1,822,1136,1958,2022-02-28T23:00:00Z
05,189,Klenovnik,133,59,192,8,3,11,0,1,1,0,0,0,21,26,47,0,0,0,2,0,2,164,89,253,2022-02-28T23:00:00Z
05,19,Beretinec,76,39,115,18,2,20,3,2,5,0,1,1,16,23,39,0,0,0,1,0,1,114,67,181,2022-02-28T23:00:00Z
05,229,Lepoglava,1348,583,1931,62,32,94,5,3,8,1,4,5,116,72,188,0,0,0,2,10,12,1534,704,2238,2022-02-28T23:00:00Z
05,244,Ludbreg,1791,1552,3343,116,62,178,55,33,88,10,14,24,246,185,431,0,0,0,4,7,11,2222,1853,4075,2022-02-28T23:00:00Z
05,247,Ljubešćica,344,158,502,30,7,37,2,0,2,1,3,4,98,24,122,0,0,0,1,1,2,476,193,669,2022-02-28T23:00:00Z
05,251,Mali Bukovec,38,85,123,13,6,19,26,15,41,0,1,1,98,33,131,0,0,0,0,1,1,175,141,316,2022-02-28T23:00:00Z
05,260,Maruševec,348,307,655,56,25,81,23,26,49,3,2,5,110,38,148,0,0,0,3,2,5,543,400,943,2022-02-28T23:00:00Z
05,289,Novi Marof,1224,1236,2460,166,68,234,15,12,27,9,15,24,292,177,469,0,0,0,5,5,10,1711,1513,3224,2022-02-28T23:00:00Z
05,326,Petrijanec,444,733,1177,25,8,33,17,9,26,1,3,4,87,84,171,0,0,0,0,1,1,574,838,1412,2022-02-28T23:00:00Z
05,36,Breznica,154,64,218,17,3,20,3,5,8,1,4,5,32,15,47,0,0,0,0,0,0,207,91,298,2022-02-28T23:00:00Z
05,410,Sračinec,266,268,534,42,15,57,2,2,4,0,6,6,87,58,145,0,0,0,0,2,2,397,351,748,2022-02-28T23:00:00Z
05,437,Sveti Đurđ,69,103,172,31,4,35,29,8,37,3,1,4,35,35,70,0,0,0,0,0,0,167,151,318,2022-02-28T23:00:00Z
05,438,Sveti Ilija,184,196,380,17,8,25,2,1,3,1,4,5,43,26,69,0,0,0,0,0,0,247,235,482,2022-02-28T23:00:00Z
05,462,Trnovec Bartolovečki,1192,1446,2638,72,18,90,17,7,24,1,4,5,329,93,422,0,0,0,0,1,1,1611,1569,3180,2022-02-28T23:00:00Z
05,472,Varaždin,16573,15401,31974,505,359,864,47,26,73,75,114,189,526,637,1163,0,0,0,24,17,41,17750,16554,34304,2022-02-28T23:00:00Z
05,473,Varaždinske Toplice,618,501,1119,45,22,67,10,6,16,3,5,8,185,47,232,0,0,0,1,2,3,862,583,1445,2022-02-28T23:00:00Z
05,48,Cestica,411,388,799,50,27,77,13,17,30,1,4,5,96,72,168,0,0,0,0,4,4,571,512,1083,2022-02-28T23:00:00Z
05,484,Vidovec,231,257,488,51,15,66,61,31,92,2,5,7,116,90,206,0,0,0,0,0,0,461,398,859,2022-02-28T23:00:00Z
05,486,Vinica,299,223,522,19,9,28,5,4,9,1,5,6,31,24,55,0,0,0,0,1,1,355,266,621,2022-02-28T23:00:00Z
05,493,Visoko,92,61,153,18,0,18,6,4,10,0,0,0,26,21,47,0,0,0,1,0,1,143,86,229,2022-02-28T23:00:00Z
05,558,Veliki Bukovec,379,272,651,5,2,7,23,11,34,0,1,1,37,27,64,0,0,0,0,0,0,444,313,757,2022-02-28T23:00:00Z
05,80,Donja Voća,85,68,153,10,1,11,5,9,14,0,1,1,27,23,50,0,0,0,0,1,1,127,103,230,2022-02-28T23:00:00Z
05,85,Donji Martijanec,339,171,510,28,7,35,19,4,23,1,1,2,53,31,84,0,0,0,0,0,0,440,214,654,2022-02-28T23:00:00Z
06,104,Đelekovec,26,42,68,22,10,32,40,12,52,0,1,1,18,11,29,0,0,0,0,0,0,106,76,182,2022-02-28T23:00:00Z
06,107,Đurđevac,1355,1186,2541,83,44,127,70,39,109,12,11,23,85,65,150,0,0,0,11,5,16,1616,1350,2966,2022-02-28T23:00:00Z
06,115,Ferdinandovac,45,90,135,10,2,12,40,32,72,1,1,2,19,7,26,0,0,0,0,0,0,115,132,247,2022-02-28T23:00:00Z
06,122,Gola,182,158,340,11,2,13,89,39,128,0,2,2,6,26,32,0,0,0,1,0,1,289,227,516,2022-02-28T23:00:00Z
06,145,Hlebine,9,24,33,1,0,1,15,4,19,1,1,2,0,7,7,0,0,0,1,1,2,27,37,64,2022-02-28T23:00:00Z
06,194,Kloštar Podravski,187,170,357,17,13,30,41,36,77,0,1,1,34,56,90,0,0,0,1,0,1,280,276,556,2022-02-28T23:00:00Z
06,201,Koprivnica,7105,7525,14630,343,199,542,60,30,90,63,72,135,389,445,834,0,2,2,13,10,23,7973,8283,16256,2022-02-28T23:00:00Z
06,202,Koprivnički Bregi,52,76,128,18,3,21,23,8,31,0,0,0,38,8,46,0,0,0,0,0,0,131,95,226,2022-02-28T23:00:00Z
06,203,Koprivnički Ivanec,68,59,127,23,4,27,24,8,32,0,0,0,22,10,32,0,0,0,0,0,0,137,81,218,2022-02-28T23:00:00Z
06,214,Križevci,3395,3638,7033,166,97,263,228,180,408,11,29,40,240,224,464,0,0,0,6,11,17,4046,4179,8225,2022-02-28T23:00:00Z
06,227,Legrad,60,87,147,14,4,18,21,5,26,1,2,3,22,17,39,0,0,0,0,0,0,118,115,233,2022-02-28T23:00:00Z
06,270,Molve,207,115,322,7,9,16,56,30,86,1,2,3,37,17,54,0,0,0,3,2,5,311,175,486,2022-02-28T23:00:00Z
06,292,Novigrad Podravski,92,142,234,10,1,11,18,12,30,0,2,2,16,19,35,0,0,0,0,0,0,136,176,312,2022-02-28T23:00:00Z
06,324,Peteranec,69,45,114,17,4,21,21,8,29,1,1,2,27,15,42,0,0,0,0,0,0,135,73,208,2022-02-28T23:00:00Z
06,366,Rasinja,46,74,120,19,4,23,54,21,75,1,0,1,22,21,43,0,0,0,1,0,1,143,120,263,2022-02-28T23:00:00Z
06,405,Sokolovac,226,94,320,17,3,20,47,16,63,6,4,10,22,10,32,0,0,0,0,0,0,318,127,445,2022-02-28T23:00:00Z
06,439,Sveti Ivan Žabno,267,195,462,40,18,58,97,60,157,1,2,3,46,66,112,0,0,0,0,1,1,451,342,793,2022-02-28T23:00:00Z
06,442,Sveti Petar Orehovec,128,115,243,31,7,38,136,126,262,1,1,2,38,23,61,0,0,0,1,1,2,335,273,608,2022-02-28T23:00:00Z
06,490,Virje,288,210,498,27,12,39,42,20,62,4,1,5,30,35,65,0,0,0,2,2,4,393,280,673,2022-02-28T23:00:00Z
06,559,Kalinovac,415,103,518,5,1,6,8,2,10,0,0,0,8,9,17,0,0,0,2,0,2,438,115,553,2022-02-28T23:00:00Z
06,560,Kalnik,44,56,100,2,4,6,19,21,40,0,1,1,7,4,11,0,0,0,0,0,0,72,86,158,2022-02-28T23:00:00Z
06,561,Novo Virje,40,40,80,2,0,2,38,25,63,0,0,0,14,6,20,0,0,0,0,1,1,94,72,166,2022-02-28T23:00:00Z
06,616,Podravske Sesvete,105,110,215,3,4,7,24,15,39,1,0,1,4,6,10,0,0,0,1,1,2,138,136,274,2022-02-28T23:00:00Z
06,618,Gornja Reka,84,83,167,6,2,8,6,7,13,0,0,0,7,6,13,0,0,0,0,0,0,103,98,201,2022-02-28T23:00:00Z
06,96,Drnje,113,112,225,11,3,14,17,10,27,0,2,2,4,8,12,0,0,0,1,0,1,146,135,281,2022-02-28T23:00:00Z
07,105,Đulovac,276,62,338,9,7,16,33,17,50,2,0,2,122,33,155,0,0,0,0,0,0,442,119,561,2022-02-28T23:00:00Z
07,119,Garešnica,1078,1110,2188,58,31,89,58,36,94,17,19,36,107,127,234,0,0,0,2,6,8,1320,1329,2649,2022-02-28T23:00:00Z
07,139,Grubišno Polje,591,534,1125,35,25,60,111,45,156,4,7,11,69,64,133,0,0,0,2,3,5,812,678,1490,2022-02-28T23:00:00Z
07,144,Hercegovac,136,156,292,19,2,21,47,15,62,2,1,3,46,35,81,0,0,0,1,1,2,251,210,461,2022-02-28T23:00:00Z
07,161,Ivanska,128,92,220,5,3,8,49,13,62,2,3,5,89,27,116,0,0,0,2,2,4,275,140,415,2022-02-28T23:00:00Z
07,176,Kapela,87,94,181,3,3,6,46,25,71,0,1,1,19,6,25,0,0,0,2,0,2,157,129,286,2022-02-28T23:00:00Z
07,18,Berek,44,42,86,7,1,8,19,18,37,0,0,0,8,6,14,0,0,0,0,0,0,78,67,145,2022-02-28T23:00:00Z
07,199,Končanica,129,66,195,8,1,9,33,15,48,0,0,0,15,10,25,0,0,0,1,2,3,186,94,280,2022-02-28T23:00:00Z
07,24,Bjelovar,7148,6860,14008,291,176,467,197,100,297,53,75,128,443,528,971,1,0,1,20,16,36,8153,7755,15908,2022-02-28T23:00:00Z
07,287,Nova Rača,91,119,210,12,2,14,76,33,109,0,2,2,29,10,39,0,0,0,0,1,1,208,167,375,2022-02-28T23:00:00Z
07,375,Rovišće,206,215,421,23,10,33,51,33,84,1,3,4,24,37,61,0,0,0,0,1,1,305,299,604,2022-02-28T23:00:00Z
07,390,Sirač,277,137,414,10,2,12,12,5,17,1,0,1,17,8,25,0,0,0,0,2,2,317,154,471,2022-02-28T23:00:00Z
07,450,Štefanje,48,60,108,7,3,10,32,14,46,1,2,3,34,21,55,0,0,0,0,0,0,122,100,222,2022-02-28T23:00:00Z
07,478,Velika Pisanica,74,78,152,4,1,5,31,15,46,1,0,1,9,8,17,0,0,0,2,0,2,121,102,223,2022-02-28T23:00:00Z
07,480,Veliki Grđevac,147,133,280,11,5,16,72,31,103,1,1,2,71,24,95,0,0,0,3,0,3,305,194,499,2022-02-28T23:00:00Z
07,483,Veliko Trojstvo,62,119,181,13,3,16,15,14,29,0,0,0,40,16,56,0,0,0,0,0,0,130,152,282,2022-02-28T23:00:00Z
07,562,Severin,65,27,92,1,0,1,16,14,30,0,0,0,13,28,41,0,0,0,0,0,0,95,69,164,2022-02-28T23:00:00Z
07,564,Šandrovac,25,46,71,3,0,3,14,8,22,0,0,0,13,6,19,0,0,0,0,0,0,55,60,115,2022-02-28T23:00:00Z
07,565,Velika Trnovitica,54,63,117,8,3,11,32,23,55,1,0,1,20,10,30,0,0,0,1,1,2,116,100,216,2022-02-28T23:00:00Z
07,566,Zrinski Topolovac,12,17,29,2,1,3,31,17,48,0,0,0,4,2,6,0,0,0,0,1,1,49,38,87,2022-02-28T23:00:00Z
07,63,Čazma,1109,801,1910,54,19,73,52,42,94,7,12,19,117,70,187,0,0,0,3,0,3,1342,944,2286,2022-02-28T23:00:00Z
07,67,Daruvar,1407,1700,3107,77,53,130,42,23,65,13,19,32,141,169,310,0,0,0,3,10,13,1683,1974,3657,2022-02-28T23:00:00Z
07,71,Dežanovac,130,77,207,10,2,12,73,35,108,0,0,0,37,16,53,0,0,0,0,1,1,250,131,381,2022-02-28T23:00:00Z
08,117,Fužine,249,190,439,17,10,27,0,2,2,2,1,3,16,20,36,0,0,0,3,0,3,287,223,510,2022-02-28T23:00:00Z
08,170,Jelenje,288,254,542,96,48,144,6,2,8,36,9,45,57,45,102,0,0,0,2,1,3,485,359,844,2022-02-28T23:00:00Z
08,180,Kastav,1129,865,1994,135,68,203,3,1,4,48,10,58,112,89,201,2,1,3,7,5,12,1436,1039,2475,2022-02-28T23:00:00Z
08,186,Klana,381,212,593,19,7,26,1,2,3,6,2,8,15,12,27,0,0,0,1,2,3,423,237,660,2022-02-28T23:00:00Z
08,209,Kraljevica,339,291,630,38,23,61,2,1,3,40,4,44,23,29,52,1,0,1,2,7,9,445,355,800,2022-02-28T23:00:00Z
08,215,Krk,1856,1212,3068,229,91,320,15,6,21,24,16,40,266,163,429,0,0,0,16,24,40,2406,1512,3918,2022-02-28T23:00:00Z
08,237,Lokve,115,86,201,12,6,18,0,0,0,0,3,3,7,8,15,0,0,0,0,0,0,134,103,237,2022-02-28T23:00:00Z
08,242,Lovran,406,601,1007,87,32,119,1,1,2,16,8,24,42,54,96,0,0,0,5,9,14,557,705,1262,2022-02-28T23:00:00Z
08,252,Mali Lošinj,1352,1383,2735,216,74,290,26,9,35,33,17,50,178,136,314,0,0,0,21,23,44,1826,1642,3468,2022-02-28T23:00:00Z
08,253,Malinska-Dubašnica,521,804,1325,138,62,200,6,11,17,10,4,14,170,131,301,0,0,0,16,13,29,861,1025,1886,2022-02-28T23:00:00Z
08,261,Matulji,1491,1082,2573,220,126,346,17,5,22,43,16,59,175,179,354,1,0,1,4,13,17,1951,1421,3372,2022-02-28T23:00:00Z
08,273,Mošćenička Draga,99,65,164,48,14,62,0,1,1,3,3,6,35,26,61,0,0,0,4,4,8,189,113,302,2022-02-28T23:00:00Z
08,275,Mrkopalj,55,51,106,14,3,17,2,0,2,1,0,1,8,7,15,0,0,0,1,1,2,81,62,143,2022-02-28T23:00:00Z
08,290,Novi Vinodolski,513,424,937,101,44,145,8,4,12,13,7,20,97,66,163,0,0,0,2,8,10,734,553,1287,2022-02-28T23:00:00Z
08,301,Omišalj,611,389,1000,77,21,98,0,0,0,20,4,24,67,35,102,0,0,0,4,8,12,779,457,1236,2022-02-28T23:00:00Z
08,302,Opatija,2231,2743,4974,200,111,311,7,6,13,57,27,84,100,141,241,0,1,1,21,36,57,2616,3065,5681,2022-02-28T23:00:00Z
08,360,Punat,300,156,456,59,22,81,4,0,4,4,2,6,62,36,98,0,0,0,2,3,5,431,219,650,2022-02-28T23:00:00Z
08,363,Rab,881,1012,1893,287,69,356,13,6,19,14,12,26,206,147,353,0,0,0,48,81,129,1449,1327,2776,2022-02-28T23:00:00Z
08,369,Ravna Gora,273,294,567,30,11,41,2,1,3,2,1,3,39,22,61,0,0,0,1,2,3,347,331,678,2022-02-28T23:00:00Z
08,373,Rijeka,27692,28462,56154,1242,1073,2315,23,16,39,1086,345,1431,871,1277,2148,4,2,6,102,116,218,31020,31291,62311,2022-02-28T23:00:00Z
08,38,Brod Moravice,45,34,79,9,1,10,1,0,1,0,1,1,11,3,14,0,0,0,1,0,1,67,39,106,2022-02-28T23:00:00Z
08,393,Skrad,46,43,89,4,3,7,1,1,2,1,1,2,3,7,10,0,0,0,0,0,0,55,55,110,2022-02-28T23:00:00Z
08,4,Bakar,2034,1036,3070,64,43,107,2,0,2,58,10,68,77,72,149,0,0,0,3,9,12,2238,1170,3408,2022-02-28T23:00:00Z
08,488,Vinodolska Općina,182,159,341,55,22,77,2,0,2,9,1,10,41,14,55,1,0,1,0,1,1,290,197,487,2022-02-28T23:00:00Z
08,495,Viškovo,1688,1160,2848,196,107,303,7,4,11,66,17,83,157,133,290,0,0,0,14,10,24,2128,1431,3559,2022-02-28T23:00:00Z
08,507,Vrbnik,129,97,226,34,10,44,10,6,16,0,0,0,24,22,46,0,0,0,0,1,1,197,136,333,2022-02-28T23:00:00Z
08,509,Vrbovsko,331,299,630,60,19,79,3,5,8,1,5,6,72,44,116,0,0,0,1,1,2,468,373,841,2022-02-28T23:00:00Z
08,52,Cres,518,404,922,72,22,94,11,3,14,9,3,12,42,64,106,0,0,0,8,9,17,660,505,1165,2022-02-28T23:00:00Z
08,53,Crikvenica,1204,1613,2817,207,115,322,7,2,9,46,25,71,200,163,363,0,0,0,17,22,39,1681,1940,3621,2022-02-28T23:00:00Z
08,538,Kostrena,451,298,749,40,24,64,1,1,2,79,7,86,17,33,50,0,0,0,1,3,4,589,366,955,2022-02-28T23:00:00Z
08,55,Čabar,326,281,607,53,18,71,5,4,9,6,0,6,149,50,199,0,0,0,1,4,5,540,357,897,2022-02-28T23:00:00Z
08,61,Čavle,654,553,1207,94,51,145,2,2,4,31,10,41,110,86,196,0,0,0,4,1,5,895,703,1598,2022-02-28T23:00:00Z
08,624,Lopar,53,33,86,21,2,23,0,1,1,1,0,1,15,11,26,0,0,0,6,6,12,96,53,149,2022-02-28T23:00:00Z
08,69,Delnice,1138,757,1895,70,48,118,6,1,7,10,10,20,73,102,175,0,0,0,3,9,12,1300,927,2227,2022-02-28T23:00:00Z
08,74,Dobrinj,137,79,216,50,21,71,1,2,3,3,2,5,93,35,128,0,0,0,2,8,10,286,147,433,2022-02-28T23:00:00Z
08,8,Baška,177,168,345,45,21,66,7,3,10,3,3,6,24,34,58,0,0,0,10,12,22,266,241,507,2022-02-28T23:00:00Z
09,130,Gospić,2266,2340,4606,96,60,156,74,43,117,12,9,21,132,162,294,0,0,0,11,7,18,2591,2621,5212,2022-02-28T23:00:00Z
09,178,Karlobag,81,93,174,8,4,12,6,1,7,3,0,3,8,4,12,0,0,0,1,1,2,107,103,210,2022-02-28T23:00:00Z
09,240,Lovinac,212,79,291,1,0,1,1,1,2,1,0,1,2,1,3,0,0,0,0,0,0,217,81,298,2022-02-28T23:00:00Z
09,288,Novalja,697,546,1243,117,29,146,23,10,33,2,5,7,166,68,234,0,0,0,14,22,36,1019,680,1699,2022-02-28T23:00:00Z
09,313,Otočac,823,888,1711,93,35,128,57,28,85,9,6,15,118,112,230,0,0,0,1,7,8,1101,1076,2177,2022-02-28T23:00:00Z
09,323,Perušić,330,253,583,20,11,31,32,20,52,0,1,1,21,24,45,0,0,0,0,0,0,403,309,712,2022-02-28T23:00:00Z
09,37,Brinje,364,213,577,24,6,30,7,6,13,0,1,1,14,17,31,0,0,0,0,2,2,409,245,654,2022-02-28T23:00:00Z
09,387,Senj,736,628,1364,93,46,139,5,5,10,17,7,24,89,93,182,0,0,0,6,9,15,946,788,1734,2022-02-28T23:00:00Z
09,455,Plitvička Jezera,685,713,1398,42,21,63,61,16,77,2,5,7,189,144,333,0,0,0,1,0,1,980,899,1879,2022-02-28T23:00:00Z
09,467,Udbina,127,96,223,8,6,14,36,10,46,0,0,0,17,18,35,0,0,0,4,1,5,192,131,323,2022-02-28T23:00:00Z
09,512,Vrhovine,104,37,141,3,3,6,8,2,10,0,0,0,4,3,7,0,0,0,0,0,0,119,45,164,2022-02-28T23:00:00Z
09,84,Donji Lapac,106,63,169,7,4,11,26,7,33,0,0,0,11,6,17,0,0,0,0,0,0,150,80,230,2022-02-28T23:00:00Z
10,136,Gradina,77,104,181,12,8,20,128,45,173,2,0,2,36,28,64,0,0,0,0,0,0,255,185,440,2022-02-28T23:00:00Z
10,245,Lukač,211,113,324,15,5,20,50,17,67,1,0,1,55,32,87,0,0,0,0,0,0,332,167,499,2022-02-28T23:00:00Z
10,266,Mikleuš,71,51,122,9,2,11,15,7,22,0,0,0,12,10,22,0,0,0,0,0,0,107,70,177,2022-02-28T23:00:00Z
10,283,Nova Bukovica,42,45,87,9,5,14,36,8,44,1,0,1,21,18,39,0,0,0,1,0,1,110,76,186,2022-02-28T23:00:00Z
10,307,Orahovica,952,674,1626,69,37,106,12,3,15,10,11,21,98,97,195,0,0,0,1,4,5,1142,826,1968,2022-02-28T23:00:00Z
10,332,Pitomača,703,684,1387,82,42,124,152,87,239,1,10,11,219,167,386,0,0,0,1,10,11,1158,1000,2158,2022-02-28T23:00:00Z
10,395,Slatina,1464,1351,2815,149,71,220,135,37,172,11,22,33,205,264,469,0,0,0,3,7,10,1967,1752,3719,2022-02-28T23:00:00Z
10,407,Sopje,143,44,187,4,1,5,87,19,106,0,0,0,20,24,44,0,0,0,0,0,0,254,88,342,2022-02-28T23:00:00Z
10,424,Suhopolje,254,265,519,23,20,43,102,44,146,0,1,1,65,49,114,0,0,0,2,1,3,446,380,826,2022-02-28T23:00:00Z
10,449,Špišić Bukovica,153,162,315,20,9,29,161,60,221,1,2,3,35,59,94,0,0,0,1,1,2,371,293,664,2022-02-28T23:00:00Z
10,491,Virovitica,3918,4057,7975,188,107,295,101,27,128,33,20,53,382,364,746,1,0,1,6,9,15,4629,4584,9213,2022-02-28T23:00:00Z
10,499,Voćin,145,100,245,11,3,14,24,33,57,0,0,0,11,4,15,0,0,0,0,0,0,191,140,331,2022-02-28T23:00:00Z
10,524,Zdenci,124,85,209,10,3,13,19,7,26,0,2,2,14,12,26,0,0,0,0,2,2,167,111,278,2022-02-28T23:00:00Z
10,54,Crnac,25,24,49,15,3,18,19,7,26,0,0,0,15,13,28,0,0,0,0,0,0,74,47,121,2022-02-28T23:00:00Z
10,56,Čačinci,157,103,260,20,14,34,19,9,28,0,4,4,27,31,58,0,0,0,2,1,3,225,162,387,2022-02-28T23:00:00Z
10,57,Čađavica,115,90,205,14,9,23,67,17,84,0,0,0,47,31,78,0,0,0,0,0,0,243,147,390,2022-02-28T23:00:00Z
11,164,Jakšić,141,107,248,30,4,34,23,5,28,0,2,2,48,14,62,0,0,0,0,0,0,242,132,374,2022-02-28T23:00:00Z
11,177,Kaptol,96,82,178,16,2,18,22,3,25,0,1,1,42,10,52,0,0,0,0,1,1,176,99,275,2022-02-28T23:00:00Z
11,221,Kutjevo,559,403,962,48,17,65,67,29,96,1,2,3,79,67,146,0,0,0,6,1,7,760,519,1279,2022-02-28T23:00:00Z
11,231,Lipik,756,610,1366,39,15,54,24,15,39,2,11,13,53,52,105,0,0,0,1,0,1,875,703,1578,2022-02-28T23:00:00Z
11,318,Pakrac,638,1106,1744,82,32,114,55,20,75,15,18,33,174,100,274,0,0,0,1,4,5,965,1280,2245,2022-02-28T23:00:00Z
11,334,Pleternica,577,438,1015,81,29,110,56,14,70,3,5,8,186,131,317,0,0,0,2,10,12,905,627,1532,2022-02-28T23:00:00Z
11,35,Brestovac,105,90,195,16,3,19,14,3,17,1,1,2,32,13,45,0,0,0,0,1,1,168,111,279,2022-02-28T23:00:00Z
11,351,Požega,5273,4370,9643,309,159,468,126,46,172,40,87,127,437,354,791,0,1,1,11,22,33,6196,5039,11235,2022-02-28T23:00:00Z
11,475,Velika,322,282,604,22,15,37,22,5,27,2,3,5,53,37,90,0,0,0,1,0,1,422,342,764,2022-02-28T23:00:00Z
11,58,Čaglin,96,159,255,8,2,10,18,5,23,0,1,1,15,13,28,0,0,0,0,0,0,137,180,317,2022-02-28T23:00:00Z
12,10,Bebrina,36,49,85,10,8,18,20,5,25,2,0,2,8,10,18,0,0,0,1,0,1,77,72,149,2022-02-28T23:00:00Z
12,118,Garčin,127,183,310,31,9,40,31,16,47,0,0,0,25,24,49,0,0,0,0,0,0,214,232,446,2022-02-28T23:00:00Z
12,127,Gornji Bogićevci,45,40,85,11,2,13,11,2,13,0,0,0,18,22,40,0,0,0,0,0,0,85,66,151,2022-02-28T23:00:00Z
12,140,Gundinci,78,68,146,12,3,15,49,23,72,0,0,0,15,8,23,0,0,0,0,0,0,154,102,256,2022-02-28T23:00:00Z
12,185,Klakar,84,55,139,13,3,16,22,4,26,0,1,1,12,12,24,0,0,0,1,0,1,132,75,207,2022-02-28T23:00:00Z
12,284,Nova Gradiška,2190,2092,4282,144,96,240,25,19,44,23,20,43,264,299,563,0,0,0,2,3,5,2648,2529,5177,2022-02-28T23:00:00Z
12,285,Nova Kapela,158,193,351,22,18,40,23,7,30,3,3,6,53,53,106,0,0,0,1,1,2,260,275,535,2022-02-28T23:00:00Z
12,299,Okučani,217,150,367,28,8,36,10,2,12,0,1,1,41,24,65,0,0,0,1,3,4,297,188,485,2022-02-28T23:00:00Z
12,303,Oprisavci,286,169,455,9,0,9,36,11,47,1,0,1,9,18,27,0,0,0,0,0,0,341,198,539,2022-02-28T23:00:00Z
12,309,Oriovac,284,287,571,41,22,63,21,12,33,2,2,4,74,56,130,0,0,0,1,2,3,423,381,804,2022-02-28T23:00:00Z
12,338,Podcrkavlje,38,35,73,17,1,18,8,2,10,0,1,1,20,4,24,0,0,0,0,0,0,83,43,126,2022-02-28T23:00:00Z
12,372,Rešetari,207,240,447,38,7,45,19,9,28,3,1,4,86,46,132,0,0,0,0,0,0,353,303,656,2022-02-28T23:00:00Z
12,388,Sibinj,132,253,385,54,18,72,18,1,19,0,0,0,62,34,96,0,0,0,2,2,4,268,308,576,2022-02-28T23:00:00Z
12,39,Brodski Stupnik,69,63,132,15,9,24,10,3,13,1,1,2,71,35,106,0,0,0,0,0,0,166,111,277,2022-02-28T23:00:00Z
12,396,Slavonski Brod,13557,9324,22881,609,339,948,45,32,77,77,89,166,938,941,1879,1,0,1,19,19,38,15246,10744,25990,2022-02-28T23:00:00Z
12,397,Slavonski Šamac,66,44,110,9,4,13,16,9,25,0,1,1,11,5,16,0,0,0,0,0,0,102,63,165,2022-02-28T23:00:00Z
12,412,Stara Gradiška,148,81,229,4,2,6,9,3,12,0,0,0,26,7,33,0,0,0,0,0,0,187,93,280,2022-02-28T23:00:00Z
12,418,Staro Petrovo Selo,190,122,312,35,8,43,40,15,55,1,1,2,90,49,139,0,0,0,0,2,2,356,197,553,2022-02-28T23:00:00Z
12,46,Cernik,144,180,324,32,12,44,9,7,16,4,2,6,57,25,82,0,0,0,0,1,1,246,227,473,2022-02-28T23:00:00Z
12,476,Velika Kopanica,168,104,272,30,7,37,30,17,47,1,1,2,39,30,69,0,0,0,0,2,2,268,161,429,2022-02-28T23:00:00Z
12,506,Vrbje,36,18,54,10,1,11,19,2,21,0,0,0,24,25,49,0,0,0,0,0,0,89,46,135,2022-02-28T23:00:00Z
12,514,Vrpolje,211,110,321,22,5,27,43,15,58,0,2,2,18,17,35,0,0,0,0,1,1,294,150,444,2022-02-28T23:00:00Z
12,567,Bukovlje,89,55,144,17,9,26,0,0,0,1,0,1,12,17,29,0,0,0,0,0,0,119,81,200,2022-02-28T23:00:00Z
12,568,Dragalić,29,48,77,6,1,7,8,2,10,0,0,0,5,5,10,0,0,0,0,1,1,48,57,105,2022-02-28T23:00:00Z
12,569,Gornja Vrba,361,109,470,14,3,17,2,1,3,1,1,2,25,18,43,0,0,0,0,1,1,403,133,536,2022-02-28T23:00:00Z
12,570,Sikirevci,40,41,81,22,4,26,37,14,51,0,0,0,12,11,23,0,0,0,1,1,2,112,71,183,2022-02-28T23:00:00Z
12,68,Davor,116,72,188,13,4,17,16,5,21,1,0,1,14,21,35,0,0,0,0,1,1,160,103,263,2022-02-28T23:00:00Z
12,81,Donji Andrijevci,183,114,297,22,10,32,21,5,26,1,1,2,31,19,50,0,0,0,0,4,4,258,153,411,2022-02-28T23:00:00Z
13,131,Gračac,256,265,521,21,16,37,66,30,96,2,1,3,45,42,87,0,0,0,0,2,2,390,356,746,2022-02-28T23:00:00Z
13,167,Jasenice,154,86,240,14,1,15,6,4,10,1,0,1,12,8,20,0,0,0,0,4,4,187,103,290,2022-02-28T23:00:00Z
13,17,Benkovac,1157,1068,2225,100,35,135,102,57,159,11,8,19,200,128,328,0,0,0,5,7,12,1575,1303,2878,2022-02-28T23:00:00Z
13,173,Kali,301,116,417,27,13,40,2,1,3,18,0,18,49,26,75,0,0,0,1,1,2,398,157,555,2022-02-28T23:00:00Z
13,20,Bibinje,216,217,433,51,20,71,4,0,4,2,3,5,73,57,130,0,0,0,0,4,4,346,301,647,2022-02-28T23:00:00Z
13,22,Biograd Na Moru,1109,1353,2462,118,61,179,27,15,42,12,7,19,155,193,348,0,0,0,8,20,28,1429,1649,3078,2022-02-28T23:00:00Z
13,234,Lišane Ostrovičke,23,32,55,9,2,11,0,1,1,0,0,0,12,7,19,0,0,0,0,0,0,44,42,86,2022-02-28T23:00:00Z
13,282,Nin,515,403,918,43,11,54,9,4,13,5,3,8,51,33,84,0,0,0,12,19,31,635,473,1108,2022-02-28T23:00:00Z
13,296,Obrovac,349,225,574,31,10,41,34,8,42,3,2,5,11,34,45,0,0,0,6,6,12,434,285,719,2022-02-28T23:00:00Z
13,316,Pag,493,411,904,59,24,83,32,11,43,6,5,11,49,41,90,0,0,0,9,8,17,648,500,1148,2022-02-28T23:00:00Z
13,317,Pakoštane,353,327,680,54,20,74,10,14,24,10,2,12,96,49,145,0,0,0,7,4,11,530,416,946,2022-02-28T23:00:00Z
13,320,Pašman,110,106,216,42,11,53,4,3,7,15,0,15,34,25,59,0,0,0,2,1,3,207,146,353,2022-02-28T23:00:00Z
13,344,Polača,108,70,178,14,5,19,4,2,6,3,0,3,7,14,21,0,0,0,1,3,4,137,94,231,2022-02-28T23:00:00Z
13,345,Poličnik,436,362,798,49,6,55,11,7,18,5,1,6,48,19,67,0,0,0,1,2,3,550,397,947,2022-02-28T23:00:00Z
13,349,Posedarje,141,179,320,34,12,46,5,9,14,8,2,10,34,32,66,0,0,0,0,4,4,222,238,460,2022-02-28T23:00:00Z
13,354,Preko,265,434,699,47,11,58,6,4,10,24,3,27,45,24,69,0,0,0,2,9,11,389,485,874,2022-02-28T23:00:00Z
13,371,Ražanac,82,87,169,25,7,32,7,7,14,11,1,12,24,11,35,0,0,0,2,2,4,151,115,266,2022-02-28T23:00:00Z
13,379,Sali,154,134,288,40,9,49,6,2,8,6,2,8,25,16,41,0,0,0,3,6,9,234,169,403,2022-02-28T23:00:00Z
13,411,Stankovci,237,132,369,29,4,33,6,3,9,0,1,1,32,16,48,0,0,0,0,1,1,304,157,461,2022-02-28T23:00:00Z
13,416,Starigrad,117,136,253,40,26,66,7,2,9,3,0,3,28,32,60,0,0,0,4,17,21,199,213,412,2022-02-28T23:00:00Z
13,425,Sukošan,409,290,699,58,19,77,11,5,16,5,2,7,62,53,115,0,0,0,1,7,8,546,376,922,2022-02-28T23:00:00Z
13,428,Sveti Filip I Jakov,200,339,539,36,19,55,7,4,11,9,3,12,35,43,78,0,0,0,1,3,4,288,411,699,2022-02-28T23:00:00Z
13,445,Škabrnje,67,73,140,26,3,29,4,1,5,2,1,3,13,8,21,0,0,0,1,2,3,113,88,201,2022-02-28T23:00:00Z
13,489,Vir,271,262,533,50,12,62,2,2,4,2,2,4,27,42,69,0,0,0,4,3,7,356,323,679,2022-02-28T23:00:00Z
13,520,Zadar,14729,16022,30751,1050,600,1650,43,27,70,697,213,910,1299,1396,2695,2,0,2,133,109,242,17953,18367,36320,2022-02-28T23:00:00Z
13,525,Zemunik Donji,156,212,368,17,5,22,3,2,5,0,0,0,27,8,35,0,0,0,0,6,6,203,233,436,2022-02-28T23:00:00Z
13,537,Novigrad,64,86,150,26,1,27,5,4,9,3,1,4,28,11,39,0,0,0,1,3,4,127,106,233,2022-02-28T23:00:00Z
13,571,Galovac,28,60,88,10,1,11,4,4,8,2,2,4,9,8,17,0,0,0,0,2,2,53,77,130,2022-02-28T23:00:00Z
13,572,Kukljica,48,42,90,17,3,20,1,0,1,2,1,3,29,7,36,0,0,0,1,0,1,98,53,151,2022-02-28T23:00:00Z
13,573,Povljana,41,30,71,15,4,19,5,2,7,2,0,2,9,7,16,0,0,0,1,1,2,73,44,117,2022-02-28T23:00:00Z
13,574,Privlaka,117,123,240,18,10,28,0,2,2,11,0,11,21,12,33,0,0,0,5,3,8,172,150,322,2022-02-28T23:00:00Z
13,575,Tkon,88,66,154,22,6,28,2,2,4,4,0,4,43,20,63,0,0,0,2,2,4,161,96,257,2022-02-28T23:00:00Z
13,622,Kolan,125,83,208,21,4,25,4,2,6,0,0,0,18,19,37,0,0,0,1,1,2,169,109,278,2022-02-28T23:00:00Z
13,625,Vrsi,98,60,158,13,6,19,6,5,11,22,0,22,26,23,49,0,0,0,7,1,8,172,95,267,2022-02-28T23:00:00Z
14,103,Đakovo,2827,2796,5623,484,212,696,202,89,291,29,38,67,668,565,1233,0,0,0,8,11,19,4218,3711,7929,2022-02-28T23:00:00Z
14,106,Đurđenovac,567,551,1118,41,13,54,20,15,35,0,6,6,75,43,118,0,0,0,4,0,4,707,628,1335,2022-02-28T23:00:00Z
14,110,Erdut,309,210,519,38,18,56,57,14,71,2,4,6,55,43,98,0,0,0,1,0,1,462,289,751,2022-02-28T23:00:00Z
14,111,Ernestinovo,77,207,284,5,2,7,24,8,32,2,1,3,8,11,19,0,0,0,1,0,1,117,229,346,2022-02-28T23:00:00Z
14,116,Feričanci,126,113,239,23,5,28,3,0,3,0,3,3,40,16,56,0,0,0,0,0,0,192,137,329,2022-02-28T23:00:00Z
14,124,Gorjani,125,156,281,18,5,23,14,8,22,0,0,0,15,6,21,0,0,0,0,0,0,172,175,347,2022-02-28T23:00:00Z
14,13,Beli Manastir,1108,1127,2235,76,44,120,59,34,93,10,12,22,119,104,223,0,0,0,2,3,5,1374,1324,2698,2022-02-28T23:00:00Z
14,16,Belišće,1657,635,2292,68,31,99,28,8,36,2,7,9,88,100,188,0,0,0,1,1,2,1844,782,2626,2022-02-28T23:00:00Z
14,195,Kneževi Vinogradi,213,270,483,33,7,40,35,6,41,1,2,3,64,78,142,0,0,0,1,0,1,347,363,710,2022-02-28T23:00:00Z
14,2,Antunovac,187,155,342,31,12,43,12,6,18,0,0,0,15,13,28,0,0,0,0,0,0,245,186,431,2022-02-28T23:00:00Z
14,205,Koška,193,149,342,25,5,30,28,8,36,2,4,6,35,24,59,0,0,0,1,0,1,284,190,474,2022-02-28T23:00:00Z
14,21,Bilje,290,279,569,46,20,66,19,12,31,2,5,7,68,42,110,0,0,0,1,2,3,426,360,786,2022-02-28T23:00:00Z
14,23,Bizovac,229,244,473,28,11,39,23,10,33,2,3,5,26,34,60,0,0,0,7,13,20,315,315,630,2022-02-28T23:00:00Z
14,230,Levanjska Varoš,43,39,82,2,1,3,11,8,19,0,0,0,0,4,4,0,0,0,0,1,1,56,53,109,2022-02-28T23:00:00Z
14,257,Marijanci,109,77,186,7,5,12,12,0,12,0,0,0,17,21,38,0,0,0,1,1,2,146,104,250,2022-02-28T23:00:00Z
14,271,Moslavina Podravska,20,49,69,4,2,6,17,5,22,0,0,0,13,10,23,0,0,0,0,0,0,54,66,120,2022-02-28T23:00:00Z
14,278,Našice,2177,1784,3961,168,84,252,59,25,84,24,39,63,279,225,504,0,0,0,7,7,14,2714,2164,4878,2022-02-28T23:00:00Z
14,312,Osijek,23967,22444,46411,918,655,1573,114,41,155,170,186,356,765,1117,1882,1,2,3,39,39,78,25974,24484,50458,2022-02-28T23:00:00Z
14,325,Petlovac,47,26,73,4,4,8,13,0,13,0,0,0,14,10,24,0,0,0,0,0,0,78,40,118,2022-02-28T23:00:00Z
14,327,Petrijevci,287,215,502,17,3,20,5,4,9,0,0,0,11,7,18,0,0,0,1,2,3,321,231,552,2022-02-28T23:00:00Z
14,340,Podgorač,108,108,216,24,7,31,26,5,31,1,3,4,21,31,52,0,0,0,0,0,0,180,154,334,2022-02-28T23:00:00Z
14,346,Popovac,54,57,111,2,3,5,5,5,10,0,0,0,5,3,8,0,0,0,0,0,0,66,68,134,2022-02-28T23:00:00Z
14,361,Punitovci,49,62,111,21,3,24,16,4,20,0,0,0,38,7,45,0,0,0,0,0,0,124,76,200,2022-02-28T23:00:00Z
14,381,Satnica Đakovačka,123,84,207,21,5,26,10,3,13,0,0,0,47,29,76,0,0,0,0,0,0,201,121,322,2022-02-28T23:00:00Z
14,386,Semeljci,237,199,436,44,18,62,56,26,82,1,1,2,79,42,121,0,0,0,0,2,2,417,288,705,2022-02-28T23:00:00Z
14,421,Strizivojna,316,316,632,17,8,25,18,3,21,0,0,0,20,10,30,0,0,0,1,1,2,372,338,710,2022-02-28T23:00:00Z
14,461,Trnava,52,57,109,6,2,8,13,7,20,0,0,0,13,3,16,0,0,0,0,0,0,84,69,153,2022-02-28T23:00:00Z
14,471,Valpovo,883,1074,1957,72,57,129,48,18,66,13,22,35,82,103,185,0,0,0,8,12,20,1106,1286,2392,2022-02-28T23:00:00Z
14,485,Viljevo,46,77,123,11,0,11,22,4,26,0,0,0,20,9,29,0,0,0,0,1,1,99,91,190,2022-02-28T23:00:00Z
14,494,Viškovci,210,211,421,23,6,29,16,5,21,0,0,0,22,5,27,0,0,0,1,0,1,272,227,499,2022-02-28T23:00:00Z
14,517,Vuka,38,49,87,16,2,18,14,4,18,0,0,0,19,10,29,0,0,0,0,0,0,87,65,152,2022-02-28T23:00:00Z
14,576,Donja Motičina,22,26,48,9,3,12,1,1,2,0,0,0,16,7,23,0,0,0,0,0,0,48,37,85,2022-02-28T23:00:00Z
14,578,Magadenovac,87,112,199,4,2,6,26,9,35,0,1,1,21,22,43,0,0,0,0,0,0,138,146,284,2022-02-28T23:00:00Z
14,579,Vladislavci,127,126,253,3,0,3,6,4,10,0,0,0,7,5,12,0,0,0,0,0,0,143,135,278,2022-02-28T23:00:00Z
14,609,Jagodnjak,113,61,174,7,2,9,25,6,31,0,0,0,10,4,14,0,0,0,0,0,0,155,73,228,2022-02-28T23:00:00Z
14,614,Šodolovci,23,34,57,0,0,0,0,0,0,0,0,0,9,3,12,0,0,0,0,0,0,32,37,69,2022-02-28T23:00:00Z
14,64,Čeminac,65,78,143,12,0,12,4,2,6,0,0,0,17,10,27,0,0,0,0,0,0,98,90,188,2022-02-28T23:00:00Z
14,65,Čepin,690,484,1174,98,31,129,58,30,88,4,5,9,110,95,205,0,0,0,2,3,5,962,648,1610,2022-02-28T23:00:00Z
14,66,Darda,1747,872,2619,55,29,84,37,4,41,2,4,6,58,49,107,0,0,0,1,1,2,1900,959,2859,2022-02-28T23:00:00Z
14,86,Donji Miholjac,1163,977,2140,86,52,138,162,33,195,5,16,21,158,117,275,0,0,0,1,3,4,1575,1198,2773,2022-02-28T23:00:00Z
14,91,Draž,80,128,208,12,3,15,16,4,20,0,0,0,7,9,16,0,0,0,1,1,2,116,145,261,2022-02-28T23:00:00Z
14,94,Drenje,94,95,189,31,6,37,46,15,61,0,0,0,17,18,35,0,0,0,0,0,0,188,134,322,2022-02-28T23:00:00Z
15,113,Ervenik,38,48,86,1,0,1,4,1,5,0,0,0,3,1,4,0,0,0,0,0,0,46,50,96,2022-02-28T23:00:00Z
15,183,Kijevo,31,31,62,2,0,2,0,0,0,0,0,0,0,0,0,0,0,0,0,0,0,33,31,64,2022-02-28T23:00:00Z
15,184,Kistanje,58,73,131,16,4,20,1,2,3,1,0,1,13,9,22,0,0,0,0,0,0,89,88,177,2022-02-28T23:00:00Z
15,196,Knin,1487,1409,2896,125,69,194,60,18,78,31,5,36,147,148,295,0,0,0,2,2,4,1852,1651,3503,2022-02-28T23:00:00Z
15,298,Promina,111,95,206,1,1,2,1,2,3,0,0,0,2,1,3,0,0,0,0,0,0,115,99,214,2022-02-28T23:00:00Z
15,310,Biskupija,93,20,113,1,0,1,2,0,2,1,0,1,0,0,0,0,0,0,0,0,0,97,20,117,2022-02-28T23:00:00Z
15,357,Primošten,275,286,561,75,22,97,7,2,9,7,0,7,44,28,72,0,1,1,4,4,8,412,343,755,2022-02-28T23:00:00Z
15,377,Ružić,28,40,68,4,0,4,6,5,11,0,0,0,3,9,12,0,0,0,0,0,0,41,54,95,2022-02-28T23:00:00Z
15,394,Skradin,122,138,260,44,12,56,20,8,28,3,2,5,33,26,59,0,0,0,2,1,3,224,187,411,2022-02-28T23:00:00Z
15,444,Šibenik,7846,8208,16054,632,339,971,38,13,51,189,95,284,601,673,1274,0,0,0,26,53,79,9332,9381,18713,2022-02-28T23:00:00Z
15,454,Tisno,346,278,624,99,31,130,5,0,5,8,3,11,54,49,103,0,0,0,1,4,5,513,365,878,2022-02-28T23:00:00Z
15,469,Unešić,42,60,102,10,0,10,4,1,5,1,0,1,18,5,23,0,0,0,0,0,0,75,66,141,2022-02-28T23:00:00Z
15,500,Vodice,850,991,1841,255,86,341,14,4,18,11,10,21,247,138,385,0,0,0,16,43,59,1393,1272,2665,2022-02-28T23:00:00Z
15,51,Civljane,54,9,63,1,1,2,0,0,0,0,0,0,3,3,6,0,0,0,0,0,0,58,13,71,2022-02-28T23:00:00Z
15,581,Pirovac,145,157,302,28,13,41,6,2,8,1,2,3,51,34,85,0,0,0,0,0,0,231,208,439,2022-02-28T23:00:00Z
15,582,Rogoznica,242,220,462,48,13,61,2,1,3,7,1,8,39,43,82,0,0,0,3,2,5,341,280,621,2022-02-28T23:00:00Z
15,617,Murter,249,268,517,47,27,74,5,1,6,16,3,19,67,38,105,0,0,0,10,10,20,394,347,741,2022-02-28T23:00:00Z
15,621,Bilice,78,41,119,24,6,30,0,0,0,6,0,6,16,10,26,0,0,0,0,0,0,124,57,181,2022-02-28T23:00:00Z
15,626,Tribunj,82,87,169,21,10,31,1,0,1,5,0,5,59,27,86,0,0,0,1,0,1,169,124,293,2022-02-28T23:00:00Z
15,95,Drniš,898,625,1523,69,53,122,54,20,74,5,6,11,92,88,180,0,0,0,1,1,2,1119,793,1912,2022-02-28T23:00:00Z
16,1,Andrijaševci,74,105,179,25,13,38,12,6,18,2,1,3,34,30,64,0,0,0,0,3,3,147,158,305,2022-02-28T23:00:00Z
16,137,Gradište,95,93,188,17,4,21,31,4,35,0,1,1,13,18,31,0,0,0,0,1,1,156,121,277,2022-02-28T23:00:00Z
16,141,Gunja,184,113,297,27,9,36,46,16,62,2,0,2,37,5,42,0,0,0,0,3,3,296,146,442,2022-02-28T23:00:00Z
16,154,Ilok,453,539,992,67,24,91,48,17,65,1,3,4,115,90,205,0,0,0,0,2,2,684,675,1359,2022-02-28T23:00:00Z
16,159,Ivankovo,329,406,735,67,30,97,49,14,63,2,5,7,126,66,192,0,0,0,3,2,5,576,523,1099,2022-02-28T23:00:00Z
16,166,Jarmina,28,71,99,14,8,22,28,11,39,0,2,2,26,17,43,0,0,0,0,4,4,96,113,209,2022-02-28T23:00:00Z
16,239,Lovas,52,56,108,6,0,6,14,0,14,1,0,1,5,5,10,0,0,0,0,0,0,78,61,139,2022-02-28T23:00:00Z
16,26,Bogdanovci,27,16,43,3,0,3,7,4,11,0,0,0,18,7,25,0,0,0,0,0,0,55,27,82,2022-02-28T23:00:00Z
16,29,Borovo,64,106,170,46,14,60,25,6,31,1,3,4,63,75,138,0,0,0,2,1,3,201,205,406,2022-02-28T23:00:00Z
16,294,Nuštar,238,298,536,33,18,51,24,6,30,2,2,4,43,24,67,0,0,0,1,0,1,341,348,689,2022-02-28T23:00:00Z
16,295,Nijemci,182,183,365,24,7,31,89,27,116,1,1,2,49,33,82,0,0,0,0,2,2,345,253,598,2022-02-28T23:00:00Z
16,3,Babina Greda,153,143,296,28,14,42,80,27,107,3,0,3,30,40,70,0,0,0,1,1,2,295,225,520,2022-02-28T23:00:00Z
16,32,Bošnjaci,124,105,229,23,6,29,35,8,43,2,0,2,34,35,69,0,0,0,0,0,0,218,154,372,2022-02-28T23:00:00Z
16,414,Stari Jankovci,135,125,260,22,3,25,38,9,47,1,0,1,31,17,48,0,0,0,0,1,1,227,155,382,2022-02-28T23:00:00Z
16,415,Stari Mikanovci,89,131,220,17,11,28,22,13,35,2,1,3,31,40,71,0,0,0,0,0,0,161,196,357,2022-02-28T23:00:00Z
16,44,Cerna,413,213,626,38,23,61,50,19,69,2,1,3,69,61,130,0,0,0,1,0,1,573,317,890,2022-02-28T23:00:00Z
16,456,Tompojevci,17,37,54,15,4,19,39,12,51,0,0,0,14,10,24,0,0,0,0,0,0,85,63,148,2022-02-28T23:00:00Z
16,458,Tordinci,90,87,177,7,2,9,10,0,10,1,0,1,8,11,19,0,0,0,0,0,0,116,100,216,2022-02-28T23:00:00Z
16,459,Tovarnik,151,127,278,20,3,23,48,23,71,1,1,2,7,14,21,0,0,0,0,0,0,227,168,395,2022-02-28T23:00:00Z
16,464,Trpinja,110,187,297,24,7,31,83,15,98,2,0,2,35,22,57,0,0,0,0,0,0,254,231,485,2022-02-28T23:00:00Z
16,487,Vinkovci,8025,6379,14404,295,186,481,50,22,72,57,51,108,447,617,1064,1,0,1,12,14,26,8887,7269,16156,2022-02-28T23:00:00Z
16,505,Vrbanja,276,114,390,27,14,41,68,16,84,2,1,3,34,29,63,0,0,0,0,0,0,407,174,581,2022-02-28T23:00:00Z
16,518,Vukovar,4411,4602,9013,287,140,427,96,40,136,26,30,56,419,402,821,0,0,0,4,10,14,5243,5224,10467,2022-02-28T23:00:00Z
16,534,Županja,2142,1507,3649,142,54,196,38,11,49,20,20,40,173,190,363,1,0,1,5,5,10,2521,1787,4308,2022-02-28T23:00:00Z
16,535,Otok (Vinkovci),402,279,681,35,20,55,59,11,70,7,1,8,72,54,126,0,0,0,1,2,3,576,367,943,2022-02-28T23:00:00Z
16,583,Privlaka,104,78,182,16,4,20,22,9,31,0,2,2,14,17,31,0,0,0,1,0,1,157,110,267,2022-02-28T23:00:00Z
16,584,Vođinci,48,156,204,14,2,16,7,5,12,0,1,1,16,11,27,0,0,0,0,1,1,85,176,261,2022-02-28T23:00:00Z
16,610,Markušica,42,47,89,10,4,14,53,15,68,0,1,1,10,13,23,0,0,0,1,1,2,116,81,197,2022-02-28T23:00:00Z
16,612,Negoslavci,30,14,44,5,1,6,12,3,15,1,0,1,17,15,32,0,0,0,0,0,0,65,33,98,2022-02-28T23:00:00Z
16,628,Štitar,74,65,139,6,0,6,14,3,17,0,0,0,10,8,18,0,0,0,0,0,0,104,76,180,2022-02-28T23:00:00Z
16,92,Drenovci,103,160,263,40,5,45,104,38,142,1,1,2,52,48,100,0,0,0,0,1,1,300,253,553,2022-02-28T23:00:00Z
17,100,Dugi Rat,562,611,1173,77,32,109,1,2,3,38,5,43,150,98,248,0,0,0,8,10,18,836,758,1594,2022-02-28T23:00:00Z
17,134,Gradac,138,165,303,37,14,51,5,1,6,2,2,4,18,24,42,0,0,0,4,15,19,204,221,425,2022-02-28T23:00:00Z
17,148,Hrvace,293,213,506,39,16,55,6,7,13,1,3,4,50,41,91,0,0,0,1,2,3,390,282,672,2022-02-28T23:00:00Z
17,153,Hvar,524,517,1041,168,60,228,17,11,28,17,7,24,125,109,234,3,0,3,40,50,90,894,754,1648,2022-02-28T23:00:00Z
17,155,Imotski,1344,1366,2710,167,96,263,13,8,21,30,14,44,129,181,310,0,0,0,11,10,21,1694,1675,3369,2022-02-28T23:00:00Z
17,171,Jelsa,321,304,625,84,21,105,34,13,47,11,1,12,98,45,143,0,0,0,15,9,24,563,393,956,2022-02-28T23:00:00Z
17,181,Kaštela,3456,3699,7155,494,241,735,20,15,35,139,38,177,513,534,1047,0,0,0,75,44,119,4697,4571,9268,2022-02-28T23:00:00Z
17,192,Klis,243,184,427,30,7,37,8,2,10,21,2,23,53,30,83,0,0,0,0,2,2,355,227,582,2022-02-28T23:00:00Z
17,197,Komiža,120,122,242,60,14,74,5,0,5,6,2,8,28,23,51,0,0,0,7,13,20,226,174,400,2022-02-28T23:00:00Z
17,243,Lovreć,135,98,233,15,7,22,4,0,4,1,0,1,24,12,36,0,0,0,2,2,4,181,119,300,2022-02-28T23:00:00Z
17,249,Makarska,2367,2347,4714,257,161,418,2,1,3,48,29,77,317,315,632,0,0,0,56,94,150,3047,2947,5994,2022-02-28T23:00:00Z
17,258,Marina,197,258,455,58,22,80,4,5,9,13,1,14,33,43,76,1,0,1,2,1,3,308,330,638,2022-02-28T23:00:00Z
17,267,Milna,78,78,156,23,5,28,7,1,8,4,0,4,18,23,41,0,0,0,4,4,8,134,111,245,2022-02-28T23:00:00Z
17,27,Bol,255,334,589,48,15,63,4,2,6,3,2,5,54,23,77,0,0,0,6,9,15,370,385,755,2022-02-28T23:00:00Z
17,280,Nerežišća,150,58,208,19,2,21,4,2,6,1,0,1,28,18,46,0,0,0,1,0,1,203,80,283,2022-02-28T23:00:00Z
17,300,Omiš,1463,1658,3121,209,80,289,13,5,18,48,16,64,285,263,548,0,0,0,11,24,35,2029,2046,4075,2022-02-28T23:00:00Z
17,314,Otok,181,205,386,53,21,74,10,0,10,3,1,4,81,52,133,0,0,0,0,1,1,328,280,608,2022-02-28T23:00:00Z
17,337,Podbablje,284,178,462,33,3,36,5,0,5,2,1,3,16,35,51,0,0,0,0,2,2,340,219,559,2022-02-28T23:00:00Z
17,339,Podgora,225,180,405,44,8,52,1,2,3,1,0,1,24,15,39,0,0,0,18,23,41,313,228,541,2022-02-28T23:00:00Z
17,341,Podstrana,803,692,1495,64,21,85,16,3,19,47,3,50,69,88,157,0,0,0,8,13,21,1007,820,1827,2022-02-28T23:00:00Z
17,350,Postira,266,228,494,33,18,51,10,3,13,2,3,5,11,13,24,0,0,0,3,1,4,325,266,591,2022-02-28T23:00:00Z
17,358,Pučišća,223,130,353,47,6,53,7,5,12,6,0,6,36,10,46,0,0,0,5,1,6,324,152,476,2022-02-28T23:00:00Z
17,382,Seget,475,361,836,34,6,40,9,3,12,11,2,13,165,64,229,0,0,0,7,11,18,701,447,1148,2022-02-28T23:00:00Z
17,383,Selca,138,120,258,41,14,55,9,4,13,6,1,7,63,23,86,0,0,0,1,2,3,258,164,422,2022-02-28T23:00:00Z
17,389,Sinj,1959,2005,3964,293,144,437,56,20,76,44,43,87,311,396,707,0,0,0,10,15,25,2673,2623,5296,2022-02-28T23:00:00Z
17,406,Solin,3533,3084,6617,263,140,403,12,6,18,121,38,159,301,287,588,0,0,0,11,7,18,4241,3562,7803,2022-02-28T23:00:00Z
17,409,Split,35046,38361,73407,1522,1091,2613,67,42,109,2266,452,2718,1476,2143,3619,5,1,6,168,196,364,40550,42286,82836,2022-02-28T23:00:00Z
17,413,Stari Grad,323,316,639,65,20,85,21,15,36,8,4,12,43,34,77,0,0,0,21,14,35,481,403,884,2022-02-28T23:00:00Z
17,423,Sućuraj,25,22,47,22,2,24,4,2,6,0,0,0,8,5,13,0,0,0,0,1,1,59,32,91,2022-02-28T23:00:00Z
17,427,Supetar,583,716,1299,104,60,164,18,8,26,24,9,33,108,121,229,0,0,0,11,6,17,848,920,1768,2022-02-28T23:00:00Z
17,443,Šestanovac,135,157,292,30,7,37,10,1,11,0,2,2,19,24,43,0,0,0,3,0,3,197,191,388,2022-02-28T23:00:00Z
17,447,Šolta,166,118,284,14,5,19,9,3,12,11,0,11,6,13,19,0,0,0,13,9,22,219,148,367,2022-02-28T23:00:00Z
17,460,Trilj,494,621,1115,128,31,159,19,7,26,12,2,14,99,128,227,0,0,0,0,4,4,752,793,1545,2022-02-28T23:00:00Z
17,463,Trogir,1769,1804,3573,313,141,454,16,5,21,62,38,100,295,394,689,0,0,0,21,40,61,2476,2422,4898,2022-02-28T23:00:00Z
17,492,Vis,223,248,471,40,12,52,16,4,20,7,2,9,32,24,56,0,0,0,21,16,37,339,306,645,2022-02-28T23:00:00Z
17,50,Cista Provo,122,163,285,25,3,28,7,0,7,1,0,1,9,7,16,0,0,0,1,3,4,165,176,341,2022-02-28T23:00:00Z
17,511,Vrgorac,975,700,1675,51,25,76,25,13,38,5,6,11,48,77,125,0,0,0,1,4,5,1105,825,1930,2022-02-28T23:00:00Z
17,513,Vrlika,91,229,320,16,3,19,13,5,18,3,0,3,26,3,29,0,0,0,1,0,1,150,240,390,2022-02-28T23:00:00Z
17,522,Zagvozd,129,77,206,16,2,18,2,0,2,1,0,1,14,9,23,0,0,0,0,0,0,162,88,250,2022-02-28T23:00:00Z
17,528,Zmijavci,96,118,214,6,3,9,1,1,2,2,0,2,31,13,44,0,0,0,1,1,2,137,136,273,2022-02-28T23:00:00Z
17,585,Dugopolje,1508,779,2287,37,11,48,5,4,9,14,2,16,66,46,112,0,0,0,0,0,0,1630,842,2472,2022-02-28T23:00:00Z
17,586,Lećevica,14,41,55,5,0,5,1,1,2,1,0,1,2,0,2,0,0,0,1,0,1,24,42,66,2022-02-28T23:00:00Z
17,587,Lokvičići,35,27,62,2,0,2,2,0,2,0,0,0,2,2,4,0,0,0,1,0,1,42,29,71,2022-02-28T23:00:00Z
17,588,Okrug,133,198,331,30,7,37,1,0,1,18,4,22,97,29,126,0,0,0,6,13,19,285,251,536,2022-02-28T23:00:00Z
17,589,Prgomet,36,38,74,7,0,7,1,1,2,0,0,0,2,1,3,0,0,0,1,0,1,47,40,87,2022-02-28T23:00:00Z
17,590,Primorski Dolac,15,58,73,5,1,6,1,2,3,1,1,2,2,3,5,0,0,0,0,0,0,24,65,89,2022-02-28T23:00:00Z
17,591,Runovići,68,66,134,11,1,12,0,1,1,0,2,2,26,35,61,0,0,0,0,1,1,105,106,211,2022-02-28T23:00:00Z
17,592,Sutivan,94,69,163,11,4,15,4,1,5,4,1,5,18,10,28,0,0,0,1,1,2,132,86,218,2022-02-28T23:00:00Z
17,593,Tučepi,201,152,353,22,13,35,1,1,2,3,3,6,31,20,51,0,0,0,7,40,47,265,229,494,2022-02-28T23:00:00Z
17,595,Zadvarje,27,25,52,7,1,8,1,1,2,0,0,0,15,7,22,0,0,0,0,2,2,50,36,86,2022-02-28T23:00:00Z
17,72,Dicmo,444,191,635,33,17,50,4,2,6,2,1,3,35,42,77,0,0,0,0,2,2,518,255,773,2022-02-28T23:00:00Z
17,77,Brela,187,154,341,24,10,34,0,1,1,2,1,3,14,22,36,0,0,0,4,9,13,231,197,428,2022-02-28T23:00:00Z
17,87,Muć,184,201,385,18,3,21,2,4,6,3,4,7,12,14,26,0,0,0,1,1,2,220,227,447,2022-02-28T23:00:00Z
17,88,Proložac,198,185,383,15,5,20,2,4,6,0,0,0,34,19,53,0,0,0,3,1,4,252,214,466,2022-02-28T23:00:00Z
17,9,Baška Voda,214,232,446,53,23,76,1,0,1,5,2,7,52,43,95,0,0,0,8,20,28,333,320,653,2022-02-28T23:00:00Z
18,132,Gračišće,44,26,70,28,4,32,10,3,13,0,0,0,37,9,46,0,0,0,0,0,0,119,42,161,2022-02-28T23:00:00Z
18,138,Grožnjan,24,18,42,14,2,16,13,5,18,0,0,0,8,14,22,0,0,0,0,2,2,59,41,100,2022-02-28T23:00:00Z
18,175,Kanfanar,529,207,736,28,6,34,4,1,5,1,0,1,21,21,42,0,0,0,2,3,5,585,238,823,2022-02-28T23:00:00Z
18,217,Kršan,311,297,608,51,14,65,7,3,10,4,0,4,115,55,170,0,0,0,2,4,6,490,373,863,2022-02-28T23:00:00Z
18,222,Labin,2605,2344,4949,248,117,365,17,11,28,28,37,65,275,226,501,0,0,0,57,60,117,3230,2795,6025,2022-02-28T23:00:00Z
18,223,Lanišće,14,13,27,4,0,4,2,0,2,0,0,0,9,2,11,0,0,0,1,1,2,30,16,46,2022-02-28T23:00:00Z
18,235,Ližnjan,143,112,255,10,4,14,2,0,2,2,0,2,24,29,53,0,0,0,5,20,25,186,165,351,2022-02-28T23:00:00Z
18,246,Lupoglav,191,94,285,12,4,16,5,2,7,0,1,1,13,13,26,0,0,0,0,1,1,221,115,336,2022-02-28T23:00:00Z
18,254,Marčana,153,192,345,37,13,50,4,2,6,4,1,5,44,27,71,0,0,0,3,1,4,245,236,481,2022-02-28T23:00:00Z
18,263,Medulin,627,599,1226,68,33,101,5,2,7,8,6,14,91,109,200,0,0,0,5,7,12,804,756,1560,2022-02-28T23:00:00Z
18,274,Motovun,95,103,198,33,13,46,21,7,28,0,1,1,45,29,74,0,0,0,0,9,9,194,162,356,2022-02-28T23:00:00Z
18,291,Novigrad,815,958,1773,122,49,171,15,4,19,3,9,12,127,107,234,0,0,0,8,28,36,1090,1155,2245,2022-02-28T23:00:00Z
18,304,Oprtalj,71,75,146,11,5,16,14,1,15,0,0,0,9,11,20,0,0,0,3,2,5,108,94,202,2022-02-28T23:00:00Z
18,321,Pazin,1977,1987,3964,311,121,432,53,27,80,14,21,35,310,200,510,0,0,0,4,14,18,2669,2370,5039,2022-02-28T23:00:00Z
18,330,Pićan,336,162,498,32,8,40,1,5,6,2,1,3,54,17,71,0,0,0,1,1,2,426,194,620,2022-02-28T23:00:00Z
18,348,Poreč,4722,4608,9330,611,301,912,46,19,65,56,50,106,510,448,958,0,0,0,68,76,144,6013,5502,11515,2022-02-28T23:00:00Z
18,359,Pula,12787,12647,25434,1238,663,1901,71,46,117,298,168,466,901,1044,1945,0,0,0,108,87,195,15403,14655,30058,2022-02-28T23:00:00Z
18,368,Raša,266,154,420,28,7,35,1,0,1,2,1,3,43,24,67,0,0,0,2,1,3,342,187,529,2022-02-28T23:00:00Z
18,374,Rovinj,2864,3103,5967,381,205,586,30,12,42,32,35,67,420,321,741,1,0,1,37,123,160,3765,3799,7564,2022-02-28T23:00:00Z
18,40,Brtonigla,146,96,242,41,11,52,23,9,32,1,1,2,40,46,86,0,0,0,1,2,3,252,165,417,2022-02-28T23:00:00Z
18,42,Buje,778,775,1553,95,47,142,29,15,44,7,8,15,60,62,122,0,0,0,1,4,5,970,911,1881,2022-02-28T23:00:00Z
18,43,Buzet,1518,1057,2575,169,65,234,25,13,38,5,4,9,121,109,230,0,0,0,9,6,15,1847,1254,3101,2022-02-28T23:00:00Z
18,431,Sveti Lovreč,53,50,103,20,9,29,3,0,3,0,1,1,42,18,60,0,0,0,0,1,1,118,79,197,2022-02-28T23:00:00Z
18,432,Sveta Nedelja,162,151,313,26,6,32,6,3,9,4,0,4,41,19,60,0,0,0,5,4,9,244,183,427,2022-02-28T23:00:00Z
18,433,Sveti Petar U Šumi,156,116,272,20,4,24,2,3,5,0,0,0,15,5,20,0,0,0,1,1,2,194,129,323,2022-02-28T23:00:00Z
18,435,Svetvinčenat,137,104,241,17,6,23,2,0,2,0,1,1,22,18,40,0,0,0,0,3,3,178,132,310,2022-02-28T23:00:00Z
18,453,Tinjan,191,103,294,37,8,45,6,1,7,1,3,4,55,27,82,0,0,0,1,1,2,291,143,434,2022-02-28T23:00:00Z
18,468,Umag,2662,2310,4972,369,160,529,29,16,45,31,33,64,303,306,609,0,0,0,22,35,57,3416,2860,6276,2022-02-28T23:00:00Z
18,47,Cerovlje,104,53,157,35,3,38,4,5,9,0,0,0,27,18,45,0,0,0,0,1,1,170,80,250,2022-02-28T23:00:00Z
18,497,Višnjan,301,246,547,45,11,56,10,4,14,1,1,2,93,38,131,0,0,0,2,1,3,452,301,753,2022-02-28T23:00:00Z
18,498,Vižinada,83,48,131,25,7,32,16,7,23,1,0,1,28,27,55,0,0,0,0,1,1,153,90,243,2022-02-28T23:00:00Z
18,5,Bale,137,115,252,20,20,40,2,2,4,0,0,0,36,13,49,0,0,0,3,1,4,198,151,349,2022-02-28T23:00:00Z
18,502,Vodnjan,820,609,1429,45,22,67,10,2,12,7,3,10,77,44,121,0,1,1,0,0,0,959,681,1640,2022-02-28T23:00:00Z
18,516,Vrsar,312,295,607,78,26,104,3,0,3,5,1,6,80,81,161,0,0,0,20,17,37,498,420,918,2022-02-28T23:00:00Z
18,531,Žminj,478,434,912,98,47,145,12,7,19,2,5,7,88,77,165,0,0,0,3,2,5,681,572,1253,2022-02-28T23:00:00Z
18,596,Karojba,121,91,212,32,7,39,2,2,4,0,0,0,43,9,52,0,1,1,0,0,0,198,110,308,2022-02-28T23:00:00Z
18,597,Kaštelir - Labinci,170,82,252,34,13,47,7,3,10,1,0,1,47,15,62,0,0,0,2,4,6,261,117,378,2022-02-28T23:00:00Z
18,6,Barban,249,103,352,39,5,44,11,5,16,1,1,2,27,24,51,0,0,0,2,1,3,329,139,468,2022-02-28T23:00:00Z
18,619,Fažana,272,243,515,24,12,36,1,1,2,5,4,9,27,18,45,0,0,0,1,3,4,330,281,611,2022-02-28T23:00:00Z
18,629,Funtana,124,131,255,15,9,24,1,1,2,0,0,0,12,20,32,0,0,0,6,4,10,158,165,323,2022-02-28T23:00:00Z
18,631,Tar-Vabriga,155,240,395,41,17,58,3,0,3,0,0,0,42,34,76,0,0,0,0,3,3,241,294,535,2022-02-28T23:00:00Z
19,198,Konavle,1260,941,2201,191,68,259,19,9,28,40,7,47,61,89,150,0,0,0,15,20,35,1586,1134,2720,2022-02-28T23:00:00Z
19,204,Korčula,634,815,1449,106,46,152,15,5,20,91,10,101,82,80,162,0,0,0,49,46,95,977,1002,1979,2022-02-28T23:00:00Z
19,219,Kula Norinska,38,34,72,10,1,11,1,0,1,0,0,0,5,6,11,0,0,0,0,0,0,54,41,95,2022-02-28T23:00:00Z
19,226,Lastovo,58,89,147,24,7,31,2,1,3,5,0,5,8,5,13,0,0,0,3,5,8,100,107,207,2022-02-28T23:00:00Z
19,25,Blato,566,406,972,63,18,81,16,5,21,8,7,15,161,49,210,0,0,0,9,8,17,823,493,1316,2022-02-28T23:00:00Z
19,264,Metković,2085,1709,3794,189,112,301,33,21,54,44,17,61,310,265,575,0,0,0,9,10,19,2670,2134,4804,2022-02-28T23:00:00Z
19,268,Mljet,175,88,263,14,7,21,3,0,3,3,2,5,5,10,15,0,0,0,4,3,7,204,110,314,2022-02-28T23:00:00Z
19,306,Opuzen,424,376,800,30,17,47,50,23,73,4,1,5,26,32,58,0,0,0,0,0,0,534,449,983,2022-02-28T23:00:00Z
19,308,Orebić,381,362,743,68,37,105,31,8,39,37,6,43,69,64,133,0,0,0,18,31,49,604,508,1112,2022-02-28T23:00:00Z
19,335,Ploče,1334,912,2246,80,44,124,26,10,36,33,6,39,89,129,218,0,0,0,1,2,3,1563,1103,2666,2022-02-28T23:00:00Z
19,343,Pojezerje,24,42,66,4,2,6,8,0,8,0,0,0,2,4,6,0,0,0,0,0,0,38,48,86,2022-02-28T23:00:00Z
19,399,Slivno,211,39,250,10,5,15,15,5,20,2,0,2,8,9,17,0,0,0,1,0,1,247,58,305,2022-02-28T23:00:00Z
19,402,Smokvica,24,68,92,12,3,15,18,4,22,8,0,8,31,7,38,0,0,0,3,0,3,96,82,178,2022-02-28T23:00:00Z
19,419,Ston,490,227,717,53,11,64,24,6,30,12,1,13,42,23,65,0,0,0,2,6,8,623,274,897,2022-02-28T23:00:00Z
19,474,Vela Luka,282,492,774,56,20,76,8,2,10,41,4,45,74,49,123,0,0,0,7,9,16,468,576,1044,2022-02-28T23:00:00Z
19,523,Zažablje,12,7,19,3,0,3,4,2,6,1,0,1,14,2,16,0,0,0,0,0,0,34,11,45,2022-02-28T23:00:00Z
19,598,Dubrovačko Primorje,132,100,232,23,5,28,4,6,10,5,2,7,43,20,63,0,0,0,3,4,7,210,137,347,2022-02-28T23:00:00Z
19,599,Janjina,76,60,136,10,3,13,9,2,11,2,1,3,8,6,14,0,0,0,2,1,3,107,73,180,2022-02-28T23:00:00Z
19,600,Lumbarda,47,51,98,37,13,50,10,2,12,8,1,9,22,12,34,0,0,0,9,9,18,133,88,221,2022-02-28T23:00:00Z
19,601,Trpanj,52,47,99,12,4,16,2,1,3,2,1,3,13,8,21,0,0,0,3,3,6,84,64,148,2022-02-28T23:00:00Z
19,602,Župa Dubrovačka,652,668,1320,115,59,174,5,5,10,66,3,69,73,69,142,0,0,0,7,5,12,918,809,1727,2022-02-28T23:00:00Z
19,98,Dubrovnik,9862,10516,20378,713,370,1083,31,16,47,517,76,593,465,587,1052,1,1,2,96,115,211,11685,11681,23366,2022-02-28T23:00:00Z
20,123,Goričan,322,154,476,8,4,12,8,2,10,0,2,2,9,12,21,0,0,0,0,0,0,347,174,521,2022-02-28T23:00:00Z
20,15,Belica,214,214,428,29,15,44,59,37,96,1,1,2,26,38,64,0,0,0,1,1,2,330,306,636,2022-02-28T23:00:00Z
20,206,Kotoriba,498,270,768,9,4,13,6,0,6,0,5,5,13,13,26,0,0,0,0,0,0,526,292,818,2022-02-28T23:00:00Z
20,250,Mala Subotica,500,1026,1526,26,18,44,37,15,52,2,6,8,24,30,54,0,0,0,0,3,3,589,1098,1687,2022-02-28T23:00:00Z
20,276,Mursko Središće,753,776,1529,47,25,72,15,6,21,2,6,8,45,54,99,0,0,0,1,1,2,863,868,1731,2022-02-28T23:00:00Z
20,279,Nedelišće,1414,815,2229,97,44,141,39,21,60,2,7,9,143,64,207,0,0,0,0,4,4,1695,955,2650,2022-02-28T23:00:00Z
20,342,Podturen,212,116,328,20,8,28,17,12,29,1,2,3,47,31,78,0,0,0,0,3,3,297,172,469,2022-02-28T23:00:00Z
20,355,Prelog,2427,1699,4126,64,20,84,51,32,83,9,10,19,70,62,132,0,0,0,4,4,8,2625,1827,4452,2022-02-28T23:00:00Z
20,385,Selnica,156,152,308,11,10,21,8,3,11,1,1,2,17,16,33,0,0,0,0,0,0,193,182,375,2022-02-28T23:00:00Z
20,440,Sveti Juraj Na Bregu,250,187,437,29,15,44,14,8,22,1,2,3,46,60,106,0,0,0,0,1,1,340,273,613,2022-02-28T23:00:00Z
20,441,Sveti Martin Na Muri,619,346,965,17,10,27,9,4,13,0,3,3,33,36,69,0,0,0,1,0,1,679,399,1078,2022-02-28T23:00:00Z
20,452,Štrigova,324,204,528,28,10,38,36,24,60,2,1,3,70,71,141,0,0,0,0,2,2,460,312,772,2022-02-28T23:00:00Z
20,504,Vratišinec,149,101,250,8,3,11,10,3,13,1,1,2,7,6,13,0,0,0,1,2,3,176,116,292,2022-02-28T23:00:00Z
20,60,Čakovec,9888,9049,18937,269,135,404,63,23,86,35,62,97,279,353,632,0,0,0,7,14,21,10541,9636,20177,2022-02-28T23:00:00Z
20,603,Dekanovec,91,80,171,4,2,6,5,5,10,0,1,1,5,2,7,0,0,0,0,1,1,105,91,196,2022-02-28T23:00:00Z
20,604,Gornji Mihaljevec,145,59,204,12,2,14,24,8,32,2,2,4,21,12,33,0,0,0,1,1,2,205,84,289,2022-02-28T23:00:00Z
20,605,Orehovica,130,136,266,16,3,19,30,11,41,1,2,3,44,21,65,0,0,0,0,2,2,221,175,396,2022-02-28T23:00:00Z
20,606,Strahoninec,272,164,436,12,5,17,3,2,5,0,1,1,37,14,51,0,0,0,0,2,2,324,188,512,2022-02-28T23:00:00Z
20,607,Sveta Marija,61,91,152,12,3,15,6,0,6,1,1,2,26,8,34,0,0,0,0,1,1,106,104,210,2022-02-28T23:00:00Z
20,608,Šenkovec,560,261,821,18,10,28,2,1,3,0,1,1,30,25,55,0,0,0,1,2,3,611,300,911,2022-02-28T23:00:00Z
20,620,Pribislavec,454,270,724,12,6,18,2,1,3,2,1,3,14,12,26,0,0,0,0,0,0,484,290,774,2022-02-28T23:00:00Z
20,75,Domašinec,249,107,356,8,9,17,19,17,36,0,1,1,17,13,30,0,0,0,2,2,4,295,149,444,2022-02-28T23:00:00Z
20,78,Donja Dubrava,199,219,418,13,6,19,5,3,8,0,1,1,12,9,21,0,0,0,0,0,0,229,238,467,2022-02-28T23:00:00Z
20,82,Donji Kraljevec,1362,645,2007,39,11,50,52,20,72,3,6,9,91,127,218,0,0,0,2,8,10,1549,817,2366,2022-02-28T23:00:00Z
20,89,Donji Vidovec,50,81,131,3,1,4,2,0,2,1,1,2,3,16,19,0,0,0,0,0,0,59,99,158,2022-02-28T23:00:00Z
21,133,Zagreb,230818,210005,440823,7925,5550,13475,301,194,495,2231,2092,4323,5454,6907,12361,17,4,21,350,528,878,247096,225280,472376,2022-02-28T23:00:00Z
01,101,Dugo Selo,2937,2018,4955,228,108,336,26,22,48,27,27,54,267,245,512,0,0,0,6,18,24,3491,2438,5929,2022-03-31T22:00:00Z
01,114,Farkaševac,154,227,381,7,3,10,28,11,39,0,2,2,36,16,52,0,0,0,0,0,0,225,259,484,2022-03-31T22:00:00Z
01,135,Gradec,148,131,279,13,1,14,12,7,19,0,1,1,40,17,57,0,0,0,0,1,1,213,158,371,2022-03-31T22:00:00Z
01,158,Ivanić-Grad,3016,1691,4707,101,77,178,51,34,85,10,19,29,146,181,327,1,0,1,7,10,17,3332,2012,5344,2022-03-31T22:00:00Z
01,163,Jakovlje,332,246,578,38,8,46,10,10,20,3,0,3,40,32,72,0,0,0,1,0,1,424,296,720,2022-03-31T22:00:00Z
01,169,Jastrebarsko,2280,1676,3956,225,113,338,54,37,91,17,19,36,248,244,492,0,0,0,4,9,13,2828,2098,4926,2022-03-31T22:00:00Z
01,190,Klinča Selo,218,178,396,38,7,45,6,3,9,0,0,0,68,46,114,0,0,0,0,0,0,330,234,564,2022-03-31T22:00:00Z
01,193,Kloštar Ivanić,373,312,685,26,7,33,20,5,25,3,9,12,53,40,93,1,0,1,3,1,4,479,374,853,2022-03-31T22:00:00Z
01,213,Križ,621,417,1038,25,22,47,19,12,31,6,6,12,26,60,86,0,0,0,2,2,4,699,519,1218,2022-03-31T22:00:00Z
01,33,Brckovljani,306,340,646,8,5,13,0,0,0,3,2,5,27,21,48,0,0,0,0,0,0,344,368,712,2022-03-31T22:00:00Z
01,331,Pisarovina,379,314,693,28,26,54,24,18,42,1,1,2,26,35,61,0,0,0,3,3,6,461,397,858,2022-03-31T22:00:00Z
01,34,Brdovec,855,749,1604,95,34,129,16,6,22,3,6,9,85,59,144,0,0,0,5,2,7,1059,856,1915,2022-03-31T22:00:00Z
01,356,Preseka,16,10,26,5,2,7,12,11,23,0,1,1,16,6,22,0,0,0,1,0,1,50,30,80,2022-03-31T22:00:00Z
01,362,Pušča,149,209,358,27,13,40,7,2,9,1,3,4,55,26,81,0,0,0,0,0,0,239,253,492,2022-03-31T22:00:00Z
01,376,Rugvica,1307,495,1802,8,4,12,3,2,5,1,2,3,20,21,41,0,0,0,0,0,0,1339,524,1863,2022-03-31T22:00:00Z
01,380,Samobor,5514,3860,9374,517,311,828,24,22,46,42,70,112,499,477,976,0,1,1,32,26,58,6628,4767,11395,2022-03-31T22:00:00Z
01,429,Sveti Ivan Zelina,2423,1961,4384,169,64,233,66,51,117,15,22,37,254,216,470,0,0,0,7,2,9,2934,2316,5250,2022-03-31T22:00:00Z
01,436,Sveta Nedjelja,5532,3371,8903,229,93,322,6,5,11,8,12,20,361,190,551,0,0,0,8,9,17,6144,3680,9824,2022-03-31T22:00:00Z
01,508,Vrbovec,2166,2037,4203,160,71,231,78,32,110,6,20,26,292,166,458,0,0,0,6,10,16,2708,2336,5044,2022-03-31T22:00:00Z
01,533,Krašić,267,186,453,27,8,35,14,10,24,2,2,4,26,22,48,0,0,0,3,1,4,339,229,568,2022-03-31T22:00:00Z
01,536,Rakovec,32,19,51,10,2,12,11,4,15,0,1,1,20,11,31,0,0,0,0,0,0,73,37,110,2022-03-31T22:00:00Z
01,539,Marija Gorica,78,111,189,14,3,17,0,0,0,1,1,2,18,18,36,0,0,0,0,0,0,111,133,244,2022-03-31T22:00:00Z
01,540,Žumberak,16,18,34,5,2,7,6,4,10,0,0,0,2,7,9,0,0,0,0,0,0,29,31,60,2022-03-31T22:00:00Z
01,541,Velika Gorica,7987,6256,14243,632,353,985,66,29,95,58,62,120,582,522,1104,0,0,0,20,22,42,9345,7244,16589,2022-03-31T22:00:00Z
01,542,Orle,42,27,69,16,0,16,7,4,11,0,0,0,12,3,15,0,0,0,0,0,0,77,34,111,2022-03-31T22:00:00Z
01,543,Zaprešić,3326,3014,6340,217,142,359,13,9,22,34,42,76,255,236,491,0,0,0,11,14,25,3856,3457,7313,2022-03-31T22:00:00Z
01,544,Pokupsko,41,55,96,11,6,17,13,5,18,0,0,0,8,9,17,0,0,0,0,0,0,73,75,148,2022-03-31T22:00:00Z
01,545,Kravarsko,118,107,225,33,11,44,5,6,11,0,0,0,68,15,83,0,0,0,1,1,2,225,140,365,2022-03-31T22:00:00Z
01,547,Bistra,362,509,871,48,19,67,7,5,12,2,7,9,54,43,97,1,0,1,0,2,2,474,585,1059,2022-03-31T22:00:00Z
01,548,Luka,255,95,350,14,1,15,2,3,5,1,1,2,22,20,42,0,0,0,0,0,0,294,120,414,2022-03-31T22:00:00Z
01,549,Dubravica,70,44,114,15,0,15,15,6,21,0,0,0,13,16,29,0,0,0,0,0,0,113,66,179,2022-03-31T22:00:00Z
01,550,Bedenica,208,151,359,13,4,17,6,5,11,1,1,2,13,10,23,0,0,0,0,0,0,241,171,412,2022-03-31T22:00:00Z
01,551,Stupnik,1448,546,1994,30,17,47,0,3,3,2,1,3,20,24,44,0,0,0,1,0,1,1501,591,2092,2022-03-31T22:00:00Z
01,97,Dubrava,301,326,627,45,17,62,67,42,109,5,13,18,74,69,143,0,0,0,2,5,7,494,472,966,2022-03-31T22:00:00Z
02,108,Đurmanec,112,146,258,59,15,74,1,2,3,3,1,4,113,89,202,0,0,0,3,1,4,291,254,545,2022-03-31T22:00:00Z
02,11,Bedekovčina,515,780,1295,87,41,128,7,6,13,8,7,15,120,106,226,0,0,0,3,2,5,740,942,1682,2022-03-31T22:00:00Z
02,125,Gornja Stubica,212,283,495,51,15,66,8,6,14,1,1,2,75,51,126,0,0,0,2,0,2,349,356,705,2022-03-31T22:00:00Z
02,146,Hraščina,52,46,98,8,2,10,2,3,5,0,1,1,4,7,11,0,0,0,0,0,0,66,59,125,2022-03-31T22:00:00Z
02,152,Hum Na Sutli,1522,645,2167,55,27,82,5,0,5,1,7,8,257,79,336,0,0,0,2,3,5,1842,761,2603,2022-03-31T22:00:00Z
02,187,Klanjec,282,254,536,71,24,95,11,9,20,5,1,6,75,47,122,0,0,0,3,2,5,447,337,784,2022-03-31T22:00:00Z
02,200,Konjščina,446,416,862,32,14,46,3,1,4,0,2,2,37,32,69,0,0,0,0,1,1,518,466,984,2022-03-31T22:00:00Z
02,208,Kraljevec Na Sutli,66,47,113,13,6,19,3,1,4,0,0,0,15,6,21,0,0,0,0,1,1,97,61,158,2022-03-31T22:00:00Z
02,211,Krapina,2803,2341,5144,174,92,266,7,5,12,16,17,33,199,171,370,0,0,0,1,4,5,3200,2630,5830,2022-03-31T22:00:00Z
02,212,Krapinske Toplice,584,1181,1765,71,36,107,5,7,12,0,5,5,104,68,172,0,0,0,1,0,1,765,1297,2062,2022-03-31T22:00:00Z
02,236,Lobor,159,241,400,22,8,30,3,3,6,0,0,0,35,15,50,0,0,0,1,2,3,220,269,489,2022-03-31T22:00:00Z
02,248,Mače,100,72,172,32,7,39,4,4,8,1,0,1,59,32,91,0,0,0,0,1,1,196,116,312,2022-03-31T22:00:00Z
02,256,Marija Bistrica,341,350,691,65,43,108,13,7,20,1,5,6,71,74,145,0,0,0,4,2,6,495,481,976,2022-03-31T22:00:00Z
02,265,Mihovljan,95,115,210,29,7,36,3,0,3,0,0,0,70,14,84,0,0,0,1,1,2,198,137,335,2022-03-31T22:00:00Z
02,311,Oroslavje,898,814,1712,74,36,110,11,2,13,6,7,13,93,57,150,0,0,0,3,3,6,1085,919,2004,2022-03-31T22:00:00Z
02,329,Petrovsko,82,50,132,17,3,20,1,0,1,5,0,5,62,10,72,0,0,0,1,0,1,168,63,231,2022-03-31T22:00:00Z
02,352,Pregrada,815,891,1706,110,32,142,3,4,7,6,6,12,156,98,254,0,0,0,3,2,5,1093,1033,2126,2022-03-31T22:00:00Z
02,364,Radoboj,140,98,238,17,11,28,1,1,2,1,2,3,56,23,79,0,0,0,0,0,0,215,135,350,2022-03-31T22:00:00Z
02,41,Budinščina,186,179,365,15,5,20,6,1,7,1,2,3,19,12,31,0,0,0,3,1,4,230,200,430,2022-03-31T22:00:00Z
02,422,Stubičke Toplice,256,430,686,31,18,49,0,2,2,3,5,8,63,33,96,0,0,0,1,0,1,354,488,842,2022-03-31T22:00:00Z
02,430,Sveti Križ Začretje,696,816,1512,75,23,98,10,4,14,1,4,5,143,100,243,0,0,0,4,4,8,929,951,1880,2022-03-31T22:00:00Z
02,466,Tuhelj,140,206,346,19,10,29,4,1,5,1,2,3,37,39,76,0,0,0,0,0,0,201,258,459,2022-03-31T22:00:00Z
02,481,Veliko Trgovišće,561,384,945,52,18,70,3,5,8,2,5,7,107,58,165,0,0,0,3,1,4,728,471,1199,2022-03-31T22:00:00Z
02,519,Zabok,2808,2842,5650,141,86,227,5,3,8,14,15,29,181,328,509,0,0,0,2,3,5,3151,3277,6428,2022-03-31T22:00:00Z
02,521,Zagorska Sela,9,54,63,7,1,8,6,2,8,0,1,1,16,5,21,0,0,0,0,0,0,38,63,101,2022-03-31T22:00:00Z
02,526,Zlatar,552,671,1223,99,43,142,26,14,40,7,7,14,107,86,193,0,0,0,2,1,3,793,822,1615,2022-03-31T22:00:00Z
02,527,Zlatar Bistrica,316,549,865,30,9,39,4,3,7,4,0,4,73,50,123,0,0,0,3,2,5,430,613,1043,2022-03-31T22:00:00Z
02,552,Jesenje,68,68,136,11,1,12,0,0,0,0,0,0,46,8,54,0,0,0,0,0,0,125,77,202,2022-03-31T22:00:00Z
02,553,Kumrovec,84,90,174,17,3,20,2,0,2,3,1,4,21,22,43,0,0,0,0,0,0,127,116,243,2022-03-31T22:00:00Z
02,554,Novi Golubovec,138,55,193,2,2,4,1,0,1,0,0,0,5,2,7,0,0,0,0,0,0,146,59,205,2022-03-31T22:00:00Z
02,70,Desinić,131,290,421,30,7,37,9,2,11,2,1,3,50,34,84,0,0,0,0,1,1,222,335,557,2022-03-31T22:00:00Z
02,79,Donja Stubica,922,808,1730,95,49,144,4,4,8,7,3,10,88,53,141,0,0,0,1,2,3,1117,919,2036,2022-03-31T22:00:00Z
03,102,Dvor,278,127,405,15,6,21,63,22,85,0,3,3,10,13,23,0,0,0,0,2,2,366,173,539,2022-03-31T22:00:00Z
03,121,Glina,1138,649,1787,41,23,64,57,27,84,4,10,14,64,67,131,0,0,0,0,0,0,1304,776,2080,2022-03-31T22:00:00Z
03,149,Hrvatska Dubica,72,62,134,9,2,11,11,3,14,0,0,0,3,6,9,0,0,0,0,0,0,95,73,168,2022-03-31T22:00:00Z
03,150,Hrvatska Kostajnica,412,311,723,19,9,28,8,2,10,1,3,4,8,19,27,0,0,0,4,0,4,452,344,796,2022-03-31T22:00:00Z
03,168,Jasenovac,138,115,253,13,4,17,13,4,17,0,0,0,15,10,25,0,0,0,0,0,0,179,133,312,2022-03-31T22:00:00Z
03,220,Kutina,3616,2880,6496,170,113,283,44,23,67,38,24,62,218,253,471,1,0,1,6,8,14,4093,3301,7394,2022-03-31T22:00:00Z
03,228,Lekenik,325,294,619,40,8,48,9,7,16,1,2,3,43,33,76,0,0,0,1,1,2,419,345,764,2022-03-31T22:00:00Z
03,232,Lipovljani,263,282,545,25,8,33,12,2,14,1,0,1,35,39,74,0,0,0,0,1,1,336,332,668,2022-03-31T22:00:00Z
03,259,Martinska Ves,129,58,187,9,2,11,29,14,43,3,0,3,51,14,65,0,0,0,0,1,1,221,89,310,2022-03-31T22:00:00Z
03,293,Novska,1322,1000,2322,170,99,269,36,17,53,6,21,27,275,247,522,0,0,0,4,6,10,1813,1390,3203,2022-03-31T22:00:00Z
03,328,Petrinja,1663,1695,3358,243,87,330,67,26,93,8,23,31,299,278,577,0,0,0,6,5,11,2286,2114,4400,2022-03-31T22:00:00Z
03,347,Popovača,873,1059,1932,82,44,126,48,17,65,6,11,17,93,122,215,0,0,0,5,1,6,1107,1254,2361,2022-03-31T22:00:00Z
03,391,Sisak,7025,8104,15129,377,232,609,95,58,153,43,75,118,595,580,1175,0,0,0,17,18,35,8152,9067,17219,2022-03-31T22:00:00Z
03,426,Sunja,193,162,355,25,10,35,49,33,82,1,2,3,19,22,41,0,0,0,1,0,1,288,229,517,2022-03-31T22:00:00Z
03,457,Topusko,222,318,540,14,6,20,5,2,7,4,1,5,34,22,56,0,0,0,0,0,0,279,349,628,2022-03-31T22:00:00Z
03,477,Velika Ludina,120,153,273,11,9,20,14,3,17,0,0,0,30,15,45,0,0,0,1,0,1,176,180,356,2022-03-31T22:00:00Z
03,510,Gvozd,115,82,197,9,4,13,17,4,21,0,0,0,17,14,31,0,0,0,2,1,3,160,105,265,2022-03-31T22:00:00Z
03,555,Majur,133,53,186,1,1,2,4,1,5,0,0,0,2,0,2,0,0,0,0,0,0,140,55,195,2022-03-31T22:00:00Z
03,83,Donji Kukuruzari,30,60,90,5,0,5,6,2,8,0,0,0,2,2,4,0,0,0,1,0,1,44,64,108,2022-03-31T22:00:00Z
04,120,Generalski Stol,39,60,99,22,5,27,1,0,1,0,1,1,25,12,37,0,0,0,0,0,0,87,78,165,2022-03-31T22:00:00Z
04,172,Josipdol,195,167,362,26,16,42,3,9,12,2,1,3,43,54,97,0,0,0,0,0,0,269,247,516,2022-03-31T22:00:00Z
04,179,Karlovac,10484,8925,19409,421,295,716,76,50,126,74,90,164,610,795,1405,0,0,0,17,17,34,11682,10172,21854,2022-03-31T22:00:00Z
04,216,Krnjak,153,71,224,3,2,5,6,4,10,1,0,1,9,3,12,0,0,0,0,0,0,172,80,252,2022-03-31T22:00:00Z
04,225,Lasinja,55,51,106,4,3,7,0,5,5,2,0,2,6,8,14,0,0,0,0,0,0,67,67,134,2022-03-31T22:00:00Z
04,281,Netretić,93,105,198,18,2,20,2,1,3,1,1,2,42,33,75,0,0,0,0,0,0,156,142,298,2022-03-31T22:00:00Z
04,297,Ogulin,1776,1791,3567,139,88,227,42,15,57,9,31,40,144,173,317,0,0,0,8,8,16,2118,2106,4224,2022-03-31T22:00:00Z
04,30,Bosiljevo,95,76,171,3,0,3,0,0,0,1,1,2,27,30,57,0,0,0,0,0,0,126,107,233,2022-03-31T22:00:00Z
04,315,Ozalj,771,624,1395,87,32,119,20,15,35,4,9,13,125,90,215,0,0,0,2,5,7,1009,775,1784,2022-03-31T22:00:00Z
04,333,Plaški,85,59,144,9,4,13,10,2,12,0,0,0,32,30,62,0,0,0,0,0,0,136,95,231,2022-03-31T22:00:00Z
04,365,Rakovica,151,194,345,8,11,19,3,5,8,0,0,0,74,86,160,0,0,0,1,0,1,237,296,533,2022-03-31T22:00:00Z
04,378,Saborsko,11,13,24,1,1,2,1,0,1,0,0,0,6,1,7,0,0,0,0,0,0,19,15,34,2022-03-31T22:00:00Z
04,400,Slunj,340,384,724,49,17,66,35,16,51,3,4,7,122,96,218,0,0,0,3,23,26,552,540,1092,2022-03-31T22:00:00Z
04,49,Cetingrad,60,56,116,5,0,5,3,4,7,0,0,0,11,8,19,0,0,0,0,0,0,79,68,147,2022-03-31T22:00:00Z
04,503,Vojnić,366,245,611,23,15,38,37,11,48,1,0,1,28,29,57,0,0,0,2,1,3,457,301,758,2022-03-31T22:00:00Z
04,530,Žakanje,162,100,262,26,12,38,3,1,4,0,0,0,28,26,54,0,0,0,0,1,1,219,140,359,2022-03-31T22:00:00Z
04,556,Ribnik,7,3,10,11,3,14,1,2,3,0,0,0,8,10,18,0,0,0,0,0,0,27,18,45,2022-03-31T22:00:00Z
04,557,Tounj,66,24,90,5,0,5,0,0,0,0,0,0,5,5,10,0,0,0,0,0,0,76,29,105,2022-03-31T22:00:00Z
04,623,Kamanje,160,106,266,3,2,5,0,0,0,0,0,0,3,8,11,0,0,0,0,0,0,166,116,282,2022-03-31T22:00:00Z
04,7,Barilovići,274,156,430,21,9,30,7,0,7,1,1,2,114,30,144,0,0,0,0,0,0,417,196,613,2022-03-31T22:00:00Z
04,90,Draganić,153,152,305,13,4,17,7,3,10,1,1,2,17,23,40,0,0,0,0,0,0,191,183,374,2022-03-31T22:00:00Z
04,99,Duga Resa,1236,1069,2305,141,72,213,23,19,42,5,18,23,190,211,401,0,0,0,4,8,12,1599,1397,2996,2022-03-31T22:00:00Z
05,12,Bednja,202,176,378,19,7,26,2,5,7,2,1,3,25,17,42,0,0,0,0,0,0,250,206,456,2022-03-31T22:00:00Z
05,129,Gornji Kneginec,585,1025,1610,49,29,78,9,4,13,2,7,9,66,55,121,0,0,0,2,5,7,713,1125,1838,2022-03-31T22:00:00Z
05,151,Breznički Hum,206,150,356,12,4,16,7,5,12,0,1,1,19,11,30,1,0,1,3,3,6,248,174,422,2022-03-31T22:00:00Z
05,156,Ivanec,2111,1844,3955,164,63,227,12,10,22,10,17,27,315,273,588,0,0,0,6,12,18,2618,2219,4837,2022-03-31T22:00:00Z
05,165,Jalžabet,752,1108,1860,21,4,25,10,6,16,0,3,3,38,23,61,0,0,0,0,1,1,821,1145,1966,2022-03-31T22:00:00Z
05,189,Klenovnik,136,58,194,8,3,11,0,1,1,0,0,0,22,26,48,0,0,0,2,0,2,168,88,256,2022-03-31T22:00:00Z
05,19,Beretinec,75,39,114,18,2,20,3,2,5,0,1,1,15,23,38,0,0,0,1,0,1,112,67,179,2022-03-31T22:00:00Z
05,229,Lepoglava,1361,606,1967,62,32,94,5,3,8,1,4,5,100,55,155,0,0,0,2,10,12,1531,710,2241,2022-03-31T22:00:00Z
05,244,Ludbreg,1789,1549,3338,118,62,180,57,35,92,10,14,24,248,182,430,0,0,0,3,7,10,2225,1849,4074,2022-03-31T22:00:00Z
05,247,Ljubešćica,345,156,501,29,7,36,2,0,2,1,3,4,97,22,119,0,0,0,1,1,2,475,189,664,2022-03-31T22:00:00Z
05,251,Mali Bukovec,38,86,124,13,6,19,26,15,41,0,1,1,100,34,134,0,0,0,0,1,1,177,143,320,2022-03-31T22:00:00Z
05,260,Maruševec,355,306,661,57,26,83,23,26,49,3,2,5,115,39,154,0,0,0,3,2,5,556,401,957,2022-03-31T22:00:00Z
05,289,Novi Marof,1214,1229,2443,164,69,233,15,10,25,9,15,24,300,173,473,0,0,0,6,5,11,1708,1501,3209,2022-03-31T22:00:00Z
05,326,Petrijanec,450,725,1175,24,7,31,15,9,24,1,3,4,86,85,171,0,0,0,0,1,1,576,830,1406,2022-03-31T22:00:00Z
05,36,Breznica,149,67,216,17,3,20,3,5,8,1,4,5,32,15,47,0,0,0,0,0,0,202,94,296,2022-03-31T22:00:00Z
05,410,Sračinec,268,270,538,41,15,56,2,2,4,0,6,6,89,55,144,0,0,0,0,2,2,400,350,750,2022-03-31T22:00:00Z
05,437,Sveti Đurđ,71,99,170,32,4,36,29,8,37,3,1,4,34,35,69,0,0,0,0,0,0,169,147,316,2022-03-31T22:00:00Z
05,438,Sveti Ilija,193,198,391,17,8,25,2,1,3,1,4,5,42,27,69,0,0,0,0,0,0,255,238,493,2022-03-31T22:00:00Z
05,462,Trnovec Bartolovečki,1193,1443,2636,71,18,89,16,5,21,2,4,6,324,92,416,0,0,0,0,1,1,1606,1563,3169,2022-03-31T22:00:00Z
05,472,Varaždin,16668,15415,32083,507,358,865,48,26,74,74,115,189,527,657,1184,0,0,0,24,15,39,17848,16586,34434,2022-03-31T22:00:00Z
05,473,Varaždinske Toplice,618,498,1116,45,22,67,10,6,16,4,6,10,186,50,236,0,0,0,2,2,4,865,584,1449,2022-03-31T22:00:00Z
05,48,Cestica,411,394,805,52,27,79,14,17,31,1,4,5,101,75,176,0,0,0,0,4,4,579,521,1100,2022-03-31T22:00:00Z
05,484,Vidovec,251,262,513,50,15,65,60,31,91,2,5,7,113,94,207,0,0,0,0,0,0,476,407,883,2022-03-31T22:00:00Z
05,486,Vinica,302,221,523,19,8,27,5,4,9,1,5,6,31,25,56,0,0,0,0,1,1,358,264,622,2022-03-31T22:00:00Z
05,493,Visoko,95,58,153,18,0,18,6,3,9,0,0,0,25,23,48,0,0,0,1,0,1,145,84,229,2022-03-31T22:00:00Z
05,558,Veliki Bukovec,365,257,622,5,2,7,22,10,32,0,1,1,38,29,67,0,0,0,0,0,0,430,299,729,2022-03-31T22:00:00Z
05,80,Donja Voća,84,69,153,10,1,11,5,8,13,0,1,1,27,23,50,0,0,0,0,1,1,126,103,229,2022-03-31T22:00:00Z
05,85,Donji Martijanec,336,177,513,28,7,35,19,4,23,1,1,2,53,32,85,0,0,0,0,0,0,437,221,658,2022-03-31T22:00:00Z
06,104,Đelekovec,29,44,73,21,10,31,40,12,52,0,1,1,20,11,31,0,0,0,0,0,0,110,78,188,2022-03-31T22:00:00Z
06,107,Đurđevac,1355,1178,2533,84,43,127,72,38,110,11,11,22,85,67,152,0,0,0,11,5,16,1618,1342,2960,2022-03-31T22:00:00Z
06,115,Ferdinandovac,44,89,133,10,2,12,40,33,73,1,1,2,19,7,26,0,0,0,0,0,0,114,132,246,2022-03-31T22:00:00Z
06,122,Gola,183,165,348,11,2,13,88,38,126,0,2,2,5,23,28,0,0,0,0,0,0,287,230,517,2022-03-31T22:00:00Z
06,145,Hlebine,9,25,34,1,0,1,16,3,19,1,1,2,0,8,8,0,0,0,1,1,2,28,38,66,2022-03-31T22:00:00Z
06,194,Kloštar Podravski,179,169,348,17,12,29,40,35,75,0,1,1,37,62,99,0,0,0,1,0,1,274,279,553,2022-03-31T22:00:00Z
06,201,Koprivnica,7101,7524,14625,344,196,540,59,31,90,63,73,136,396,445,841,0,2,2,13,11,24,7976,8282,16258,2022-03-31T22:00:00Z
06,202,Koprivnički Bregi,54,77,131,18,3,21,23,8,31,0,0,0,37,7,44,0,0,0,0,0,0,132,95,227,2022-03-31T22:00:00Z
06,203,Koprivnički Ivanec,66,56,122,24,4,28,24,8,32,0,0,0,21,11,32,0,0,0,0,0,0,135,79,214,2022-03-31T22:00:00Z
06,214,Križevci,3452,3628,7080,168,100,268,230,180,410,12,29,41,245,225,470,0,0,0,6,10,16,4113,4172,8285,2022-03-31T22:00:00Z
06,227,Legrad,66,86,152,16,5,21,21,5,26,1,2,3,22,17,39,0,0,0,0,0,0,126,115,241,2022-03-31T22:00:00Z
06,270,Molve,210,114,324,7,9,16,53,29,82,1,2,3,38,20,58,0,0,0,2,2,4,311,176,487,2022-03-31T22:00:00Z
06,292,Novigrad Podravski,94,146,240,10,1,11,18,12,30,0,2,2,18,22,40,0,0,0,0,0,0,140,183,323,2022-03-31T22:00:00Z
06,324,Peteranec,71,48,119,17,3,20,21,8,29,1,1,2,28,13,41,0,0,0,0,1,1,138,74,212,2022-03-31T22:00:00Z
06,366,Rasinja,44,77,121,20,4,24,55,21,76,1,0,1,22,21,43,0,0,0,1,0,1,143,123,266,2022-03-31T22:00:00Z
06,405,Sokolovac,212,84,296,16,3,19,47,16,63,6,4,10,23,9,32,0,0,0,0,0,0,304,116,420,2022-03-31T22:00:00Z
06,439,Sveti Ivan Žabno,267,199,466,40,18,58,97,60,157,1,2,3,45,67,112,0,0,0,0,1,1,450,347,797,2022-03-31T22:00:00Z
06,442,Sveti Petar Orehovec,133,118,251,30,7,37,136,124,260,1,1,2,39,21,60,0,0,0,1,0,1,340,271,611,2022-03-31T22:00:00Z
06,490,Virje,302,206,508,27,13,40,39,19,58,4,1,5,29,34,63,0,0,0,2,2,4,403,275,678,2022-03-31T22:00:00Z
06,559,Kalinovac,410,103,513,5,1,6,8,2,10,0,0,0,8,9,17,0,0,0,2,1,3,433,116,549,2022-03-31T22:00:00Z
06,560,Kalnik,43,50,93,3,4,7,20,21,41,0,1,1,7,4,11,0,0,0,0,0,0,73,80,153,2022-03-31T22:00:00Z
06,561,Novo Virje,40,41,81,2,0,2,38,26,64,0,0,0,15,6,21,0,0,0,0,1,1,95,74,169,2022-03-31T22:00:00Z
06,616,Podravske Sesvete,104,111,215,3,4,7,23,15,38,1,0,1,5,5,10,0,0,0,1,1,2,137,136,273,2022-03-31T22:00:00Z
06,618,Gornja Reka,79,87,166,6,2,8,7,7,14,0,0,0,7,5,12,0,0,0,0,0,0,99,101,200,2022-03-31T22:00:00Z
06,96,Drnje,117,107,224,12,3,15,17,10,27,0,2,2,5,9,14,0,0,0,1,0,1,152,131,283,2022-03-31T22:00:00Z
07,105,Đulovac,286,64,350,9,7,16,33,17,50,2,0,2,117,34,151,0,0,0,0,0,0,447,122,569,2022-03-31T22:00:00Z
07,119,Garešnica,1070,1105,2175,58,31,89,58,37,95,17,18,35,109,127,236,0,0,0,1,6,7,1313,1324,2637,2022-03-31T22:00:00Z
07,139,Grubišno Polje,586,529,1115,36,25,61,109,45,154,4,6,10,69,63,132,0,0,0,1,3,4,805,671,1476,2022-03-31T22:00:00Z
07,144,Hercegovac,144,153,297,19,3,22,49,17,66,1,1,2,45,36,81,0,0,0,1,1,2,259,211,470,2022-03-31T22:00:00Z
07,161,Ivanska,135,93,228,4,3,7,49,13,62,2,3,5,89,27,116,0,0,0,2,2,4,281,141,422,2022-03-31T22:00:00Z
07,176,Kapela,94,92,186,3,3,6,45,25,70,0,1,1,18,8,26,0,0,0,2,0,2,162,129,291,2022-03-31T22:00:00Z
07,18,Berek,46,45,91,7,2,9,20,18,38,0,0,0,8,7,15,0,0,0,0,0,0,81,72,153,2022-03-31T22:00:00Z
07,199,Končanica,130,70,200,8,1,9,35,15,50,0,0,0,13,10,23,0,0,0,1,2,3,187,98,285,2022-03-31T22:00:00Z
07,24,Bjelovar,7141,6853,13994,292,177,469,201,99,300,50,75,125,439,528,967,2,0,2,19,15,34,8144,7747,15891,2022-03-31T22:00:00Z
07,287,Nova Rača,90,113,203,12,2,14,73,33,106,0,2,2,29,11,40,0,0,0,0,1,1,204,162,366,2022-03-31T22:00:00Z
07,375,Rovišće,209,217,426,23,10,33,51,33,84,1,3,4,24,36,60,0,0,0,0,1,1,308,300,608,2022-03-31T22:00:00Z
07,390,Sirač,285,150,435,9,2,11,12,5,17,1,1,2,18,9,27,0,0,0,0,2,2,325,169,494,2022-03-31T22:00:00Z
07,450,Štefanje,49,59,108,7,3,10,32,14,46,1,2,3,34,23,57,0,0,0,1,0,1,124,101,225,2022-03-31T22:00:00Z
07,478,Velika Pisanica,75,77,152,5,1,6,31,15,46,1,0,1,9,8,17,0,0,0,2,0,2,123,101,224,2022-03-31T22:00:00Z
07,480,Veliki Grđevac,150,146,296,11,5,16,73,31,104,1,1,2,72,25,97,0,0,0,1,0,1,308,208,516,2022-03-31T22:00:00Z
07,483,Veliko Trojstvo,63,122,185,12,3,15,15,13,28,1,0,1,41,16,57,0,0,0,0,0,0,132,154,286,2022-03-31T22:00:00Z
07,562,Severin,63,24,87,1,0,1,16,13,29,0,0,0,13,27,40,0,0,0,0,0,0,93,64,157,2022-03-31T22:00:00Z
07,564,Šandrovac,26,48,74,4,0,4,14,8,22,1,0,1,14,6,20,0,0,0,0,0,0,59,62,121,2022-03-31T22:00:00Z
07,565,Velika Trnovitica,53,63,116,8,3,11,32,23,55,1,0,1,20,8,28,0,0,0,1,1,2,115,98,213,2022-03-31T22:00:00Z
07,566,Zrinski Topolovac,12,18,30,2,1,3,31,17,48,0,0,0,4,2,6,0,0,0,0,1,1,49,39,88,2022-03-31T22:00:00Z
07,63,Čazma,1103,807,1910,54,19,73,52,41,93,7,12,19,115,71,186,0,0,0,5,0,5,1336,950,2286,2022-03-31T22:00:00Z
07,67,Daruvar,1428,1712,3140,79,55,134,40,23,63,16,19,35,141,174,315,0,0,0,3,9,12,1707,1992,3699,2022-03-31T22:00:00Z
07,71,Dežanovac,128,76,204,10,2,12,73,34,107,0,0,0,37,16,53,0,0,0,0,1,1,248,129,377,2022-03-31T22:00:00Z
08,117,Fužine,270,186,456,17,10,27,0,2,2,3,1,4,16,22,38,0,0,0,2,0,2,308,221,529,2022-03-31T22:00:00Z
08,170,Jelenje,292,250,542,96,47,143,6,2,8,39,9,48,58,45,103,0,0,0,2,0,2,493,353,846,2022-03-31T22:00:00Z
08,180,Kastav,1135,876,2011,135,69,204,3,1,4,46,10,56,115,84,199,1,1,2,8,5,13,1443,1046,2489,2022-03-31T22:00:00Z
08,186,Klana,384,214,598,20,7,27,1,2,3,2,2,4,16,9,25,0,0,0,1,2,3,424,236,660,2022-03-31T22:00:00Z
08,209,Kraljevica,325,302,627,40,23,63,2,1,3,39,4,43,24,32,56,1,0,1,2,7,9,433,369,802,2022-03-31T22:00:00Z
08,215,Krk,1944,1342,3286,252,105,357,15,6,21,28,16,44,311,202,513,0,0,0,7,12,19,2557,1683,4240,2022-03-31T22:00:00Z
08,237,Lokve,114,88,202,13,6,19,0,1,1,0,3,3,8,8,16,0,0,0,0,0,0,135,106,241,2022-03-31T22:00:00Z
08,242,Lovran,424,615,1039,91,34,125,1,1,2,16,8,24,43,57,100,0,0,0,5,9,14,580,724,1304,2022-03-31T22:00:00Z
08,252,Mali Lošinj,1466,1553,3019,225,83,308,25,9,34,35,17,52,195,167,362,0,0,0,12,8,20,1958,1837,3795,2022-03-31T22:00:00Z
08,253,Malinska-Dubašnica,527,849,1376,143,70,213,6,11,17,11,4,15,199,166,365,0,0,0,10,10,20,896,1110,2006,2022-03-31T22:00:00Z
08,261,Matulji,1502,1088,2590,227,129,356,16,5,21,47,16,63,186,181,367,1,0,1,3,11,14,1982,1430,3412,2022-03-31T22:00:00Z
08,273,Mošćenička Draga,115,82,197,51,15,66,0,1,1,3,3,6,41,35,76,0,0,0,3,4,7,213,140,353,2022-03-31T22:00:00Z
08,275,Mrkopalj,60,51,111,14,3,17,2,0,2,2,0,2,7,7,14,0,0,0,1,0,1,86,61,147,2022-03-31T22:00:00Z
08,290,Novi Vinodolski,517,451,968,108,46,154,8,4,12,16,7,23,113,74,187,0,0,0,1,7,8,763,589,1352,2022-03-31T22:00:00Z
08,301,Omišalj,643,431,1074,82,25,107,0,0,0,15,4,19,81,44,125,0,0,0,0,2,2,821,506,1327,2022-03-31T22:00:00Z
08,302,Opatija,2291,2857,5148,206,117,323,7,6,13,61,27,88,97,154,251,0,1,1,9,12,21,2671,3174,5845,2022-03-31T22:00:00Z
08,360,Punat,312,180,492,64,22,86,4,0,4,6,2,8,83,60,143,0,0,0,0,0,0,469,264,733,2022-03-31T22:00:00Z
08,363,Rab,934,1115,2049,311,74,385,13,6,19,17,12,29,234,181,415,0,0,0,15,15,30,1524,1403,2927,2022-03-31T22:00:00Z
08,369,Ravna Gora,271,297,568,30,11,41,1,1,2,2,1,3,40,19,59,0,0,0,1,2,3,345,331,676,2022-03-31T22:00:00Z
08,373,Rijeka,27770,28479,56249,1239,1072,2311,22,16,38,1089,352,1441,884,1277,2161,4,2,6,91,116,207,31099,31314,62413,2022-03-31T22:00:00Z
08,38,Brod Moravice,46,33,79,10,1,11,1,0,1,0,1,1,11,3,14,0,0,0,0,0,0,68,38,106,2022-03-31T22:00:00Z
08,393,Skrad,43,44,87,4,3,7,1,1,2,1,1,2,3,6,9,0,0,0,0,0,0,52,55,107,2022-03-31T22:00:00Z
08,4,Bakar,2034,1039,3073,64,43,107,2,0,2,67,10,77,75,73,148,0,0,0,2,10,12,2244,1175,3419,2022-03-31T22:00:00Z
08,488,Vinodolska Općina,184,155,339,56,23,79,2,0,2,5,1,6,41,15,56,1,0,1,0,1,1,289,195,484,2022-03-31T22:00:00Z
08,495,Viškovo,1662,1165,2827,201,107,308,7,4,11,60,17,77,159,139,298,0,0,0,15,10,25,2104,1442,3546,2022-03-31T22:00:00Z
08,507,Vrbnik,134,106,240,35,10,45,10,5,15,2,0,2,35,26,61,0,0,0,0,1,1,216,148,364,2022-03-31T22:00:00Z
08,509,Vrbovsko,335,297,632,62,18,80,3,4,7,1,5,6,73,41,114,0,0,0,1,1,2,475,366,841,2022-03-31T22:00:00Z
08,52,Cres,549,446,995,76,24,100,11,4,15,12,3,15,63,85,148,0,0,0,7,4,11,718,566,1284,2022-03-31T22:00:00Z
08,53,Crikvenica,1282,1698,2980,219,126,345,7,2,9,46,24,70,237,200,437,0,0,0,9,11,20,1800,2061,3861,2022-03-31T22:00:00Z
08,538,Kostrena,457,307,764,42,25,67,1,1,2,81,7,88,18,36,54,0,0,0,1,3,4,600,379,979,2022-03-31T22:00:00Z
08,55,Čabar,322,277,599,53,18,71,5,4,9,6,0,6,148,48,196,0,0,0,0,4,4,534,351,885,2022-03-31T22:00:00Z
08,61,Čavle,647,557,1204,93,50,143,1,2,3,31,10,41,109,87,196,0,0,0,4,1,5,885,707,1592,2022-03-31T22:00:00Z
08,624,Lopar,58,34,92,25,2,27,0,1,1,1,0,1,23,23,46,0,0,0,4,6,10,111,66,177,2022-03-31T22:00:00Z
08,69,Delnice,1141,766,1907,71,48,119,5,1,6,11,10,21,76,102,178,0,0,0,2,8,10,1306,935,2241,2022-03-31T22:00:00Z
08,74,Dobrinj,148,96,244,54,22,76,1,2,3,5,2,7,108,47,155,0,0,0,1,6,7,317,175,492,2022-03-31T22:00:00Z
08,8,Baška,234,243,477,58,25,83,7,3,10,3,3,6,43,67,110,0,0,0,5,6,11,350,347,697,2022-03-31T22:00:00Z
09,130,Gospić,2274,2346,4620,95,61,156,75,42,117,12,9,21,130,164,294,0,0,0,11,7,18,2597,2629,5226,2022-03-31T22:00:00Z
09,178,Karlobag,84,103,187,10,5,15,6,1,7,3,0,3,8,4,12,0,0,0,1,1,2,112,114,226,2022-03-31T22:00:00Z
09,240,Lovinac,210,82,292,1,0,1,1,1,2,1,0,1,2,1,3,0,0,0,0,0,0,215,84,299,2022-03-31T22:00:00Z
09,288,Novalja,799,625,1424,125,35,160,23,10,33,2,5,7,184,79,263,0,0,0,7,14,21,1140,768,1908,2022-03-31T22:00:00Z
09,313,Otočac,830,902,1732,93,37,130,56,26,82,8,6,14,118,112,230,0,0,0,1,6,7,1106,1089,2195,2022-03-31T22:00:00Z
09,323,Perušić,339,262,601,20,11,31,32,20,52,0,1,1,21,24,45,0,0,0,0,0,0,412,318,730,2022-03-31T22:00:00Z
09,37,Brinje,373,202,575,23,6,29,7,6,13,0,1,1,13,18,31,0,0,0,0,2,2,416,235,651,2022-03-31T22:00:00Z
09,387,Senj,741,645,1386,94,50,144,5,5,10,16,7,23,104,112,216,0,0,0,8,7,15,968,826,1794,2022-03-31T22:00:00Z
09,455,Plitvička Jezera,786,834,1620,46,22,68,61,15,76,3,5,8,206,155,361,0,0,0,1,0,1,1103,1031,2134,2022-03-31T22:00:00Z
09,467,Udbina,125,96,221,8,6,14,37,11,48,0,0,0,16,18,34,0,0,0,4,1,5,190,132,322,2022-03-31T22:00:00Z
09,512,Vrhovine,105,37,142,3,3,6,8,2,10,0,0,0,4,3,7,0,0,0,0,0,0,120,45,165,2022-03-31T22:00:00Z
09,84,Donji Lapac,110,66,176,7,4,11,26,8,34,0,0,0,11,6,17,0,0,0,0,0,0,154,84,238,2022-03-31T22:00:00Z
10,136,Gradina,77,99,176,13,8,21,129,45,174,2,0,2,40,28,68,0,0,0,0,0,0,261,180,441,2022-03-31T22:00:00Z
10,245,Lukač,208,110,318,15,5,20,50,17,67,1,0,1,55,34,89,0,0,0,0,0,0,329,166,495,2022-03-31T22:00:00Z
10,266,Mikleuš,71,53,124,9,2,11,15,7,22,0,0,0,10,10,20,0,0,0,0,0,0,105,72,177,2022-03-31T22:00:00Z
10,283,Nova Bukovica,42,47,89,9,5,14,37,8,45,1,0,1,21,18,39,0,0,0,1,0,1,111,78,189,2022-03-31T22:00:00Z
10,307,Orahovica,946,672,1618,71,37,108,12,3,15,9,10,19,108,97,205,0,0,0,1,5,6,1147,824,1971,2022-03-31T22:00:00Z
10,332,Pitomača,701,688,1389,83,42,125,151,87,238,1,10,11,237,184,421,0,0,0,1,2,3,1174,1013,2187,2022-03-31T22:00:00Z
10,395,Slatina,1457,1332,2789,152,71,223,136,37,173,12,22,34,211,260,471,0,0,0,4,5,9,1972,1727,3699,2022-03-31T22:00:00Z
10,407,Sopje,142,45,187,4,1,5,90,19,109,0,0,0,21,22,43,0,0,0,0,0,0,257,87,344,2022-03-31T22:00:00Z
10,424,Suhopolje,253,259,512,23,20,43,101,44,145,1,1,2,70,51,121,0,0,0,2,1,3,450,376,826,2022-03-31T22:00:00Z
10,449,Špišić Bukovica,153,172,325,20,9,29,162,61,223,1,2,3,37,61,98,0,0,0,1,1,2,374,306,680,2022-03-31T22:00:00Z
10,491,Virovitica,3873,3964,7837,189,109,298,99,28,127,33,20,53,383,380,763,1,0,1,8,9,17,4586,4510,9096,2022-03-31T22:00:00Z
10,499,Voćin,146,100,246,11,3,14,24,34,58,0,0,0,11,4,15,0,0,0,0,0,0,192,141,333,2022-03-31T22:00:00Z
10,524,Zdenci,131,86,217,10,3,13,19,7,26,0,1,1,14,12,26,0,0,0,0,2,2,174,111,285,2022-03-31T22:00:00Z
10,54,Crnac,25,25,50,15,3,18,19,7,26,0,0,0,17,13,30,0,0,0,0,0,0,76,48,124,2022-03-31T22:00:00Z
10,56,Čačinci,158,105,263,20,14,34,19,9,28,0,4,4,28,31,59,0,0,0,0,1,1,225,164,389,2022-03-31T22:00:00Z
10,57,Čađavica,121,89,210,14,9,23,66,17,83,0,0,0,50,32,82,0,0,0,0,0,0,251,147,398,2022-03-31T22:00:00Z
11,164,Jakšić,147,105,252,30,4,34,23,5,28,0,2,2,47,14,61,0,0,0,0,0,0,247,130,377,2022-03-31T22:00:00Z
11,177,Kaptol,93,80,173,16,2,18,22,3,25,0,1,1,42,9,51,0,0,0,0,1,1,173,96,269,2022-03-31T22:00:00Z
11,221,Kutjevo,567,407,974,48,17,65,66,29,95,1,2,3,80,70,150,0,0,0,6,1,7,768,526,1294,2022-03-31T22:00:00Z
11,231,Lipik,760,598,1358,38,16,54,24,16,40,2,11,13,52,57,109,0,0,0,1,0,1,877,698,1575,2022-03-31T22:00:00Z
11,318,Pakrac,647,1097,1744,84,32,116,55,21,76,14,17,31,174,98,272,0,0,0,1,3,4,975,1268,2243,2022-03-31T22:00:00Z
11,334,Pleternica,582,445,1027,82,29,111,54,14,68,3,5,8,183,124,307,0,0,0,2,10,12,906,627,1533,2022-03-31T22:00:00Z
11,35,Brestovac,112,96,208,16,3,19,14,3,17,1,1,2,28,14,42,0,0,0,0,1,1,171,118,289,2022-03-31T22:00:00Z
11,351,Požega,5224,4395,9619,308,161,469,124,42,166,40,85,125,434,358,792,0,1,1,11,19,30,6141,5061,11202,2022-03-31T22:00:00Z
11,475,Velika,328,293,621,24,15,39,22,5,27,2,3,5,53,38,91,0,0,0,0,0,0,429,354,783,2022-03-31T22:00:00Z
11,58,Čaglin,99,162,261,8,1,9,17,5,22,0,1,1,15,13,28,0,0,0,0,0,0,139,182,321,2022-03-31T22:00:00Z
12,10,Bebrina,40,48,88,10,8,18,20,4,24,2,0,2,9,11,20,0,0,0,1,0,1,82,71,153,2022-03-31T22:00:00Z
12,118,Garčin,131,183,314,32,10,42,31,17,48,0,0,0,25,24,49,0,0,0,0,0,0,219,234,453,2022-03-31T22:00:00Z
12,127,Gornji Bogićevci,46,41,87,11,2,13,11,2,13,0,0,0,18,21,39,0,0,0,0,0,0,86,66,152,2022-03-31T22:00:00Z
12,140,Gundinci,68,59,127,12,3,15,49,23,72,0,0,0,15,9,24,0,0,0,0,0,0,144,94,238,2022-03-31T22:00:00Z
12,185,Klakar,85,55,140,13,3,16,22,4,26,0,1,1,13,13,26,0,0,0,1,0,1,134,76,210,2022-03-31T22:00:00Z
12,284,Nova Gradiška,2197,2080,4277,149,99,248,24,20,44,22,19,41,264,292,556,0,0,0,2,3,5,2658,2513,5171,2022-03-31T22:00:00Z
12,285,Nova Kapela,150,186,336,23,19,42,23,7,30,3,3,6,52,56,108,0,0,0,1,1,2,252,272,524,2022-03-31T22:00:00Z
12,299,Okučani,219,151,370,29,9,38,11,2,13,0,1,1,42,22,64,0,0,0,1,3,4,302,188,490,2022-03-31T22:00:00Z
12,303,Oprisavci,295,174,469,9,0,9,36,11,47,1,0,1,9,15,24,0,0,0,0,0,0,350,200,550,2022-03-31T22:00:00Z
12,309,Oriovac,290,286,576,41,22,63,21,12,33,2,2,4,76,56,132,0,0,0,1,2,3,431,380,811,2022-03-31T22:00:00Z
12,338,Podcrkavlje,36,35,71,17,1,18,8,2,10,0,1,1,21,4,25,0,0,0,0,0,0,82,43,125,2022-03-31T22:00:00Z
12,372,Rešetari,205,238,443,38,7,45,18,7,25,3,1,4,88,44,132,0,0,0,0,0,0,352,297,649,2022-03-31T22:00:00Z
12,388,Sibinj,130,225,355,56,18,74,18,2,20,0,0,0,61,36,97,0,0,0,2,2,4,267,283,550,2022-03-31T22:00:00Z
12,39,Brodski Stupnik,69,65,134,14,9,23,10,3,13,1,1,2,71,39,110,0,0,0,0,0,0,165,117,282,2022-03-31T22:00:00Z
12,396,Slavonski Brod,13604,9306,22910,619,342,961,44,31,75,80,88,168,912,941,1853,1,0,1,17,18,35,15277,10726,26003,2022-03-31T22:00:00Z
12,397,Slavonski Šamac,68,42,110,9,4,13,16,9,25,0,1,1,11,5,16,0,0,0,0,0,0,104,61,165,2022-03-31T22:00:00Z
12,412,Stara Gradiška,150,81,231,4,2,6,8,3,11,0,0,0,25,8,33,0,0,0,0,1,1,187,95,282,2022-03-31T22:00:00Z
12,418,Staro Petrovo Selo,191,123,314,34,8,42,40,16,56,1,1,2,97,50,147,0,0,0,0,2,2,363,200,563,2022-03-31T22:00:00Z
12,46,Cernik,140,179,319,35,12,47,9,6,15,4,2,6,57,26,83,0,0,0,0,1,1,245,226,471,2022-03-31T22:00:00Z
12,476,Velika Kopanica,169,98,267,30,7,37,30,17,47,1,1,2,39,31,70,0,0,0,0,2,2,269,156,425,2022-03-31T22:00:00Z
12,506,Vrbje,35,19,54,11,1,12,19,2,21,0,0,0,22,27,49,0,0,0,0,0,0,87,49,136,2022-03-31T22:00:00Z
12,514,Vrpolje,219,112,331,23,5,28,42,15,57,0,2,2,18,17,35,0,0,0,0,1,1,302,152,454,2022-03-31T22:00:00Z
12,567,Bukovlje,87,55,142,17,10,27,0,0,0,0,0,0,12,17,29,0,0,0,0,0,0,116,82,198,2022-03-31T22:00:00Z
12,568,Dragalić,28,45,73,6,1,7,8,2,10,0,0,0,5,5,10,0,0,0,0,1,1,47,54,101,2022-03-31T22:00:00Z
12,569,Gornja Vrba,363,104,467,14,4,18,2,1,3,0,1,1,25,18,43,0,0,0,0,1,1,404,129,533,2022-03-31T22:00:00Z
12,570,Sikirevci,40,41,81,21,4,25,37,15,52,0,0,0,12,10,22,0,0,0,1,1,2,111,71,182,2022-03-31T22:00:00Z
12,68,Davor,116,72,188,13,5,18,15,5,20,1,0,1,15,21,36,0,0,0,0,1,1,160,104,264,2022-03-31T22:00:00Z
12,81,Donji Andrijevci,189,121,310,22,10,32,20,5,25,0,1,1,29,11,40,0,0,0,0,3,3,260,151,411,2022-03-31T22:00:00Z
13,131,Gračac,267,290,557,21,17,38,67,30,97,2,1,3,44,43,87,0,0,0,0,2,2,401,383,784,2022-03-31T22:00:00Z
13,167,Jasenice,152,89,241,15,1,16,6,4,10,1,0,1,13,9,22,0,0,0,0,3,3,187,106,293,2022-03-31T22:00:00Z
13,17,Benkovac,1157,1073,2230,102,39,141,102,55,157,12,8,20,203,129,332,0,0,0,5,6,11,1581,1310,2891,2022-03-31T22:00:00Z
13,173,Kali,294,118,412,26,14,40,2,1,3,24,0,24,50,28,78,0,0,0,1,1,2,397,162,559,2022-03-31T22:00:00Z
13,20,Bibinje,212,216,428,52,19,71,4,0,4,2,4,6,74,57,131,0,0,0,1,4,5,345,300,645,2022-03-31T22:00:00Z
13,22,Biograd Na Moru,1154,1473,2627,135,64,199,27,15,42,14,7,21,178,222,400,0,0,0,6,4,10,1514,1785,3299,2022-03-31T22:00:00Z
13,234,Lišane Ostrovičke,22,30,52,9,3,12,0,1,1,0,0,0,11,7,18,0,0,0,0,0,0,42,41,83,2022-03-31T22:00:00Z
13,282,Nin,562,449,1011,49,11,60,9,4,13,4,3,7,54,43,97,0,0,0,4,4,8,682,514,1196,2022-03-31T22:00:00Z
13,296,Obrovac,364,238,602,33,10,43,34,8,42,4,2,6,16,37,53,0,0,0,5,4,9,456,299,755,2022-03-31T22:00:00Z
13,316,Pag,510,470,980,68,27,95,33,12,45,7,5,12,67,59,126,0,0,0,5,2,7,690,575,1265,2022-03-31T22:00:00Z
13,317,Pakoštane,371,357,728,62,20,82,10,14,24,9,2,11,105,59,164,0,0,0,5,2,7,562,454,1016,2022-03-31T22:00:00Z
13,320,Pašman,110,108,218,43,11,54,4,3,7,15,0,15,36,25,61,0,0,0,1,1,2,209,148,357,2022-03-31T22:00:00Z
13,344,Polača,102,66,168,15,5,20,3,2,5,1,0,1,9,15,24,0,0,0,1,3,4,131,91,222,2022-03-31T22:00:00Z
13,345,Poličnik,452,360,812,50,7,57,11,8,19,4,1,5,47,21,68,0,0,0,1,1,2,565,398,963,2022-03-31T22:00:00Z
13,349,Posedarje,142,185,327,35,12,47,5,9,14,12,2,14,33,35,68,0,0,0,0,4,4,227,247,474,2022-03-31T22:00:00Z
13,354,Preko,261,447,708,46,12,58,6,4,10,32,2,34,47,24,71,0,0,0,1,6,7,393,495,888,2022-03-31T22:00:00Z
13,371,Ražanac,84,92,176,26,8,34,7,6,13,7,1,8,23,13,36,0,0,0,3,2,5,150,122,272,2022-03-31T22:00:00Z
13,379,Sali,161,140,301,42,12,54,6,2,8,6,2,8,31,21,52,0,0,0,3,7,10,249,184,433,2022-03-31T22:00:00Z
13,411,Stankovci,235,134,369,29,4,33,6,3,9,1,1,2,31,16,47,0,0,0,0,1,1,302,159,461,2022-03-31T22:00:00Z
13,416,Starigrad,127,153,280,43,27,70,7,2,9,3,0,3,34,38,72,0,0,0,2,6,8,216,226,442,2022-03-31T22:00:00Z
13,425,Sukošan,413,303,716,59,19,78,11,5,16,4,2,6,64,50,114,0,0,0,1,5,6,552,384,936,2022-03-31T22:00:00Z
13,428,Sveti Filip I Jakov,210,345,555,41,19,60,7,4,11,10,3,13,37,46,83,0,0,0,0,2,2,305,419,724,2022-03-31T22:00:00Z
13,445,Škabrnje,70,75,145,26,3,29,3,1,4,1,1,2,13,8,21,0,0,0,1,2,3,114,90,204,2022-03-31T22:00:00Z
13,489,Vir,284,268,552,53,14,67,2,2,4,2,2,4,32,50,82,0,0,0,3,3,6,376,339,715,2022-03-31T22:00:00Z
13,520,Zadar,14858,16229,31087,1067,622,1689,40,26,66,689,213,902,1351,1450,2801,2,0,2,108,81,189,18115,18621,36736,2022-03-31T22:00:00Z
13,525,Zemunik Donji,182,262,444,17,5,22,3,2,5,1,0,1,26,9,35,0,0,0,0,1,1,229,279,508,2022-03-31T22:00:00Z
13,537,Novigrad,64,98,162,26,1,27,5,4,9,5,1,6,30,11,41,0,0,0,1,3,4,131,118,249,2022-03-31T22:00:00Z
13,571,Galovac,30,61,91,11,1,12,4,4,8,4,2,6,9,9,18,0,0,0,0,2,2,58,79,137,2022-03-31T22:00:00Z
13,572,Kukljica,49,43,92,20,3,23,1,0,1,3,1,4,41,11,52,0,0,0,1,1,2,115,59,174,2022-03-31T22:00:00Z
13,573,Povljana,42,34,76,15,4,19,5,2,7,1,0,1,9,9,18,0,0,0,1,1,2,73,50,123,2022-03-31T22:00:00Z
13,574,Privlaka,119,131,250,19,12,31,0,2,2,10,0,10,23,11,34,0,0,0,4,3,7,175,159,334,2022-03-31T22:00:00Z
13,575,Tkon,92,80,172,22,6,28,2,2,4,3,0,3,42,21,63,0,0,0,1,2,3,162,111,273,2022-03-31T22:00:00Z
13,622,Kolan,165,115,280,23,3,26,4,2,6,1,0,1,23,20,43,0,0,0,0,0,0,216,140,356,2022-03-31T22:00:00Z
13,625,Vrsi,101,63,164,13,7,20,6,5,11,22,0,22,29,24,53,0,0,0,7,1,8,178,100,278,2022-03-31T22:00:00Z
14,103,Đakovo,2832,2822,5654,488,215,703,202,90,292,29,38,67,658,569,1227,0,0,0,9,11,20,4218,3745,7963,2022-03-31T22:00:00Z
14,106,Đurđenovac,562,551,1113,41,12,53,19,15,34,0,6,6,76,44,120,0,0,0,2,0,2,700,628,1328,2022-03-31T22:00:00Z
14,110,Erdut,303,208,511,39,18,57,57,15,72,2,4,6,59,43,102,0,0,0,1,0,1,461,288,749,2022-03-31T22:00:00Z
14,111,Ernestinovo,80,205,285,5,3,8,25,8,33,2,1,3,9,11,20,0,0,0,0,0,0,121,228,349,2022-03-31T22:00:00Z
14,116,Feričanci,126,110,236,23,5,28,3,0,3,0,3,3,40,16,56,0,0,0,0,0,0,192,134,326,2022-03-31T22:00:00Z
14,124,Gorjani,127,155,282,18,5,23,14,8,22,0,0,0,12,6,18,0,0,0,0,0,0,171,174,345,2022-03-31T22:00:00Z
14,13,Beli Manastir,1088,1130,2218,77,44,121,61,34,95,11,12,23,121,105,226,0,0,0,4,2,6,1362,1327,2689,2022-03-31T22:00:00Z
14,16,Belišće,1661,643,2304,69,30,99,26,8,34,2,7,9,88,97,185,0,0,0,1,1,2,1847,786,2633,2022-03-31T22:00:00Z
14,195,Kneževi Vinogradi,212,266,478,34,7,41,36,6,42,1,2,3,62,75,137,0,0,0,1,0,1,346,356,702,2022-03-31T22:00:00Z
14,2,Antunovac,196,156,352,31,12,43,12,6,18,0,0,0,18,11,29,0,0,0,0,0,0,257,185,442,2022-03-31T22:00:00Z
14,205,Koška,190,138,328,25,5,30,28,8,36,2,4,6,36,23,59,0,0,0,1,0,1,282,178,460,2022-03-31T22:00:00Z
14,21,Bilje,291,281,572,44,21,65,19,12,31,2,4,6,66,39,105,0,0,0,0,1,1,422,358,780,2022-03-31T22:00:00Z
14,23,Bizovac,231,242,473,27,11,38,23,10,33,2,3,5,27,31,58,0,0,0,8,13,21,318,310,628,2022-03-31T22:00:00Z
14,230,Levanjska Varoš,43,43,86,2,1,3,11,8,19,0,0,0,0,3,3,0,0,0,0,1,1,56,56,112,2022-03-31T22:00:00Z
14,257,Marijanci,105,73,178,7,5,12,12,0,12,0,1,1,16,23,39,0,0,0,1,1,2,141,103,244,2022-03-31T22:00:00Z
14,271,Moslavina Podravska,20,27,47,4,2,6,16,5,21,0,0,0,13,10,23,0,0,0,0,0,0,53,44,97,2022-03-31T22:00:00Z
14,278,Našice,2160,1800,3960,174,88,262,60,26,86,24,43,67,274,215,489,0,0,0,8,6,14,2700,2178,4878,2022-03-31T22:00:00Z
14,312,Osijek,23967,22458,46425,929,655,1584,114,40,154,170,186,356,755,1127,1882,1,2,3,37,38,75,25973,24506,50479,2022-03-31T22:00:00Z
14,325,Petlovac,50,25,75,6,4,10,13,0,13,0,0,0,15,12,27,0,0,0,0,0,0,84,41,125,2022-03-31T22:00:00Z
14,327,Petrijevci,280,205,485,19,3,22,5,4,9,0,0,0,13,6,19,0,0,0,1,2,3,318,220,538,2022-03-31T22:00:00Z
14,340,Podgorač,101,103,204,23,7,30,26,5,31,1,3,4,21,39,60,0,0,0,0,0,0,172,157,329,2022-03-31T22:00:00Z
14,346,Popovac,58,52,110,2,3,5,5,5,10,0,0,0,5,3,8,0,0,0,0,0,0,70,63,133,2022-03-31T22:00:00Z
14,361,Punitovci,49,57,106,21,3,24,16,4,20,0,0,0,42,7,49,0,0,0,0,0,0,128,71,199,2022-03-31T22:00:00Z
14,381,Satnica Đakovačka,124,84,208,21,5,26,10,3,13,0,0,0,47,27,74,0,0,0,0,0,0,202,119,321,2022-03-31T22:00:00Z
14,386,Semeljci,235,200,435,44,18,62,55,25,80,1,1,2,83,41,124,0,0,0,0,2,2,418,287,705,2022-03-31T22:00:00Z
14,421,Strizivojna,312,317,629,18,8,26,18,3,21,0,0,0,22,10,32,0,0,0,1,1,2,371,339,710,2022-03-31T22:00:00Z
14,461,Trnava,51,55,106,6,2,8,13,7,20,0,0,0,13,3,16,0,0,0,0,0,0,83,67,150,2022-03-31T22:00:00Z
14,471,Valpovo,872,1068,1940,74,58,132,48,19,67,13,22,35,81,108,189,0,0,0,9,9,18,1097,1284,2381,2022-03-31T22:00:00Z
14,485,Viljevo,48,59,107,10,0,10,20,4,24,0,0,0,23,9,32,0,0,0,0,1,1,101,73,174,2022-03-31T22:00:00Z
14,494,Viškovci,212,219,431,23,5,28,16,5,21,0,0,0,21,5,26,0,0,0,1,0,1,273,234,507,2022-03-31T22:00:00Z
14,517,Vuka,36,49,85,16,2,18,14,4,18,0,0,0,19,10,29,0,0,0,0,0,0,85,65,150,2022-03-31T22:00:00Z
14,576,Donja Motičina,23,25,48,9,3,12,1,1,2,0,0,0,16,6,22,0,0,0,0,0,0,49,35,84,2022-03-31T22:00:00Z
14,578,Magadenovac,90,110,200,4,2,6,24,9,33,0,1,1,21,21,42,0,0,0,0,0,0,139,143,282,2022-03-31T22:00:00Z
14,579,Vladislavci,129,128,257,3,0,3,6,5,11,0,0,0,7,5,12,0,0,0,0,0,0,145,138,283,2022-03-31T22:00:00Z
14,609,Jagodnjak,118,63,181,8,2,10,25,6,31,0,0,0,10,4,14,0,0,0,0,0,0,161,75,236,2022-03-31T22:00:00Z
14,614,Šodolovci,23,32,55,0,0,0,0,0,0,0,0,0,9,3,12,0,0,0,0,0,0,32,35,67,2022-03-31T22:00:00Z
14,64,Čeminac,67,79,146,12,0,12,4,2,6,0,0,0,17,10,27,0,0,0,0,0,0,100,91,191,2022-03-31T22:00:00Z
14,65,Čepin,691,490,1181,98,30,128,58,30,88,4,5,9,108,98,206,0,0,0,2,3,5,961,656,1617,2022-03-31T22:00:00Z
14,66,Darda,1739,864,2603,53,30,83,36,4,40,2,4,6,58,52,110,0,0,0,1,1,2,1889,955,2844,2022-03-31T22:00:00Z
14,86,Donji Miholjac,1180,1009,2189,88,53,141,159,35,194,6,16,22,154,117,271,0,0,0,1,4,5,1588,1234,2822,2022-03-31T22:00:00Z
14,91,Draž,86,125,211,13,3,16,16,4,20,0,0,0,7,9,16,0,0,0,0,1,1,122,142,264,2022-03-31T22:00:00Z
14,94,Drenje,94,99,193,30,6,36,46,15,61,0,0,0,15,17,32,0,0,0,0,0,0,185,137,322,2022-03-31T22:00:00Z
15,113,Ervenik,37,46,83,1,0,1,4,1,5,0,0,0,3,1,4,0,0,0,0,0,0,45,48,93,2022-03-31T22:00:00Z
15,183,Kijevo,31,30,61,2,0,2,0,0,0,0,0,0,0,0,0,0,0,0,0,0,0,33,30,63,2022-03-31T22:00:00Z
15,184,Kistanje,55,75,130,20,5,25,1,2,3,1,0,1,16,9,25,0,0,0,0,0,0,93,91,184,2022-03-31T22:00:00Z
15,196,Knin,1464,1410,2874,127,69,196,62,17,79,31,6,37,153,157,310,0,0,0,2,4,6,1839,1663,3502,2022-03-31T22:00:00Z
15,298,Promina,110,92,202,1,1,2,1,2,3,0,0,0,2,1,3,0,0,0,0,0,0,114,96,210,2022-03-31T22:00:00Z
15,310,Biskupija,94,19,113,1,0,1,2,0,2,1,0,1,0,0,0,0,0,0,0,0,0,98,19,117,2022-03-31T22:00:00Z
15,357,Primošten,288,314,602,86,28,114,7,2,9,8,0,8,69,47,116,0,1,1,3,4,7,461,396,857,2022-03-31T22:00:00Z
15,377,Ružić,30,21,51,4,1,5,6,5,11,0,0,0,3,9,12,0,0,0,0,0,0,43,36,79,2022-03-31T22:00:00Z
15,394,Skradin,129,153,282,48,14,62,19,9,28,3,2,5,46,48,94,0,0,0,0,0,0,245,226,471,2022-03-31T22:00:00Z
15,444,Šibenik,7993,8484,16477,639,354,993,37,14,51,192,95,287,615,694,1309,0,0,0,17,32,49,9493,9673,19166,2022-03-31T22:00:00Z
15,454,Tisno,342,305,647,106,34,140,5,0,5,9,3,12,60,60,120,0,0,0,1,3,4,523,405,928,2022-03-31T22:00:00Z
15,469,Unešić,46,61,107,10,0,10,4,1,5,1,0,1,17,5,22,0,0,0,0,0,0,78,67,145,2022-03-31T22:00:00Z
15,500,Vodice,891,1086,1977,277,94,371,13,4,17,12,10,22,269,154,423,0,0,0,8,26,34,1470,1374,2844,2022-03-31T22:00:00Z
15,51,Civljane,52,9,61,1,1,2,0,0,0,0,0,0,3,1,4,0,0,0,0,0,0,56,11,67,2022-03-31T22:00:00Z
15,581,Pirovac,152,166,318,35,16,51,7,3,10,1,2,3,58,41,99,0,0,0,0,0,0,253,228,481,2022-03-31T22:00:00Z
15,582,Rogoznica,244,240,484,50,13,63,2,1,3,4,1,5,50,47,97,0,0,0,3,1,4,353,303,656,2022-03-31T22:00:00Z
15,617,Murter,280,293,573,50,28,78,5,1,6,18,3,21,82,48,130,0,0,0,9,4,13,444,377,821,2022-03-31T22:00:00Z
15,621,Bilice,87,42,129,25,7,32,0,0,0,8,0,8,18,10,28,0,0,0,0,0,0,138,59,197,2022-03-31T22:00:00Z
15,626,Tribunj,90,88,178,21,13,34,1,0,1,5,0,5,61,31,92,0,0,0,1,0,1,179,132,311,2022-03-31T22:00:00Z
15,95,Drniš,903,621,1524,69,53,122,55,20,75,5,7,12,97,88,185,0,0,0,1,1,2,1130,790,1920,2022-03-31T22:00:00Z
16,1,Andrijaševci,76,121,197,25,13,38,12,6,18,2,1,3,36,42,78,0,0,0,1,3,4,152,186,338,2022-03-31T22:00:00Z
16,137,Gradište,89,89,178,17,5,22,31,4,35,0,1,1,16,18,34,0,0,0,0,1,1,153,118,271,2022-03-31T22:00:00Z
16,141,Gunja,185,111,296,27,9,36,46,16,62,2,0,2,38,5,43,0,0,0,1,3,4,299,144,443,2022-03-31T22:00:00Z
16,154,Ilok,454,538,992,68,25,93,49,17,66,2,3,5,116,92,208,0,0,0,0,2,2,689,677,1366,2022-03-31T22:00:00Z
16,159,Ivankovo,334,408,742,71,30,101,49,14,63,1,5,6,117,70,187,0,0,0,3,3,6,575,530,1105,2022-03-31T22:00:00Z
16,166,Jarmina,28,73,101,15,9,24,28,11,39,0,2,2,26,16,42,0,0,0,0,4,4,97,115,212,2022-03-31T22:00:00Z
16,239,Lovas,56,56,112,6,0,6,14,0,14,1,0,1,5,5,10,0,0,0,0,0,0,82,61,143,2022-03-31T22:00:00Z
16,26,Bogdanovci,26,17,43,3,0,3,7,4,11,0,0,0,17,8,25,0,0,0,0,0,0,53,29,82,2022-03-31T22:00:00Z
16,29,Borovo,66,102,168,46,14,60,25,4,29,1,3,4,64,76,140,0,0,0,2,1,3,204,200,404,2022-03-31T22:00:00Z
16,294,Nuštar,240,294,534,34,20,54,24,6,30,1,2,3,43,26,69,0,0,0,1,0,1,343,348,691,2022-03-31T22:00:00Z
16,295,Nijemci,177,181,358,24,7,31,90,26,116,1,1,2,51,34,85,0,0,0,0,2,2,343,251,594,2022-03-31T22:00:00Z
16,3,Babina Greda,164,150,314,30,14,44,78,28,106,3,0,3,29,39,68,0,0,0,1,1,2,305,232,537,2022-03-31T22:00:00Z
16,32,Bošnjaci,125,104,229,23,6,29,36,7,43,2,0,2,36,37,73,0,0,0,0,0,0,222,154,376,2022-03-31T22:00:00Z
16,414,Stari Jankovci,139,125,264,23,3,26,38,9,47,1,0,1,27,17,44,0,0,0,0,1,1,228,155,383,2022-03-31T22:00:00Z
16,415,Stari Mikanovci,89,128,217,19,11,30,23,12,35,2,1,3,31,38,69,0,0,0,0,0,0,164,190,354,2022-03-31T22:00:00Z
16,44,Cerna,432,211,643,41,23,64,51,19,70,2,1,3,71,66,137,0,0,0,1,1,2,598,321,919,2022-03-31T22:00:00Z
16,456,Tompojevci,19,36,55,15,4,19,39,12,51,0,0,0,14,10,24,0,0,0,0,0,0,87,62,149,2022-03-31T22:00:00Z
16,458,Tordinci,94,89,183,7,2,9,10,0,10,1,0,1,6,12,18,0,0,0,0,0,0,118,103,221,2022-03-31T22:00:00Z
16,459,Tovarnik,156,124,280,20,3,23,48,23,71,1,1,2,8,15,23,0,0,0,0,0,0,233,166,399,2022-03-31T22:00:00Z
16,464,Trpinja,110,185,295,25,7,32,81,14,95,2,0,2,35,23,58,0,0,0,0,0,0,253,229,482,2022-03-31T22:00:00Z
16,487,Vinkovci,8064,6408,14472,297,186,483,49,23,72,59,50,109,440,619,1059,1,0,1,12,14,26,8922,7300,16222,2022-03-31T22:00:00Z
16,505,Vrbanja,279,116,395,28,14,42,68,17,85,2,1,3,34,29,63,0,0,0,0,0,0,411,177,588,2022-03-31T22:00:00Z
16,518,Vukovar,4403,4621,9024,288,141,429,95,41,136,25,30,55,414,395,809,0,0,0,3,9,12,5228,5237,10465,2022-03-31T22:00:00Z
16,534,Županja,2070,1509,3579,144,51,195,36,14,50,20,20,40,177,190,367,1,0,1,3,5,8,2451,1789,4240,2022-03-31T22:00:00Z
16,535,Otok (Vinkovci),399,280,679,35,20,55,60,11,71,7,1,8,73,59,132,0,0,0,1,2,3,575,373,948,2022-03-31T22:00:00Z
16,583,Privlaka,106,75,181,17,4,21,22,9,31,0,2,2,14,16,30,0,0,0,1,0,1,160,106,266,2022-03-31T22:00:00Z
16,584,Vođinci,45,155,200,14,2,16,7,5,12,0,1,1,15,12,27,0,0,0,0,1,1,81,176,257,2022-03-31T22:00:00Z
16,610,Markušica,40,49,89,10,4,14,52,15,67,0,1,1,10,14,24,0,0,0,1,1,2,113,84,197,2022-03-31T22:00:00Z
16,612,Negoslavci,31,13,44,5,1,6,12,3,15,1,0,1,16,14,30,0,0,0,0,0,0,65,31,96,2022-03-31T22:00:00Z
16,628,Štitar,73,65,138,6,1,7,14,3,17,0,0,0,10,8,18,0,0,0,0,0,0,103,77,180,2022-03-31T22:00:00Z
16,92,Drenovci,100,155,255,41,5,46,106,38,144,2,1,3,51,48,99,0,0,0,0,1,1,300,248,548,2022-03-31T22:00:00Z
17,100,Dugi Rat,601,660,1261,81,34,115,1,2,3,34,8,42,185,112,297,0,0,0,5,8,13,907,824,1731,2022-03-31T22:00:00Z
17,134,Gradac,164,210,374,40,16,56,5,1,6,1,2,3,23,32,55,0,0,0,2,8,10,235,269,504,2022-03-31T22:00:00Z
17,148,Hrvace,296,211,507,40,16,56,7,7,14,1,3,4,48,42,90,0,0,0,1,2,3,393,281,674,2022-03-31T22:00:00Z
17,153,Hvar,612,561,1173,179,68,247,18,11,29,16,7,23,164,160,324,3,0,3,21,25,46,1013,832,1845,2022-03-31T22:00:00Z
17,155,Imotski,1337,1363,2700,169,98,267,13,8,21,27,14,41,130,180,310,0,0,0,9,9,18,1685,1672,3357,2022-03-31T22:00:00Z
17,171,Jelsa,343,345,688,89,23,112,33,13,46,11,1,12,102,49,151,0,0,0,13,7,20,591,438,1029,2022-03-31T22:00:00Z
17,181,Kaštela,3491,3819,7310,496,244,740,22,15,37,147,36,183,523,545,1068,0,0,0,61,37,98,4740,4696,9436,2022-03-31T22:00:00Z
17,192,Klis,232,191,423,31,6,37,9,3,12,19,2,21,52,29,81,0,0,0,0,2,2,343,233,576,2022-03-31T22:00:00Z
17,197,Komiža,137,138,275,62,14,76,5,0,5,5,2,7,33,28,61,0,0,0,4,9,13,246,191,437,2022-03-31T22:00:00Z
17,243,Lovreć,134,97,231,15,7,22,4,0,4,1,0,1,23,13,36,0,0,0,2,2,4,179,119,298,2022-03-31T22:00:00Z
17,249,Makarska,2521,2558,5079,262,164,426,2,1,3,46,30,76,352,337,689,0,0,0,20,21,41,3203,3111,6314,2022-03-31T22:00:00Z
17,258,Marina,207,258,465,58,22,80,4,5,9,13,1,14,40,45,85,1,0,1,2,0,2,325,331,656,2022-03-31T22:00:00Z
17,267,Milna,89,81,170,26,5,31,7,1,8,5,0,5,21,23,44,0,0,0,2,3,5,150,113,263,2022-03-31T22:00:00Z
17,27,Bol,301,389,690,53,16,69,3,2,5,4,2,6,64,24,88,0,0,0,4,5,9,429,438,867,2022-03-31T22:00:00Z
17,280,Nerežišća,148,58,206,19,2,21,3,3,6,1,0,1,29,21,50,0,0,0,1,0,1,201,84,285,2022-03-31T22:00:00Z
17,300,Omiš,1479,1705,3184,218,85,303,12,5,17,41,17,58,305,273,578,0,0,0,5,10,15,2060,2095,4155,2022-03-31T22:00:00Z
17,314,Otok,188,205,393,56,22,78,10,0,10,3,1,4,77,52,129,0,0,0,0,1,1,334,281,615,2022-03-31T22:00:00Z
17,337,Podbablje,284,175,459,33,4,37,5,0,5,2,1,3,15,32,47,0,0,0,0,2,2,339,214,553,2022-03-31T22:00:00Z
17,339,Podgora,284,233,517,45,15,60,1,1,2,1,0,1,32,21,53,0,0,0,8,4,12,371,274,645,2022-03-31T22:00:00Z
17,341,Podstrana,802,742,1544,64,21,85,16,3,19,41,3,44,70,91,161,0,0,0,4,4,8,997,864,1861,2022-03-31T22:00:00Z
17,350,Postira,281,241,522,36,19,55,10,2,12,2,3,5,11,12,23,0,0,0,3,1,4,343,278,621,2022-03-31T22:00:00Z
17,358,Pučišća,223,130,353,48,6,54,8,5,13,4,0,4,36,10,46,0,0,0,5,1,6,324,152,476,2022-03-31T22:00:00Z
17,382,Seget,494,418,912,38,8,46,8,3,11,8,3,11,171,78,249,0,0,0,6,9,15,725,519,1244,2022-03-31T22:00:00Z
17,383,Selca,137,119,256,43,15,58,9,4,13,6,1,7,62,24,86,0,0,0,1,2,3,258,165,423,2022-03-31T22:00:00Z
17,389,Sinj,1961,2017,3978,301,145,446,55,20,75,42,42,84,314,390,704,0,0,0,10,14,24,2683,2628,5311,2022-03-31T22:00:00Z
17,406,Solin,3564,3078,6642,261,143,404,12,6,18,126,38,164,300,280,580,0,0,0,9,8,17,4272,3553,7825,2022-03-31T22:00:00Z
17,409,Split,35384,38657,74041,1548,1117,2665,68,43,111,2276,450,2726,1541,2172,3713,5,1,6,134,168,302,40956,42608,83564,2022-03-31T22:00:00Z
17,413,Stari Grad,346,347,693,64,22,86,21,15,36,6,4,10,50,35,85,0,0,0,14,14,28,501,437,938,2022-03-31T22:00:00Z
17,423,Sućuraj,24,22,46,21,2,23,4,2,6,0,0,0,10,6,16,0,0,0,0,1,1,59,33,92,2022-03-31T22:00:00Z
17,427,Supetar,633,807,1440,115,63,178,17,6,23,25,9,34,125,143,268,0,0,0,8,3,11,923,1031,1954,2022-03-31T22:00:00Z
17,443,Šestanovac,141,157,298,30,7,37,11,1,12,0,2,2,18,25,43,0,0,0,3,0,3,203,192,395,2022-03-31T22:00:00Z
17,447,Šolta,181,133,314,13,10,23,9,5,14,12,0,12,12,17,29,0,0,0,3,3,6,230,168,398,2022-03-31T22:00:00Z
17,460,Trilj,488,615,1103,132,32,164,18,7,25,12,2,14,104,123,227,0,0,0,0,4,4,754,783,1537,2022-03-31T22:00:00Z
17,463,Trogir,1860,1938,3798,323,161,484,15,5,20,67,37,104,358,462,820,0,0,0,17,26,43,2640,2629,5269,2022-03-31T22:00:00Z
17,492,Vis,241,255,496,41,12,53,16,4,20,7,3,10,39,28,67,0,0,0,16,12,28,360,314,674,2022-03-31T22:00:00Z
17,50,Cista Provo,122,162,284,25,3,28,7,0,7,1,0,1,8,10,18,0,0,0,1,3,4,164,178,342,2022-03-31T22:00:00Z
17,511,Vrgorac,977,691,1668,51,24,75,26,14,40,5,5,10,52,78,130,0,0,0,1,4,5,1112,816,1928,2022-03-31T22:00:00Z
17,513,Vrlika,88,223,311,15,3,18,13,5,18,2,0,2,28,3,31,0,0,0,1,0,1,147,234,381,2022-03-31T22:00:00Z
17,522,Zagvozd,125,76,201,17,2,19,2,0,2,1,0,1,14,9,23,0,0,0,0,0,0,159,87,246,2022-03-31T22:00:00Z
17,528,Zmijavci,96,108,204,7,3,10,1,1,2,2,0,2,31,12,43,0,0,0,1,1,2,138,125,263,2022-03-31T22:00:00Z
17,585,Dugopolje,1561,847,2408,37,11,48,5,4,9,15,2,17,58,27,85,0,0,0,0,0,0,1676,891,2567,2022-03-31T22:00:00Z
17,586,Lećevica,15,41,56,5,0,5,1,1,2,1,0,1,2,0,2,0,0,0,1,0,1,25,42,67,2022-03-31T22:00:00Z
17,587,Lokvičići,35,28,63,2,0,2,2,0,2,0,0,0,2,2,4,0,0,0,1,0,1,42,30,72,2022-03-31T22:00:00Z
17,588,Okrug,136,215,351,31,9,40,1,0,1,16,5,21,114,34,148,0,0,0,6,10,16,304,273,577,2022-03-31T22:00:00Z
17,589,Prgomet,35,37,72,7,0,7,1,1,2,1,0,1,2,1,3,0,0,0,1,0,1,47,39,86,2022-03-31T22:00:00Z
17,590,Primorski Dolac,15,58,73,4,1,5,1,2,3,1,1,2,2,3,5,0,0,0,0,0,0,23,65,88,2022-03-31T22:00:00Z
17,591,Runovići,67,63,130,12,1,13,0,1,1,0,2,2,24,34,58,0,0,0,0,1,1,103,102,205,2022-03-31T22:00:00Z
17,592,Sutivan,106,83,189,12,5,17,4,1,5,8,1,9,22,11,33,0,0,0,0,1,1,152,102,254,2022-03-31T22:00:00Z
17,593,Tučepi,240,266,506,28,16,44,0,1,1,3,3,6,48,30,78,0,0,0,1,0,1,320,316,636,2022-03-31T22:00:00Z
17,595,Zadvarje,27,26,53,6,1,7,1,1,2,0,0,0,15,7,22,0,0,0,0,1,1,49,36,85,2022-03-31T22:00:00Z
17,72,Dicmo,444,191,635,33,17,50,4,2,6,3,1,4,33,36,69,0,0,0,0,2,2,517,249,766,2022-03-31T22:00:00Z
17,77,Brela,202,212,414,26,12,38,0,1,1,2,1,3,17,27,44,0,0,0,2,5,7,249,258,507,2022-03-31T22:00:00Z
17,87,Muć,189,222,411,19,3,22,2,4,6,4,4,8,12,11,23,0,0,0,1,1,2,227,245,472,2022-03-31T22:00:00Z
17,88,Proložac,196,186,382,15,5,20,2,4,6,0,0,0,36,18,54,0,0,0,3,1,4,252,214,466,2022-03-31T22:00:00Z
17,9,Baška Voda,237,277,514,55,26,81,1,0,1,4,2,6,63,56,119,0,0,0,3,7,10,363,368,731,2022-03-31T22:00:00Z
18,132,Gračišće,44,27,71,28,5,33,10,3,13,0,0,0,36,11,47,0,0,0,0,0,0,118,46,164,2022-03-31T22:00:00Z
18,138,Grožnjan,23,23,46,15,4,19,13,5,18,0,0,0,16,16,32,0,0,0,0,2,2,67,50,117,2022-03-31T22:00:00Z
18,175,Kanfanar,537,216,753,28,6,34,4,0,4,1,0,1,21,21,42,0,0,0,2,2,4,593,245,838,2022-03-31T22:00:00Z
18,217,Kršan,314,295,609,51,14,65,7,3,10,4,0,4,114,56,170,0,0,0,2,5,7,492,373,865,2022-03-31T22:00:00Z
18,222,Labin,2798,2621,5419,255,122,377,17,10,27,24,36,60,288,237,525,0,0,0,11,8,19,3393,3034,6427,2022-03-31T22:00:00Z
18,223,Lanišće,14,13,27,4,0,4,2,0,2,0,0,0,8,2,10,0,0,0,1,1,2,29,16,45,2022-03-31T22:00:00Z
18,235,Ližnjan,156,124,280,10,4,14,2,0,2,3,0,3,25,32,57,0,0,0,1,12,13,197,172,369,2022-03-31T22:00:00Z
18,246,Lupoglav,192,105,297,12,4,16,5,2,7,0,1,1,14,13,27,0,0,0,0,0,0,223,125,348,2022-03-31T22:00:00Z
18,254,Marčana,156,194,350,37,13,50,4,2,6,4,1,5,49,27,76,0,0,0,2,1,3,252,238,490,2022-03-31T22:00:00Z
18,263,Medulin,705,686,1391,78,41,119,5,2,7,8,6,14,114,131,245,0,0,0,1,3,4,911,869,1780,2022-03-31T22:00:00Z
18,274,Motovun,103,116,219,35,15,50,21,7,28,1,1,2,52,34,86,0,0,0,0,3,3,212,176,388,2022-03-31T22:00:00Z
18,291,Novigrad,867,1040,1907,132,54,186,15,4,19,3,9,12,148,124,272,0,0,0,3,15,18,1168,1246,2414,2022-03-31T22:00:00Z
18,304,Oprtalj,71,80,151,11,6,17,14,1,15,0,0,0,9,11,20,0,0,0,3,2,5,108,100,208,2022-03-31T22:00:00Z
18,321,Pazin,1968,1973,3941,311,124,435,53,26,79,17,20,37,306,206,512,0,0,0,3,12,15,2658,2361,5019,2022-03-31T22:00:00Z
18,330,Pićan,341,159,500,33,8,41,1,5,6,2,1,3,55,17,72,0,0,0,1,1,2,433,191,624,2022-03-31T22:00:00Z
18,348,Poreč,5274,5281,10555,658,335,993,45,19,64,55,50,105,633,578,1211,0,0,0,14,11,25,6679,6274,12953,2022-03-31T22:00:00Z
18,359,Pula,12977,12744,25721,1241,670,1911,72,46,118,289,167,456,935,1101,2036,0,0,0,73,60,133,15587,14788,30375,2022-03-31T22:00:00Z
18,368,Raša,270,149,419,29,9,38,1,0,1,1,1,2,48,27,75,0,0,0,2,0,2,351,186,537,2022-03-31T22:00:00Z
18,374,Rovinj,3145,3547,6692,413,224,637,30,14,44,32,35,67,545,433,978,1,0,1,18,40,58,4184,4293,8477,2022-03-31T22:00:00Z
18,40,Brtonigla,155,97,252,41,11,52,23,9,32,1,1,2,45,51,96,0,0,0,0,1,1,265,170,435,2022-03-31T22:00:00Z
18,42,Buje,779,790,1569,98,49,147,30,14,44,7,8,15,62,66,128,0,0,0,1,2,3,977,929,1906,2022-03-31T22:00:00Z
18,43,Buzet,1532,1062,2594,171,65,236,25,13,38,5,4,9,122,110,232,0,0,0,9,6,15,1864,1260,3124,2022-03-31T22:00:00Z
18,431,Sveti Lovreč,51,50,101,20,9,29,3,0,3,0,1,1,41,20,61,0,0,0,0,1,1,115,81,196,2022-03-31T22:00:00Z
18,432,Sveta Nedelja,163,153,316,25,6,31,6,3,9,4,0,4,45,17,62,0,0,0,5,4,9,248,183,431,2022-03-31T22:00:00Z
18,433,Sveti Petar U Šumi,161,119,280,21,4,25,2,3,5,0,0,0,15,6,21,0,0,0,1,1,2,200,133,333,2022-03-31T22:00:00Z
18,435,Svetvinčenat,141,114,255,19,6,25,2,0,2,0,1,1,25,21,46,0,0,0,0,0,0,187,142,329,2022-03-31T22:00:00Z
18,453,Tinjan,193,109,302,36,8,44,6,1,7,1,3,4,54,35,89,0,0,0,1,1,2,291,157,448,2022-03-31T22:00:00Z
18,468,Umag,2876,2593,5469,384,166,550,28,15,43,31,33,64,324,353,677,0,0,0,14,22,36,3657,3182,6839,2022-03-31T22:00:00Z
18,47,Cerovlje,106,54,160,35,3,38,4,5,9,1,0,1,28,20,48,0,0,0,0,1,1,174,83,257,2022-03-31T22:00:00Z
18,497,Višnjan,293,252,545,45,11,56,11,3,14,1,1,2,94,40,134,0,0,0,2,1,3,446,308,754,2022-03-31T22:00:00Z
18,498,Vižinada,80,48,128,25,7,32,16,7,23,1,0,1,33,32,65,0,0,0,0,0,0,155,94,249,2022-03-31T22:00:00Z
18,5,Bale,150,125,275,22,21,43,2,2,4,0,0,0,42,19,61,0,0,0,1,1,2,217,168,385,2022-03-31T22:00:00Z
18,502,Vodnjan,825,617,1442,44,24,68,10,2,12,7,3,10,71,49,120,0,1,1,0,0,0,957,696,1653,2022-03-31T22:00:00Z
18,516,Vrsar,388,425,813,86,33,119,3,0,3,6,1,7,134,136,270,0,0,0,6,7,13,623,602,1225,2022-03-31T22:00:00Z
18,531,Žminj,470,425,895,101,46,147,13,7,20,2,5,7,92,83,175,0,0,0,3,0,3,681,566,1247,2022-03-31T22:00:00Z
18,596,Karojba,124,140,264,33,7,40,2,1,3,0,0,0,44,10,54,0,1,1,0,0,0,203,159,362,2022-03-31T22:00:00Z
18,597,Kaštelir - Labinci,168,82,250,34,13,47,7,3,10,1,0,1,50,15,65,0,0,0,2,3,5,262,116,378,2022-03-31T22:00:00Z
18,6,Barban,254,107,361,39,5,44,11,5,16,0,1,1,27,25,52,0,0,0,2,1,3,333,144,477,2022-03-31T22:00:00Z
18,619,Fažana,310,256,566,28,13,41,1,1,2,5,4,9,38,32,70,0,0,0,0,2,2,382,308,690,2022-03-31T22:00:00Z
18,629,Funtana,159,174,333,19,13,32,1,1,2,0,0,0,40,54,94,0,0,0,3,3,6,222,245,467,2022-03-31T22:00:00Z
18,631,Tar-Vabriga,180,270,450,45,18,63,2,0,2,0,0,0,62,60,122,0,0,0,0,1,1,289,349,638,2022-03-31T22:00:00Z
19,198,Konavle,1401,1121,2522,192,72,264,20,9,29,37,7,44,88,113,201,0,0,0,10,11,21,1748,1333,3081,2022-03-31T22:00:00Z
19,204,Korčula,679,873,1552,123,55,178,15,7,22,95,10,105,104,96,200,0,0,0,31,35,66,1047,1076,2123,2022-03-31T22:00:00Z
19,219,Kula Norinska,39,36,75,10,1,11,1,0,1,0,0,0,5,6,11,0,0,0,0,0,0,55,43,98,2022-03-31T22:00:00Z
19,226,Lastovo,66,92,158,30,9,39,2,1,3,5,0,5,10,6,16,0,0,0,3,5,8,116,113,229,2022-03-31T22:00:00Z
19,25,Blato,559,411,970,60,18,78,17,5,22,8,7,15,161,47,208,0,0,0,8,5,13,813,493,1306,2022-03-31T22:00:00Z
19,264,Metković,2074,1719,3793,188,114,302,35,21,56,44,17,61,318,274,592,0,0,0,7,11,18,2666,2156,4822,2022-03-31T22:00:00Z
19,268,Mljet,181,96,277,21,8,29,3,0,3,0,2,2,7,14,21,0,0,0,4,2,6,216,122,338,2022-03-31T22:00:00Z
19,306,Opuzen,436,370,806,30,17,47,51,23,74,4,1,5,28,65,93,0,0,0,1,0,1,550,476,1026,2022-03-31T22:00:00Z
19,308,Orebić,392,389,781,69,42,111,31,8,39,33,6,39,82,68,150,0,0,0,10,20,30,617,533,1150,2022-03-31T22:00:00Z
19,335,Ploče,1338,912,2250,82,44,126,26,10,36,30,6,36,90,126,216,0,0,0,1,1,2,1567,1099,2666,2022-03-31T22:00:00Z
19,343,Pojezerje,24,32,56,4,2,6,8,0,8,0,0,0,2,4,6,0,0,0,0,0,0,38,38,76,2022-03-31T22:00:00Z
19,399,Slivno,196,40,236,10,5,15,15,5,20,2,0,2,8,10,18,0,0,0,1,0,1,232,60,292,2022-03-31T22:00:00Z
19,402,Smokvica,28,73,101,13,4,17,18,4,22,6,0,6,31,7,38,0,0,0,3,0,3,99,88,187,2022-03-31T22:00:00Z
19,419,Ston,499,226,725,52,12,64,24,6,30,9,1,10,44,25,69,0,0,0,1,5,6,629,275,904,2022-03-31T22:00:00Z
19,474,Vela Luka,288,499,787,56,20,76,8,2,10,40,4,44,75,48,123,0,0,0,6,8,14,473,581,1054,2022-03-31T22:00:00Z
19,523,Zažablje,12,7,19,3,0,3,4,2,6,1,0,1,13,2,15,0,0,0,0,0,0,33,11,44,2022-03-31T22:00:00Z
19,598,Dubrovačko Primorje,157,111,268,23,6,29,4,5,9,10,2,12,43,22,65,0,0,0,1,3,4,238,149,387,2022-03-31T22:00:00Z
19,599,Janjina,77,61,138,10,3,13,10,2,12,1,1,2,10,6,16,0,0,0,3,1,4,111,74,185,2022-03-31T22:00:00Z
19,600,Lumbarda,50,57,107,39,14,53,10,2,12,7,1,8,23,12,35,0,0,0,7,6,13,136,92,228,2022-03-31T22:00:00Z
19,601,Trpanj,59,53,112,12,4,16,2,1,3,5,1,6,18,7,25,0,0,0,2,3,5,98,69,167,2022-03-31T22:00:00Z
19,602,Župa Dubrovačka,719,743,1462,115,61,176,5,5,10,63,2,65,78,83,161,0,0,0,7,4,11,987,898,1885,2022-03-31T22:00:00Z
19,98,Dubrovnik,10701,11263,21964,744,385,1129,29,17,46,516,76,592,610,660,1270,1,1,2,51,72,123,12652,12474,25126,2022-03-31T22:00:00Z
20,123,Goričan,328,154,482,8,4,12,8,2,10,0,2,2,9,13,22,0,0,0,0,0,0,353,175,528,2022-03-31T22:00:00Z
20,15,Belica,215,212,427,29,15,44,59,37,96,1,1,2,26,36,62,0,0,0,1,1,2,331,302,633,2022-03-31T22:00:00Z
20,206,Kotoriba,498,269,767,9,4,13,6,0,6,0,5,5,13,13,26,0,0,0,0,0,0,526,291,817,2022-03-31T22:00:00Z
20,250,Mala Subotica,507,1035,1542,25,18,43,37,15,52,2,6,8,24,29,53,0,0,0,0,3,3,595,1106,1701,2022-03-31T22:00:00Z
20,276,Mursko Središće,743,777,1520,47,25,72,15,6,21,3,6,9,47,54,101,0,0,0,1,1,2,856,869,1725,2022-03-31T22:00:00Z
20,279,Nedelišće,1405,812,2217,97,42,139,39,21,60,2,7,9,142,69,211,0,0,0,0,4,4,1685,955,2640,2022-03-31T22:00:00Z
20,342,Podturen,215,115,330,20,8,28,17,13,30,1,2,3,48,33,81,0,0,0,0,3,3,301,174,475,2022-03-31T22:00:00Z
20,355,Prelog,2419,1701,4120,63,19,82,51,31,82,9,10,19,73,62,135,0,0,0,3,4,7,2618,1827,4445,2022-03-31T22:00:00Z
20,385,Selnica,156,151,307,11,10,21,8,4,12,1,1,2,16,16,32,0,0,0,0,0,0,192,182,374,2022-03-31T22:00:00Z
20,440,Sveti Juraj Na Bregu,271,204,475,28,15,43,14,8,22,1,2,3,35,48,83,0,0,0,0,1,1,349,278,627,2022-03-31T22:00:00Z
20,441,Sveti Martin Na Muri,569,351,920,17,10,27,9,4,13,0,3,3,32,35,67,0,0,0,1,0,1,628,403,1031,2022-03-31T22:00:00Z
20,452,Štrigova,334,208,542,25,10,35,35,24,59,2,1,3,62,63,125,0,0,0,0,2,2,458,308,766,2022-03-31T22:00:00Z
20,504,Vratišinec,153,100,253,8,3,11,10,3,13,1,1,2,6,6,12,0,0,0,1,2,3,179,115,294,2022-03-31T22:00:00Z
20,60,Čakovec,9894,9042,18936,265,134,399,62,23,85,36,61,97,271,355,626,0,0,0,7,14,21,10535,9629,20164,2022-03-31T22:00:00Z
20,603,Dekanovec,91,79,170,4,2,6,5,5,10,0,1,1,5,2,7,0,0,0,0,1,1,105,90,195,2022-03-31T22:00:00Z
20,604,Gornji Mihaljevec,146,61,207,13,2,15,24,8,32,2,2,4,22,14,36,0,0,0,1,1,2,208,88,296,2022-03-31T22:00:00Z
20,605,Orehovica,129,137,266,17,3,20,30,11,41,1,2,3,47,21,68,0,0,0,0,3,3,224,177,401,2022-03-31T22:00:00Z
20,606,Strahoninec,266,164,430,12,4,16,3,2,5,0,1,1,37,13,50,0,0,0,0,2,2,318,186,504,2022-03-31T22:00:00Z
20,607,Sveta Marija,59,90,149,12,3,15,6,0,6,1,1,2,24,8,32,0,0,0,0,1,1,102,103,205,2022-03-31T22:00:00Z
20,608,Šenkovec,554,257,811,18,10,28,2,1,3,0,1,1,30,26,56,0,0,0,2,2,4,606,297,903,2022-03-31T22:00:00Z
20,620,Pribislavec,428,267,695,12,6,18,2,1,3,2,1,3,15,12,27,0,0,0,0,0,0,459,287,746,2022-03-31T22:00:00Z
20,75,Domašinec,252,106,358,8,9,17,19,17,36,0,1,1,17,13,30,0,0,0,2,2,4,298,148,446,2022-03-31T22:00:00Z
20,78,Donja Dubrava,200,216,416,13,5,18,5,3,8,0,1,1,12,10,22,0,0,0,0,0,0,230,235,465,2022-03-31T22:00:00Z
20,82,Donji Kraljevec,1346,640,1986,40,11,51,53,20,73,3,6,9,91,127,218,0,0,0,3,8,11,1536,812,2348,2022-03-31T22:00:00Z
20,89,Donji Vidovec,51,81,132,4,1,5,2,0,2,1,1,2,3,15,18,0,0,0,0,0,0,61,98,159,2022-03-31T22:00:00Z
21,133,Zagreb,230631,210159,440790,7956,5608,13564,302,189,491,2237,2095,4332,5449,6960,12409,17,6,23,349,534,883,246941,225551,472492,2022-03-31T22:00:00Z
01,101,Dugo Selo,2956,2020,4976,229,107,336,25,23,48,28,28,56,260,247,507,0,0,0,7,18,25,3505,2443,5948,2022-04-30T22:00:00Z
01,114,Farkaševac,156,223,379,7,3,10,28,10,38,0,2,2,36,18,54,0,0,0,1,0,1,228,256,484,2022-04-30T22:00:00Z
01,135,Gradec,146,129,275,14,1,15,12,7,19,0,1,1,40,17,57,0,0,0,0,1,1,212,156,368,2022-04-30T22:00:00Z
01,158,Ivanić-Grad,3011,1690,4701,100,75,175,52,35,87,8,19,27,148,185,333,1,0,1,5,10,15,3325,2014,5339,2022-04-30T22:00:00Z
01,163,Jakovlje,333,253,586,39,8,47,10,10,20,3,0,3,38,32,70,0,0,0,1,0,1,424,303,727,2022-04-30T22:00:00Z
01,169,Jastrebarsko,2323,1691,4014,228,113,341,52,38,90,17,19,36,249,241,490,0,0,0,4,8,12,2873,2110,4983,2022-04-30T22:00:00Z
01,190,Klinča Selo,214,182,396,38,7,45,6,3,9,0,0,0,68,48,116,0,0,0,0,0,0,326,240,566,2022-04-30T22:00:00Z
01,193,Kloštar Ivanić,370,310,680,25,7,32,20,5,25,3,9,12,53,39,92,1,0,1,4,3,7,476,373,849,2022-04-30T22:00:00Z
01,213,Križ,612,421,1033,25,22,47,20,12,32,5,6,11,24,58,82,0,0,0,2,2,4,688,521,1209,2022-04-30T22:00:00Z
01,33,Brckovljani,314,341,655,8,5,13,0,0,0,3,2,5,25,20,45,0,0,0,0,0,0,350,368,718,2022-04-30T22:00:00Z
01,331,Pisarovina,383,316,699,27,26,53,24,18,42,1,2,3,26,33,59,0,0,0,3,3,6,464,398,862,2022-04-30T22:00:00Z
01,34,Brdovec,861,752,1613,95,36,131,16,6,22,3,6,9,88,63,151,0,0,0,6,2,8,1069,865,1934,2022-04-30T22:00:00Z
01,356,Preseka,16,9,25,5,2,7,12,11,23,0,1,1,16,6,22,0,0,0,1,0,1,50,29,79,2022-04-30T22:00:00Z
01,362,Pušča,144,203,347,27,12,39,7,2,9,1,3,4,57,26,83,0,0,0,0,0,0,236,246,482,2022-04-30T22:00:00Z
01,376,Rugvica,1327,490,1817,8,4,12,3,2,5,1,2,3,18,20,38,0,0,0,0,0,0,1357,518,1875,2022-04-30T22:00:00Z
01,380,Samobor,5506,3887,9393,514,312,826,24,22,46,42,69,111,497,473,970,0,1,1,31,26,57,6614,4790,11404,2022-04-30T22:00:00Z
01,429,Sveti Ivan Zelina,2434,1983,4417,170,66,236,65,50,115,15,22,37,259,215,474,0,0,0,6,2,8,2949,2338,5287,2022-04-30T22:00:00Z
01,436,Sveta Nedjelja,5564,3411,8975,231,93,324,6,5,11,8,12,20,365,192,557,0,0,0,8,7,15,6182,3720,9902,2022-04-30T22:00:00Z
01,508,Vrbovec,2173,2040,4213,161,70,231,77,32,109,6,18,24,290,159,449,0,0,0,5,10,15,2712,2329,5041,2022-04-30T22:00:00Z
01,533,Krašić,269,187,456,27,8,35,13,10,23,2,2,4,25,23,48,0,0,0,2,1,3,338,231,569,2022-04-30T22:00:00Z
01,536,Rakovec,32,20,52,10,2,12,10,4,14,0,1,1,20,11,31,0,0,0,0,0,0,72,38,110,2022-04-30T22:00:00Z
01,539,Marija Gorica,74,97,171,14,3,17,0,0,0,1,1,2,16,20,36,0,0,0,0,0,0,105,121,226,2022-04-30T22:00:00Z
01,540,Žumberak,17,21,38,5,2,7,6,4,10,0,0,0,3,7,10,0,0,0,0,0,0,31,34,65,2022-04-30T22:00:00Z
01,541,Velika Gorica,8036,6275,14311,631,358,989,65,29,94,59,61,120,590,519,1109,0,0,0,18,23,41,9399,7265,16664,2022-04-30T22:00:00Z
01,542,Orle,41,26,67,16,0,16,8,4,12,0,0,0,13,3,16,0,0,0,0,0,0,78,33,111,2022-04-30T22:00:00Z
01,543,Zaprešić,3329,3009,6338,214,144,358,12,9,21,33,42,75,248,233,481,0,0,0,10,15,25,3846,3452,7298,2022-04-30T22:00:00Z
01,544,Pokupsko,44,56,100,11,6,17,13,5,18,0,0,0,8,9,17,0,0,0,0,0,0,76,76,152,2022-04-30T22:00:00Z
01,545,Kravarsko,117,110,227,34,11,45,5,6,11,0,0,0,73,15,88,0,0,0,1,1,2,230,143,373,2022-04-30T22:00:00Z
01,547,Bistra,365,517,882,50,19,69,7,5,12,2,7,9,55,42,97,1,0,1,0,2,2,480,592,1072,2022-04-30T22:00:00Z
01,548,Luka,258,101,359,15,2,17,2,3,5,1,1,2,22,19,41,0,0,0,0,0,0,298,126,424,2022-04-30T22:00:00Z
01,549,Dubravica,67,42,109,15,0,15,14,6,20,0,0,0,13,17,30,0,0,0,0,0,0,109,65,174,2022-04-30T22:00:00Z
01,550,Bedenica,211,155,366,13,4,17,5,5,10,1,1,2,13,8,21,0,0,0,0,0,0,243,173,416,2022-04-30T22:00:00Z
01,551,Stupnik,1444,544,1988,30,16,46,0,3,3,2,1,3,19,24,43,0,0,0,1,0,1,1496,588,2084,2022-04-30T22:00:00Z
01,97,Dubrava,309,327,636,45,17,62,67,43,110,6,13,19,71,69,140,0,0,0,2,5,7,500,474,974,2022-04-30T22:00:00Z
02,108,Đurmanec,115,143,258,59,16,75,1,2,3,3,1,4,110,91,201,0,0,0,2,1,3,290,254,544,2022-04-30T22:00:00Z
02,11,Bedekovčina,511,777,1288,88,40,128,7,6,13,8,8,16,125,106,231,0,0,0,3,2,5,742,939,1681,2022-04-30T22:00:00Z
02,125,Gornja Stubica,219,282,501,52,15,67,8,6,14,1,1,2,73,50,123,0,0,0,3,0,3,356,354,710,2022-04-30T22:00:00Z
02,146,Hraščina,49,45,94,8,2,10,2,3,5,0,1,1,4,6,10,0,0,0,0,0,0,63,57,120,2022-04-30T22:00:00Z
02,152,Hum Na Sutli,1538,655,2193,54,28,82,5,0,5,1,7,8,257,80,337,0,0,0,2,3,5,1857,773,2630,2022-04-30T22:00:00Z
02,187,Klanjec,286,255,541,70,26,96,11,9,20,5,1,6,72,49,121,0,0,0,2,2,4,446,342,788,2022-04-30T22:00:00Z
02,200,Konjščina,448,411,859,32,14,46,3,1,4,1,2,3,39,33,72,0,0,0,0,1,1,523,462,985,2022-04-30T22:00:00Z
02,208,Kraljevec Na Sutli,66,49,115,13,6,19,3,1,4,0,0,0,15,6,21,0,0,0,0,1,1,97,63,160,2022-04-30T22:00:00Z
02,211,Krapina,2820,2330,5150,175,93,268,8,5,13,15,16,31,196,173,369,0,0,0,1,4,5,3215,2621,5836,2022-04-30T22:00:00Z
02,212,Krapinske Toplice,588,1169,1757,68,36,104,5,6,11,0,5,5,105,70,175,0,0,0,1,0,1,767,1286,2053,2022-04-30T22:00:00Z
02,236,Lobor,163,239,402,23,8,31,3,3,6,0,0,0,35,15,50,0,0,0,1,2,3,225,267,492,2022-04-30T22:00:00Z
02,248,Mače,104,71,175,30,7,37,4,4,8,1,0,1,58,30,88,0,0,0,0,1,1,197,113,310,2022-04-30T22:00:00Z
02,256,Marija Bistrica,339,349,688,67,42,109,13,6,19,1,5,6,69,74,143,0,0,0,3,2,5,492,478,970,2022-04-30T22:00:00Z
02,265,Mihovljan,96,115,211,30,7,37,3,0,3,0,0,0,72,16,88,0,0,0,1,1,2,202,139,341,2022-04-30T22:00:00Z
02,311,Oroslavje,908,817,1725,73,36,109,10,2,12,6,7,13,91,56,147,0,0,0,3,3,6,1091,921,2012,2022-04-30T22:00:00Z
02,329,Petrovsko,81,50,131,17,3,20,1,0,1,5,0,5,59,10,69,0,0,0,1,0,1,164,63,227,2022-04-30T22:00:00Z
02,352,Pregrada,802,886,1688,111,31,142,3,5,8,6,6,12,157,99,256,0,0,0,2,0,2,1081,1027,2108,2022-04-30T22:00:00Z
02,364,Radoboj,145,97,242,17,11,28,2,1,3,1,2,3,56,24,80,0,0,0,0,0,0,221,135,356,2022-04-30T22:00:00Z
02,41,Budinščina,191,179,370,15,5,20,6,1,7,1,2,3,19,12,31,0,0,0,2,1,3,234,200,434,2022-04-30T22:00:00Z
02,422,Stubičke Toplice,257,419,676,32,18,50,0,2,2,3,5,8,62,30,92,0,0,0,1,0,1,355,474,829,2022-04-30T22:00:00Z
02,430,Sveti Križ Začretje,701,819,1520,75,23,98,10,4,14,1,4,5,145,100,245,0,0,0,4,3,7,936,953,1889,2022-04-30T22:00:00Z
02,466,Tuhelj,142,208,350,19,10,29,5,1,6,1,2,3,37,38,75,0,0,0,0,0,0,204,259,463,2022-04-30T22:00:00Z
02,481,Veliko Trgovišće,567,391,958,52,17,69,3,5,8,2,5,7,109,59,168,0,0,0,3,1,4,736,478,1214,2022-04-30T22:00:00Z
02,519,Zabok,2813,2847,5660,143,83,226,5,3,8,14,15,29,185,332,517,0,0,0,2,3,5,3162,3283,6445,2022-04-30T22:00:00Z
02,521,Zagorska Sela,8,54,62,7,1,8,6,2,8,0,1,1,16,5,21,0,0,0,0,0,0,37,63,100,2022-04-30T22:00:00Z
02,526,Zlatar,540,671,1211,99,44,143,24,14,38,8,7,15,111,86,197,0,0,0,2,1,3,784,823,1607,2022-04-30T22:00:00Z
02,527,Zlatar Bistrica,320,548,868,29,9,38,4,2,6,4,0,4,76,48,124,0,0,0,3,2,5,436,609,1045,2022-04-30T22:00:00Z
02,552,Jesenje,71,67,138,11,1,12,0,0,0,0,0,0,48,9,57,0,0,0,0,0,0,130,77,207,2022-04-30T22:00:00Z
02,553,Kumrovec,86,91,177,17,3,20,2,0,2,3,1,4,21,20,41,0,0,0,0,0,0,129,115,244,2022-04-30T22:00:00Z
02,554,Novi Golubovec,139,55,194,2,2,4,1,0,1,0,0,0,5,2,7,0,0,0,0,0,0,147,59,206,2022-04-30T22:00:00Z
02,70,Desinić,129,285,414,30,7,37,9,2,11,2,1,3,50,34,84,0,0,0,0,1,1,220,330,550,2022-04-30T22:00:00Z
02,79,Donja Stubica,905,810,1715,95,50,145,4,4,8,7,3,10,87,51,138,0,0,0,1,1,2,1099,919,2018,2022-04-30T22:00:00Z
03,102,Dvor,288,132,420,16,6,22,62,22,84,0,3,3,11,13,24,0,0,0,1,2,3,378,178,556,2022-04-30T22:00:00Z
03,121,Glina,1140,662,1802,41,23,64,58,27,85,4,10,14,62,71,133,0,0,0,0,0,0,1305,793,2098,2022-04-30T22:00:00Z
03,149,Hrvatska Dubica,78,69,147,9,2,11,11,3,14,0,0,0,3,6,9,0,0,0,0,0,0,101,80,181,2022-04-30T22:00:00Z
03,150,Hrvatska Kostajnica,420,309,729,19,9,28,8,2,10,1,3,4,9,20,29,0,0,0,3,0,3,460,343,803,2022-04-30T22:00:00Z
03,168,Jasenovac,134,114,248,13,4,17,13,4,17,0,0,0,16,11,27,0,0,0,0,0,0,176,133,309,2022-04-30T22:00:00Z
03,220,Kutina,3621,2904,6525,168,112,280,45,23,68,38,25,63,214,259,473,1,0,1,9,7,16,4096,3330,7426,2022-04-30T22:00:00Z
03,228,Lekenik,329,293,622,42,8,50,10,7,17,1,2,3,42,33,75,0,0,0,1,1,2,425,344,769,2022-04-30T22:00:00Z
03,232,Lipovljani,264,277,541,24,8,32,12,2,14,1,0,1,34,43,77,0,0,0,0,2,2,335,332,667,2022-04-30T22:00:00Z
03,259,Martinska Ves,137,58,195,9,2,11,29,14,43,3,0,3,45,14,59,0,0,0,0,1,1,223,89,312,2022-04-30T22:00:00Z
03,293,Novska,1340,1016,2356,170,101,271,35,17,52,7,20,27,265,243,508,0,0,0,4,7,11,1821,1404,3225,2022-04-30T22:00:00Z
03,328,Petrinja,1679,1692,3371,240,86,326,66,26,92,10,22,32,306,280,586,0,0,0,6,3,9,2307,2109,4416,2022-04-30T22:00:00Z
03,347,Popovača,872,1042,1914,82,44,126,49,17,66,6,10,16,95,122,217,0,0,0,4,1,5,1108,1236,2344,2022-04-30T22:00:00Z
03,391,Sisak,7052,8158,15210,387,231,618,94,58,152,45,77,122,607,565,1172,0,0,0,15,16,31,8200,9105,17305,2022-04-30T22:00:00Z
03,426,Sunja,198,170,368,25,10,35,50,33,83,1,2,3,19,23,42,0,0,0,1,0,1,294,238,532,2022-04-30T22:00:00Z
03,457,Topusko,229,332,561,13,7,20,5,2,7,3,1,4,34,21,55,0,0,0,0,0,0,284,363,647,2022-04-30T22:00:00Z
03,477,Velika Ludina,118,160,278,11,9,20,15,3,18,0,0,0,29,15,44,0,0,0,1,0,1,174,187,361,2022-04-30T22:00:00Z
03,510,Gvozd,114,85,199,9,4,13,18,4,22,0,0,0,17,15,32,0,0,0,2,1,3,160,109,269,2022-04-30T22:00:00Z
03,555,Majur,142,55,197,1,1,2,4,1,5,0,0,0,2,0,2,0,0,0,0,0,0,149,57,206,2022-04-30T22:00:00Z
03,83,Donji Kukuruzari,42,65,107,5,0,5,6,2,8,0,0,0,2,2,4,0,0,0,1,0,1,56,69,125,2022-04-30T22:00:00Z
04,120,Generalski Stol,39,62,101,22,5,27,1,0,1,0,1,1,24,12,36,0,0,0,0,0,0,86,80,166,2022-04-30T22:00:00Z
04,172,Josipdol,194,166,360,26,16,42,3,9,12,2,1,3,43,53,96,0,0,0,0,0,0,268,245,513,2022-04-30T22:00:00Z
04,179,Karlovac,10521,8940,19461,420,299,719,74,50,124,72,90,162,616,809,1425,0,0,0,17,18,35,11720,10206,21926,2022-04-30T22:00:00Z
04,216,Krnjak,149,75,224,3,2,5,6,4,10,1,0,1,13,3,16,0,0,0,0,0,0,172,84,256,2022-04-30T22:00:00Z
04,225,Lasinja,49,49,98,4,3,7,0,5,5,2,0,2,6,8,14,0,0,0,0,0,0,61,65,126,2022-04-30T22:00:00Z
04,281,Netretić,96,103,199,18,2,20,2,1,3,1,1,2,40,33,73,0,0,0,0,0,0,157,140,297,2022-04-30T22:00:00Z
04,297,Ogulin,1785,1797,3582,139,87,226,43,15,58,8,33,41,145,179,324,0,0,0,6,8,14,2126,2119,4245,2022-04-30T22:00:00Z
04,30,Bosiljevo,96,75,171,3,0,3,0,0,0,1,1,2,25,30,55,0,0,0,0,0,0,125,106,231,2022-04-30T22:00:00Z
04,315,Ozalj,775,632,1407,88,32,120,22,13,35,4,10,14,125,93,218,0,0,0,2,5,7,1016,785,1801,2022-04-30T22:00:00Z
04,333,Plaški,87,55,142,9,4,13,9,2,11,0,0,0,36,32,68,0,0,0,0,0,0,141,93,234,2022-04-30T22:00:00Z
04,365,Rakovica,153,196,349,8,11,19,3,4,7,0,0,0,76,94,170,0,0,0,1,0,1,241,305,546,2022-04-30T22:00:00Z
04,378,Saborsko,11,12,23,1,1,2,1,0,1,0,0,0,6,1,7,0,0,0,0,0,0,19,14,33,2022-04-30T22:00:00Z
04,400,Slunj,341,401,742,49,17,66,35,17,52,3,4,7,120,107,227,0,0,0,3,16,19,551,562,1113,2022-04-30T22:00:00Z
04,49,Cetingrad,69,56,125,5,0,5,2,4,6,0,0,0,10,8,18,0,0,0,0,0,0,86,68,154,2022-04-30T22:00:00Z
04,503,Vojnić,348,244,592,22,14,36,38,12,50,1,0,1,32,29,61,0,0,0,2,1,3,443,300,743,2022-04-30T22:00:00Z
04,530,Žakanje,156,101,257,26,12,38,4,1,5,0,0,0,30,28,58,0,0,0,0,1,1,216,143,359,2022-04-30T22:00:00Z
04,556,Ribnik,6,4,10,11,3,14,1,2,3,0,0,0,6,10,16,0,0,0,0,0,0,24,19,43,2022-04-30T22:00:00Z
04,557,Tounj,65,24,89,5,0,5,0,0,0,0,0,0,5,6,11,0,0,0,0,0,0,75,30,105,2022-04-30T22:00:00Z
04,623,Kamanje,161,108,269,3,2,5,0,0,0,0,0,0,2,5,7,0,0,0,0,0,0,166,115,281,2022-04-30T22:00:00Z
04,7,Barilovići,269,157,426,21,9,30,7,0,7,0,1,1,114,29,143,0,0,0,0,0,0,411,196,607,2022-04-30T22:00:00Z
04,90,Draganić,148,148,296,13,4,17,7,3,10,1,1,2,17,22,39,0,0,0,0,0,0,186,178,364,2022-04-30T22:00:00Z
04,99,Duga Resa,1240,1079,2319,141,73,214,24,19,43,5,18,23,195,216,411,0,0,0,4,9,13,1609,1414,3023,2022-04-30T22:00:00Z
05,12,Bednja,201,179,380,18,7,25,2,5,7,2,1,3,25,17,42,0,0,0,0,0,0,248,209,457,2022-04-30T22:00:00Z
05,129,Gornji Kneginec,586,1011,1597,50,29,79,8,4,12,2,7,9,68,55,123,0,0,0,2,4,6,716,1110,1826,2022-04-30T22:00:00Z
05,151,Breznički Hum,205,145,350,13,4,17,7,5,12,0,1,1,20,13,33,1,0,1,2,5,7,248,173,421,2022-04-30T22:00:00Z
05,156,Ivanec,2123,1836,3959,165,61,226,11,10,21,10,17,27,319,261,580,0,0,0,5,12,17,2633,2197,4830,2022-04-30T22:00:00Z
05,165,Jalžabet,764,1093,1857,21,4,25,11,6,17,0,3,3,38,23,61,0,0,0,0,1,1,834,1130,1964,2022-04-30T22:00:00Z
05,189,Klenovnik,141,57,198,8,4,12,0,1,1,0,0,0,22,25,47,0,0,0,2,0,2,173,87,260,2022-04-30T22:00:00Z
05,19,Beretinec,76,41,117,18,2,20,3,2,5,0,1,1,15,23,38,0,0,0,1,0,1,113,69,182,2022-04-30T22:00:00Z
05,229,Lepoglava,1344,601,1945,63,33,96,5,3,8,1,4,5,96,55,151,0,0,0,2,9,11,1511,705,2216,2022-04-30T22:00:00Z
05,244,Ludbreg,1797,1564,3361,120,62,182,58,34,92,11,13,24,248,188,436,0,0,0,2,6,8,2236,1867,4103,2022-04-30T22:00:00Z
05,247,Ljubešćica,345,160,505,27,7,34,2,0,2,1,3,4,98,23,121,0,0,0,1,0,1,474,193,667,2022-04-30T22:00:00Z
05,251,Mali Bukovec,38,86,124,12,6,18,26,15,41,0,1,1,100,34,134,0,0,0,0,1,1,176,143,319,2022-04-30T22:00:00Z
05,260,Maruševec,374,307,681,58,26,84,23,25,48,3,2,5,115,41,156,0,0,0,3,1,4,576,402,978,2022-04-30T22:00:00Z
05,289,Novi Marof,1192,1219,2411,165,70,235,15,10,25,9,15,24,301,170,471,0,0,0,7,5,12,1689,1489,3178,2022-04-30T22:00:00Z
05,326,Petrijanec,450,736,1186,24,7,31,15,9,24,1,3,4,86,84,170,0,0,0,0,1,1,576,840,1416,2022-04-30T22:00:00Z
05,36,Breznica,150,68,218,17,3,20,4,5,9,1,4,5,34,15,49,0,0,0,0,0,0,206,95,301,2022-04-30T22:00:00Z
05,410,Sračinec,269,267,536,41,15,56,2,2,4,0,6,6,89,59,148,0,0,0,0,2,2,401,351,752,2022-04-30T22:00:00Z
05,437,Sveti Đurđ,73,101,174,32,4,36,28,8,36,3,1,4,35,34,69,0,0,0,0,0,0,171,148,319,2022-04-30T22:00:00Z
05,438,Sveti Ilija,193,196,389,17,7,24,2,1,3,1,4,5,44,28,72,0,0,0,0,0,0,257,236,493,2022-04-30T22:00:00Z
05,462,Trnovec Bartolovečki,1198,1436,2634,70,19,89,16,6,22,2,4,6,316,93,409,0,0,0,1,1,2,1603,1559,3162,2022-04-30T22:00:00Z
05,472,Varaždin,16666,15432,32098,509,365,874,48,25,73,76,116,192,527,657,1184,0,0,0,24,18,42,17850,16613,34463,2022-04-30T22:00:00Z
05,473,Varaždinske Toplice,623,505,1128,44,23,67,10,6,16,4,6,10,179,47,226,0,0,0,2,2,4,862,589,1451,2022-04-30T22:00:00Z
05,48,Cestica,408,399,807,51,26,77,13,18,31,1,4,5,103,75,178,0,0,0,0,4,4,576,526,1102,2022-04-30T22:00:00Z
05,484,Vidovec,252,265,517,50,15,65,59,31,90,2,5,7,112,95,207,0,0,0,0,0,0,475,411,886,2022-04-30T22:00:00Z
05,486,Vinica,314,225,539,19,8,27,5,4,9,1,5,6,31,26,57,0,0,0,0,1,1,370,269,639,2022-04-30T22:00:00Z
05,493,Visoko,103,59,162,18,0,18,6,3,9,0,0,0,25,23,48,0,0,0,1,0,1,153,85,238,2022-04-30T22:00:00Z
05,558,Veliki Bukovec,370,256,626,5,2,7,22,10,32,0,1,1,37,29,66,0,0,0,0,0,0,434,298,732,2022-04-30T22:00:00Z
05,80,Donja Voća,85,70,155,10,1,11,5,8,13,0,1,1,27,21,48,0,0,0,0,1,1,127,102,229,2022-04-30T22:00:00Z
05,85,Donji Martijanec,350,172,522,28,7,35,19,4,23,1,1,2,52,33,85,0,0,0,0,0,0,450,217,667,2022-04-30T22:00:00Z
06,104,Đelekovec,30,43,73,21,11,32,40,12,52,0,1,1,19,12,31,0,0,0,0,0,0,110,79,189,2022-04-30T22:00:00Z
06,107,Đurđevac,1355,1199,2554,83,43,126,73,39,112,12,11,23,87,67,154,0,0,0,11,3,14,1621,1362,2983,2022-04-30T22:00:00Z
06,115,Ferdinandovac,42,92,134,11,2,13,40,33,73,1,1,2,19,7,26,0,0,0,0,0,0,113,135,248,2022-04-30T22:00:00Z
06,122,Gola,191,167,358,11,2,13,87,38,125,0,2,2,5,23,28,0,0,0,0,0,0,294,232,526,2022-04-30T22:00:00Z
06,145,Hlebine,9,28,37,1,0,1,15,3,18,1,1,2,0,7,7,0,0,0,1,1,2,27,40,67,2022-04-30T22:00:00Z
06,194,Kloštar Podravski,188,171,359,17,12,29,40,35,75,0,1,1,38,63,101,0,0,0,1,0,1,284,282,566,2022-04-30T22:00:00Z
06,201,Koprivnica,7134,7578,14712,343,198,541,58,31,89,65,74,139,413,452,865,0,2,2,13,12,25,8026,8347,16373,2022-04-30T22:00:00Z
06,202,Koprivnički Bregi,53,78,131,18,3,21,23,8,31,0,0,0,34,7,41,0,0,0,0,0,0,128,96,224,2022-04-30T22:00:00Z
06,203,Koprivnički Ivanec,72,55,127,24,4,28,25,8,33,0,0,0,20,11,31,0,0,0,0,0,0,141,78,219,2022-04-30T22:00:00Z
06,214,Križevci,3452,3658,7110,169,100,269,230,178,408,13,29,42,245,230,475,0,0,0,6,10,16,4115,4205,8320,2022-04-30T22:00:00Z
06,227,Legrad,64,89,153,16,5,21,21,5,26,1,2,3,22,17,39,0,0,0,0,0,0,124,118,242,2022-04-30T22:00:00Z
06,270,Molve,214,117,331,7,9,16,51,29,80,1,2,3,38,19,57,0,0,0,2,2,4,313,178,491,2022-04-30T22:00:00Z
06,292,Novigrad Podravski,94,151,245,10,1,11,18,12,30,0,2,2,16,22,38,0,0,0,0,1,1,138,189,327,2022-04-30T22:00:00Z
06,324,Peteranec,70,48,118,17,3,20,21,8,29,1,1,2,26,14,40,0,0,0,0,1,1,135,75,210,2022-04-30T22:00:00Z
06,366,Rasinja,44,77,121,21,4,25,53,21,74,1,0,1,20,21,41,0,0,0,1,0,1,140,123,263,2022-04-30T22:00:00Z
06,405,Sokolovac,220,93,313,17,3,20,47,16,63,6,4,10,20,9,29,0,0,0,0,0,0,310,125,435,2022-04-30T22:00:00Z
06,439,Sveti Ivan Žabno,270,192,462,40,18,58,99,60,159,1,2,3,47,64,111,0,0,0,0,1,1,457,337,794,2022-04-30T22:00:00Z
06,442,Sveti Petar Orehovec,133,123,256,30,7,37,133,122,255,1,1,2,41,23,64,0,0,0,1,0,1,339,276,615,2022-04-30T22:00:00Z
06,490,Virje,295,203,498,27,13,40,39,19,58,4,1,5,29,34,63,0,0,0,2,2,4,396,272,668,2022-04-30T22:00:00Z
06,559,Kalinovac,411,103,514,5,1,6,8,2,10,0,0,0,8,10,18,0,0,0,2,1,3,434,117,551,2022-04-30T22:00:00Z
06,560,Kalnik,42,47,89,2,4,6,20,22,42,0,1,1,8,4,12,0,0,0,0,0,0,72,78,150,2022-04-30T22:00:00Z
06,561,Novo Virje,41,39,80,2,0,2,38,26,64,0,0,0,15,6,21,0,0,0,0,1,1,96,72,168,2022-04-30T22:00:00Z
06,616,Podravske Sesvete,104,113,217,3,4,7,24,15,39,0,0,0,5,6,11,0,0,0,1,1,2,137,139,276,2022-04-30T22:00:00Z
06,618,Gornja Reka,87,90,177,6,2,8,8,7,15,0,0,0,7,5,12,0,0,0,0,0,0,108,104,212,2022-04-30T22:00:00Z
06,96,Drnje,114,109,223,12,3,15,17,10,27,0,2,2,6,10,16,0,0,0,1,0,1,150,134,284,2022-04-30T22:00:00Z
07,105,Đulovac,276,63,339,9,8,17,33,17,50,2,0,2,115,32,147,0,0,0,0,0,0,435,120,555,2022-04-30T22:00:00Z
07,119,Garešnica,1068,1084,2152,57,31,88,58,37,95,17,17,34,108,127,235,0,0,0,2,5,7,1310,1301,2611,2022-04-30T22:00:00Z
07,139,Grubišno Polje,592,539,1131,37,25,62,107,42,149,4,9,13,66,63,129,0,0,0,1,3,4,807,681,1488,2022-04-30T22:00:00Z
07,144,Hercegovac,146,153,299,19,3,22,51,16,67,1,1,2,43,37,80,0,0,0,1,1,2,261,211,472,2022-04-30T22:00:00Z
07,161,Ivanska,131,97,228,4,3,7,47,13,60,2,3,5,88,26,114,0,0,0,2,2,4,274,144,418,2022-04-30T22:00:00Z
07,176,Kapela,96,96,192,4,3,7,44,25,69,0,1,1,18,7,25,0,0,0,2,0,2,164,132,296,2022-04-30T22:00:00Z
07,18,Berek,44,43,87,7,2,9,20,18,38,0,0,0,8,7,15,0,0,0,0,0,0,79,70,149,2022-04-30T22:00:00Z
07,199,Končanica,132,73,205,8,1,9,34,15,49,0,0,0,13,10,23,0,0,0,1,2,3,188,101,289,2022-04-30T22:00:00Z
07,24,Bjelovar,7135,6866,14001,293,178,471,202,100,302,48,76,124,436,512,948,2,0,2,15,13,28,8131,7745,15876,2022-04-30T22:00:00Z
07,287,Nova Rača,93,118,211,12,2,14,74,33,107,0,2,2,31,11,42,0,0,0,0,1,1,210,167,377,2022-04-30T22:00:00Z
07,375,Rovišće,215,224,439,23,11,34,51,33,84,1,3,4,25,38,63,0,0,0,0,1,1,315,310,625,2022-04-30T22:00:00Z
07,390,Sirač,301,148,449,9,2,11,12,4,16,1,1,2,13,9,22,0,0,0,0,2,2,336,166,502,2022-04-30T22:00:00Z
07,450,Štefanje,48,62,110,7,3,10,32,14,46,1,2,3,33,23,56,0,0,0,1,0,1,122,104,226,2022-04-30T22:00:00Z
07,478,Velika Pisanica,80,76,156,5,1,6,30,15,45,1,0,1,11,8,19,0,0,0,0,0,0,127,100,227,2022-04-30T22:00:00Z
07,480,Veliki Grđevac,155,143,298,11,6,17,73,31,104,1,1,2,73,24,97,0,0,0,1,0,1,314,205,519,2022-04-30T22:00:00Z
07,483,Veliko Trojstvo,64,113,177,13,3,16,15,13,28,1,0,1,41,16,57,0,0,0,0,0,0,134,145,279,2022-04-30T22:00:00Z
07,562,Severin,69,27,96,1,0,1,16,13,29,0,0,0,15,33,48,0,0,0,0,0,0,101,73,174,2022-04-30T22:00:00Z
07,564,Šandrovac,31,51,82,4,0,4,14,8,22,1,0,1,14,6,20,0,0,0,0,0,0,64,65,129,2022-04-30T22:00:00Z
07,565,Velika Trnovitica,59,65,124,8,3,11,32,22,54,1,0,1,20,10,30,0,0,0,1,1,2,121,101,222,2022-04-30T22:00:00Z
07,566,Zrinski Topolovac,11,19,30,2,1,3,31,17,48,0,0,0,4,2,6,0,0,0,0,1,1,48,40,88,2022-04-30T22:00:00Z
07,63,Čazma,1100,799,1899,55,20,75,53,39,92,7,12,19,115,71,186,0,0,0,5,0,5,1335,941,2276,2022-04-30T22:00:00Z
07,67,Daruvar,1425,1731,3156,77,56,133,39,20,59,15,20,35,141,176,317,0,0,0,3,10,13,1700,2013,3713,2022-04-30T22:00:00Z
07,71,Dežanovac,125,76,201,10,2,12,74,34,108,0,0,0,36,15,51,0,0,0,0,1,1,245,128,373,2022-04-30T22:00:00Z
08,117,Fužine,270,189,459,17,11,28,0,2,2,4,1,5,19,22,41,0,0,0,2,0,2,312,225,537,2022-04-30T22:00:00Z
08,170,Jelenje,299,257,556,97,46,143,5,2,7,43,9,52,55,43,98,0,0,0,2,1,3,501,358,859,2022-04-30T22:00:00Z
08,180,Kastav,1132,875,2007,136,72,208,3,1,4,47,10,57,117,87,204,1,1,2,7,5,12,1443,1051,2494,2022-04-30T22:00:00Z
08,186,Klana,391,209,600,22,8,30,1,2,3,3,2,5,15,10,25,0,0,0,1,2,3,433,233,666,2022-04-30T22:00:00Z
08,209,Kraljevica,334,304,638,39,24,63,2,1,3,44,4,48,27,36,63,1,0,1,2,7,9,449,376,825,2022-04-30T22:00:00Z
08,215,Krk,2030,1457,3487,265,119,384,13,7,20,32,16,48,339,223,562,0,0,0,5,10,15,2684,1832,4516,2022-04-30T22:00:00Z
08,237,Lokve,114,91,205,14,6,20,0,1,1,0,3,3,8,8,16,0,0,0,1,0,1,137,109,246,2022-04-30T22:00:00Z
08,242,Lovran,435,622,1057,97,38,135,1,1,2,16,8,24,47,64,111,0,0,0,4,8,12,600,741,1341,2022-04-30T22:00:00Z
08,252,Mali Lošinj,1642,1709,3351,225,85,310,24,10,34,41,18,59,227,204,431,0,0,0,6,4,10,2165,2030,4195,2022-04-30T22:00:00Z
08,253,Malinska-Dubašnica,585,891,1476,146,73,219,6,10,16,11,4,15,226,202,428,0,0,0,6,7,13,980,1187,2167,2022-04-30T22:00:00Z
08,261,Matulji,1512,1084,2596,228,128,356,16,5,21,43,16,59,184,182,366,1,0,1,4,12,16,1988,1427,3415,2022-04-30T22:00:00Z
08,273,Mošćenička Draga,130,93,223,53,18,71,0,1,1,2,4,6,50,47,97,0,0,0,3,4,7,238,167,405,2022-04-30T22:00:00Z
08,275,Mrkopalj,61,50,111,13,3,16,2,0,2,1,0,1,8,7,15,0,0,0,1,0,1,86,60,146,2022-04-30T22:00:00Z
08,290,Novi Vinodolski,570,478,1048,115,56,171,7,4,11,14,7,21,134,91,225,0,0,0,2,5,7,842,641,1483,2022-04-30T22:00:00Z
08,301,Omišalj,668,487,1155,84,25,109,0,0,0,11,4,15,96,53,149,0,0,0,0,1,1,859,570,1429,2022-04-30T22:00:00Z
08,302,Opatija,2375,2900,5275,206,118,324,6,4,10,62,26,88,106,159,265,0,1,1,9,12,21,2764,3220,5984,2022-04-30T22:00:00Z
08,360,Punat,337,201,538,69,23,92,4,0,4,5,1,6,104,84,188,0,0,0,0,0,0,519,309,828,2022-04-30T22:00:00Z
08,363,Rab,1026,1215,2241,333,94,427,13,6,19,21,11,32,333,256,589,0,0,0,13,11,24,1739,1593,3332,2022-04-30T22:00:00Z
08,369,Ravna Gora,277,289,566,30,10,40,2,1,3,3,1,4,39,20,59,0,0,0,1,5,6,352,326,678,2022-04-30T22:00:00Z
08,373,Rijeka,27810,28454,56264,1244,1069,2313,20,14,34,1068,353,1421,888,1285,2173,4,2,6,85,117,202,31119,31294,62413,2022-04-30T22:00:00Z
08,38,Brod Moravice,43,31,74,9,1,10,1,0,1,0,1,1,10,3,13,0,0,0,1,0,1,64,36,100,2022-04-30T22:00:00Z
08,393,Skrad,44,50,94,4,3,7,1,1,2,1,1,2,3,6,9,0,0,0,0,0,0,53,61,114,2022-04-30T22:00:00Z
08,4,Bakar,2051,1054,3105,64,43,107,3,0,3,65,10,75,75,73,148,0,0,0,3,10,13,2261,1190,3451,2022-04-30T22:00:00Z
08,488,Vinodolska Općina,185,150,335,57,23,80,2,0,2,8,1,9,41,18,59,1,0,1,1,1,2,295,193,488,2022-04-30T22:00:00Z
08,495,Viškovo,1680,1164,2844,204,107,311,7,4,11,65,17,82,157,144,301,0,0,0,13,11,24,2126,1447,3573,2022-04-30T22:00:00Z
08,507,Vrbnik,147,116,263,35,10,45,10,4,14,1,0,1,43,29,72,0,0,0,0,1,1,236,160,396,2022-04-30T22:00:00Z
08,509,Vrbovsko,333,292,625,62,18,80,4,4,8,0,5,5,78,40,118,0,0,0,0,1,1,477,360,837,2022-04-30T22:00:00Z
08,52,Cres,576,499,1075,89,31,120,9,3,12,10,3,13,79,107,186,0,0,0,3,2,5,766,645,1411,2022-04-30T22:00:00Z
08,53,Crikvenica,1372,1803,3175,248,143,391,7,2,9,44,23,67,283,258,541,0,0,0,6,8,14,1960,2237,4197,2022-04-30T22:00:00Z
08,538,Kostrena,460,308,768,42,25,67,1,1,2,85,7,92,20,37,57,0,0,0,2,3,5,610,381,991,2022-04-30T22:00:00Z
08,55,Čabar,325,279,604,54,17,71,6,4,10,6,0,6,147,48,195,0,0,0,0,4,4,538,352,890,2022-04-30T22:00:00Z
08,61,Čavle,653,574,1227,96,51,147,1,2,3,31,10,41,115,89,204,0,0,0,3,1,4,899,727,1626,2022-04-30T22:00:00Z
08,624,Lopar,64,35,99,38,7,45,0,1,1,1,0,1,54,61,115,0,0,0,0,4,4,157,108,265,2022-04-30T22:00:00Z
08,69,Delnice,1137,767,1904,71,48,119,5,1,6,11,11,22,83,105,188,0,0,0,2,9,11,1309,941,2250,2022-04-30T22:00:00Z
08,74,Dobrinj,164,100,264,53,23,76,1,2,3,4,2,6,115,59,174,0,0,0,1,4,5,338,190,528,2022-04-30T22:00:00Z
08,8,Baška,299,300,599,83,40,123,6,3,9,3,3,6,102,108,210,0,0,0,5,4,9,498,458,956,2022-04-30T22:00:00Z
09,130,Gospić,2278,2332,4610,97,62,159,75,43,118,12,9,21,134,171,305,0,0,0,11,10,21,2607,2627,5234,2022-04-30T22:00:00Z
09,178,Karlobag,91,114,205,12,5,17,7,1,8,3,0,3,8,4,12,0,0,0,0,1,1,121,125,246,2022-04-30T22:00:00Z
09,240,Lovinac,214,83,297,1,0,1,1,1,2,0,0,0,2,1,3,0,0,0,0,0,0,218,85,303,2022-04-30T22:00:00Z
09,288,Novalja,1106,815,1921,138,46,184,22,10,32,3,5,8,232,113,345,0,0,0,4,8,12,1505,997,2502,2022-04-30T22:00:00Z
09,313,Otočac,832,901,1733,95,38,133,55,27,82,7,6,13,118,112,230,0,0,0,1,5,6,1108,1089,2197,2022-04-30T22:00:00Z
09,323,Perušić,338,263,601,22,11,33,32,21,53,0,1,1,21,23,44,0,0,0,0,0,0,413,319,732,2022-04-30T22:00:00Z
09,37,Brinje,380,206,586,23,6,29,7,7,14,0,1,1,13,19,32,0,0,0,0,2,2,423,241,664,2022-04-30T22:00:00Z
09,387,Senj,742,661,1403,100,58,158,5,5,10,23,7,30,134,148,282,0,0,0,6,5,11,1010,884,1894,2022-04-30T22:00:00Z
09,455,Plitvička Jezera,790,840,1630,47,21,68,63,16,79,3,5,8,223,163,386,0,0,0,1,0,1,1127,1045,2172,2022-04-30T22:00:00Z
09,467,Udbina,125,93,218,10,5,15,36,13,49,0,0,0,16,17,33,0,0,0,4,0,4,191,128,319,2022-04-30T22:00:00Z
09,512,Vrhovine,106,43,149,3,3,6,8,2,10,0,0,0,5,3,8,0,0,0,0,0,0,122,51,173,2022-04-30T22:00:00Z
09,84,Donji Lapac,110,71,181,7,4,11,26,7,33,0,0,0,13,6,19,0,0,0,0,0,0,156,88,244,2022-04-30T22:00:00Z
10,136,Gradina,80,102,182,14,8,22,127,47,174,2,0,2,41,29,70,0,0,0,0,0,0,264,186,450,2022-04-30T22:00:00Z
10,245,Lukač,202,111,313,15,5,20,50,17,67,1,0,1,56,35,91,0,0,0,0,0,0,324,168,492,2022-04-30T22:00:00Z
10,266,Mikleuš,70,51,121,8,2,10,15,8,23,0,0,0,13,10,23,0,0,0,0,0,0,106,71,177,2022-04-30T22:00:00Z
10,283,Nova Bukovica,40,45,85,10,5,15,36,8,44,1,0,1,22,21,43,0,0,0,1,0,1,110,79,189,2022-04-30T22:00:00Z
10,307,Orahovica,951,675,1626,71,34,105,11,3,14,10,9,19,114,107,221,0,0,0,1,4,5,1158,832,1990,2022-04-30T22:00:00Z
10,332,Pitomača,699,699,1398,84,41,125,153,85,238,2,9,11,236,187,423,0,0,0,1,2,3,1175,1023,2198,2022-04-30T22:00:00Z
10,395,Slatina,1472,1349,2821,153,74,227,138,37,175,12,22,34,210,258,468,0,0,0,4,7,11,1989,1747,3736,2022-04-30T22:00:00Z
10,407,Sopje,154,45,199,4,1,5,89,18,107,0,0,0,20,24,44,0,0,0,0,0,0,267,88,355,2022-04-30T22:00:00Z
10,424,Suhopolje,251,259,510,24,20,44,101,41,142,1,1,2,71,54,125,0,0,0,2,1,3,450,376,826,2022-04-30T22:00:00Z
10,449,Špišić Bukovica,153,168,321,21,9,30,162,60,222,1,3,4,37,57,94,0,0,0,1,1,2,375,298,673,2022-04-30T22:00:00Z
10,491,Virovitica,3872,3988,7860,191,110,301,99,28,127,33,19,52,380,377,757,1,0,1,9,9,18,4585,4531,9116,2022-04-30T22:00:00Z
10,499,Voćin,152,103,255,10,3,13,24,34,58,0,1,1,11,4,15,0,0,0,0,0,0,197,145,342,2022-04-30T22:00:00Z
10,524,Zdenci,134,89,223,9,3,12,19,7,26,0,1,1,13,12,25,0,0,0,0,2,2,175,114,289,2022-04-30T22:00:00Z
10,54,Crnac,24,28,52,14,3,17,19,7,26,0,0,0,20,14,34,0,0,0,0,0,0,77,52,129,2022-04-30T22:00:00Z
10,56,Čačinci,164,107,271,20,14,34,19,9,28,0,3,3,30,28,58,0,0,0,0,1,1,233,162,395,2022-04-30T22:00:00Z
10,57,Čađavica,130,93,223,13,9,22,67,17,84,0,0,0,50,32,82,0,0,0,0,0,0,260,151,411,2022-04-30T22:00:00Z
11,164,Jakšić,151,109,260,30,4,34,23,5,28,0,2,2,47,16,63,0,0,0,0,0,0,251,136,387,2022-04-30T22:00:00Z
11,177,Kaptol,95,84,179,16,2,18,22,3,25,0,1,1,42,7,49,0,0,0,0,1,1,175,98,273,2022-04-30T22:00:00Z
11,221,Kutjevo,565,420,985,49,17,66,68,29,97,1,2,3,77,71,148,0,0,0,8,1,9,768,540,1308,2022-04-30T22:00:00Z
11,231,Lipik,764,605,1369,38,15,53,25,18,43,1,12,13,54,55,109,0,0,0,1,0,1,883,705,1588,2022-04-30T22:00:00Z
11,318,Pakrac,659,1093,1752,84,34,118,57,19,76,14,17,31,176,98,274,0,0,0,1,3,4,991,1264,2255,2022-04-30T22:00:00Z
11,334,Pleternica,587,449,1036,85,29,114,51,13,64,3,5,8,174,123,297,0,0,0,2,7,9,902,626,1528,2022-04-30T22:00:00Z
11,35,Brestovac,113,97,210,17,2,19,14,3,17,1,1,2,29,14,43,0,0,0,0,1,1,174,118,292,2022-04-30T22:00:00Z
11,351,Požega,5229,4406,9635,307,163,470,128,44,172,40,86,126,431,368,799,0,1,1,11,19,30,6146,5087,11233,2022-04-30T22:00:00Z
11,475,Velika,324,296,620,24,15,39,21,4,25,2,3,5,56,40,96,0,0,0,0,0,0,427,358,785,2022-04-30T22:00:00Z
11,58,Čaglin,103,163,266,8,1,9,17,5,22,0,1,1,15,13,28,0,0,0,0,0,0,143,183,326,2022-04-30T22:00:00Z
12,10,Bebrina,38,48,86,10,8,18,20,5,25,2,0,2,8,11,19,0,0,0,1,0,1,79,72,151,2022-04-30T22:00:00Z
12,118,Garčin,140,184,324,32,10,42,31,19,50,0,0,0,26,27,53,0,0,0,0,0,0,229,240,469,2022-04-30T22:00:00Z
12,127,Gornji Bogićevci,49,41,90,11,2,13,11,2,13,0,0,0,18,24,42,0,0,0,0,0,0,89,69,158,2022-04-30T22:00:00Z
12,140,Gundinci,85,52,137,12,3,15,50,23,73,0,0,0,16,8,24,0,0,0,0,0,0,163,86,249,2022-04-30T22:00:00Z
12,185,Klakar,89,53,142,13,3,16,22,4,26,0,1,1,13,15,28,0,0,0,1,0,1,138,76,214,2022-04-30T22:00:00Z
12,284,Nova Gradiška,2217,2087,4304,147,97,244,25,19,44,21,21,42,272,291,563,0,0,0,2,3,5,2684,2518,5202,2022-04-30T22:00:00Z
12,285,Nova Kapela,160,182,342,24,18,42,23,7,30,3,3,6,53,56,109,0,0,0,1,1,2,264,267,531,2022-04-30T22:00:00Z
12,299,Okučani,220,153,373,30,9,39,12,2,14,0,1,1,38,21,59,0,0,0,1,3,4,301,189,490,2022-04-30T22:00:00Z
12,303,Oprisavci,302,177,479,10,0,10,36,11,47,1,0,1,9,14,23,0,0,0,0,0,0,358,202,560,2022-04-30T22:00:00Z
12,309,Oriovac,287,288,575,42,22,64,21,12,33,2,2,4,75,54,129,0,0,0,1,2,3,428,380,808,2022-04-30T22:00:00Z
12,338,Podcrkavlje,38,34,72,17,1,18,8,2,10,0,1,1,22,5,27,0,0,0,0,0,0,85,43,128,2022-04-30T22:00:00Z
12,372,Rešetari,206,238,444,38,8,46,18,7,25,3,1,4,86,47,133,0,0,0,0,0,0,351,301,652,2022-04-30T22:00:00Z
12,388,Sibinj,132,223,355,58,18,76,17,2,19,0,0,0,66,38,104,0,0,0,2,3,5,275,284,559,2022-04-30T22:00:00Z
12,39,Brodski Stupnik,71,65,136,14,9,23,10,3,13,2,0,2,65,38,103,0,0,0,0,0,0,162,115,277,2022-04-30T22:00:00Z
12,396,Slavonski Brod,13600,9345,22945,625,349,974,44,31,75,76,90,166,931,950,1881,1,0,1,14,17,31,15291,10782,26073,2022-04-30T22:00:00Z
12,397,Slavonski Šamac,66,47,113,9,4,13,16,9,25,0,1,1,11,5,16,0,0,0,0,0,0,102,66,168,2022-04-30T22:00:00Z
12,412,Stara Gradiška,148,81,229,4,2,6,8,3,11,0,0,0,22,8,30,0,0,0,0,1,1,182,95,277,2022-04-30T22:00:00Z
12,418,Staro Petrovo Selo,195,118,313,34,9,43,40,16,56,1,1,2,98,51,149,0,0,0,0,3,3,368,198,566,2022-04-30T22:00:00Z
12,46,Cernik,144,183,327,35,12,47,9,6,15,4,2,6,54,25,79,0,0,0,0,1,1,246,229,475,2022-04-30T22:00:00Z
12,476,Velika Kopanica,179,102,281,30,6,36,30,17,47,1,1,2,35,30,65,0,0,0,1,2,3,276,158,434,2022-04-30T22:00:00Z
12,506,Vrbje,37,18,55,11,1,12,20,2,22,0,0,0,22,27,49,0,0,0,0,0,0,90,48,138,2022-04-30T22:00:00Z
12,514,Vrpolje,215,108,323,24,5,29,44,15,59,0,2,2,16,17,33,0,0,0,0,1,1,299,148,447,2022-04-30T22:00:00Z
12,567,Bukovlje,91,59,150,17,10,27,0,0,0,0,0,0,12,19,31,0,0,0,0,0,0,120,88,208,2022-04-30T22:00:00Z
12,568,Dragalić,30,44,74,6,0,6,8,2,10,0,0,0,7,5,12,0,0,0,0,1,1,51,52,103,2022-04-30T22:00:00Z
12,569,Gornja Vrba,365,102,467,15,4,19,2,1,3,0,1,1,26,19,45,0,0,0,0,1,1,408,128,536,2022-04-30T22:00:00Z
12,570,Sikirevci,37,41,78,22,3,25,37,15,52,0,0,0,12,10,22,0,0,0,1,2,3,109,71,180,2022-04-30T22:00:00Z
12,68,Davor,120,74,194,13,5,18,15,5,20,1,0,1,16,22,38,0,0,0,0,0,0,165,106,271,2022-04-30T22:00:00Z
12,81,Donji Andrijevci,192,123,315,21,10,31,19,5,24,0,1,1,31,11,42,0,0,0,0,3,3,263,153,416,2022-04-30T22:00:00Z
13,131,Gračac,269,288,557,22,17,39,68,30,98,2,1,3,48,45,93,0,0,0,0,2,2,409,383,792,2022-04-30T22:00:00Z
13,167,Jasenice,150,90,240,15,2,17,6,4,10,1,0,1,15,12,27,0,0,0,0,0,0,187,108,295,2022-04-30T22:00:00Z
13,17,Benkovac,1151,1064,2215,103,41,144,101,53,154,10,8,18,201,128,329,0,0,0,4,7,11,1570,1301,2871,2022-04-30T22:00:00Z
13,173,Kali,287,120,407,26,15,41,2,1,3,17,0,17,46,30,76,0,0,0,1,1,2,379,167,546,2022-04-30T22:00:00Z
13,20,Bibinje,212,214,426,53,23,76,4,0,4,2,4,6,80,74,154,0,0,0,1,3,4,352,318,670,2022-04-30T22:00:00Z
13,22,Biograd Na Moru,1187,1545,2732,145,73,218,27,13,40,14,7,21,208,260,468,0,0,0,6,4,10,1587,1902,3489,2022-04-30T22:00:00Z
13,234,Lišane Ostrovičke,24,33,57,9,3,12,0,1,1,0,0,0,11,7,18,0,0,0,0,0,0,44,44,88,2022-04-30T22:00:00Z
13,282,Nin,613,522,1135,60,13,73,9,4,13,4,3,7,70,79,149,0,0,0,3,1,4,759,622,1381,2022-04-30T22:00:00Z
13,296,Obrovac,374,242,616,36,12,48,32,8,40,4,2,6,22,40,62,0,0,0,4,3,7,472,307,779,2022-04-30T22:00:00Z
13,316,Pag,552,502,1054,76,32,108,32,12,44,8,5,13,89,85,174,0,0,0,3,2,5,760,638,1398,2022-04-30T22:00:00Z
13,317,Pakoštane,395,379,774,71,23,94,10,14,24,10,2,12,123,70,193,0,0,0,4,1,5,613,489,1102,2022-04-30T22:00:00Z
13,320,Pašman,112,111,223,45,14,59,4,3,7,18,0,18,43,29,72,0,0,0,1,1,2,223,158,381,2022-04-30T22:00:00Z
13,344,Polača,105,67,172,15,6,21,3,2,5,1,0,1,7,15,22,0,0,0,1,2,3,132,92,224,2022-04-30T22:00:00Z
13,345,Poličnik,446,364,810,50,7,57,11,8,19,4,2,6,47,21,68,0,0,0,1,1,2,559,403,962,2022-04-30T22:00:00Z
13,349,Posedarje,140,198,338,36,13,49,5,9,14,9,2,11,37,43,80,0,0,0,0,4,4,227,269,496,2022-04-30T22:00:00Z
13,354,Preko,288,466,754,51,13,64,6,4,10,29,1,30,55,31,86,0,0,0,1,2,3,430,517,947,2022-04-30T22:00:00Z
13,371,Ražanac,84,99,183,30,8,38,7,5,12,10,0,10,32,21,53,0,0,0,3,2,5,166,135,301,2022-04-30T22:00:00Z
13,379,Sali,175,161,336,49,14,63,6,2,8,9,2,11,61,48,109,0,0,0,1,2,3,301,229,530,2022-04-30T22:00:00Z
13,411,Stankovci,230,134,364,30,5,35,7,3,10,1,1,2,30,17,47,0,0,0,0,1,1,298,161,459,2022-04-30T22:00:00Z
13,416,Starigrad,142,180,322,48,31,79,7,2,9,3,0,3,49,60,109,0,0,0,1,2,3,250,275,525,2022-04-30T22:00:00Z
13,425,Sukošan,422,332,754,59,20,79,12,6,18,6,2,8,63,57,120,0,0,0,1,3,4,563,420,983,2022-04-30T22:00:00Z
13,428,Sveti Filip I Jakov,217,357,574,45,23,68,7,4,11,9,3,12,41,51,92,0,0,0,0,2,2,319,440,759,2022-04-30T22:00:00Z
13,445,Škabrnje,70,75,145,25,3,28,2,1,3,2,1,3,13,8,21,0,0,0,1,2,3,113,90,203,2022-04-30T22:00:00Z
13,489,Vir,294,301,595,61,21,82,2,2,4,2,2,4,38,56,94,0,0,0,2,2,4,399,384,783,2022-04-30T22:00:00Z
13,520,Zadar,15106,16518,31624,1099,645,1744,40,25,65,697,212,909,1430,1500,2930,2,0,2,92,68,160,18466,18968,37434,2022-04-30T22:00:00Z
13,525,Zemunik Donji,185,265,450,17,4,21,3,2,5,1,0,1,29,9,38,0,0,0,0,1,1,235,281,516,2022-04-30T22:00:00Z
13,537,Novigrad,67,101,168,27,1,28,5,4,9,5,1,6,30,16,46,0,0,0,1,3,4,135,126,261,2022-04-30T22:00:00Z
13,571,Galovac,33,64,97,11,1,12,4,4,8,3,2,5,10,9,19,0,0,0,0,2,2,61,82,143,2022-04-30T22:00:00Z
13,572,Kukljica,52,50,102,20,2,22,1,0,1,4,1,5,44,10,54,0,0,0,1,1,2,122,64,186,2022-04-30T22:00:00Z
13,573,Povljana,49,38,87,20,4,24,5,2,7,1,0,1,8,10,18,0,0,0,0,1,1,83,55,138,2022-04-30T22:00:00Z
13,574,Privlaka,124,142,266,21,15,36,0,2,2,11,0,11,28,15,43,0,0,0,3,3,6,187,177,364,2022-04-30T22:00:00Z
13,575,Tkon,90,95,185,24,10,34,2,2,4,3,0,3,52,27,79,0,0,0,1,1,2,172,135,307,2022-04-30T22:00:00Z
13,622,Kolan,205,146,351,23,4,27,4,2,6,1,0,1,28,20,48,0,0,0,0,0,0,261,172,433,2022-04-30T22:00:00Z
13,625,Vrsi,99,64,163,13,8,21,6,5,11,20,0,20,26,27,53,0,0,0,6,1,7,170,105,275,2022-04-30T22:00:00Z
14,103,Đakovo,2867,2840,5707,483,219,702,203,91,294,30,37,67,631,566,1197,0,0,0,10,11,21,4224,3764,7988,2022-04-30T22:00:00Z
14,106,Đurđenovac,558,510,1068,42,12,54,19,15,34,0,6,6,74,43,117,0,0,0,2,0,2,695,586,1281,2022-04-30T22:00:00Z
14,110,Erdut,307,216,523,38,18,56,58,14,72,2,3,5,59,43,102,0,0,0,1,0,1,465,294,759,2022-04-30T22:00:00Z
14,111,Ernestinovo,80,185,265,5,3,8,25,8,33,2,1,3,9,12,21,0,0,0,0,1,1,121,210,331,2022-04-30T22:00:00Z
14,116,Feričanci,125,112,237,25,5,30,3,0,3,0,3,3,41,16,57,0,0,0,0,0,0,194,136,330,2022-04-30T22:00:00Z
14,124,Gorjani,130,159,289,18,5,23,14,8,22,0,0,0,11,6,17,0,0,0,0,0,0,173,178,351,2022-04-30T22:00:00Z
14,13,Beli Manastir,1089,1132,2221,80,44,124,62,34,96,11,12,23,124,108,232,0,0,0,3,2,5,1369,1332,2701,2022-04-30T22:00:00Z
14,16,Belišće,1655,649,2304,70,31,101,26,8,34,2,7,9,83,99,182,0,0,0,1,2,3,1837,796,2633,2022-04-30T22:00:00Z
14,195,Kneževi Vinogradi,220,275,495,34,7,41,35,7,42,1,2,3,62,74,136,0,0,0,1,0,1,353,365,718,2022-04-30T22:00:00Z
14,2,Antunovac,190,158,348,31,13,44,12,6,18,0,0,0,18,12,30,0,0,0,0,0,0,251,189,440,2022-04-30T22:00:00Z
14,205,Koška,190,138,328,25,5,30,28,8,36,2,4,6,33,23,56,0,0,0,1,0,1,279,178,457,2022-04-30T22:00:00Z
14,21,Bilje,303,265,568,43,22,65,19,12,31,2,4,6,65,39,104,0,0,0,0,1,1,432,343,775,2022-04-30T22:00:00Z
14,23,Bizovac,240,262,502,26,11,37,23,9,32,2,3,5,30,31,61,0,0,0,1,1,2,322,317,639,2022-04-30T22:00:00Z
14,230,Levanjska Varoš,44,40,84,2,1,3,11,8,19,0,0,0,1,3,4,0,0,0,0,1,1,58,53,111,2022-04-30T22:00:00Z
14,257,Marijanci,107,74,181,7,5,12,12,0,12,0,1,1,17,24,41,0,0,0,1,1,2,144,105,249,2022-04-30T22:00:00Z
14,271,Moslavina Podravska,20,25,45,4,2,6,16,5,21,0,0,0,14,10,24,0,0,0,0,0,0,54,42,96,2022-04-30T22:00:00Z
14,278,Našice,2169,1773,3942,175,90,265,60,27,87,22,42,64,272,225,497,0,0,0,9,7,16,2707,2164,4871,2022-04-30T22:00:00Z
14,312,Osijek,24096,22559,46655,926,659,1585,111,41,152,169,186,355,765,1118,1883,1,2,3,35,37,72,26103,24602,50705,2022-04-30T22:00:00Z
14,325,Petlovac,49,24,73,6,4,10,13,0,13,0,0,0,16,10,26,0,0,0,0,0,0,84,38,122,2022-04-30T22:00:00Z
14,327,Petrijevci,281,203,484,19,3,22,5,4,9,0,0,0,12,6,18,0,0,0,1,1,2,318,217,535,2022-04-30T22:00:00Z
14,340,Podgorač,104,101,205,23,8,31,26,5,31,1,4,5,21,40,61,0,0,0,0,0,0,175,158,333,2022-04-30T22:00:00Z
14,346,Popovac,58,42,100,2,3,5,5,4,9,0,0,0,5,3,8,0,0,0,0,0,0,70,52,122,2022-04-30T22:00:00Z
14,361,Punitovci,46,58,104,21,4,25,16,4,20,0,0,0,44,8,52,0,0,0,0,0,0,127,74,201,2022-04-30T22:00:00Z
14,381,Satnica Đakovačka,128,86,214,22,6,28,10,3,13,0,0,0,46,25,71,0,0,0,0,0,0,206,120,326,2022-04-30T22:00:00Z
14,386,Semeljci,229,201,430,44,18,62,53,25,78,1,1,2,83,40,123,0,0,0,0,2,2,410,287,697,2022-04-30T22:00:00Z
14,421,Strizivojna,316,320,636,18,8,26,18,3,21,0,0,0,22,10,32,0,0,0,1,1,2,375,342,717,2022-04-30T22:00:00Z
14,461,Trnava,48,56,104,6,2,8,13,7,20,0,0,0,13,3,16,0,0,0,0,0,0,80,68,148,2022-04-30T22:00:00Z
14,471,Valpovo,868,1087,1955,75,58,133,49,19,68,14,23,37,85,109,194,0,0,0,9,6,15,1100,1302,2402,2022-04-30T22:00:00Z
14,485,Viljevo,48,58,106,9,0,9,20,4,24,0,0,0,22,9,31,0,0,0,0,1,1,99,72,171,2022-04-30T22:00:00Z
14,494,Viškovci,216,223,439,23,5,28,16,5,21,0,0,0,19,5,24,0,0,0,1,0,1,275,238,513,2022-04-30T22:00:00Z
14,517,Vuka,37,50,87,16,2,18,14,4,18,0,0,0,19,9,28,0,0,0,0,0,0,86,65,151,2022-04-30T22:00:00Z
14,576,Donja Motičina,24,16,40,9,3,12,1,1,2,0,0,0,16,6,22,0,0,0,0,0,0,50,26,76,2022-04-30T22:00:00Z
14,578,Magadenovac,90,114,204,4,2,6,24,9,33,0,1,1,19,20,39,0,0,0,0,0,0,137,146,283,2022-04-30T22:00:00Z
14,579,Vladislavci,131,122,253,3,0,3,6,5,11,0,0,0,6,5,11,0,0,0,0,0,0,146,132,278,2022-04-30T22:00:00Z
14,609,Jagodnjak,132,63,195,8,2,10,25,6,31,0,0,0,11,4,15,0,0,0,0,0,0,176,75,251,2022-04-30T22:00:00Z
14,614,Šodolovci,26,11,37,0,0,0,0,0,0,0,0,0,9,3,12,0,0,0,0,0,0,35,14,49,2022-04-30T22:00:00Z
14,64,Čeminac,69,80,149,12,0,12,4,2,6,0,0,0,18,9,27,0,0,0,0,0,0,103,91,194,2022-04-30T22:00:00Z
14,65,Čepin,702,486,1188,100,30,130,58,30,88,5,5,10,101,98,199,0,0,0,2,3,5,968,652,1620,2022-04-30T22:00:00Z
14,66,Darda,1744,874,2618,52,31,83,36,4,40,2,4,6,59,51,110,0,0,0,1,1,2,1894,965,2859,2022-04-30T22:00:00Z
14,86,Donji Miholjac,1172,1015,2187,88,57,145,160,38,198,7,16,23,154,120,274,0,0,0,1,4,5,1582,1250,2832,2022-04-30T22:00:00Z
14,91,Draž,90,116,206,11,3,14,16,4,20,0,0,0,8,9,17,0,0,0,0,1,1,125,133,258,2022-04-30T22:00:00Z
14,94,Drenje,94,95,189,30,6,36,45,14,59,0,0,0,15,17,32,0,0,0,0,0,0,184,132,316,2022-04-30T22:00:00Z
15,113,Ervenik,38,46,84,1,0,1,4,1,5,0,0,0,4,1,5,0,0,0,0,0,0,47,48,95,2022-04-30T22:00:00Z
15,183,Kijevo,30,30,60,2,0,2,0,0,0,0,0,0,0,0,0,0,0,0,0,0,0,32,30,62,2022-04-30T22:00:00Z
15,184,Kistanje,60,77,137,25,6,31,1,2,3,1,0,1,20,8,28,0,0,0,0,0,0,107,93,200,2022-04-30T22:00:00Z
15,196,Knin,1427,1424,2851,126,72,198,62,18,80,32,6,38,159,155,314,0,0,0,2,3,5,1808,1678,3486,2022-04-30T22:00:00Z
15,298,Promina,114,87,201,1,1,2,1,2,3,0,0,0,2,1,3,0,0,0,0,0,0,118,91,209,2022-04-30T22:00:00Z
15,310,Biskupija,93,19,112,1,0,1,2,0,2,1,0,1,0,0,0,0,0,0,0,0,0,97,19,116,2022-04-30T22:00:00Z
15,357,Primošten,308,342,650,103,29,132,8,1,9,8,0,8,107,91,198,0,1,1,3,3,6,537,467,1004,2022-04-30T22:00:00Z
15,377,Ružić,29,22,51,4,2,6,5,5,10,0,0,0,3,9,12,0,0,0,0,0,0,41,38,79,2022-04-30T22:00:00Z
15,394,Skradin,133,160,293,52,15,67,19,9,28,2,2,4,53,57,110,0,0,0,0,0,0,259,243,502,2022-04-30T22:00:00Z
15,444,Šibenik,8229,8700,16929,662,365,1027,37,14,51,185,99,284,646,731,1377,0,0,0,14,24,38,9773,9933,19706,2022-04-30T22:00:00Z
15,454,Tisno,368,326,694,114,44,158,5,0,5,9,3,12,82,78,160,0,0,0,0,3,3,578,454,1032,2022-04-30T22:00:00Z
15,469,Unešić,45,62,107,9,0,9,4,1,5,1,0,1,18,5,23,0,0,0,0,0,0,77,68,145,2022-04-30T22:00:00Z
15,500,Vodice,968,1187,2155,289,107,396,13,3,16,14,9,23,283,194,477,0,0,0,5,8,13,1572,1508,3080,2022-04-30T22:00:00Z
15,51,Civljane,53,9,62,1,2,3,0,0,0,0,0,0,3,2,5,0,0,0,0,0,0,57,13,70,2022-04-30T22:00:00Z
15,581,Pirovac,149,166,315,39,19,58,6,3,9,3,2,5,61,54,115,0,0,0,0,0,0,258,244,502,2022-04-30T22:00:00Z
15,582,Rogoznica,286,266,552,54,18,72,2,1,3,5,1,6,66,57,123,0,0,0,2,1,3,415,344,759,2022-04-30T22:00:00Z
15,617,Murter,318,334,652,68,38,106,3,1,4,17,3,20,134,88,222,0,0,0,4,2,6,544,466,1010,2022-04-30T22:00:00Z
15,621,Bilice,89,40,129,25,7,32,0,0,0,8,0,8,20,14,34,0,0,0,0,0,0,142,61,203,2022-04-30T22:00:00Z
15,626,Tribunj,88,89,177,26,13,39,1,0,1,5,0,5,64,39,103,0,0,0,0,0,0,184,141,325,2022-04-30T22:00:00Z
15,95,Drniš,906,625,1531,68,53,121,53,20,73,6,7,13,99,90,189,0,0,0,0,1,1,1132,796,1928,2022-04-30T22:00:00Z
16,1,Andrijaševci,87,120,207,25,14,39,11,6,17,2,1,3,37,41,78,0,0,0,1,3,4,163,185,348,2022-04-30T22:00:00Z
16,137,Gradište,88,96,184,17,5,22,30,4,34,0,1,1,17,17,34,0,0,0,0,1,1,152,124,276,2022-04-30T22:00:00Z
16,141,Gunja,187,116,303,27,9,36,45,15,60,2,0,2,35,5,40,0,0,0,1,3,4,297,148,445,2022-04-30T22:00:00Z
16,154,Ilok,465,536,1001,70,25,95,49,17,66,1,3,4,114,92,206,0,0,0,0,1,1,699,674,1373,2022-04-30T22:00:00Z
16,159,Ivankovo,337,453,790,73,30,103,50,14,64,1,5,6,116,73,189,0,0,0,3,3,6,580,578,1158,2022-04-30T22:00:00Z
16,166,Jarmina,29,76,105,15,9,24,28,11,39,0,2,2,27,17,44,0,0,0,0,4,4,99,119,218,2022-04-30T22:00:00Z
16,239,Lovas,57,57,114,6,0,6,14,0,14,1,0,1,5,5,10,0,0,0,1,0,1,84,62,146,2022-04-30T22:00:00Z
16,26,Bogdanovci,30,17,47,3,0,3,7,4,11,0,0,0,17,7,24,0,0,0,0,0,0,57,28,85,2022-04-30T22:00:00Z
16,29,Borovo,65,105,170,46,14,60,25,4,29,1,3,4,61,75,136,0,0,0,2,1,3,200,202,402,2022-04-30T22:00:00Z
16,294,Nuštar,238,310,548,34,20,54,24,6,30,1,2,3,43,22,65,0,0,0,1,0,1,341,360,701,2022-04-30T22:00:00Z
16,295,Nijemci,189,190,379,24,7,31,87,26,113,1,1,2,52,34,86,0,0,0,0,2,2,353,260,613,2022-04-30T22:00:00Z
16,3,Babina Greda,172,182,354,32,14,46,80,28,108,3,0,3,30,39,69,0,0,0,1,0,1,318,263,581,2022-04-30T22:00:00Z
16,32,Bošnjaci,126,112,238,23,6,29,37,6,43,2,0,2,38,36,74,0,0,0,0,0,0,226,160,386,2022-04-30T22:00:00Z
16,414,Stari Jankovci,141,123,264,23,4,27,39,9,48,1,0,1,27,17,44,0,0,0,0,1,1,231,154,385,2022-04-30T22:00:00Z
16,415,Stari Mikanovci,95,131,226,19,10,29,23,12,35,2,1,3,32,37,69,0,0,0,0,0,0,171,191,362,2022-04-30T22:00:00Z
16,44,Cerna,427,222,649,43,25,68,51,20,71,2,1,3,73,63,136,0,0,0,1,1,2,597,332,929,2022-04-30T22:00:00Z
16,456,Tompojevci,22,35,57,15,5,20,38,11,49,0,0,0,16,10,26,0,0,0,0,0,0,91,61,152,2022-04-30T22:00:00Z
16,458,Tordinci,97,88,185,7,1,8,10,0,10,1,0,1,6,13,19,0,0,0,0,0,0,121,102,223,2022-04-30T22:00:00Z
16,459,Tovarnik,156,126,282,21,3,24,47,22,69,1,1,2,8,19,27,0,0,0,0,0,0,233,171,404,2022-04-30T22:00:00Z
16,464,Trpinja,112,191,303,25,8,33,82,14,96,2,0,2,35,25,60,0,0,0,0,0,0,256,238,494,2022-04-30T22:00:00Z
16,487,Vinkovci,8014,6433,14447,302,188,490,49,23,72,58,50,108,452,631,1083,1,0,1,11,17,28,8887,7342,16229,2022-04-30T22:00:00Z
16,505,Vrbanja,293,124,417,28,15,43,67,18,85,2,1,3,35,30,65,0,0,0,0,0,0,425,188,613,2022-04-30T22:00:00Z
16,518,Vukovar,4462,4626,9088,291,142,433,95,43,138,24,27,51,417,395,812,0,0,0,3,5,8,5292,5238,10530,2022-04-30T22:00:00Z
16,534,Županja,2076,1516,3592,145,56,201,37,15,52,20,20,40,176,189,365,1,0,1,3,4,7,2458,1800,4258,2022-04-30T22:00:00Z
16,535,Otok (Vinkovci),396,283,679,36,19,55,60,11,71,6,1,7,73,62,135,0,0,0,0,2,2,571,378,949,2022-04-30T22:00:00Z
16,583,Privlaka,96,76,172,19,4,23,22,9,31,0,2,2,17,16,33,0,0,0,1,0,1,155,107,262,2022-04-30T22:00:00Z
16,584,Vođinci,46,157,203,14,2,16,7,5,12,0,1,1,12,13,25,0,0,0,0,1,1,79,179,258,2022-04-30T22:00:00Z
16,610,Markušica,41,50,91,10,4,14,51,15,66,0,1,1,12,14,26,0,0,0,1,1,2,115,85,200,2022-04-30T22:00:00Z
16,612,Negoslavci,31,15,46,5,1,6,12,3,15,1,0,1,14,12,26,0,0,0,0,0,0,63,31,94,2022-04-30T22:00:00Z
16,628,Štitar,72,63,135,6,1,7,14,3,17,0,0,0,10,7,17,0,0,0,0,0,0,102,74,176,2022-04-30T22:00:00Z
16,92,Drenovci,99,159,258,40,5,45,107,39,146,1,1,2,51,49,100,0,0,0,0,1,1,298,254,552,2022-04-30T22:00:00Z
17,100,Dugi Rat,802,753,1555,86,38,124,1,2,3,36,8,44,245,153,398,0,0,0,5,6,11,1175,960,2135,2022-04-30T22:00:00Z
17,134,Gradac,188,258,446,48,22,70,5,1,6,1,2,3,42,77,119,0,0,0,2,4,6,286,364,650,2022-04-30T22:00:00Z
17,148,Hrvace,290,210,500,43,17,60,8,7,15,2,3,5,51,39,90,0,0,0,1,2,3,395,278,673,2022-04-30T22:00:00Z
17,153,Hvar,912,775,1687,209,93,302,16,10,26,16,6,22,329,283,612,3,0,3,6,8,14,1491,1175,2666,2022-04-30T22:00:00Z
17,155,Imotski,1352,1384,2736,170,100,270,12,8,20,27,14,41,130,175,305,0,0,0,9,7,16,1700,1688,3388,2022-04-30T22:00:00Z
17,171,Jelsa,380,372,752,100,32,132,34,12,46,9,1,10,145,74,219,0,0,0,6,6,12,674,497,1171,2022-04-30T22:00:00Z
17,181,Kaštela,3653,3936,7589,509,252,761,23,14,37,148,38,186,533,557,1090,0,0,0,29,29,58,4895,4826,9721,2022-04-30T22:00:00Z
17,192,Klis,240,194,434,33,7,40,8,3,11,22,2,24,54,25,79,0,0,0,0,2,2,357,233,590,2022-04-30T22:00:00Z
17,197,Komiža,166,147,313,68,16,84,4,0,4,4,2,6,40,42,82,0,0,0,2,2,4,284,209,493,2022-04-30T22:00:00Z
17,243,Lovreć,138,93,231,15,8,23,4,0,4,1,0,1,24,13,37,0,0,0,2,2,4,184,116,300,2022-04-30T22:00:00Z
17,249,Makarska,2690,2806,5496,301,184,485,3,1,4,46,30,76,438,407,845,1,0,1,6,7,13,3485,3435,6920,2022-04-30T22:00:00Z
17,258,Marina,210,279,489,62,25,87,4,5,9,14,2,16,47,57,104,1,0,1,2,0,2,340,368,708,2022-04-30T22:00:00Z
17,267,Milna,106,94,200,27,4,31,7,1,8,4,0,4,36,35,71,0,0,0,2,1,3,182,135,317,2022-04-30T22:00:00Z
17,27,Bol,403,494,897,65,25,90,3,2,5,5,2,7,92,40,132,0,0,0,3,1,4,571,564,1135,2022-04-30T22:00:00Z
17,280,Nerežišća,147,59,206,20,2,22,3,3,6,2,0,2,32,21,53,0,0,0,1,0,1,205,85,290,2022-04-30T22:00:00Z
17,300,Omiš,1542,1764,3306,232,95,327,12,6,18,40,17,57,329,316,645,0,0,0,3,5,8,2158,2203,4361,2022-04-30T22:00:00Z
17,314,Otok,193,208,401,60,21,81,10,0,10,2,1,3,76,51,127,0,0,0,0,1,1,341,282,623,2022-04-30T22:00:00Z
17,337,Podbablje,271,178,449,31,4,35,5,0,5,2,1,3,16,32,48,0,0,0,0,1,1,325,216,541,2022-04-30T22:00:00Z
17,339,Podgora,346,281,627,67,27,94,1,1,2,1,0,1,64,50,114,0,0,0,4,3,7,483,362,845,2022-04-30T22:00:00Z
17,341,Podstrana,843,786,1629,65,22,87,16,3,19,41,3,44,70,98,168,0,0,0,4,3,7,1039,915,1954,2022-04-30T22:00:00Z
17,350,Postira,289,255,544,39,20,59,9,2,11,1,3,4,16,14,30,0,0,0,0,1,1,354,295,649,2022-04-30T22:00:00Z
17,358,Pučišća,231,140,371,53,6,59,8,5,13,6,0,6,38,16,54,0,0,0,3,0,3,339,167,506,2022-04-30T22:00:00Z
17,382,Seget,538,484,1022,43,8,51,8,3,11,12,3,15,187,91,278,0,0,0,2,5,7,790,594,1384,2022-04-30T22:00:00Z
17,383,Selca,136,119,255,43,15,58,11,4,15,6,1,7,65,25,90,0,0,0,1,0,1,262,164,426,2022-04-30T22:00:00Z
17,389,Sinj,1942,2001,3943,306,143,449,55,20,75,44,42,86,314,378,692,0,0,0,8,15,23,2669,2599,5268,2022-04-30T22:00:00Z
17,406,Solin,3591,3109,6700,260,148,408,12,6,18,115,39,154,297,273,570,0,0,0,7,7,14,4282,3582,7864,2022-04-30T22:00:00Z
17,409,Split,35766,39154,74920,1582,1153,2735,67,42,109,2290,456,2746,1612,2236,3848,5,1,6,121,154,275,41443,43196,84639,2022-04-30T22:00:00Z
17,413,Stari Grad,422,422,844,66,30,96,22,15,37,7,4,11,61,52,113,0,0,0,3,6,9,581,529,1110,2022-04-30T22:00:00Z
17,423,Sućuraj,24,24,48,21,2,23,3,2,5,0,0,0,13,10,23,0,0,0,0,1,1,61,39,100,2022-04-30T22:00:00Z
17,427,Supetar,680,857,1537,128,65,193,16,6,22,26,10,36,144,166,310,0,0,0,7,2,9,1001,1106,2107,2022-04-30T22:00:00Z
17,443,Šestanovac,148,157,305,30,7,37,12,1,13,0,2,2,18,25,43,0,0,0,3,0,3,211,192,403,2022-04-30T22:00:00Z
17,447,Šolta,200,151,351,13,14,27,9,4,13,12,0,12,24,25,49,0,0,0,1,2,3,259,196,455,2022-04-30T22:00:00Z
17,460,Trilj,488,624,1112,133,32,165,18,7,25,13,2,15,102,128,230,0,0,0,0,4,4,754,797,1551,2022-04-30T22:00:00Z
17,463,Trogir,1937,2105,4042,347,174,521,14,4,18,68,38,106,418,545,963,0,0,0,11,19,30,2795,2885,5680,2022-04-30T22:00:00Z
17,492,Vis,299,308,607,48,16,64,15,4,19,6,3,9,61,42,103,0,0,0,4,3,7,433,376,809,2022-04-30T22:00:00Z
17,50,Cista Provo,121,164,285,26,3,29,7,0,7,1,0,1,8,9,17,0,0,0,1,4,5,164,180,344,2022-04-30T22:00:00Z
17,511,Vrgorac,981,708,1689,51,25,76,26,14,40,5,6,11,48,76,124,0,0,0,1,3,4,1112,832,1944,2022-04-30T22:00:00Z
17,513,Vrlika,92,226,318,15,3,18,13,5,18,2,0,2,28,2,30,0,0,0,1,0,1,151,236,387,2022-04-30T22:00:00Z
17,522,Zagvozd,129,80,209,17,2,19,2,0,2,1,0,1,13,10,23,0,0,0,0,0,0,162,92,254,2022-04-30T22:00:00Z
17,528,Zmijavci,101,113,214,7,4,11,1,1,2,2,0,2,31,13,44,0,0,0,1,1,2,143,132,275,2022-04-30T22:00:00Z
17,585,Dugopolje,1586,844,2430,38,11,49,5,5,10,14,2,16,53,26,79,0,0,0,0,0,0,1696,888,2584,2022-04-30T22:00:00Z
17,586,Lećevica,14,42,56,5,0,5,1,1,2,1,0,1,2,0,2,0,0,0,1,0,1,24,43,67,2022-04-30T22:00:00Z
17,587,Lokvičići,36,29,65,2,0,2,2,0,2,0,0,0,2,2,4,0,0,0,1,0,1,43,31,74,2022-04-30T22:00:00Z
17,588,Okrug,157,227,384,40,12,52,1,0,1,12,5,17,123,51,174,0,0,0,4,5,9,337,300,637,2022-04-30T22:00:00Z
17,589,Prgomet,36,39,75,7,0,7,1,1,2,1,0,1,2,1,3,0,0,0,1,0,1,48,41,89,2022-04-30T22:00:00Z
17,590,Primorski Dolac,15,56,71,4,1,5,1,2,3,1,1,2,2,3,5,0,0,0,0,0,0,23,63,86,2022-04-30T22:00:00Z
17,591,Runovići,68,68,136,13,1,14,0,1,1,0,2,2,24,34,58,0,0,0,0,1,1,105,107,212,2022-04-30T22:00:00Z
17,592,Sutivan,107,99,206,12,7,19,4,1,5,12,1,13,31,21,52,0,0,0,0,1,1,166,130,296,2022-04-30T22:00:00Z
17,593,Tučepi,292,333,625,45,24,69,0,1,1,4,3,7,79,58,137,0,0,0,1,0,1,421,419,840,2022-04-30T22:00:00Z
17,595,Zadvarje,43,32,75,6,1,7,1,1,2,0,0,0,6,4,10,0,0,0,0,0,0,56,38,94,2022-04-30T22:00:00Z
17,72,Dicmo,429,192,621,34,18,52,4,2,6,4,1,5,30,32,62,0,0,0,0,1,1,501,246,747,2022-04-30T22:00:00Z
17,77,Brela,251,295,546,36,16,52,0,1,1,2,1,3,42,57,99,0,0,0,2,2,4,333,372,705,2022-04-30T22:00:00Z
17,87,Muć,185,223,408,19,3,22,2,4,6,4,4,8,13,11,24,0,0,0,0,1,1,223,246,469,2022-04-30T22:00:00Z
17,88,Proložac,199,182,381,15,6,21,2,4,6,0,0,0,34,19,53,0,0,0,3,1,4,253,212,465,2022-04-30T22:00:00Z
17,9,Baška Voda,274,352,626,70,39,109,1,0,1,6,2,8,77,76,153,0,0,0,1,3,4,429,472,901,2022-04-30T22:00:00Z
18,132,Gračišće,50,25,75,27,6,33,10,3,13,0,0,0,37,8,45,0,0,0,0,0,0,124,42,166,2022-04-30T22:00:00Z
18,138,Grožnjan,25,24,49,15,4,19,13,5,18,0,0,0,17,17,34,0,0,0,0,2,2,70,52,122,2022-04-30T22:00:00Z
18,175,Kanfanar,558,223,781,30,7,37,4,0,4,1,0,1,17,14,31,0,0,0,1,2,3,611,246,857,2022-04-30T22:00:00Z
18,217,Kršan,323,287,610,52,14,66,7,3,10,3,0,3,115,56,171,0,0,0,1,5,6,501,365,866,2022-04-30T22:00:00Z
18,222,Labin,2860,2722,5582,262,132,394,17,9,26,25,36,61,304,250,554,0,0,0,9,5,14,3477,3154,6631,2022-04-30T22:00:00Z
18,223,Lanišće,14,13,27,4,0,4,2,0,2,0,0,0,8,3,11,0,0,0,1,1,2,29,17,46,2022-04-30T22:00:00Z
18,235,Ližnjan,170,135,305,13,5,18,2,0,2,3,0,3,33,33,66,0,0,0,1,1,2,222,174,396,2022-04-30T22:00:00Z
18,246,Lupoglav,195,106,301,12,4,16,5,2,7,0,1,1,15,14,29,0,0,0,0,0,0,227,127,354,2022-04-30T22:00:00Z
18,254,Marčana,159,197,356,38,13,51,4,2,6,4,1,5,49,29,78,0,0,0,2,1,3,256,243,499,2022-04-30T22:00:00Z
18,263,Medulin,824,778,1602,91,55,146,5,2,7,8,6,14,174,204,378,0,0,0,0,2,2,1102,1047,2149,2022-04-30T22:00:00Z
18,274,Motovun,102,124,226,33,16,49,21,7,28,1,1,2,52,41,93,0,0,0,0,3,3,209,192,401,2022-04-30T22:00:00Z
18,291,Novigrad,934,1144,2078,138,60,198,15,4,19,3,9,12,177,146,323,0,0,0,1,3,4,1268,1366,2634,2022-04-30T22:00:00Z
18,304,Oprtalj,70,84,154,12,6,18,14,1,15,0,0,0,8,13,21,0,0,0,2,2,4,106,106,212,2022-04-30T22:00:00Z
18,321,Pazin,1975,1988,3963,309,125,434,53,25,78,15,20,35,301,209,510,0,0,0,3,12,15,2656,2379,5035,2022-04-30T22:00:00Z
18,330,Pićan,354,161,515,32,9,41,1,5,6,2,1,3,61,17,78,0,0,0,1,1,2,451,194,645,2022-04-30T22:00:00Z
18,348,Poreč,5573,5625,11198,693,360,1053,45,18,63,56,51,107,777,703,1480,0,0,0,9,9,18,7153,6766,13919,2022-04-30T22:00:00Z
18,359,Pula,13202,12885,26087,1264,685,1949,71,46,117,279,166,445,991,1157,2148,0,0,0,52,54,106,15859,14993,30852,2022-04-30T22:00:00Z
18,368,Raša,280,154,434,29,9,38,1,0,1,1,1,2,47,27,74,0,0,0,2,0,2,360,191,551,2022-04-30T22:00:00Z
18,374,Rovinj,3419,3822,7241,432,247,679,28,15,43,31,35,66,672,525,1197,1,0,1,12,30,42,4595,4674,9269,2022-04-30T22:00:00Z
18,40,Brtonigla,180,126,306,42,12,54,21,9,30,1,1,2,41,52,93,0,0,0,0,1,1,285,201,486,2022-04-30T22:00:00Z
18,42,Buje,792,789,1581,99,50,149,30,14,44,7,8,15,63,64,127,0,0,0,1,2,3,992,927,1919,2022-04-30T22:00:00Z
18,43,Buzet,1554,1068,2622,172,62,234,26,14,40,5,4,9,126,109,235,0,0,0,8,6,14,1891,1263,3154,2022-04-30T22:00:00Z
18,431,Sveti Lovreč,52,52,104,20,9,29,3,0,3,0,1,1,42,20,62,0,0,0,0,1,1,117,83,200,2022-04-30T22:00:00Z
18,432,Sveta Nedelja,160,153,313,26,6,32,7,3,10,5,0,5,43,20,63,0,0,0,5,4,9,246,186,432,2022-04-30T22:00:00Z
18,433,Sveti Petar U Šumi,163,120,283,21,4,25,3,4,7,0,0,0,16,6,22,0,0,0,1,1,2,204,135,339,2022-04-30T22:00:00Z
18,435,Svetvinčenat,142,109,251,19,6,25,2,0,2,1,1,2,26,23,49,0,0,0,0,0,0,190,139,329,2022-04-30T22:00:00Z
18,453,Tinjan,197,107,304,37,8,45,6,1,7,2,3,5,56,37,93,0,0,0,1,1,2,299,157,456,2022-04-30T22:00:00Z
18,468,Umag,3047,2776,5823,401,174,575,29,15,44,32,33,65,370,408,778,0,0,0,15,17,32,3894,3423,7317,2022-04-30T22:00:00Z
18,47,Cerovlje,109,55,164,35,3,38,4,5,9,1,0,1,30,20,50,0,0,0,0,1,1,179,84,263,2022-04-30T22:00:00Z
18,497,Višnjan,300,258,558,46,11,57,11,3,14,2,1,3,91,41,132,0,0,0,2,1,3,452,315,767,2022-04-30T22:00:00Z
18,498,Vižinada,76,49,125,26,8,34,16,7,23,1,0,1,37,32,69,0,0,0,0,0,0,156,96,252,2022-04-30T22:00:00Z
18,5,Bale,161,139,300,24,22,46,2,2,4,0,0,0,44,30,74,0,0,0,1,1,2,232,194,426,2022-04-30T22:00:00Z
18,502,Vodnjan,838,635,1473,46,25,71,10,2,12,7,2,9,87,51,138,0,1,1,0,0,0,988,716,1704,2022-04-30T22:00:00Z
18,516,Vrsar,454,519,973,87,35,122,3,1,4,6,1,7,201,174,375,0,0,0,1,1,2,752,731,1483,2022-04-30T22:00:00Z
18,531,Žminj,477,435,912,100,47,147,13,8,21,2,5,7,93,86,179,0,0,0,3,0,3,688,581,1269,2022-04-30T22:00:00Z
18,596,Karojba,121,153,274,33,7,40,2,1,3,0,0,0,43,10,53,0,1,1,0,0,0,199,172,371,2022-04-30T22:00:00Z
18,597,Kaštelir - Labinci,162,84,246,34,15,49,7,3,10,2,0,2,53,14,67,0,0,0,2,3,5,260,119,379,2022-04-30T22:00:00Z
18,6,Barban,258,116,374,39,5,44,11,5,16,1,1,2,26,25,51,0,0,0,2,2,4,337,154,491,2022-04-30T22:00:00Z
18,619,Fažana,338,296,634,31,20,51,1,1,2,5,4,9,54,46,100,0,0,0,0,2,2,429,369,798,2022-04-30T22:00:00Z
18,629,Funtana,196,204,400,24,15,39,1,1,2,1,0,1,75,80,155,0,0,0,1,0,1,298,300,598,2022-04-30T22:00:00Z
18,631,Tar-Vabriga,194,304,498,46,19,65,1,0,1,0,0,0,80,68,148,0,0,0,0,1,1,321,392,713,2022-04-30T22:00:00Z
19,198,Konavle,1493,1184,2677,203,75,278,19,9,28,34,7,41,113,141,254,0,0,0,9,3,12,1871,1419,3290,2022-04-30T22:00:00Z
19,204,Korčula,754,937,1691,149,64,213,14,7,21,67,10,77,178,161,339,0,0,0,11,15,26,1173,1194,2367,2022-04-30T22:00:00Z
19,219,Kula Norinska,39,38,77,10,1,11,1,0,1,0,0,0,7,6,13,0,0,0,0,0,0,57,45,102,2022-04-30T22:00:00Z
19,226,Lastovo,78,95,173,31,10,41,2,1,3,4,0,4,24,11,35,0,0,0,2,3,5,141,120,261,2022-04-30T22:00:00Z
19,25,Blato,576,407,983,62,18,80,16,4,20,10,7,17,161,49,210,0,0,0,7,5,12,832,490,1322,2022-04-30T22:00:00Z
19,264,Metković,2117,1731,3848,186,115,301,33,21,54,38,18,56,309,275,584,0,0,0,8,10,18,2691,2170,4861,2022-04-30T22:00:00Z
19,268,Mljet,193,108,301,27,11,38,4,0,4,1,2,3,28,26,54,0,0,0,2,1,3,255,148,403,2022-04-30T22:00:00Z
19,306,Opuzen,444,388,832,31,17,48,48,23,71,4,1,5,26,62,88,0,0,0,1,0,1,554,491,1045,2022-04-30T22:00:00Z
19,308,Orebić,442,430,872,85,46,131,27,8,35,31,6,37,111,90,201,0,0,0,7,16,23,703,596,1299,2022-04-30T22:00:00Z
19,335,Ploče,1342,907,2249,86,48,134,26,9,35,27,6,33,95,127,222,0,0,0,1,2,3,1577,1099,2676,2022-04-30T22:00:00Z
19,343,Pojezerje,28,30,58,4,2,6,7,0,7,0,0,0,2,4,6,0,0,0,0,0,0,41,36,77,2022-04-30T22:00:00Z
19,399,Slivno,179,41,220,10,6,16,15,5,20,1,0,1,8,12,20,0,0,0,1,0,1,214,64,278,2022-04-30T22:00:00Z
19,402,Smokvica,32,88,120,13,4,17,18,4,22,4,0,4,33,8,41,0,0,0,2,0,2,102,104,206,2022-04-30T22:00:00Z
19,419,Ston,505,236,741,57,14,71,22,5,27,8,1,9,47,33,80,0,0,0,1,2,3,640,291,931,2022-04-30T22:00:00Z
19,474,Vela Luka,308,534,842,65,23,88,9,2,11,39,4,43,91,66,157,0,0,0,2,6,8,514,635,1149,2022-04-30T22:00:00Z
19,523,Zažablje,12,7,19,3,0,3,4,2,6,1,0,1,12,2,14,0,0,0,0,0,0,32,11,43,2022-04-30T22:00:00Z
19,598,Dubrovačko Primorje,167,131,298,24,9,33,4,5,9,13,2,15,47,31,78,0,0,0,1,3,4,256,181,437,2022-04-30T22:00:00Z
19,599,Janjina,69,57,126,10,3,13,11,2,13,1,1,2,11,9,20,0,0,0,2,0,2,104,72,176,2022-04-30T22:00:00Z
19,600,Lumbarda,55,66,121,43,13,56,9,2,11,9,1,10,33,31,64,0,0,0,3,3,6,152,116,268,2022-04-30T22:00:00Z
19,601,Trpanj,61,53,114,15,4,19,2,1,3,5,1,6,20,9,29,0,0,0,2,3,5,105,71,176,2022-04-30T22:00:00Z
19,602,Župa Dubrovačka,767,799,1566,124,66,190,3,6,9,55,2,57,88,91,179,0,0,0,5,5,10,1042,969,2011,2022-04-30T22:00:00Z
19,98,Dubrovnik,11212,11705,22917,792,416,1208,29,17,46,517,75,592,747,742,1489,1,1,2,39,61,100,13337,13017,26354,2022-04-30T22:00:00Z
20,123,Goričan,324,155,479,8,4,12,8,2,10,0,2,2,11,13,24,0,0,0,0,0,0,351,176,527,2022-04-30T22:00:00Z
20,15,Belica,213,217,430,28,16,44,59,37,96,1,1,2,26,38,64,0,0,0,1,1,2,328,310,638,2022-04-30T22:00:00Z
20,206,Kotoriba,505,276,781,9,4,13,7,0,7,0,5,5,13,13,26,0,0,0,0,0,0,534,298,832,2022-04-30T22:00:00Z
20,250,Mala Subotica,512,1055,1567,25,18,43,37,15,52,2,6,8,24,28,52,0,0,0,0,4,4,600,1126,1726,2022-04-30T22:00:00Z
20,276,Mursko Središće,754,783,1537,49,25,74,15,6,21,3,6,9,49,55,104,0,0,0,2,2,4,872,877,1749,2022-04-30T22:00:00Z
20,279,Nedelišće,1412,810,2222,96,43,139,38,20,58,2,7,9,141,66,207,0,0,0,0,3,3,1689,949,2638,2022-04-30T22:00:00Z
20,342,Podturen,216,115,331,20,8,28,17,12,29,1,2,3,49,33,82,0,0,0,0,3,3,303,173,476,2022-04-30T22:00:00Z
20,355,Prelog,2394,1695,4089,63,19,82,51,31,82,9,10,19,73,60,133,0,0,0,3,5,8,2593,1820,4413,2022-04-30T22:00:00Z
20,385,Selnica,149,153,302,10,10,20,8,4,12,1,1,2,18,13,31,0,0,0,0,1,1,186,182,368,2022-04-30T22:00:00Z
20,440,Sveti Juraj Na Bregu,259,189,448,28,15,43,12,8,20,1,2,3,34,48,82,0,0,0,0,1,1,334,263,597,2022-04-30T22:00:00Z
20,441,Sveti Martin Na Muri,576,352,928,18,10,28,9,4,13,0,3,3,31,38,69,0,0,0,1,0,1,635,407,1042,2022-04-30T22:00:00Z
20,452,Štrigova,338,212,550,25,10,35,34,23,57,2,1,3,63,62,125,0,0,0,0,2,2,462,310,772,2022-04-30T22:00:00Z
20,504,Vratišinec,149,99,248,8,2,10,10,2,12,1,1,2,6,6,12,0,0,0,1,2,3,175,112,287,2022-04-30T22:00:00Z
20,60,Čakovec,9918,9042,18960,265,134,399,61,24,85,36,61,97,274,345,619,0,0,0,6,14,20,10560,9620,20180,2022-04-30T22:00:00Z
20,603,Dekanovec,94,85,179,4,1,5,5,4,9,0,1,1,5,2,7,0,0,0,0,1,1,108,94,202,2022-04-30T22:00:00Z
20,604,Gornji Mihaljevec,131,63,194,13,2,15,24,8,32,2,2,4,22,14,36,0,0,0,1,1,2,193,90,283,2022-04-30T22:00:00Z
20,605,Orehovica,130,141,271,17,3,20,30,11,41,1,2,3,50,22,72,0,0,0,0,4,4,228,183,411,2022-04-30T22:00:00Z
20,606,Strahoninec,254,164,418,12,4,16,3,2,5,0,1,1,36,13,49,0,0,0,0,2,2,305,186,491,2022-04-30T22:00:00Z
20,607,Sveta Marija,61,93,154,12,3,15,6,0,6,1,1,2,24,7,31,0,0,0,0,1,1,104,105,209,2022-04-30T22:00:00Z
20,608,Šenkovec,548,263,811,19,10,29,2,1,3,0,1,1,30,28,58,0,0,0,2,2,4,601,305,906,2022-04-30T22:00:00Z
20,620,Pribislavec,412,261,673,12,6,18,2,1,3,2,1,3,16,12,28,0,0,0,0,0,0,444,281,725,2022-04-30T22:00:00Z
20,75,Domašinec,255,107,362,7,9,16,18,16,34,0,1,1,17,11,28,0,0,0,2,2,4,299,146,445,2022-04-30T22:00:00Z
20,78,Donja Dubrava,200,223,423,13,5,18,5,3,8,0,1,1,11,11,22,0,0,0,0,0,0,229,243,472,2022-04-30T22:00:00Z
20,82,Donji Kraljevec,1342,636,1978,40,11,51,53,20,73,3,6,9,88,127,215,0,0,0,3,7,10,1529,807,2336,2022-04-30T22:00:00Z
20,89,Donji Vidovec,51,79,130,4,1,5,2,0,2,1,1,2,3,15,18,0,0,0,0,0,0,61,96,157,2022-04-30T22:00:00Z
21,133,Zagreb,230923,210467,441390,7962,5684,13646,301,187,488,2227,2086,4313,5445,6976,12421,19,6,25,332,524,856,247209,225930,473139,2022-04-30T22:00:00Z
01,101,Dugo Selo,2965,1980,4945,229,112,341,27,24,51,28,27,55,257,244,501,0,0,0,6,18,24,3512,2405,5917,2022-05-31T22:00:00Z
01,114,Farkaševac,151,221,372,7,3,10,27,10,37,0,2,2,37,19,56,0,0,0,1,0,1,223,255,478,2022-05-31T22:00:00Z
01,135,Gradec,143,130,273,16,1,17,12,7,19,0,1,1,39,18,57,0,0,0,0,2,2,210,159,369,2022-05-31T22:00:00Z
01,158,Ivanić-Grad,3029,1672,4701,100,75,175,53,35,88,11,19,30,143,182,325,1,0,1,9,10,19,3346,1993,5339,2022-05-31T22:00:00Z
01,163,Jakovlje,334,262,596,39,8,47,10,9,19,3,0,3,39,29,68,0,0,0,1,0,1,426,308,734,2022-05-31T22:00:00Z
01,169,Jastrebarsko,2324,1681,4005,231,112,343,52,38,90,17,19,36,253,238,491,0,0,0,4,7,11,2881,2095,4976,2022-05-31T22:00:00Z
01,190,Klinča Selo,210,176,386,39,7,46,5,3,8,0,0,0,69,50,119,0,0,0,0,0,0,323,236,559,2022-05-31T22:00:00Z
01,193,Kloštar Ivanić,376,307,683,26,7,33,19,6,25,4,9,13,52,37,89,1,0,1,3,3,6,481,369,850,2022-05-31T22:00:00Z
01,213,Križ,618,414,1032,25,22,47,20,13,33,6,6,12,26,59,85,0,0,0,2,2,4,697,516,1213,2022-05-31T22:00:00Z
01,33,Brckovljani,311,334,645,8,5,13,0,0,0,3,2,5,27,20,47,0,0,0,0,0,0,349,361,710,2022-05-31T22:00:00Z
01,331,Pisarovina,381,311,692,27,26,53,23,18,41,1,2,3,27,33,60,0,0,0,3,3,6,462,393,855,2022-05-31T22:00:00Z
01,34,Brdovec,860,735,1595,95,36,131,16,7,23,2,6,8,87,62,149,0,0,0,6,2,8,1066,848,1914,2022-05-31T22:00:00Z
01,356,Preseka,16,9,25,5,2,7,11,11,22,0,1,1,16,6,22,0,0,0,1,0,1,49,29,78,2022-05-31T22:00:00Z
01,362,Pušča,143,201,344,27,12,39,7,2,9,1,3,4,56,25,81,0,0,0,0,0,0,234,243,477,2022-05-31T22:00:00Z
01,376,Rugvica,1334,487,1821,8,4,12,3,2,5,1,2,3,16,20,36,0,0,0,0,0,0,1362,515,1877,2022-05-31T22:00:00Z
01,380,Samobor,5467,3888,9355,507,312,819,24,22,46,42,67,109,497,478,975,1,1,2,31,28,59,6569,4796,11365,2022-05-31T22:00:00Z
01,429,Sveti Ivan Zelina,2438,1988,4426,171,67,238,66,50,116,14,21,35,262,213,475,0,0,0,6,2,8,2957,2341,5298,2022-05-31T22:00:00Z
01,436,Sveta Nedjelja,5549,3437,8986,232,96,328,6,5,11,10,12,22,365,183,548,0,0,0,7,8,15,6169,3741,9910,2022-05-31T22:00:00Z
01,508,Vrbovec,2153,2015,4168,162,72,234,78,34,112,6,19,25,283,162,445,0,0,0,7,11,18,2689,2313,5002,2022-05-31T22:00:00Z
01,533,Krašić,263,186,449,27,8,35,14,12,26,2,2,4,23,24,47,0,0,0,1,1,2,330,233,563,2022-05-31T22:00:00Z
01,536,Rakovec,30,22,52,10,2,12,10,4,14,0,1,1,21,11,32,0,0,0,0,0,0,71,40,111,2022-05-31T22:00:00Z
01,539,Marija Gorica,75,100,175,14,3,17,0,0,0,1,1,2,18,21,39,0,0,0,0,0,0,108,125,233,2022-05-31T22:00:00Z
01,540,Žumberak,20,20,40,6,2,8,6,4,10,0,0,0,2,6,8,0,0,0,0,0,0,34,32,66,2022-05-31T22:00:00Z
01,541,Velika Gorica,8072,6185,14257,640,357,997,68,32,100,55,59,114,597,519,1116,0,0,0,18,27,45,9450,7179,16629,2022-05-31T22:00:00Z
01,542,Orle,41,25,66,16,0,16,8,4,12,0,0,0,13,5,18,0,0,0,0,0,0,78,34,112,2022-05-31T22:00:00Z
01,543,Zaprešić,3354,2988,6342,212,145,357,12,11,23,32,42,74,254,229,483,0,0,0,10,14,24,3874,3429,7303,2022-05-31T22:00:00Z
01,544,Pokupsko,44,55,99,11,7,18,13,5,18,0,0,0,8,9,17,0,0,0,0,0,0,76,76,152,2022-05-31T22:00:00Z
01,545,Kravarsko,117,106,223,33,11,44,5,6,11,0,0,0,72,16,88,0,0,0,1,1,2,228,140,368,2022-05-31T22:00:00Z
01,547,Bistra,358,499,857,51,21,72,7,5,12,1,7,8,54,41,95,1,0,1,0,2,2,472,575,1047,2022-05-31T22:00:00Z
01,548,Luka,256,101,357,15,2,17,2,3,5,1,1,2,21,20,41,0,0,0,0,0,0,295,127,422,2022-05-31T22:00:00Z
01,549,Dubravica,65,42,107,15,0,15,13,6,19,0,0,0,13,17,30,0,0,0,0,0,0,106,65,171,2022-05-31T22:00:00Z
01,550,Bedenica,213,149,362,13,4,17,5,5,10,1,1,2,12,10,22,0,0,0,0,0,0,244,169,413,2022-05-31T22:00:00Z
01,551,Stupnik,1439,554,1993,30,17,47,0,2,2,2,1,3,19,23,42,0,0,0,1,0,1,1491,597,2088,2022-05-31T22:00:00Z
01,97,Dubrava,308,327,635,46,18,64,64,43,107,6,12,18,70,73,143,0,0,0,2,5,7,496,478,974,2022-05-31T22:00:00Z
02,108,Đurmanec,120,144,264,59,16,75,1,2,3,3,1,4,109,91,200,0,0,0,2,2,4,294,256,550,2022-05-31T22:00:00Z
02,11,Bedekovčina,516,751,1267,88,41,129,7,6,13,8,7,15,124,107,231,0,0,0,3,3,6,746,915,1661,2022-05-31T22:00:00Z
02,125,Gornja Stubica,226,267,493,52,15,67,8,6,14,1,1,2,74,51,125,0,0,0,2,0,2,363,340,703,2022-05-31T22:00:00Z
02,146,Hraščina,47,45,92,8,2,10,2,3,5,0,1,1,4,7,11,0,0,0,0,0,0,61,58,119,2022-05-31T22:00:00Z
02,152,Hum Na Sutli,1536,648,2184,52,28,80,5,0,5,1,7,8,258,80,338,0,0,0,2,2,4,1854,765,2619,2022-05-31T22:00:00Z
02,187,Klanjec,284,253,537,71,27,98,12,8,20,5,1,6,70,47,117,0,0,0,2,2,4,444,338,782,2022-05-31T22:00:00Z
02,200,Konjščina,448,406,854,31,15,46,3,1,4,1,2,3,43,33,76,0,0,0,0,1,1,526,458,984,2022-05-31T22:00:00Z
02,208,Kraljevec Na Sutli,67,46,113,13,6,19,3,1,4,0,0,0,15,6,21,0,0,0,0,1,1,98,60,158,2022-05-31T22:00:00Z
02,211,Krapina,2874,2339,5213,173,93,266,8,5,13,15,16,31,171,168,339,0,0,0,1,5,6,3242,2626,5868,2022-05-31T22:00:00Z
02,212,Krapinske Toplice,585,1154,1739,68,36,104,5,6,11,0,5,5,106,71,177,0,0,0,1,1,2,765,1273,2038,2022-05-31T22:00:00Z
02,236,Lobor,162,232,394,23,8,31,3,3,6,0,0,0,34,15,49,0,0,0,1,2,3,223,260,483,2022-05-31T22:00:00Z
02,248,Mače,95,72,167,31,7,38,4,4,8,1,0,1,58,33,91,0,0,0,0,1,1,189,117,306,2022-05-31T22:00:00Z
02,256,Marija Bistrica,338,353,691,67,42,109,13,7,20,1,5,6,69,77,146,0,0,0,3,2,5,491,486,977,2022-05-31T22:00:00Z
02,265,Mihovljan,94,114,208,31,7,38,3,0,3,0,0,0,72,16,88,0,0,0,1,1,2,201,138,339,2022-05-31T22:00:00Z
02,311,Oroslavje,898,802,1700,73,37,110,10,2,12,6,7,13,92,56,148,0,0,0,3,2,5,1082,906,1988,2022-05-31T22:00:00Z
02,329,Petrovsko,83,50,133,16,3,19,1,0,1,5,0,5,57,10,67,0,0,0,1,0,1,163,63,226,2022-05-31T22:00:00Z
02,352,Pregrada,809,895,1704,111,32,143,3,5,8,6,6,12,159,101,260,0,0,0,2,0,2,1090,1039,2129,2022-05-31T22:00:00Z
02,364,Radoboj,142,100,242,17,12,29,2,1,3,0,2,2,60,23,83,0,0,0,0,0,0,221,138,359,2022-05-31T22:00:00Z
02,41,Budinščina,179,172,351,15,5,20,6,1,7,1,2,3,18,13,31,0,0,0,2,1,3,221,194,415,2022-05-31T22:00:00Z
02,422,Stubičke Toplice,256,417,673,32,18,50,0,2,2,2,5,7,61,31,92,0,0,0,1,0,1,352,473,825,2022-05-31T22:00:00Z
02,430,Sveti Križ Začretje,706,825,1531,75,22,97,10,4,14,1,4,5,144,103,247,0,0,0,4,3,7,940,961,1901,2022-05-31T22:00:00Z
02,466,Tuhelj,147,211,358,20,10,30,5,1,6,1,2,3,36,40,76,0,0,0,0,0,0,209,264,473,2022-05-31T22:00:00Z
02,481,Veliko Trgovišće,573,400,973,52,17,69,3,5,8,2,5,7,108,56,164,0,0,0,3,1,4,741,484,1225,2022-05-31T22:00:00Z
02,519,Zabok,2810,2840,5650,143,82,225,4,3,7,15,15,30,183,333,516,0,0,0,2,3,5,3157,3276,6433,2022-05-31T22:00:00Z
02,521,Zagorska Sela,9,53,62,7,1,8,6,2,8,0,1,1,16,5,21,0,0,0,0,0,0,38,62,100,2022-05-31T22:00:00Z
02,526,Zlatar,533,667,1200,99,44,143,25,15,40,8,7,15,113,88,201,0,0,0,2,1,3,780,822,1602,2022-05-31T22:00:00Z
02,527,Zlatar Bistrica,322,542,864,28,8,36,4,2,6,4,0,4,74,46,120,0,0,0,3,2,5,435,600,1035,2022-05-31T22:00:00Z
02,552,Jesenje,65,58,123,11,1,12,0,0,0,0,0,0,45,8,53,0,0,0,0,0,0,121,67,188,2022-05-31T22:00:00Z
02,553,Kumrovec,83,85,168,17,3,20,2,0,2,3,1,4,21,19,40,0,0,0,0,0,0,126,108,234,2022-05-31T22:00:00Z
02,554,Novi Golubovec,136,54,190,2,2,4,1,0,1,0,0,0,5,2,7,0,0,0,0,0,0,144,58,202,2022-05-31T22:00:00Z
02,70,Desinić,129,284,413,30,6,36,9,2,11,2,1,3,49,34,83,0,0,0,0,1,1,219,328,547,2022-05-31T22:00:00Z
02,79,Donja Stubica,902,814,1716,95,51,146,4,4,8,7,3,10,81,48,129,0,0,0,1,1,2,1090,921,2011,2022-05-31T22:00:00Z
03,102,Dvor,295,130,425,17,6,23,61,22,83,0,3,3,13,12,25,0,0,0,1,2,3,387,175,562,2022-05-31T22:00:00Z
03,121,Glina,1162,680,1842,42,23,65,59,27,86,5,10,15,65,66,131,0,0,0,0,0,0,1333,806,2139,2022-05-31T22:00:00Z
03,149,Hrvatska Dubica,77,66,143,9,2,11,11,3,14,0,0,0,3,6,9,0,0,0,0,0,0,100,77,177,2022-05-31T22:00:00Z
03,150,Hrvatska Kostajnica,404,312,716,19,9,28,8,2,10,1,3,4,10,23,33,0,0,0,3,0,3,445,349,794,2022-05-31T22:00:00Z
03,168,Jasenovac,131,110,241,13,4,17,14,5,19,0,0,0,15,11,26,0,0,0,0,1,1,173,131,304,2022-05-31T22:00:00Z
03,220,Kutina,3598,2882,6480,167,110,277,46,22,68,41,25,66,211,261,472,1,0,1,11,7,18,4075,3307,7382,2022-05-31T22:00:00Z
03,228,Lekenik,345,294,639,42,9,51,9,8,17,1,3,4,44,33,77,0,0,0,1,1,2,442,348,790,2022-05-31T22:00:00Z
03,232,Lipovljani,262,270,532,24,9,33,11,2,13,1,0,1,34,44,78,0,0,0,0,2,2,332,327,659,2022-05-31T22:00:00Z
03,259,Martinska Ves,133,57,190,10,2,12,28,14,42,3,0,3,46,13,59,0,0,0,0,1,1,220,87,307,2022-05-31T22:00:00Z
03,293,Novska,1342,997,2339,175,102,277,33,17,50,6,19,25,262,245,507,0,0,0,4,6,10,1822,1386,3208,2022-05-31T22:00:00Z
03,328,Petrinja,1696,1674,3370,242,87,329,67,27,94,11,21,32,302,285,587,0,0,0,5,3,8,2323,2097,4420,2022-05-31T22:00:00Z
03,347,Popovača,869,1025,1894,81,44,125,50,17,67,7,10,17,98,122,220,0,0,0,4,1,5,1109,1219,2328,2022-05-31T22:00:00Z
03,391,Sisak,7007,8012,15019,384,227,611,93,58,151,44,76,120,598,570,1168,0,0,0,17,16,33,8143,8959,17102,2022-05-31T22:00:00Z
03,426,Sunja,201,163,364,25,10,35,49,33,82,1,2,3,18,20,38,0,0,0,1,0,1,295,228,523,2022-05-31T22:00:00Z
03,457,Topusko,224,327,551,13,7,20,5,2,7,4,1,5,34,21,55,0,0,0,0,0,0,280,358,638,2022-05-31T22:00:00Z
03,477,Velika Ludina,122,152,274,11,9,20,16,3,19,0,0,0,29,21,50,0,0,0,1,0,1,179,185,364,2022-05-31T22:00:00Z
03,510,Gvozd,117,86,203,9,4,13,18,4,22,0,0,0,18,14,32,0,0,0,2,1,3,164,109,273,2022-05-31T22:00:00Z
03,555,Majur,143,55,198,1,1,2,3,1,4,0,0,0,2,0,2,0,0,0,0,0,0,149,57,206,2022-05-31T22:00:00Z
03,83,Donji Kukuruzari,42,65,107,5,0,5,6,2,8,0,0,0,2,2,4,0,0,0,1,0,1,56,69,125,2022-05-31T22:00:00Z
04,120,Generalski Stol,40,59,99,22,5,27,1,0,1,0,1,1,24,12,36,0,0,0,0,0,0,87,77,164,2022-05-31T22:00:00Z
04,172,Josipdol,193,163,356,26,16,42,3,8,11,2,1,3,45,55,100,0,0,0,0,0,0,269,243,512,2022-05-31T22:00:00Z
04,179,Karlovac,10504,8891,19395,421,303,724,75,50,125,68,90,158,617,802,1419,0,0,0,17,17,34,11702,10153,21855,2022-05-31T22:00:00Z
04,216,Krnjak,147,69,216,3,2,5,7,5,12,1,0,1,17,3,20,0,0,0,0,0,0,175,79,254,2022-05-31T22:00:00Z
04,225,Lasinja,49,52,101,4,3,7,0,5,5,2,0,2,6,9,15,0,0,0,0,0,0,61,69,130,2022-05-31T22:00:00Z
04,281,Netretić,94,102,196,18,2,20,2,1,3,1,1,2,40,32,72,0,0,0,0,0,0,155,138,293,2022-05-31T22:00:00Z
04,297,Ogulin,1783,1789,3572,141,87,228,41,19,60,8,32,40,145,185,330,0,0,0,6,8,14,2124,2120,4244,2022-05-31T22:00:00Z
04,30,Bosiljevo,97,79,176,3,0,3,0,0,0,1,1,2,26,31,57,0,0,0,0,0,0,127,111,238,2022-05-31T22:00:00Z
04,315,Ozalj,768,633,1401,91,32,123,21,13,34,4,9,13,123,97,220,0,1,1,2,5,7,1009,790,1799,2022-05-31T22:00:00Z
04,333,Plaški,90,60,150,9,4,13,10,2,12,0,0,0,40,29,69,0,0,0,0,0,0,149,95,244,2022-05-31T22:00:00Z
04,365,Rakovica,152,203,355,8,11,19,3,4,7,0,0,0,84,101,185,0,0,0,1,0,1,248,319,567,2022-05-31T22:00:00Z
04,378,Saborsko,12,13,25,0,1,1,1,0,1,0,0,0,6,1,7,0,0,0,0,0,0,19,15,34,2022-05-31T22:00:00Z
04,400,Slunj,340,415,755,50,18,68,36,19,55,3,4,7,122,108,230,0,0,0,3,14,17,554,578,1132,2022-05-31T22:00:00Z
04,49,Cetingrad,68,56,124,7,0,7,2,4,6,0,0,0,6,7,13,0,0,0,0,0,0,83,67,150,2022-05-31T22:00:00Z
04,503,Vojnić,346,240,586,21,15,36,41,12,53,1,0,1,33,30,63,0,0,0,2,1,3,444,298,742,2022-05-31T22:00:00Z
04,530,Žakanje,156,101,257,26,11,37,4,1,5,0,0,0,27,28,55,0,0,0,0,1,1,213,142,355,2022-05-31T22:00:00Z
04,556,Ribnik,8,4,12,11,3,14,1,2,3,0,0,0,6,9,15,0,0,0,0,0,0,26,18,44,2022-05-31T22:00:00Z
04,557,Tounj,64,23,87,5,0,5,0,0,0,0,0,0,5,6,11,0,0,0,0,0,0,74,29,103,2022-05-31T22:00:00Z
04,623,Kamanje,162,103,265,3,2,5,0,0,0,0,0,0,2,6,8,0,0,0,0,0,0,167,111,278,2022-05-31T22:00:00Z
04,7,Barilovići,273,154,427,21,10,31,7,0,7,0,1,1,112,30,142,0,0,0,0,0,0,413,195,608,2022-05-31T22:00:00Z
04,90,Draganić,161,139,300,13,4,17,7,3,10,1,1,2,17,23,40,0,0,0,0,0,0,199,170,369,2022-05-31T22:00:00Z
04,99,Duga Resa,1255,1064,2319,137,71,208,23,19,42,5,18,23,191,226,417,0,0,0,4,9,13,1615,1407,3022,2022-05-31T22:00:00Z
05,12,Bednja,204,178,382,18,7,25,2,5,7,2,1,3,26,16,42,0,0,0,0,0,0,252,207,459,2022-05-31T22:00:00Z
05,129,Gornji Kneginec,597,1004,1601,50,29,79,9,4,13,2,7,9,66,54,120,0,0,0,3,4,7,727,1102,1829,2022-05-31T22:00:00Z
05,151,Breznički Hum,204,142,346,14,4,18,7,5,12,0,1,1,21,12,33,1,0,1,2,6,8,249,170,419,2022-05-31T22:00:00Z
05,156,Ivanec,2120,1833,3953,166,61,227,12,10,22,10,17,27,321,264,585,0,0,0,4,12,16,2633,2197,4830,2022-05-31T22:00:00Z
05,165,Jalžabet,761,1077,1838,21,4,25,11,6,17,0,3,3,36,23,59,0,0,0,0,1,1,829,1114,1943,2022-05-31T22:00:00Z
05,189,Klenovnik,147,53,200,8,4,12,0,1,1,0,0,0,23,25,48,0,0,0,2,0,2,180,83,263,2022-05-31T22:00:00Z
05,19,Beretinec,78,42,120,18,2,20,3,2,5,0,1,1,14,26,40,0,0,0,1,0,1,114,73,187,2022-05-31T22:00:00Z
05,229,Lepoglava,1363,599,1962,63,33,96,5,3,8,1,4,5,96,55,151,0,0,0,1,9,10,1529,703,2232,2022-05-31T22:00:00Z
05,244,Ludbreg,1810,1554,3364,120,62,182,58,35,93,11,13,24,251,185,436,0,0,0,2,5,7,2252,1854,4106,2022-05-31T22:00:00Z
05,247,Ljubešćica,340,166,506,26,7,33,2,0,2,1,3,4,96,25,121,0,0,0,1,0,1,466,201,667,2022-05-31T22:00:00Z
05,251,Mali Bukovec,39,84,123,12,6,18,26,15,41,0,1,1,100,33,133,0,0,0,0,1,1,177,140,317,2022-05-31T22:00:00Z
05,260,Maruševec,373,299,672,59,25,84,23,25,48,3,2,5,116,39,155,0,0,0,3,1,4,577,391,968,2022-05-31T22:00:00Z
05,289,Novi Marof,1209,1187,2396,166,69,235,15,10,25,9,15,24,300,174,474,0,0,0,7,5,12,1706,1460,3166,2022-05-31T22:00:00Z
05,326,Petrijanec,450,726,1176,24,7,31,15,9,24,1,3,4,80,80,160,0,0,0,0,1,1,570,826,1396,2022-05-31T22:00:00Z
05,36,Breznica,152,64,216,18,3,21,4,5,9,1,4,5,35,15,50,0,0,0,0,0,0,210,91,301,2022-05-31T22:00:00Z
05,410,Sračinec,265,259,524,41,15,56,2,2,4,1,6,7,90,60,150,0,0,0,0,2,2,399,344,743,2022-05-31T22:00:00Z
05,437,Sveti Đurđ,72,102,174,32,4,36,28,8,36,3,1,4,34,34,68,0,0,0,0,0,0,169,149,318,2022-05-31T22:00:00Z
05,438,Sveti Ilija,187,201,388,17,7,24,2,1,3,1,4,5,42,30,72,0,0,0,0,0,0,249,243,492,2022-05-31T22:00:00Z
05,462,Trnovec Bartolovečki,1191,1440,2631,71,20,91,16,6,22,2,4,6,313,93,406,0,0,0,1,1,2,1594,1564,3158,2022-05-31T22:00:00Z
05,472,Varaždin,16638,15370,32008,506,370,876,50,24,74,76,115,191,528,659,1187,0,0,0,22,16,38,17820,16554,34374,2022-05-31T22:00:00Z
05,473,Varaždinske Toplice,606,496,1102,45,23,68,10,6,16,5,6,11,181,47,228,0,0,0,2,2,4,849,580,1429,2022-05-31T22:00:00Z
05,48,Cestica,405,388,793,51,28,79,12,17,29,1,4,5,104,76,180,0,0,0,0,4,4,573,517,1090,2022-05-31T22:00:00Z
05,484,Vidovec,250,261,511,50,15,65,58,31,89,2,5,7,112,93,205,0,0,0,0,0,0,472,405,877,2022-05-31T22:00:00Z
05,486,Vinica,326,217,543,19,9,28,5,4,9,1,5,6,32,27,59,0,0,0,0,1,1,383,263,646,2022-05-31T22:00:00Z
05,493,Visoko,104,54,158,18,0,18,6,3,9,0,0,0,25,26,51,0,0,0,1,0,1,154,83,237,2022-05-31T22:00:00Z
05,558,Veliki Bukovec,367,259,626,5,2,7,22,10,32,0,1,1,38,28,66,0,0,0,0,0,0,432,300,732,2022-05-31T22:00:00Z
05,80,Donja Voća,84,61,145,10,1,11,5,8,13,0,1,1,28,21,49,0,0,0,0,1,1,127,93,220,2022-05-31T22:00:00Z
05,85,Donji Martijanec,350,173,523,27,7,34,19,4,23,1,1,2,49,32,81,0,0,0,0,0,0,446,217,663,2022-05-31T22:00:00Z
06,104,Đelekovec,30,44,74,21,12,33,39,12,51,0,1,1,17,11,28,0,0,0,0,0,0,107,80,187,2022-05-31T22:00:00Z
06,107,Đurđevac,1394,1221,2615,83,44,127,73,39,112,13,11,24,86,66,152,0,0,0,11,6,17,1660,1387,3047,2022-05-31T22:00:00Z
06,115,Ferdinandovac,43,90,133,11,3,14,40,33,73,1,1,2,18,7,25,0,0,0,0,0,0,113,134,247,2022-05-31T22:00:00Z
06,122,Gola,194,175,369,11,2,13,88,38,126,0,2,2,5,24,29,0,0,0,0,1,1,298,242,540,2022-05-31T22:00:00Z
06,145,Hlebine,11,30,41,1,0,1,14,3,17,1,1,2,0,6,6,0,0,0,1,1,2,28,41,69,2022-05-31T22:00:00Z
06,194,Kloštar Podravski,183,170,353,17,12,29,39,35,74,0,1,1,36,61,97,0,0,0,1,0,1,276,279,555,2022-05-31T22:00:00Z
06,201,Koprivnica,7129,7537,14666,345,197,542,58,29,87,60,69,129,408,442,850,0,2,2,16,16,32,8016,8292,16308,2022-05-31T22:00:00Z
06,202,Koprivnički Bregi,54,76,130,18,3,21,23,8,31,0,0,0,37,8,45,0,0,0,0,0,0,132,95,227,2022-05-31T22:00:00Z
06,203,Koprivnički Ivanec,69,54,123,25,4,29,25,8,33,0,0,0,16,11,27,0,0,0,0,0,0,135,77,212,2022-05-31T22:00:00Z
06,214,Križevci,3450,3698,7148,171,101,272,231,178,409,12,29,41,246,226,472,0,0,0,7,11,18,4117,4243,8360,2022-05-31T22:00:00Z
06,227,Legrad,64,88,152,16,5,21,21,5,26,1,2,3,22,18,40,0,0,0,0,0,0,124,118,242,2022-05-31T22:00:00Z
06,270,Molve,215,118,333,7,9,16,52,28,80,1,2,3,39,21,60,0,0,0,2,2,4,316,180,496,2022-05-31T22:00:00Z
06,292,Novigrad Podravski,100,152,252,10,1,11,18,12,30,0,2,2,17,22,39,0,0,0,0,1,1,145,190,335,2022-05-31T22:00:00Z
06,324,Peteranec,69,48,117,17,3,20,21,9,30,1,1,2,25,14,39,0,0,0,0,1,1,133,76,209,2022-05-31T22:00:00Z
06,366,Rasinja,47,77,124,22,4,26,54,23,77,1,0,1,20,21,41,0,0,0,1,0,1,145,125,270,2022-05-31T22:00:00Z
06,405,Sokolovac,224,96,320,18,4,22,46,17,63,6,4,10,20,8,28,0,0,0,0,0,0,314,129,443,2022-05-31T22:00:00Z
06,439,Sveti Ivan Žabno,269,196,465,41,18,59,98,60,158,1,2,3,47,61,108,0,0,0,0,1,1,456,338,794,2022-05-31T22:00:00Z
06,442,Sveti Petar Orehovec,132,121,253,29,6,35,133,123,256,1,1,2,41,23,64,0,0,0,1,0,1,337,274,611,2022-05-31T22:00:00Z
06,490,Virje,298,210,508,27,13,40,38,20,58,4,1,5,30,35,65,0,0,0,0,2,2,397,281,678,2022-05-31T22:00:00Z
06,559,Kalinovac,414,102,516,5,1,6,8,2,10,0,0,0,8,10,18,0,0,0,2,1,3,437,116,553,2022-05-31T22:00:00Z
06,560,Kalnik,42,48,90,2,4,6,19,22,41,0,1,1,8,4,12,0,0,0,0,0,0,71,79,150,2022-05-31T22:00:00Z
06,561,Novo Virje,43,40,83,2,0,2,38,26,64,0,0,0,15,6,21,0,0,0,0,1,1,98,73,171,2022-05-31T22:00:00Z
06,616,Podravske Sesvete,109,111,220,3,4,7,25,15,40,1,0,1,7,6,13,0,0,0,1,1,2,146,137,283,2022-05-31T22:00:00Z
06,618,Gornja Reka,96,97,193,6,2,8,8,7,15,0,0,0,3,3,6,0,0,0,0,0,0,113,109,222,2022-05-31T22:00:00Z
06,96,Drnje,113,109,222,12,3,15,17,10,27,0,1,1,7,10,17,0,0,0,1,0,1,150,133,283,2022-05-31T22:00:00Z
07,105,Đulovac,270,64,334,9,8,17,32,16,48,2,0,2,119,32,151,0,0,0,0,0,0,432,120,552,2022-05-31T22:00:00Z
07,119,Garešnica,1080,1081,2161,56,31,87,57,36,93,15,16,31,111,123,234,0,0,0,1,4,5,1320,1291,2611,2022-05-31T22:00:00Z
07,139,Grubišno Polje,593,525,1118,37,25,62,104,40,144,4,10,14,64,66,130,0,0,0,1,3,4,803,669,1472,2022-05-31T22:00:00Z
07,144,Hercegovac,148,148,296,19,3,22,51,16,67,1,1,2,44,36,80,0,0,0,1,2,3,264,206,470,2022-05-31T22:00:00Z
07,161,Ivanska,133,91,224,4,3,7,47,13,60,2,3,5,86,26,112,0,0,0,2,1,3,274,137,411,2022-05-31T22:00:00Z
07,176,Kapela,96,87,183,4,2,6,43,26,69,0,1,1,19,8,27,0,0,0,1,0,1,163,124,287,2022-05-31T22:00:00Z
07,18,Berek,44,45,89,7,2,9,20,16,36,0,0,0,8,7,15,0,0,0,0,0,0,79,70,149,2022-05-31T22:00:00Z
07,199,Končanica,129,70,199,8,1,9,35,15,50,0,0,0,13,10,23,0,0,0,1,2,3,186,98,284,2022-05-31T22:00:00Z
07,24,Bjelovar,7140,6823,13963,295,179,474,200,99,299,48,75,123,424,516,940,2,0,2,15,13,28,8124,7705,15829,2022-05-31T22:00:00Z
07,287,Nova Rača,91,118,209,13,3,16,74,33,107,0,2,2,30,12,42,0,0,0,0,1,1,208,169,377,2022-05-31T22:00:00Z
07,375,Rovišće,209,216,425,25,11,36,51,34,85,1,3,4,24,37,61,0,0,0,0,1,1,310,302,612,2022-05-31T22:00:00Z
07,390,Sirač,308,154,462,9,2,11,12,4,16,1,1,2,13,9,22,0,0,0,0,2,2,343,172,515,2022-05-31T22:00:00Z
07,450,Štefanje,46,57,103,7,3,10,31,12,43,1,2,3,34,24,58,0,0,0,2,0,2,121,98,219,2022-05-31T22:00:00Z
07,478,Velika Pisanica,80,73,153,5,1,6,30,14,44,1,0,1,12,7,19,0,0,0,0,0,0,128,95,223,2022-05-31T22:00:00Z
07,480,Veliki Grđevac,156,138,294,11,6,17,73,30,103,1,2,3,74,25,99,0,0,0,1,0,1,316,201,517,2022-05-31T22:00:00Z
07,483,Veliko Trojstvo,68,111,179,13,3,16,15,13,28,1,0,1,41,15,56,0,0,0,0,0,0,138,142,280,2022-05-31T22:00:00Z
07,562,Severin,63,27,90,1,0,1,16,13,29,0,0,0,14,30,44,0,0,0,0,0,0,94,70,164,2022-05-31T22:00:00Z
07,564,Šandrovac,30,50,80,4,0,4,14,8,22,1,0,1,13,6,19,0,0,0,0,0,0,62,64,126,2022-05-31T22:00:00Z
07,565,Velika Trnovitica,58,65,123,8,3,11,31,22,53,1,0,1,20,9,29,0,0,0,1,1,2,119,100,219,2022-05-31T22:00:00Z
07,566,Zrinski Topolovac,13,18,31,2,1,3,29,17,46,0,0,0,4,2,6,0,0,0,0,1,1,48,39,87,2022-05-31T22:00:00Z
07,63,Čazma,1097,799,1896,55,20,75,52,37,89,7,11,18,118,75,193,0,0,0,6,0,6,1335,942,2277,2022-05-31T22:00:00Z
07,67,Daruvar,1418,1720,3138,76,55,131,39,20,59,18,20,38,142,174,316,0,0,0,3,9,12,1696,1998,3694,2022-05-31T22:00:00Z
07,71,Dežanovac,126,74,200,10,2,12,73,34,107,0,0,0,37,17,54,0,0,0,0,1,1,246,128,374,2022-05-31T22:00:00Z
08,117,Fužine,271,186,457,19,11,30,0,2,2,3,1,4,19,22,41,0,0,0,3,0,3,315,222,537,2022-05-31T22:00:00Z
08,170,Jelenje,294,252,546,98,46,144,6,1,7,34,9,43,57,44,101,0,0,0,3,1,4,492,353,845,2022-05-31T22:00:00Z
08,180,Kastav,1126,858,1984,138,71,209,3,1,4,49,10,59,113,84,197,1,1,2,6,5,11,1436,1030,2466,2022-05-31T22:00:00Z
08,186,Klana,371,210,581,23,8,31,1,2,3,4,2,6,15,8,23,0,0,0,1,2,3,415,232,647,2022-05-31T22:00:00Z
08,209,Kraljevica,347,318,665,39,23,62,2,1,3,41,4,45,30,38,68,1,0,1,3,7,10,463,391,854,2022-05-31T22:00:00Z
08,215,Krk,2102,1551,3653,280,129,409,13,7,20,26,16,42,395,281,676,0,0,0,6,10,16,2822,1994,4816,2022-05-31T22:00:00Z
08,237,Lokve,116,92,208,14,5,19,0,1,1,0,3,3,7,7,14,0,0,0,1,0,1,138,108,246,2022-05-31T22:00:00Z
08,242,Lovran,444,639,1083,98,39,137,1,1,2,15,8,23,53,70,123,0,0,0,3,7,10,614,764,1378,2022-05-31T22:00:00Z
08,252,Mali Lošinj,1765,1840,3605,235,92,327,24,10,34,37,19,56,280,251,531,0,0,0,6,3,9,2347,2215,4562,2022-05-31T22:00:00Z
08,253,Malinska-Dubašnica,633,938,1571,153,77,230,6,9,15,11,4,15,253,226,479,0,0,0,4,5,9,1060,1259,2319,2022-05-31T22:00:00Z
08,261,Matulji,1530,1079,2609,225,126,351,16,5,21,40,16,56,186,181,367,1,0,1,4,12,16,2002,1419,3421,2022-05-31T22:00:00Z
08,273,Mošćenička Draga,134,105,239,52,20,72,0,1,1,3,4,7,55,54,109,0,0,0,2,4,6,246,188,434,2022-05-31T22:00:00Z
08,275,Mrkopalj,60,47,107,13,3,16,2,0,2,1,0,1,8,10,18,0,0,0,1,0,1,85,60,145,2022-05-31T22:00:00Z
08,290,Novi Vinodolski,625,519,1144,125,64,189,7,4,11,14,7,21,163,119,282,0,0,0,2,5,7,936,718,1654,2022-05-31T22:00:00Z
08,301,Omišalj,716,541,1257,83,26,109,0,0,0,10,4,14,116,66,182,0,0,0,0,1,1,925,638,1563,2022-05-31T22:00:00Z
08,302,Opatija,2411,2962,5373,206,122,328,6,4,10,60,26,86,120,173,293,0,1,1,12,13,25,2815,3301,6116,2022-05-31T22:00:00Z
08,360,Punat,339,234,573,78,27,105,4,0,4,4,1,5,127,103,230,0,0,0,0,0,0,552,365,917,2022-05-31T22:00:00Z
08,363,Rab,1134,1320,2454,358,106,464,13,6,19,20,12,32,457,374,831,0,0,0,6,10,16,1988,1828,3816,2022-05-31T22:00:00Z
08,369,Ravna Gora,281,289,570,30,11,41,2,1,3,3,1,4,39,19,58,0,0,0,1,5,6,356,326,682,2022-05-31T22:00:00Z
08,373,Rijeka,27821,28389,56210,1261,1082,2343,19,15,34,1010,354,1364,891,1288,2179,4,3,7,89,114,203,31095,31245,62340,2022-05-31T22:00:00Z
08,38,Brod Moravice,42,34,76,8,1,9,1,0,1,0,1,1,10,3,13,0,0,0,1,0,1,62,39,101,2022-05-31T22:00:00Z
08,393,Skrad,45,42,87,4,3,7,1,1,2,1,1,2,2,6,8,0,0,0,0,0,0,53,53,106,2022-05-31T22:00:00Z
08,4,Bakar,2045,1044,3089,63,44,107,3,0,3,68,10,78,76,70,146,0,0,0,3,10,13,2258,1178,3436,2022-05-31T22:00:00Z
08,488,Vinodolska Općina,187,155,342,54,22,76,2,0,2,11,1,12,42,16,58,1,0,1,1,1,2,298,195,493,2022-05-31T22:00:00Z
08,495,Viškovo,1667,1155,2822,206,107,313,7,4,11,59,17,76,156,144,300,0,0,0,13,11,24,2108,1438,3546,2022-05-31T22:00:00Z
08,507,Vrbnik,168,129,297,37,13,50,9,2,11,1,0,1,56,40,96,0,0,0,0,1,1,271,185,456,2022-05-31T22:00:00Z
08,509,Vrbovsko,347,304,651,60,19,79,4,4,8,0,5,5,76,41,117,0,0,0,0,1,1,487,374,861,2022-05-31T22:00:00Z
08,52,Cres,607,551,1158,93,36,129,9,3,12,10,3,13,120,140,260,0,0,0,3,2,5,842,735,1577,2022-05-31T22:00:00Z
08,53,Crikvenica,1539,1965,3504,266,151,417,6,2,8,37,22,59,401,342,743,0,0,0,6,7,13,2255,2489,4744,2022-05-31T22:00:00Z
08,538,Kostrena,486,312,798,43,26,69,1,1,2,70,7,77,20,36,56,0,0,0,2,3,5,622,385,1007,2022-05-31T22:00:00Z
08,55,Čabar,327,276,603,57,17,74,7,4,11,6,0,6,150,51,201,0,0,0,0,2,2,547,350,897,2022-05-31T22:00:00Z
08,61,Čavle,649,567,1216,96,52,148,1,2,3,32,10,42,110,87,197,0,0,0,3,1,4,891,719,1610,2022-05-31T22:00:00Z
08,624,Lopar,91,55,146,48,12,60,0,1,1,1,0,1,96,122,218,0,0,0,0,4,4,236,194,430,2022-05-31T22:00:00Z
08,69,Delnice,1135,756,1891,71,50,121,5,1,6,11,11,22,80,103,183,0,0,0,2,8,10,1304,929,2233,2022-05-31T22:00:00Z
08,74,Dobrinj,182,114,296,52,25,77,1,2,3,3,2,5,123,70,193,0,0,0,1,1,2,362,214,576,2022-05-31T22:00:00Z
08,8,Baška,359,365,724,97,47,144,6,3,9,3,3,6,154,151,305,0,0,0,5,4,9,624,573,1197,2022-05-31T22:00:00Z
09,130,Gospić,2268,2326,4594,98,63,161,75,44,119,12,9,21,135,172,307,0,0,0,11,10,21,2599,2624,5223,2022-05-31T22:00:00Z
09,178,Karlobag,112,126,238,13,6,19,7,1,8,3,0,3,9,6,15,0,0,0,0,1,1,144,140,284,2022-05-31T22:00:00Z
09,240,Lovinac,213,90,303,1,0,1,1,1,2,0,0,0,2,2,4,0,0,0,0,0,0,217,93,310,2022-05-31T22:00:00Z
09,288,Novalja,1425,1032,2457,162,62,224,23,11,34,5,5,10,312,200,512,0,0,0,1,5,6,1928,1315,3243,2022-05-31T22:00:00Z
09,313,Otočac,835,899,1734,93,40,133,54,27,81,7,6,13,113,113,226,0,0,0,1,3,4,1103,1088,2191,2022-05-31T22:00:00Z
09,323,Perušić,343,275,618,22,11,33,32,18,50,0,1,1,19,21,40,0,0,0,0,0,0,416,326,742,2022-05-31T22:00:00Z
09,37,Brinje,376,217,593,23,6,29,8,6,14,0,1,1,9,19,28,0,0,0,0,1,1,416,250,666,2022-05-31T22:00:00Z
09,387,Senj,756,685,1441,109,58,167,5,5,10,21,7,28,161,177,338,0,0,0,5,5,10,1057,937,1994,2022-05-31T22:00:00Z
09,455,Plitvička Jezera,808,853,1661,50,21,71,61,17,78,2,5,7,220,171,391,0,0,0,1,0,1,1142,1067,2209,2022-05-31T22:00:00Z
09,467,Udbina,133,88,221,10,5,15,36,13,49,0,0,0,15,18,33,0,0,0,4,0,4,198,124,322,2022-05-31T22:00:00Z
09,512,Vrhovine,109,42,151,3,3,6,8,2,10,0,0,0,5,3,8,0,0,0,0,0,0,125,50,175,2022-05-31T22:00:00Z
09,84,Donji Lapac,115,73,188,7,4,11,26,7,33,0,0,0,12,5,17,0,0,0,0,0,0,160,89,249,2022-05-31T22:00:00Z
10,136,Gradina,79,94,173,14,8,22,126,47,173,2,0,2,42,28,70,0,0,0,0,0,0,263,177,440,2022-05-31T22:00:00Z
10,245,Lukač,206,112,318,14,5,19,50,17,67,1,0,1,55,37,92,0,0,0,0,0,0,326,171,497,2022-05-31T22:00:00Z
10,266,Mikleuš,70,46,116,8,2,10,14,8,22,0,0,0,14,10,24,0,0,0,0,0,0,106,66,172,2022-05-31T22:00:00Z
10,283,Nova Bukovica,43,40,83,10,5,15,35,9,44,1,0,1,22,17,39,0,0,0,1,0,1,112,71,183,2022-05-31T22:00:00Z
10,307,Orahovica,945,667,1612,71,33,104,11,3,14,9,10,19,119,106,225,0,0,0,2,4,6,1157,823,1980,2022-05-31T22:00:00Z
10,332,Pitomača,694,701,1395,87,41,128,151,86,237,1,8,9,232,187,419,0,0,0,1,2,3,1166,1025,2191,2022-05-31T22:00:00Z
10,395,Slatina,1511,1437,2948,154,75,229,136,39,175,12,22,34,206,261,467,0,0,0,3,6,9,2022,1840,3862,2022-05-31T22:00:00Z
10,407,Sopje,154,45,199,4,1,5,89,18,107,0,0,0,21,22,43,0,0,0,0,0,0,268,86,354,2022-05-31T22:00:00Z
10,424,Suhopolje,257,252,509,24,21,45,103,41,144,1,1,2,73,57,130,0,0,0,2,2,4,460,374,834,2022-05-31T22:00:00Z
10,449,Špišić Bukovica,141,162,303,22,9,31,161,59,220,1,3,4,35,61,96,0,0,0,1,1,2,361,295,656,2022-05-31T22:00:00Z
10,491,Virovitica,3865,3948,7813,188,110,298,98,26,124,31,19,50,385,378,763,1,0,1,8,11,19,4576,4492,9068,2022-05-31T22:00:00Z
10,499,Voćin,152,102,254,9,3,12,24,34,58,0,1,1,14,7,21,0,0,0,0,0,0,199,147,346,2022-05-31T22:00:00Z
10,524,Zdenci,131,86,217,9,3,12,19,7,26,0,0,0,15,13,28,0,0,0,0,2,2,174,111,285,2022-05-31T22:00:00Z
10,54,Crnac,24,30,54,14,4,18,19,7,26,0,0,0,18,13,31,0,0,0,0,0,0,75,54,129,2022-05-31T22:00:00Z
10,56,Čačinci,164,107,271,20,14,34,19,9,28,0,3,3,29,29,58,0,0,0,0,1,1,232,163,395,2022-05-31T22:00:00Z
10,57,Čađavica,119,86,205,13,8,21,67,17,84,0,0,0,49,32,81,0,0,0,0,0,0,248,143,391,2022-05-31T22:00:00Z
11,164,Jakšić,150,104,254,31,4,35,24,5,29,0,2,2,46,15,61,0,0,0,0,0,0,251,130,381,2022-05-31T22:00:00Z
11,177,Kaptol,91,82,173,16,2,18,22,3,25,0,1,1,41,9,50,0,0,0,0,1,1,170,98,268,2022-05-31T22:00:00Z
11,221,Kutjevo,557,418,975,50,18,68,68,29,97,1,2,3,76,69,145,0,0,0,8,1,9,760,537,1297,2022-05-31T22:00:00Z
11,231,Lipik,761,609,1370,39,15,54,25,17,42,1,11,12,57,56,113,0,0,0,1,0,1,884,708,1592,2022-05-31T22:00:00Z
11,318,Pakrac,660,1084,1744,83,34,117,59,19,78,13,18,31,178,98,276,0,0,0,1,3,4,994,1256,2250,2022-05-31T22:00:00Z
11,334,Pleternica,596,439,1035,83,29,112,51,12,63,3,5,8,174,131,305,0,0,0,2,6,8,909,622,1531,2022-05-31T22:00:00Z
11,35,Brestovac,113,102,215,17,3,20,14,3,17,1,1,2,30,14,44,0,0,0,0,1,1,175,124,299,2022-05-31T22:00:00Z
11,351,Požega,5226,4379,9605,309,163,472,127,42,169,40,80,120,415,358,773,0,1,1,11,20,31,6128,5043,11171,2022-05-31T22:00:00Z
11,475,Velika,321,294,615,25,15,40,21,4,25,2,3,5,50,42,92,0,0,0,0,0,0,419,358,777,2022-05-31T22:00:00Z
11,58,Čaglin,107,164,271,8,1,9,16,5,21,0,1,1,15,13,28,0,0,0,0,0,0,146,184,330,2022-05-31T22:00:00Z
12,10,Bebrina,40,49,89,10,8,18,20,5,25,2,0,2,9,10,19,0,0,0,1,0,1,82,72,154,2022-05-31T22:00:00Z
12,118,Garčin,138,176,314,31,10,41,32,19,51,0,0,0,27,28,55,0,0,0,0,0,0,228,233,461,2022-05-31T22:00:00Z
12,127,Gornji Bogićevci,54,38,92,11,2,13,11,2,13,0,0,0,17,25,42,0,0,0,0,0,0,93,67,160,2022-05-31T22:00:00Z
12,140,Gundinci,82,53,135,13,3,16,50,23,73,0,0,0,16,9,25,0,0,0,0,0,0,161,88,249,2022-05-31T22:00:00Z
12,185,Klakar,87,50,137,12,3,15,22,4,26,0,1,1,13,14,27,0,0,0,1,0,1,135,72,207,2022-05-31T22:00:00Z
12,284,Nova Gradiška,2226,2081,4307,148,99,247,26,19,45,21,20,41,270,302,572,0,0,0,3,3,6,2694,2524,5218,2022-05-31T22:00:00Z
12,285,Nova Kapela,153,183,336,25,19,44,23,7,30,2,3,5,53,56,109,0,0,0,1,1,2,257,269,526,2022-05-31T22:00:00Z
12,299,Okučani,215,151,366,30,9,39,12,2,14,0,1,1,40,21,61,0,0,0,1,3,4,298,187,485,2022-05-31T22:00:00Z
12,303,Oprisavci,291,174,465,10,0,10,35,11,46,1,0,1,9,15,24,0,0,0,0,0,0,346,200,546,2022-05-31T22:00:00Z
12,309,Oriovac,288,279,567,42,21,63,21,12,33,2,2,4,72,55,127,0,0,0,1,2,3,426,371,797,2022-05-31T22:00:00Z
12,338,Podcrkavlje,37,33,70,17,1,18,7,2,9,0,1,1,22,7,29,0,0,0,0,0,0,83,44,127,2022-05-31T22:00:00Z
12,372,Rešetari,204,238,442,38,8,46,18,7,25,3,1,4,84,48,132,0,0,0,0,0,0,347,302,649,2022-05-31T22:00:00Z
12,388,Sibinj,131,212,343,58,19,77,17,2,19,0,0,0,69,40,109,0,0,0,2,3,5,277,276,553,2022-05-31T22:00:00Z
12,39,Brodski Stupnik,72,66,138,14,9,23,10,3,13,2,0,2,64,38,102,0,0,0,0,0,0,162,116,278,2022-05-31T22:00:00Z
12,396,Slavonski Brod,13626,9342,22968,633,352,985,44,30,74,78,88,166,931,958,1889,0,0,0,14,19,33,15326,10789,26115,2022-05-31T22:00:00Z
12,397,Slavonski Šamac,66,54,120,9,4,13,16,9,25,0,1,1,12,5,17,0,0,0,0,0,0,103,73,176,2022-05-31T22:00:00Z
12,412,Stara Gradiška,157,90,247,4,2,6,8,3,11,0,0,0,24,8,32,0,0,0,0,0,0,193,103,296,2022-05-31T22:00:00Z
12,418,Staro Petrovo Selo,196,116,312,33,10,43,40,16,56,1,1,2,97,55,152,0,0,0,0,2,2,367,200,567,2022-05-31T22:00:00Z
12,46,Cernik,142,178,320,36,13,49,9,6,15,4,2,6,59,27,86,0,0,0,0,1,1,250,227,477,2022-05-31T22:00:00Z
12,476,Velika Kopanica,169,104,273,30,7,37,30,17,47,1,1,2,39,30,69,0,0,0,0,2,2,269,161,430,2022-05-31T22:00:00Z
12,506,Vrbje,37,20,57,10,1,11,20,2,22,0,0,0,23,27,50,0,0,0,0,0,0,90,50,140,2022-05-31T22:00:00Z
12,514,Vrpolje,215,101,316,24,5,29,45,15,60,0,2,2,15,17,32,0,0,0,0,1,1,299,141,440,2022-05-31T22:00:00Z
12,567,Bukovlje,104,54,158,17,10,27,0,0,0,0,0,0,12,19,31,0,0,0,0,0,0,133,83,216,2022-05-31T22:00:00Z
12,568,Dragalić,29,42,71,7,0,7,8,2,10,0,0,0,6,6,12,0,0,0,0,1,1,50,51,101,2022-05-31T22:00:00Z
12,569,Gornja Vrba,368,102,470,15,4,19,1,1,2,1,1,2,26,23,49,0,0,0,0,1,1,411,132,543,2022-05-31T22:00:00Z
12,570,Sikirevci,35,39,74,23,5,28,37,16,53,0,0,0,13,10,23,0,0,0,1,2,3,109,72,181,2022-05-31T22:00:00Z
12,68,Davor,119,75,194,13,5,18,15,5,20,1,0,1,16,23,39,0,0,0,0,0,0,164,108,272,2022-05-31T22:00:00Z
12,81,Donji Andrijevci,193,118,311,23,10,33,19,5,24,0,1,1,31,13,44,0,0,0,0,3,3,266,150,416,2022-05-31T22:00:00Z
13,131,Gračac,275,290,565,22,17,39,67,30,97,2,1,3,49,46,95,0,0,0,0,2,2,415,386,801,2022-05-31T22:00:00Z
13,167,Jasenice,158,94,252,16,3,19,7,4,11,2,0,2,19,13,32,0,0,0,0,0,0,202,114,316,2022-05-31T22:00:00Z
13,17,Benkovac,1160,1059,2219,107,43,150,100,53,153,9,8,17,202,119,321,0,0,0,4,7,11,1582,1289,2871,2022-05-31T22:00:00Z
13,173,Kali,283,123,406,26,16,42,2,1,3,13,0,13,51,35,86,0,0,0,1,1,2,376,176,552,2022-05-31T22:00:00Z
13,20,Bibinje,208,207,415,61,27,88,4,0,4,1,4,5,83,84,167,0,0,0,1,2,3,358,324,682,2022-05-31T22:00:00Z
13,22,Biograd Na Moru,1242,1601,2843,159,92,251,26,13,39,17,7,24,273,308,581,0,0,0,6,3,9,1723,2024,3747,2022-05-31T22:00:00Z
13,234,Lišane Ostrovičke,25,30,55,9,4,13,0,1,1,0,0,0,10,6,16,0,0,0,0,0,0,44,41,85,2022-05-31T22:00:00Z
13,282,Nin,646,603,1249,66,17,83,9,4,13,5,3,8,95,99,194,0,0,0,2,0,2,823,726,1549,2022-05-31T22:00:00Z
13,296,Obrovac,382,244,626,42,15,57,32,8,40,4,2,6,27,47,74,0,0,0,2,4,6,489,320,809,2022-05-31T22:00:00Z
13,316,Pag,643,566,1209,96,43,139,28,12,40,6,4,10,152,126,278,0,0,0,3,2,5,928,753,1681,2022-05-31T22:00:00Z
13,317,Pakoštane,447,434,881,87,31,118,8,13,21,9,2,11,150,119,269,0,0,0,2,1,3,703,600,1303,2022-05-31T22:00:00Z
13,320,Pašman,114,116,230,48,18,66,4,3,7,16,0,16,68,44,112,0,0,0,1,0,1,251,181,432,2022-05-31T22:00:00Z
13,344,Polača,106,66,172,15,6,21,5,2,7,2,0,2,6,15,21,0,0,0,1,2,3,135,91,226,2022-05-31T22:00:00Z
13,345,Poličnik,456,368,824,52,8,60,11,8,19,3,2,5,47,22,69,0,0,0,1,1,2,570,409,979,2022-05-31T22:00:00Z
13,349,Posedarje,141,198,339,40,17,57,5,9,14,7,1,8,43,53,96,0,0,0,0,2,2,236,280,516,2022-05-31T22:00:00Z
13,354,Preko,307,470,777,58,15,73,6,4,10,27,2,29,71,46,117,0,0,0,0,2,2,469,539,1008,2022-05-31T22:00:00Z
13,371,Ražanac,97,108,205,32,11,43,7,5,12,11,0,11,37,27,64,0,0,0,2,0,2,186,151,337,2022-05-31T22:00:00Z
13,379,Sali,203,189,392,59,20,79,5,2,7,9,2,11,82,64,146,0,0,0,0,1,1,358,278,636,2022-05-31T22:00:00Z
13,411,Stankovci,245,131,376,31,5,36,6,3,9,1,1,2,31,16,47,0,0,0,0,1,1,314,157,471,2022-05-31T22:00:00Z
13,416,Starigrad,190,217,407,56,36,92,7,2,9,3,0,3,73,90,163,0,0,0,1,2,3,330,347,677,2022-05-31T22:00:00Z
13,425,Sukošan,424,345,769,68,22,90,13,5,18,5,2,7,62,61,123,0,0,0,1,3,4,573,438,1011,2022-05-31T22:00:00Z
13,428,Sveti Filip I Jakov,244,380,624,51,29,80,7,3,10,10,3,13,59,65,124,0,0,0,1,2,3,372,482,854,2022-05-31T22:00:00Z
13,445,Škabrnje,75,72,147,27,4,31,2,1,3,1,1,2,13,7,20,0,0,0,1,2,3,119,87,206,2022-05-31T22:00:00Z
13,489,Vir,366,354,720,68,28,96,1,2,3,1,2,3,81,88,169,0,0,0,2,1,3,519,475,994,2022-05-31T22:00:00Z
13,520,Zadar,15348,16618,31966,1129,665,1794,42,25,67,689,216,905,1521,1572,3093,3,0,3,92,61,153,18824,19157,37981,2022-05-31T22:00:00Z
13,525,Zemunik Donji,183,270,453,18,4,22,3,2,5,1,0,1,26,10,36,0,0,0,0,1,1,231,287,518,2022-05-31T22:00:00Z
13,537,Novigrad,72,101,173,29,4,33,5,4,9,4,1,5,31,16,47,0,0,0,1,3,4,142,129,271,2022-05-31T22:00:00Z
13,571,Galovac,31,61,92,11,1,12,4,4,8,3,2,5,9,8,17,0,0,0,0,2,2,58,78,136,2022-05-31T22:00:00Z
13,572,Kukljica,58,54,112,22,2,24,1,0,1,4,1,5,50,17,67,0,0,0,1,0,1,136,74,210,2022-05-31T22:00:00Z
13,573,Povljana,58,50,108,20,8,28,5,0,5,2,0,2,17,24,41,0,0,0,0,1,1,102,83,185,2022-05-31T22:00:00Z
13,574,Privlaka,143,154,297,25,19,44,0,2,2,9,0,9,38,22,60,0,0,0,3,2,5,218,199,417,2022-05-31T22:00:00Z
13,575,Tkon,90,102,192,26,12,38,2,2,4,3,0,3,58,32,90,0,0,0,1,0,1,180,148,328,2022-05-31T22:00:00Z
13,622,Kolan,258,190,448,27,6,33,4,2,6,0,0,0,58,38,96,0,0,0,0,0,0,347,236,583,2022-05-31T22:00:00Z
13,625,Vrsi,106,71,177,19,14,33,6,6,12,12,0,12,35,40,75,0,0,0,6,2,8,184,133,317,2022-05-31T22:00:00Z
14,103,Đakovo,2867,2829,5696,482,218,700,203,94,297,31,37,68,640,566,1206,0,0,0,9,12,21,4232,3756,7988,2022-05-31T22:00:00Z
14,106,Đurđenovac,554,509,1063,42,12,54,19,14,33,0,5,5,74,45,119,0,0,0,2,0,2,691,585,1276,2022-05-31T22:00:00Z
14,110,Erdut,310,218,528,37,18,55,57,15,72,2,3,5,56,45,101,0,0,0,1,0,1,463,299,762,2022-05-31T22:00:00Z
14,111,Ernestinovo,79,182,261,5,3,8,25,8,33,2,1,3,8,13,21,0,0,0,0,1,1,119,208,327,2022-05-31T22:00:00Z
14,116,Feričanci,126,110,236,25,5,30,3,0,3,0,3,3,41,16,57,0,0,0,0,0,0,195,134,329,2022-05-31T22:00:00Z
14,124,Gorjani,129,156,285,17,5,22,14,7,21,0,0,0,12,6,18,0,0,0,0,0,0,172,174,346,2022-05-31T22:00:00Z
14,13,Beli Manastir,1102,1132,2234,82,46,128,64,34,98,10,12,22,126,110,236,0,0,0,3,2,5,1387,1336,2723,2022-05-31T22:00:00Z
14,16,Belišće,1657,656,2313,72,33,105,25,8,33,2,7,9,85,104,189,0,0,0,1,1,2,1842,809,2651,2022-05-31T22:00:00Z
14,195,Kneževi Vinogradi,218,285,503,34,7,41,34,7,41,1,2,3,60,70,130,0,0,0,1,0,1,348,371,719,2022-05-31T22:00:00Z
14,2,Antunovac,184,153,337,32,13,45,12,6,18,0,0,0,17,12,29,0,0,0,0,0,0,245,184,429,2022-05-31T22:00:00Z
14,205,Koška,195,136,331,25,5,30,29,8,37,2,4,6,31,24,55,0,0,0,1,0,1,283,177,460,2022-05-31T22:00:00Z
14,21,Bilje,291,262,553,44,22,66,19,12,31,2,4,6,65,38,103,0,0,0,0,1,1,421,339,760,2022-05-31T22:00:00Z
14,23,Bizovac,246,264,510,25,11,36,23,9,32,2,3,5,29,34,63,0,0,0,1,1,2,326,322,648,2022-05-31T22:00:00Z
14,230,Levanjska Varoš,41,30,71,2,1,3,11,8,19,0,0,0,1,3,4,0,0,0,0,1,1,55,43,98,2022-05-31T22:00:00Z
14,257,Marijanci,105,74,179,7,5,12,12,0,12,0,1,1,17,23,40,0,0,0,1,1,2,142,104,246,2022-05-31T22:00:00Z
14,271,Moslavina Podravska,22,24,46,3,2,5,16,5,21,0,0,0,15,10,25,0,0,0,0,0,0,56,41,97,2022-05-31T22:00:00Z
14,278,Našice,2165,1763,3928,176,90,266,59,30,89,23,43,66,273,225,498,0,0,0,8,7,15,2704,2158,4862,2022-05-31T22:00:00Z
14,312,Osijek,24074,22407,46481,921,660,1581,111,42,153,168,187,355,757,1132,1889,1,2,3,33,34,67,26065,24464,50529,2022-05-31T22:00:00Z
14,325,Petlovac,48,27,75,6,4,10,13,0,13,0,0,0,16,10,26,0,0,0,0,0,0,83,41,124,2022-05-31T22:00:00Z
14,327,Petrijevci,283,198,481,19,3,22,4,4,8,0,0,0,12,6,18,0,0,0,1,1,2,319,212,531,2022-05-31T22:00:00Z
14,340,Podgorač,104,73,177,23,8,31,26,5,31,1,5,6,21,42,63,0,0,0,0,0,0,175,133,308,2022-05-31T22:00:00Z
14,346,Popovac,68,41,109,2,3,5,5,4,9,1,0,1,6,3,9,0,0,0,0,0,0,82,51,133,2022-05-31T22:00:00Z
14,361,Punitovci,44,56,100,21,4,25,16,4,20,0,0,0,44,8,52,0,0,0,0,0,0,125,72,197,2022-05-31T22:00:00Z
14,381,Satnica Đakovačka,131,82,213,21,6,27,10,3,13,0,0,0,47,24,71,0,0,0,0,0,0,209,115,324,2022-05-31T22:00:00Z
14,386,Semeljci,218,203,421,44,19,63,53,25,78,1,1,2,79,41,120,0,0,0,0,2,2,395,291,686,2022-05-31T22:00:00Z
14,421,Strizivojna,318,311,629,18,8,26,18,3,21,0,0,0,20,9,29,0,0,0,1,1,2,375,332,707,2022-05-31T22:00:00Z
14,461,Trnava,56,53,109,6,2,8,13,7,20,0,0,0,12,3,15,0,0,0,0,0,0,87,65,152,2022-05-31T22:00:00Z
14,471,Valpovo,868,1080,1948,77,57,134,50,19,69,13,20,33,84,114,198,0,0,0,9,6,15,1101,1296,2397,2022-05-31T22:00:00Z
14,485,Viljevo,49,54,103,9,0,9,20,4,24,0,0,0,18,9,27,0,0,0,0,1,1,96,68,164,2022-05-31T22:00:00Z
14,494,Viškovci,224,227,451,23,6,29,16,5,21,0,0,0,20,4,24,0,0,0,1,0,1,284,242,526,2022-05-31T22:00:00Z
14,517,Vuka,37,46,83,16,2,18,14,4,18,0,0,0,19,9,28,0,0,0,0,0,0,86,61,147,2022-05-31T22:00:00Z
14,576,Donja Motičina,25,13,38,9,3,12,1,1,2,0,0,0,16,7,23,0,0,0,0,0,0,51,24,75,2022-05-31T22:00:00Z
14,578,Magadenovac,98,110,208,4,2,6,24,9,33,0,1,1,17,20,37,0,0,0,0,0,0,143,142,285,2022-05-31T22:00:00Z
14,579,Vladislavci,134,121,255,3,0,3,6,5,11,0,0,0,7,5,12,0,0,0,0,0,0,150,131,281,2022-05-31T22:00:00Z
14,609,Jagodnjak,131,61,192,8,2,10,25,6,31,0,0,0,10,4,14,0,0,0,0,0,0,174,73,247,2022-05-31T22:00:00Z
14,614,Šodolovci,29,11,40,0,0,0,0,0,0,0,0,0,9,3,12,0,0,0,0,0,0,38,14,52,2022-05-31T22:00:00Z
14,64,Čeminac,69,78,147,12,0,12,4,2,6,0,0,0,20,9,29,0,0,0,0,0,0,105,89,194,2022-05-31T22:00:00Z
14,65,Čepin,710,482,1192,100,33,133,58,30,88,5,5,10,104,97,201,0,0,0,1,3,4,978,650,1628,2022-05-31T22:00:00Z
14,66,Darda,1750,875,2625,53,32,85,36,4,40,2,4,6,64,54,118,0,0,0,1,1,2,1906,970,2876,2022-05-31T22:00:00Z
14,86,Donji Miholjac,1179,1022,2201,87,57,144,162,38,200,6,16,22,154,117,271,0,0,0,1,3,4,1589,1253,2842,2022-05-31T22:00:00Z
14,91,Draž,93,116,209,11,3,14,15,4,19,0,0,0,7,9,16,0,0,0,0,1,1,126,133,259,2022-05-31T22:00:00Z
14,94,Drenje,95,96,191,30,6,36,45,14,59,0,0,0,14,15,29,0,0,0,0,0,0,184,131,315,2022-05-31T22:00:00Z
15,113,Ervenik,42,48,90,2,0,2,4,1,5,0,0,0,4,1,5,0,0,0,0,0,0,52,50,102,2022-05-31T22:00:00Z
15,183,Kijevo,32,32,64,2,0,2,0,0,0,0,0,0,0,0,0,0,0,0,0,0,0,34,32,66,2022-05-31T22:00:00Z
15,184,Kistanje,62,71,133,33,8,41,1,2,3,1,0,1,32,16,48,0,0,0,0,0,0,129,97,226,2022-05-31T22:00:00Z
15,196,Knin,1392,1392,2784,128,72,200,63,17,80,34,6,40,162,148,310,0,0,0,2,3,5,1781,1638,3419,2022-05-31T22:00:00Z
15,298,Promina,116,89,205,1,1,2,1,2,3,0,0,0,1,2,3,0,0,0,0,0,0,119,94,213,2022-05-31T22:00:00Z
15,310,Biskupija,94,19,113,1,0,1,2,0,2,1,0,1,0,0,0,0,0,0,0,0,0,98,19,117,2022-05-31T22:00:00Z
15,357,Primošten,340,381,721,122,47,169,8,1,9,6,1,7,161,130,291,0,1,1,2,1,3,639,562,1201,2022-05-31T22:00:00Z
15,377,Ružić,31,23,54,4,2,6,5,5,10,0,0,0,3,9,12,0,0,0,0,0,0,43,39,82,2022-05-31T22:00:00Z
15,394,Skradin,136,172,308,53,17,70,19,9,28,2,2,4,59,63,122,0,0,0,0,0,0,269,263,532,2022-05-31T22:00:00Z
15,444,Šibenik,8448,8865,17313,679,396,1075,36,14,50,179,98,277,704,786,1490,0,0,0,11,23,34,10057,10182,20239,2022-05-31T22:00:00Z
15,454,Tisno,394,347,741,118,56,174,5,0,5,10,4,14,115,109,224,0,0,0,0,3,3,642,519,1161,2022-05-31T22:00:00Z
15,469,Unešić,50,62,112,9,0,9,4,1,5,1,0,1,15,5,20,0,0,0,0,0,0,79,68,147,2022-05-31T22:00:00Z
15,500,Vodice,1048,1289,2337,307,131,438,13,2,15,12,8,20,320,255,575,0,0,0,5,4,9,1705,1689,3394,2022-05-31T22:00:00Z
15,51,Civljane,52,8,60,1,2,3,0,0,0,0,0,0,3,3,6,0,0,0,0,0,0,56,13,69,2022-05-31T22:00:00Z
15,581,Pirovac,160,169,329,43,30,73,6,3,9,3,2,5,70,69,139,0,0,0,0,0,0,282,273,555,2022-05-31T22:00:00Z
15,582,Rogoznica,320,286,606,63,22,85,2,1,3,7,1,8,85,84,169,0,0,0,0,0,0,477,394,871,2022-05-31T22:00:00Z
15,617,Murter,379,377,756,82,44,126,3,1,4,17,3,20,179,130,309,0,0,0,3,1,4,663,556,1219,2022-05-31T22:00:00Z
15,621,Bilice,89,43,132,26,8,34,0,0,0,5,0,5,29,14,43,0,0,0,0,0,0,149,65,214,2022-05-31T22:00:00Z
15,626,Tribunj,95,94,189,29,18,47,1,0,1,6,0,6,81,55,136,0,0,0,0,0,0,212,167,379,2022-05-31T22:00:00Z
15,95,Drniš,911,622,1533,67,53,120,51,17,68,8,7,15,97,92,189,0,0,0,0,1,1,1134,792,1926,2022-05-31T22:00:00Z
16,1,Andrijaševci,85,107,192,25,14,39,12,6,18,1,1,2,35,30,65,0,0,0,0,3,3,158,161,319,2022-05-31T22:00:00Z
16,137,Gradište,87,94,181,17,4,21,30,4,34,0,1,1,20,16,36,0,0,0,0,1,1,154,120,274,2022-05-31T22:00:00Z
16,141,Gunja,184,114,298,27,9,36,45,14,59,1,0,1,34,8,42,0,0,0,1,3,4,292,148,440,2022-05-31T22:00:00Z
16,154,Ilok,474,539,1013,71,26,97,49,17,66,2,3,5,111,90,201,0,0,0,0,1,1,707,676,1383,2022-05-31T22:00:00Z
16,159,Ivankovo,347,426,773,72,30,102,50,14,64,1,5,6,119,73,192,0,0,0,3,3,6,592,551,1143,2022-05-31T22:00:00Z
16,166,Jarmina,26,76,102,15,9,24,28,11,39,0,1,1,28,17,45,0,0,0,0,4,4,97,118,215,2022-05-31T22:00:00Z
16,239,Lovas,58,60,118,6,0,6,14,0,14,0,0,0,5,6,11,0,0,0,1,0,1,84,66,150,2022-05-31T22:00:00Z
16,26,Bogdanovci,33,19,52,3,0,3,7,4,11,0,0,0,17,7,24,0,0,0,0,0,0,60,30,90,2022-05-31T22:00:00Z
16,29,Borovo,66,98,164,46,14,60,25,4,29,1,3,4,59,77,136,0,0,0,2,1,3,199,197,396,2022-05-31T22:00:00Z
16,294,Nuštar,239,305,544,36,21,57,25,6,31,1,2,3,49,23,72,0,0,0,1,0,1,351,357,708,2022-05-31T22:00:00Z
16,295,Nijemci,196,188,384,24,7,31,87,25,112,0,1,1,54,35,89,0,0,0,0,2,2,361,258,619,2022-05-31T22:00:00Z
16,3,Babina Greda,169,177,346,32,14,46,80,29,109,3,0,3,31,42,73,0,0,0,1,0,1,316,262,578,2022-05-31T22:00:00Z
16,32,Bošnjaci,123,105,228,24,6,30,35,6,41,3,0,3,36,36,72,0,0,0,0,0,0,221,153,374,2022-05-31T22:00:00Z
16,414,Stari Jankovci,147,125,272,23,5,28,41,9,50,1,0,1,29,18,47,0,0,0,0,0,0,241,157,398,2022-05-31T22:00:00Z
16,415,Stari Mikanovci,96,127,223,19,10,29,23,12,35,2,1,3,33,38,71,0,0,0,0,0,0,173,188,361,2022-05-31T22:00:00Z
16,44,Cerna,423,218,641,42,26,68,50,20,70,1,1,2,75,64,139,0,0,0,1,1,2,592,330,922,2022-05-31T22:00:00Z
16,456,Tompojevci,26,35,61,15,5,20,38,11,49,0,0,0,16,10,26,0,0,0,0,0,0,95,61,156,2022-05-31T22:00:00Z
16,458,Tordinci,105,89,194,7,2,9,10,0,10,1,0,1,6,13,19,0,0,0,0,0,0,129,104,233,2022-05-31T22:00:00Z
16,459,Tovarnik,156,125,281,21,3,24,48,22,70,1,1,2,8,20,28,0,0,0,0,0,0,234,171,405,2022-05-31T22:00:00Z
16,464,Trpinja,108,190,298,25,9,34,82,14,96,2,0,2,35,25,60,0,0,0,0,0,0,252,238,490,2022-05-31T22:00:00Z
16,487,Vinkovci,8042,6417,14459,308,191,499,49,23,72,56,50,106,439,642,1081,1,0,1,11,16,27,8906,7339,16245,2022-05-31T22:00:00Z
16,505,Vrbanja,293,125,418,28,13,41,68,18,86,2,1,3,34,29,63,0,0,0,0,0,0,425,186,611,2022-05-31T22:00:00Z
16,518,Vukovar,4479,4542,9021,291,142,433,93,44,137,25,28,53,429,396,825,0,0,0,3,5,8,5320,5157,10477,2022-05-31T22:00:00Z
16,534,Županja,2089,1503,3592,145,56,201,37,16,53,20,20,40,178,192,370,1,0,1,4,4,8,2474,1791,4265,2022-05-31T22:00:00Z
16,535,Otok (Vinkovci),396,289,685,35,19,54,60,11,71,7,1,8,77,61,138,0,0,0,0,2,2,575,383,958,2022-05-31T22:00:00Z
16,583,Privlaka,95,76,171,19,4,23,22,9,31,0,2,2,14,17,31,0,0,0,1,0,1,151,108,259,2022-05-31T22:00:00Z
16,584,Vođinci,45,157,202,14,2,16,7,5,12,0,1,1,12,14,26,0,0,0,0,1,1,78,180,258,2022-05-31T22:00:00Z
16,610,Markušica,42,50,92,10,4,14,50,15,65,0,1,1,13,14,27,0,0,0,1,0,1,116,84,200,2022-05-31T22:00:00Z
16,612,Negoslavci,30,16,46,5,1,6,12,3,15,1,0,1,14,12,26,0,0,0,0,0,0,62,32,94,2022-05-31T22:00:00Z
16,628,Štitar,73,62,135,6,1,7,14,3,17,0,0,0,10,6,16,0,0,0,0,0,0,103,72,175,2022-05-31T22:00:00Z
16,92,Drenovci,102,164,266,40,5,45,108,41,149,3,1,4,53,49,102,0,0,0,0,1,1,306,261,567,2022-05-31T22:00:00Z
17,100,Dugi Rat,865,789,1654,101,46,147,1,3,4,37,8,45,274,173,447,0,0,0,1,3,4,1279,1022,2301,2022-05-31T22:00:00Z
17,134,Gradac,255,326,581,80,41,121,5,1,6,1,2,3,115,162,277,0,0,0,1,1,2,457,533,990,2022-05-31T22:00:00Z
17,148,Hrvace,291,208,499,44,20,64,8,7,15,2,4,6,51,38,89,0,0,0,1,2,3,397,279,676,2022-05-31T22:00:00Z
17,153,Hvar,1191,1024,2215,231,106,337,16,10,26,19,6,25,454,377,831,3,0,3,4,8,12,1918,1531,3449,2022-05-31T22:00:00Z
17,155,Imotski,1338,1346,2684,174,100,274,12,8,20,27,14,41,133,175,308,0,0,0,8,7,15,1692,1650,3342,2022-05-31T22:00:00Z
17,171,Jelsa,429,400,829,114,40,154,34,12,46,9,1,10,210,128,338,0,0,0,1,4,5,797,585,1382,2022-05-31T22:00:00Z
17,181,Kaštela,3739,3987,7726,517,259,776,24,15,39,149,38,187,560,571,1131,0,0,0,27,27,54,5016,4897,9913,2022-05-31T22:00:00Z
17,192,Klis,242,193,435,34,7,41,7,3,10,20,2,22,58,28,86,0,0,0,0,2,2,361,235,596,2022-05-31T22:00:00Z
17,197,Komiža,209,174,383,73,21,94,4,1,5,4,2,6,56,62,118,0,0,0,0,1,1,346,261,607,2022-05-31T22:00:00Z
17,243,Lovreć,143,100,243,15,9,24,4,0,4,1,0,1,22,14,36,0,0,0,2,2,4,187,125,312,2022-05-31T22:00:00Z
17,249,Makarska,2909,3007,5916,332,205,537,2,1,3,50,30,80,593,554,1147,1,0,1,5,3,8,3892,3800,7692,2022-05-31T22:00:00Z
17,258,Marina,223,289,512,68,34,102,4,5,9,15,2,17,63,77,140,1,0,1,2,0,2,376,407,783,2022-05-31T22:00:00Z
17,267,Milna,120,105,225,30,8,38,6,1,7,3,0,3,47,58,105,0,0,0,3,1,4,209,173,382,2022-05-31T22:00:00Z
17,27,Bol,532,589,1121,79,31,110,3,2,5,5,2,7,125,77,202,0,0,0,1,1,2,745,702,1447,2022-05-31T22:00:00Z
17,280,Nerežišća,145,57,202,19,2,21,3,3,6,1,0,1,36,24,60,0,0,0,1,0,1,205,86,291,2022-05-31T22:00:00Z
17,300,Omiš,1602,1787,3389,265,120,385,11,6,17,42,19,61,434,400,834,0,0,0,4,4,8,2358,2336,4694,2022-05-31T22:00:00Z
17,314,Otok,188,207,395,62,21,83,11,0,11,3,1,4,78,52,130,0,0,0,1,1,2,343,282,625,2022-05-31T22:00:00Z
17,337,Podbablje,277,179,456,34,5,39,5,0,5,2,1,3,16,32,48,0,0,0,0,2,2,334,219,553,2022-05-31T22:00:00Z
17,339,Podgora,402,335,737,96,37,133,1,1,2,2,0,2,152,118,270,0,0,0,2,1,3,655,492,1147,2022-05-31T22:00:00Z
17,341,Podstrana,896,816,1712,67,24,91,16,3,19,43,3,46,74,106,180,1,0,1,3,3,6,1100,955,2055,2022-05-31T22:00:00Z
17,350,Postira,311,271,582,43,22,65,9,2,11,1,3,4,21,17,38,0,0,0,0,1,1,385,316,701,2022-05-31T22:00:00Z
17,358,Pučišća,239,150,389,54,6,60,8,4,12,7,1,8,42,25,67,0,0,0,3,0,3,353,186,539,2022-05-31T22:00:00Z
17,382,Seget,572,539,1111,47,12,59,8,3,11,12,2,14,199,104,303,0,0,0,2,4,6,840,664,1504,2022-05-31T22:00:00Z
17,383,Selca,145,132,277,45,18,63,9,4,13,9,1,10,76,38,114,0,0,0,0,0,0,284,193,477,2022-05-31T22:00:00Z
17,389,Sinj,1933,1996,3929,313,145,458,55,20,75,40,43,83,319,387,706,0,0,0,7,13,20,2667,2604,5271,2022-05-31T22:00:00Z
17,406,Solin,3593,3079,6672,261,152,413,13,6,19,123,39,162,309,273,582,0,0,0,7,8,15,4306,3557,7863,2022-05-31T22:00:00Z
17,409,Split,35973,39118,75091,1636,1194,2830,68,42,110,2273,454,2727,1654,2240,3894,6,1,7,121,145,266,41731,43194,84925,2022-05-31T22:00:00Z
17,413,Stari Grad,484,449,933,72,33,105,20,15,35,5,4,9,85,68,153,0,0,0,2,6,8,668,575,1243,2022-05-31T22:00:00Z
17,423,Sućuraj,31,26,57,23,5,28,3,2,5,0,0,0,15,14,29,0,0,0,0,1,1,72,48,120,2022-05-31T22:00:00Z
17,427,Supetar,766,888,1654,137,68,205,13,6,19,23,10,33,196,186,382,0,0,0,5,3,8,1140,1161,2301,2022-05-31T22:00:00Z
17,443,Šestanovac,144,157,301,29,8,37,12,1,13,0,2,2,16,24,40,0,0,0,3,0,3,204,192,396,2022-05-31T22:00:00Z
17,447,Šolta,237,172,409,20,17,37,9,3,12,10,0,10,37,35,72,0,0,0,0,1,1,313,228,541,2022-05-31T22:00:00Z
17,460,Trilj,496,608,1104,134,32,166,18,8,26,10,2,12,103,131,234,0,0,0,0,4,4,761,785,1546,2022-05-31T22:00:00Z
17,463,Trogir,2005,2123,4128,366,197,563,15,4,19,67,38,105,488,610,1098,0,0,0,9,14,23,2950,2986,5936,2022-05-31T22:00:00Z
17,492,Vis,359,323,682,54,22,76,14,3,17,4,3,7,89,77,166,0,0,0,1,1,2,521,429,950,2022-05-31T22:00:00Z
17,50,Cista Provo,122,167,289,26,3,29,7,0,7,1,0,1,8,9,17,0,0,0,0,4,4,164,183,347,2022-05-31T22:00:00Z
17,511,Vrgorac,999,715,1714,55,26,81,26,13,39,5,6,11,46,76,122,0,0,0,1,4,5,1132,840,1972,2022-05-31T22:00:00Z
17,513,Vrlika,93,220,313,16,3,19,13,6,19,3,0,3,27,3,30,0,0,0,1,0,1,153,232,385,2022-05-31T22:00:00Z
17,522,Zagvozd,133,78,211,18,2,20,2,0,2,1,0,1,10,11,21,0,0,0,0,0,0,164,91,255,2022-05-31T22:00:00Z
17,528,Zmijavci,94,108,202,7,4,11,2,1,3,2,0,2,28,14,42,0,0,0,0,1,1,133,128,261,2022-05-31T22:00:00Z
17,585,Dugopolje,1625,874,2499,39,11,50,4,5,9,16,2,18,54,26,80,0,0,0,0,0,0,1738,918,2656,2022-05-31T22:00:00Z
17,586,Lećevica,10,28,38,5,0,5,1,1,2,1,0,1,2,0,2,0,0,0,1,0,1,20,29,49,2022-05-31T22:00:00Z
17,587,Lokvičići,34,28,62,2,0,2,2,0,2,0,0,0,2,2,4,0,0,0,1,0,1,41,30,71,2022-05-31T22:00:00Z
17,588,Okrug,195,262,457,52,26,78,1,0,1,10,5,15,184,110,294,0,0,0,2,2,4,444,405,849,2022-05-31T22:00:00Z
17,589,Prgomet,38,42,80,7,0,7,1,1,2,1,0,1,2,1,3,0,0,0,1,0,1,50,44,94,2022-05-31T22:00:00Z
17,590,Primorski Dolac,15,59,74,4,1,5,1,2,3,0,1,1,2,3,5,0,0,0,0,0,0,22,66,88,2022-05-31T22:00:00Z
17,591,Runovići,69,68,137,13,1,14,0,1,1,0,2,2,25,35,60,0,0,0,0,1,1,107,108,215,2022-05-31T22:00:00Z
17,592,Sutivan,114,111,225,15,9,24,2,1,3,12,1,13,41,32,73,0,0,0,0,1,1,184,155,339,2022-05-31T22:00:00Z
17,593,Tučepi,347,361,708,59,31,90,0,1,1,6,3,9,176,141,317,0,0,0,0,0,0,588,537,1125,2022-05-31T22:00:00Z
17,595,Zadvarje,44,34,78,7,1,8,1,1,2,0,0,0,8,4,12,0,0,0,0,0,0,60,40,100,2022-05-31T22:00:00Z
17,72,Dicmo,439,184,623,35,18,53,6,2,8,4,1,5,31,33,64,0,0,0,0,1,1,515,239,754,2022-05-31T22:00:00Z
17,77,Brela,331,337,668,52,35,87,0,1,1,2,1,3,83,104,187,0,0,0,1,1,2,469,479,948,2022-05-31T22:00:00Z
17,87,Muć,187,207,394,20,3,23,2,4,6,2,4,6,12,10,22,0,0,0,0,1,1,223,229,452,2022-05-31T22:00:00Z
17,88,Proložac,196,181,377,15,6,21,2,4,6,0,0,0,33,22,55,0,0,0,4,1,5,250,214,464,2022-05-31T22:00:00Z
17,9,Baška Voda,342,445,787,105,64,169,1,0,1,3,1,4,155,169,324,0,0,0,1,2,3,607,681,1288,2022-05-31T22:00:00Z
18,132,Gračišće,50,24,74,28,6,34,10,3,13,0,0,0,34,9,43,0,0,0,0,0,0,122,42,164,2022-05-31T22:00:00Z
18,138,Grožnjan,27,26,53,15,4,19,13,5,18,0,0,0,17,17,34,0,0,0,0,2,2,72,54,126,2022-05-31T22:00:00Z
18,175,Kanfanar,559,219,778,31,7,38,4,0,4,1,0,1,19,16,35,0,0,0,1,2,3,615,244,859,2022-05-31T22:00:00Z
18,217,Kršan,326,282,608,52,14,66,7,3,10,2,0,2,112,57,169,0,0,0,1,4,5,500,360,860,2022-05-31T22:00:00Z
18,222,Labin,2910,2795,5705,265,133,398,17,9,26,30,36,66,336,260,596,0,0,0,7,5,12,3565,3238,6803,2022-05-31T22:00:00Z
18,223,Lanišće,15,15,30,4,0,4,2,0,2,0,0,0,9,2,11,0,0,0,1,1,2,31,18,49,2022-05-31T22:00:00Z
18,235,Ližnjan,181,143,324,16,7,23,2,0,2,4,0,4,44,44,88,0,0,0,1,0,1,248,194,442,2022-05-31T22:00:00Z
18,246,Lupoglav,200,108,308,12,4,16,5,2,7,0,1,1,16,14,30,0,0,0,0,0,0,233,129,362,2022-05-31T22:00:00Z
18,254,Marčana,149,193,342,41,13,54,4,2,6,2,1,3,51,36,87,0,0,0,1,1,2,248,246,494,2022-05-31T22:00:00Z
18,263,Medulin,924,868,1792,104,64,168,5,2,7,5,6,11,290,288,578,0,0,0,0,2,2,1328,1230,2558,2022-05-31T22:00:00Z
18,274,Motovun,105,123,228,33,17,50,22,7,29,1,1,2,52,44,96,0,0,0,0,3,3,213,195,408,2022-05-31T22:00:00Z
18,291,Novigrad,999,1188,2187,138,62,200,15,4,19,3,9,12,188,161,349,0,0,0,1,2,3,1344,1426,2770,2022-05-31T22:00:00Z
18,304,Oprtalj,71,80,151,12,6,18,14,1,15,0,0,0,8,13,21,0,0,0,2,2,4,107,102,209,2022-05-31T22:00:00Z
18,321,Pazin,1958,1977,3935,310,126,436,54,25,79,17,21,38,303,215,518,0,0,0,4,13,17,2646,2377,5023,2022-05-31T22:00:00Z
18,330,Pićan,351,159,510,31,9,40,1,5,6,2,1,3,60,15,75,0,0,0,1,1,2,446,190,636,2022-05-31T22:00:00Z
18,348,Poreč,5903,5964,11867,716,385,1101,45,18,63,57,52,109,899,810,1709,0,0,0,9,9,18,7629,7238,14867,2022-05-31T22:00:00Z
18,359,Pula,13358,12879,26237,1290,710,2000,70,46,116,280,167,447,1085,1241,2326,0,0,0,44,50,94,16127,15093,31220,2022-05-31T22:00:00Z
18,368,Raša,280,156,436,29,9,38,1,0,1,1,1,2,53,28,81,0,0,0,2,0,2,366,194,560,2022-05-31T22:00:00Z
18,374,Rovinj,3620,4006,7626,451,247,698,26,15,41,31,36,67,788,615,1403,1,0,1,13,27,40,4930,4946,9876,2022-05-31T22:00:00Z
18,40,Brtonigla,199,139,338,41,13,54,21,9,30,1,1,2,43,59,102,0,0,0,0,1,1,305,222,527,2022-05-31T22:00:00Z
18,42,Buje,801,798,1599,100,50,150,30,13,43,6,8,14,62,65,127,0,0,0,1,2,3,1000,936,1936,2022-05-31T22:00:00Z
18,43,Buzet,1571,1073,2644,173,65,238,26,14,40,6,4,10,130,107,237,0,0,0,7,6,13,1913,1269,3182,2022-05-31T22:00:00Z
18,431,Sveti Lovreč,55,48,103,21,10,31,2,0,2,0,1,1,37,18,55,0,0,0,0,1,1,115,78,193,2022-05-31T22:00:00Z
18,432,Sveta Nedelja,169,150,319,26,6,32,7,3,10,6,0,6,43,23,66,0,0,0,4,4,8,255,186,441,2022-05-31T22:00:00Z
18,433,Sveti Petar U Šumi,158,121,279,21,4,25,3,4,7,0,0,0,14,7,21,0,0,0,1,1,2,197,137,334,2022-05-31T22:00:00Z
18,435,Svetvinčenat,143,113,256,19,6,25,2,0,2,0,1,1,27,19,46,0,0,0,0,0,0,191,139,330,2022-05-31T22:00:00Z
18,453,Tinjan,191,101,292,38,9,47,6,1,7,2,3,5,53,38,91,0,0,0,1,1,2,291,153,444,2022-05-31T22:00:00Z
18,468,Umag,3213,2972,6185,414,180,594,30,16,46,30,33,63,413,448,861,0,0,0,15,16,31,4115,3665,7780,2022-05-31T22:00:00Z
18,47,Cerovlje,114,55,169,34,2,36,4,5,9,1,0,1,29,19,48,0,0,0,0,1,1,182,82,264,2022-05-31T22:00:00Z
18,497,Višnjan,292,246,538,46,11,57,11,3,14,2,1,3,102,46,148,0,0,0,2,1,3,455,308,763,2022-05-31T22:00:00Z
18,498,Vižinada,76,52,128,27,8,35,16,7,23,1,0,1,35,33,68,0,0,0,0,0,0,155,100,255,2022-05-31T22:00:00Z
18,5,Bale,187,174,361,24,22,46,2,2,4,0,0,0,50,34,84,0,0,0,1,1,2,264,233,497,2022-05-31T22:00:00Z
18,502,Vodnjan,843,655,1498,50,24,74,10,2,12,8,2,10,98,68,166,0,1,1,0,0,0,1009,752,1761,2022-05-31T22:00:00Z
18,516,Vrsar,500,588,1088,86,39,125,3,2,5,7,1,8,232,215,447,0,0,0,1,0,1,829,845,1674,2022-05-31T22:00:00Z
18,531,Žminj,466,426,892,101,47,148,13,8,21,2,5,7,98,91,189,0,0,0,3,0,3,683,577,1260,2022-05-31T22:00:00Z
18,596,Karojba,121,183,304,33,7,40,2,1,3,0,0,0,44,7,51,0,1,1,0,0,0,200,199,399,2022-05-31T22:00:00Z
18,597,Kaštelir - Labinci,158,79,237,33,16,49,7,3,10,1,0,1,58,17,75,0,0,0,2,3,5,259,118,377,2022-05-31T22:00:00Z
18,6,Barban,255,114,369,42,6,48,11,5,16,0,1,1,25,27,52,0,0,0,2,2,4,335,155,490,2022-05-31T22:00:00Z
18,619,Fažana,383,330,713,42,25,67,0,1,1,5,4,9,82,59,141,0,0,0,0,2,2,512,421,933,2022-05-31T22:00:00Z
18,629,Funtana,221,229,450,24,16,40,1,1,2,1,0,1,113,135,248,0,0,0,1,0,1,361,381,742,2022-05-31T22:00:00Z
18,631,Tar-Vabriga,207,329,536,49,19,68,1,0,1,0,0,0,102,89,191,0,0,0,0,1,1,359,438,797,2022-05-31T22:00:00Z
19,198,Konavle,1558,1236,2794,210,75,285,19,10,29,39,7,46,126,149,275,0,0,0,8,2,10,1960,1479,3439,2022-05-31T22:00:00Z
19,204,Korčula,826,1002,1828,165,71,236,14,6,20,85,10,95,231,202,433,0,0,0,8,6,14,1329,1297,2626,2022-05-31T22:00:00Z
19,219,Kula Norinska,39,39,78,10,1,11,1,0,1,0,0,0,6,6,12,0,0,0,0,0,0,56,46,102,2022-05-31T22:00:00Z
19,226,Lastovo,88,107,195,33,11,44,1,1,2,3,0,3,28,22,50,0,0,0,2,4,6,155,145,300,2022-05-31T22:00:00Z
19,25,Blato,594,423,1017,70,23,93,15,3,18,12,7,19,157,55,212,0,0,0,6,2,8,854,513,1367,2022-05-31T22:00:00Z
19,264,Metković,2170,1695,3865,186,119,305,34,22,56,40,18,58,310,282,592,0,0,0,6,9,15,2746,2145,4891,2022-05-31T22:00:00Z
19,268,Mljet,196,113,309,28,13,41,4,0,4,4,2,6,37,36,73,0,0,0,2,1,3,271,165,436,2022-05-31T22:00:00Z
19,306,Opuzen,450,392,842,32,18,50,46,23,69,5,1,6,27,34,61,0,0,0,1,0,1,561,468,1029,2022-05-31T22:00:00Z
19,308,Orebić,490,470,960,94,50,144,28,8,36,34,6,40,153,148,301,0,0,0,4,14,18,803,696,1499,2022-05-31T22:00:00Z
19,335,Ploče,1373,902,2275,89,52,141,26,9,35,25,6,31,102,144,246,0,0,0,1,2,3,1616,1115,2731,2022-05-31T22:00:00Z
19,343,Pojezerje,31,31,62,4,2,6,7,0,7,0,0,0,2,4,6,0,0,0,0,0,0,44,37,81,2022-05-31T22:00:00Z
19,399,Slivno,178,49,227,14,12,26,15,5,20,0,0,0,21,25,46,0,0,0,0,0,0,228,91,319,2022-05-31T22:00:00Z
19,402,Smokvica,47,88,135,15,5,20,18,4,22,6,0,6,33,14,47,0,0,0,2,0,2,121,111,232,2022-05-31T22:00:00Z
19,419,Ston,512,246,758,60,18,78,20,4,24,6,1,7,55,37,92,0,0,0,1,2,3,654,308,962,2022-05-31T22:00:00Z
19,474,Vela Luka,327,568,895,68,25,93,9,2,11,40,3,43,103,79,182,0,0,0,2,6,8,549,683,1232,2022-05-31T22:00:00Z
19,523,Zažablje,11,7,18,3,0,3,4,2,6,1,1,2,12,2,14,0,0,0,0,0,0,31,12,43,2022-05-31T22:00:00Z
19,598,Dubrovačko Primorje,185,142,327,24,8,32,4,5,9,12,2,14,53,39,92,0,0,0,1,3,4,279,199,478,2022-05-31T22:00:00Z
19,599,Janjina,69,56,125,10,3,13,11,2,13,2,1,3,13,13,26,0,0,0,3,1,4,108,76,184,2022-05-31T22:00:00Z
19,600,Lumbarda,64,70,134,44,18,62,12,2,14,8,1,9,40,45,85,0,0,0,3,3,6,171,139,310,2022-05-31T22:00:00Z
19,601,Trpanj,72,64,136,16,7,23,3,1,4,6,1,7,30,20,50,0,0,0,2,1,3,129,94,223,2022-05-31T22:00:00Z
19,602,Župa Dubrovačka,793,817,1610,132,66,198,3,7,10,52,3,55,88,98,186,0,0,0,5,5,10,1073,996,2069,2022-05-31T22:00:00Z
19,98,Dubrovnik,11579,11980,23559,804,434,1238,28,17,45,504,75,579,837,793,1630,1,0,1,47,56,103,13800,13355,27155,2022-05-31T22:00:00Z
20,123,Goričan,322,159,481,7,4,11,8,2,10,0,2,2,12,12,24,0,0,0,0,0,0,349,179,528,2022-05-31T22:00:00Z
20,15,Belica,209,207,416,28,16,44,59,37,96,1,1,2,26,38,64,0,0,0,1,1,2,324,300,624,2022-05-31T22:00:00Z
20,206,Kotoriba,508,276,784,10,4,14,7,0,7,0,5,5,11,13,24,0,0,0,0,0,0,536,298,834,2022-05-31T22:00:00Z
20,250,Mala Subotica,518,1059,1577,24,18,42,36,16,52,2,6,8,24,29,53,0,0,0,0,4,4,604,1132,1736,2022-05-31T22:00:00Z
20,276,Mursko Središće,751,772,1523,49,25,74,13,7,20,2,6,8,50,56,106,0,0,0,2,2,4,867,868,1735,2022-05-31T22:00:00Z
20,279,Nedelišće,1437,792,2229,97,43,140,38,20,58,2,7,9,132,63,195,0,0,0,0,5,5,1706,930,2636,2022-05-31T22:00:00Z
20,342,Podturen,222,113,335,20,8,28,17,12,29,1,2,3,50,34,84,0,0,0,0,3,3,310,172,482,2022-05-31T22:00:00Z
20,355,Prelog,2391,1687,4078,63,19,82,51,30,81,9,11,20,75,62,137,0,0,0,2,4,6,2591,1813,4404,2022-05-31T22:00:00Z
20,385,Selnica,144,144,288,10,10,20,8,4,12,1,1,2,17,14,31,0,0,0,0,2,2,180,175,355,2022-05-31T22:00:00Z
20,440,Sveti Juraj Na Bregu,259,186,445,27,15,42,12,9,21,2,2,4,32,49,81,0,0,0,0,0,0,332,261,593,2022-05-31T22:00:00Z
20,441,Sveti Martin Na Muri,565,355,920,17,10,27,9,5,14,0,3,3,32,37,69,0,0,0,1,0,1,624,410,1034,2022-05-31T22:00:00Z
20,452,Štrigova,328,203,531,25,10,35,32,21,53,2,1,3,61,63,124,0,0,0,0,2,2,448,300,748,2022-05-31T22:00:00Z
20,504,Vratišinec,144,96,240,8,2,10,11,2,13,1,2,3,6,7,13,0,0,0,1,2,3,171,111,282,2022-05-31T22:00:00Z
20,60,Čakovec,9949,8960,18909,259,135,394,61,24,85,35,62,97,277,341,618,0,0,0,6,14,20,10587,9536,20123,2022-05-31T22:00:00Z
20,603,Dekanovec,92,86,178,4,1,5,6,4,10,0,0,0,5,2,7,0,0,0,0,1,1,107,94,201,2022-05-31T22:00:00Z
20,604,Gornji Mihaljevec,129,62,191,13,2,15,24,9,33,2,1,3,22,14,36,0,0,0,1,0,1,191,88,279,2022-05-31T22:00:00Z
20,605,Orehovica,145,133,278,16,3,19,30,11,41,1,2,3,50,22,72,0,0,0,0,4,4,242,175,417,2022-05-31T22:00:00Z
20,606,Strahoninec,238,157,395,12,4,16,3,2,5,0,1,1,36,13,49,0,0,0,0,2,2,289,179,468,2022-05-31T22:00:00Z
20,607,Sveta Marija,58,90,148,12,3,15,5,0,5,1,1,2,23,7,30,0,0,0,0,1,1,99,102,201,2022-05-31T22:00:00Z
20,608,Šenkovec,534,256,790,18,11,29,2,1,3,0,1,1,30,28,58,0,0,0,1,2,3,585,299,884,2022-05-31T22:00:00Z
20,620,Pribislavec,394,231,625,12,6,18,2,1,3,2,1,3,16,12,28,0,0,0,0,0,0,426,251,677,2022-05-31T22:00:00Z
20,75,Domašinec,252,111,363,7,9,16,20,16,36,0,1,1,17,10,27,0,0,0,2,3,5,298,150,448,2022-05-31T22:00:00Z
20,78,Donja Dubrava,208,227,435,14,5,19,5,3,8,0,1,1,12,11,23,0,0,0,0,0,0,239,247,486,2022-05-31T22:00:00Z
20,82,Donji Kraljevec,1329,639,1968,39,12,51,52,20,72,3,6,9,87,126,213,0,0,0,3,8,11,1513,811,2324,2022-05-31T22:00:00Z
20,89,Donji Vidovec,51,78,129,4,1,5,2,0,2,1,1,2,3,16,19,0,0,0,0,0,0,61,96,157,2022-05-31T22:00:00Z
21,133,Zagreb,230805,209666,440471,7993,5736,13729,304,186,490,2213,2083,4296,5492,6950,12442,23,6,29,332,517,849,247162,225144,472306,2022-05-31T22:00:00Z
01,101,Dugo Selo,2991,1979,4970,228,117,345,28,24,52,28,27,55,250,251,501,0,0,0,6,17,23,3531,2415,5946,2022-06-30T22:00:00Z
01,114,Farkaševac,153,216,369,7,3,10,27,10,37,0,2,2,37,19,56,0,0,0,1,0,1,225,250,475,2022-06-30T22:00:00Z
01,135,Gradec,145,131,276,16,1,17,11,7,18,0,1,1,41,18,59,0,0,0,0,2,2,213,160,373,2022-06-30T22:00:00Z
01,158,Ivanić-Grad,3042,1659,4701,100,74,174,52,34,86,9,20,29,142,183,325,1,0,1,9,11,20,3355,1981,5336,2022-06-30T22:00:00Z
01,163,Jakovlje,339,266,605,38,8,46,10,9,19,3,0,3,40,28,68,0,0,0,0,0,0,430,311,741,2022-06-30T22:00:00Z
01,169,Jastrebarsko,2319,1681,4000,228,112,340,53,38,91,17,19,36,257,237,494,0,0,0,5,7,12,2879,2094,4973,2022-06-30T22:00:00Z
01,190,Klinča Selo,209,174,383,40,7,47,5,3,8,0,0,0,66,50,116,0,0,0,0,0,0,320,234,554,2022-06-30T22:00:00Z
01,193,Kloštar Ivanić,375,301,676,25,7,32,20,6,26,2,9,11,51,36,87,1,0,1,4,3,7,478,362,840,2022-06-30T22:00:00Z
01,213,Križ,625,418,1043,24,21,45,19,13,32,5,6,11,25,54,79,0,0,0,2,2,4,700,514,1214,2022-06-30T22:00:00Z
01,33,Brckovljani,315,353,668,8,5,13,0,0,0,3,2,5,27,19,46,0,0,0,0,0,0,353,379,732,2022-06-30T22:00:00Z
01,331,Pisarovina,389,311,700,25,26,51,23,18,41,1,2,3,26,31,57,0,0,0,3,3,6,467,391,858,2022-06-30T22:00:00Z
01,34,Brdovec,861,724,1585,94,39,133,16,7,23,2,5,7,88,64,152,0,0,0,5,2,7,1066,841,1907,2022-06-30T22:00:00Z
01,356,Preseka,16,9,25,5,2,7,12,11,23,0,1,1,16,6,22,0,0,0,1,0,1,50,29,79,2022-06-30T22:00:00Z
01,362,Pušča,143,196,339,27,12,39,7,2,9,1,3,4,54,24,78,0,0,0,0,0,0,232,237,469,2022-06-30T22:00:00Z
01,376,Rugvica,1341,486,1827,8,5,13,3,2,5,1,2,3,17,20,37,0,0,0,0,0,0,1370,515,1885,2022-06-30T22:00:00Z
01,380,Samobor,5461,3762,9223,507,316,823,23,23,46,41,67,108,481,483,964,1,1,2,31,29,60,6545,4681,11226,2022-06-30T22:00:00Z
01,429,Sveti Ivan Zelina,2409,2004,4413,172,66,238,66,50,116,14,21,35,261,211,472,0,0,0,5,2,7,2927,2354,5281,2022-06-30T22:00:00Z
01,436,Sveta Nedjelja,5593,3474,9067,227,95,322,6,5,11,10,12,22,361,183,544,0,0,0,8,8,16,6205,3777,9982,2022-06-30T22:00:00Z
01,508,Vrbovec,2142,2006,4148,161,74,235,85,33,118,6,19,25,284,163,447,0,0,0,7,10,17,2685,2305,4990,2022-06-30T22:00:00Z
01,533,Krašić,263,184,447,27,8,35,13,11,24,2,2,4,25,25,50,0,0,0,1,2,3,331,232,563,2022-06-30T22:00:00Z
01,536,Rakovec,31,21,52,10,2,12,8,4,12,0,1,1,21,11,32,0,0,0,0,0,0,70,39,109,2022-06-30T22:00:00Z
01,539,Marija Gorica,77,89,166,14,3,17,0,0,0,1,1,2,16,21,37,0,0,0,0,0,0,108,114,222,2022-06-30T22:00:00Z
01,540,Žumberak,17,19,36,6,1,7,6,4,10,0,0,0,4,7,11,0,0,0,0,0,0,33,31,64,2022-06-30T22:00:00Z
01,541,Velika Gorica,8108,6182,14290,638,360,998,67,32,99,54,59,113,583,519,1102,0,0,0,15,24,39,9465,7176,16641,2022-06-30T22:00:00Z
01,542,Orle,40,27,67,16,0,16,7,4,11,0,0,0,12,5,17,0,0,0,0,0,0,75,36,111,2022-06-30T22:00:00Z
01,543,Zaprešić,3378,2944,6322,216,147,363,12,11,23,31,42,73,246,225,471,0,0,0,10,15,25,3893,3384,7277,2022-06-30T22:00:00Z
01,544,Pokupsko,44,53,97,11,6,17,13,5,18,0,1,1,8,9,17,0,0,0,0,0,0,76,74,150,2022-06-30T22:00:00Z
01,545,Kravarsko,112,102,214,33,10,43,5,6,11,0,0,0,71,16,87,0,0,0,1,1,2,222,135,357,2022-06-30T22:00:00Z
01,547,Bistra,351,499,850,51,21,72,8,5,13,1,7,8,55,41,96,1,0,1,0,2,2,467,575,1042,2022-06-30T22:00:00Z
01,548,Luka,255,100,355,15,2,17,2,3,5,1,1,2,20,21,41,0,0,0,0,0,0,293,127,420,2022-06-30T22:00:00Z
01,549,Dubravica,67,40,107,15,0,15,13,6,19,0,0,0,13,17,30,0,0,0,0,0,0,108,63,171,2022-06-30T22:00:00Z
01,550,Bedenica,214,149,363,13,4,17,5,5,10,1,1,2,13,10,23,0,0,0,0,0,0,246,169,415,2022-06-30T22:00:00Z
01,551,Stupnik,1450,557,2007,30,17,47,0,2,2,2,1,3,19,24,43,0,0,0,1,0,1,1502,601,2103,2022-06-30T22:00:00Z
01,97,Dubrava,310,322,632,46,18,64,68,46,114,6,12,18,69,75,144,0,0,0,3,5,8,502,478,980,2022-06-30T22:00:00Z
02,108,Đurmanec,121,148,269,61,18,79,2,2,4,3,1,4,110,90,200,0,0,0,2,2,4,299,261,560,2022-06-30T22:00:00Z
02,11,Bedekovčina,507,744,1251,88,41,129,7,6,13,8,7,15,121,102,223,0,0,0,3,4,7,734,904,1638,2022-06-30T22:00:00Z
02,125,Gornja Stubica,226,267,493,52,15,67,8,6,14,1,1,2,73,51,124,0,0,0,2,0,2,362,340,702,2022-06-30T22:00:00Z
02,146,Hraščina,48,46,94,8,2,10,2,3,5,0,1,1,4,7,11,0,0,0,0,0,0,62,59,121,2022-06-30T22:00:00Z
02,152,Hum Na Sutli,1539,644,2183,53,28,81,5,0,5,1,8,9,256,80,336,0,0,0,2,2,4,1856,762,2618,2022-06-30T22:00:00Z
02,187,Klanjec,285,251,536,70,26,96,13,8,21,5,1,6,68,47,115,0,0,0,3,2,5,444,335,779,2022-06-30T22:00:00Z
02,200,Konjščina,448,408,856,32,15,47,2,1,3,1,2,3,43,31,74,0,0,0,0,1,1,526,458,984,2022-06-30T22:00:00Z
02,208,Kraljevec Na Sutli,71,50,121,13,6,19,3,1,4,0,0,0,15,6,21,0,0,0,0,1,1,102,64,166,2022-06-30T22:00:00Z
02,211,Krapina,2844,2325,5169,174,95,269,9,5,14,15,16,31,174,166,340,0,0,0,1,6,7,3217,2613,5830,2022-06-30T22:00:00Z
02,212,Krapinske Toplice,602,1162,1764,68,36,104,5,6,11,0,5,5,104,70,174,0,0,0,1,1,2,780,1280,2060,2022-06-30T22:00:00Z
02,236,Lobor,164,230,394,24,8,32,3,3,6,0,0,0,33,15,48,0,0,0,1,2,3,225,258,483,2022-06-30T22:00:00Z
02,248,Mače,95,66,161,32,7,39,4,4,8,1,0,1,61,34,95,0,0,0,0,1,1,193,112,305,2022-06-30T22:00:00Z
02,256,Marija Bistrica,340,353,693,67,43,110,14,7,21,1,5,6,65,78,143,0,0,0,2,2,4,489,488,977,2022-06-30T22:00:00Z
02,265,Mihovljan,92,119,211,31,7,38,3,0,3,0,0,0,70,16,86,0,0,0,1,1,2,197,143,340,2022-06-30T22:00:00Z
02,311,Oroslavje,900,798,1698,77,38,115,11,2,13,6,8,14,93,63,156,0,0,0,3,2,5,1090,911,2001,2022-06-30T22:00:00Z
02,329,Petrovsko,80,49,129,16,3,19,1,0,1,5,0,5,59,12,71,0,0,0,1,0,1,162,64,226,2022-06-30T22:00:00Z
02,352,Pregrada,795,887,1682,112,33,145,3,5,8,6,6,12,157,100,257,0,0,0,2,0,2,1075,1031,2106,2022-06-30T22:00:00Z
02,364,Radoboj,145,99,244,17,12,29,1,1,2,0,2,2,58,24,82,0,0,0,0,0,0,221,138,359,2022-06-30T22:00:00Z
02,41,Budinščina,176,174,350,15,5,20,6,1,7,1,2,3,18,12,30,0,0,0,2,1,3,218,195,413,2022-06-30T22:00:00Z
02,422,Stubičke Toplice,255,422,677,33,18,51,0,2,2,2,5,7,62,30,92,0,0,0,1,0,1,353,477,830,2022-06-30T22:00:00Z
02,430,Sveti Križ Začretje,706,823,1529,74,22,96,10,4,14,1,4,5,150,102,252,0,0,0,4,3,7,945,958,1903,2022-06-30T22:00:00Z
02,466,Tuhelj,163,211,374,20,10,30,5,1,6,1,2,3,37,39,76,0,0,0,0,0,0,226,263,489,2022-06-30T22:00:00Z
02,481,Veliko Trgovišće,569,396,965,53,17,70,3,5,8,2,5,7,107,55,162,0,0,0,3,1,4,737,479,1216,2022-06-30T22:00:00Z
02,519,Zabok,2799,2831,5630,142,84,226,4,3,7,14,15,29,179,331,510,0,0,0,2,3,5,3140,3267,6407,2022-06-30T22:00:00Z
02,521,Zagorska Sela,9,55,64,7,1,8,6,2,8,0,1,1,16,5,21,0,0,0,0,0,0,38,64,102,2022-06-30T22:00:00Z
02,526,Zlatar,531,668,1199,98,43,141,26,14,40,7,7,14,111,90,201,0,0,0,2,1,3,775,823,1598,2022-06-30T22:00:00Z
02,527,Zlatar Bistrica,327,540,867,28,8,36,4,2,6,4,0,4,74,45,119,0,0,0,3,2,5,440,597,1037,2022-06-30T22:00:00Z
02,552,Jesenje,74,55,129,11,2,13,0,0,0,0,0,0,43,8,51,0,0,0,0,0,0,128,65,193,2022-06-30T22:00:00Z
02,553,Kumrovec,82,85,167,17,3,20,2,0,2,3,1,4,21,19,40,0,0,0,0,0,0,125,108,233,2022-06-30T22:00:00Z
02,554,Novi Golubovec,138,55,193,2,2,4,1,0,1,0,0,0,5,1,6,0,0,0,0,0,0,146,58,204,2022-06-30T22:00:00Z
02,70,Desinić,128,278,406,29,7,36,9,2,11,2,1,3,48,34,82,0,0,0,0,1,1,216,323,539,2022-06-30T22:00:00Z
02,79,Donja Stubica,893,801,1694,95,51,146,4,4,8,8,3,11,79,48,127,0,0,0,1,1,2,1080,908,1988,2022-06-30T22:00:00Z
03,102,Dvor,289,131,420,17,6,23,61,22,83,0,3,3,14,14,28,0,0,0,1,2,3,382,178,560,2022-06-30T22:00:00Z
03,121,Glina,1151,675,1826,41,21,62,59,26,85,5,10,15,69,65,134,0,0,0,0,0,0,1325,797,2122,2022-06-30T22:00:00Z
03,149,Hrvatska Dubica,75,66,141,9,2,11,11,3,14,0,0,0,4,6,10,0,0,0,0,0,0,99,77,176,2022-06-30T22:00:00Z
03,150,Hrvatska Kostajnica,319,264,583,19,9,28,8,2,10,1,3,4,11,23,34,0,0,0,4,0,4,362,301,663,2022-06-30T22:00:00Z
03,168,Jasenovac,136,116,252,14,4,18,14,5,19,0,0,0,15,11,26,0,0,0,0,1,1,179,137,316,2022-06-30T22:00:00Z
03,220,Kutina,3595,2854,6449,169,109,278,45,22,67,36,25,61,211,254,465,1,0,1,10,7,17,4067,3271,7338,2022-06-30T22:00:00Z
03,228,Lekenik,349,258,607,44,9,53,9,8,17,1,3,4,51,33,84,0,0,0,1,1,2,455,312,767,2022-06-30T22:00:00Z
03,232,Lipovljani,253,263,516,24,9,33,11,2,13,1,0,1,35,42,77,0,0,0,0,2,2,324,318,642,2022-06-30T22:00:00Z
03,259,Martinska Ves,132,52,184,10,1,11,27,14,41,3,0,3,46,14,60,0,0,0,0,1,1,218,82,300,2022-06-30T22:00:00Z
03,293,Novska,1310,991,2301,176,102,278,33,16,49,7,18,25,258,237,495,0,0,0,4,7,11,1788,1371,3159,2022-06-30T22:00:00Z
03,328,Petrinja,1721,1649,3370,244,86,330,68,27,95,10,21,31,289,290,579,0,0,0,5,4,9,2337,2077,4414,2022-06-30T22:00:00Z
03,347,Popovača,872,1020,1892,81,43,124,51,17,68,7,10,17,103,125,228,0,0,0,5,1,6,1119,1216,2335,2022-06-30T22:00:00Z
03,391,Sisak,7018,8031,15049,383,226,609,97,59,156,42,78,120,599,568,1167,0,0,0,17,16,33,8156,8978,17134,2022-06-30T22:00:00Z
03,426,Sunja,206,160,366,25,10,35,50,33,83,1,2,3,18,21,39,0,0,0,1,0,1,301,226,527,2022-06-30T22:00:00Z
03,457,Topusko,222,323,545,15,7,22,5,2,7,4,1,5,34,24,58,0,0,0,0,0,0,280,357,637,2022-06-30T22:00:00Z
03,477,Velika Ludina,114,133,247,12,9,21,14,3,17,0,0,0,26,22,48,0,0,0,1,0,1,167,167,334,2022-06-30T22:00:00Z
03,510,Gvozd,113,87,200,9,4,13,18,4,22,0,0,0,17,13,30,0,0,0,2,1,3,159,109,268,2022-06-30T22:00:00Z
03,555,Majur,140,55,195,1,1,2,3,1,4,0,0,0,2,0,2,0,0,0,0,0,0,146,57,203,2022-06-30T22:00:00Z
03,83,Donji Kukuruzari,43,61,104,5,0,5,6,2,8,0,0,0,1,2,3,0,0,0,1,0,1,56,65,121,2022-06-30T22:00:00Z
04,120,Generalski Stol,40,62,102,22,5,27,1,0,1,0,1,1,24,12,36,0,0,0,0,0,0,87,80,167,2022-06-30T22:00:00Z
04,172,Josipdol,188,149,337,26,16,42,3,8,11,2,1,3,51,55,106,0,0,0,0,0,0,270,229,499,2022-06-30T22:00:00Z
04,179,Karlovac,10467,8863,19330,420,303,723,76,51,127,65,89,154,616,801,1417,0,0,0,17,16,33,11661,10123,21784,2022-06-30T22:00:00Z
04,216,Krnjak,140,70,210,3,2,5,6,4,10,1,0,1,9,4,13,0,0,0,0,0,0,159,80,239,2022-06-30T22:00:00Z
04,225,Lasinja,46,48,94,4,3,7,0,5,5,2,0,2,5,9,14,0,0,0,0,0,0,57,65,122,2022-06-30T22:00:00Z
04,281,Netretić,94,100,194,18,2,20,2,1,3,1,1,2,39,33,72,0,0,0,0,0,0,154,137,291,2022-06-30T22:00:00Z
04,297,Ogulin,1789,1758,3547,141,89,230,42,21,63,8,32,40,145,187,332,0,0,0,5,8,13,2130,2095,4225,2022-06-30T22:00:00Z
04,30,Bosiljevo,102,79,181,3,0,3,0,0,0,1,1,2,27,31,58,0,0,0,0,0,0,133,111,244,2022-06-30T22:00:00Z
04,315,Ozalj,775,618,1393,93,32,125,22,13,35,4,9,13,124,98,222,0,1,1,2,4,6,1020,775,1795,2022-06-30T22:00:00Z
04,333,Plaški,85,55,140,9,4,13,10,2,12,0,0,0,41,29,70,0,0,0,0,0,0,145,90,235,2022-06-30T22:00:00Z
04,365,Rakovica,155,199,354,8,11,19,3,4,7,0,0,0,85,102,187,0,0,0,1,0,1,252,316,568,2022-06-30T22:00:00Z
04,378,Saborsko,12,13,25,0,1,1,1,0,1,0,0,0,6,1,7,0,0,0,0,0,0,19,15,34,2022-06-30T22:00:00Z
04,400,Slunj,346,411,757,51,17,68,37,19,56,3,4,7,123,110,233,0,0,0,3,13,16,563,574,1137,2022-06-30T22:00:00Z
04,49,Cetingrad,68,57,125,7,0,7,2,4,6,0,0,0,6,6,12,0,0,0,0,0,0,83,67,150,2022-06-30T22:00:00Z
04,503,Vojnić,357,241,598,20,15,35,42,12,54,1,0,1,31,32,63,0,0,0,2,1,3,453,301,754,2022-06-30T22:00:00Z
04,530,Žakanje,158,98,256,26,11,37,3,1,4,0,0,0,27,30,57,0,0,0,0,1,1,214,141,355,2022-06-30T22:00:00Z
04,556,Ribnik,9,4,13,11,3,14,1,1,2,0,0,0,6,9,15,0,0,0,0,0,0,27,17,44,2022-06-30T22:00:00Z
04,557,Tounj,65,23,88,4,0,4,0,0,0,0,0,0,5,7,12,0,0,0,0,0,0,74,30,104,2022-06-30T22:00:00Z
04,623,Kamanje,164,101,265,3,2,5,0,0,0,0,0,0,3,6,9,0,0,0,0,0,0,170,109,279,2022-06-30T22:00:00Z
04,7,Barilovići,271,156,427,21,10,31,7,0,7,0,1,1,110,32,142,0,0,0,0,0,0,409,199,608,2022-06-30T22:00:00Z
04,90,Draganić,157,142,299,13,4,17,7,3,10,1,1,2,16,22,38,0,0,0,0,0,0,194,172,366,2022-06-30T22:00:00Z
04,99,Duga Resa,1245,1059,2304,137,68,205,23,20,43,5,18,23,191,221,412,0,0,0,4,8,12,1605,1394,2999,2022-06-30T22:00:00Z
05,12,Bednja,209,173,382,18,7,25,2,5,7,1,1,2,26,15,41,0,0,0,0,0,0,256,201,457,2022-06-30T22:00:00Z
05,129,Gornji Kneginec,594,994,1588,49,29,78,9,4,13,2,7,9,67,53,120,0,0,0,3,5,8,724,1092,1816,2022-06-30T22:00:00Z
05,151,Breznički Hum,199,141,340,15,4,19,7,5,12,0,1,1,22,13,35,1,0,1,2,6,8,246,170,416,2022-06-30T22:00:00Z
05,156,Ivanec,2122,1813,3935,168,61,229,11,10,21,10,17,27,322,267,589,0,0,0,6,9,15,2639,2177,4816,2022-06-30T22:00:00Z
05,165,Jalžabet,757,1063,1820,21,4,25,12,6,18,0,3,3,34,23,57,0,0,0,0,1,1,824,1100,1924,2022-06-30T22:00:00Z
05,189,Klenovnik,149,56,205,8,4,12,0,0,0,0,0,0,22,25,47,0,0,0,2,0,2,181,85,266,2022-06-30T22:00:00Z
05,19,Beretinec,80,45,125,18,2,20,3,2,5,0,1,1,15,24,39,0,0,0,1,0,1,117,74,191,2022-06-30T22:00:00Z
05,229,Lepoglava,1368,608,1976,62,33,95,5,2,7,1,4,5,95,55,150,0,0,0,1,7,8,1532,709,2241,2022-06-30T22:00:00Z
05,244,Ludbreg,1811,1564,3375,119,62,181,58,35,93,10,13,23,247,186,433,0,0,0,2,5,7,2247,1865,4112,2022-06-30T22:00:00Z
05,247,Ljubešćica,361,168,529,26,8,34,2,0,2,1,3,4,77,25,102,0,0,0,1,0,1,468,204,672,2022-06-30T22:00:00Z
05,251,Mali Bukovec,39,84,123,12,6,18,25,15,40,0,1,1,99,34,133,0,0,0,0,1,1,175,141,316,2022-06-30T22:00:00Z
05,260,Maruševec,357,296,653,59,25,84,22,25,47,3,2,5,116,39,155,0,0,0,3,1,4,560,388,948,2022-06-30T22:00:00Z
05,289,Novi Marof,1228,1178,2406,164,69,233,15,10,25,8,15,23,292,173,465,0,0,0,6,4,10,1713,1449,3162,2022-06-30T22:00:00Z
05,326,Petrijanec,465,717,1182,24,7,31,14,9,23,1,3,4,81,81,162,0,0,0,0,1,1,585,818,1403,2022-06-30T22:00:00Z
05,36,Breznica,152,62,214,18,3,21,4,5,9,1,4,5,37,14,51,0,0,0,0,0,0,212,88,300,2022-06-30T22:00:00Z
05,410,Sračinec,256,260,516,40,15,55,2,2,4,1,6,7,88,58,146,0,0,0,0,2,2,387,343,730,2022-06-30T22:00:00Z
05,437,Sveti Đurđ,70,98,168,32,4,36,29,8,37,3,1,4,35,34,69,0,0,0,0,0,0,169,145,314,2022-06-30T22:00:00Z
05,438,Sveti Ilija,190,199,389,17,7,24,2,1,3,0,4,4,43,30,73,0,0,0,0,0,0,252,241,493,2022-06-30T22:00:00Z
05,462,Trnovec Bartolovečki,1192,1430,2622,71,20,91,16,6,22,1,4,5,308,94,402,0,0,0,1,1,2,1589,1555,3144,2022-06-30T22:00:00Z
05,472,Varaždin,16687,15306,31993,504,373,877,50,24,74,76,115,191,537,655,1192,0,0,0,25,18,43,17879,16491,34370,2022-06-30T22:00:00Z
05,473,Varaždinske Toplice,596,499,1095,45,22,67,10,6,16,5,7,12,180,50,230,0,0,0,2,3,5,838,587,1425,2022-06-30T22:00:00Z
05,48,Cestica,410,383,793,52,28,80,11,18,29,1,4,5,103,75,178,0,0,0,0,4,4,577,512,1089,2022-06-30T22:00:00Z
05,484,Vidovec,257,256,513,50,15,65,57,31,88,2,5,7,113,93,206,0,0,0,0,0,0,479,400,879,2022-06-30T22:00:00Z
05,486,Vinica,325,223,548,19,8,27,5,4,9,1,5,6,29,24,53,0,0,0,0,1,1,379,265,644,2022-06-30T22:00:00Z
05,493,Visoko,104,54,158,18,0,18,6,3,9,0,0,0,24,27,51,0,0,0,2,0,2,154,84,238,2022-06-30T22:00:00Z
05,558,Veliki Bukovec,384,259,643,5,2,7,22,10,32,0,1,1,37,28,65,0,0,0,0,0,0,448,300,748,2022-06-30T22:00:00Z
05,80,Donja Voća,86,55,141,10,1,11,5,8,13,0,1,1,26,21,47,0,0,0,0,1,1,127,87,214,2022-06-30T22:00:00Z
05,85,Donji Martijanec,352,171,523,28,7,35,20,4,24,1,1,2,47,31,78,0,0,0,0,0,0,448,214,662,2022-06-30T22:00:00Z
06,104,Đelekovec,30,41,71,22,12,34,38,12,50,0,1,1,17,13,30,0,0,0,0,0,0,107,79,186,2022-06-30T22:00:00Z
06,107,Đurđevac,1400,1247,2647,82,44,126,73,40,113,13,11,24,87,67,154,0,0,0,11,7,18,1666,1416,3082,2022-06-30T22:00:00Z
06,115,Ferdinandovac,43,92,135,11,3,14,40,33,73,1,1,2,19,7,26,0,0,0,1,0,1,115,136,251,2022-06-30T22:00:00Z
06,122,Gola,196,167,363,11,2,13,88,39,127,0,2,2,5,24,29,0,0,0,0,1,1,300,235,535,2022-06-30T22:00:00Z
06,145,Hlebine,10,31,41,1,0,1,15,3,18,1,1,2,0,7,7,0,0,0,1,1,2,28,43,71,2022-06-30T22:00:00Z
06,194,Kloštar Podravski,180,160,340,17,13,30,40,35,75,0,1,1,35,62,97,0,0,0,1,0,1,273,271,544,2022-06-30T22:00:00Z
06,201,Koprivnica,7175,7483,14658,345,201,546,59,30,89,60,67,127,404,438,842,0,2,2,17,16,33,8060,8237,16297,2022-06-30T22:00:00Z
06,202,Koprivnički Bregi,57,74,131,19,3,22,23,8,31,0,0,0,36,9,45,0,0,0,0,0,0,135,94,229,2022-06-30T22:00:00Z
06,203,Koprivnički Ivanec,69,51,120,25,5,30,26,8,34,0,0,0,16,10,26,0,0,0,0,0,0,136,74,210,2022-06-30T22:00:00Z
06,214,Križevci,3500,3698,7198,175,101,276,227,180,407,13,29,42,246,232,478,0,0,0,9,11,20,4170,4251,8421,2022-06-30T22:00:00Z
06,227,Legrad,64,83,147,16,5,21,21,6,27,1,2,3,22,20,42,0,0,0,0,0,0,124,116,240,2022-06-30T22:00:00Z
06,270,Molve,217,114,331,7,9,16,51,27,78,1,2,3,36,22,58,0,0,0,3,3,6,315,177,492,2022-06-30T22:00:00Z
06,292,Novigrad Podravski,103,155,258,10,2,12,18,12,30,0,1,1,17,17,34,0,0,0,0,1,1,148,188,336,2022-06-30T22:00:00Z
06,324,Peteranec,70,50,120,17,3,20,21,9,30,1,1,2,27,12,39,0,0,0,0,1,1,136,76,212,2022-06-30T22:00:00Z
06,366,Rasinja,48,73,121,22,4,26,54,22,76,1,0,1,20,21,41,0,0,0,1,0,1,146,120,266,2022-06-30T22:00:00Z
06,405,Sokolovac,216,94,310,17,4,21,46,16,62,5,3,8,21,8,29,0,0,0,0,0,0,305,125,430,2022-06-30T22:00:00Z
06,439,Sveti Ivan Žabno,273,190,463,39,18,57,96,60,156,2,2,4,47,60,107,0,0,0,0,1,1,457,331,788,2022-06-30T22:00:00Z
06,442,Sveti Petar Orehovec,130,123,253,29,6,35,132,124,256,1,1,2,38,23,61,0,0,0,1,0,1,331,277,608,2022-06-30T22:00:00Z
06,490,Virje,292,209,501,27,12,39,37,20,57,4,1,5,30,36,66,0,0,0,0,2,2,390,280,670,2022-06-30T22:00:00Z
06,559,Kalinovac,419,103,522,6,1,7,8,3,11,0,0,0,9,9,18,0,0,0,2,1,3,444,117,561,2022-06-30T22:00:00Z
06,560,Kalnik,44,47,91,2,4,6,20,21,41,0,1,1,8,4,12,0,0,0,0,0,0,74,77,151,2022-06-30T22:00:00Z
06,561,Novo Virje,45,38,83,2,0,2,38,26,64,0,0,0,15,6,21,0,0,0,0,1,1,100,71,171,2022-06-30T22:00:00Z
06,616,Podravske Sesvete,105,112,217,3,4,7,25,14,39,1,0,1,6,6,12,0,0,0,1,1,2,141,137,278,2022-06-30T22:00:00Z
06,618,Gornja Reka,99,91,190,6,2,8,8,6,14,0,0,0,4,3,7,0,0,0,0,0,0,117,102,219,2022-06-30T22:00:00Z
06,96,Drnje,117,104,221,11,4,15,17,10,27,0,1,1,6,10,16,0,0,0,1,0,1,152,129,281,2022-06-30T22:00:00Z
07,105,Đulovac,267,64,331,9,8,17,32,16,48,2,0,2,119,33,152,0,0,0,0,0,0,429,121,550,2022-06-30T22:00:00Z
07,119,Garešnica,1080,1080,2160,58,31,89,57,36,93,14,17,31,108,131,239,0,0,0,1,6,7,1318,1301,2619,2022-06-30T22:00:00Z
07,139,Grubišno Polje,596,532,1128,35,25,60,101,39,140,4,10,14,66,68,134,0,0,0,1,3,4,803,677,1480,2022-06-30T22:00:00Z
07,144,Hercegovac,150,150,300,19,3,22,50,16,66,1,1,2,42,36,78,0,0,0,1,2,3,263,208,471,2022-06-30T22:00:00Z
07,161,Ivanska,131,89,220,3,3,6,46,13,59,2,3,5,79,25,104,0,0,0,3,1,4,264,134,398,2022-06-30T22:00:00Z
07,176,Kapela,102,81,183,4,3,7,43,25,68,0,1,1,19,8,27,0,0,0,1,0,1,169,118,287,2022-06-30T22:00:00Z
07,18,Berek,42,44,86,7,2,9,20,15,35,0,0,0,8,6,14,0,0,0,0,0,0,77,67,144,2022-06-30T22:00:00Z
07,199,Končanica,128,66,194,9,1,10,34,15,49,0,0,0,10,11,21,0,0,0,1,2,3,182,95,277,2022-06-30T22:00:00Z
07,24,Bjelovar,7140,6796,13936,302,180,482,197,99,296,48,75,123,413,525,938,2,0,2,15,14,29,8117,7689,15806,2022-06-30T22:00:00Z
07,287,Nova Rača,90,118,208,13,3,16,75,33,108,0,2,2,30,12,42,0,0,0,0,1,1,208,169,377,2022-06-30T22:00:00Z
07,375,Rovišće,210,203,413,25,12,37,51,32,83,1,3,4,24,38,62,0,0,0,0,1,1,311,289,600,2022-06-30T22:00:00Z
07,390,Sirač,311,156,467,9,2,11,10,4,14,1,1,2,13,9,22,0,0,0,0,2,2,344,174,518,2022-06-30T22:00:00Z
07,450,Štefanje,46,53,99,7,4,11,31,12,43,1,2,3,33,25,58,0,0,0,3,0,3,121,96,217,2022-06-30T22:00:00Z
07,478,Velika Pisanica,78,77,155,5,1,6,30,14,44,1,0,1,14,9,23,0,0,0,0,0,0,128,101,229,2022-06-30T22:00:00Z
07,480,Veliki Grđevac,160,134,294,11,6,17,72,30,102,1,2,3,72,25,97,0,0,0,1,0,1,317,197,514,2022-06-30T22:00:00Z
07,483,Veliko Trojstvo,65,105,170,13,3,16,15,13,28,0,0,0,42,16,58,0,0,0,0,0,0,135,137,272,2022-06-30T22:00:00Z
07,562,Severin,63,29,92,1,0,1,16,13,29,0,0,0,17,28,45,0,0,0,0,0,0,97,70,167,2022-06-30T22:00:00Z
07,564,Šandrovac,29,51,80,3,0,3,14,8,22,1,0,1,13,6,19,0,0,0,0,0,0,60,65,125,2022-06-30T22:00:00Z
07,565,Velika Trnovitica,60,63,123,8,3,11,30,22,52,1,0,1,19,9,28,0,0,0,1,1,2,119,98,217,2022-06-30T22:00:00Z
07,566,Zrinski Topolovac,13,18,31,2,1,3,28,17,45,0,0,0,4,2,6,0,0,0,0,1,1,47,39,86,2022-06-30T22:00:00Z
07,63,Čazma,1109,798,1907,56,20,76,52,37,89,5,11,16,121,76,197,0,0,0,7,1,8,1350,943,2293,2022-06-30T22:00:00Z
07,67,Daruvar,1415,1695,3110,76,52,128,38,22,60,16,19,35,144,179,323,0,0,0,3,8,11,1692,1975,3667,2022-06-30T22:00:00Z
07,71,Dežanovac,123,75,198,10,2,12,72,34,106,0,0,0,37,17,54,0,0,0,0,1,1,242,129,371,2022-06-30T22:00:00Z
08,117,Fužine,270,189,459,18,11,29,0,2,2,2,1,3,18,23,41,0,0,0,3,0,3,311,226,537,2022-06-30T22:00:00Z
08,170,Jelenje,289,251,540,98,46,144,6,1,7,32,9,41,61,44,105,0,0,0,3,1,4,489,352,841,2022-06-30T22:00:00Z
08,180,Kastav,1132,841,1973,142,70,212,3,1,4,48,10,58,114,88,202,1,1,2,6,4,10,1446,1015,2461,2022-06-30T22:00:00Z
08,186,Klana,367,208,575,23,8,31,1,2,3,5,2,7,15,9,24,0,0,0,1,2,3,412,231,643,2022-06-30T22:00:00Z
08,209,Kraljevica,344,315,659,41,23,64,2,1,3,40,4,44,26,41,67,1,0,1,2,7,9,456,391,847,2022-06-30T22:00:00Z
08,215,Krk,2140,1599,3739,278,130,408,13,8,21,25,15,40,405,318,723,0,0,0,7,10,17,2868,2080,4948,2022-06-30T22:00:00Z
08,237,Lokve,119,90,209,14,5,19,0,1,1,0,3,3,8,8,16,0,0,0,1,0,1,142,107,249,2022-06-30T22:00:00Z
08,242,Lovran,454,652,1106,98,39,137,1,1,2,14,8,22,57,70,127,0,0,0,3,7,10,627,777,1404,2022-06-30T22:00:00Z
08,252,Mali Lošinj,1840,1889,3729,238,92,330,24,9,33,35,19,54,303,275,578,0,0,0,7,4,11,2447,2288,4735,2022-06-30T22:00:00Z
08,253,Malinska-Dubašnica,652,969,1621,153,79,232,6,9,15,10,5,15,260,236,496,0,0,0,4,5,9,1085,1303,2388,2022-06-30T22:00:00Z
08,261,Matulji,1517,1080,2597,230,127,357,15,5,20,36,15,51,188,183,371,1,0,1,4,12,16,1991,1422,3413,2022-06-30T22:00:00Z
08,273,Mošćenička Draga,138,110,248,52,20,72,0,1,1,3,4,7,55,55,110,0,0,0,4,4,8,252,194,446,2022-06-30T22:00:00Z
08,275,Mrkopalj,60,45,105,13,3,16,2,0,2,2,0,2,7,9,16,0,0,0,1,0,1,85,57,142,2022-06-30T22:00:00Z
08,290,Novi Vinodolski,656,557,1213,129,65,194,7,5,12,9,7,16,177,136,313,0,0,0,2,7,9,980,777,1757,2022-06-30T22:00:00Z
08,301,Omišalj,735,558,1293,82,25,107,0,0,0,8,4,12,123,73,196,0,0,0,0,1,1,948,661,1609,2022-06-30T22:00:00Z
08,302,Opatija,2436,2979,5415,203,126,329,6,4,10,52,26,78,127,175,302,0,0,0,12,13,25,2836,3323,6159,2022-06-30T22:00:00Z
08,360,Punat,355,242,597,79,27,106,4,0,4,6,1,7,138,111,249,0,0,0,0,0,0,582,381,963,2022-06-30T22:00:00Z
08,363,Rab,1159,1369,2528,364,107,471,14,6,20,17,12,29,482,407,889,0,0,0,6,10,16,2042,1911,3953,2022-06-30T22:00:00Z
08,369,Ravna Gora,288,296,584,30,11,41,2,1,3,3,1,4,40,19,59,0,0,0,1,5,6,364,333,697,2022-06-30T22:00:00Z
08,373,Rijeka,27892,28270,56162,1270,1084,2354,19,15,34,967,352,1319,880,1280,2160,4,3,7,92,115,207,31124,31119,62243,2022-06-30T22:00:00Z
08,38,Brod Moravice,44,31,75,10,1,11,0,0,0,0,1,1,10,2,12,0,0,0,1,0,1,65,35,100,2022-06-30T22:00:00Z
08,393,Skrad,43,38,81,4,3,7,1,1,2,1,1,2,2,6,8,0,0,0,0,1,1,51,50,101,2022-06-30T22:00:00Z
08,4,Bakar,2062,1034,3096,63,44,107,3,0,3,75,10,85,76,69,145,0,0,0,3,10,13,2282,1167,3449,2022-06-30T22:00:00Z
08,488,Vinodolska Općina,188,155,343,56,22,78,2,0,2,10,1,11,40,19,59,1,0,1,1,1,2,298,198,496,2022-06-30T22:00:00Z
08,495,Viškovo,1673,1136,2809,207,110,317,7,4,11,61,17,78,155,145,300,0,0,0,12,10,22,2115,1422,3537,2022-06-30T22:00:00Z
08,507,Vrbnik,173,135,308,38,13,51,9,2,11,0,0,0,55,44,99,0,0,0,1,1,2,276,195,471,2022-06-30T22:00:00Z
08,509,Vrbovsko,338,297,635,59,19,78,3,4,7,0,5,5,78,40,118,1,0,1,0,1,1,479,366,845,2022-06-30T22:00:00Z
08,52,Cres,616,563,1179,95,39,134,9,3,12,11,3,14,131,153,284,0,0,0,4,2,6,866,763,1629,2022-06-30T22:00:00Z
08,53,Crikvenica,1591,2007,3598,267,153,420,7,2,9,35,22,57,437,368,805,0,0,0,7,8,15,2344,2560,4904,2022-06-30T22:00:00Z
08,538,Kostrena,490,318,808,43,26,69,1,1,2,68,7,75,21,36,57,0,0,0,1,4,5,624,392,1016,2022-06-30T22:00:00Z
08,55,Čabar,323,264,587,57,18,75,7,4,11,7,0,7,147,53,200,0,0,0,0,2,2,541,341,882,2022-06-30T22:00:00Z
08,61,Čavle,660,564,1224,96,53,149,1,2,3,28,10,38,101,83,184,0,0,0,3,4,7,889,716,1605,2022-06-30T22:00:00Z
08,624,Lopar,107,67,174,49,13,62,0,1,1,1,0,1,114,135,249,0,0,0,0,4,4,271,220,491,2022-06-30T22:00:00Z
08,69,Delnice,1134,761,1895,71,49,120,5,1,6,10,11,21,81,101,182,0,0,0,2,8,10,1303,931,2234,2022-06-30T22:00:00Z
08,74,Dobrinj,191,127,318,52,26,78,1,2,3,3,1,4,121,73,194,0,0,0,1,1,2,369,230,599,2022-06-30T22:00:00Z
08,8,Baška,385,394,779,97,49,146,6,3,9,2,3,5,175,172,347,0,0,0,5,4,9,670,625,1295,2022-06-30T22:00:00Z
09,130,Gospić,2254,2251,4505,100,62,162,74,46,120,12,10,22,145,180,325,0,0,0,9,9,18,2594,2558,5152,2022-06-30T22:00:00Z
09,178,Karlobag,124,128,252,14,7,21,7,1,8,1,0,1,10,7,17,0,0,0,0,2,2,156,145,301,2022-06-30T22:00:00Z
09,240,Lovinac,216,92,308,1,0,1,1,1,2,0,0,0,1,2,3,0,0,0,0,0,0,219,95,314,2022-06-30T22:00:00Z
09,288,Novalja,1525,1145,2670,164,60,224,22,11,33,6,6,12,358,241,599,0,0,0,1,4,5,2076,1467,3543,2022-06-30T22:00:00Z
09,313,Otočac,845,891,1736,93,40,133,57,27,84,7,6,13,113,117,230,0,0,0,2,3,5,1117,1084,2201,2022-06-30T22:00:00Z
09,323,Perušić,335,274,609,22,10,32,32,18,50,0,1,1,22,22,44,0,0,0,0,0,0,411,325,736,2022-06-30T22:00:00Z
09,37,Brinje,375,223,598,23,6,29,8,6,14,0,1,1,8,19,27,0,0,0,0,2,2,414,257,671,2022-06-30T22:00:00Z
09,387,Senj,760,657,1417,110,57,167,5,5,10,21,7,28,168,185,353,0,0,0,5,4,9,1069,915,1984,2022-06-30T22:00:00Z
09,455,Plitvička Jezera,816,847,1663,48,19,67,60,17,77,2,5,7,222,179,401,0,0,0,1,0,1,1149,1067,2216,2022-06-30T22:00:00Z
09,467,Udbina,139,89,228,10,5,15,38,13,51,0,0,0,15,18,33,0,0,0,3,0,3,205,125,330,2022-06-30T22:00:00Z
09,512,Vrhovine,108,44,152,3,3,6,7,1,8,0,0,0,5,3,8,0,0,0,0,0,0,123,51,174,2022-06-30T22:00:00Z
09,84,Donji Lapac,117,72,189,6,4,10,26,6,32,0,0,0,14,5,19,0,0,0,0,0,0,163,87,250,2022-06-30T22:00:00Z
10,136,Gradina,82,94,176,14,9,23,124,48,172,2,0,2,41,29,70,0,0,0,0,0,0,263,180,443,2022-06-30T22:00:00Z
10,245,Lukač,205,110,315,14,5,19,50,17,67,1,0,1,55,36,91,0,0,0,0,0,0,325,168,493,2022-06-30T22:00:00Z
10,266,Mikleuš,66,47,113,8,2,10,14,8,22,0,0,0,16,10,26,0,0,0,0,0,0,104,67,171,2022-06-30T22:00:00Z
10,283,Nova Bukovica,43,38,81,10,5,15,36,8,44,1,0,1,22,16,38,0,0,0,1,0,1,113,67,180,2022-06-30T22:00:00Z
10,307,Orahovica,934,667,1601,71,34,105,11,3,14,10,10,20,104,112,216,0,0,0,2,3,5,1132,829,1961,2022-06-30T22:00:00Z
10,332,Pitomača,695,684,1379,88,44,132,150,88,238,1,8,9,231,189,420,0,0,0,1,3,4,1166,1016,2182,2022-06-30T22:00:00Z
10,395,Slatina,1529,1401,2930,153,74,227,140,40,180,11,22,33,193,256,449,0,0,0,3,5,8,2029,1798,3827,2022-06-30T22:00:00Z
10,407,Sopje,159,44,203,4,1,5,88,18,106,0,0,0,19,23,42,0,0,0,0,0,0,270,86,356,2022-06-30T22:00:00Z
10,424,Suhopolje,257,251,508,24,21,45,102,41,143,1,1,2,73,55,128,0,0,0,2,3,5,459,372,831,2022-06-30T22:00:00Z
10,449,Špišić Bukovica,139,160,299,22,9,31,161,59,220,1,2,3,39,55,94,0,0,0,1,2,3,363,287,650,2022-06-30T22:00:00Z
10,491,Virovitica,3850,3918,7768,192,113,305,97,26,123,33,19,52,389,376,765,1,0,1,8,11,19,4570,4463,9033,2022-06-30T22:00:00Z
10,499,Voćin,154,101,255,9,3,12,24,34,58,0,0,0,12,7,19,0,0,0,0,0,0,199,145,344,2022-06-30T22:00:00Z
10,524,Zdenci,132,82,214,9,4,13,18,8,26,0,0,0,15,12,27,0,0,0,0,2,2,174,108,282,2022-06-30T22:00:00Z
10,54,Crnac,24,29,53,14,4,18,19,7,26,0,0,0,15,13,28,0,0,0,0,0,0,72,53,125,2022-06-30T22:00:00Z
10,56,Čačinci,162,106,268,20,14,34,19,9,28,0,3,3,29,30,59,0,0,0,0,1,1,230,163,393,2022-06-30T22:00:00Z
10,57,Čađavica,121,83,204,13,8,21,66,18,84,0,0,0,50,31,81,0,0,0,0,0,0,250,140,390,2022-06-30T22:00:00Z
11,164,Jakšić,150,96,246,32,5,37,24,5,29,0,2,2,44,17,61,0,0,0,0,0,0,250,125,375,2022-06-30T22:00:00Z
11,177,Kaptol,93,84,177,16,2,18,23,3,26,0,1,1,42,7,49,0,0,0,0,1,1,174,98,272,2022-06-30T22:00:00Z
11,221,Kutjevo,546,408,954,50,18,68,66,29,95,1,2,3,77,70,147,0,0,0,7,1,8,747,528,1275,2022-06-30T22:00:00Z
11,231,Lipik,763,614,1377,39,15,54,25,18,43,3,10,13,55,56,111,0,0,0,1,0,1,886,713,1599,2022-06-30T22:00:00Z
11,318,Pakrac,663,1086,1749,84,33,117,61,19,80,13,17,30,174,95,269,0,0,0,0,2,2,995,1252,2247,2022-06-30T22:00:00Z
11,334,Pleternica,597,443,1040,83,29,112,51,13,64,3,5,8,174,124,298,0,0,0,1,7,8,909,621,1530,2022-06-30T22:00:00Z
11,35,Brestovac,115,104,219,15,3,18,14,3,17,1,1,2,31,11,42,0,0,0,0,1,1,176,123,299,2022-06-30T22:00:00Z
11,351,Požega,5191,4401,9592,311,163,474,124,43,167,40,77,117,401,357,758,0,1,1,12,20,32,6079,5062,11141,2022-06-30T22:00:00Z
11,475,Velika,324,295,619,25,15,40,21,4,25,2,3,5,52,42,94,0,0,0,0,0,0,424,359,783,2022-06-30T22:00:00Z
11,58,Čaglin,107,162,269,8,1,9,16,5,21,0,1,1,13,14,27,0,0,0,0,0,0,144,183,327,2022-06-30T22:00:00Z
12,10,Bebrina,41,47,88,12,8,20,17,5,22,2,0,2,10,10,20,0,0,0,1,0,1,83,70,153,2022-06-30T22:00:00Z
12,118,Garčin,136,165,301,32,10,42,32,18,50,0,0,0,25,28,53,0,0,0,0,0,0,225,221,446,2022-06-30T22:00:00Z
12,127,Gornji Bogićevci,52,39,91,11,2,13,11,2,13,0,0,0,18,25,43,0,0,0,0,0,0,92,68,160,2022-06-30T22:00:00Z
12,140,Gundinci,80,51,131,13,3,16,50,23,73,0,0,0,16,7,23,0,0,0,0,0,0,159,84,243,2022-06-30T22:00:00Z
12,185,Klakar,85,51,136,12,4,16,22,4,26,0,1,1,13,13,26,0,0,0,1,0,1,133,73,206,2022-06-30T22:00:00Z
12,284,Nova Gradiška,2221,2074,4295,148,99,247,27,19,46,20,20,40,266,310,576,0,0,0,3,3,6,2685,2525,5210,2022-06-30T22:00:00Z
12,285,Nova Kapela,166,180,346,26,19,45,24,7,31,2,3,5,54,56,110,0,0,0,1,1,2,273,266,539,2022-06-30T22:00:00Z
12,299,Okučani,220,149,369,30,9,39,13,2,15,0,1,1,45,19,64,0,0,0,1,3,4,309,183,492,2022-06-30T22:00:00Z
12,303,Oprisavci,289,180,469,10,0,10,35,11,46,1,0,1,9,17,26,0,0,0,0,0,0,344,208,552,2022-06-30T22:00:00Z
12,309,Oriovac,292,282,574,43,21,64,22,12,34,2,3,5,73,56,129,0,0,0,1,2,3,433,376,809,2022-06-30T22:00:00Z
12,338,Podcrkavlje,36,32,68,16,2,18,7,3,10,0,1,1,27,7,34,0,0,0,0,0,0,86,45,131,2022-06-30T22:00:00Z
12,372,Rešetari,203,236,439,38,8,46,18,7,25,3,1,4,84,46,130,0,0,0,0,0,0,346,298,644,2022-06-30T22:00:00Z
12,388,Sibinj,132,205,337,59,20,79,17,2,19,0,0,0,68,39,107,0,0,0,2,3,5,278,269,547,2022-06-30T22:00:00Z
12,39,Brodski Stupnik,71,65,136,14,9,23,10,3,13,2,0,2,70,38,108,0,0,0,0,0,0,167,115,282,2022-06-30T22:00:00Z
12,396,Slavonski Brod,13694,9281,22975,633,356,989,43,30,73,79,89,168,914,964,1878,0,0,0,14,18,32,15377,10738,26115,2022-06-30T22:00:00Z
12,397,Slavonski Šamac,66,50,116,9,4,13,15,9,24,0,1,1,12,5,17,0,0,0,0,0,0,102,69,171,2022-06-30T22:00:00Z
12,412,Stara Gradiška,155,86,241,5,2,7,8,3,11,0,0,0,25,8,33,0,0,0,0,1,1,193,100,293,2022-06-30T22:00:00Z
12,418,Staro Petrovo Selo,200,111,311,33,11,44,41,15,56,1,1,2,94,51,145,0,0,0,0,2,2,369,191,560,2022-06-30T22:00:00Z
12,46,Cernik,144,180,324,36,13,49,9,6,15,4,2,6,61,29,90,0,0,0,0,1,1,254,231,485,2022-06-30T22:00:00Z
12,476,Velika Kopanica,177,106,283,29,8,37,31,17,48,1,1,2,37,26,63,0,0,0,0,2,2,275,160,435,2022-06-30T22:00:00Z
12,506,Vrbje,36,19,55,10,1,11,20,2,22,0,0,0,24,26,50,0,0,0,0,0,0,90,48,138,2022-06-30T22:00:00Z
12,514,Vrpolje,213,101,314,25,4,29,45,16,61,0,2,2,16,17,33,0,0,0,0,1,1,299,141,440,2022-06-30T22:00:00Z
12,567,Bukovlje,100,56,156,17,10,27,0,0,0,0,0,0,12,17,29,0,0,0,0,1,1,129,84,213,2022-06-30T22:00:00Z
12,568,Dragalić,30,46,76,5,0,5,7,2,9,0,0,0,6,7,13,0,0,0,0,1,1,48,56,104,2022-06-30T22:00:00Z
12,569,Gornja Vrba,368,100,468,17,4,21,1,1,2,0,1,1,26,23,49,0,0,0,0,1,1,412,130,542,2022-06-30T22:00:00Z
12,570,Sikirevci,37,41,78,22,5,27,37,16,53,0,0,0,13,9,22,0,0,0,1,2,3,110,73,183,2022-06-30T22:00:00Z
12,68,Davor,120,75,195,14,5,19,14,5,19,1,0,1,15,23,38,0,0,0,0,0,0,164,108,272,2022-06-30T22:00:00Z
12,81,Donji Andrijevci,141,105,246,23,10,33,19,5,24,0,1,1,29,12,41,0,0,0,0,3,3,212,136,348,2022-06-30T22:00:00Z
13,131,Gračac,275,286,561,22,17,39,68,30,98,2,1,3,48,49,97,0,0,0,0,2,2,415,385,800,2022-06-30T22:00:00Z
13,167,Jasenice,164,91,255,16,4,20,7,3,10,3,0,3,22,13,35,0,0,0,0,0,0,212,111,323,2022-06-30T22:00:00Z
13,17,Benkovac,1148,1071,2219,108,44,152,104,53,157,9,8,17,205,128,333,0,0,0,5,7,12,1579,1311,2890,2022-06-30T22:00:00Z
13,173,Kali,281,121,402,26,16,42,2,1,3,12,0,12,52,34,86,0,0,0,1,1,2,374,173,547,2022-06-30T22:00:00Z
13,20,Bibinje,209,210,419,65,30,95,4,0,4,2,4,6,87,95,182,0,0,0,1,2,3,368,341,709,2022-06-30T22:00:00Z
13,22,Biograd Na Moru,1254,1616,2870,165,98,263,26,13,39,18,7,25,288,340,628,0,0,0,5,3,8,1756,2077,3833,2022-06-30T22:00:00Z
13,234,Lišane Ostrovičke,24,28,52,9,4,13,0,1,1,0,0,0,10,6,16,0,0,0,0,0,0,43,39,82,2022-06-30T22:00:00Z
13,282,Nin,665,613,1278,67,20,87,9,4,13,6,3,9,103,103,206,0,0,0,3,0,3,853,743,1596,2022-06-30T22:00:00Z
13,296,Obrovac,375,239,614,43,16,59,31,8,39,4,2,6,33,51,84,0,0,0,3,4,7,489,320,809,2022-06-30T22:00:00Z
13,316,Pag,687,601,1288,100,42,142,29,12,41,5,4,9,179,171,350,0,0,0,3,2,5,1003,832,1835,2022-06-30T22:00:00Z
13,317,Pakoštane,460,448,908,94,34,128,9,13,22,8,2,10,165,130,295,0,0,0,2,1,3,738,628,1366,2022-06-30T22:00:00Z
13,320,Pašman,121,123,244,51,19,70,2,3,5,18,0,18,77,50,127,0,0,0,1,0,1,270,195,465,2022-06-30T22:00:00Z
13,344,Polača,106,68,174,15,8,23,5,2,7,3,0,3,8,17,25,0,0,0,1,2,3,138,97,235,2022-06-30T22:00:00Z
13,345,Poličnik,471,374,845,52,8,60,11,8,19,4,2,6,52,22,74,0,0,0,1,1,2,591,415,1006,2022-06-30T22:00:00Z
13,349,Posedarje,138,209,347,41,18,59,5,9,14,5,1,6,44,50,94,0,0,0,0,2,2,233,289,522,2022-06-30T22:00:00Z
13,354,Preko,311,472,783,58,15,73,6,4,10,32,2,34,76,59,135,0,0,0,2,2,4,485,554,1039,2022-06-30T22:00:00Z
13,371,Ražanac,98,114,212,32,13,45,7,5,12,12,0,12,44,32,76,0,0,0,2,0,2,195,164,359,2022-06-30T22:00:00Z
13,379,Sali,206,195,401,60,21,81,5,2,7,7,2,9,94,72,166,0,0,0,0,1,1,372,293,665,2022-06-30T22:00:00Z
13,411,Stankovci,244,127,371,31,7,38,6,3,9,1,1,2,31,15,46,0,0,0,0,2,2,313,155,468,2022-06-30T22:00:00Z
13,416,Starigrad,221,238,459,60,36,96,7,2,9,3,0,3,80,107,187,0,0,0,0,2,2,371,385,756,2022-06-30T22:00:00Z
13,425,Sukošan,451,355,806,67,24,91,12,5,17,4,2,6,68,67,135,0,0,0,1,3,4,603,456,1059,2022-06-30T22:00:00Z
13,428,Sveti Filip I Jakov,262,392,654,54,30,84,8,3,11,10,3,13,72,76,148,0,0,0,2,2,4,408,506,914,2022-06-30T22:00:00Z
13,445,Škabrnje,77,68,145,27,4,31,2,1,3,2,1,3,13,7,20,0,0,0,1,2,3,122,83,205,2022-06-30T22:00:00Z
13,489,Vir,403,390,793,68,29,97,1,2,3,2,2,4,96,105,201,0,0,0,2,1,3,572,529,1101,2022-06-30T22:00:00Z
13,520,Zadar,15451,16694,32145,1144,672,1816,41,26,67,668,210,878,1558,1624,3182,3,0,3,90,59,149,18955,19285,38240,2022-06-30T22:00:00Z
13,525,Zemunik Donji,198,279,477,18,4,22,3,2,5,1,0,1,28,10,38,0,0,0,0,1,1,248,296,544,2022-06-30T22:00:00Z
13,537,Novigrad,75,106,181,29,4,33,5,4,9,6,1,7,33,16,49,0,0,0,1,3,4,149,134,283,2022-06-30T22:00:00Z
13,571,Galovac,30,58,88,11,1,12,4,4,8,4,2,6,9,10,19,0,0,0,0,2,2,58,77,135,2022-06-30T22:00:00Z
13,572,Kukljica,62,60,122,23,2,25,1,0,1,3,1,4,54,25,79,0,0,0,1,0,1,144,88,232,2022-06-30T22:00:00Z
13,573,Povljana,63,55,118,20,8,28,4,0,4,4,0,4,20,26,46,0,0,0,0,1,1,111,90,201,2022-06-30T22:00:00Z
13,574,Privlaka,149,162,311,24,18,42,0,2,2,7,0,7,41,26,67,0,0,0,3,2,5,224,210,434,2022-06-30T22:00:00Z
13,575,Tkon,91,104,195,26,12,38,2,2,4,2,0,2,68,37,105,0,0,0,1,0,1,190,155,345,2022-06-30T22:00:00Z
13,622,Kolan,287,211,498,28,7,35,4,2,6,0,0,0,74,46,120,0,0,0,0,0,0,393,266,659,2022-06-30T22:00:00Z
13,625,Vrsi,117,67,184,19,14,33,6,6,12,12,0,12,41,44,85,0,0,0,5,2,7,200,133,333,2022-06-30T22:00:00Z
14,103,Đakovo,2864,2830,5694,481,219,700,206,95,301,30,37,67,639,575,1214,0,0,0,10,13,23,4230,3769,7999,2022-06-30T22:00:00Z
14,106,Đurđenovac,552,500,1052,42,12,54,19,15,34,0,5,5,72,46,118,0,0,0,2,0,2,687,578,1265,2022-06-30T22:00:00Z
14,110,Erdut,307,207,514,38,19,57,58,15,73,2,3,5,56,47,103,0,0,0,1,0,1,462,291,753,2022-06-30T22:00:00Z
14,111,Ernestinovo,78,181,259,5,3,8,25,8,33,2,1,3,9,14,23,0,0,0,0,1,1,119,208,327,2022-06-30T22:00:00Z
14,116,Feričanci,124,108,232,24,5,29,3,0,3,0,3,3,40,15,55,0,0,0,0,0,0,191,131,322,2022-06-30T22:00:00Z
14,124,Gorjani,125,156,281,17,5,22,14,8,22,0,0,0,13,6,19,0,0,0,0,0,0,169,175,344,2022-06-30T22:00:00Z
14,13,Beli Manastir,1088,1143,2231,85,47,132,63,34,97,10,12,22,127,104,231,0,0,0,3,2,5,1376,1342,2718,2022-06-30T22:00:00Z
14,16,Belišće,1669,655,2324,72,33,105,25,8,33,2,7,9,84,96,180,0,0,0,1,2,3,1853,801,2654,2022-06-30T22:00:00Z
14,195,Kneževi Vinogradi,219,292,511,34,7,41,33,7,40,1,1,2,61,66,127,0,0,0,1,0,1,349,373,722,2022-06-30T22:00:00Z
14,2,Antunovac,185,156,341,32,13,45,12,6,18,0,1,1,18,12,30,0,0,0,0,0,0,247,188,435,2022-06-30T22:00:00Z
14,205,Koška,191,132,323,25,6,31,29,8,37,2,4,6,32,24,56,0,0,0,1,0,1,280,174,454,2022-06-30T22:00:00Z
14,21,Bilje,294,255,549,45,23,68,19,12,31,2,4,6,63,39,102,0,0,0,0,2,2,423,335,758,2022-06-30T22:00:00Z
14,23,Bizovac,244,257,501,24,11,35,23,9,32,2,3,5,28,35,63,0,0,0,1,1,2,322,316,638,2022-06-30T22:00:00Z
14,230,Levanjska Varoš,42,31,73,2,1,3,11,8,19,0,0,0,1,3,4,0,0,0,0,1,1,56,44,100,2022-06-30T22:00:00Z
14,257,Marijanci,106,77,183,7,5,12,12,0,12,0,1,1,16,26,42,0,0,0,1,1,2,142,110,252,2022-06-30T22:00:00Z
14,271,Moslavina Podravska,22,23,45,3,2,5,16,5,21,0,0,0,15,10,25,0,0,0,0,0,0,56,40,96,2022-06-30T22:00:00Z
14,278,Našice,2163,1762,3925,175,90,265,62,30,92,21,45,66,268,229,497,0,0,0,7,9,16,2696,2165,4861,2022-06-30T22:00:00Z
14,312,Osijek,24084,22276,46360,922,663,1585,115,43,158,169,190,359,764,1128,1892,1,2,3,34,36,70,26089,24338,50427,2022-06-30T22:00:00Z
14,325,Petlovac,47,24,71,6,4,10,13,0,13,0,0,0,16,10,26,0,0,0,0,0,0,82,38,120,2022-06-30T22:00:00Z
14,327,Petrijevci,280,196,476,19,3,22,4,4,8,0,0,0,11,7,18,0,0,0,1,1,2,315,211,526,2022-06-30T22:00:00Z
14,340,Podgorač,109,69,178,23,8,31,26,5,31,1,5,6,21,41,62,0,0,0,0,0,0,180,128,308,2022-06-30T22:00:00Z
14,346,Popovac,74,44,118,2,3,5,5,4,9,1,0,1,5,3,8,0,0,0,0,0,0,87,54,141,2022-06-30T22:00:00Z
14,361,Punitovci,45,55,100,21,4,25,16,4,20,0,0,0,43,7,50,0,0,0,0,0,0,125,70,195,2022-06-30T22:00:00Z
14,381,Satnica Đakovačka,127,84,211,21,6,27,10,3,13,0,0,0,48,26,74,0,0,0,0,0,0,206,119,325,2022-06-30T22:00:00Z
14,386,Semeljci,205,201,406,43,18,61,53,24,77,1,1,2,78,39,117,0,0,0,0,2,2,380,285,665,2022-06-30T22:00:00Z
14,421,Strizivojna,314,308,622,17,8,25,18,3,21,0,0,0,19,11,30,0,0,0,1,1,2,369,331,700,2022-06-30T22:00:00Z
14,461,Trnava,53,53,106,6,2,8,13,7,20,0,0,0,12,3,15,0,0,0,0,0,0,84,65,149,2022-06-30T22:00:00Z
14,471,Valpovo,852,1061,1913,79,59,138,48,20,68,13,20,33,85,114,199,0,0,0,9,5,14,1086,1279,2365,2022-06-30T22:00:00Z
14,485,Viljevo,52,52,104,9,0,9,20,4,24,0,0,0,18,9,27,0,0,0,0,1,1,99,66,165,2022-06-30T22:00:00Z
14,494,Viškovci,232,227,459,23,5,28,16,5,21,0,0,0,19,4,23,0,0,0,1,0,1,291,241,532,2022-06-30T22:00:00Z
14,517,Vuka,36,47,83,16,2,18,14,4,18,0,0,0,18,11,29,0,0,0,0,0,0,84,64,148,2022-06-30T22:00:00Z
14,576,Donja Motičina,26,12,38,9,3,12,1,1,2,0,0,0,16,8,24,0,0,0,0,0,0,52,24,76,2022-06-30T22:00:00Z
14,578,Magadenovac,99,105,204,4,3,7,24,10,34,0,1,1,18,20,38,0,0,0,0,0,0,145,139,284,2022-06-30T22:00:00Z
14,579,Vladislavci,130,122,252,3,0,3,6,5,11,0,0,0,7,4,11,0,0,0,0,0,0,146,131,277,2022-06-30T22:00:00Z
14,609,Jagodnjak,132,62,194,8,2,10,25,6,31,0,0,0,10,4,14,0,0,0,0,0,0,175,74,249,2022-06-30T22:00:00Z
14,614,Šodolovci,29,10,39,0,0,0,0,0,0,0,0,0,8,4,12,0,0,0,0,0,0,37,14,51,2022-06-30T22:00:00Z
14,64,Čeminac,66,77,143,12,0,12,4,2,6,0,0,0,21,10,31,0,0,0,0,0,0,103,89,192,2022-06-30T22:00:00Z
14,65,Čepin,723,480,1203,101,34,135,59,30,89,5,5,10,111,96,207,0,0,0,1,3,4,1000,648,1648,2022-06-30T22:00:00Z
14,66,Darda,1762,865,2627,55,32,87,37,4,41,2,4,6,61,51,112,0,0,0,1,1,2,1918,957,2875,2022-06-30T22:00:00Z
14,86,Donji Miholjac,1178,1014,2192,89,56,145,162,38,200,7,16,23,152,116,268,0,0,0,2,3,5,1590,1243,2833,2022-06-30T22:00:00Z
14,91,Draž,92,115,207,11,3,14,15,5,20,0,0,0,8,9,17,0,0,0,0,1,1,126,133,259,2022-06-30T22:00:00Z
14,94,Drenje,95,93,188,30,6,36,44,14,58,0,0,0,15,15,30,0,0,0,0,0,0,184,128,312,2022-06-30T22:00:00Z
15,113,Ervenik,54,45,99,3,0,3,4,1,5,0,0,0,4,1,5,0,0,0,0,0,0,65,47,112,2022-06-30T22:00:00Z
15,183,Kijevo,32,31,63,2,0,2,0,0,0,0,0,0,1,0,1,0,0,0,0,0,0,35,31,66,2022-06-30T22:00:00Z
15,184,Kistanje,63,69,132,34,8,42,1,3,4,1,0,1,35,19,54,0,0,0,0,0,0,134,99,233,2022-06-30T22:00:00Z
15,196,Knin,1351,1388,2739,129,72,201,64,16,80,34,6,40,165,148,313,0,0,0,2,3,5,1745,1633,3378,2022-06-30T22:00:00Z
15,298,Promina,115,90,205,1,1,2,1,2,3,0,0,0,1,2,3,0,0,0,0,0,0,118,95,213,2022-06-30T22:00:00Z
15,310,Biskupija,105,18,123,1,0,1,2,0,2,1,0,1,0,1,1,0,0,0,0,0,0,109,19,128,2022-06-30T22:00:00Z
15,357,Primošten,347,388,735,125,47,172,8,1,9,6,1,7,183,144,327,0,1,1,2,1,3,671,583,1254,2022-06-30T22:00:00Z
15,377,Ružić,32,23,55,4,2,6,6,5,11,0,0,0,4,9,13,0,0,0,0,0,0,46,39,85,2022-06-30T22:00:00Z
15,394,Skradin,142,172,314,54,19,73,19,9,28,2,2,4,63,70,133,0,0,0,0,0,0,280,272,552,2022-06-30T22:00:00Z
15,444,Šibenik,8481,8844,17325,688,399,1087,34,14,48,176,99,275,733,823,1556,0,0,0,10,22,32,10122,10201,20323,2022-06-30T22:00:00Z
15,454,Tisno,409,349,758,125,57,182,3,0,3,8,3,11,134,126,260,0,0,0,0,3,3,679,538,1217,2022-06-30T22:00:00Z
15,469,Unešić,51,45,96,10,0,10,4,1,5,1,0,1,15,6,21,0,0,0,0,0,0,81,52,133,2022-06-30T22:00:00Z
15,500,Vodice,1080,1365,2445,317,138,455,13,2,15,10,8,18,345,288,633,0,0,0,5,4,9,1770,1805,3575,2022-06-30T22:00:00Z
15,51,Civljane,50,8,58,1,2,3,0,0,0,0,0,0,3,3,6,0,0,0,0,0,0,54,13,67,2022-06-30T22:00:00Z
15,581,Pirovac,179,185,364,44,30,74,6,3,9,3,2,5,77,82,159,0,0,0,0,0,0,309,302,611,2022-06-30T22:00:00Z
15,582,Rogoznica,325,301,626,65,23,88,1,1,2,8,1,9,99,97,196,0,0,0,0,0,0,498,423,921,2022-06-30T22:00:00Z
15,617,Murter,413,393,806,87,48,135,3,1,4,18,3,21,200,160,360,0,0,0,0,0,0,721,605,1326,2022-06-30T22:00:00Z
15,621,Bilice,91,45,136,26,7,33,0,0,0,4,0,4,27,15,42,0,0,0,0,0,0,148,67,215,2022-06-30T22:00:00Z
15,626,Tribunj,109,101,210,30,18,48,1,0,1,5,0,5,83,63,146,0,0,0,0,0,0,228,182,410,2022-06-30T22:00:00Z
15,95,Drniš,934,617,1551,68,55,123,51,17,68,9,7,16,100,93,193,0,0,0,0,1,1,1162,790,1952,2022-06-30T22:00:00Z
16,1,Andrijaševci,82,107,189,25,13,38,12,6,18,1,1,2,38,30,68,0,0,0,0,3,3,158,160,318,2022-06-30T22:00:00Z
16,137,Gradište,85,101,186,17,4,21,30,4,34,0,1,1,18,15,33,0,0,0,0,1,1,150,126,276,2022-06-30T22:00:00Z
16,141,Gunja,230,112,342,27,10,37,48,14,62,1,0,1,36,8,44,0,0,0,1,3,4,343,147,490,2022-06-30T22:00:00Z
16,154,Ilok,472,536,1008,73,26,99,48,16,64,2,3,5,109,93,202,0,0,0,0,1,1,704,675,1379,2022-06-30T22:00:00Z
16,159,Ivankovo,330,423,753,72,30,102,52,14,66,1,5,6,119,78,197,0,0,0,3,3,6,577,553,1130,2022-06-30T22:00:00Z
16,166,Jarmina,24,72,96,15,9,24,29,12,41,0,1,1,27,18,45,0,0,0,0,4,4,95,116,211,2022-06-30T22:00:00Z
16,239,Lovas,59,59,118,6,0,6,16,0,16,0,0,0,4,5,9,0,0,0,1,0,1,86,64,150,2022-06-30T22:00:00Z
16,26,Bogdanovci,32,20,52,3,0,3,7,4,11,0,0,0,16,7,23,0,0,0,0,0,0,58,31,89,2022-06-30T22:00:00Z
16,29,Borovo,68,97,165,47,15,62,25,4,29,1,3,4,63,78,141,0,0,0,1,1,2,205,198,403,2022-06-30T22:00:00Z
16,294,Nuštar,248,308,556,34,19,53,25,6,31,1,2,3,41,24,65,0,0,0,1,0,1,350,359,709,2022-06-30T22:00:00Z
16,295,Nijemci,203,192,395,24,7,31,86,24,110,0,1,1,56,34,90,0,0,0,0,2,2,369,260,629,2022-06-30T22:00:00Z
16,3,Babina Greda,170,183,353,32,14,46,80,28,108,3,0,3,32,42,74,0,0,0,1,0,1,318,267,585,2022-06-30T22:00:00Z
16,32,Bošnjaci,121,103,224,23,6,29,35,6,41,3,0,3,34,37,71,0,0,0,0,0,0,216,152,368,2022-06-30T22:00:00Z
16,414,Stari Jankovci,148,123,271,23,4,27,41,9,50,1,0,1,26,18,44,0,0,0,0,1,1,239,155,394,2022-06-30T22:00:00Z
16,415,Stari Mikanovci,97,123,220,20,10,30,24,12,36,2,1,3,34,39,73,0,0,0,0,0,0,177,185,362,2022-06-30T22:00:00Z
16,44,Cerna,429,212,641,42,26,68,52,20,72,1,1,2,69,64,133,0,0,0,1,1,2,594,324,918,2022-06-30T22:00:00Z
16,456,Tompojevci,24,37,61,15,5,20,38,11,49,0,0,0,15,10,25,0,0,0,0,0,0,92,63,155,2022-06-30T22:00:00Z
16,458,Tordinci,102,84,186,7,2,9,10,0,10,1,0,1,6,12,18,0,0,0,0,0,0,126,98,224,2022-06-30T22:00:00Z
16,459,Tovarnik,155,129,284,21,3,24,48,24,72,1,1,2,7,19,26,0,0,0,0,0,0,232,176,408,2022-06-30T22:00:00Z
16,464,Trpinja,111,188,299,25,10,35,83,15,98,2,0,2,37,23,60,0,0,0,1,1,2,259,237,496,2022-06-30T22:00:00Z
16,487,Vinkovci,8087,6347,14434,307,192,499,50,23,73,56,49,105,448,654,1102,1,0,1,10,17,27,8959,7282,16241,2022-06-30T22:00:00Z
16,505,Vrbanja,292,124,416,28,12,40,67,19,86,2,1,3,33,30,63,0,0,0,0,0,0,422,186,608,2022-06-30T22:00:00Z
16,518,Vukovar,4455,4488,8943,291,143,434,96,45,141,23,28,51,426,395,821,0,0,0,3,5,8,5294,5104,10398,2022-06-30T22:00:00Z
16,534,Županja,2069,1500,3569,143,56,199,37,16,53,20,20,40,170,193,363,1,0,1,4,5,9,2444,1790,4234,2022-06-30T22:00:00Z
16,535,Otok (Vinkovci),395,286,681,35,19,54,60,12,72,6,1,7,74,61,135,0,0,0,0,3,3,570,382,952,2022-06-30T22:00:00Z
16,583,Privlaka,97,72,169,19,4,23,22,8,30,0,2,2,13,17,30,0,0,0,1,0,1,152,103,255,2022-06-30T22:00:00Z
16,584,Vođinci,45,151,196,14,2,16,7,5,12,0,1,1,12,16,28,0,0,0,0,1,1,78,176,254,2022-06-30T22:00:00Z
16,610,Markušica,43,52,95,10,4,14,49,15,64,0,1,1,12,12,24,0,0,0,1,0,1,115,84,199,2022-06-30T22:00:00Z
16,612,Negoslavci,28,13,41,5,1,6,12,3,15,1,0,1,14,13,27,0,0,0,0,0,0,60,30,90,2022-06-30T22:00:00Z
16,628,Štitar,72,62,134,6,1,7,14,3,17,0,0,0,10,7,17,0,0,0,0,0,0,102,73,175,2022-06-30T22:00:00Z
16,92,Drenovci,103,151,254,40,5,45,109,40,149,1,1,2,52,49,101,0,0,0,0,1,1,305,247,552,2022-06-30T22:00:00Z
17,100,Dugi Rat,883,791,1674,100,48,148,1,3,4,37,6,43,273,187,460,0,0,0,1,2,3,1295,1037,2332,2022-06-30T22:00:00Z
17,134,Gradac,252,348,600,83,42,125,5,1,6,1,2,3,145,194,339,0,0,0,1,1,2,487,588,1075,2022-06-30T22:00:00Z
17,148,Hrvace,294,206,500,45,21,66,9,7,16,1,4,5,56,40,96,0,0,0,2,2,4,407,280,687,2022-06-30T22:00:00Z
17,153,Hvar,1247,1117,2364,245,111,356,16,10,26,16,6,22,509,427,936,3,0,3,3,10,13,2039,1681,3720,2022-06-30T22:00:00Z
17,155,Imotski,1356,1333,2689,177,101,278,12,7,19,28,14,42,129,180,309,0,0,0,9,7,16,1711,1642,3353,2022-06-30T22:00:00Z
17,171,Jelsa,446,416,862,120,41,161,35,12,47,8,1,9,240,164,404,0,0,0,1,3,4,850,637,1487,2022-06-30T22:00:00Z
17,181,Kaštela,3747,3962,7709,518,262,780,23,15,38,153,38,191,578,593,1171,0,0,0,27,26,53,5046,4896,9942,2022-06-30T22:00:00Z
17,192,Klis,230,181,411,32,7,39,7,3,10,17,2,19,57,29,86,0,0,0,0,3,3,343,225,568,2022-06-30T22:00:00Z
17,197,Komiža,213,179,392,73,22,95,4,1,5,2,2,4,65,66,131,0,0,0,0,1,1,357,271,628,2022-06-30T22:00:00Z
17,243,Lovreć,135,95,230,16,9,25,4,0,4,1,0,1,36,15,51,0,0,0,2,2,4,194,121,315,2022-06-30T22:00:00Z
17,249,Makarska,3009,3164,6173,344,208,552,3,1,4,50,30,80,640,639,1279,1,0,1,5,3,8,4052,4045,8097,2022-06-30T22:00:00Z
17,258,Marina,231,302,533,68,35,103,4,5,9,13,2,15,72,81,153,1,0,1,2,0,2,391,425,816,2022-06-30T22:00:00Z
17,267,Milna,126,107,233,30,7,37,6,2,8,4,0,4,62,65,127,0,0,0,3,1,4,231,182,413,2022-06-30T22:00:00Z
17,27,Bol,580,635,1215,80,32,112,3,2,5,4,2,6,168,105,273,0,0,0,1,1,2,836,777,1613,2022-06-30T22:00:00Z
17,280,Nerežišća,144,58,202,17,2,19,3,3,6,1,0,1,39,24,63,0,0,0,1,0,1,205,87,292,2022-06-30T22:00:00Z
17,300,Omiš,1613,1726,3339,277,130,407,11,6,17,46,19,65,479,431,910,0,0,0,3,4,7,2429,2316,4745,2022-06-30T22:00:00Z
17,314,Otok,186,202,388,62,21,83,11,0,11,2,1,3,77,53,130,0,0,0,1,1,2,339,278,617,2022-06-30T22:00:00Z
17,337,Podbablje,279,179,458,35,5,40,5,0,5,2,1,3,15,32,47,0,0,0,0,2,2,336,219,555,2022-06-30T22:00:00Z
17,339,Podgora,411,360,771,105,38,143,1,1,2,2,0,2,190,158,348,0,0,0,2,0,2,711,557,1268,2022-06-30T22:00:00Z
17,341,Podstrana,931,822,1753,69,24,93,16,3,19,39,3,42,78,109,187,1,0,1,2,3,5,1136,964,2100,2022-06-30T22:00:00Z
17,350,Postira,311,284,595,42,22,64,9,2,11,1,3,4,24,20,44,0,0,0,0,1,1,387,332,719,2022-06-30T22:00:00Z
17,358,Pučišća,241,152,393,54,8,62,8,4,12,8,1,9,46,32,78,0,0,0,3,0,3,360,197,557,2022-06-30T22:00:00Z
17,382,Seget,600,547,1147,49,13,62,8,3,11,11,2,13,207,112,319,0,0,0,1,4,5,876,681,1557,2022-06-30T22:00:00Z
17,383,Selca,141,138,279,48,17,65,9,4,13,9,1,10,77,42,119,0,0,0,0,0,0,284,202,486,2022-06-30T22:00:00Z
17,389,Sinj,1943,1930,3873,318,154,472,57,20,77,38,42,80,322,384,706,0,0,0,7,11,18,2685,2541,5226,2022-06-30T22:00:00Z
17,406,Solin,3600,3057,6657,265,154,419,12,6,18,131,38,169,316,275,591,0,0,0,7,8,15,4331,3538,7869,2022-06-30T22:00:00Z
17,409,Split,36108,39016,75124,1659,1196,2855,68,41,109,2169,453,2622,1672,2255,3927,7,1,8,127,143,270,41810,43105,84915,2022-06-30T22:00:00Z
17,413,Stari Grad,492,470,962,72,34,106,18,15,33,3,4,7,100,80,180,0,0,0,2,7,9,687,610,1297,2022-06-30T22:00:00Z
17,423,Sućuraj,37,33,70,24,6,30,3,2,5,0,0,0,22,16,38,0,0,0,0,1,1,86,58,144,2022-06-30T22:00:00Z
17,427,Supetar,782,917,1699,140,70,210,13,6,19,22,10,32,218,197,415,0,0,0,5,2,7,1180,1202,2382,2022-06-30T22:00:00Z
17,443,Šestanovac,145,141,286,30,8,38,11,1,12,0,2,2,17,25,42,0,0,0,3,0,3,206,177,383,2022-06-30T22:00:00Z
17,447,Šolta,237,181,418,20,20,40,9,3,12,11,0,11,40,37,77,0,0,0,0,1,1,317,242,559,2022-06-30T22:00:00Z
17,460,Trilj,504,602,1106,136,33,169,18,8,26,12,2,14,104,131,235,0,0,0,0,5,5,774,781,1555,2022-06-30T22:00:00Z
17,463,Trogir,2015,2133,4148,372,204,576,13,5,18,59,39,98,526,646,1172,0,0,0,12,14,26,2997,3041,6038,2022-06-30T22:00:00Z
17,492,Vis,388,345,733,56,22,78,14,3,17,5,3,8,93,80,173,0,0,0,1,1,2,557,454,1011,2022-06-30T22:00:00Z
17,50,Cista Provo,113,162,275,25,3,28,7,0,7,1,0,1,7,9,16,0,0,0,0,4,4,153,178,331,2022-06-30T22:00:00Z
17,511,Vrgorac,981,707,1688,53,25,78,26,13,39,5,5,10,42,73,115,0,0,0,2,5,7,1109,828,1937,2022-06-30T22:00:00Z
17,513,Vrlika,94,196,290,17,3,20,13,6,19,2,0,2,25,5,30,0,0,0,1,0,1,152,210,362,2022-06-30T22:00:00Z
17,522,Zagvozd,138,75,213,18,2,20,2,0,2,1,0,1,11,11,22,0,0,0,0,0,0,170,88,258,2022-06-30T22:00:00Z
17,528,Zmijavci,97,109,206,7,4,11,2,1,3,2,0,2,29,14,43,0,0,0,0,1,1,137,129,266,2022-06-30T22:00:00Z
17,585,Dugopolje,1627,878,2505,40,11,51,4,4,8,16,2,18,54,25,79,0,0,0,0,0,0,1741,920,2661,2022-06-30T22:00:00Z
17,586,Lećevica,9,27,36,5,0,5,1,1,2,1,0,1,2,0,2,0,0,0,1,0,1,19,28,47,2022-06-30T22:00:00Z
17,587,Lokvičići,33,26,59,2,0,2,2,0,2,0,0,0,1,2,3,0,0,0,1,0,1,39,28,67,2022-06-30T22:00:00Z
17,588,Okrug,210,265,475,55,28,83,2,0,2,12,5,17,219,130,349,0,0,0,2,2,4,500,430,930,2022-06-30T22:00:00Z
17,589,Prgomet,36,31,67,6,0,6,1,1,2,1,0,1,2,1,3,0,0,0,1,0,1,47,33,80,2022-06-30T22:00:00Z
17,590,Primorski Dolac,15,34,49,4,1,5,1,2,3,0,1,1,2,3,5,0,0,0,0,0,0,22,41,63,2022-06-30T22:00:00Z
17,591,Runovići,70,66,136,13,1,14,0,1,1,0,2,2,26,36,62,0,0,0,0,1,1,109,107,216,2022-06-30T22:00:00Z
17,592,Sutivan,120,118,238,17,11,28,2,1,3,8,1,9,46,40,86,0,0,0,0,1,1,193,172,365,2022-06-30T22:00:00Z
17,593,Tučepi,366,395,761,65,33,98,0,1,1,6,3,9,201,183,384,0,0,0,0,0,0,638,615,1253,2022-06-30T22:00:00Z
17,595,Zadvarje,46,32,78,7,1,8,1,1,2,0,0,0,9,3,12,0,0,0,0,0,0,63,37,100,2022-06-30T22:00:00Z
17,72,Dicmo,417,179,596,35,18,53,6,2,8,3,1,4,31,34,65,0,0,0,0,0,0,492,234,726,2022-06-30T22:00:00Z
17,77,Brela,351,362,713,58,37,95,0,1,1,2,1,3,105,130,235,0,0,0,1,1,2,517,532,1049,2022-06-30T22:00:00Z
17,87,Muć,185,196,381,20,3,23,2,4,6,2,4,6,13,9,22,0,0,0,0,1,1,222,217,439,2022-06-30T22:00:00Z
17,88,Proložac,197,187,384,15,6,21,2,4,6,0,0,0,34,22,56,0,0,0,4,1,5,252,220,472,2022-06-30T22:00:00Z
17,9,Baška Voda,388,473,861,108,73,181,1,0,1,3,1,4,178,208,386,0,0,0,1,1,2,679,756,1435,2022-06-30T22:00:00Z
18,132,Gračišće,51,24,75,28,6,34,10,3,13,0,0,0,32,10,42,0,0,0,0,0,0,121,43,164,2022-06-30T22:00:00Z
18,138,Grožnjan,26,25,51,15,3,18,12,5,17,0,0,0,18,16,34,0,0,0,0,2,2,71,51,122,2022-06-30T22:00:00Z
18,175,Kanfanar,562,221,783,32,7,39,4,0,4,1,0,1,21,14,35,0,0,0,1,1,2,621,243,864,2022-06-30T22:00:00Z
18,217,Kršan,319,282,601,49,14,63,7,3,10,3,0,3,116,55,171,0,0,0,1,4,5,495,358,853,2022-06-30T22:00:00Z
18,222,Labin,2922,2813,5735,268,135,403,17,9,26,32,35,67,341,284,625,0,0,0,7,5,12,3587,3281,6868,2022-06-30T22:00:00Z
18,223,Lanišće,14,14,28,4,0,4,2,0,2,0,0,0,10,3,13,0,0,0,1,1,2,31,18,49,2022-06-30T22:00:00Z
18,235,Ližnjan,177,143,320,16,8,24,2,0,2,4,0,4,48,47,95,0,0,0,1,0,1,248,198,446,2022-06-30T22:00:00Z
18,246,Lupoglav,201,110,311,12,4,16,5,2,7,0,1,1,15,13,28,0,0,0,0,0,0,233,130,363,2022-06-30T22:00:00Z
18,254,Marčana,154,186,340,44,13,57,3,2,5,3,1,4,41,36,77,0,0,0,1,1,2,246,239,485,2022-06-30T22:00:00Z
18,263,Medulin,954,910,1864,102,67,169,5,2,7,6,6,12,359,327,686,0,0,0,0,1,1,1426,1313,2739,2022-06-30T22:00:00Z
18,274,Motovun,107,127,234,33,17,50,22,7,29,1,1,2,53,45,98,0,0,0,0,3,3,216,200,416,2022-06-30T22:00:00Z
18,291,Novigrad,1056,1224,2280,140,64,204,15,4,19,3,9,12,210,170,380,0,0,0,1,2,3,1425,1473,2898,2022-06-30T22:00:00Z
18,304,Oprtalj,69,79,148,12,6,18,13,1,14,0,0,0,8,12,20,0,0,0,2,2,4,104,100,204,2022-06-30T22:00:00Z
18,321,Pazin,1962,1947,3909,313,126,439,55,25,80,16,21,37,303,219,522,0,0,0,4,13,17,2653,2351,5004,2022-06-30T22:00:00Z
18,330,Pićan,357,158,515,31,9,40,1,5,6,1,1,2,60,15,75,0,0,0,1,1,2,451,189,640,2022-06-30T22:00:00Z
18,348,Poreč,6002,6097,12099,722,391,1113,47,19,66,53,52,105,964,868,1832,0,1,1,9,9,18,7797,7437,15234,2022-06-30T22:00:00Z
18,359,Pula,13386,12813,26199,1296,715,2011,69,45,114,269,170,439,1111,1261,2372,0,0,0,42,50,92,16173,15054,31227,2022-06-30T22:00:00Z
18,368,Raša,283,159,442,30,9,39,1,0,1,2,1,3,52,31,83,0,0,0,1,0,1,369,200,569,2022-06-30T22:00:00Z
18,374,Rovinj,3697,4108,7805,453,252,705,26,17,43,31,36,67,852,673,1525,0,0,0,12,26,38,5071,5112,10183,2022-06-30T22:00:00Z
18,40,Brtonigla,205,145,350,41,13,54,21,9,30,1,1,2,44,68,112,0,0,0,0,2,2,312,238,550,2022-06-30T22:00:00Z
18,42,Buje,802,796,1598,100,50,150,29,12,41,7,8,15,67,67,134,0,0,0,1,2,3,1006,935,1941,2022-06-30T22:00:00Z
18,43,Buzet,1553,1066,2619,174,64,238,25,14,39,5,4,9,128,106,234,0,0,0,7,7,14,1892,1261,3153,2022-06-30T22:00:00Z
18,431,Sveti Lovreč,59,50,109,21,10,31,2,0,2,0,1,1,35,19,54,0,0,0,0,1,1,117,81,198,2022-06-30T22:00:00Z
18,432,Sveta Nedelja,167,148,315,26,6,32,7,2,9,7,0,7,46,21,67,0,0,0,4,3,7,257,180,437,2022-06-30T22:00:00Z
18,433,Sveti Petar U Šumi,164,122,286,21,4,25,3,4,7,0,0,0,15,7,22,0,0,0,1,1,2,204,138,342,2022-06-30T22:00:00Z
18,435,Svetvinčenat,132,107,239,19,6,25,2,0,2,1,1,2,28,22,50,0,0,0,0,0,0,182,136,318,2022-06-30T22:00:00Z
18,453,Tinjan,190,101,291,38,9,47,6,1,7,2,3,5,52,41,93,0,0,0,1,1,2,289,156,445,2022-06-30T22:00:00Z
18,468,Umag,3288,3050,6338,413,184,597,32,16,48,30,33,63,425,488,913,0,0,0,15,18,33,4203,3789,7992,2022-06-30T22:00:00Z
18,47,Cerovlje,116,53,169,34,2,36,4,4,8,1,0,1,29,21,50,0,0,0,0,1,1,184,81,265,2022-06-30T22:00:00Z
18,497,Višnjan,283,270,553,45,10,55,11,3,14,2,1,3,105,50,155,0,0,0,2,1,3,448,335,783,2022-06-30T22:00:00Z
18,498,Vižinada,78,52,130,28,10,38,16,6,22,1,0,1,37,36,73,0,0,0,0,0,0,160,104,264,2022-06-30T22:00:00Z
18,5,Bale,195,176,371,24,22,46,2,2,4,0,0,0,48,36,84,0,0,0,1,1,2,270,237,507,2022-06-30T22:00:00Z
18,502,Vodnjan,829,665,1494,52,24,76,9,2,11,9,3,12,103,70,173,0,1,1,0,0,0,1002,765,1767,2022-06-30T22:00:00Z
18,516,Vrsar,504,593,1097,85,38,123,3,2,5,7,1,8,268,228,496,0,0,0,1,0,1,868,862,1730,2022-06-30T22:00:00Z
18,531,Žminj,461,424,885,103,48,151,13,8,21,2,5,7,100,94,194,0,0,0,3,0,3,682,579,1261,2022-06-30T22:00:00Z
18,596,Karojba,123,187,310,33,7,40,1,1,2,0,0,0,43,10,53,0,1,1,0,0,0,200,206,406,2022-06-30T22:00:00Z
18,597,Kaštelir - Labinci,157,74,231,34,16,50,7,2,9,2,0,2,59,16,75,0,0,0,2,3,5,261,111,372,2022-06-30T22:00:00Z
18,6,Barban,252,115,367,42,6,48,11,6,17,1,1,2,24,28,52,0,0,0,2,2,4,332,158,490,2022-06-30T22:00:00Z
18,619,Fažana,398,339,737,42,25,67,0,2,2,4,4,8,102,69,171,0,0,0,0,2,2,546,441,987,2022-06-30T22:00:00Z
18,629,Funtana,234,238,472,23,16,39,1,1,2,1,0,1,128,151,279,0,0,0,1,0,1,388,406,794,2022-06-30T22:00:00Z
18,631,Tar-Vabriga,219,348,567,49,20,69,1,0,1,0,0,0,109,96,205,0,0,0,0,1,1,378,465,843,2022-06-30T22:00:00Z
19,198,Konavle,1590,1256,2846,210,78,288,20,10,30,40,7,47,135,159,294,0,0,0,7,0,7,2002,1510,3512,2022-06-30T22:00:00Z
19,204,Korčula,838,1017,1855,172,76,248,15,6,21,92,10,102,240,224,464,0,0,0,8,6,14,1365,1339,2704,2022-06-30T22:00:00Z
19,219,Kula Norinska,41,42,83,10,1,11,1,0,1,0,0,0,6,7,13,0,0,0,0,0,0,58,50,108,2022-06-30T22:00:00Z
19,226,Lastovo,90,107,197,33,11,44,1,1,2,2,0,2,29,28,57,0,0,0,2,4,6,157,151,308,2022-06-30T22:00:00Z
19,25,Blato,598,425,1023,71,24,95,14,4,18,12,7,19,157,53,210,0,0,0,5,3,8,857,516,1373,2022-06-30T22:00:00Z
19,264,Metković,2174,1697,3871,189,122,311,35,23,58,40,17,57,310,279,589,0,0,0,6,10,16,2754,2148,4902,2022-06-30T22:00:00Z
19,268,Mljet,194,117,311,29,13,42,6,0,6,4,2,6,41,38,79,0,0,0,2,1,3,276,171,447,2022-06-30T22:00:00Z
19,306,Opuzen,446,376,822,34,18,52,47,23,70,7,1,8,27,35,62,0,0,0,1,0,1,562,453,1015,2022-06-30T22:00:00Z
19,308,Orebić,509,497,1006,101,53,154,28,8,36,30,6,36,187,182,369,0,0,0,4,14,18,859,760,1619,2022-06-30T22:00:00Z
19,335,Ploče,1372,905,2277,88,54,142,26,9,35,25,6,31,101,148,249,0,0,0,2,3,5,1614,1125,2739,2022-06-30T22:00:00Z
19,343,Pojezerje,31,29,60,4,2,6,7,0,7,0,0,0,2,4,6,0,0,0,0,0,0,44,35,79,2022-06-30T22:00:00Z
19,399,Slivno,155,52,207,15,14,29,14,5,19,0,0,0,22,29,51,0,0,0,0,0,0,206,100,306,2022-06-30T22:00:00Z
19,402,Smokvica,48,89,137,16,5,21,17,4,21,11,0,11,38,15,53,0,0,0,3,0,3,133,113,246,2022-06-30T22:00:00Z
19,419,Ston,510,252,762,61,18,79,19,4,23,11,1,12,58,41,99,0,0,0,1,2,3,660,318,978,2022-06-30T22:00:00Z
19,474,Vela Luka,332,581,913,71,27,98,9,2,11,36,3,39,113,84,197,0,0,0,3,5,8,564,702,1266,2022-06-30T22:00:00Z
19,523,Zažablje,11,7,18,3,0,3,4,2,6,1,1,2,10,2,12,0,0,0,0,0,0,29,12,41,2022-06-30T22:00:00Z
19,598,Dubrovačko Primorje,189,153,342,25,8,33,4,5,9,6,3,9,55,39,94,0,0,0,0,3,3,279,211,490,2022-06-30T22:00:00Z
19,599,Janjina,61,58,119,11,6,17,10,2,12,2,1,3,17,14,31,0,0,0,3,1,4,104,82,186,2022-06-30T22:00:00Z
19,600,Lumbarda,64,71,135,46,19,65,12,2,14,7,1,8,51,54,105,0,0,0,3,3,6,183,150,333,2022-06-30T22:00:00Z
19,601,Trpanj,75,73,148,16,8,24,3,1,4,6,1,7,32,20,52,0,0,0,1,1,2,133,104,237,2022-06-30T22:00:00Z
19,602,Župa Dubrovačka,809,836,1645,133,66,199,3,7,10,50,3,53,88,100,188,0,0,0,3,4,7,1086,1016,2102,2022-06-30T22:00:00Z
19,98,Dubrovnik,11727,12087,23814,813,440,1253,27,17,44,460,76,536,908,838,1746,1,0,1,47,58,105,13983,13516,27499,2022-06-30T22:00:00Z
20,123,Goričan,328,167,495,7,4,11,8,2,10,0,2,2,11,13,24,0,0,0,0,0,0,354,188,542,2022-06-30T22:00:00Z
20,15,Belica,208,208,416,28,16,44,58,37,95,1,1,2,25,37,62,0,0,0,1,1,2,321,300,621,2022-06-30T22:00:00Z
20,206,Kotoriba,510,272,782,10,4,14,7,0,7,0,5,5,11,13,24,0,0,0,0,0,0,538,294,832,2022-06-30T22:00:00Z
20,250,Mala Subotica,517,1064,1581,24,17,41,36,16,52,2,6,8,24,27,51,0,0,0,0,4,4,603,1134,1737,2022-06-30T22:00:00Z
20,276,Mursko Središće,781,772,1553,48,24,72,13,7,20,2,6,8,52,59,111,0,0,0,2,3,5,898,871,1769,2022-06-30T22:00:00Z
20,279,Nedelišće,1431,781,2212,97,45,142,40,20,60,1,7,8,130,59,189,0,0,0,1,5,6,1700,917,2617,2022-06-30T22:00:00Z
20,342,Podturen,216,109,325,21,8,29,17,13,30,1,2,3,51,34,85,0,0,0,0,3,3,306,169,475,2022-06-30T22:00:00Z
20,355,Prelog,2420,1660,4080,63,20,83,52,29,81,9,11,20,75,60,135,0,0,0,2,5,7,2621,1785,4406,2022-06-30T22:00:00Z
20,385,Selnica,144,144,288,10,10,20,8,4,12,1,1,2,17,13,30,0,0,0,0,3,3,180,175,355,2022-06-30T22:00:00Z
20,440,Sveti Juraj Na Bregu,261,179,440,27,15,42,12,9,21,2,2,4,36,49,85,0,0,0,0,0,0,338,254,592,2022-06-30T22:00:00Z
20,441,Sveti Martin Na Muri,568,344,912,17,11,28,9,6,15,0,3,3,31,34,65,0,0,0,1,0,1,626,398,1024,2022-06-30T22:00:00Z
20,452,Štrigova,325,203,528,25,10,35,36,21,57,2,1,3,64,61,125,0,0,0,0,2,2,452,298,750,2022-06-30T22:00:00Z
20,504,Vratišinec,136,95,231,8,2,10,11,2,13,1,2,3,6,7,13,0,0,0,1,2,3,163,110,273,2022-06-30T22:00:00Z
20,60,Čakovec,9895,8921,18816,259,137,396,63,25,88,34,59,93,276,341,617,0,0,0,6,15,21,10533,9498,20031,2022-06-30T22:00:00Z
20,603,Dekanovec,89,84,173,4,1,5,6,5,11,0,0,0,5,2,7,0,0,0,0,1,1,104,93,197,2022-06-30T22:00:00Z
20,604,Gornji Mihaljevec,125,58,183,13,2,15,24,9,33,2,1,3,25,14,39,0,0,0,1,0,1,190,84,274,2022-06-30T22:00:00Z
20,605,Orehovica,155,129,284,16,3,19,30,11,41,1,2,3,51,22,73,0,0,0,0,4,4,253,171,424,2022-06-30T22:00:00Z
20,606,Strahoninec,254,158,412,12,4,16,3,2,5,0,2,2,36,13,49,0,0,0,0,2,2,305,181,486,2022-06-30T22:00:00Z
20,607,Sveta Marija,58,91,149,13,3,16,6,0,6,1,1,2,22,5,27,0,0,0,0,1,1,100,101,201,2022-06-30T22:00:00Z
20,608,Šenkovec,538,259,797,18,11,29,2,1,3,0,1,1,30,27,57,0,0,0,1,2,3,589,301,890,2022-06-30T22:00:00Z
20,620,Pribislavec,385,221,606,12,6,18,2,1,3,2,1,3,18,12,30,0,0,0,0,0,0,419,241,660,2022-06-30T22:00:00Z
20,75,Domašinec,251,109,360,9,9,18,20,16,36,0,1,1,17,11,28,0,0,0,2,3,5,299,149,448,2022-06-30T22:00:00Z
20,78,Donja Dubrava,207,226,433,14,5,19,5,3,8,0,1,1,11,11,22,0,0,0,0,0,0,237,246,483,2022-06-30T22:00:00Z
20,82,Donji Kraljevec,1349,623,1972,41,13,54,51,20,71,3,6,9,87,122,209,0,0,0,4,9,13,1535,793,2328,2022-06-30T22:00:00Z
20,89,Donji Vidovec,51,78,129,4,1,5,2,0,2,1,1,2,3,15,18,0,0,0,0,0,0,61,95,156,2022-06-30T22:00:00Z
21,133,Zagreb,230335,208780,439115,7994,5747,13741,300,184,484,2199,2081,4280,5474,6930,12404,22,7,29,333,524,857,246657,224253,470910,2022-06-30T22:00:00Z
01,101,Dugo Selo,3072,1973,5045,227,119,346,28,24,52,26,27,53,249,244,493,0,0,0,6,17,23,3608,2404,6012,2022-07-31T22:00:00Z
01,114,Farkaševac,153,219,372,7,3,10,27,10,37,0,2,2,37,19,56,0,0,0,1,0,1,225,253,478,2022-07-31T22:00:00Z
01,135,Gradec,140,134,274,15,1,16,11,7,18,0,1,1,43,17,60,0,0,0,0,2,2,209,162,371,2022-07-31T22:00:00Z
01,158,Ivanić-Grad,3055,1668,4723,101,74,175,52,34,86,8,20,28,139,181,320,1,0,1,9,10,19,3365,1987,5352,2022-07-31T22:00:00Z
01,163,Jakovlje,344,273,617,38,8,46,10,9,19,3,0,3,39,28,67,0,0,0,0,0,0,434,318,752,2022-07-31T22:00:00Z
01,169,Jastrebarsko,2311,1691,4002,229,111,340,51,39,90,17,19,36,257,238,495,0,0,0,5,7,12,2870,2105,4975,2022-07-31T22:00:00Z
01,190,Klinča Selo,209,174,383,39,10,49,5,3,8,0,0,0,65,50,115,0,0,0,0,0,0,318,237,555,2022-07-31T22:00:00Z
01,193,Kloštar Ivanić,385,306,691,25,7,32,20,6,26,4,9,13,52,35,87,1,0,1,3,3,6,490,366,856,2022-07-31T22:00:00Z
01,213,Križ,626,428,1054,24,22,46,19,13,32,6,6,12,25,53,78,0,0,0,2,2,4,702,524,1226,2022-07-31T22:00:00Z
01,33,Brckovljani,311,361,672,7,5,12,0,0,0,3,2,5,27,19,46,0,0,0,0,0,0,348,387,735,2022-07-31T22:00:00Z
01,331,Pisarovina,389,307,696,26,26,52,24,18,42,1,2,3,25,31,56,0,0,0,2,3,5,467,387,854,2022-07-31T22:00:00Z
01,34,Brdovec,868,716,1584,95,38,133,16,7,23,2,5,7,86,63,149,0,0,0,4,2,6,1071,831,1902,2022-07-31T22:00:00Z
01,356,Preseka,16,9,25,5,2,7,12,11,23,0,1,1,15,6,21,0,0,0,1,0,1,49,29,78,2022-07-31T22:00:00Z
01,362,Pušča,141,193,334,26,12,38,7,2,9,1,3,4,53,25,78,0,0,0,0,0,0,228,235,463,2022-07-31T22:00:00Z
01,376,Rugvica,1327,482,1809,8,5,13,3,2,5,1,2,3,18,17,35,0,0,0,0,0,0,1357,508,1865,2022-07-31T22:00:00Z
01,380,Samobor,5440,3762,9202,514,319,833,26,22,48,42,67,109,482,480,962,2,1,3,30,31,61,6536,4682,11218,2022-07-31T22:00:00Z
01,429,Sveti Ivan Zelina,2393,1987,4380,169,66,235,66,50,116,14,21,35,254,212,466,0,0,0,4,2,6,2900,2338,5238,2022-07-31T22:00:00Z
01,436,Sveta Nedjelja,5617,3544,9161,232,94,326,6,5,11,10,11,21,359,189,548,0,0,0,8,6,14,6232,3849,10081,2022-07-31T22:00:00Z
01,508,Vrbovec,2150,2023,4173,161,74,235,89,35,124,6,19,25,286,160,446,0,0,0,7,9,16,2699,2320,5019,2022-07-31T22:00:00Z
01,533,Krašić,267,180,447,27,8,35,13,11,24,2,2,4,25,24,49,0,0,0,1,2,3,335,227,562,2022-07-31T22:00:00Z
01,536,Rakovec,32,22,54,10,2,12,8,4,12,0,1,1,20,11,31,0,0,0,0,0,0,70,40,110,2022-07-31T22:00:00Z
01,539,Marija Gorica,77,93,170,14,3,17,0,0,0,1,1,2,16,19,35,0,0,0,0,0,0,108,116,224,2022-07-31T22:00:00Z
01,540,Žumberak,19,21,40,6,1,7,6,4,10,0,0,0,3,7,10,0,0,0,0,0,0,34,33,67,2022-07-31T22:00:00Z
01,541,Velika Gorica,8122,6215,14337,634,366,1000,67,33,100,57,60,117,572,523,1095,0,0,0,14,26,40,9466,7223,16689,2022-07-31T22:00:00Z
01,542,Orle,40,27,67,16,0,16,7,3,10,0,0,0,12,5,17,0,0,0,0,0,0,75,35,110,2022-07-31T22:00:00Z
01,543,Zaprešić,3396,2934,6330,218,147,365,12,12,24,32,42,74,242,230,472,0,0,0,10,15,25,3910,3380,7290,2022-07-31T22:00:00Z
01,544,Pokupsko,43,56,99,11,6,17,13,5,18,0,1,1,7,8,15,0,0,0,0,0,0,74,76,150,2022-07-31T22:00:00Z
01,545,Kravarsko,109,78,187,35,10,45,6,6,12,0,0,0,73,17,90,0,0,0,1,1,2,224,112,336,2022-07-31T22:00:00Z
01,547,Bistra,344,498,842,51,21,72,8,5,13,1,7,8,56,42,98,1,0,1,0,2,2,461,575,1036,2022-07-31T22:00:00Z
01,548,Luka,251,95,346,15,2,17,2,3,5,1,1,2,20,22,42,0,0,0,0,0,0,289,123,412,2022-07-31T22:00:00Z
01,549,Dubravica,66,41,107,15,0,15,13,5,18,0,0,0,13,17,30,0,0,0,0,0,0,107,63,170,2022-07-31T22:00:00Z
01,550,Bedenica,217,146,363,13,4,17,5,5,10,1,1,2,13,10,23,0,0,0,0,0,0,249,166,415,2022-07-31T22:00:00Z
01,551,Stupnik,1461,555,2016,30,16,46,0,2,2,2,1,3,19,22,41,0,0,0,2,0,2,1514,596,2110,2022-07-31T22:00:00Z
01,97,Dubrava,304,316,620,46,19,65,71,45,116,4,12,16,69,75,144,0,0,0,3,5,8,497,472,969,2022-07-31T22:00:00Z
02,108,Đurmanec,122,147,269,60,19,79,2,2,4,3,1,4,110,89,199,0,0,0,1,2,3,298,260,558,2022-07-31T22:00:00Z
02,11,Bedekovčina,509,734,1243,89,41,130,7,6,13,8,7,15,118,106,224,0,0,0,3,4,7,734,898,1632,2022-07-31T22:00:00Z
02,125,Gornja Stubica,219,271,490,52,15,67,8,6,14,1,1,2,71,47,118,0,0,0,2,0,2,353,340,693,2022-07-31T22:00:00Z
02,146,Hraščina,48,46,94,8,2,10,2,3,5,0,1,1,4,6,10,0,0,0,0,0,0,62,58,120,2022-07-31T22:00:00Z
02,152,Hum Na Sutli,1543,641,2184,53,28,81,5,0,5,1,8,9,260,81,341,0,0,0,2,2,4,1864,760,2624,2022-07-31T22:00:00Z
02,187,Klanjec,285,244,529,70,26,96,12,8,20,5,1,6,67,47,114,0,0,0,1,2,3,440,328,768,2022-07-31T22:00:00Z
02,200,Konjščina,435,403,838,32,15,47,2,1,3,1,2,3,43,32,75,0,0,0,0,1,1,513,454,967,2022-07-31T22:00:00Z
02,208,Kraljevec Na Sutli,75,43,118,12,6,18,3,1,4,0,0,0,18,6,24,0,0,0,0,1,1,108,57,165,2022-07-31T22:00:00Z
02,211,Krapina,2843,2331,5174,176,95,271,9,5,14,15,17,32,174,167,341,0,0,0,1,6,7,3218,2621,5839,2022-07-31T22:00:00Z
02,212,Krapinske Toplice,604,1162,1766,67,38,105,5,6,11,0,5,5,103,71,174,0,0,0,1,1,2,780,1283,2063,2022-07-31T22:00:00Z
02,236,Lobor,163,217,380,25,8,33,3,3,6,0,0,0,34,14,48,0,0,0,1,2,3,226,244,470,2022-07-31T22:00:00Z
02,248,Mače,95,69,164,31,7,38,4,4,8,1,0,1,62,34,96,0,0,0,0,1,1,193,115,308,2022-07-31T22:00:00Z
02,256,Marija Bistrica,338,361,699,67,43,110,14,7,21,2,5,7,65,80,145,0,0,0,2,2,4,488,498,986,2022-07-31T22:00:00Z
02,265,Mihovljan,92,116,208,32,7,39,3,0,3,0,0,0,69,16,85,0,0,0,1,1,2,197,140,337,2022-07-31T22:00:00Z
02,311,Oroslavje,925,799,1724,77,37,114,11,2,13,6,8,14,90,69,159,0,0,0,3,2,5,1112,917,2029,2022-07-31T22:00:00Z
02,329,Petrovsko,81,45,126,17,3,20,1,0,1,5,0,5,59,12,71,0,0,0,1,0,1,164,60,224,2022-07-31T22:00:00Z
02,352,Pregrada,811,897,1708,112,33,145,3,5,8,6,6,12,159,104,263,0,0,0,1,0,1,1092,1045,2137,2022-07-31T22:00:00Z
02,364,Radoboj,143,99,242,16,12,28,1,1,2,0,2,2,58,22,80,0,0,0,0,0,0,218,136,354,2022-07-31T22:00:00Z
02,41,Budinščina,181,174,355,15,5,20,6,1,7,1,2,3,19,11,30,0,0,0,2,2,4,224,195,419,2022-07-31T22:00:00Z
02,422,Stubičke Toplice,250,426,676,33,18,51,0,2,2,2,5,7,61,28,89,0,0,0,1,0,1,347,479,826,2022-07-31T22:00:00Z
02,430,Sveti Križ Začretje,705,820,1525,74,23,97,10,4,14,1,4,5,142,98,240,0,0,0,4,3,7,936,952,1888,2022-07-31T22:00:00Z
02,466,Tuhelj,160,211,371,20,10,30,5,1,6,1,2,3,38,35,73,0,0,0,0,0,0,224,259,483,2022-07-31T22:00:00Z
02,481,Veliko Trgovišće,572,390,962,52,17,69,3,5,8,2,5,7,113,51,164,0,0,0,3,1,4,745,469,1214,2022-07-31T22:00:00Z
02,519,Zabok,2796,2836,5632,141,83,224,5,3,8,14,15,29,181,331,512,0,0,0,2,3,5,3139,3271,6410,2022-07-31T22:00:00Z
02,521,Zagorska Sela,6,55,61,7,1,8,6,2,8,0,1,1,16,5,21,0,0,0,0,0,0,35,64,99,2022-07-31T22:00:00Z
02,526,Zlatar,529,671,1200,97,44,141,26,14,40,7,7,14,108,91,199,0,0,0,2,1,3,769,828,1597,2022-07-31T22:00:00Z
02,527,Zlatar Bistrica,324,537,861,27,8,35,4,2,6,4,0,4,74,44,118,0,0,0,3,2,5,436,593,1029,2022-07-31T22:00:00Z
02,552,Jesenje,72,56,128,11,2,13,0,0,0,0,0,0,46,8,54,0,0,0,0,0,0,129,66,195,2022-07-31T22:00:00Z
02,553,Kumrovec,81,89,170,17,3,20,2,0,2,3,1,4,18,20,38,0,0,0,0,0,0,121,113,234,2022-07-31T22:00:00Z
02,554,Novi Golubovec,138,54,192,3,2,5,1,0,1,0,0,0,5,1,6,0,0,0,0,0,0,147,57,204,2022-07-31T22:00:00Z
02,70,Desinić,129,281,410,29,7,36,9,2,11,2,1,3,48,34,82,0,0,0,0,1,1,217,326,543,2022-07-31T22:00:00Z
02,79,Donja Stubica,886,803,1689,96,51,147,5,4,9,7,3,10,78,46,124,0,0,0,1,1,2,1073,908,1981,2022-07-31T22:00:00Z
03,102,Dvor,292,133,425,17,6,23,60,23,83,0,2,2,13,13,26,0,0,0,0,2,2,382,179,561,2022-07-31T22:00:00Z
03,121,Glina,1150,672,1822,42,22,64,59,26,85,5,10,15,68,67,135,0,0,0,0,0,0,1324,797,2121,2022-07-31T22:00:00Z
03,149,Hrvatska Dubica,74,68,142,9,2,11,12,3,15,0,0,0,5,6,11,0,0,0,0,1,1,100,80,180,2022-07-31T22:00:00Z
03,150,Hrvatska Kostajnica,310,263,573,19,9,28,8,2,10,1,3,4,12,22,34,0,0,0,3,1,4,353,300,653,2022-07-31T22:00:00Z
03,168,Jasenovac,136,111,247,14,4,18,14,5,19,0,0,0,16,11,27,0,0,0,0,1,1,180,132,312,2022-07-31T22:00:00Z
03,220,Kutina,3588,2847,6435,170,112,282,45,22,67,38,25,63,208,253,461,1,0,1,13,8,21,4063,3267,7330,2022-07-31T22:00:00Z
03,228,Lekenik,359,261,620,44,9,53,9,7,16,1,3,4,52,34,86,0,0,0,1,1,2,466,315,781,2022-07-31T22:00:00Z
03,232,Lipovljani,260,269,529,24,9,33,11,2,13,1,0,1,35,40,75,0,0,0,0,2,2,331,322,653,2022-07-31T22:00:00Z
03,259,Martinska Ves,128,53,181,10,1,11,27,14,41,3,0,3,43,13,56,0,0,0,0,1,1,211,82,293,2022-07-31T22:00:00Z
03,293,Novska,1297,987,2284,175,102,277,33,16,49,6,18,24,254,237,491,0,0,0,5,8,13,1770,1368,3138,2022-07-31T22:00:00Z
03,328,Petrinja,1724,1675,3399,245,88,333,70,29,99,12,23,35,292,299,591,0,0,0,5,3,8,2348,2117,4465,2022-07-31T22:00:00Z
03,347,Popovača,875,1021,1896,81,43,124,49,17,66,7,10,17,102,123,225,0,0,0,5,1,6,1119,1215,2334,2022-07-31T22:00:00Z
03,391,Sisak,6979,8021,15000,385,229,614,99,59,158,41,76,117,600,570,1170,0,0,0,17,16,33,8121,8971,17092,2022-07-31T22:00:00Z
03,426,Sunja,204,163,367,26,10,36,50,31,81,1,2,3,16,21,37,0,0,0,2,0,2,299,227,526,2022-07-31T22:00:00Z
03,457,Topusko,224,323,547,15,6,21,5,2,7,4,1,5,34,24,58,0,0,0,0,0,0,282,356,638,2022-07-31T22:00:00Z
03,477,Velika Ludina,114,136,250,12,9,21,14,3,17,0,0,0,24,21,45,0,0,0,0,0,0,164,169,333,2022-07-31T22:00:00Z
03,510,Gvozd,115,85,200,9,4,13,18,4,22,0,0,0,18,13,31,0,0,0,2,1,3,162,107,269,2022-07-31T22:00:00Z
03,555,Majur,142,54,196,1,1,2,3,1,4,0,0,0,2,0,2,0,0,0,0,0,0,148,56,204,2022-07-31T22:00:00Z
03,83,Donji Kukuruzari,46,60,106,5,0,5,6,2,8,0,0,0,1,2,3,0,0,0,1,0,1,59,64,123,2022-07-31T22:00:00Z
04,120,Generalski Stol,39,59,98,22,5,27,1,0,1,0,1,1,24,13,37,0,0,0,0,0,0,86,78,164,2022-07-31T22:00:00Z
04,172,Josipdol,197,150,347,26,16,42,3,7,10,2,1,3,47,49,96,0,0,0,0,0,0,275,223,498,2022-07-31T22:00:00Z
04,179,Karlovac,10478,8851,19329,414,302,716,75,49,124,67,89,156,615,787,1402,0,0,0,17,17,34,11666,10095,21761,2022-07-31T22:00:00Z
04,216,Krnjak,147,65,212,3,2,5,5,4,9,1,0,1,9,6,15,0,0,0,0,0,0,165,77,242,2022-07-31T22:00:00Z
04,225,Lasinja,46,42,88,4,3,7,0,5,5,2,0,2,5,9,14,0,0,0,0,0,0,57,59,116,2022-07-31T22:00:00Z
04,281,Netretić,91,100,191,18,2,20,2,1,3,1,1,2,38,34,72,0,0,0,0,0,0,150,138,288,2022-07-31T22:00:00Z
04,297,Ogulin,1790,1774,3564,139,89,228,39,21,60,9,30,39,150,185,335,0,0,0,5,8,13,2132,2107,4239,2022-07-31T22:00:00Z
04,30,Bosiljevo,102,79,181,3,0,3,0,0,0,1,1,2,26,29,55,0,0,0,0,0,0,132,109,241,2022-07-31T22:00:00Z
04,315,Ozalj,766,624,1390,92,32,124,22,13,35,4,9,13,125,97,222,0,1,1,1,4,5,1010,780,1790,2022-07-31T22:00:00Z
04,333,Plaški,96,61,157,8,4,12,10,2,12,0,0,0,39,29,68,0,0,0,0,0,0,153,96,249,2022-07-31T22:00:00Z
04,365,Rakovica,160,200,360,9,11,20,3,3,6,0,0,0,82,95,177,0,0,0,1,0,1,255,309,564,2022-07-31T22:00:00Z
04,378,Saborsko,13,13,26,0,1,1,1,0,1,0,0,0,6,2,8,0,0,0,0,0,0,20,16,36,2022-07-31T22:00:00Z
04,400,Slunj,350,405,755,51,17,68,38,19,57,3,3,6,125,108,233,0,0,0,4,13,17,571,565,1136,2022-07-31T22:00:00Z
04,49,Cetingrad,66,57,123,8,0,8,2,4,6,1,0,1,5,6,11,0,0,0,0,0,0,82,67,149,2022-07-31T22:00:00Z
04,503,Vojnić,351,242,593,20,15,35,40,12,52,1,0,1,28,31,59,0,0,0,2,1,3,442,301,743,2022-07-31T22:00:00Z
04,530,Žakanje,155,99,254,26,11,37,4,1,5,0,0,0,27,28,55,0,0,0,0,1,1,212,140,352,2022-07-31T22:00:00Z
04,556,Ribnik,8,4,12,11,3,14,1,1,2,0,0,0,7,9,16,0,0,0,0,0,0,27,17,44,2022-07-31T22:00:00Z
04,557,Tounj,65,23,88,4,0,4,0,0,0,0,0,0,5,6,11,0,0,0,0,0,0,74,29,103,2022-07-31T22:00:00Z
04,623,Kamanje,159,99,258,3,2,5,0,0,0,0,0,0,3,5,8,0,0,0,0,0,0,165,106,271,2022-07-31T22:00:00Z
04,7,Barilovići,280,151,431,21,10,31,7,0,7,1,1,2,104,32,136,0,0,0,0,0,0,413,194,607,2022-07-31T22:00:00Z
04,90,Draganić,169,197,366,13,3,16,7,3,10,1,1,2,14,24,38,0,0,0,0,0,0,204,228,432,2022-07-31T22:00:00Z
04,99,Duga Resa,1252,1057,2309,133,68,201,22,18,40,5,18,23,188,218,406,0,0,0,4,7,11,1604,1386,2990,2022-07-31T22:00:00Z
05,12,Bednja,204,177,381,18,7,25,2,5,7,1,1,2,27,16,43,0,0,0,0,0,0,252,206,458,2022-07-31T22:00:00Z
05,129,Gornji Kneginec,605,995,1600,49,30,79,9,4,13,2,7,9,69,55,124,0,0,0,3,4,7,737,1095,1832,2022-07-31T22:00:00Z
05,151,Breznički Hum,201,142,343,15,4,19,7,5,12,0,1,1,20,13,33,1,0,1,2,6,8,246,171,417,2022-07-31T22:00:00Z
05,156,Ivanec,2140,1813,3953,170,63,233,11,11,22,10,17,27,317,260,577,0,0,0,6,9,15,2654,2173,4827,2022-07-31T22:00:00Z
05,165,Jalžabet,754,1060,1814,21,4,25,12,5,17,0,3,3,37,23,60,0,0,0,0,1,1,824,1096,1920,2022-07-31T22:00:00Z
05,189,Klenovnik,159,55,214,8,4,12,0,0,0,0,0,0,22,25,47,0,0,0,2,0,2,191,84,275,2022-07-31T22:00:00Z
05,19,Beretinec,82,45,127,18,2,20,3,2,5,0,1,1,15,24,39,0,0,0,1,0,1,119,74,193,2022-07-31T22:00:00Z
05,229,Lepoglava,1357,608,1965,60,35,95,4,2,6,1,5,6,97,52,149,0,0,0,1,7,8,1520,709,2229,2022-07-31T22:00:00Z
05,244,Ludbreg,1856,1568,3424,119,61,180,57,36,93,10,12,22,206,177,383,0,0,0,2,4,6,2250,1858,4108,2022-07-31T22:00:00Z
05,247,Ljubešćica,359,168,527,26,8,34,2,0,2,1,3,4,74,23,97,0,0,0,1,0,1,463,202,665,2022-07-31T22:00:00Z
05,251,Mali Bukovec,41,82,123,12,6,18,24,15,39,0,1,1,99,35,134,0,0,0,0,1,1,176,140,316,2022-07-31T22:00:00Z
05,260,Maruševec,359,298,657,57,25,82,22,25,47,3,2,5,114,41,155,0,0,0,3,1,4,558,392,950,2022-07-31T22:00:00Z
05,289,Novi Marof,1232,1163,2395,166,69,235,14,11,25,8,15,23,290,174,464,0,0,0,6,4,10,1716,1436,3152,2022-07-31T22:00:00Z
05,326,Petrijanec,470,715,1185,24,7,31,15,8,23,1,3,4,78,81,159,0,0,0,0,1,1,588,815,1403,2022-07-31T22:00:00Z
05,36,Breznica,153,64,217,18,3,21,4,5,9,1,4,5,37,13,50,0,0,0,0,0,0,213,89,302,2022-07-31T22:00:00Z
05,410,Sračinec,261,257,518,40,15,55,2,2,4,1,6,7,90,59,149,0,0,0,0,2,2,394,341,735,2022-07-31T22:00:00Z
05,437,Sveti Đurđ,71,98,169,32,4,36,28,8,36,3,1,4,35,35,70,0,0,0,0,0,0,169,146,315,2022-07-31T22:00:00Z
05,438,Sveti Ilija,190,203,393,17,7,24,1,1,2,0,4,4,43,31,74,0,0,0,0,0,0,251,246,497,2022-07-31T22:00:00Z
05,462,Trnovec Bartolovečki,1210,1415,2625,71,19,90,16,6,22,1,4,5,302,93,395,0,0,0,1,1,2,1601,1538,3139,2022-07-31T22:00:00Z
05,472,Varaždin,16743,15369,32112,506,373,879,53,24,77,76,115,191,530,653,1183,0,0,0,27,17,44,17935,16551,34486,2022-07-31T22:00:00Z
05,473,Varaždinske Toplice,602,515,1117,45,22,67,10,6,16,4,7,11,182,52,234,0,0,0,2,1,3,845,603,1448,2022-07-31T22:00:00Z
05,48,Cestica,407,380,787,52,28,80,13,18,31,1,4,5,106,79,185,0,0,0,0,3,3,579,512,1091,2022-07-31T22:00:00Z
05,484,Vidovec,253,256,509,49,15,64,60,31,91,2,5,7,111,94,205,0,0,0,0,0,0,475,401,876,2022-07-31T22:00:00Z
05,486,Vinica,326,219,545,19,8,27,4,4,8,1,5,6,30,24,54,0,0,0,0,1,1,380,261,641,2022-07-31T22:00:00Z
05,493,Visoko,101,53,154,17,0,17,6,3,9,0,0,0,24,28,52,0,0,0,2,0,2,150,84,234,2022-07-31T22:00:00Z
05,558,Veliki Bukovec,384,255,639,5,3,8,22,10,32,0,1,1,36,28,64,0,0,0,0,0,0,447,297,744,2022-07-31T22:00:00Z
05,80,Donja Voća,85,58,143,9,1,10,5,8,13,0,1,1,26,21,47,0,0,0,0,1,1,125,90,215,2022-07-31T22:00:00Z
05,85,Donji Martijanec,348,167,515,28,7,35,20,4,24,1,1,2,47,31,78,0,0,0,0,0,0,444,210,654,2022-07-31T22:00:00Z
06,104,Đelekovec,31,47,78,20,12,32,38,12,50,0,1,1,18,13,31,0,0,0,0,0,0,107,85,192,2022-07-31T22:00:00Z
06,107,Đurđevac,1432,1238,2670,84,45,129,74,40,114,14,11,25,81,68,149,0,0,0,10,7,17,1695,1409,3104,2022-07-31T22:00:00Z
06,115,Ferdinandovac,44,88,132,11,3,14,41,33,74,1,1,2,18,7,25,0,0,0,1,0,1,116,132,248,2022-07-31T22:00:00Z
06,122,Gola,202,168,370,11,2,13,87,39,126,0,2,2,6,24,30,0,0,0,0,1,1,306,236,542,2022-07-31T22:00:00Z
06,145,Hlebine,8,31,39,1,0,1,15,3,18,1,1,2,0,7,7,0,0,0,1,1,2,26,43,69,2022-07-31T22:00:00Z
06,194,Kloštar Podravski,178,159,337,17,13,30,40,35,75,0,1,1,33,61,94,0,0,0,1,0,1,269,269,538,2022-07-31T22:00:00Z
06,201,Koprivnica,7117,7441,14558,349,206,555,60,29,89,62,69,131,397,436,833,0,2,2,17,16,33,8002,8199,16201,2022-07-31T22:00:00Z
06,202,Koprivnički Bregi,59,78,137,20,3,23,22,8,30,0,0,0,37,8,45,0,0,0,0,0,0,138,97,235,2022-07-31T22:00:00Z
06,203,Koprivnički Ivanec,69,54,123,25,5,30,25,8,33,0,0,0,15,12,27,0,0,0,0,0,0,134,79,213,2022-07-31T22:00:00Z
06,214,Križevci,3510,3692,7202,178,101,279,226,178,404,11,29,40,248,230,478,0,0,0,9,12,21,4182,4242,8424,2022-07-31T22:00:00Z
06,227,Legrad,63,82,145,16,5,21,20,6,26,1,2,3,20,21,41,0,0,0,0,0,0,120,116,236,2022-07-31T22:00:00Z
06,270,Molve,217,117,334,7,9,16,51,27,78,1,2,3,37,19,56,0,0,0,3,3,6,316,177,493,2022-07-31T22:00:00Z
06,292,Novigrad Podravski,102,158,260,10,4,14,18,12,30,0,1,1,18,18,36,0,0,0,0,1,1,148,194,342,2022-07-31T22:00:00Z
06,324,Peteranec,70,50,120,18,3,21,21,9,30,1,1,2,26,12,38,0,0,0,0,1,1,136,76,212,2022-07-31T22:00:00Z
06,366,Rasinja,53,76,129,23,4,27,53,21,74,1,0,1,20,21,41,0,0,0,1,0,1,151,122,273,2022-07-31T22:00:00Z
06,405,Sokolovac,217,94,311,18,4,22,44,16,60,5,3,8,21,9,30,0,0,0,0,0,0,305,126,431,2022-07-31T22:00:00Z
06,439,Sveti Ivan Žabno,267,187,454,41,18,59,96,60,156,2,2,4,49,64,113,0,0,0,0,1,1,455,332,787,2022-07-31T22:00:00Z
06,442,Sveti Petar Orehovec,134,124,258,28,6,34,132,123,255,0,1,1,40,23,63,0,0,0,1,0,1,335,277,612,2022-07-31T22:00:00Z
06,490,Virje,296,206,502,27,13,40,36,20,56,4,1,5,29,36,65,0,0,0,0,2,2,392,278,670,2022-07-31T22:00:00Z
06,559,Kalinovac,421,104,525,6,1,7,7,3,10,0,0,0,9,9,18,0,0,0,2,1,3,445,118,563,2022-07-31T22:00:00Z
06,560,Kalnik,45,46,91,2,4,6,20,22,42,0,1,1,7,4,11,0,0,0,0,0,0,74,77,151,2022-07-31T22:00:00Z
06,561,Novo Virje,44,38,82,2,0,2,38,26,64,0,0,0,15,6,21,0,0,0,0,1,1,99,71,170,2022-07-31T22:00:00Z
06,616,Podravske Sesvete,108,116,224,3,4,7,25,14,39,1,0,1,7,6,13,0,0,0,0,1,1,144,141,285,2022-07-31T22:00:00Z
06,618,Gornja Reka,96,91,187,6,2,8,8,6,14,0,0,0,3,3,6,0,0,0,0,0,0,113,102,215,2022-07-31T22:00:00Z
06,96,Drnje,112,103,215,12,4,16,18,10,28,0,1,1,6,10,16,0,0,0,1,0,1,149,128,277,2022-07-31T22:00:00Z
07,105,Đulovac,258,65,323,9,8,17,31,16,47,2,0,2,117,34,151,0,0,0,0,0,0,417,123,540,2022-07-31T22:00:00Z
07,119,Garešnica,1082,1082,2164,59,30,89,57,36,93,15,17,32,106,129,235,0,0,0,1,7,8,1320,1301,2621,2022-07-31T22:00:00Z
07,139,Grubišno Polje,597,539,1136,35,25,60,100,39,139,4,10,14,65,68,133,0,0,0,2,3,5,803,684,1487,2022-07-31T22:00:00Z
07,144,Hercegovac,149,148,297,19,3,22,48,16,64,1,1,2,43,35,78,0,0,0,1,2,3,261,205,466,2022-07-31T22:00:00Z
07,161,Ivanska,133,91,224,3,3,6,46,12,58,2,3,5,81,22,103,0,0,0,2,0,2,267,131,398,2022-07-31T22:00:00Z
07,176,Kapela,102,81,183,4,2,6,42,26,68,0,1,1,19,8,27,0,0,0,1,0,1,168,118,286,2022-07-31T22:00:00Z
07,18,Berek,44,46,90,7,2,9,19,14,33,0,0,0,8,6,14,0,0,0,0,0,0,78,68,146,2022-07-31T22:00:00Z
07,199,Končanica,130,70,200,9,1,10,34,15,49,0,0,0,10,11,21,0,0,0,1,2,3,184,99,283,2022-07-31T22:00:00Z
07,24,Bjelovar,7136,6781,13917,301,182,483,200,101,301,47,73,120,413,519,932,2,0,2,12,13,25,8111,7669,15780,2022-07-31T22:00:00Z
07,287,Nova Rača,92,106,198,12,3,15,74,32,106,0,2,2,31,14,45,0,0,0,0,1,1,209,158,367,2022-07-31T22:00:00Z
07,375,Rovišće,215,201,416,25,12,37,50,31,81,1,3,4,24,39,63,0,0,0,0,1,1,315,287,602,2022-07-31T22:00:00Z
07,390,Sirač,313,151,464,9,2,11,10,4,14,1,1,2,15,9,24,0,0,0,0,2,2,348,169,517,2022-07-31T22:00:00Z
07,450,Štefanje,43,54,97,7,4,11,33,13,46,0,2,2,34,26,60,0,0,0,3,0,3,120,99,219,2022-07-31T22:00:00Z
07,478,Velika Pisanica,78,69,147,5,1,6,31,14,45,1,0,1,13,9,22,0,0,0,0,0,0,128,93,221,2022-07-31T22:00:00Z
07,480,Veliki Grđevac,158,124,282,11,6,17,71,30,101,1,2,3,71,25,96,0,0,0,1,0,1,313,187,500,2022-07-31T22:00:00Z
07,483,Veliko Trojstvo,66,96,162,13,3,16,15,14,29,0,0,0,44,15,59,0,0,0,0,1,1,138,129,267,2022-07-31T22:00:00Z
07,562,Severin,63,27,90,1,0,1,16,13,29,0,0,0,15,30,45,0,0,0,0,0,0,95,70,165,2022-07-31T22:00:00Z
07,564,Šandrovac,31,46,77,3,0,3,14,8,22,1,0,1,12,6,18,0,0,0,0,0,0,61,60,121,2022-07-31T22:00:00Z
07,565,Velika Trnovitica,62,63,125,8,3,11,30,22,52,1,0,1,19,9,28,0,0,0,1,1,2,121,98,219,2022-07-31T22:00:00Z
07,566,Zrinski Topolovac,13,14,27,2,1,3,29,17,46,0,0,0,4,2,6,0,0,0,0,1,1,48,35,83,2022-07-31T22:00:00Z
07,63,Čazma,1108,789,1897,55,20,75,52,37,89,7,10,17,122,75,197,0,0,0,7,2,9,1351,933,2284,2022-07-31T22:00:00Z
07,67,Daruvar,1423,1680,3103,75,54,129,38,21,59,17,19,36,143,174,317,0,0,0,3,8,11,1699,1956,3655,2022-07-31T22:00:00Z
07,71,Dežanovac,121,73,194,10,2,12,70,32,102,0,0,0,37,17,54,0,0,0,0,1,1,238,125,363,2022-07-31T22:00:00Z
08,117,Fužine,271,189,460,18,11,29,0,2,2,3,1,4,19,22,41,0,0,0,2,0,2,313,225,538,2022-07-31T22:00:00Z
08,170,Jelenje,281,252,533,98,47,145,7,1,8,37,9,46,57,41,98,0,0,0,2,0,2,482,350,832,2022-07-31T22:00:00Z
08,180,Kastav,1135,841,1976,141,71,212,3,1,4,44,10,54,113,80,193,1,1,2,6,5,11,1443,1009,2452,2022-07-31T22:00:00Z
08,186,Klana,368,205,573,22,8,30,1,2,3,4,2,6,15,10,25,0,0,0,1,2,3,411,229,640,2022-07-31T22:00:00Z
08,209,Kraljevica,345,325,670,42,23,65,2,1,3,42,4,46,25,42,67,1,0,1,2,7,9,459,402,861,2022-07-31T22:00:00Z
08,215,Krk,2115,1570,3685,277,131,408,13,8,21,27,15,42,397,300,697,0,0,0,7,10,17,2836,2034,4870,2022-07-31T22:00:00Z
08,237,Lokve,121,90,211,14,5,19,0,1,1,0,3,3,8,8,16,0,0,0,1,0,1,144,107,251,2022-07-31T22:00:00Z
08,242,Lovran,455,653,1108,99,40,139,1,1,2,10,8,18,53,70,123,0,0,0,3,7,10,621,779,1400,2022-07-31T22:00:00Z
08,252,Mali Lošinj,1816,1867,3683,237,92,329,24,9,33,35,19,54,296,274,570,0,0,0,9,4,13,2417,2265,4682,2022-07-31T22:00:00Z
08,253,Malinska-Dubašnica,625,938,1563,154,79,233,6,9,15,11,5,16,246,235,481,0,0,0,4,5,9,1046,1271,2317,2022-07-31T22:00:00Z
08,261,Matulji,1495,1072,2567,231,127,358,15,6,21,41,15,56,186,184,370,1,0,1,4,11,15,1973,1415,3388,2022-07-31T22:00:00Z
08,273,Mošćenička Draga,138,111,249,52,20,72,0,1,1,4,4,8,57,53,110,0,0,0,3,4,7,254,193,447,2022-07-31T22:00:00Z
08,275,Mrkopalj,64,45,109,14,3,17,2,0,2,2,0,2,9,9,18,0,0,0,1,0,1,92,57,149,2022-07-31T22:00:00Z
08,290,Novi Vinodolski,648,547,1195,130,65,195,7,5,12,10,7,17,177,137,314,0,0,0,2,6,8,974,767,1741,2022-07-31T22:00:00Z
08,301,Omišalj,733,545,1278,81,25,106,0,0,0,10,4,14,117,71,188,0,0,0,0,1,1,941,646,1587,2022-07-31T22:00:00Z
08,302,Opatija,2437,2964,5401,200,129,329,6,4,10,50,26,76,127,174,301,0,0,0,12,13,25,2832,3310,6142,2022-07-31T22:00:00Z
08,360,Punat,352,238,590,78,27,105,4,0,4,7,1,8,131,98,229,0,0,0,0,0,0,572,364,936,2022-07-31T22:00:00Z
08,363,Rab,1145,1350,2495,363,107,470,12,6,18,15,11,26,483,405,888,0,0,0,5,10,15,2023,1889,3912,2022-07-31T22:00:00Z
08,369,Ravna Gora,289,293,582,30,10,40,2,1,3,3,1,4,37,19,56,0,0,0,1,5,6,362,329,691,2022-07-31T22:00:00Z
08,373,Rijeka,27912,28284,56196,1273,1088,2361,19,15,34,977,354,1331,889,1278,2167,4,3,7,82,114,196,31156,31136,62292,2022-07-31T22:00:00Z
08,38,Brod Moravice,43,29,72,9,1,10,0,0,0,0,1,1,10,2,12,0,0,0,1,0,1,63,33,96,2022-07-31T22:00:00Z
08,393,Skrad,43,44,87,4,4,8,1,1,2,1,1,2,2,5,7,0,0,0,0,1,1,51,56,107,2022-07-31T22:00:00Z
08,4,Bakar,2075,1028,3103,64,44,108,3,0,3,81,10,91,72,71,143,0,0,0,5,11,16,2300,1164,3464,2022-07-31T22:00:00Z
08,488,Vinodolska Općina,188,154,342,56,20,76,2,0,2,6,1,7,40,17,57,1,0,1,1,1,2,294,193,487,2022-07-31T22:00:00Z
08,495,Viškovo,1670,1135,2805,209,111,320,7,4,11,57,17,74,154,141,295,0,0,0,10,10,20,2107,1418,3525,2022-07-31T22:00:00Z
08,507,Vrbnik,168,135,303,38,13,51,9,2,11,2,0,2,54,44,98,0,0,0,1,1,2,272,195,467,2022-07-31T22:00:00Z
08,509,Vrbovsko,342,301,643,60,19,79,4,4,8,1,5,6,74,38,112,1,0,1,0,1,1,482,368,850,2022-07-31T22:00:00Z
08,52,Cres,615,561,1176,95,39,134,9,3,12,10,3,13,131,149,280,0,0,0,4,1,5,864,756,1620,2022-07-31T22:00:00Z
08,53,Crikvenica,1596,1992,3588,265,153,418,7,2,9,39,22,61,412,359,771,0,0,0,7,9,16,2326,2537,4863,2022-07-31T22:00:00Z
08,538,Kostrena,503,324,827,40,25,65,1,1,2,73,7,80,21,35,56,0,0,0,1,4,5,639,396,1035,2022-07-31T22:00:00Z
08,55,Čabar,318,268,586,57,18,75,7,4,11,7,0,7,145,50,195,0,0,0,0,3,3,534,343,877,2022-07-31T22:00:00Z
08,61,Čavle,654,555,1209,95,52,147,2,3,5,35,10,45,100,84,184,0,0,0,3,5,8,889,709,1598,2022-07-31T22:00:00Z
08,624,Lopar,106,63,169,49,13,62,0,1,1,1,0,1,110,134,244,0,0,0,0,3,3,266,214,480,2022-07-31T22:00:00Z
08,69,Delnice,1126,764,1890,69,50,119,5,1,6,12,11,23,84,103,187,0,0,0,1,7,8,1297,936,2233,2022-07-31T22:00:00Z
08,74,Dobrinj,190,127,317,52,25,77,1,2,3,5,1,6,116,73,189,0,0,0,1,1,2,365,229,594,2022-07-31T22:00:00Z
08,8,Baška,375,388,763,96,49,145,6,3,9,2,3,5,164,163,327,0,0,0,6,4,10,649,610,1259,2022-07-31T22:00:00Z
09,130,Gospić,2251,2258,4509,100,63,163,75,46,121,11,10,21,142,170,312,0,0,0,8,9,17,2587,2556,5143,2022-07-31T22:00:00Z
09,178,Karlobag,130,127,257,14,7,21,7,1,8,2,0,2,9,6,15,0,0,0,0,2,2,162,143,305,2022-07-31T22:00:00Z
09,240,Lovinac,213,87,300,1,0,1,1,1,2,1,0,1,1,2,3,0,0,0,0,0,0,217,90,307,2022-07-31T22:00:00Z
09,288,Novalja,1447,1111,2558,166,62,228,22,11,33,5,6,11,335,227,562,0,0,0,1,3,4,1976,1420,3396,2022-07-31T22:00:00Z
09,313,Otočac,834,897,1731,94,41,135,57,26,83,7,6,13,110,123,233,0,0,0,2,5,7,1104,1098,2202,2022-07-31T22:00:00Z
09,323,Perušić,335,272,607,22,10,32,32,18,50,0,1,1,22,24,46,0,0,0,0,0,0,411,325,736,2022-07-31T22:00:00Z
09,37,Brinje,379,226,605,23,6,29,9,6,15,0,1,1,8,19,27,0,0,0,0,2,2,419,260,679,2022-07-31T22:00:00Z
09,387,Senj,756,650,1406,108,56,164,5,5,10,14,7,21,165,181,346,0,0,0,7,5,12,1055,904,1959,2022-07-31T22:00:00Z
09,455,Plitvička Jezera,817,843,1660,48,19,67,59,17,76,3,5,8,227,182,409,0,0,0,1,0,1,1155,1066,2221,2022-07-31T22:00:00Z
09,467,Udbina,134,91,225,10,5,15,39,12,51,0,0,0,14,19,33,0,0,0,3,0,3,200,127,327,2022-07-31T22:00:00Z
09,512,Vrhovine,106,41,147,3,3,6,7,1,8,0,0,0,5,3,8,0,0,0,0,0,0,121,48,169,2022-07-31T22:00:00Z
09,84,Donji Lapac,116,72,188,6,4,10,27,7,34,0,0,0,14,6,20,0,0,0,0,0,0,163,89,252,2022-07-31T22:00:00Z
10,136,Gradina,79,94,173,14,9,23,123,50,173,2,0,2,43,30,73,0,0,0,0,0,0,261,183,444,2022-07-31T22:00:00Z
10,245,Lukač,208,109,317,15,5,20,50,17,67,1,0,1,56,34,90,0,0,0,0,0,0,330,165,495,2022-07-31T22:00:00Z
10,266,Mikleuš,66,49,115,8,2,10,14,8,22,0,0,0,15,10,25,0,0,0,0,0,0,103,69,172,2022-07-31T22:00:00Z
10,283,Nova Bukovica,42,37,79,10,5,15,36,8,44,1,0,1,22,17,39,0,0,0,1,0,1,112,67,179,2022-07-31T22:00:00Z
10,307,Orahovica,937,643,1580,72,36,108,12,3,15,9,10,19,111,112,223,0,0,0,2,3,5,1143,807,1950,2022-07-31T22:00:00Z
10,332,Pitomača,700,692,1392,88,45,133,152,87,239,1,8,9,226,187,413,0,0,0,1,3,4,1168,1022,2190,2022-07-31T22:00:00Z
10,395,Slatina,1542,1423,2965,151,76,227,140,40,180,11,22,33,186,253,439,0,0,0,3,6,9,2033,1820,3853,2022-07-31T22:00:00Z
10,407,Sopje,161,44,205,4,1,5,88,18,106,0,0,0,19,23,42,0,0,0,0,0,0,272,86,358,2022-07-31T22:00:00Z
10,424,Suhopolje,257,249,506,24,21,45,102,42,144,1,1,2,72,56,128,0,0,0,2,4,6,458,373,831,2022-07-31T22:00:00Z
10,449,Špišić Bukovica,136,160,296,22,9,31,161,59,220,1,2,3,36,54,90,0,0,0,1,2,3,357,286,643,2022-07-31T22:00:00Z
10,491,Virovitica,3850,3915,7765,192,112,304,98,27,125,33,19,52,386,364,750,1,0,1,3,11,14,4563,4448,9011,2022-07-31T22:00:00Z
10,499,Voćin,154,101,255,9,3,12,26,36,62,0,0,0,11,5,16,0,0,0,0,0,0,200,145,345,2022-07-31T22:00:00Z
10,524,Zdenci,133,82,215,10,4,14,17,8,25,0,1,1,15,12,27,0,0,0,0,2,2,175,109,284,2022-07-31T22:00:00Z
10,54,Crnac,24,28,52,14,4,18,19,7,26,0,0,0,16,13,29,0,0,0,0,0,0,73,52,125,2022-07-31T22:00:00Z
10,56,Čačinci,163,94,257,21,14,35,18,10,28,0,3,3,29,30,59,0,0,0,0,1,1,231,152,383,2022-07-31T22:00:00Z
10,57,Čađavica,114,82,196,13,8,21,66,18,84,0,0,0,49,30,79,0,0,0,0,0,0,242,138,380,2022-07-31T22:00:00Z
11,164,Jakšić,151,101,252,32,5,37,23,5,28,0,2,2,42,16,58,0,0,0,0,0,0,248,129,377,2022-07-31T22:00:00Z
11,177,Kaptol,94,84,178,16,2,18,23,3,26,0,1,1,42,6,48,0,0,0,0,1,1,175,97,272,2022-07-31T22:00:00Z
11,221,Kutjevo,540,404,944,51,18,69,68,28,96,1,2,3,76,70,146,0,0,0,6,1,7,742,523,1265,2022-07-31T22:00:00Z
11,231,Lipik,760,615,1375,40,16,56,25,18,43,2,8,10,55,57,112,0,0,0,2,0,2,884,714,1598,2022-07-31T22:00:00Z
11,318,Pakrac,658,1076,1734,83,33,116,60,19,79,13,17,30,173,95,268,0,0,0,0,2,2,987,1242,2229,2022-07-31T22:00:00Z
11,334,Pleternica,581,434,1015,82,31,113,52,13,65,5,5,10,171,128,299,0,0,0,1,7,8,892,618,1510,2022-07-31T22:00:00Z
11,35,Brestovac,121,101,222,15,3,18,14,3,17,1,1,2,28,11,39,0,0,0,0,1,1,179,120,299,2022-07-31T22:00:00Z
11,351,Požega,5176,4355,9531,317,163,480,125,42,167,40,80,120,393,360,753,0,1,1,13,21,34,6064,5022,11086,2022-07-31T22:00:00Z
11,475,Velika,324,290,614,26,15,41,22,4,26,2,3,5,51,42,93,0,0,0,0,0,0,425,354,779,2022-07-31T22:00:00Z
11,58,Čaglin,106,161,267,8,1,9,16,4,20,0,1,1,13,12,25,0,0,0,0,0,0,143,179,322,2022-07-31T22:00:00Z
12,10,Bebrina,41,47,88,12,8,20,17,5,22,2,0,2,10,10,20,0,0,0,1,0,1,83,70,153,2022-07-31T22:00:00Z
12,118,Garčin,142,165,307,32,9,41,32,18,50,0,0,0,27,30,57,0,0,0,0,0,0,233,222,455,2022-07-31T22:00:00Z
12,127,Gornji Bogićevci,49,39,88,11,2,13,11,2,13,0,0,0,18,26,44,0,0,0,0,0,0,89,69,158,2022-07-31T22:00:00Z
12,140,Gundinci,87,40,127,13,3,16,49,23,72,0,0,0,16,7,23,0,0,0,0,0,0,165,73,238,2022-07-31T22:00:00Z
12,185,Klakar,86,49,135,12,4,16,22,4,26,0,1,1,13,14,27,0,0,0,1,0,1,134,72,206,2022-07-31T22:00:00Z
12,284,Nova Gradiška,2231,2063,4294,147,98,245,26,19,45,22,20,42,263,309,572,0,0,0,3,4,7,2692,2513,5205,2022-07-31T22:00:00Z
12,285,Nova Kapela,159,181,340,27,19,46,23,7,30,2,3,5,50,53,103,0,0,0,1,1,2,262,264,526,2022-07-31T22:00:00Z
12,299,Okučani,222,145,367,31,9,40,11,2,13,0,1,1,45,21,66,0,0,0,1,3,4,310,181,491,2022-07-31T22:00:00Z
12,303,Oprisavci,289,179,468,10,0,10,35,11,46,1,0,1,9,15,24,0,0,0,0,0,0,344,205,549,2022-07-31T22:00:00Z
12,309,Oriovac,289,276,565,43,21,64,21,12,33,2,3,5,73,53,126,0,0,0,1,2,3,429,367,796,2022-07-31T22:00:00Z
12,338,Podcrkavlje,34,32,66,15,2,17,7,3,10,0,1,1,20,7,27,0,0,0,0,0,0,76,45,121,2022-07-31T22:00:00Z
12,372,Rešetari,205,203,408,39,8,47,18,7,25,3,1,4,85,46,131,0,0,0,0,0,0,350,265,615,2022-07-31T22:00:00Z
12,388,Sibinj,138,198,336,60,21,81,18,2,20,0,0,0,69,39,108,0,0,0,2,3,5,287,263,550,2022-07-31T22:00:00Z
12,39,Brodski Stupnik,72,59,131,14,9,23,9,3,12,2,0,2,70,37,107,0,0,0,0,0,0,167,108,275,2022-07-31T22:00:00Z
12,396,Slavonski Brod,13708,9260,22968,635,355,990,43,29,72,78,90,168,903,954,1857,0,0,0,14,21,35,15381,10709,26090,2022-07-31T22:00:00Z
12,397,Slavonski Šamac,69,51,120,9,4,13,15,10,25,0,1,1,12,6,18,0,0,0,0,0,0,105,72,177,2022-07-31T22:00:00Z
12,412,Stara Gradiška,157,86,243,6,2,8,8,3,11,0,0,0,25,9,34,0,0,0,0,0,0,196,100,296,2022-07-31T22:00:00Z
12,418,Staro Petrovo Selo,195,112,307,32,11,43,42,17,59,1,1,2,104,53,157,0,0,0,0,2,2,374,196,570,2022-07-31T22:00:00Z
12,46,Cernik,148,179,327,37,12,49,9,6,15,4,2,6,58,27,85,0,0,0,0,1,1,256,227,483,2022-07-31T22:00:00Z
12,476,Velika Kopanica,178,105,283,29,9,38,32,17,49,1,1,2,36,27,63,0,0,0,0,2,2,276,161,437,2022-07-31T22:00:00Z
12,506,Vrbje,38,18,56,10,1,11,19,2,21,0,0,0,24,26,50,0,0,0,0,0,0,91,47,138,2022-07-31T22:00:00Z
12,514,Vrpolje,216,95,311,26,4,30,44,16,60,0,2,2,17,18,35,0,0,0,0,1,1,303,136,439,2022-07-31T22:00:00Z
12,567,Bukovlje,94,54,148,18,9,27,0,0,0,0,0,0,12,17,29,0,0,0,0,1,1,124,81,205,2022-07-31T22:00:00Z
12,568,Dragalić,29,46,75,6,0,6,6,2,8,0,0,0,5,7,12,0,0,0,0,1,1,46,56,102,2022-07-31T22:00:00Z
12,569,Gornja Vrba,362,100,462,17,4,21,1,1,2,2,1,3,27,24,51,0,0,0,0,1,1,409,131,540,2022-07-31T22:00:00Z
12,570,Sikirevci,37,43,80,21,5,26,37,16,53,0,0,0,13,10,23,0,0,0,1,2,3,109,76,185,2022-07-31T22:00:00Z
12,68,Davor,119,76,195,14,5,19,13,4,17,1,0,1,16,23,39,0,0,0,0,0,0,163,108,271,2022-07-31T22:00:00Z
12,81,Donji Andrijevci,139,115,254,24,10,34,19,5,24,0,1,1,27,12,39,0,0,0,0,2,2,209,145,354,2022-07-31T22:00:00Z
13,131,Gračac,275,270,545,21,17,38,68,30,98,2,1,3,47,46,93,0,0,0,0,2,2,413,366,779,2022-07-31T22:00:00Z
13,167,Jasenice,160,91,251,17,4,21,8,3,11,3,0,3,22,13,35,0,0,0,0,0,0,210,111,321,2022-07-31T22:00:00Z
13,17,Benkovac,1141,1060,2201,112,44,156,105,54,159,11,8,19,207,128,335,0,0,0,4,6,10,1580,1300,2880,2022-07-31T22:00:00Z
13,173,Kali,280,121,401,25,17,42,2,1,3,14,0,14,50,30,80,0,0,0,1,1,2,372,170,542,2022-07-31T22:00:00Z
13,20,Bibinje,211,198,409,64,30,94,4,1,5,2,4,6,84,95,179,0,0,0,1,2,3,366,330,696,2022-07-31T22:00:00Z
13,22,Biograd Na Moru,1267,1618,2885,171,101,272,26,13,39,18,7,25,283,330,613,0,0,0,4,3,7,1769,2072,3841,2022-07-31T22:00:00Z
13,234,Lišane Ostrovičke,28,29,57,9,4,13,0,1,1,0,0,0,10,6,16,0,0,0,0,0,0,47,40,87,2022-07-31T22:00:00Z
13,282,Nin,657,595,1252,69,20,89,9,4,13,6,2,8,104,96,200,0,0,0,3,0,3,848,717,1565,2022-07-31T22:00:00Z
13,296,Obrovac,370,232,602,44,16,60,32,8,40,4,3,7,31,50,81,0,0,0,3,3,6,484,312,796,2022-07-31T22:00:00Z
13,316,Pag,661,579,1240,99,42,141,29,13,42,5,4,9,173,163,336,0,0,0,3,2,5,970,803,1773,2022-07-31T22:00:00Z
13,317,Pakoštane,466,444,910,94,35,129,9,13,22,8,2,10,172,133,305,0,0,0,2,1,3,751,628,1379,2022-07-31T22:00:00Z
13,320,Pašman,118,123,241,51,20,71,2,3,5,12,0,12,72,46,118,0,0,0,1,0,1,256,192,448,2022-07-31T22:00:00Z
13,344,Polača,106,67,173,18,8,26,5,2,7,2,0,2,8,17,25,0,0,0,1,2,3,140,96,236,2022-07-31T22:00:00Z
13,345,Poličnik,482,379,861,53,8,61,11,8,19,6,2,8,52,23,75,0,0,0,1,1,2,605,421,1026,2022-07-31T22:00:00Z
13,349,Posedarje,135,205,340,41,18,59,5,9,14,7,1,8,43,46,89,0,0,0,0,2,2,231,281,512,2022-07-31T22:00:00Z
13,354,Preko,307,471,778,58,14,72,6,3,9,27,2,29,74,53,127,0,0,0,2,2,4,474,545,1019,2022-07-31T22:00:00Z
13,371,Ražanac,104,109,213,33,14,47,8,5,13,8,0,8,45,32,77,0,0,0,2,0,2,200,160,360,2022-07-31T22:00:00Z
13,379,Sali,220,206,426,58,21,79,6,2,8,7,2,9,91,74,165,0,0,0,1,1,2,383,306,689,2022-07-31T22:00:00Z
13,411,Stankovci,243,134,377,32,7,39,6,3,9,1,1,2,33,15,48,0,0,0,0,2,2,315,162,477,2022-07-31T22:00:00Z
13,416,Starigrad,220,245,465,59,37,96,7,2,9,3,0,3,85,115,200,0,0,0,0,2,2,374,401,775,2022-07-31T22:00:00Z
13,425,Sukošan,447,353,800,69,24,93,12,5,17,4,2,6,70,67,137,0,0,0,1,3,4,603,454,1057,2022-07-31T22:00:00Z
13,428,Sveti Filip I Jakov,254,389,643,57,30,87,8,3,11,11,4,15,76,71,147,0,0,0,1,2,3,407,499,906,2022-07-31T22:00:00Z
13,445,Škabrnje,76,67,143,27,4,31,4,1,5,3,0,3,14,8,22,0,0,0,1,2,3,125,82,207,2022-07-31T22:00:00Z
13,489,Vir,391,355,746,67,31,98,1,2,3,2,2,4,98,98,196,0,0,0,2,1,3,561,489,1050,2022-07-31T22:00:00Z
13,520,Zadar,15412,16637,32049,1159,674,1833,42,26,68,648,211,859,1526,1603,3129,3,0,3,87,59,146,18877,19210,38087,2022-07-31T22:00:00Z
13,525,Zemunik Donji,190,276,466,19,4,23,3,2,5,1,0,1,25,10,35,0,0,0,0,1,1,238,293,531,2022-07-31T22:00:00Z
13,537,Novigrad,74,105,179,29,4,33,5,4,9,5,1,6,34,16,50,0,0,0,1,3,4,148,133,281,2022-07-31T22:00:00Z
13,571,Galovac,30,55,85,11,1,12,4,4,8,3,2,5,9,9,18,0,0,0,1,2,3,58,73,131,2022-07-31T22:00:00Z
13,572,Kukljica,60,59,119,23,2,25,1,0,1,2,1,3,51,24,75,0,0,0,1,0,1,138,86,224,2022-07-31T22:00:00Z
13,573,Povljana,63,56,119,21,8,29,4,0,4,3,0,3,22,23,45,0,0,0,0,1,1,113,88,201,2022-07-31T22:00:00Z
13,574,Privlaka,145,160,305,25,18,43,0,2,2,10,0,10,42,24,66,0,0,0,3,2,5,225,206,431,2022-07-31T22:00:00Z
13,575,Tkon,93,101,194,26,12,38,2,2,4,1,0,1,62,34,96,0,0,0,1,0,1,185,149,334,2022-07-31T22:00:00Z
13,622,Kolan,277,201,478,28,7,35,4,2,6,0,0,0,71,45,116,0,0,0,0,0,0,380,255,635,2022-07-31T22:00:00Z
13,625,Vrsi,117,63,180,19,14,33,5,5,10,15,0,15,40,42,82,0,0,0,4,2,6,200,126,326,2022-07-31T22:00:00Z
14,103,Đakovo,2861,2821,5682,483,219,702,208,93,301,30,37,67,632,571,1203,0,0,0,11,17,28,4225,3758,7983,2022-07-31T22:00:00Z
14,106,Đurđenovac,553,512,1065,41,13,54,19,15,34,0,5,5,73,48,121,0,0,0,2,0,2,688,593,1281,2022-07-31T22:00:00Z
14,110,Erdut,322,204,526,36,19,55,59,15,74,2,3,5,54,47,101,0,0,0,1,0,1,474,288,762,2022-07-31T22:00:00Z
14,111,Ernestinovo,81,176,257,4,3,7,25,8,33,2,1,3,9,13,22,0,0,0,0,1,1,121,202,323,2022-07-31T22:00:00Z
14,116,Feričanci,120,109,229,24,5,29,3,0,3,0,3,3,42,15,57,0,0,0,0,1,1,189,133,322,2022-07-31T22:00:00Z
14,124,Gorjani,119,159,278,17,5,22,14,8,22,0,0,0,12,6,18,0,0,0,0,0,0,162,178,340,2022-07-31T22:00:00Z
14,13,Beli Manastir,1092,1143,2235,88,46,134,64,34,98,10,12,22,130,109,239,0,0,0,3,1,4,1387,1345,2732,2022-07-31T22:00:00Z
14,16,Belišće,1677,657,2334,71,34,105,25,8,33,2,6,8,83,96,179,0,0,0,1,2,3,1859,803,2662,2022-07-31T22:00:00Z
14,195,Kneževi Vinogradi,219,282,501,34,7,41,33,7,40,1,1,2,64,67,131,0,0,0,1,0,1,352,364,716,2022-07-31T22:00:00Z
14,2,Antunovac,198,163,361,33,13,46,12,6,18,0,1,1,18,11,29,0,0,0,0,0,0,261,194,455,2022-07-31T22:00:00Z
14,205,Koška,193,133,326,25,6,31,29,8,37,2,4,6,31,25,56,0,0,0,1,0,1,281,176,457,2022-07-31T22:00:00Z
14,21,Bilje,290,257,547,46,23,69,19,12,31,2,4,6,62,39,101,0,0,0,0,2,2,419,337,756,2022-07-31T22:00:00Z
14,23,Bizovac,240,255,495,24,12,36,23,9,32,2,3,5,29,34,63,0,0,0,0,0,0,318,313,631,2022-07-31T22:00:00Z
14,230,Levanjska Varoš,43,30,73,2,1,3,11,8,19,0,0,0,1,3,4,0,0,0,0,0,0,57,42,99,2022-07-31T22:00:00Z
14,257,Marijanci,105,76,181,6,5,11,11,0,11,0,1,1,19,26,45,0,0,0,1,1,2,142,109,251,2022-07-31T22:00:00Z
14,271,Moslavina Podravska,21,22,43,4,2,6,15,5,20,0,0,0,15,11,26,0,0,0,0,0,0,55,40,95,2022-07-31T22:00:00Z
14,278,Našice,2180,1764,3944,176,91,267,62,30,92,21,45,66,261,234,495,0,0,0,7,9,16,2707,2173,4880,2022-07-31T22:00:00Z
14,312,Osijek,24078,22256,46334,940,670,1610,116,44,160,172,189,361,747,1105,1852,1,2,3,31,38,69,26085,24304,50389,2022-07-31T22:00:00Z
14,325,Petlovac,56,34,90,6,4,10,13,0,13,0,0,0,16,9,25,0,0,0,0,0,0,91,47,138,2022-07-31T22:00:00Z
14,327,Petrijevci,276,195,471,19,3,22,4,4,8,0,0,0,11,6,17,0,0,0,2,1,3,312,209,521,2022-07-31T22:00:00Z
14,340,Podgorač,107,68,175,25,9,34,26,5,31,1,4,5,21,41,62,0,0,0,0,0,0,180,127,307,2022-07-31T22:00:00Z
14,346,Popovac,74,44,118,2,3,5,5,4,9,1,0,1,5,3,8,0,0,0,0,0,0,87,54,141,2022-07-31T22:00:00Z
14,361,Punitovci,46,53,99,21,4,25,16,4,20,0,0,0,42,7,49,0,0,0,0,0,0,125,68,193,2022-07-31T22:00:00Z
14,381,Satnica Đakovačka,125,86,211,21,6,27,10,3,13,0,0,0,48,26,74,0,0,0,0,0,0,204,121,325,2022-07-31T22:00:00Z
14,386,Semeljci,207,197,404,43,18,61,54,24,78,1,1,2,83,39,122,0,0,0,0,2,2,388,281,669,2022-07-31T22:00:00Z
14,421,Strizivojna,315,307,622,17,8,25,18,3,21,0,0,0,23,10,33,0,0,0,1,1,2,374,329,703,2022-07-31T22:00:00Z
14,461,Trnava,54,57,111,6,2,8,13,7,20,0,0,0,12,3,15,0,0,0,0,0,0,85,69,154,2022-07-31T22:00:00Z
14,471,Valpovo,842,1064,1906,80,59,139,49,19,68,13,19,32,84,113,197,0,0,0,8,5,13,1076,1279,2355,2022-07-31T22:00:00Z
14,485,Viljevo,53,51,104,9,0,9,20,4,24,0,0,0,18,9,27,0,0,0,0,1,1,100,65,165,2022-07-31T22:00:00Z
14,494,Viškovci,222,213,435,23,5,28,16,5,21,0,0,0,19,4,23,0,0,0,1,0,1,281,227,508,2022-07-31T22:00:00Z
14,517,Vuka,35,48,83,16,2,18,14,4,18,0,0,0,18,10,28,0,0,0,0,0,0,83,64,147,2022-07-31T22:00:00Z
14,576,Donja Motičina,24,12,36,9,3,12,1,1,2,0,0,0,17,9,26,0,0,0,0,0,0,51,25,76,2022-07-31T22:00:00Z
14,578,Magadenovac,98,105,203,5,3,8,24,10,34,0,1,1,18,20,38,0,0,0,0,0,0,145,139,284,2022-07-31T22:00:00Z
14,579,Vladislavci,124,95,219,3,0,3,6,5,11,0,0,0,8,4,12,0,0,0,0,0,0,141,104,245,2022-07-31T22:00:00Z
14,609,Jagodnjak,134,71,205,8,2,10,25,6,31,0,0,0,10,5,15,0,0,0,0,0,0,177,84,261,2022-07-31T22:00:00Z
14,614,Šodolovci,29,11,40,0,0,0,0,0,0,0,0,0,8,4,12,0,0,0,0,0,0,37,15,52,2022-07-31T22:00:00Z
14,64,Čeminac,68,79,147,12,0,12,4,2,6,0,0,0,22,11,33,0,0,0,0,0,0,106,92,198,2022-07-31T22:00:00Z
14,65,Čepin,713,494,1207,99,35,134,59,30,89,5,7,12,112,98,210,0,0,0,2,1,3,990,665,1655,2022-07-31T22:00:00Z
14,66,Darda,1748,845,2593,57,32,89,36,4,40,2,4,6,59,52,111,0,0,0,1,1,2,1903,938,2841,2022-07-31T22:00:00Z
14,86,Donji Miholjac,1176,995,2171,91,56,147,161,37,198,4,16,20,156,114,270,0,0,0,3,3,6,1591,1221,2812,2022-07-31T22:00:00Z
14,91,Draž,88,104,192,12,3,15,15,4,19,0,0,0,8,9,17,0,0,0,0,1,1,123,121,244,2022-07-31T22:00:00Z
14,94,Drenje,98,91,189,30,5,35,44,14,58,0,0,0,16,15,31,0,0,0,0,0,0,188,125,313,2022-07-31T22:00:00Z
15,113,Ervenik,55,46,101,3,0,3,4,1,5,0,0,0,4,1,5,0,0,0,0,0,0,66,48,114,2022-07-31T22:00:00Z
15,183,Kijevo,31,31,62,2,0,2,0,0,0,0,0,0,1,0,1,0,0,0,0,0,0,34,31,65,2022-07-31T22:00:00Z
15,184,Kistanje,66,66,132,35,8,43,1,2,3,1,0,1,34,20,54,0,0,0,0,0,0,137,96,233,2022-07-31T22:00:00Z
15,196,Knin,1344,1392,2736,131,71,202,64,16,80,35,6,41,156,150,306,0,0,0,2,2,4,1732,1637,3369,2022-07-31T22:00:00Z
15,298,Promina,118,82,200,1,1,2,1,2,3,0,0,0,1,2,3,0,0,0,0,0,0,121,87,208,2022-07-31T22:00:00Z
15,310,Biskupija,104,18,122,1,0,1,2,0,2,1,0,1,0,0,0,0,0,0,0,0,0,108,18,126,2022-07-31T22:00:00Z
15,357,Primošten,344,384,728,126,48,174,7,1,8,5,1,6,184,144,328,0,1,1,2,2,4,668,581,1249,2022-07-31T22:00:00Z
15,377,Ružić,31,24,55,4,2,6,6,5,11,0,0,0,4,8,12,0,0,0,0,0,0,45,39,84,2022-07-31T22:00:00Z
15,394,Skradin,146,168,314,54,19,73,19,9,28,2,2,4,61,66,127,0,0,0,0,0,0,282,264,546,2022-07-31T22:00:00Z
15,444,Šibenik,8435,8853,17288,693,404,1097,35,13,48,196,100,296,728,833,1561,0,0,0,10,21,31,10097,10224,20321,2022-07-31T22:00:00Z
15,454,Tisno,406,350,756,126,58,184,4,0,4,8,3,11,133,121,254,0,0,0,0,3,3,677,535,1212,2022-07-31T22:00:00Z
15,469,Unešić,49,43,92,10,0,10,4,1,5,1,0,1,14,6,20,0,0,0,0,0,0,78,50,128,2022-07-31T22:00:00Z
15,500,Vodice,1050,1285,2335,320,144,464,13,2,15,10,7,17,328,284,612,0,0,0,5,4,9,1726,1726,3452,2022-07-31T22:00:00Z
15,51,Civljane,52,10,62,1,2,3,0,0,0,0,0,0,3,3,6,0,0,0,0,0,0,56,15,71,2022-07-31T22:00:00Z
15,581,Pirovac,162,180,342,44,32,76,6,3,9,2,2,4,70,79,149,0,0,0,0,0,0,284,296,580,2022-07-31T22:00:00Z
15,582,Rogoznica,314,289,603,65,24,89,1,1,2,9,1,10,91,91,182,0,0,0,0,0,0,480,406,886,2022-07-31T22:00:00Z
15,617,Murter,404,384,788,86,49,135,3,1,4,20,3,23,203,153,356,0,0,0,1,0,1,717,590,1307,2022-07-31T22:00:00Z
15,621,Bilice,95,45,140,26,7,33,0,0,0,5,0,5,27,18,45,0,0,0,0,0,0,153,70,223,2022-07-31T22:00:00Z
15,626,Tribunj,109,102,211,30,18,48,1,0,1,4,0,4,82,62,144,0,0,0,0,0,0,226,182,408,2022-07-31T22:00:00Z
15,95,Drniš,936,639,1575,69,55,124,54,17,71,9,7,16,99,92,191,0,0,0,0,1,1,1167,811,1978,2022-07-31T22:00:00Z
16,1,Andrijaševci,80,106,186,25,13,38,12,6,18,1,1,2,38,30,68,0,0,0,0,3,3,156,159,315,2022-07-31T22:00:00Z
16,137,Gradište,80,96,176,17,4,21,30,4,34,0,1,1,18,17,35,0,0,0,0,1,1,145,123,268,2022-07-31T22:00:00Z
16,141,Gunja,240,115,355,27,10,37,49,14,63,1,0,1,38,7,45,0,0,0,1,3,4,356,149,505,2022-07-31T22:00:00Z
16,154,Ilok,481,530,1011,74,26,100,46,16,62,1,3,4,111,93,204,0,0,0,0,1,1,713,669,1382,2022-07-31T22:00:00Z
16,159,Ivankovo,336,437,773,72,30,102,50,14,64,2,5,7,122,80,202,0,0,0,3,3,6,585,569,1154,2022-07-31T22:00:00Z
16,166,Jarmina,25,73,98,15,9,24,30,12,42,0,1,1,27,18,45,0,0,0,0,4,4,97,117,214,2022-07-31T22:00:00Z
16,239,Lovas,60,57,117,6,0,6,15,0,15,0,0,0,4,5,9,0,0,0,0,0,0,85,62,147,2022-07-31T22:00:00Z
16,26,Bogdanovci,33,19,52,3,0,3,7,5,12,0,0,0,16,7,23,0,0,0,0,0,0,59,31,90,2022-07-31T22:00:00Z
16,29,Borovo,69,97,166,48,15,63,25,4,29,1,3,4,63,76,139,0,0,0,1,1,2,207,196,403,2022-07-31T22:00:00Z
16,294,Nuštar,249,284,533,34,19,53,26,5,31,1,2,3,42,25,67,0,0,0,1,0,1,353,335,688,2022-07-31T22:00:00Z
16,295,Nijemci,198,193,391,24,7,31,87,24,111,0,1,1,56,36,92,0,0,0,0,2,2,365,263,628,2022-07-31T22:00:00Z
16,3,Babina Greda,173,182,355,32,14,46,81,26,107,3,0,3,32,42,74,0,0,0,1,0,1,322,264,586,2022-07-31T22:00:00Z
16,32,Bošnjaci,121,106,227,23,6,29,35,5,40,3,0,3,32,37,69,0,0,0,0,0,0,214,154,368,2022-07-31T22:00:00Z
16,414,Stari Jankovci,148,117,265,23,4,27,41,9,50,1,0,1,26,18,44,0,0,0,0,1,1,239,149,388,2022-07-31T22:00:00Z
16,415,Stari Mikanovci,98,122,220,20,10,30,24,12,36,3,1,4,33,39,72,0,0,0,0,0,0,178,184,362,2022-07-31T22:00:00Z
16,44,Cerna,433,215,648,41,26,67,54,19,73,1,1,2,71,66,137,0,0,0,1,1,2,601,328,929,2022-07-31T22:00:00Z
16,456,Tompojevci,24,38,62,15,5,20,38,10,48,0,0,0,15,11,26,0,0,0,1,0,1,93,64,157,2022-07-31T22:00:00Z
16,458,Tordinci,107,88,195,7,2,9,10,0,10,1,0,1,6,12,18,0,0,0,0,0,0,131,102,233,2022-07-31T22:00:00Z
16,459,Tovarnik,152,122,274,20,3,23,48,24,72,1,1,2,8,17,25,0,0,0,0,1,1,229,168,397,2022-07-31T22:00:00Z
16,464,Trpinja,109,189,298,26,10,36,83,15,98,2,0,2,38,22,60,0,0,0,1,1,2,259,237,496,2022-07-31T22:00:00Z
16,487,Vinkovci,8132,6371,14503,306,194,500,49,23,72,56,49,105,446,646,1092,1,0,1,10,16,26,9000,7299,16299,2022-07-31T22:00:00Z
16,505,Vrbanja,290,125,415,29,12,41,67,19,86,2,1,3,32,30,62,0,0,0,0,1,1,420,188,608,2022-07-31T22:00:00Z
16,518,Vukovar,4426,4494,8920,288,146,434,96,43,139,21,26,47,431,404,835,0,0,0,2,6,8,5264,5119,10383,2022-07-31T22:00:00Z
16,534,Županja,2003,1435,3438,141,57,198,38,16,54,20,20,40,172,191,363,1,0,1,4,5,9,2379,1724,4103,2022-07-31T22:00:00Z
16,535,Otok (Vinkovci),397,285,682,35,19,54,59,12,71,6,1,7,75,62,137,0,0,0,0,3,3,572,382,954,2022-07-31T22:00:00Z
16,583,Privlaka,99,77,176,19,5,24,22,8,30,0,2,2,14,17,31,0,0,0,1,0,1,155,109,264,2022-07-31T22:00:00Z
16,584,Vođinci,45,154,199,14,2,16,7,5,12,0,1,1,12,15,27,0,0,0,0,1,1,78,178,256,2022-07-31T22:00:00Z
16,610,Markušica,41,50,91,11,4,15,50,15,65,0,1,1,11,12,23,0,0,0,1,0,1,114,82,196,2022-07-31T22:00:00Z
16,612,Negoslavci,27,13,40,5,1,6,12,3,15,1,0,1,14,12,26,0,0,0,0,0,0,59,29,88,2022-07-31T22:00:00Z
16,628,Štitar,70,62,132,6,1,7,14,3,17,0,0,0,10,6,16,0,0,0,0,0,0,100,72,172,2022-07-31T22:00:00Z
16,92,Drenovci,102,147,249,39,5,44,109,40,149,2,1,3,53,49,102,0,0,0,0,1,1,305,243,548,2022-07-31T22:00:00Z
17,100,Dugi Rat,871,782,1653,100,47,147,1,3,4,32,6,38,279,179,458,0,0,0,2,2,4,1285,1019,2304,2022-07-31T22:00:00Z
17,134,Gradac,248,331,579,83,42,125,4,1,5,3,1,4,146,193,339,0,0,0,1,1,2,485,569,1054,2022-07-31T22:00:00Z
17,148,Hrvace,297,207,504,44,21,65,9,7,16,1,4,5,57,39,96,0,0,0,2,2,4,410,280,690,2022-07-31T22:00:00Z
17,153,Hvar,1229,1089,2318,249,112,361,16,10,26,16,6,22,493,423,916,3,0,3,3,9,12,2009,1649,3658,2022-07-31T22:00:00Z
17,155,Imotski,1356,1333,2689,176,98,274,12,7,19,29,14,43,130,177,307,0,0,0,9,7,16,1712,1636,3348,2022-07-31T22:00:00Z
17,171,Jelsa,447,412,859,119,42,161,36,14,50,9,1,10,242,165,407,0,0,0,1,3,4,854,637,1491,2022-07-31T22:00:00Z
17,181,Kaštela,3741,3933,7674,522,260,782,23,15,38,134,37,171,564,593,1157,0,0,0,27,24,51,5011,4862,9873,2022-07-31T22:00:00Z
17,192,Klis,227,178,405,32,8,40,7,3,10,22,1,23,54,27,81,0,0,0,0,3,3,342,220,562,2022-07-31T22:00:00Z
17,197,Komiža,207,183,390,72,22,94,4,1,5,2,2,4,63,68,131,0,0,0,0,1,1,348,277,625,2022-07-31T22:00:00Z
17,243,Lovreć,133,80,213,16,8,24,4,0,4,1,0,1,37,12,49,0,0,0,2,4,6,193,104,297,2022-07-31T22:00:00Z
17,249,Makarska,3001,3159,6160,348,207,555,2,1,3,52,30,82,623,620,1243,1,0,1,5,2,7,4032,4019,8051,2022-07-31T22:00:00Z
17,258,Marina,235,292,527,67,36,103,4,5,9,15,2,17,72,80,152,1,0,1,2,0,2,396,415,811,2022-07-31T22:00:00Z
17,267,Milna,111,100,211,30,7,37,7,2,9,5,0,5,62,61,123,0,0,0,3,1,4,218,171,389,2022-07-31T22:00:00Z
17,27,Bol,562,621,1183,81,32,113,3,2,5,5,2,7,166,102,268,0,0,0,1,1,2,818,760,1578,2022-07-31T22:00:00Z
17,280,Nerežišća,143,60,203,16,3,19,3,2,5,1,0,1,37,22,59,0,0,0,1,0,1,201,87,288,2022-07-31T22:00:00Z
17,300,Omiš,1622,1744,3366,281,134,415,12,6,18,47,16,63,463,430,893,0,0,0,3,4,7,2428,2334,4762,2022-07-31T22:00:00Z
17,314,Otok,182,201,383,63,21,84,11,0,11,5,1,6,79,54,133,0,0,0,1,1,2,341,278,619,2022-07-31T22:00:00Z
17,337,Podbablje,277,179,456,36,5,41,6,0,6,3,1,4,14,33,47,0,0,0,0,2,2,336,220,556,2022-07-31T22:00:00Z
17,339,Podgora,409,356,765,105,38,143,1,1,2,1,0,1,192,155,347,0,0,0,2,1,3,710,551,1261,2022-07-31T22:00:00Z
17,341,Podstrana,933,815,1748,69,25,94,17,3,20,41,4,45,77,107,184,1,0,1,4,3,7,1142,957,2099,2022-07-31T22:00:00Z
17,350,Postira,303,286,589,42,22,64,9,3,12,1,3,4,22,19,41,0,0,0,0,1,1,377,334,711,2022-07-31T22:00:00Z
17,358,Pučišća,239,149,388,54,7,61,8,4,12,8,1,9,46,34,80,0,0,0,3,0,3,358,195,553,2022-07-31T22:00:00Z
17,382,Seget,610,551,1161,48,14,62,7,3,10,8,2,10,208,106,314,0,0,0,1,4,5,882,680,1562,2022-07-31T22:00:00Z
17,383,Selca,139,132,271,46,18,64,9,4,13,6,1,7,74,44,118,0,0,0,0,0,0,274,199,473,2022-07-31T22:00:00Z
17,389,Sinj,1955,1933,3888,320,151,471,58,20,78,36,41,77,310,382,692,0,0,0,5,11,16,2684,2538,5222,2022-07-31T22:00:00Z
17,406,Solin,3566,3083,6649,269,160,429,12,6,18,126,38,164,302,274,576,0,0,0,11,8,19,4286,3569,7855,2022-07-31T22:00:00Z
17,409,Split,36064,38977,75041,1669,1203,2872,68,40,108,2186,454,2640,1662,2250,3912,7,2,9,127,140,267,41783,43066,84849,2022-07-31T22:00:00Z
17,413,Stari Grad,514,473,987,71,33,104,18,14,32,5,4,9,98,85,183,0,0,0,3,6,9,709,615,1324,2022-07-31T22:00:00Z
17,423,Sućuraj,32,30,62,24,5,29,3,2,5,0,0,0,20,13,33,0,0,0,0,1,1,79,51,130,2022-07-31T22:00:00Z
17,427,Supetar,826,933,1759,141,70,211,14,6,20,23,11,34,211,195,406,0,0,0,5,2,7,1220,1217,2437,2022-07-31T22:00:00Z
17,443,Šestanovac,147,138,285,30,8,38,11,1,12,1,2,3,17,26,43,0,0,0,3,0,3,209,175,384,2022-07-31T22:00:00Z
17,447,Šolta,237,177,414,20,22,42,9,3,12,11,0,11,38,37,75,0,0,0,0,1,1,315,240,555,2022-07-31T22:00:00Z
17,460,Trilj,494,601,1095,136,34,170,18,8,26,14,2,16,103,129,232,0,0,0,0,5,5,765,779,1544,2022-07-31T22:00:00Z
17,463,Trogir,2019,2113,4132,373,206,579,13,6,19,61,39,100,522,641,1163,0,0,0,11,15,26,2999,3020,6019,2022-07-31T22:00:00Z
17,492,Vis,381,345,726,58,22,80,14,3,17,5,3,8,89,77,166,0,0,0,1,1,2,548,451,999,2022-07-31T22:00:00Z
17,50,Cista Provo,118,148,266,27,4,31,7,0,7,1,0,1,7,10,17,0,0,0,0,3,3,160,165,325,2022-07-31T22:00:00Z
17,511,Vrgorac,984,706,1690,53,25,78,26,12,38,5,5,10,41,71,112,0,0,0,2,5,7,1111,824,1935,2022-07-31T22:00:00Z
17,513,Vrlika,97,197,294,17,4,21,13,6,19,2,0,2,25,5,30,0,0,0,1,0,1,155,212,367,2022-07-31T22:00:00Z
17,522,Zagvozd,136,73,209,18,2,20,2,0,2,1,0,1,11,12,23,0,0,0,0,0,0,168,87,255,2022-07-31T22:00:00Z
17,528,Zmijavci,95,109,204,7,4,11,2,1,3,2,0,2,28,14,42,0,0,0,0,1,1,134,129,263,2022-07-31T22:00:00Z
17,585,Dugopolje,1637,889,2526,40,11,51,4,4,8,13,2,15,54,26,80,0,0,0,0,0,0,1748,932,2680,2022-07-31T22:00:00Z
17,586,Lećevica,8,27,35,5,0,5,1,1,2,1,0,1,2,0,2,0,0,0,1,0,1,18,28,46,2022-07-31T22:00:00Z
17,587,Lokvičići,33,19,52,2,0,2,2,0,2,0,0,0,1,2,3,0,0,0,1,0,1,39,21,60,2022-07-31T22:00:00Z
17,588,Okrug,201,272,473,56,27,83,2,0,2,11,4,15,210,124,334,0,0,0,2,2,4,482,429,911,2022-07-31T22:00:00Z
17,589,Prgomet,37,29,66,6,0,6,1,1,2,1,0,1,2,1,3,0,0,0,1,0,1,48,31,79,2022-07-31T22:00:00Z
17,590,Primorski Dolac,16,33,49,4,1,5,1,2,3,0,1,1,2,3,5,0,0,0,0,0,0,23,40,63,2022-07-31T22:00:00Z
17,591,Runovići,69,66,135,12,1,13,0,1,1,0,2,2,27,37,64,0,0,0,0,1,1,108,108,216,2022-07-31T22:00:00Z
17,592,Sutivan,118,114,232,16,11,27,2,1,3,11,1,12,46,33,79,0,0,0,0,1,1,193,161,354,2022-07-31T22:00:00Z
17,593,Tučepi,357,391,748,68,32,100,0,1,1,6,3,9,194,176,370,0,0,0,0,0,0,625,603,1228,2022-07-31T22:00:00Z
17,595,Zadvarje,46,32,78,8,1,9,1,1,2,0,0,0,8,3,11,0,0,0,0,0,0,63,37,100,2022-07-31T22:00:00Z
17,72,Dicmo,439,176,615,37,18,55,6,2,8,2,1,3,31,37,68,0,0,0,0,0,0,515,234,749,2022-07-31T22:00:00Z
17,77,Brela,349,359,708,59,37,96,0,1,1,2,1,3,106,131,237,0,0,0,1,1,2,517,530,1047,2022-07-31T22:00:00Z
17,87,Muć,177,182,359,20,3,23,2,4,6,4,4,8,12,8,20,0,0,0,0,1,1,215,202,417,2022-07-31T22:00:00Z
17,88,Proložac,197,174,371,15,6,21,2,4,6,0,0,0,32,22,54,0,0,0,5,1,6,251,207,458,2022-07-31T22:00:00Z
17,9,Baška Voda,381,464,845,108,73,181,1,0,1,5,2,7,170,199,369,0,0,0,0,1,1,665,739,1404,2022-07-31T22:00:00Z
18,132,Gračišće,51,25,76,28,6,34,10,3,13,0,0,0,34,7,41,0,0,0,0,0,0,123,41,164,2022-07-31T22:00:00Z
18,138,Grožnjan,29,25,54,16,3,19,12,5,17,0,0,0,16,15,31,0,0,0,0,2,2,73,50,123,2022-07-31T22:00:00Z
18,175,Kanfanar,560,222,782,33,7,40,4,0,4,1,0,1,20,15,35,0,0,0,1,1,2,619,245,864,2022-07-31T22:00:00Z
18,217,Kršan,317,277,594,49,14,63,7,3,10,2,0,2,117,54,171,0,0,0,1,4,5,493,352,845,2022-07-31T22:00:00Z
18,222,Labin,2932,2797,5729,265,141,406,18,9,27,33,35,68,334,281,615,0,0,0,8,5,13,3590,3268,6858,2022-07-31T22:00:00Z
18,223,Lanišće,14,13,27,4,0,4,2,0,2,0,0,0,11,3,14,0,0,0,1,1,2,32,17,49,2022-07-31T22:00:00Z
18,235,Ližnjan,178,136,314,17,8,25,2,0,2,4,0,4,49,47,96,0,0,0,1,0,1,251,191,442,2022-07-31T22:00:00Z
18,246,Lupoglav,203,107,310,12,4,16,5,2,7,0,1,1,14,13,27,0,0,0,0,1,1,234,128,362,2022-07-31T22:00:00Z
18,254,Marčana,152,186,338,44,12,56,3,2,5,2,1,3,41,37,78,0,0,0,1,0,1,243,238,481,2022-07-31T22:00:00Z
18,263,Medulin,939,885,1824,103,66,169,5,2,7,7,6,13,353,335,688,0,0,0,0,1,1,1407,1295,2702,2022-07-31T22:00:00Z
18,274,Motovun,109,130,239,33,17,50,22,7,29,1,1,2,52,43,95,0,0,0,0,3,3,217,201,418,2022-07-31T22:00:00Z
18,291,Novigrad,1031,1194,2225,138,64,202,15,4,19,3,9,12,206,159,365,0,0,0,1,2,3,1394,1432,2826,2022-07-31T22:00:00Z
18,304,Oprtalj,69,79,148,12,6,18,13,1,14,0,0,0,8,12,20,0,0,0,2,2,4,104,100,204,2022-07-31T22:00:00Z
18,321,Pazin,1948,1951,3899,312,125,437,55,25,80,17,22,39,307,213,520,0,0,0,3,14,17,2642,2350,4992,2022-07-31T22:00:00Z
18,330,Pićan,357,159,516,32,8,40,1,5,6,2,1,3,60,15,75,0,0,0,1,1,2,453,189,642,2022-07-31T22:00:00Z
18,348,Poreč,5985,6007,11992,730,389,1119,45,19,64,53,52,105,928,874,1802,0,1,1,9,10,19,7750,7352,15102,2022-07-31T22:00:00Z
18,359,Pula,13403,12795,26198,1304,721,2025,68,45,113,257,171,428,1100,1262,2362,0,0,0,44,52,96,16176,15046,31222,2022-07-31T22:00:00Z
18,368,Raša,281,158,439,30,10,40,1,0,1,4,1,5,51,32,83,0,0,0,1,0,1,368,201,569,2022-07-31T22:00:00Z
18,374,Rovinj,3679,4070,7749,453,257,710,26,17,43,31,36,67,838,674,1512,0,0,0,12,26,38,5039,5080,10119,2022-07-31T22:00:00Z
18,40,Brtonigla,202,138,340,41,13,54,21,9,30,1,1,2,44,67,111,0,0,0,0,2,2,309,230,539,2022-07-31T22:00:00Z
18,42,Buje,810,792,1602,102,50,152,28,12,40,6,8,14,66,69,135,0,0,0,1,2,3,1013,933,1946,2022-07-31T22:00:00Z
18,43,Buzet,1550,1070,2620,173,64,237,25,14,39,5,4,9,125,102,227,0,0,0,5,8,13,1883,1262,3145,2022-07-31T22:00:00Z
18,431,Sveti Lovreč,57,50,107,20,10,30,2,0,2,0,1,1,34,19,53,0,0,0,0,1,1,113,81,194,2022-07-31T22:00:00Z
18,432,Sveta Nedelja,169,153,322,26,6,32,7,2,9,7,0,7,46,23,69,0,0,0,3,3,6,258,187,445,2022-07-31T22:00:00Z
18,433,Sveti Petar U Šumi,169,122,291,22,4,26,3,4,7,0,0,0,15,5,20,0,0,0,1,1,2,210,136,346,2022-07-31T22:00:00Z
18,435,Svetvinčenat,127,110,237,20,6,26,2,0,2,1,1,2,28,21,49,0,0,0,0,0,0,178,138,316,2022-07-31T22:00:00Z
18,453,Tinjan,191,102,293,38,9,47,6,1,7,2,3,5,53,38,91,0,0,0,1,1,2,291,154,445,2022-07-31T22:00:00Z
18,468,Umag,3255,3000,6255,417,184,601,31,17,48,35,33,68,432,478,910,0,0,0,14,19,33,4184,3731,7915,2022-07-31T22:00:00Z
18,47,Cerovlje,122,55,177,34,2,36,4,4,8,0,0,0,29,19,48,0,0,0,0,1,1,189,81,270,2022-07-31T22:00:00Z
18,497,Višnjan,282,276,558,44,10,54,11,3,14,2,1,3,105,47,152,0,0,0,2,1,3,446,338,784,2022-07-31T22:00:00Z
18,498,Vižinada,80,53,133,28,10,38,16,6,22,1,0,1,35,36,71,0,0,0,0,0,0,160,105,265,2022-07-31T22:00:00Z
18,5,Bale,191,175,366,24,22,46,2,2,4,0,0,0,46,37,83,0,0,0,1,1,2,264,237,501,2022-07-31T22:00:00Z
18,502,Vodnjan,832,669,1501,53,24,77,10,2,12,9,3,12,100,69,169,0,1,1,0,0,0,1004,768,1772,2022-07-31T22:00:00Z
18,516,Vrsar,510,576,1086,85,39,124,3,2,5,7,1,8,254,228,482,0,0,0,1,0,1,860,846,1706,2022-07-31T22:00:00Z
18,531,Žminj,458,416,874,103,47,150,13,9,22,2,5,7,101,98,199,0,0,0,3,1,4,680,576,1256,2022-07-31T22:00:00Z
18,596,Karojba,125,177,302,32,7,39,1,1,2,0,0,0,45,8,53,0,1,1,0,0,0,203,194,397,2022-07-31T22:00:00Z
18,597,Kaštelir - Labinci,154,75,229,33,17,50,7,2,9,1,0,1,57,16,73,0,0,0,1,3,4,253,113,366,2022-07-31T22:00:00Z
18,6,Barban,248,116,364,44,6,50,12,6,18,0,1,1,24,27,51,0,0,0,2,2,4,330,158,488,2022-07-31T22:00:00Z
18,619,Fažana,391,336,727,41,25,66,0,2,2,3,4,7,100,71,171,0,0,0,0,2,2,535,440,975,2022-07-31T22:00:00Z
18,629,Funtana,235,235,470,24,15,39,1,1,2,1,0,1,125,149,274,0,0,0,1,0,1,387,400,787,2022-07-31T22:00:00Z
18,631,Tar-Vabriga,232,351,583,49,20,69,1,0,1,0,0,0,109,96,205,0,0,0,0,2,2,391,469,860,2022-07-31T22:00:00Z
19,198,Konavle,1607,1249,2856,211,81,292,20,11,31,37,7,44,139,159,298,0,0,0,7,0,7,2021,1507,3528,2022-07-31T22:00:00Z
19,204,Korčula,834,1018,1852,176,76,252,16,6,22,84,10,94,244,218,462,0,0,0,6,6,12,1360,1334,2694,2022-07-31T22:00:00Z
19,219,Kula Norinska,41,42,83,9,1,10,1,0,1,1,0,1,5,7,12,0,0,0,0,0,0,57,50,107,2022-07-31T22:00:00Z
19,226,Lastovo,89,103,192,33,11,44,1,2,3,3,0,3,27,23,50,0,0,0,2,3,5,155,142,297,2022-07-31T22:00:00Z
19,25,Blato,582,417,999,71,24,95,14,4,18,10,7,17,155,51,206,0,0,0,5,3,8,837,506,1343,2022-07-31T22:00:00Z
19,264,Metković,2154,1699,3853,187,127,314,35,23,58,43,17,60,315,281,596,0,0,0,5,11,16,2739,2158,4897,2022-07-31T22:00:00Z
19,268,Mljet,192,117,309,29,13,42,6,0,6,3,2,5,35,37,72,0,0,0,2,1,3,267,170,437,2022-07-31T22:00:00Z
19,306,Opuzen,436,371,807,33,19,52,48,22,70,5,1,6,26,35,61,0,0,0,1,0,1,549,448,997,2022-07-31T22:00:00Z
19,308,Orebić,497,493,990,100,53,153,29,8,37,35,6,41,176,175,351,0,0,0,2,14,16,839,749,1588,2022-07-31T22:00:00Z
19,335,Ploče,1372,898,2270,89,55,144,25,9,34,22,7,29,105,136,241,0,0,0,1,4,5,1614,1109,2723,2022-07-31T22:00:00Z
19,343,Pojezerje,30,29,59,4,2,6,7,0,7,0,0,0,2,4,6,0,0,0,0,0,0,43,35,78,2022-07-31T22:00:00Z
19,399,Slivno,120,47,167,15,14,29,14,5,19,0,0,0,19,29,48,0,0,0,0,0,0,168,95,263,2022-07-31T22:00:00Z
19,402,Smokvica,47,90,137,16,5,21,17,4,21,11,0,11,39,14,53,0,0,0,3,0,3,133,113,246,2022-07-31T22:00:00Z
19,419,Ston,501,252,753,61,19,80,19,4,23,11,1,12,56,41,97,0,0,0,1,2,3,649,319,968,2022-07-31T22:00:00Z
19,474,Vela Luka,330,576,906,72,27,99,8,1,9,35,4,39,113,82,195,0,0,0,3,5,8,561,695,1256,2022-07-31T22:00:00Z
19,523,Zažablje,12,8,20,3,0,3,4,2,6,1,1,2,11,2,13,0,0,0,0,0,0,31,13,44,2022-07-31T22:00:00Z
19,598,Dubrovačko Primorje,187,153,340,27,8,35,4,5,9,2,3,5,53,38,91,0,0,0,0,3,3,273,210,483,2022-07-31T22:00:00Z
19,599,Janjina,58,64,122,11,6,17,10,2,12,2,1,3,18,16,34,0,0,0,3,1,4,102,90,192,2022-07-31T22:00:00Z
19,600,Lumbarda,64,72,136,46,19,65,11,2,13,6,0,6,52,56,108,0,0,0,3,3,6,182,152,334,2022-07-31T22:00:00Z
19,601,Trpanj,75,71,146,16,9,25,3,1,4,2,1,3,34,17,51,0,0,0,2,1,3,132,100,232,2022-07-31T22:00:00Z
19,602,Župa Dubrovačka,811,826,1637,135,67,202,3,7,10,50,3,53,87,103,190,0,0,0,5,4,9,1091,1010,2101,2022-07-31T22:00:00Z
19,98,Dubrovnik,11713,12025,23738,820,444,1264,28,17,45,429,77,506,882,843,1725,1,0,1,42,59,101,13915,13465,27380,2022-07-31T22:00:00Z
20,123,Goričan,324,163,487,7,4,11,8,2,10,0,2,2,11,13,24,0,0,0,0,0,0,350,184,534,2022-07-31T22:00:00Z
20,15,Belica,199,205,404,28,16,44,59,37,96,1,1,2,24,36,60,0,0,0,1,1,2,312,296,608,2022-07-31T22:00:00Z
20,206,Kotoriba,511,272,783,10,4,14,7,0,7,0,5,5,11,12,23,0,0,0,0,0,0,539,293,832,2022-07-31T22:00:00Z
20,250,Mala Subotica,514,1065,1579,25,17,42,36,15,51,2,6,8,24,28,52,0,0,0,0,4,4,601,1135,1736,2022-07-31T22:00:00Z
20,276,Mursko Središće,777,772,1549,49,24,73,13,7,20,2,6,8,50,58,108,0,0,0,2,3,5,893,870,1763,2022-07-31T22:00:00Z
20,279,Nedelišće,1430,777,2207,97,46,143,41,20,61,1,6,7,134,66,200,0,0,0,2,6,8,1705,921,2626,2022-07-31T22:00:00Z
20,342,Podturen,223,105,328,21,8,29,17,13,30,1,2,3,50,34,84,0,0,0,0,3,3,312,165,477,2022-07-31T22:00:00Z
20,355,Prelog,2418,1649,4067,63,21,84,52,29,81,9,11,20,72,59,131,0,0,0,2,6,8,2616,1775,4391,2022-07-31T22:00:00Z
20,385,Selnica,140,134,274,10,10,20,8,4,12,1,1,2,16,14,30,0,0,0,0,3,3,175,166,341,2022-07-31T22:00:00Z
20,440,Sveti Juraj Na Bregu,274,191,465,27,15,42,12,8,20,2,2,4,35,48,83,0,0,0,0,0,0,350,264,614,2022-07-31T22:00:00Z
20,441,Sveti Martin Na Muri,569,343,912,17,11,28,8,5,13,0,3,3,32,34,66,0,0,0,1,0,1,627,396,1023,2022-07-31T22:00:00Z
20,452,Štrigova,330,201,531,25,10,35,39,20,59,2,1,3,64,60,124,0,0,0,0,2,2,460,294,754,2022-07-31T22:00:00Z
20,504,Vratišinec,134,96,230,8,2,10,11,2,13,1,2,3,6,7,13,0,0,0,1,1,2,161,110,271,2022-07-31T22:00:00Z
20,60,Čakovec,9964,8962,18926,255,138,393,63,25,88,34,59,93,271,341,612,0,0,0,6,15,21,10593,9540,20133,2022-07-31T22:00:00Z
20,603,Dekanovec,89,86,175,4,1,5,6,5,11,0,0,0,5,2,7,0,0,0,0,1,1,104,95,199,2022-07-31T22:00:00Z
20,604,Gornji Mihaljevec,116,62,178,13,2,15,24,9,33,2,1,3,25,14,39,0,0,0,1,0,1,181,88,269,2022-07-31T22:00:00Z
20,605,Orehovica,178,129,307,16,3,19,29,11,40,1,2,3,48,23,71,0,0,0,0,4,4,272,172,444,2022-07-31T22:00:00Z
20,606,Strahoninec,252,159,411,12,4,16,3,2,5,0,2,2,36,13,49,0,0,0,0,2,2,303,182,485,2022-07-31T22:00:00Z
20,607,Sveta Marija,59,92,151,13,3,16,6,0,6,1,1,2,20,5,25,0,0,0,0,1,1,99,102,201,2022-07-31T22:00:00Z
20,608,Šenkovec,517,254,771,18,10,28,2,1,3,0,1,1,29,26,55,0,0,0,1,2,3,567,294,861,2022-07-31T22:00:00Z
20,620,Pribislavec,366,220,586,12,6,18,3,1,4,2,1,3,11,12,23,0,0,0,0,1,1,394,241,635,2022-07-31T22:00:00Z
20,75,Domašinec,249,109,358,8,9,17,20,16,36,0,1,1,17,11,28,0,0,0,2,3,5,296,149,445,2022-07-31T22:00:00Z
20,78,Donja Dubrava,200,225,425,14,5,19,5,3,8,0,1,1,11,11,22,0,0,0,0,0,0,230,245,475,2022-07-31T22:00:00Z
20,82,Donji Kraljevec,1385,626,2011,42,14,56,50,20,70,3,6,9,86,120,206,0,0,0,3,9,12,1569,795,2364,2022-07-31T22:00:00Z
20,89,Donji Vidovec,52,79,131,4,1,5,2,0,2,1,2,3,3,16,19,0,0,0,0,0,0,62,98,160,2022-07-31T22:00:00Z
21,133,Zagreb,230227,208319,438546,8018,5773,13791,300,178,478,2211,2070,4281,5421,6872,12293,21,7,28,331,522,853,246529,223741,470270,2022-07-31T22:00:00Z
01,101,Dugo Selo,3120,2030,5150,232,118,350,28,23,51,27,27,54,252,253,505,0,0,0,6,19,25,3665,2470,6135,2022-08-31T22:00:00Z
01,114,Farkaševac,151,215,366,8,3,11,27,10,37,0,2,2,37,20,57,0,0,0,1,0,1,224,250,474,2022-08-31T22:00:00Z
01,135,Gradec,140,134,274,15,1,16,11,7,18,0,1,1,41,17,58,0,0,0,0,1,1,207,161,368,2022-08-31T22:00:00Z
01,158,Ivanić-Grad,3109,1712,4821,104,76,180,48,33,81,10,20,30,139,183,322,1,0,1,9,10,19,3420,2034,5454,2022-08-31T22:00:00Z
01,163,Jakovlje,346,282,628,40,8,48,9,8,17,3,0,3,40,35,75,0,0,0,0,0,0,438,333,771,2022-08-31T22:00:00Z
01,169,Jastrebarsko,2285,1719,4004,231,110,341,51,38,89,17,19,36,262,240,502,0,0,0,5,7,12,2851,2133,4984,2022-08-31T22:00:00Z
01,190,Klinča Selo,214,181,395,39,10,49,5,3,8,0,0,0,65,48,113,0,0,0,0,0,0,323,242,565,2022-08-31T22:00:00Z
01,193,Kloštar Ivanić,396,316,712,25,7,32,19,6,25,2,10,12,51,35,86,1,0,1,4,2,6,498,376,874,2022-08-31T22:00:00Z
01,213,Križ,639,439,1078,24,21,45,19,13,32,5,5,10,23,56,79,0,0,0,2,2,4,712,536,1248,2022-08-31T22:00:00Z
01,33,Brckovljani,320,372,692,7,5,12,0,0,0,3,2,5,27,19,46,0,0,0,0,0,0,357,398,755,2022-08-31T22:00:00Z
01,331,Pisarovina,388,298,686,26,26,52,23,17,40,1,2,3,26,32,58,0,0,0,2,3,5,466,378,844,2022-08-31T22:00:00Z
01,34,Brdovec,867,760,1627,98,39,137,15,7,22,2,5,7,85,64,149,0,0,0,5,2,7,1072,877,1949,2022-08-31T22:00:00Z
01,356,Preseka,16,9,25,6,2,8,12,11,23,0,1,1,16,5,21,0,0,0,1,0,1,51,28,79,2022-08-31T22:00:00Z
01,362,Pušča,141,194,335,26,12,38,7,2,9,2,3,5,53,24,77,0,0,0,0,0,0,229,235,464,2022-08-31T22:00:00Z
01,376,Rugvica,1351,508,1859,8,5,13,3,2,5,1,2,3,20,17,37,0,0,0,0,0,0,1383,534,1917,2022-08-31T22:00:00Z
01,380,Samobor,5482,3878,9360,522,318,840,26,20,46,43,67,110,491,483,974,2,1,3,30,23,53,6596,4790,11386,2022-08-31T22:00:00Z
01,429,Sveti Ivan Zelina,2414,1991,4405,170,68,238,67,50,117,14,21,35,256,206,462,0,0,0,4,2,6,2925,2338,5263,2022-08-31T22:00:00Z
01,436,Sveta Nedjelja,5699,3624,9323,228,92,320,6,5,11,10,11,21,358,196,554,0,0,0,9,6,15,6310,3934,10244,2022-08-31T22:00:00Z
01,508,Vrbovec,2174,2043,4217,166,72,238,91,34,125,6,19,25,291,162,453,0,0,0,7,9,16,2735,2339,5074,2022-08-31T22:00:00Z
01,533,Krašić,266,189,455,27,8,35,12,11,23,2,2,4,25,22,47,0,0,0,0,2,2,332,234,566,2022-08-31T22:00:00Z
01,536,Rakovec,34,22,56,10,2,12,8,4,12,0,1,1,19,10,29,0,0,0,0,0,0,71,39,110,2022-08-31T22:00:00Z
01,539,Marija Gorica,81,96,177,14,3,17,0,0,0,1,1,2,16,20,36,0,0,0,0,0,0,112,120,232,2022-08-31T22:00:00Z
01,540,Žumberak,19,21,40,6,1,7,5,4,9,0,0,0,4,7,11,0,0,0,0,0,0,34,33,67,2022-08-31T22:00:00Z
01,541,Velika Gorica,8220,6360,14580,637,369,1006,67,30,97,57,61,118,571,521,1092,0,0,0,15,25,40,9567,7366,16933,2022-08-31T22:00:00Z
01,542,Orle,41,36,77,16,0,16,7,4,11,0,0,0,11,3,14,0,0,0,0,0,0,75,43,118,2022-08-31T22:00:00Z
01,543,Zaprešić,3444,3017,6461,209,150,359,11,12,23,33,42,75,244,233,477,0,0,0,10,14,24,3951,3468,7419,2022-08-31T22:00:00Z
01,544,Pokupsko,40,57,97,11,6,17,13,5,18,0,0,0,7,7,14,0,0,0,0,0,0,71,75,146,2022-08-31T22:00:00Z
01,545,Kravarsko,111,86,197,36,10,46,6,6,12,0,0,0,72,16,88,0,0,0,1,1,2,226,119,345,2022-08-31T22:00:00Z
01,547,Bistra,340,509,849,49,22,71,7,5,12,1,7,8,57,43,100,1,0,1,0,2,2,455,588,1043,2022-08-31T22:00:00Z
01,548,Luka,259,101,360,15,2,17,2,3,5,1,1,2,19,22,41,0,0,0,0,0,0,296,129,425,2022-08-31T22:00:00Z
01,549,Dubravica,68,41,109,15,0,15,13,5,18,0,0,0,13,17,30,0,0,0,0,0,0,109,63,172,2022-08-31T22:00:00Z
01,550,Bedenica,223,159,382,13,4,17,5,5,10,1,1,2,13,9,22,0,0,0,0,0,0,255,178,433,2022-08-31T22:00:00Z
01,551,Stupnik,1475,557,2032,30,16,46,0,1,1,2,2,4,19,21,40,0,0,0,1,0,1,1527,597,2124,2022-08-31T22:00:00Z
01,97,Dubrava,303,329,632,47,20,67,71,44,115,4,12,16,66,72,138,0,0,0,2,4,6,493,481,974,2022-08-31T22:00:00Z
02,108,Đurmanec,118,150,268,60,18,78,2,2,4,3,1,4,112,88,200,0,0,0,1,1,2,296,260,556,2022-08-31T22:00:00Z
02,11,Bedekovčina,508,748,1256,89,39,128,7,6,13,8,7,15,121,102,223,0,0,0,3,4,7,736,906,1642,2022-08-31T22:00:00Z
02,125,Gornja Stubica,224,286,510,53,15,68,8,6,14,1,1,2,69,48,117,0,0,0,2,1,3,357,357,714,2022-08-31T22:00:00Z
02,146,Hraščina,51,46,97,8,2,10,2,3,5,0,1,1,4,6,10,0,0,0,0,0,0,65,58,123,2022-08-31T22:00:00Z
02,152,Hum Na Sutli,1534,642,2176,53,29,82,5,0,5,1,8,9,263,82,345,0,0,0,2,2,4,1858,763,2621,2022-08-31T22:00:00Z
02,187,Klanjec,288,256,544,71,25,96,12,7,19,5,1,6,67,47,114,0,0,0,1,2,3,444,338,782,2022-08-31T22:00:00Z
02,200,Konjščina,427,404,831,31,16,47,2,1,3,1,3,4,43,34,77,0,0,0,0,1,1,504,459,963,2022-08-31T22:00:00Z
02,208,Kraljevec Na Sutli,76,48,124,12,6,18,3,1,4,0,0,0,18,6,24,0,0,0,0,1,1,109,62,171,2022-08-31T22:00:00Z
02,211,Krapina,2888,2347,5235,176,96,272,9,4,13,14,18,32,174,166,340,0,0,0,1,7,8,3262,2638,5900,2022-08-31T22:00:00Z
02,212,Krapinske Toplice,603,1188,1791,66,37,103,5,6,11,0,5,5,104,70,174,0,0,0,1,1,2,779,1307,2086,2022-08-31T22:00:00Z
02,236,Lobor,165,218,383,26,8,34,3,3,6,0,0,0,33,14,47,0,0,0,1,2,3,228,245,473,2022-08-31T22:00:00Z
02,248,Mače,96,70,166,32,7,39,4,4,8,1,0,1,61,33,94,0,0,0,0,0,0,194,114,308,2022-08-31T22:00:00Z
02,256,Marija Bistrica,348,361,709,66,43,109,14,7,21,2,5,7,66,77,143,0,0,0,2,2,4,498,495,993,2022-08-31T22:00:00Z
02,265,Mihovljan,93,127,220,32,7,39,3,0,3,0,0,0,65,16,81,0,0,0,1,1,2,194,151,345,2022-08-31T22:00:00Z
02,311,Oroslavje,936,806,1742,76,36,112,11,2,13,6,8,14,94,66,160,0,0,0,4,2,6,1127,920,2047,2022-08-31T22:00:00Z
02,329,Petrovsko,84,51,135,17,3,20,1,0,1,5,0,5,61,12,73,0,0,0,1,0,1,169,66,235,2022-08-31T22:00:00Z
02,352,Pregrada,805,912,1717,112,34,146,3,5,8,6,6,12,164,103,267,0,0,0,2,1,3,1092,1061,2153,2022-08-31T22:00:00Z
02,364,Radoboj,146,102,248,16,12,28,1,1,2,0,2,2,58,22,80,0,0,0,0,0,0,221,139,360,2022-08-31T22:00:00Z
02,41,Budinščina,185,179,364,15,5,20,6,1,7,1,2,3,18,12,30,0,0,0,2,1,3,227,200,427,2022-08-31T22:00:00Z
02,422,Stubičke Toplice,255,425,680,34,18,52,0,2,2,2,5,7,64,29,93,0,0,0,1,0,1,356,479,835,2022-08-31T22:00:00Z
02,430,Sveti Križ Začretje,703,833,1536,75,22,97,10,4,14,1,5,6,143,100,243,0,0,0,4,1,5,936,965,1901,2022-08-31T22:00:00Z
02,466,Tuhelj,162,213,375,20,10,30,5,1,6,1,2,3,38,34,72,0,0,0,0,0,0,226,260,486,2022-08-31T22:00:00Z
02,481,Veliko Trgovišće,565,394,959,51,18,69,3,5,8,2,5,7,110,54,164,0,0,0,3,1,4,734,477,1211,2022-08-31T22:00:00Z
02,519,Zabok,2811,2858,5669,141,83,224,5,3,8,14,15,29,183,331,514,0,0,0,2,3,5,3156,3293,6449,2022-08-31T22:00:00Z
02,521,Zagorska Sela,6,55,61,8,1,9,6,2,8,0,1,1,16,5,21,0,0,0,0,0,0,36,64,100,2022-08-31T22:00:00Z
02,526,Zlatar,522,677,1199,97,45,142,28,14,42,7,7,14,112,90,202,0,0,0,2,1,3,768,834,1602,2022-08-31T22:00:00Z
02,527,Zlatar Bistrica,325,546,871,27,8,35,4,2,6,5,0,5,73,44,117,0,0,0,3,2,5,437,602,1039,2022-08-31T22:00:00Z
02,552,Jesenje,74,63,137,10,2,12,0,0,0,0,0,0,48,8,56,0,0,0,0,0,0,132,73,205,2022-08-31T22:00:00Z
02,553,Kumrovec,79,89,168,17,3,20,2,0,2,2,1,3,18,17,35,0,0,0,0,0,0,118,110,228,2022-08-31T22:00:00Z
02,554,Novi Golubovec,135,58,193,3,2,5,1,0,1,0,0,0,5,1,6,0,0,0,0,0,0,144,61,205,2022-08-31T22:00:00Z
02,70,Desinić,127,288,415,29,7,36,9,2,11,2,1,3,47,36,83,0,0,0,0,1,1,214,335,549,2022-08-31T22:00:00Z
02,79,Donja Stubica,886,801,1687,96,51,147,5,5,10,8,3,11,85,48,133,0,0,0,1,1,2,1081,909,1990,2022-08-31T22:00:00Z
03,102,Dvor,294,132,426,16,5,21,58,22,80,0,2,2,12,11,23,0,0,0,0,2,2,380,174,554,2022-08-31T22:00:00Z
03,121,Glina,1166,681,1847,42,22,64,58,26,84,5,10,15,69,71,140,0,0,0,0,0,0,1340,810,2150,2022-08-31T22:00:00Z
03,149,Hrvatska Dubica,74,69,143,9,2,11,12,3,15,0,0,0,6,5,11,0,0,0,0,1,1,101,80,181,2022-08-31T22:00:00Z
03,150,Hrvatska Kostajnica,311,275,586,18,9,27,8,2,10,1,3,4,13,21,34,0,0,0,3,1,4,354,311,665,2022-08-31T22:00:00Z
03,168,Jasenovac,135,130,265,13,5,18,13,4,17,0,0,0,18,11,29,0,0,0,0,1,1,179,151,330,2022-08-31T22:00:00Z
03,220,Kutina,3584,2878,6462,175,113,288,45,21,66,36,24,60,207,247,454,1,0,1,10,6,16,4058,3289,7347,2022-08-31T22:00:00Z
03,228,Lekenik,370,278,648,46,11,57,9,7,16,1,3,4,51,34,85,0,0,0,1,1,2,478,334,812,2022-08-31T22:00:00Z
03,232,Lipovljani,255,262,517,26,9,35,11,2,13,1,0,1,36,42,78,0,0,0,1,3,4,330,318,648,2022-08-31T22:00:00Z
03,259,Martinska Ves,127,56,183,10,1,11,26,14,40,3,0,3,43,14,57,0,0,0,0,1,1,209,86,295,2022-08-31T22:00:00Z
03,293,Novska,1309,1036,2345,174,99,273,33,16,49,8,18,26,254,241,495,0,0,0,5,7,12,1783,1417,3200,2022-08-31T22:00:00Z
03,328,Petrinja,1726,1707,3433,250,89,339,72,30,102,11,24,35,292,282,574,0,0,0,6,4,10,2357,2136,4493,2022-08-31T22:00:00Z
03,347,Popovača,888,1052,1940,85,45,130,49,17,66,6,10,16,101,122,223,0,0,0,5,1,6,1134,1247,2381,2022-08-31T22:00:00Z
03,391,Sisak,6989,8084,15073,392,227,619,103,60,163,43,76,119,590,584,1174,0,0,0,18,16,34,8135,9047,17182,2022-08-31T22:00:00Z
03,426,Sunja,201,166,367,26,10,36,48,30,78,1,2,3,17,22,39,0,0,0,2,0,2,295,230,525,2022-08-31T22:00:00Z
03,457,Topusko,221,341,562,15,6,21,5,2,7,4,1,5,34,24,58,0,0,0,0,0,0,279,374,653,2022-08-31T22:00:00Z
03,477,Velika Ludina,115,149,264,11,9,20,14,3,17,0,0,0,29,25,54,0,0,0,0,0,0,169,186,355,2022-08-31T22:00:00Z
03,510,Gvozd,113,85,198,11,4,15,18,4,22,0,0,0,18,12,30,0,0,0,2,1,3,162,106,268,2022-08-31T22:00:00Z
03,555,Majur,145,53,198,1,1,2,3,1,4,0,0,0,2,0,2,0,0,0,0,0,0,151,55,206,2022-08-31T22:00:00Z
03,83,Donji Kukuruzari,51,39,90,5,0,5,6,2,8,0,0,0,1,2,3,0,0,0,1,0,1,64,43,107,2022-08-31T22:00:00Z
04,120,Generalski Stol,37,66,103,21,5,26,1,0,1,0,1,1,24,13,37,0,0,0,0,0,0,83,85,168,2022-08-31T22:00:00Z
04,172,Josipdol,195,159,354,26,15,41,2,7,9,2,1,3,46,50,96,0,0,0,0,0,0,271,232,503,2022-08-31T22:00:00Z
04,179,Karlovac,10567,9017,19584,417,311,728,76,49,125,68,87,155,623,783,1406,0,0,0,17,16,33,11768,10263,22031,2022-08-31T22:00:00Z
04,216,Krnjak,147,74,221,3,2,5,5,4,9,1,0,1,9,5,14,0,0,0,0,0,0,165,85,250,2022-08-31T22:00:00Z
04,225,Lasinja,44,39,83,4,3,7,0,5,5,2,0,2,5,9,14,0,0,0,0,0,0,55,56,111,2022-08-31T22:00:00Z
04,281,Netretić,97,107,204,18,2,20,2,1,3,1,1,2,37,33,70,0,0,0,0,0,0,155,144,299,2022-08-31T22:00:00Z
04,297,Ogulin,1816,1814,3630,143,86,229,42,19,61,9,29,38,162,184,346,0,0,0,4,6,10,2176,2138,4314,2022-08-31T22:00:00Z
04,30,Bosiljevo,100,82,182,3,0,3,0,0,0,1,1,2,26,27,53,0,0,0,0,0,0,130,110,240,2022-08-31T22:00:00Z
04,315,Ozalj,775,634,1409,92,32,124,23,12,35,4,9,13,124,90,214,0,1,1,1,4,5,1019,782,1801,2022-08-31T22:00:00Z
04,333,Plaški,103,62,165,8,4,12,10,2,12,0,0,0,42,30,72,0,0,0,0,0,0,163,98,261,2022-08-31T22:00:00Z
04,365,Rakovica,161,196,357,9,11,20,3,3,6,0,0,0,80,91,171,0,0,0,1,0,1,254,301,555,2022-08-31T22:00:00Z
04,378,Saborsko,13,14,27,0,1,1,1,0,1,0,0,0,6,3,9,0,0,0,0,0,0,20,18,38,2022-08-31T22:00:00Z
04,400,Slunj,352,420,772,53,17,70,37,19,56,3,4,7,122,110,232,0,0,0,4,12,16,571,582,1153,2022-08-31T22:00:00Z
04,49,Cetingrad,64,58,122,8,0,8,2,3,5,1,0,1,6,7,13,0,0,0,0,0,0,81,68,149,2022-08-31T22:00:00Z
04,503,Vojnić,356,241,597,20,15,35,38,11,49,1,0,1,29,31,60,0,0,0,2,1,3,446,299,745,2022-08-31T22:00:00Z
04,530,Žakanje,157,105,262,26,12,38,4,1,5,0,0,0,28,27,55,0,0,0,0,1,1,215,146,361,2022-08-31T22:00:00Z
04,556,Ribnik,9,5,14,11,3,14,1,1,2,0,0,0,7,9,16,0,0,0,0,0,0,28,18,46,2022-08-31T22:00:00Z
04,557,Tounj,62,25,87,4,0,4,0,0,0,0,0,0,5,6,11,0,0,0,0,0,0,71,31,102,2022-08-31T22:00:00Z
04,623,Kamanje,161,103,264,4,1,5,0,0,0,0,0,0,2,6,8,0,0,0,0,0,0,167,110,277,2022-08-31T22:00:00Z
04,7,Barilovići,290,158,448,21,9,30,7,0,7,0,1,1,106,31,137,0,0,0,0,0,0,424,199,623,2022-08-31T22:00:00Z
04,90,Draganić,168,195,363,14,3,17,7,3,10,1,1,2,15,25,40,0,0,0,0,0,0,205,227,432,2022-08-31T22:00:00Z
04,99,Duga Resa,1248,1091,2339,135,68,203,21,20,41,5,18,23,179,208,387,0,0,0,4,7,11,1592,1412,3004,2022-08-31T22:00:00Z
05,12,Bednja,216,172,388,18,7,25,2,5,7,1,1,2,28,16,44,0,0,0,0,0,0,265,201,466,2022-08-31T22:00:00Z
05,129,Gornji Kneginec,612,1002,1614,50,31,81,9,5,14,2,7,9,67,53,120,0,0,0,3,4,7,743,1102,1845,2022-08-31T22:00:00Z
05,151,Breznički Hum,204,143,347,15,4,19,7,5,12,0,1,1,22,14,36,0,0,0,2,6,8,250,173,423,2022-08-31T22:00:00Z
05,156,Ivanec,2156,1835,3991,169,64,233,11,11,22,10,17,27,317,262,579,0,0,0,8,8,16,2671,2197,4868,2022-08-31T22:00:00Z
05,165,Jalžabet,747,1056,1803,21,4,25,12,5,17,0,3,3,36,22,58,0,0,0,0,1,1,816,1091,1907,2022-08-31T22:00:00Z
05,189,Klenovnik,158,60,218,8,4,12,0,0,0,0,0,0,22,26,48,0,0,0,2,0,2,190,90,280,2022-08-31T22:00:00Z
05,19,Beretinec,81,43,124,18,2,20,3,2,5,0,1,1,15,22,37,0,0,0,1,0,1,118,70,188,2022-08-31T22:00:00Z
05,229,Lepoglava,1364,621,1985,60,35,95,4,2,6,1,5,6,94,55,149,0,0,0,1,7,8,1524,725,2249,2022-08-31T22:00:00Z
05,244,Ludbreg,1854,1598,3452,123,59,182,58,35,93,10,13,23,205,177,382,0,0,0,3,5,8,2253,1887,4140,2022-08-31T22:00:00Z
05,247,Ljubešćica,356,169,525,26,8,34,1,0,1,1,3,4,75,21,96,0,0,0,1,0,1,460,201,661,2022-08-31T22:00:00Z
05,251,Mali Bukovec,42,82,124,12,6,18,24,15,39,0,1,1,99,35,134,0,0,0,0,1,1,177,140,317,2022-08-31T22:00:00Z
05,260,Maruševec,357,300,657,57,25,82,24,25,49,3,2,5,115,38,153,0,0,0,3,2,5,559,392,951,2022-08-31T22:00:00Z
05,289,Novi Marof,1237,1196,2433,165,68,233,14,11,25,8,15,23,298,170,468,0,0,0,7,6,13,1729,1466,3195,2022-08-31T22:00:00Z
05,326,Petrijanec,469,743,1212,25,8,33,15,9,24,1,3,4,79,82,161,0,0,0,0,1,1,589,846,1435,2022-08-31T22:00:00Z
05,36,Breznica,148,66,214,18,3,21,4,5,9,1,5,6,37,13,50,0,0,0,0,0,0,208,92,300,2022-08-31T22:00:00Z
05,410,Sračinec,282,274,556,40,14,54,2,2,4,1,6,7,87,61,148,0,0,0,0,2,2,412,359,771,2022-08-31T22:00:00Z
05,437,Sveti Đurđ,71,95,166,32,4,36,27,8,35,3,1,4,36,36,72,0,0,0,0,0,0,169,144,313,2022-08-31T22:00:00Z
05,438,Sveti Ilija,190,209,399,17,7,24,1,1,2,0,4,4,43,31,74,0,0,0,0,0,0,251,252,503,2022-08-31T22:00:00Z
05,462,Trnovec Bartolovečki,1220,1420,2640,68,19,87,16,7,23,2,4,6,302,89,391,0,0,0,2,1,3,1610,1540,3150,2022-08-31T22:00:00Z
05,472,Varaždin,16765,15488,32253,517,373,890,53,25,78,75,112,187,529,648,1177,0,0,0,26,21,47,17965,16667,34632,2022-08-31T22:00:00Z
05,473,Varaždinske Toplice,612,526,1138,44,22,66,10,5,15,3,7,10,184,52,236,0,0,0,1,1,2,854,613,1467,2022-08-31T22:00:00Z
05,48,Cestica,409,393,802,53,27,80,13,18,31,1,4,5,104,81,185,0,0,0,0,3,3,580,526,1106,2022-08-31T22:00:00Z
05,484,Vidovec,260,269,529,49,15,64,61,31,92,2,5,7,110,93,203,0,0,0,0,0,0,482,413,895,2022-08-31T22:00:00Z
05,486,Vinica,323,236,559,19,8,27,4,4,8,1,5,6,30,24,54,0,0,0,0,1,1,377,278,655,2022-08-31T22:00:00Z
05,493,Visoko,104,58,162,17,0,17,6,3,9,0,0,0,24,27,51,0,0,0,2,0,2,153,88,241,2022-08-31T22:00:00Z
05,558,Veliki Bukovec,376,258,634,5,2,7,22,10,32,0,1,1,35,27,62,0,0,0,0,0,0,438,298,736,2022-08-31T22:00:00Z
05,80,Donja Voća,80,63,143,9,1,10,5,7,12,0,1,1,27,18,45,0,0,0,0,1,1,121,91,212,2022-08-31T22:00:00Z
05,85,Donji Martijanec,349,163,512,28,6,34,19,4,23,1,1,2,49,29,78,0,0,0,0,0,0,446,203,649,2022-08-31T22:00:00Z
06,104,Đelekovec,31,48,79,20,12,32,40,11,51,0,1,1,18,12,30,0,0,0,0,0,0,109,84,193,2022-08-31T22:00:00Z
06,107,Đurđevac,1430,1305,2735,83,46,129,74,40,114,13,11,24,83,71,154,0,0,0,10,3,13,1693,1476,3169,2022-08-31T22:00:00Z
06,115,Ferdinandovac,43,86,129,11,2,13,40,33,73,1,1,2,16,8,24,0,0,0,0,0,0,111,130,241,2022-08-31T22:00:00Z
06,122,Gola,195,173,368,11,2,13,88,39,127,0,2,2,6,24,30,0,0,0,0,1,1,300,241,541,2022-08-31T22:00:00Z
06,145,Hlebine,11,32,43,2,0,2,15,4,19,1,0,1,0,7,7,0,0,0,1,1,2,30,44,74,2022-08-31T22:00:00Z
06,194,Kloštar Podravski,175,147,322,16,13,29,37,35,72,0,1,1,33,61,94,0,0,0,1,1,2,262,258,520,2022-08-31T22:00:00Z
06,201,Koprivnica,7137,7555,14692,356,209,565,60,28,88,66,68,134,394,443,837,0,2,2,11,12,23,8024,8317,16341,2022-08-31T22:00:00Z
06,202,Koprivnički Bregi,61,81,142,20,3,23,24,8,32,0,0,0,35,8,43,0,0,0,0,0,0,140,100,240,2022-08-31T22:00:00Z
06,203,Koprivnički Ivanec,70,56,126,24,5,29,24,8,32,0,0,0,16,12,28,0,0,0,0,0,0,134,81,215,2022-08-31T22:00:00Z
06,214,Križevci,3554,3747,7301,181,102,283,226,177,403,13,30,43,250,221,471,0,0,0,8,11,19,4232,4288,8520,2022-08-31T22:00:00Z
06,227,Legrad,62,88,150,16,5,21,20,6,26,0,2,2,20,21,41,0,0,0,0,0,0,118,122,240,2022-08-31T22:00:00Z
06,270,Molve,220,111,331,7,9,16,50,27,77,1,2,3,39,19,58,0,0,0,3,2,5,320,170,490,2022-08-31T22:00:00Z
06,292,Novigrad Podravski,98,155,253,10,2,12,17,11,28,0,1,1,18,17,35,0,0,0,0,1,1,143,187,330,2022-08-31T22:00:00Z
06,324,Peteranec,70,50,120,18,3,21,22,9,31,1,1,2,20,13,33,0,0,0,0,1,1,131,77,208,2022-08-31T22:00:00Z
06,366,Rasinja,53,74,127,23,4,27,53,21,74,1,0,1,20,23,43,0,0,0,1,0,1,151,122,273,2022-08-31T22:00:00Z
06,405,Sokolovac,212,93,305,16,4,20,44,15,59,5,3,8,21,9,30,0,0,0,0,0,0,298,124,422,2022-08-31T22:00:00Z
06,439,Sveti Ivan Žabno,267,192,459,42,17,59,95,60,155,2,2,4,49,65,114,0,0,0,0,1,1,455,337,792,2022-08-31T22:00:00Z
06,442,Sveti Petar Orehovec,135,127,262,28,6,34,134,122,256,0,1,1,40,22,62,0,0,0,1,0,1,338,278,616,2022-08-31T22:00:00Z
06,490,Virje,291,205,496,27,13,40,36,19,55,4,1,5,31,35,66,0,0,0,1,3,4,390,276,666,2022-08-31T22:00:00Z
06,559,Kalinovac,429,96,525,6,1,7,6,3,9,0,0,0,9,10,19,0,0,0,1,0,1,451,110,561,2022-08-31T22:00:00Z
06,560,Kalnik,43,48,91,2,4,6,20,22,42,0,1,1,8,3,11,0,0,0,0,0,0,73,78,151,2022-08-31T22:00:00Z
06,561,Novo Virje,44,37,81,2,0,2,38,27,65,0,0,0,14,6,20,0,0,0,0,0,0,98,70,168,2022-08-31T22:00:00Z
06,616,Podravske Sesvete,105,114,219,3,4,7,25,13,38,1,0,1,7,5,12,0,0,0,0,1,1,141,137,278,2022-08-31T22:00:00Z
06,618,Gornja Reka,97,94,191,6,2,8,8,6,14,0,0,0,3,3,6,0,0,0,0,0,0,114,105,219,2022-08-31T22:00:00Z
06,96,Drnje,113,108,221,12,4,16,18,9,27,0,2,2,6,10,16,0,0,0,1,0,1,150,133,283,2022-08-31T22:00:00Z
07,105,Đulovac,248,67,315,9,7,16,31,16,47,2,0,2,119,34,153,0,0,0,0,0,0,409,124,533,2022-08-31T22:00:00Z
07,119,Garešnica,1092,1101,2193,58,31,89,57,36,93,15,17,32,104,132,236,0,0,0,1,7,8,1327,1324,2651,2022-08-31T22:00:00Z
07,139,Grubišno Polje,603,546,1149,34,25,59,102,38,140,4,10,14,65,70,135,0,0,0,1,3,4,809,692,1501,2022-08-31T22:00:00Z
07,144,Hercegovac,147,147,294,19,3,22,47,17,64,1,1,2,41,36,77,0,0,0,1,2,3,256,206,462,2022-08-31T22:00:00Z
07,161,Ivanska,134,95,229,3,3,6,45,12,57,2,3,5,80,23,103,0,0,0,2,0,2,266,136,402,2022-08-31T22:00:00Z
07,176,Kapela,102,95,197,4,2,6,42,25,67,1,1,2,22,8,30,0,0,0,1,0,1,172,131,303,2022-08-31T22:00:00Z
07,18,Berek,45,45,90,7,2,9,18,15,33,0,0,0,9,7,16,0,0,0,0,0,0,79,69,148,2022-08-31T22:00:00Z
07,199,Končanica,134,98,232,9,1,10,32,15,47,0,0,0,10,11,21,0,0,0,1,0,1,186,125,311,2022-08-31T22:00:00Z
07,24,Bjelovar,7186,6917,14103,305,185,490,198,101,299,48,71,119,416,522,938,2,0,2,14,13,27,8169,7809,15978,2022-08-31T22:00:00Z
07,287,Nova Rača,93,109,202,12,3,15,73,32,105,0,2,2,32,14,46,0,0,0,0,1,1,210,161,371,2022-08-31T22:00:00Z
07,375,Rovišće,209,208,417,26,13,39,50,32,82,1,3,4,24,38,62,0,0,0,0,1,1,310,295,605,2022-08-31T22:00:00Z
07,390,Sirač,318,153,471,9,2,11,10,4,14,1,1,2,15,9,24,0,0,0,0,1,1,353,170,523,2022-08-31T22:00:00Z
07,450,Štefanje,47,66,113,7,4,11,35,12,47,0,2,2,32,23,55,0,0,0,3,0,3,124,107,231,2022-08-31T22:00:00Z
07,478,Velika Pisanica,76,68,144,5,1,6,30,14,44,1,0,1,13,8,21,0,0,0,0,0,0,125,91,216,2022-08-31T22:00:00Z
07,480,Veliki Grđevac,159,125,284,12,6,18,70,29,99,1,3,4,69,25,94,0,0,0,1,0,1,312,188,500,2022-08-31T22:00:00Z
07,483,Veliko Trojstvo,67,100,167,13,3,16,14,14,28,0,0,0,43,17,60,0,0,0,0,0,0,137,134,271,2022-08-31T22:00:00Z
07,562,Severin,60,25,85,1,0,1,16,13,29,0,0,0,14,27,41,0,0,0,0,0,0,91,65,156,2022-08-31T22:00:00Z
07,564,Šandrovac,31,46,77,3,0,3,14,8,22,1,0,1,12,6,18,0,0,0,0,0,0,61,60,121,2022-08-31T22:00:00Z
07,565,Velika Trnovitica,64,66,130,8,3,11,30,22,52,1,0,1,19,11,30,0,0,0,1,1,2,123,103,226,2022-08-31T22:00:00Z
07,566,Zrinski Topolovac,12,15,27,2,1,3,29,17,46,0,0,0,4,2,6,0,0,0,0,1,1,47,36,83,2022-08-31T22:00:00Z
07,63,Čazma,1099,791,1890,55,19,74,51,37,88,7,10,17,121,73,194,0,0,0,7,2,9,1340,932,2272,2022-08-31T22:00:00Z
07,67,Daruvar,1453,1721,3174,76,55,131,38,20,58,15,18,33,147,176,323,0,0,0,3,9,12,1732,1999,3731,2022-08-31T22:00:00Z
07,71,Dežanovac,123,75,198,10,2,12,67,32,99,0,0,0,37,16,53,0,0,0,0,1,1,237,126,363,2022-08-31T22:00:00Z
08,117,Fužine,285,186,471,18,10,28,0,2,2,3,1,4,19,21,40,0,0,0,2,0,2,327,220,547,2022-08-31T22:00:00Z
08,170,Jelenje,284,260,544,100,47,147,7,1,8,36,9,45,53,42,95,0,0,0,2,0,2,482,359,841,2022-08-31T22:00:00Z
08,180,Kastav,1155,864,2019,144,72,216,3,1,4,37,10,47,112,79,191,1,1,2,6,5,11,1458,1032,2490,2022-08-31T22:00:00Z
08,186,Klana,376,216,592,22,7,29,1,2,3,3,2,5,15,9,24,0,0,0,1,1,2,418,237,655,2022-08-31T22:00:00Z
08,209,Kraljevica,337,337,674,41,22,63,2,1,3,45,4,49,27,38,65,1,0,1,3,7,10,456,409,865,2022-08-31T22:00:00Z
08,215,Krk,2046,1474,3520,279,127,406,13,8,21,25,15,40,332,250,582,0,0,0,7,8,15,2702,1882,4584,2022-08-31T22:00:00Z
08,237,Lokve,124,84,208,14,5,19,0,1,1,0,3,3,8,8,16,0,0,0,1,0,1,147,101,248,2022-08-31T22:00:00Z
08,242,Lovran,450,639,1089,101,37,138,1,2,3,10,8,18,48,63,111,0,0,0,2,7,9,612,756,1368,2022-08-31T22:00:00Z
08,252,Mali Lošinj,1677,1730,3407,239,90,329,22,10,32,34,18,52,238,224,462,0,0,0,10,4,14,2220,2076,4296,2022-08-31T22:00:00Z
08,253,Malinska-Dubašnica,545,877,1422,150,79,229,6,9,15,11,5,16,205,205,410,0,0,0,4,5,9,921,1180,2101,2022-08-31T22:00:00Z
08,261,Matulji,1495,1089,2584,232,129,361,16,6,22,43,15,58,179,189,368,1,0,1,3,9,12,1969,1437,3406,2022-08-31T22:00:00Z
08,273,Mošćenička Draga,123,104,227,54,19,73,0,1,1,6,4,10,43,43,86,0,0,0,4,4,8,230,175,405,2022-08-31T22:00:00Z
08,275,Mrkopalj,65,51,116,13,3,16,2,0,2,1,0,1,8,8,16,0,0,0,1,0,1,90,62,152,2022-08-31T22:00:00Z
08,290,Novi Vinodolski,567,497,1064,121,58,179,7,5,12,11,7,18,129,103,232,0,0,0,2,5,7,837,675,1512,2022-08-31T22:00:00Z
08,301,Omišalj,677,505,1182,84,26,110,0,0,0,13,3,16,95,51,146,0,0,0,0,1,1,869,586,1455,2022-08-31T22:00:00Z
08,302,Opatija,2411,2934,5345,210,126,336,6,4,10,59,26,85,114,158,272,0,0,0,13,15,28,2813,3263,6076,2022-08-31T22:00:00Z
08,360,Punat,339,215,554,78,26,104,4,0,4,7,1,8,95,67,162,0,0,0,0,0,0,523,309,832,2022-08-31T22:00:00Z
08,363,Rab,1063,1294,2357,355,107,462,12,6,18,15,11,26,358,286,644,0,0,0,5,11,16,1808,1715,3523,2022-08-31T22:00:00Z
08,369,Ravna Gora,290,295,585,29,11,40,2,1,3,2,1,3,38,19,57,0,0,0,1,5,6,362,332,694,2022-08-31T22:00:00Z
08,373,Rijeka,27981,28548,56529,1301,1090,2391,19,16,35,1003,351,1354,882,1272,2154,6,3,9,86,107,193,31278,31387,62665,2022-08-31T22:00:00Z
08,38,Brod Moravice,41,31,72,9,1,10,0,0,0,0,1,1,10,2,12,0,0,0,1,0,1,61,35,96,2022-08-31T22:00:00Z
08,393,Skrad,44,45,89,4,4,8,1,1,2,1,1,2,2,5,7,0,0,0,0,1,1,52,57,109,2022-08-31T22:00:00Z
08,4,Bakar,2090,1035,3125,66,43,109,3,0,3,80,10,90,69,71,140,0,0,0,5,11,16,2313,1170,3483,2022-08-31T22:00:00Z
08,488,Vinodolska Općina,198,161,359,59,21,80,2,0,2,4,1,5,43,17,60,1,0,1,1,1,2,308,201,509,2022-08-31T22:00:00Z
08,495,Viškovo,1685,1144,2829,210,109,319,7,4,11,61,17,78,156,139,295,0,0,0,10,9,19,2129,1422,3551,2022-08-31T22:00:00Z
08,507,Vrbnik,154,112,266,37,13,50,9,3,12,1,0,1,44,41,85,0,0,0,1,1,2,246,170,416,2022-08-31T22:00:00Z
08,509,Vrbovsko,345,297,642,61,18,79,5,4,9,1,5,6,71,39,110,1,0,1,0,1,1,484,364,848,2022-08-31T22:00:00Z
08,52,Cres,567,508,1075,92,36,128,9,3,12,9,3,12,95,120,215,0,0,0,4,1,5,776,671,1447,2022-08-31T22:00:00Z
08,53,Crikvenica,1414,1843,3257,251,146,397,5,2,7,43,22,65,267,244,511,0,0,0,5,8,13,1985,2265,4250,2022-08-31T22:00:00Z
08,538,Kostrena,508,332,840,40,25,65,1,1,2,73,7,80,21,33,54,0,0,0,1,3,4,644,401,1045,2022-08-31T22:00:00Z
08,55,Čabar,321,273,594,57,18,75,7,4,11,6,0,6,150,49,199,0,0,0,0,2,2,541,346,887,2022-08-31T22:00:00Z
08,61,Čavle,684,564,1248,96,51,147,1,1,2,26,9,35,98,87,185,0,0,0,3,4,7,908,716,1624,2022-08-31T22:00:00Z
08,624,Lopar,63,39,102,42,10,52,0,1,1,1,0,1,61,61,122,0,0,0,0,2,2,167,113,280,2022-08-31T22:00:00Z
08,69,Delnice,1116,769,1885,72,50,122,5,1,6,12,12,24,84,102,186,0,0,0,1,6,7,1290,940,2230,2022-08-31T22:00:00Z
08,74,Dobrinj,176,115,291,53,25,78,1,2,3,4,1,5,102,62,164,0,0,0,1,1,2,337,206,543,2022-08-31T22:00:00Z
08,8,Baška,270,303,573,89,48,137,6,3,9,2,3,5,81,99,180,0,0,0,6,4,10,454,460,914,2022-08-31T22:00:00Z
09,130,Gospić,2272,2296,4568,100,62,162,78,46,124,11,10,21,137,161,298,0,0,0,8,8,16,2606,2583,5189,2022-08-31T22:00:00Z
09,178,Karlobag,112,110,222,13,5,18,7,1,8,2,0,2,9,3,12,0,0,0,0,1,1,143,120,263,2022-08-31T22:00:00Z
09,240,Lovinac,215,87,302,1,0,1,1,1,2,1,0,1,1,2,3,0,0,0,0,0,0,219,90,309,2022-08-31T22:00:00Z
09,288,Novalja,924,731,1655,152,46,198,23,11,34,1,6,7,183,105,288,0,0,0,1,4,5,1284,903,2187,2022-08-31T22:00:00Z
09,313,Otočac,835,910,1745,97,41,138,59,27,86,7,6,13,113,117,230,0,0,0,2,5,7,1113,1106,2219,2022-08-31T22:00:00Z
09,323,Perušić,331,274,605,24,10,34,31,18,49,0,1,1,21,21,42,0,0,0,0,1,1,407,325,732,2022-08-31T22:00:00Z
09,37,Brinje,396,228,624,23,6,29,8,6,14,0,1,1,8,17,25,0,0,0,0,2,2,435,260,695,2022-08-31T22:00:00Z
09,387,Senj,745,662,1407,100,54,154,5,5,10,12,8,20,137,147,284,0,0,0,7,5,12,1006,881,1887,2022-08-31T22:00:00Z
09,455,Plitvička Jezera,808,851,1659,48,20,68,59,17,76,3,6,9,225,172,397,0,0,0,1,0,1,1144,1066,2210,2022-08-31T22:00:00Z
09,467,Udbina,135,92,227,10,5,15,38,12,50,0,0,0,14,18,32,0,0,0,2,0,2,199,127,326,2022-08-31T22:00:00Z
09,512,Vrhovine,106,40,146,3,3,6,7,1,8,0,0,0,3,4,7,0,0,0,0,0,0,119,48,167,2022-08-31T22:00:00Z
09,84,Donji Lapac,117,74,191,7,3,10,25,7,32,0,0,0,15,6,21,0,0,0,0,0,0,164,90,254,2022-08-31T22:00:00Z
10,136,Gradina,83,99,182,14,9,23,122,50,172,2,0,2,44,30,74,0,0,0,0,1,1,265,189,454,2022-08-31T22:00:00Z
10,245,Lukač,213,110,323,14,5,19,48,16,64,1,0,1,58,37,95,0,0,0,0,0,0,334,168,502,2022-08-31T22:00:00Z
10,266,Mikleuš,66,55,121,7,2,9,14,8,22,0,0,0,13,10,23,0,0,0,0,0,0,100,75,175,2022-08-31T22:00:00Z
10,283,Nova Bukovica,44,40,84,9,5,14,36,8,44,1,0,1,22,18,40,0,0,0,1,0,1,113,71,184,2022-08-31T22:00:00Z
10,307,Orahovica,913,642,1555,72,35,107,12,3,15,10,10,20,121,116,237,0,0,0,4,3,7,1132,809,1941,2022-08-31T22:00:00Z
10,332,Pitomača,709,689,1398,88,45,133,157,88,245,1,7,8,225,179,404,0,0,0,2,1,3,1182,1009,2191,2022-08-31T22:00:00Z
10,395,Slatina,1562,1449,3011,152,76,228,139,41,180,11,21,32,181,247,428,0,0,0,3,6,9,2048,1840,3888,2022-08-31T22:00:00Z
10,407,Sopje,161,45,206,4,1,5,88,18,106,0,0,0,18,24,42,0,0,0,0,0,0,271,88,359,2022-08-31T22:00:00Z
10,424,Suhopolje,264,254,518,23,20,43,105,41,146,1,1,2,67,55,122,0,0,0,2,4,6,462,375,837,2022-08-31T22:00:00Z
10,449,Špišić Bukovica,144,152,296,22,9,31,158,59,217,1,2,3,34,54,88,0,0,0,1,1,2,360,277,637,2022-08-31T22:00:00Z
10,491,Virovitica,3860,3993,7853,189,109,298,98,26,124,33,18,51,397,363,760,1,0,1,4,10,14,4582,4519,9101,2022-08-31T22:00:00Z
10,499,Voćin,156,107,263,11,3,14,31,36,67,0,0,0,11,5,16,0,0,0,0,0,0,209,151,360,2022-08-31T22:00:00Z
10,524,Zdenci,170,95,265,9,4,13,18,8,26,0,1,1,16,14,30,0,0,0,0,2,2,213,124,337,2022-08-31T22:00:00Z
10,54,Crnac,23,28,51,14,4,18,19,7,26,0,0,0,15,13,28,0,0,0,0,0,0,71,52,123,2022-08-31T22:00:00Z
10,56,Čačinci,162,96,258,20,14,34,19,10,29,0,2,2,30,30,60,0,0,0,0,1,1,231,153,384,2022-08-31T22:00:00Z
10,57,Čađavica,115,85,200,13,8,21,67,18,85,0,0,0,50,31,81,0,0,0,0,0,0,245,142,387,2022-08-31T22:00:00Z
11,164,Jakšić,161,111,272,31,5,36,24,4,28,0,2,2,42,17,59,0,0,0,0,0,0,258,139,397,2022-08-31T22:00:00Z
11,177,Kaptol,99,89,188,16,2,18,23,3,26,0,1,1,43,6,49,0,0,0,0,1,1,181,102,283,2022-08-31T22:00:00Z
11,221,Kutjevo,544,416,960,49,18,67,67,28,95,1,2,3,79,69,148,0,0,0,5,1,6,745,534,1279,2022-08-31T22:00:00Z
11,231,Lipik,759,626,1385,41,15,56,25,17,42,2,6,8,60,54,114,0,0,0,2,0,2,889,718,1607,2022-08-31T22:00:00Z
11,318,Pakrac,651,1099,1750,83,33,116,60,18,78,13,13,26,176,94,270,0,0,0,0,2,2,983,1259,2242,2022-08-31T22:00:00Z
11,334,Pleternica,600,466,1066,80,31,111,51,11,62,5,5,10,173,122,295,0,0,0,1,7,8,910,642,1552,2022-08-31T22:00:00Z
11,35,Brestovac,122,101,223,15,3,18,14,3,17,1,1,2,28,14,42,0,0,0,0,1,1,180,123,303,2022-08-31T22:00:00Z
11,351,Požega,5189,4480,9669,317,164,481,125,41,166,40,76,116,393,353,746,0,1,1,10,20,30,6074,5135,11209,2022-08-31T22:00:00Z
11,475,Velika,319,299,618,27,17,44,22,4,26,2,3,5,53,41,94,0,0,0,0,0,0,423,364,787,2022-08-31T22:00:00Z
11,58,Čaglin,107,163,270,8,1,9,16,4,20,0,1,1,12,13,25,0,0,0,0,0,0,143,182,325,2022-08-31T22:00:00Z
12,10,Bebrina,45,52,97,13,8,21,17,5,22,2,0,2,10,10,20,0,0,0,1,0,1,88,75,163,2022-08-31T22:00:00Z
12,118,Garčin,138,170,308,31,9,40,32,18,50,0,0,0,27,29,56,0,0,0,0,0,0,228,226,454,2022-08-31T22:00:00Z
12,127,Gornji Bogićevci,50,39,89,11,2,13,11,2,13,0,0,0,18,26,44,0,0,0,0,0,0,90,69,159,2022-08-31T22:00:00Z
12,140,Gundinci,84,39,123,13,3,16,49,22,71,0,0,0,16,7,23,0,0,0,0,0,0,162,71,233,2022-08-31T22:00:00Z
12,185,Klakar,90,54,144,12,4,16,22,4,26,0,1,1,12,15,27,0,0,0,1,0,1,137,78,215,2022-08-31T22:00:00Z
12,284,Nova Gradiška,2252,2102,4354,148,97,245,26,19,45,20,20,40,274,308,582,0,0,0,3,3,6,2723,2549,5272,2022-08-31T22:00:00Z
12,285,Nova Kapela,158,187,345,26,19,45,23,7,30,2,3,5,49,52,101,0,0,0,1,1,2,259,269,528,2022-08-31T22:00:00Z
12,299,Okučani,222,155,377,31,9,40,11,2,13,0,1,1,45,23,68,0,0,0,1,2,3,310,192,502,2022-08-31T22:00:00Z
12,303,Oprisavci,287,186,473,10,0,10,36,11,47,1,0,1,10,16,26,0,0,0,0,0,0,344,213,557,2022-08-31T22:00:00Z
12,309,Oriovac,288,280,568,42,21,63,21,12,33,2,3,5,72,51,123,0,0,0,2,1,3,427,368,795,2022-08-31T22:00:00Z
12,338,Podcrkavlje,34,36,70,16,2,18,7,3,10,0,1,1,18,5,23,0,0,0,0,0,0,75,47,122,2022-08-31T22:00:00Z
12,372,Rešetari,201,204,405,40,8,48,18,7,25,3,1,4,84,46,130,0,0,0,0,0,0,346,266,612,2022-08-31T22:00:00Z
12,388,Sibinj,151,218,369,59,21,80,17,1,18,0,0,0,68,37,105,0,0,0,3,3,6,298,280,578,2022-08-31T22:00:00Z
12,39,Brodski Stupnik,74,60,134,14,9,23,9,3,12,2,0,2,71,37,108,0,0,0,0,0,0,170,109,279,2022-08-31T22:00:00Z
12,396,Slavonski Brod,13863,9371,23234,633,351,984,44,29,73,76,91,167,902,949,1851,0,0,0,12,21,33,15530,10812,26342,2022-08-31T22:00:00Z
12,397,Slavonski Šamac,64,55,119,9,4,13,15,10,25,0,1,1,12,7,19,0,0,0,0,0,0,100,77,177,2022-08-31T22:00:00Z
12,412,Stara Gradiška,155,89,244,6,2,8,8,3,11,0,0,0,24,9,33,0,0,0,0,1,1,193,104,297,2022-08-31T22:00:00Z
12,418,Staro Petrovo Selo,202,144,346,33,12,45,42,17,59,1,1,2,102,51,153,0,0,0,0,2,2,380,227,607,2022-08-31T22:00:00Z
12,46,Cernik,144,187,331,37,12,49,9,6,15,4,2,6,57,30,87,0,0,0,0,1,1,251,238,489,2022-08-31T22:00:00Z
12,476,Velika Kopanica,180,106,286,29,9,38,32,17,49,1,1,2,36,28,64,0,0,0,1,2,3,279,163,442,2022-08-31T22:00:00Z
12,506,Vrbje,41,19,60,10,1,11,18,2,20,0,0,0,23,26,49,0,0,0,0,0,0,92,48,140,2022-08-31T22:00:00Z
12,514,Vrpolje,215,109,324,26,4,30,43,16,59,0,2,2,16,16,32,0,0,0,0,2,2,300,149,449,2022-08-31T22:00:00Z
12,567,Bukovlje,98,61,159,19,9,28,0,0,0,0,0,0,12,15,27,0,0,0,0,1,1,129,86,215,2022-08-31T22:00:00Z
12,568,Dragalić,31,44,75,7,0,7,6,2,8,0,0,0,4,7,11,0,0,0,0,1,1,48,54,102,2022-08-31T22:00:00Z
12,569,Gornja Vrba,366,104,470,17,5,22,1,1,2,1,1,2,27,24,51,0,0,0,0,1,1,412,136,548,2022-08-31T22:00:00Z
12,570,Sikirevci,37,43,80,21,5,26,37,16,53,0,0,0,12,10,22,0,0,0,1,2,3,108,76,184,2022-08-31T22:00:00Z
12,68,Davor,118,84,202,15,5,20,14,4,18,1,0,1,14,24,38,0,0,0,0,0,0,162,117,279,2022-08-31T22:00:00Z
12,81,Donji Andrijevci,138,117,255,24,12,36,19,5,24,0,1,1,28,13,41,0,0,0,0,2,2,209,150,359,2022-08-31T22:00:00Z
13,131,Gračac,270,260,530,21,16,37,66,29,95,2,1,3,48,45,93,0,0,0,0,2,2,407,353,760,2022-08-31T22:00:00Z
13,167,Jasenice,161,91,252,17,3,20,8,3,11,3,0,3,17,13,30,0,0,0,0,0,0,206,110,316,2022-08-31T22:00:00Z
13,17,Benkovac,1146,1105,2251,110,40,150,105,54,159,12,8,20,211,124,335,0,0,0,4,6,10,1588,1337,2925,2022-08-31T22:00:00Z
13,173,Kali,278,118,396,26,16,42,2,1,3,10,0,10,53,31,84,0,0,0,1,1,2,370,167,537,2022-08-31T22:00:00Z
13,20,Bibinje,209,204,413,58,27,85,4,1,5,2,4,6,79,70,149,0,0,0,0,2,2,352,308,660,2022-08-31T22:00:00Z
13,22,Biograd Na Moru,1223,1569,2792,165,86,251,27,12,39,15,7,22,201,275,476,0,0,0,4,3,7,1635,1952,3587,2022-08-31T22:00:00Z
13,234,Lišane Ostrovičke,22,30,52,9,3,12,0,1,1,0,0,0,11,6,17,0,0,0,0,0,0,42,40,82,2022-08-31T22:00:00Z
13,282,Nin,602,555,1157,68,20,88,9,5,14,7,1,8,75,72,147,0,0,0,3,1,4,764,654,1418,2022-08-31T22:00:00Z
13,296,Obrovac,379,244,623,39,14,53,35,7,42,4,3,7,22,41,63,0,0,0,3,4,7,482,313,795,2022-08-31T22:00:00Z
13,316,Pag,573,508,1081,81,40,121,29,13,42,5,4,9,96,88,184,0,0,0,4,2,6,788,655,1443,2022-08-31T22:00:00Z
13,317,Pakoštane,416,409,825,81,28,109,9,13,22,8,2,10,138,90,228,0,0,0,2,1,3,654,543,1197,2022-08-31T22:00:00Z
13,320,Pašman,111,113,224,47,15,62,4,4,8,12,0,12,56,32,88,0,0,0,2,1,3,232,165,397,2022-08-31T22:00:00Z
13,344,Polača,111,67,178,18,7,25,4,2,6,4,0,4,7,17,24,0,0,0,1,2,3,145,95,240,2022-08-31T22:00:00Z
13,345,Poličnik,477,381,858,53,9,62,11,8,19,6,2,8,47,24,71,0,0,0,1,1,2,595,425,1020,2022-08-31T22:00:00Z
13,349,Posedarje,135,213,348,39,16,55,5,8,13,8,1,9,39,38,77,0,0,0,0,2,2,226,278,504,2022-08-31T22:00:00Z
13,354,Preko,285,480,765,53,14,67,5,3,8,29,4,33,52,29,81,0,0,0,1,2,3,425,532,957,2022-08-31T22:00:00Z
13,371,Ražanac,94,108,202,30,8,38,8,5,13,10,0,10,36,23,59,0,0,0,1,0,1,179,144,323,2022-08-31T22:00:00Z
13,379,Sali,186,178,364,55,17,72,5,2,7,5,2,7,64,49,113,0,0,0,1,1,2,316,249,565,2022-08-31T22:00:00Z
13,411,Stankovci,244,142,386,32,7,39,6,3,9,1,1,2,29,15,44,0,0,0,0,2,2,312,170,482,2022-08-31T22:00:00Z
13,416,Starigrad,211,214,425,54,34,88,7,3,10,1,0,1,66,91,157,0,0,0,0,2,2,339,344,683,2022-08-31T22:00:00Z
13,425,Sukošan,442,332,774,65,20,85,11,5,16,3,1,4,65,64,129,0,0,0,1,3,4,587,425,1012,2022-08-31T22:00:00Z
13,428,Sveti Filip I Jakov,229,389,618,51,23,74,8,4,12,11,4,15,55,56,111,0,0,0,1,2,3,355,478,833,2022-08-31T22:00:00Z
13,445,Škabrnje,78,69,147,27,4,31,3,1,4,3,0,3,13,9,22,0,0,0,1,2,3,125,85,210,2022-08-31T22:00:00Z
13,489,Vir,311,304,615,64,27,91,1,2,3,2,2,4,41,56,97,0,0,0,3,1,4,422,392,814,2022-08-31T22:00:00Z
13,520,Zadar,15258,16757,32015,1137,668,1805,43,27,70,676,208,884,1433,1534,2967,4,0,4,96,57,153,18647,19251,37898,2022-08-31T22:00:00Z
13,525,Zemunik Donji,189,278,467,19,5,24,3,2,5,1,0,1,25,8,33,0,0,0,0,1,1,237,294,531,2022-08-31T22:00:00Z
13,537,Novigrad,73,103,176,29,2,31,5,5,10,6,1,7,32,14,46,0,0,0,1,3,4,146,128,274,2022-08-31T22:00:00Z
13,571,Galovac,31,62,93,12,1,13,4,4,8,3,2,5,11,9,20,0,0,0,1,2,3,62,80,142,2022-08-31T22:00:00Z
13,572,Kukljica,49,53,102,20,2,22,1,0,1,2,1,3,42,13,55,0,0,0,1,0,1,115,69,184,2022-08-31T22:00:00Z
13,573,Povljana,53,47,100,20,7,27,4,0,4,3,0,3,6,12,18,0,0,0,0,1,1,86,67,153,2022-08-31T22:00:00Z
13,574,Privlaka,132,145,277,20,18,38,0,2,2,12,0,12,31,13,44,0,0,0,3,2,5,198,180,378,2022-08-31T22:00:00Z
13,575,Tkon,92,98,190,26,12,38,2,2,4,2,0,2,55,26,81,0,0,0,0,0,0,177,138,315,2022-08-31T22:00:00Z
13,622,Kolan,208,142,350,23,6,29,4,2,6,0,0,0,23,21,44,0,0,0,0,0,0,258,171,429,2022-08-31T22:00:00Z
13,625,Vrsi,109,67,176,16,9,25,5,4,9,14,0,14,27,29,56,0,0,0,4,1,5,175,110,285,2022-08-31T22:00:00Z
14,103,Đakovo,2910,2888,5798,485,218,703,207,93,300,29,37,66,623,558,1181,0,0,0,12,15,27,4266,3809,8075,2022-08-31T22:00:00Z
14,106,Đurđenovac,553,522,1075,41,12,53,19,15,34,0,5,5,73,43,116,0,0,0,2,0,2,688,597,1285,2022-08-31T22:00:00Z
14,110,Erdut,326,214,540,37,19,56,58,15,73,2,4,6,55,45,100,0,0,0,0,0,0,478,297,775,2022-08-31T22:00:00Z
14,111,Ernestinovo,77,195,272,4,3,7,25,8,33,2,1,3,10,12,22,0,0,0,0,1,1,118,220,338,2022-08-31T22:00:00Z
14,116,Feričanci,123,116,239,24,5,29,3,0,3,0,3,3,39,16,55,0,0,0,0,0,0,189,140,329,2022-08-31T22:00:00Z
14,124,Gorjani,116,159,275,17,5,22,13,8,21,0,0,0,12,6,18,0,0,0,0,0,0,158,178,336,2022-08-31T22:00:00Z
14,13,Beli Manastir,1104,1167,2271,90,47,137,66,33,99,10,12,22,129,109,238,0,0,0,3,1,4,1402,1369,2771,2022-08-31T22:00:00Z
14,16,Belišće,1670,657,2327,71,33,104,26,8,34,2,7,9,89,94,183,0,0,0,1,2,3,1859,801,2660,2022-08-31T22:00:00Z
14,195,Kneževi Vinogradi,254,282,536,34,7,41,33,7,40,1,1,2,62,67,129,0,0,0,1,1,2,385,365,750,2022-08-31T22:00:00Z
14,2,Antunovac,199,198,397,32,14,46,12,6,18,1,1,2,18,13,31,0,0,0,0,0,0,262,232,494,2022-08-31T22:00:00Z
14,205,Koška,199,141,340,25,6,31,30,7,37,2,6,8,31,25,56,0,0,0,1,0,1,288,185,473,2022-08-31T22:00:00Z
14,21,Bilje,292,304,596,46,25,71,19,12,31,2,5,7,60,40,100,0,0,0,0,1,1,419,387,806,2022-08-31T22:00:00Z
14,23,Bizovac,244,232,476,24,12,36,24,9,33,2,3,5,28,29,57,0,0,0,0,0,0,322,285,607,2022-08-31T22:00:00Z
14,230,Levanjska Varoš,41,32,73,2,1,3,10,8,18,0,0,0,1,4,5,0,0,0,0,0,0,54,45,99,2022-08-31T22:00:00Z
14,257,Marijanci,104,79,183,6,5,11,10,0,10,0,1,1,17,24,41,0,0,0,1,1,2,138,110,248,2022-08-31T22:00:00Z
14,271,Moslavina Podravska,20,23,43,4,2,6,15,5,20,0,0,0,15,11,26,0,0,0,0,0,0,54,41,95,2022-08-31T22:00:00Z
14,278,Našice,2209,1854,4063,183,92,275,63,30,93,21,44,65,257,232,489,0,0,0,7,10,17,2740,2262,5002,2022-08-31T22:00:00Z
14,312,Osijek,24190,22555,46745,952,665,1617,119,44,163,173,189,362,754,1125,1879,1,2,3,28,37,65,26217,24617,50834,2022-08-31T22:00:00Z
14,325,Petlovac,57,40,97,6,4,10,13,0,13,0,0,0,16,8,24,0,0,0,0,0,0,92,52,144,2022-08-31T22:00:00Z
14,327,Petrijevci,278,203,481,19,3,22,5,4,9,0,0,0,10,7,17,0,0,0,2,2,4,314,219,533,2022-08-31T22:00:00Z
14,340,Podgorač,107,72,179,25,9,34,26,4,30,1,3,4,22,42,64,0,0,0,0,0,0,181,130,311,2022-08-31T22:00:00Z
14,346,Popovac,63,51,114,2,3,5,5,4,9,1,0,1,5,3,8,0,0,0,0,0,0,76,61,137,2022-08-31T22:00:00Z
14,361,Punitovci,43,59,102,21,4,25,16,4,20,0,0,0,41,7,48,0,0,0,0,0,0,121,74,195,2022-08-31T22:00:00Z
14,381,Satnica Đakovačka,130,93,223,21,6,27,10,3,13,0,0,0,49,25,74,0,0,0,0,0,0,210,127,337,2022-08-31T22:00:00Z
14,386,Semeljci,200,232,432,45,16,61,54,24,78,1,1,2,85,38,123,0,0,0,0,1,1,385,312,697,2022-08-31T22:00:00Z
14,421,Strizivojna,317,314,631,17,8,25,18,3,21,0,0,0,21,12,33,0,0,0,1,1,2,374,338,712,2022-08-31T22:00:00Z
14,461,Trnava,55,56,111,6,1,7,13,7,20,0,0,0,12,3,15,0,0,0,0,0,0,86,67,153,2022-08-31T22:00:00Z
14,471,Valpovo,855,1077,1932,82,58,140,49,18,67,15,18,33,85,112,197,0,0,0,8,6,14,1094,1289,2383,2022-08-31T22:00:00Z
14,485,Viljevo,55,62,117,9,0,9,20,4,24,0,0,0,19,10,29,0,0,0,0,1,1,103,77,180,2022-08-31T22:00:00Z
14,494,Viškovci,213,213,426,24,5,29,16,5,21,0,0,0,21,4,25,0,0,0,1,0,1,275,227,502,2022-08-31T22:00:00Z
14,517,Vuka,37,70,107,16,2,18,14,4,18,0,0,0,19,10,29,0,0,0,0,0,0,86,86,172,2022-08-31T22:00:00Z
14,576,Donja Motičina,24,14,38,9,3,12,1,1,2,0,1,1,16,9,25,0,0,0,0,0,0,50,28,78,2022-08-31T22:00:00Z
14,578,Magadenovac,97,111,208,4,3,7,24,10,34,0,1,1,20,19,39,0,0,0,0,0,0,145,144,289,2022-08-31T22:00:00Z
14,579,Vladislavci,121,96,217,3,0,3,6,5,11,0,0,0,8,4,12,0,0,0,0,0,0,138,105,243,2022-08-31T22:00:00Z
14,609,Jagodnjak,119,75,194,8,2,10,25,6,31,0,0,0,11,5,16,0,0,0,0,1,1,163,89,252,2022-08-31T22:00:00Z
14,614,Šodolovci,29,13,42,0,0,0,0,0,0,0,0,0,7,4,11,0,0,0,0,0,0,36,17,53,2022-08-31T22:00:00Z
14,64,Čeminac,70,75,145,12,0,12,4,2,6,0,0,0,21,11,32,0,0,0,0,0,0,107,88,195,2022-08-31T22:00:00Z
14,65,Čepin,737,516,1253,99,38,137,59,30,89,5,7,12,107,97,204,0,0,0,2,2,4,1009,690,1699,2022-08-31T22:00:00Z
14,66,Darda,1739,856,2595,56,31,87,35,4,39,2,4,6,62,52,114,0,0,0,1,1,2,1895,948,2843,2022-08-31T22:00:00Z
14,86,Donji Miholjac,1187,1026,2213,93,56,149,160,37,197,3,17,20,156,115,271,0,0,0,3,2,5,1602,1253,2855,2022-08-31T22:00:00Z
14,91,Draž,90,101,191,12,3,15,14,4,18,0,0,0,8,10,18,0,0,0,0,1,1,124,119,243,2022-08-31T22:00:00Z
14,94,Drenje,102,91,193,30,5,35,45,12,57,0,0,0,17,15,32,0,0,0,0,0,0,194,123,317,2022-08-31T22:00:00Z
15,113,Ervenik,55,62,117,3,0,3,4,1,5,0,0,0,4,1,5,0,0,0,0,0,0,66,64,130,2022-08-31T22:00:00Z
15,183,Kijevo,32,31,63,2,0,2,0,0,0,0,0,0,0,0,0,0,0,0,0,0,0,34,31,65,2022-08-31T22:00:00Z
15,184,Kistanje,70,72,142,29,8,37,1,2,3,1,0,1,21,11,32,0,0,0,0,0,0,122,93,215,2022-08-31T22:00:00Z
15,196,Knin,1345,1462,2807,127,70,197,63,17,80,32,6,38,155,152,307,0,0,0,2,2,4,1724,1709,3433,2022-08-31T22:00:00Z
15,298,Promina,116,85,201,2,1,3,1,2,3,0,0,0,1,3,4,0,0,0,0,0,0,120,91,211,2022-08-31T22:00:00Z
15,310,Biskupija,107,24,131,1,0,1,2,0,2,1,0,1,0,0,0,0,0,0,0,0,0,111,24,135,2022-08-31T22:00:00Z
15,357,Primošten,330,362,692,118,44,162,7,2,9,6,1,7,124,110,234,0,1,1,1,2,3,586,522,1108,2022-08-31T22:00:00Z
15,377,Ružić,34,25,59,4,2,6,6,5,11,0,0,0,4,8,12,0,0,0,0,0,0,48,40,88,2022-08-31T22:00:00Z
15,394,Skradin,139,172,311,55,16,71,19,9,28,2,2,4,55,58,113,0,0,0,0,0,0,270,257,527,2022-08-31T22:00:00Z
15,444,Šibenik,8333,8797,17130,685,391,1076,36,14,50,191,102,293,672,759,1431,0,0,0,13,20,33,9930,10083,20013,2022-08-31T22:00:00Z
15,454,Tisno,381,328,709,121,51,172,4,0,4,7,2,9,94,99,193,0,0,0,0,2,2,607,482,1089,2022-08-31T22:00:00Z
15,469,Unešić,47,65,112,10,0,10,4,1,5,1,0,1,15,6,21,0,0,0,0,0,0,77,72,149,2022-08-31T22:00:00Z
15,500,Vodice,939,1170,2109,306,132,438,13,2,15,13,7,20,267,212,479,0,0,0,5,5,10,1543,1528,3071,2022-08-31T22:00:00Z
15,51,Civljane,52,9,61,1,2,3,0,0,0,0,0,0,3,3,6,0,0,0,0,0,0,56,14,70,2022-08-31T22:00:00Z
15,581,Pirovac,150,173,323,40,27,67,6,3,9,1,2,3,55,53,108,0,0,0,0,0,0,252,258,510,2022-08-31T22:00:00Z
15,582,Rogoznica,293,282,575,63,21,84,1,1,2,9,1,10,79,72,151,0,0,0,1,0,1,446,377,823,2022-08-31T22:00:00Z
15,617,Murter,330,336,666,81,44,125,3,1,4,19,3,22,157,107,264,0,0,0,2,0,2,592,491,1083,2022-08-31T22:00:00Z
15,621,Bilice,87,45,132,26,7,33,0,0,0,6,0,6,23,12,35,0,0,0,0,0,0,142,64,206,2022-08-31T22:00:00Z
15,626,Tribunj,94,93,187,26,17,43,1,0,1,5,0,5,74,49,123,0,0,0,0,0,0,200,159,359,2022-08-31T22:00:00Z
15,95,Drniš,935,655,1590,69,54,123,51,19,70,8,7,15,101,91,192,0,0,0,0,1,1,1164,827,1991,2022-08-31T22:00:00Z
16,1,Andrijaševci,79,108,187,24,13,37,12,6,18,1,1,2,38,32,70,0,0,0,0,3,3,154,163,317,2022-08-31T22:00:00Z
16,137,Gradište,82,98,180,17,4,21,30,4,34,0,1,1,16,17,33,0,0,0,0,1,1,145,125,270,2022-08-31T22:00:00Z
16,141,Gunja,207,118,325,26,10,36,48,13,61,1,0,1,41,8,49,0,0,0,1,2,3,324,151,475,2022-08-31T22:00:00Z
16,154,Ilok,480,568,1048,73,26,99,47,16,63,2,3,5,110,94,204,0,0,0,0,1,1,712,708,1420,2022-08-31T22:00:00Z
16,159,Ivankovo,331,431,762,71,29,100,51,13,64,2,5,7,127,77,204,0,0,0,3,3,6,585,558,1143,2022-08-31T22:00:00Z
16,166,Jarmina,28,73,101,16,10,26,29,12,41,0,2,2,26,16,42,0,0,0,0,4,4,99,117,216,2022-08-31T22:00:00Z
16,239,Lovas,59,56,115,7,0,7,15,0,15,0,0,0,4,5,9,0,0,0,0,0,0,85,61,146,2022-08-31T22:00:00Z
16,26,Bogdanovci,32,18,50,3,0,3,7,4,11,0,0,0,16,8,24,0,0,0,0,0,0,58,30,88,2022-08-31T22:00:00Z
16,29,Borovo,71,99,170,49,14,63,25,4,29,1,3,4,66,74,140,0,0,0,1,2,3,213,196,409,2022-08-31T22:00:00Z
16,294,Nuštar,258,299,557,33,19,52,25,5,30,2,2,4,40,25,65,0,0,0,2,0,2,360,350,710,2022-08-31T22:00:00Z
16,295,Nijemci,199,190,389,23,7,30,87,23,110,0,1,1,56,35,91,0,0,0,0,2,2,365,258,623,2022-08-31T22:00:00Z
16,3,Babina Greda,174,193,367,33,14,47,79,27,106,3,0,3,33,38,71,0,0,0,1,0,1,323,272,595,2022-08-31T22:00:00Z
16,32,Bošnjaci,122,112,234,23,6,29,33,5,38,2,0,2,32,35,67,0,0,0,0,0,0,212,158,370,2022-08-31T22:00:00Z
16,414,Stari Jankovci,164,121,285,23,4,27,41,9,50,1,0,1,26,17,43,0,0,0,0,1,1,255,152,407,2022-08-31T22:00:00Z
16,415,Stari Mikanovci,96,153,249,19,9,28,25,11,36,3,1,4,34,40,74,0,0,0,0,0,0,177,214,391,2022-08-31T22:00:00Z
16,44,Cerna,429,226,655,45,25,70,54,19,73,1,1,2,72,67,139,0,0,0,1,1,2,602,339,941,2022-08-31T22:00:00Z
16,456,Tompojevci,24,38,62,15,5,20,38,11,49,0,0,0,15,12,27,0,0,0,1,0,1,93,66,159,2022-08-31T22:00:00Z
16,458,Tordinci,107,93,200,7,2,9,10,0,10,1,0,1,6,12,18,0,0,0,0,0,0,131,107,238,2022-08-31T22:00:00Z
16,459,Tovarnik,158,129,287,18,3,21,48,23,71,1,1,2,9,16,25,0,0,0,0,1,1,234,173,407,2022-08-31T22:00:00Z
16,464,Trpinja,108,193,301,26,10,36,82,15,97,2,0,2,35,22,57,0,0,0,1,0,1,254,240,494,2022-08-31T22:00:00Z
16,487,Vinkovci,8139,6507,14646,304,192,496,46,24,70,57,49,106,455,641,1096,1,0,1,10,14,24,9012,7427,16439,2022-08-31T22:00:00Z
16,505,Vrbanja,296,132,428,29,12,41,67,19,86,2,1,3,37,32,69,0,0,0,0,1,1,431,197,628,2022-08-31T22:00:00Z
16,518,Vukovar,4484,4642,9126,286,142,428,91,43,134,21,27,48,438,421,859,0,0,0,2,7,9,5322,5282,10604,2022-08-31T22:00:00Z
16,534,Županja,2101,1504,3605,142,60,202,38,17,55,21,20,41,173,183,356,1,0,1,4,5,9,2480,1789,4269,2022-08-31T22:00:00Z
16,535,Otok (Vinkovci),393,297,690,35,19,54,59,12,71,6,1,7,73,62,135,0,0,0,0,3,3,566,394,960,2022-08-31T22:00:00Z
16,583,Privlaka,101,77,178,19,5,24,23,8,31,0,2,2,15,17,32,0,0,0,1,0,1,159,109,268,2022-08-31T22:00:00Z
16,584,Vođinci,48,162,210,14,2,16,7,5,12,0,1,1,13,14,27,0,0,0,0,0,0,82,184,266,2022-08-31T22:00:00Z
16,610,Markušica,41,53,94,11,4,15,51,14,65,0,1,1,12,12,24,0,0,0,1,0,1,116,84,200,2022-08-31T22:00:00Z
16,612,Negoslavci,27,14,41,5,1,6,12,3,15,1,0,1,15,11,26,0,0,0,0,0,0,60,29,89,2022-08-31T22:00:00Z
16,628,Štitar,71,77,148,6,1,7,14,3,17,0,0,0,10,5,15,0,0,0,0,0,0,101,86,187,2022-08-31T22:00:00Z
16,92,Drenovci,106,157,263,39,5,44,109,39,148,1,1,2,52,47,99,0,0,0,0,1,1,307,250,557,2022-08-31T22:00:00Z
17,100,Dugi Rat,877,778,1655,92,40,132,1,3,4,31,6,37,258,156,414,0,0,0,2,3,5,1261,986,2247,2022-08-31T22:00:00Z
17,134,Gradac,211,274,485,65,34,99,4,1,5,5,1,6,67,104,171,0,0,0,2,1,3,354,415,769,2022-08-31T22:00:00Z
17,148,Hrvace,302,213,515,46,20,66,8,7,15,2,3,5,57,35,92,0,0,0,1,2,3,416,280,696,2022-08-31T22:00:00Z
17,153,Hvar,1028,946,1974,245,106,351,16,10,26,16,5,21,421,342,763,3,0,3,3,8,11,1732,1417,3149,2022-08-31T22:00:00Z
17,155,Imotski,1394,1369,2763,179,97,276,12,7,19,29,14,43,124,176,300,0,0,0,8,8,16,1746,1671,3417,2022-08-31T22:00:00Z
17,171,Jelsa,417,386,803,112,37,149,36,14,50,8,1,9,188,107,295,0,0,0,1,3,4,762,548,1310,2022-08-31T22:00:00Z
17,181,Kaštela,3713,4029,7742,522,259,781,23,15,38,131,37,168,547,556,1103,0,0,0,28,24,52,4964,4920,9884,2022-08-31T22:00:00Z
17,192,Klis,236,197,433,33,7,40,7,3,10,16,1,17,54,29,83,0,0,0,0,3,3,346,240,586,2022-08-31T22:00:00Z
17,197,Komiža,188,161,349,73,22,95,4,1,5,4,2,6,53,53,106,0,0,0,0,1,1,322,240,562,2022-08-31T22:00:00Z
17,243,Lovreć,132,100,232,16,8,24,4,0,4,1,0,1,40,12,52,0,0,0,2,1,3,195,121,316,2022-08-31T22:00:00Z
17,249,Makarska,2800,3009,5809,330,200,530,3,1,4,49,31,80,459,453,912,1,0,1,5,2,7,3647,3696,7343,2022-08-31T22:00:00Z
17,258,Marina,231,298,529,65,32,97,4,5,9,12,1,13,54,62,116,1,0,1,2,0,2,369,398,767,2022-08-31T22:00:00Z
17,267,Milna,109,98,207,32,7,39,7,2,9,6,0,6,46,50,96,0,0,0,3,1,4,203,158,361,2022-08-31T22:00:00Z
17,27,Bol,499,541,1040,78,32,110,3,2,5,5,2,7,119,70,189,0,0,0,1,1,2,705,648,1353,2022-08-31T22:00:00Z
17,280,Nerežišća,144,62,206,17,3,20,3,2,5,2,0,2,36,20,56,0,0,0,1,0,1,203,87,290,2022-08-31T22:00:00Z
17,300,Omiš,1605,1738,3343,262,119,381,11,6,17,48,16,64,363,356,719,0,0,0,3,4,7,2292,2239,4531,2022-08-31T22:00:00Z
17,314,Otok,185,203,388,64,20,84,11,0,11,5,1,6,80,55,135,0,0,0,1,2,3,346,281,627,2022-08-31T22:00:00Z
17,337,Podbablje,282,187,469,37,4,41,6,0,6,3,1,4,15,29,44,0,0,0,0,3,3,343,224,567,2022-08-31T22:00:00Z
17,339,Podgora,355,319,674,89,30,119,1,1,2,0,0,0,111,92,203,0,0,0,2,1,3,558,443,1001,2022-08-31T22:00:00Z
17,341,Podstrana,913,811,1724,66,23,89,15,3,18,42,4,46,76,104,180,0,0,0,4,3,7,1116,948,2064,2022-08-31T22:00:00Z
17,350,Postira,294,284,578,42,20,62,9,2,11,1,3,4,17,15,32,0,0,0,0,2,2,363,326,689,2022-08-31T22:00:00Z
17,358,Pučišća,230,145,375,53,7,60,8,4,12,7,1,8,43,29,72,0,0,0,3,0,3,344,186,530,2022-08-31T22:00:00Z
17,382,Seget,587,538,1125,45,12,57,6,3,9,7,2,9,193,100,293,0,0,0,1,4,5,839,659,1498,2022-08-31T22:00:00Z
17,383,Selca,135,115,250,45,17,62,9,4,13,5,1,6,66,34,100,0,0,0,0,0,0,260,171,431,2022-08-31T22:00:00Z
17,389,Sinj,1985,2031,4016,327,151,478,59,20,79,42,40,82,302,370,672,0,0,0,4,10,14,2719,2622,5341,2022-08-31T22:00:00Z
17,406,Solin,3564,3161,6725,269,162,431,12,6,18,129,38,167,306,281,587,0,0,0,10,7,17,4290,3655,7945,2022-08-31T22:00:00Z
17,409,Split,35708,39455,75163,1644,1198,2842,68,40,108,2222,453,2675,1633,2206,3839,7,2,9,120,140,260,41402,43494,84896,2022-08-31T22:00:00Z
17,413,Stari Grad,476,443,919,69,33,102,18,14,32,7,4,11,81,71,152,0,0,0,3,7,10,654,572,1226,2022-08-31T22:00:00Z
17,423,Sućuraj,31,30,61,24,4,28,3,2,5,1,0,1,16,12,28,0,0,0,0,1,1,75,49,124,2022-08-31T22:00:00Z
17,427,Supetar,770,906,1676,141,70,211,14,6,20,21,10,31,169,175,344,0,0,0,5,1,6,1120,1168,2288,2022-08-31T22:00:00Z
17,443,Šestanovac,152,150,302,30,7,37,11,1,12,1,2,3,17,26,43,0,0,0,2,0,2,213,186,399,2022-08-31T22:00:00Z
17,447,Šolta,220,165,385,19,19,38,9,3,12,13,0,13,35,29,64,0,0,0,0,1,1,296,217,513,2022-08-31T22:00:00Z
17,460,Trilj,504,613,1117,138,36,174,18,8,26,14,2,16,104,127,231,0,0,0,1,5,6,779,791,1570,2022-08-31T22:00:00Z
17,463,Trogir,1969,2133,4102,367,197,564,13,6,19,62,37,99,463,588,1051,0,0,0,9,15,24,2883,2976,5859,2022-08-31T22:00:00Z
17,492,Vis,342,329,671,57,23,80,14,3,17,6,3,9,72,63,135,0,0,0,1,1,2,492,422,914,2022-08-31T22:00:00Z
17,50,Cista Provo,117,153,270,26,5,31,6,0,6,1,0,1,8,11,19,0,0,0,0,3,3,158,172,330,2022-08-31T22:00:00Z
17,511,Vrgorac,982,712,1694,53,25,78,26,12,38,5,5,10,41,69,110,0,0,0,2,5,7,1109,828,1937,2022-08-31T22:00:00Z
17,513,Vrlika,103,201,304,17,4,21,12,5,17,2,0,2,27,6,33,0,0,0,1,0,1,162,216,378,2022-08-31T22:00:00Z
17,522,Zagvozd,138,82,220,18,2,20,2,0,2,1,0,1,14,9,23,0,0,0,0,0,0,173,93,266,2022-08-31T22:00:00Z
17,528,Zmijavci,102,113,215,8,4,12,2,1,3,2,0,2,28,14,42,0,0,0,0,1,1,142,133,275,2022-08-31T22:00:00Z
17,585,Dugopolje,1618,916,2534,40,11,51,4,4,8,13,2,15,57,22,79,0,0,0,0,0,0,1732,955,2687,2022-08-31T22:00:00Z
17,586,Lećevica,8,25,33,5,0,5,1,1,2,0,0,0,2,0,2,0,0,0,1,0,1,17,26,43,2022-08-31T22:00:00Z
17,587,Lokvičići,33,19,52,2,0,2,2,0,2,0,0,0,1,3,4,0,0,0,1,0,1,39,22,61,2022-08-31T22:00:00Z
17,588,Okrug,177,252,429,47,20,67,2,0,2,8,4,12,148,76,224,0,0,0,3,2,5,385,354,739,2022-08-31T22:00:00Z
17,589,Prgomet,35,31,66,6,0,6,1,1,2,1,0,1,2,1,3,0,0,0,1,0,1,46,33,79,2022-08-31T22:00:00Z
17,590,Primorski Dolac,15,36,51,4,1,5,1,2,3,0,1,1,2,3,5,0,0,0,0,0,0,22,43,65,2022-08-31T22:00:00Z
17,591,Runovići,69,63,132,13,1,14,0,2,2,0,2,2,28,39,67,0,0,0,0,2,2,110,109,219,2022-08-31T22:00:00Z
17,592,Sutivan,111,99,210,14,10,24,2,1,3,9,1,10,30,19,49,0,0,0,0,1,1,166,131,297,2022-08-31T22:00:00Z
17,593,Tučepi,323,331,654,56,28,84,0,1,1,5,3,8,109,77,186,0,0,0,0,0,0,493,440,933,2022-08-31T22:00:00Z
17,595,Zadvarje,46,31,77,8,1,9,1,1,2,0,0,0,8,3,11,0,0,0,0,0,0,63,36,99,2022-08-31T22:00:00Z
17,72,Dicmo,447,181,628,36,18,54,5,2,7,1,1,2,28,37,65,0,0,0,1,0,1,518,239,757,2022-08-31T22:00:00Z
17,77,Brela,317,342,659,48,34,82,0,0,0,2,1,3,70,85,155,0,0,0,2,1,3,439,463,902,2022-08-31T22:00:00Z
17,87,Muć,173,190,363,20,3,23,2,4,6,4,4,8,12,8,20,0,0,0,0,1,1,211,210,421,2022-08-31T22:00:00Z
17,88,Proložac,194,170,364,15,6,21,2,4,6,0,0,0,31,24,55,0,0,0,4,1,5,246,205,451,2022-08-31T22:00:00Z
17,9,Baška Voda,297,384,681,95,61,156,1,0,1,4,2,6,100,116,216,0,0,0,0,1,1,497,564,1061,2022-08-31T22:00:00Z
18,132,Gračišće,54,25,79,28,5,33,10,3,13,0,0,0,36,10,46,0,0,0,0,0,0,128,43,171,2022-08-31T22:00:00Z
18,138,Grožnjan,29,24,53,17,3,20,12,5,17,0,0,0,15,15,30,0,0,0,0,2,2,73,49,122,2022-08-31T22:00:00Z
18,175,Kanfanar,558,231,789,33,7,40,4,0,4,1,0,1,17,15,32,0,0,0,1,1,2,614,254,868,2022-08-31T22:00:00Z
18,217,Kršan,329,279,608,49,14,63,7,3,10,1,0,1,110,53,163,0,0,0,1,4,5,497,353,850,2022-08-31T22:00:00Z
18,222,Labin,2911,2773,5684,265,137,402,17,9,26,30,34,64,313,261,574,0,0,0,9,6,15,3545,3220,6765,2022-08-31T22:00:00Z
18,223,Lanišće,14,13,27,4,0,4,2,0,2,0,0,0,10,3,13,0,0,0,1,1,2,31,17,48,2022-08-31T22:00:00Z
18,235,Ližnjan,175,132,307,17,8,25,2,0,2,2,0,2,36,33,69,0,0,0,1,0,1,233,173,406,2022-08-31T22:00:00Z
18,246,Lupoglav,207,107,314,12,4,16,5,2,7,0,1,1,16,13,29,0,0,0,0,1,1,240,128,368,2022-08-31T22:00:00Z
18,254,Marčana,164,199,363,42,12,54,3,2,5,3,1,4,39,31,70,0,0,0,1,0,1,252,245,497,2022-08-31T22:00:00Z
18,263,Medulin,836,822,1658,100,65,165,5,2,7,7,6,13,191,216,407,0,0,0,0,2,2,1139,1113,2252,2022-08-31T22:00:00Z
18,274,Motovun,103,122,225,33,16,49,20,7,27,1,1,2,52,42,94,0,0,0,1,3,4,210,191,401,2022-08-31T22:00:00Z
18,291,Novigrad,993,1141,2134,136,61,197,15,4,19,3,9,12,180,138,318,0,0,0,1,3,4,1328,1356,2684,2022-08-31T22:00:00Z
18,304,Oprtalj,66,84,150,12,6,18,13,1,14,0,0,0,10,11,21,0,0,0,2,2,4,103,104,207,2022-08-31T22:00:00Z
18,321,Pazin,1960,1989,3949,311,125,436,54,25,79,14,22,36,309,204,513,0,0,0,3,10,13,2651,2375,5026,2022-08-31T22:00:00Z
18,330,Pićan,358,157,515,34,8,42,1,5,6,0,1,1,55,16,71,0,0,0,1,1,2,449,188,637,2022-08-31T22:00:00Z
18,348,Poreč,5700,5740,11440,733,388,1121,46,18,64,51,52,103,742,719,1461,0,1,1,9,10,19,7281,6928,14209,2022-08-31T22:00:00Z
18,359,Pula,13311,12861,26172,1302,718,2020,68,44,112,259,173,432,995,1185,2180,0,0,0,45,55,100,15980,15036,31016,2022-08-31T22:00:00Z
18,368,Raša,275,149,424,29,10,39,1,0,1,2,1,3,46,27,73,0,0,0,1,0,1,354,187,541,2022-08-31T22:00:00Z
18,374,Rovinj,3561,3906,7467,448,258,706,27,17,44,30,36,66,714,594,1308,0,0,0,12,27,39,4792,4838,9630,2022-08-31T22:00:00Z
18,40,Brtonigla,180,127,307,41,13,54,21,9,30,1,1,2,45,56,101,0,0,0,0,2,2,288,208,496,2022-08-31T22:00:00Z
18,42,Buje,801,799,1600,105,50,155,28,12,40,7,9,16,65,68,133,0,0,0,1,2,3,1007,940,1947,2022-08-31T22:00:00Z
18,43,Buzet,1566,1076,2642,175,64,239,25,14,39,5,4,9,129,107,236,0,0,0,5,7,12,1905,1272,3177,2022-08-31T22:00:00Z
18,431,Sveti Lovreč,60,53,113,20,10,30,2,0,2,0,1,1,35,18,53,0,0,0,0,1,1,117,83,200,2022-08-31T22:00:00Z
18,432,Sveta Nedelja,163,154,317,28,7,35,8,2,10,6,0,6,45,24,69,0,0,0,3,3,6,253,190,443,2022-08-31T22:00:00Z
18,433,Sveti Petar U Šumi,172,119,291,22,4,26,3,4,7,0,0,0,15,5,20,0,0,0,1,1,2,213,133,346,2022-08-31T22:00:00Z
18,435,Svetvinčenat,129,110,239,20,5,25,1,0,1,0,1,1,28,19,47,0,0,0,0,0,0,178,135,313,2022-08-31T22:00:00Z
18,453,Tinjan,189,108,297,39,9,48,6,1,7,2,3,5,51,36,87,0,0,0,1,1,2,288,158,446,2022-08-31T22:00:00Z
18,468,Umag,3043,2869,5912,412,174,586,31,16,47,34,33,67,369,393,762,0,0,0,12,19,31,3901,3504,7405,2022-08-31T22:00:00Z
18,47,Cerovlje,118,57,175,34,2,36,4,4,8,0,0,0,29,18,47,0,0,0,0,1,1,185,82,267,2022-08-31T22:00:00Z
18,497,Višnjan,293,271,564,45,11,56,11,3,14,2,1,3,98,46,144,0,0,0,2,1,3,451,333,784,2022-08-31T22:00:00Z
18,498,Vižinada,81,55,136,28,10,38,15,6,21,1,0,1,29,38,67,0,0,0,0,0,0,154,109,263,2022-08-31T22:00:00Z
18,5,Bale,178,167,345,24,22,46,2,2,4,0,0,0,44,31,75,0,0,0,1,1,2,249,223,472,2022-08-31T22:00:00Z
18,502,Vodnjan,827,672,1499,51,25,76,9,2,11,9,4,13,83,56,139,0,1,1,0,0,0,979,760,1739,2022-08-31T22:00:00Z
18,516,Vrsar,473,522,995,88,38,126,3,2,5,7,1,8,192,170,362,0,0,0,1,0,1,764,733,1497,2022-08-31T22:00:00Z
18,531,Žminj,467,429,896,105,48,153,13,9,22,2,5,7,95,87,182,0,0,0,3,1,4,685,579,1264,2022-08-31T22:00:00Z
18,596,Karojba,128,158,286,32,7,39,1,1,2,0,0,0,47,6,53,0,1,1,0,0,0,208,173,381,2022-08-31T22:00:00Z
18,597,Kaštelir - Labinci,150,74,224,33,18,51,7,2,9,2,0,2,51,17,68,0,0,0,1,3,4,244,114,358,2022-08-31T22:00:00Z
18,6,Barban,242,117,359,43,5,48,12,6,18,0,1,1,24,25,49,0,0,0,2,2,4,323,156,479,2022-08-31T22:00:00Z
18,619,Fažana,334,317,651,40,22,62,0,2,2,3,4,7,64,54,118,0,0,0,0,2,2,441,401,842,2022-08-31T22:00:00Z
18,629,Funtana,207,211,418,24,14,38,1,1,2,1,0,1,61,82,143,0,0,0,1,0,1,295,308,603,2022-08-31T22:00:00Z
18,631,Tar-Vabriga,214,314,528,47,21,68,1,0,1,0,0,0,66,48,114,0,0,0,0,2,2,328,385,713,2022-08-31T22:00:00Z
19,198,Konavle,1563,1244,2807,210,82,292,19,11,30,35,8,43,129,150,279,0,0,0,6,0,6,1962,1495,3457,2022-08-31T22:00:00Z
19,204,Korčula,793,1006,1799,176,74,250,17,5,22,76,11,87,201,183,384,0,0,0,4,7,11,1267,1286,2553,2022-08-31T22:00:00Z
19,219,Kula Norinska,36,46,82,9,1,10,1,0,1,1,0,1,6,8,14,0,0,0,0,0,0,53,55,108,2022-08-31T22:00:00Z
19,226,Lastovo,79,104,183,33,10,43,1,2,3,4,0,4,21,17,38,0,0,0,2,3,5,140,136,276,2022-08-31T22:00:00Z
19,25,Blato,568,418,986,74,24,98,15,4,19,9,7,16,154,48,202,0,0,0,6,2,8,826,503,1329,2022-08-31T22:00:00Z
19,264,Metković,2166,1813,3979,182,125,307,36,22,58,43,17,60,317,269,586,0,0,0,5,11,16,2749,2257,5006,2022-08-31T22:00:00Z
19,268,Mljet,187,117,304,29,13,42,6,0,6,3,2,5,27,31,58,0,0,0,2,1,3,254,164,418,2022-08-31T22:00:00Z
19,306,Opuzen,483,453,936,33,19,52,49,22,71,5,1,6,34,62,96,0,0,0,1,0,1,605,557,1162,2022-08-31T22:00:00Z
19,308,Orebić,468,459,927,95,53,148,30,8,38,33,6,39,132,123,255,0,0,0,1,11,12,759,660,1419,2022-08-31T22:00:00Z
19,335,Ploče,1353,884,2237,90,53,143,26,9,35,23,7,30,98,119,217,0,0,0,1,4,5,1591,1076,2667,2022-08-31T22:00:00Z
19,343,Pojezerje,29,26,55,4,2,6,7,0,7,0,0,0,2,4,6,0,0,0,0,0,0,42,32,74,2022-08-31T22:00:00Z
19,399,Slivno,103,41,144,12,11,23,14,5,19,0,0,0,9,13,22,0,0,0,1,0,1,139,70,209,2022-08-31T22:00:00Z
19,402,Smokvica,44,91,135,14,5,19,18,4,22,13,0,13,36,11,47,0,0,0,2,0,2,127,111,238,2022-08-31T22:00:00Z
19,419,Ston,498,246,744,61,18,79,19,4,23,13,1,14,54,34,88,0,0,0,3,2,5,648,305,953,2022-08-31T22:00:00Z
19,474,Vela Luka,319,567,886,68,25,93,8,1,9,32,4,36,94,71,165,0,0,0,3,5,8,524,673,1197,2022-08-31T22:00:00Z
19,523,Zažablje,11,8,19,3,0,3,3,2,5,1,1,2,11,2,13,0,0,0,0,1,1,29,14,43,2022-08-31T22:00:00Z
19,598,Dubrovačko Primorje,176,144,320,27,8,35,4,5,9,4,3,7,48,35,83,0,0,0,0,3,3,259,198,457,2022-08-31T22:00:00Z
19,599,Janjina,60,67,127,10,5,15,9,3,12,1,1,2,14,11,25,0,0,0,3,1,4,97,88,185,2022-08-31T22:00:00Z
19,600,Lumbarda,62,66,128,42,18,60,11,2,13,4,0,4,42,49,91,0,0,0,4,3,7,165,138,303,2022-08-31T22:00:00Z
19,601,Trpanj,69,66,135,14,6,20,2,1,3,2,1,3,22,14,36,0,0,0,3,3,6,112,91,203,2022-08-31T22:00:00Z
19,602,Župa Dubrovačka,795,832,1627,140,67,207,3,7,10,63,3,66,90,101,191,0,0,0,4,3,7,1095,1013,2108,2022-08-31T22:00:00Z
19,98,Dubrovnik,11491,11982,23473,841,447,1288,28,17,45,476,77,553,826,800,1626,1,0,1,38,59,97,13701,13382,27083,2022-08-31T22:00:00Z
20,123,Goričan,319,172,491,7,4,11,8,2,10,0,2,2,11,12,23,0,0,0,0,0,0,345,192,537,2022-08-31T22:00:00Z
20,15,Belica,204,220,424,28,16,44,59,38,97,1,1,2,26,36,62,0,0,0,1,1,2,319,312,631,2022-08-31T22:00:00Z
20,206,Kotoriba,515,275,790,10,4,14,7,0,7,0,5,5,10,12,22,0,0,0,0,0,0,542,296,838,2022-08-31T22:00:00Z
20,250,Mala Subotica,525,1091,1616,26,17,43,35,14,49,2,6,8,23,29,52,0,0,0,0,4,4,611,1161,1772,2022-08-31T22:00:00Z
20,276,Mursko Središće,785,766,1551,49,24,73,13,7,20,2,6,8,50,53,103,0,0,0,2,2,4,901,858,1759,2022-08-31T22:00:00Z
20,279,Nedelišće,1443,827,2270,96,48,144,41,20,61,1,6,7,133,61,194,0,0,0,1,5,6,1715,967,2682,2022-08-31T22:00:00Z
20,342,Podturen,231,118,349,21,8,29,17,14,31,1,2,3,50,36,86,0,0,0,0,2,2,320,180,500,2022-08-31T22:00:00Z
20,355,Prelog,2399,1674,4073,62,21,83,52,29,81,9,11,20,76,65,141,0,0,0,2,7,9,2600,1807,4407,2022-08-31T22:00:00Z
20,385,Selnica,145,149,294,10,10,20,8,4,12,1,1,2,16,15,31,0,0,0,0,1,1,180,180,360,2022-08-31T22:00:00Z
20,440,Sveti Juraj Na Bregu,276,199,475,27,15,42,12,8,20,1,2,3,37,49,86,0,0,0,0,0,0,353,273,626,2022-08-31T22:00:00Z
20,441,Sveti Martin Na Muri,589,355,944,16,11,27,8,5,13,0,3,3,31,36,67,0,0,0,1,0,1,645,410,1055,2022-08-31T22:00:00Z
20,452,Štrigova,341,204,545,27,10,37,38,20,58,2,1,3,60,64,124,0,0,0,0,2,2,468,301,769,2022-08-31T22:00:00Z
20,504,Vratišinec,132,93,225,7,2,9,11,2,13,1,2,3,7,6,13,0,0,0,1,1,2,159,106,265,2022-08-31T22:00:00Z
20,60,Čakovec,9996,9175,19171,250,136,386,63,24,87,35,59,94,257,336,593,0,0,0,5,14,19,10606,9744,20350,2022-08-31T22:00:00Z
20,603,Dekanovec,88,82,170,5,1,6,5,5,10,0,0,0,5,2,7,0,0,0,0,1,1,103,91,194,2022-08-31T22:00:00Z
20,604,Gornji Mihaljevec,120,68,188,14,2,16,24,10,34,2,1,3,22,15,37,0,0,0,1,0,1,183,96,279,2022-08-31T22:00:00Z
20,605,Orehovica,187,144,331,16,3,19,27,11,38,1,2,3,46,23,69,0,0,0,0,4,4,277,187,464,2022-08-31T22:00:00Z
20,606,Strahoninec,247,169,416,12,3,15,3,2,5,0,2,2,36,13,49,0,0,0,0,2,2,298,191,489,2022-08-31T22:00:00Z
20,607,Sveta Marija,59,89,148,13,3,16,6,0,6,1,1,2,22,5,27,0,0,0,0,1,1,101,99,200,2022-08-31T22:00:00Z
20,608,Šenkovec,518,264,782,19,10,29,2,1,3,0,1,1,28,26,54,0,0,0,0,2,2,567,304,871,2022-08-31T22:00:00Z
20,620,Pribislavec,375,224,599,10,6,16,3,1,4,2,1,3,15,12,27,0,0,0,0,1,1,405,245,650,2022-08-31T22:00:00Z
20,75,Domašinec,251,110,361,8,9,17,20,16,36,0,1,1,17,10,27,0,0,0,2,2,4,298,148,446,2022-08-31T22:00:00Z
20,78,Donja Dubrava,205,225,430,14,5,19,5,3,8,0,1,1,12,12,24,0,0,0,0,0,0,236,246,482,2022-08-31T22:00:00Z
20,82,Donji Kraljevec,1421,625,2046,42,14,56,51,20,71,3,6,9,89,120,209,0,0,0,1,9,10,1607,794,2401,2022-08-31T22:00:00Z
20,89,Donji Vidovec,54,80,134,4,1,5,2,0,2,1,2,3,3,15,18,0,0,0,0,0,0,64,98,162,2022-08-31T22:00:00Z
21,133,Zagreb,231536,210404,441940,8087,5794,13881,304,179,483,2208,2067,4275,5390,6828,12218,19,7,26,330,513,843,247874,225792,473666,2022-08-31T22:00:00Z
01,101,Dugo Selo,2972,2051,5023,233,123,356,31,22,53,24,27,51,255,270,525,0,0,0,6,17,23,3521,2510,6031,2022-12-31T23:00:00Z
01,114,Farkaševac,149,215,364,8,3,11,26,10,36,0,2,2,37,20,57,0,0,0,1,0,1,221,250,471,2022-12-31T23:00:00Z
01,135,Gradec,147,135,282,14,1,15,11,7,18,0,2,2,47,20,67,0,0,0,0,1,1,219,166,385,2022-12-31T23:00:00Z
01,158,Ivanić-Grad,3138,1715,4853,93,74,167,47,29,76,9,21,30,134,178,312,0,0,0,7,11,18,3428,2028,5456,2022-12-31T23:00:00Z
01,163,Jakovlje,352,329,681,40,7,47,10,8,18,2,0,2,41,36,77,0,0,0,0,0,0,445,380,825,2022-12-31T23:00:00Z
01,169,Jastrebarsko,2335,1772,4107,225,109,334,46,38,84,17,19,36,245,228,473,0,0,0,5,7,12,2873,2173,5046,2022-12-31T23:00:00Z
01,190,Klinča Selo,213,185,398,37,11,48,5,4,9,0,0,0,64,44,108,0,0,0,0,2,2,319,246,565,2022-12-31T23:00:00Z
01,193,Kloštar Ivanić,398,317,715,22,8,30,20,6,26,3,10,13,48,36,84,1,0,1,3,4,7,495,381,876,2022-12-31T23:00:00Z
01,213,Križ,682,427,1109,23,19,42,17,12,29,6,4,10,21,52,73,0,0,0,2,2,4,751,516,1267,2022-12-31T23:00:00Z
01,33,Brckovljani,333,390,723,7,5,12,0,0,0,3,2,5,27,18,45,0,0,0,0,0,0,370,415,785,2022-12-31T23:00:00Z
01,331,Pisarovina,387,290,677,23,25,48,22,18,40,1,2,3,23,30,53,0,0,0,2,3,5,458,368,826,2022-12-31T23:00:00Z
01,34,Brdovec,865,762,1627,96,45,141,15,8,23,1,5,6,93,62,155,0,0,0,4,2,6,1074,884,1958,2022-12-31T23:00:00Z
01,356,Preseka,16,9,25,6,2,8,12,11,23,0,1,1,15,5,20,0,0,0,1,0,1,50,28,78,2022-12-31T23:00:00Z
01,362,Pušča,148,193,341,26,13,39,7,2,9,2,3,5,44,26,70,0,0,0,0,0,0,227,237,464,2022-12-31T23:00:00Z
01,376,Rugvica,1398,545,1943,8,6,14,3,2,5,1,2,3,20,15,35,0,0,0,0,0,0,1430,570,2000,2022-12-31T23:00:00Z
01,380,Samobor,5557,3983,9540,517,319,836,26,22,48,43,64,107,477,466,943,2,1,3,29,22,51,6651,4877,11528,2022-12-31T23:00:00Z
01,429,Sveti Ivan Zelina,2492,2033,4525,172,67,239,66,46,112,14,19,33,250,202,452,0,0,0,4,3,7,2998,2370,5368,2022-12-31T23:00:00Z
01,436,Sveta Nedjelja,5749,3540,9289,224,91,315,5,5,10,9,12,21,327,181,508,0,0,0,9,8,17,6323,3837,10160,2022-12-31T23:00:00Z
01,508,Vrbovec,2184,2080,4264,169,73,242,98,32,130,6,18,24,293,153,446,0,0,0,8,9,17,2758,2365,5123,2022-12-31T23:00:00Z
01,533,Krašić,259,184,443,26,9,35,10,10,20,2,1,3,24,19,43,0,0,0,4,2,6,325,225,550,2022-12-31T23:00:00Z
01,536,Rakovec,34,21,55,9,2,11,7,4,11,0,1,1,20,11,31,0,0,0,0,0,0,70,39,109,2022-12-31T23:00:00Z
01,539,Marija Gorica,77,106,183,14,3,17,0,0,0,1,1,2,16,22,38,0,0,0,0,0,0,108,132,240,2022-12-31T23:00:00Z
01,540,Žumberak,19,21,40,6,1,7,5,4,9,0,0,0,2,6,8,0,0,0,0,0,0,32,32,64,2022-12-31T23:00:00Z
01,541,Velika Gorica,8389,6506,14895,630,378,1008,66,31,97,56,60,116,576,520,1096,1,0,1,18,25,43,9736,7520,17256,2022-12-31T23:00:00Z
01,542,Orle,40,35,75,15,0,15,9,4,13,0,0,0,14,2,16,0,0,0,0,0,0,78,41,119,2022-12-31T23:00:00Z
01,543,Zaprešić,3313,2980,6293,214,157,371,11,13,24,34,44,78,251,235,486,0,0,0,11,12,23,3834,3441,7275,2022-12-31T23:00:00Z
01,544,Pokupsko,39,67,106,11,6,17,12,4,16,0,1,1,7,7,14,0,0,0,0,0,0,69,85,154,2022-12-31T23:00:00Z
01,545,Kravarsko,108,108,216,38,12,50,6,5,11,0,0,0,78,17,95,0,0,0,1,1,2,231,143,374,2022-12-31T23:00:00Z
01,547,Bistra,346,527,873,49,22,71,7,5,12,2,6,8,56,43,99,1,0,1,2,2,4,463,605,1068,2022-12-31T23:00:00Z
01,548,Luka,293,111,404,15,2,17,2,3,5,1,1,2,18,20,38,0,0,0,0,0,0,329,137,466,2022-12-31T23:00:00Z
01,549,Dubravica,67,42,109,15,0,15,12,4,16,0,0,0,11,17,28,0,0,0,0,0,0,105,63,168,2022-12-31T23:00:00Z
01,550,Bedenica,214,162,376,12,4,16,4,5,9,1,1,2,17,7,24,0,0,0,0,0,0,248,179,427,2022-12-31T23:00:00Z
01,551,Stupnik,1517,557,2074,30,14,44,1,1,2,2,2,4,19,25,44,0,0,0,0,0,0,1569,599,2168,2022-12-31T23:00:00Z
01,97,Dubrava,310,329,639,47,22,69,69,42,111,5,12,17,60,71,131,0,0,0,2,4,6,493,480,973,2022-12-31T23:00:00Z
02,108,Đurmanec,129,151,280,59,17,76,2,2,4,3,1,4,115,85,200,0,0,0,1,1,2,309,257,566,2022-12-31T23:00:00Z
02,11,Bedekovčina,524,752,1276,88,38,126,7,6,13,8,6,14,124,97,221,0,0,0,5,3,8,756,902,1658,2022-12-31T23:00:00Z
02,125,Gornja Stubica,250,299,549,55,16,71,6,6,12,1,1,2,66,53,119,0,0,0,3,1,4,381,376,757,2022-12-31T23:00:00Z
02,146,Hraščina,50,40,90,10,3,13,2,3,5,0,1,1,6,7,13,0,0,0,0,0,0,68,54,122,2022-12-31T23:00:00Z
02,152,Hum Na Sutli,1563,653,2216,54,28,82,4,0,4,1,7,8,265,79,344,0,0,0,1,2,3,1888,769,2657,2022-12-31T23:00:00Z
02,187,Klanjec,288,276,564,67,23,90,11,7,18,5,1,6,68,48,116,0,0,0,4,3,7,443,358,801,2022-12-31T23:00:00Z
02,200,Konjščina,424,401,825,31,19,50,1,1,2,1,2,3,44,33,77,0,0,0,0,1,1,501,457,958,2022-12-31T23:00:00Z
02,208,Kraljevec Na Sutli,78,46,124,13,5,18,3,1,4,1,0,1,19,5,24,0,0,0,0,1,1,114,58,172,2022-12-31T23:00:00Z
02,211,Krapina,2884,2371,5255,172,103,275,9,4,13,15,16,31,185,166,351,0,0,0,4,7,11,3269,2667,5936,2022-12-31T23:00:00Z
02,212,Krapinske Toplice,603,1218,1821,67,39,106,6,5,11,0,5,5,108,75,183,0,0,0,2,1,3,786,1343,2129,2022-12-31T23:00:00Z
02,236,Lobor,160,238,398,25,8,33,3,3,6,0,1,1,31,18,49,0,0,0,1,2,3,220,270,490,2022-12-31T23:00:00Z
02,248,Mače,100,79,179,29,7,36,3,4,7,1,0,1,66,35,101,0,0,0,0,0,0,199,125,324,2022-12-31T23:00:00Z
02,256,Marija Bistrica,333,356,689,68,44,112,13,7,20,0,5,5,67,71,138,0,0,0,3,2,5,484,485,969,2022-12-31T23:00:00Z
02,265,Mihovljan,93,127,220,32,7,39,3,0,3,0,0,0,66,17,83,0,0,0,1,1,2,195,152,347,2022-12-31T23:00:00Z
02,311,Oroslavje,972,829,1801,72,36,108,10,2,12,6,9,15,80,68,148,0,0,0,3,3,6,1143,947,2090,2022-12-31T23:00:00Z
02,329,Petrovsko,102,53,155,17,3,20,1,0,1,5,0,5,57,12,69,0,0,0,1,0,1,183,68,251,2022-12-31T23:00:00Z
02,352,Pregrada,797,921,1718,113,32,145,2,5,7,6,6,12,167,105,272,0,0,0,2,0,2,1087,1069,2156,2022-12-31T23:00:00Z
02,364,Radoboj,151,111,262,16,13,29,1,1,2,0,2,2,53,22,75,0,0,0,0,0,0,221,149,370,2022-12-31T23:00:00Z
02,41,Budinščina,188,186,374,15,6,21,6,1,7,2,2,4,17,12,29,0,0,0,2,1,3,230,208,438,2022-12-31T23:00:00Z
02,422,Stubičke Toplice,252,423,675,34,17,51,0,2,2,2,5,7,63,29,92,0,0,0,2,0,2,353,476,829,2022-12-31T23:00:00Z
02,430,Sveti Križ Začretje,694,798,1492,75,24,99,10,4,14,1,5,6,137,97,234,0,0,0,4,0,4,921,928,1849,2022-12-31T23:00:00Z
02,466,Tuhelj,153,219,372,21,10,31,5,1,6,1,2,3,45,40,85,0,0,0,0,0,0,225,272,497,2022-12-31T23:00:00Z
02,481,Veliko Trgovišće,571,415,986,50,17,67,3,3,6,2,5,7,107,47,154,0,0,0,3,2,5,736,489,1225,2022-12-31T23:00:00Z
02,519,Zabok,2802,2981,5783,145,86,231,7,3,10,14,16,30,175,225,400,0,0,0,2,2,4,3145,3313,6458,2022-12-31T23:00:00Z
02,521,Zagorska Sela,9,52,61,8,1,9,7,3,10,0,1,1,16,5,21,0,0,0,0,0,0,40,62,102,2022-12-31T23:00:00Z
02,526,Zlatar,542,663,1205,97,49,146,27,17,44,8,8,16,122,83,205,0,0,0,2,0,2,798,820,1618,2022-12-31T23:00:00Z
02,527,Zlatar Bistrica,310,544,854,26,7,33,5,1,6,5,0,5,70,45,115,0,0,0,3,2,5,419,599,1018,2022-12-31T23:00:00Z
02,552,Jesenje,72,69,141,8,1,9,0,0,0,0,0,0,48,8,56,0,0,0,0,0,0,128,78,206,2022-12-31T23:00:00Z
02,553,Kumrovec,78,90,168,18,4,22,2,0,2,4,1,5,18,15,33,0,0,0,0,0,0,120,110,230,2022-12-31T23:00:00Z
02,554,Novi Golubovec,136,57,193,3,2,5,1,0,1,0,0,0,5,1,6,0,0,0,0,0,0,145,60,205,2022-12-31T23:00:00Z
02,70,Desinić,124,279,403,32,8,40,10,2,12,3,1,4,47,36,83,0,0,0,0,1,1,216,327,543,2022-12-31T23:00:00Z
02,79,Donja Stubica,833,689,1522,96,50,146,5,4,9,7,3,10,80,51,131,0,0,0,2,3,5,1023,800,1823,2022-12-31T23:00:00Z
03,102,Dvor,278,142,420,16,5,21,59,23,82,0,3,3,12,11,23,0,0,0,1,3,4,366,187,553,2022-12-31T23:00:00Z
03,121,Glina,1141,696,1837,43,21,64,57,28,85,4,9,13,71,71,142,0,0,0,0,0,0,1316,825,2141,2022-12-31T23:00:00Z
03,149,Hrvatska Dubica,73,71,144,9,2,11,13,3,16,0,0,0,7,4,11,0,0,0,1,1,2,103,81,184,2022-12-31T23:00:00Z
03,150,Hrvatska Kostajnica,298,272,570,19,9,28,8,4,12,0,3,3,12,23,35,0,0,0,3,0,3,340,311,651,2022-12-31T23:00:00Z
03,168,Jasenovac,128,157,285,14,6,20,14,4,18,0,0,0,12,12,24,0,0,0,0,1,1,168,180,348,2022-12-31T23:00:00Z
03,220,Kutina,3553,2852,6405,181,113,294,45,20,65,36,25,61,202,240,442,1,0,1,9,9,18,4027,3259,7286,2022-12-31T23:00:00Z
03,228,Lekenik,373,303,676,43,12,55,9,7,16,1,3,4,51,30,81,0,0,0,2,1,3,479,356,835,2022-12-31T23:00:00Z
03,232,Lipovljani,255,269,524,26,8,34,11,2,13,1,0,1,38,43,81,0,0,0,0,3,3,331,325,656,2022-12-31T23:00:00Z
03,259,Martinska Ves,128,66,194,10,1,11,25,13,38,3,0,3,55,15,70,0,0,0,0,0,0,221,95,316,2022-12-31T23:00:00Z
03,293,Novska,1303,1061,2364,177,103,280,34,17,51,5,18,23,245,230,475,0,0,0,2,7,9,1766,1436,3202,2022-12-31T23:00:00Z
03,328,Petrinja,1750,1751,3501,246,97,343,74,29,103,12,23,35,308,290,598,0,0,0,5,3,8,2395,2193,4588,2022-12-31T23:00:00Z
03,347,Popovača,884,1044,1928,83,43,126,49,17,66,7,10,17,92,119,211,0,0,0,4,2,6,1119,1235,2354,2022-12-31T23:00:00Z
03,391,Sisak,7009,8111,15120,379,228,607,101,54,155,45,75,120,604,572,1176,0,0,0,15,19,34,8153,9059,17212,2022-12-31T23:00:00Z
03,426,Sunja,220,188,408,22,10,32,50,30,80,1,2,3,13,20,33,0,0,0,2,1,3,308,251,559,2022-12-31T23:00:00Z
03,457,Topusko,217,319,536,15,8,23,6,2,8,5,1,6,29,22,51,0,0,0,3,0,3,275,352,627,2022-12-31T23:00:00Z
03,477,Velika Ludina,121,153,274,11,9,20,14,3,17,0,0,0,26,14,40,0,0,0,0,0,0,172,179,351,2022-12-31T23:00:00Z
03,510,Gvozd,104,86,190,10,5,15,15,4,19,0,0,0,18,10,28,0,0,0,3,0,3,150,105,255,2022-12-31T23:00:00Z
03,555,Majur,142,70,212,1,1,2,3,1,4,0,0,0,2,0,2,0,0,0,3,0,3,151,72,223,2022-12-31T23:00:00Z
03,83,Donji Kukuruzari,38,39,77,5,0,5,6,3,9,0,0,0,1,3,4,0,0,0,1,1,2,51,46,97,2022-12-31T23:00:00Z
04,120,Generalski Stol,39,63,102,21,5,26,1,0,1,0,1,1,25,13,38,0,0,0,0,0,0,86,82,168,2022-12-31T23:00:00Z
04,172,Josipdol,190,167,357,25,15,40,2,6,8,2,1,3,32,47,79,0,0,0,0,3,3,251,239,490,2022-12-31T23:00:00Z
04,179,Karlovac,10676,9056,19732,429,308,737,72,53,125,71,85,156,616,782,1398,0,0,0,21,20,41,11885,10304,22189,2022-12-31T23:00:00Z
04,216,Krnjak,149,70,219,3,1,4,5,4,9,1,0,1,8,5,13,0,0,0,1,2,3,167,82,249,2022-12-31T23:00:00Z
04,225,Lasinja,34,41,75,5,3,8,0,5,5,2,0,2,5,6,11,0,0,0,0,0,0,46,55,101,2022-12-31T23:00:00Z
04,281,Netretić,106,105,211,18,3,21,3,1,4,1,1,2,39,34,73,0,0,0,0,0,0,167,144,311,2022-12-31T23:00:00Z
04,297,Ogulin,1850,1849,3699,150,90,240,39,18,57,10,30,40,139,171,310,0,0,0,5,6,11,2193,2164,4357,2022-12-31T23:00:00Z
04,30,Bosiljevo,98,86,184,4,0,4,0,0,0,1,1,2,29,32,61,0,0,0,0,0,0,132,119,251,2022-12-31T23:00:00Z
04,315,Ozalj,760,628,1388,91,32,123,22,14,36,4,9,13,126,86,212,0,1,1,1,3,4,1004,773,1777,2022-12-31T23:00:00Z
04,333,Plaški,90,66,156,9,3,12,9,2,11,0,1,1,36,32,68,0,0,0,0,0,0,144,104,248,2022-12-31T23:00:00Z
04,365,Rakovica,149,180,329,8,9,17,3,3,6,0,0,0,56,49,105,0,0,0,3,3,6,219,244,463,2022-12-31T23:00:00Z
04,378,Saborsko,12,14,26,1,0,1,1,0,1,0,0,0,7,2,9,0,0,0,0,0,0,21,16,37,2022-12-31T23:00:00Z
04,400,Slunj,324,399,723,58,17,75,37,19,56,3,6,9,121,90,211,0,0,0,4,22,26,547,553,1100,2022-12-31T23:00:00Z
04,49,Cetingrad,61,60,121,7,1,8,2,3,5,1,0,1,7,6,13,0,0,0,1,0,1,79,70,149,2022-12-31T23:00:00Z
04,503,Vojnić,360,260,620,22,13,35,43,12,55,1,0,1,26,32,58,0,0,0,4,0,4,456,317,773,2022-12-31T23:00:00Z
04,530,Žakanje,176,103,279,25,11,36,4,1,5,0,0,0,28,24,52,0,0,0,0,1,1,233,140,373,2022-12-31T23:00:00Z
04,556,Ribnik,8,7,15,10,3,13,1,1,2,0,0,0,5,7,12,0,0,0,0,0,0,24,18,42,2022-12-31T23:00:00Z
04,557,Tounj,62,35,97,5,0,5,0,0,0,0,0,0,5,5,10,0,0,0,0,0,0,72,40,112,2022-12-31T23:00:00Z
04,623,Kamanje,159,98,257,4,1,5,0,0,0,0,0,0,4,6,10,0,0,0,0,0,0,167,105,272,2022-12-31T23:00:00Z
04,7,Barilovići,293,165,458,19,10,29,7,0,7,1,1,2,111,33,144,0,0,0,0,0,0,431,209,640,2022-12-31T23:00:00Z
04,90,Draganić,185,202,387,13,3,16,7,3,10,1,1,2,18,24,42,0,0,0,0,0,0,224,233,457,2022-12-31T23:00:00Z
04,99,Duga Resa,1245,1052,2297,132,69,201,18,20,38,4,17,21,172,185,357,0,0,0,9,10,19,1580,1353,2933,2022-12-31T23:00:00Z
05,12,Bednja,227,181,408,19,7,26,2,4,6,1,1,2,29,15,44,0,0,0,0,1,1,278,209,487,2022-12-31T23:00:00Z
05,129,Gornji Kneginec,623,1007,1630,51,33,84,9,5,14,3,8,11,64,51,115,0,0,0,4,3,7,754,1107,1861,2022-12-31T23:00:00Z
05,151,Breznički Hum,202,151,353,12,4,16,6,7,13,0,1,1,21,14,35,0,0,0,1,3,4,242,180,422,2022-12-31T23:00:00Z
05,156,Ivanec,2177,1854,4031,170,66,236,12,11,23,10,18,28,315,263,578,0,0,0,7,8,15,2691,2220,4911,2022-12-31T23:00:00Z
05,165,Jalžabet,732,1060,1792,22,4,26,11,5,16,0,3,3,38,24,62,0,0,0,0,1,1,803,1097,1900,2022-12-31T23:00:00Z
05,189,Klenovnik,170,68,238,9,4,13,0,0,0,0,0,0,23,28,51,0,0,0,2,0,2,204,100,304,2022-12-31T23:00:00Z
05,19,Beretinec,81,42,123,19,2,21,3,2,5,0,1,1,14,20,34,0,0,0,1,0,1,118,67,185,2022-12-31T23:00:00Z
05,229,Lepoglava,1354,640,1994,62,32,94,4,2,6,1,4,5,96,51,147,0,0,0,1,6,7,1518,735,2253,2022-12-31T23:00:00Z
05,244,Ludbreg,1883,1643,3526,123,58,181,59,34,93,11,13,24,213,173,386,0,0,0,2,8,10,2291,1929,4220,2022-12-31T23:00:00Z
05,247,Ljubešćica,367,171,538,25,9,34,1,0,1,1,2,3,75,17,92,0,0,0,1,1,2,470,200,670,2022-12-31T23:00:00Z
05,251,Mali Bukovec,42,82,124,12,5,17,24,17,41,0,1,1,100,35,135,0,0,0,0,1,1,178,141,319,2022-12-31T23:00:00Z
05,260,Maruševec,339,299,638,60,27,87,21,23,44,4,2,6,116,40,156,0,0,0,3,2,5,543,393,936,2022-12-31T23:00:00Z
05,289,Novi Marof,1274,1197,2471,162,71,233,13,12,25,9,16,25,303,172,475,0,0,0,10,5,15,1771,1473,3244,2022-12-31T23:00:00Z
05,326,Petrijanec,472,775,1247,25,10,35,15,8,23,1,3,4,84,84,168,0,0,0,0,1,1,597,881,1478,2022-12-31T23:00:00Z
05,36,Breznica,146,66,212,18,3,21,6,5,11,1,5,6,39,13,52,0,0,0,0,0,0,210,92,302,2022-12-31T23:00:00Z
05,410,Sračinec,271,281,552,37,14,51,1,1,2,0,6,6,92,56,148,0,0,0,0,2,2,401,360,761,2022-12-31T23:00:00Z
05,437,Sveti Đurđ,67,96,163,31,4,35,26,8,34,2,1,3,33,32,65,0,0,0,0,0,0,159,141,300,2022-12-31T23:00:00Z
05,438,Sveti Ilija,187,207,394,17,8,25,2,0,2,0,4,4,43,32,75,0,0,0,0,0,0,249,251,500,2022-12-31T23:00:00Z
05,462,Trnovec Bartolovečki,1325,1398,2723,71,19,90,17,6,23,2,3,5,255,88,343,0,0,0,2,2,4,1672,1516,3188,2022-12-31T23:00:00Z
05,472,Varaždin,16864,15445,32309,525,389,914,51,25,76,80,115,195,514,652,1166,1,0,1,23,25,48,18058,16651,34709,2022-12-31T23:00:00Z
05,473,Varaždinske Toplice,611,539,1150,46,21,67,10,5,15,4,8,12,186,53,239,0,0,0,1,2,3,858,628,1486,2022-12-31T23:00:00Z
05,48,Cestica,381,388,769,56,26,82,14,16,30,1,4,5,103,79,182,0,0,0,2,2,4,557,515,1072,2022-12-31T23:00:00Z
05,484,Vidovec,279,264,543,47,15,62,56,29,85,1,5,6,112,91,203,0,0,0,0,0,0,495,404,899,2022-12-31T23:00:00Z
05,486,Vinica,332,233,565,19,8,27,5,4,9,1,5,6,32,25,57,0,0,0,0,1,1,389,276,665,2022-12-31T23:00:00Z
05,493,Visoko,101,62,163,17,1,18,6,3,9,0,0,0,23,25,48,0,0,0,2,0,2,149,91,240,2022-12-31T23:00:00Z
05,558,Veliki Bukovec,382,261,643,5,3,8,20,9,29,0,1,1,34,27,61,0,0,0,0,0,0,441,301,742,2022-12-31T23:00:00Z
05,80,Donja Voća,76,66,142,6,1,7,5,7,12,0,1,1,27,16,43,0,0,0,0,1,1,114,92,206,2022-12-31T23:00:00Z
05,85,Donji Martijanec,358,166,524,27,6,33,18,4,22,1,1,2,48,31,79,0,0,0,0,0,0,452,208,660,2022-12-31T23:00:00Z
06,104,Đelekovec,31,49,80,21,12,33,41,10,51,0,1,1,17,12,29,0,0,0,0,0,0,110,84,194,2022-12-31T23:00:00Z
06,107,Đurđevac,1420,1275,2695,82,46,128,71,42,113,12,11,23,72,69,141,0,0,0,9,3,12,1666,1446,3112,2022-12-31T23:00:00Z
06,115,Ferdinandovac,32,83,115,11,2,13,41,31,72,1,1,2,11,7,18,0,0,0,7,0,7,103,124,227,2022-12-31T23:00:00Z
06,122,Gola,192,170,362,11,2,13,88,38,126,0,2,2,6,25,31,0,0,0,0,1,1,297,238,535,2022-12-31T23:00:00Z
06,145,Hlebine,10,36,46,2,0,2,14,3,17,1,0,1,0,11,11,0,0,0,1,1,2,28,51,79,2022-12-31T23:00:00Z
06,194,Kloštar Podravski,166,141,307,15,13,28,36,32,68,0,1,1,24,42,66,0,0,0,1,6,7,242,235,477,2022-12-31T23:00:00Z
06,201,Koprivnica,7034,7531,14565,359,210,569,61,27,88,64,66,130,386,429,815,0,2,2,9,9,18,7913,8274,16187,2022-12-31T23:00:00Z
06,202,Koprivnički Bregi,54,90,144,20,3,23,23,8,31,0,0,0,29,7,36,0,0,0,0,0,0,126,108,234,2022-12-31T23:00:00Z
06,203,Koprivnički Ivanec,71,54,125,23,5,28,23,8,31,0,0,0,16,8,24,0,0,0,0,0,0,133,75,208,2022-12-31T23:00:00Z
06,214,Križevci,3604,3753,7357,180,108,288,221,177,398,14,28,42,253,222,475,0,0,0,9,12,21,4281,4300,8581,2022-12-31T23:00:00Z
06,227,Legrad,56,79,135,16,5,21,18,6,24,0,1,1,19,20,39,0,0,0,0,1,1,109,112,221,2022-12-31T23:00:00Z
06,270,Molve,229,115,344,6,9,15,49,26,75,1,2,3,29,17,46,0,0,0,2,2,4,316,171,487,2022-12-31T23:00:00Z
06,292,Novigrad Podravski,95,160,255,8,3,11,17,11,28,0,1,1,15,14,29,0,0,0,0,0,0,135,189,324,2022-12-31T23:00:00Z
06,324,Peteranec,101,44,145,18,3,21,22,9,31,1,1,2,21,11,32,0,0,0,0,1,1,163,69,232,2022-12-31T23:00:00Z
06,366,Rasinja,48,75,123,23,3,26,51,21,72,1,0,1,16,23,39,0,0,0,1,0,1,140,122,262,2022-12-31T23:00:00Z
06,405,Sokolovac,197,95,292,17,4,21,45,13,58,5,3,8,16,8,24,0,0,0,0,0,0,280,123,403,2022-12-31T23:00:00Z
06,439,Sveti Ivan Žabno,281,197,478,40,16,56,91,59,150,1,2,3,49,62,111,0,0,0,0,1,1,462,337,799,2022-12-31T23:00:00Z
06,442,Sveti Petar Orehovec,134,131,265,30,6,36,128,116,244,0,1,1,37,26,63,0,0,0,1,0,1,330,280,610,2022-12-31T23:00:00Z
06,490,Virje,297,208,505,28,12,40,37,18,55,4,1,5,31,38,69,0,0,0,1,1,2,398,278,676,2022-12-31T23:00:00Z
06,559,Kalinovac,441,102,543,6,1,7,6,3,9,0,0,0,10,10,20,0,0,0,1,0,1,464,116,580,2022-12-31T23:00:00Z
06,560,Kalnik,39,48,87,2,4,6,20,22,42,0,1,1,7,2,9,0,0,0,0,0,0,68,77,145,2022-12-31T23:00:00Z
06,561,Novo Virje,39,38,77,2,0,2,38,27,65,0,0,0,18,6,24,0,0,0,0,0,0,97,71,168,2022-12-31T23:00:00Z
06,616,Podravske Sesvete,97,116,213,3,4,7,26,14,40,2,0,2,4,5,9,0,0,0,0,1,1,132,140,272,2022-12-31T23:00:00Z
06,618,Gornja Reka,98,89,187,6,2,8,8,4,12,0,0,0,3,3,6,0,0,0,0,0,0,115,98,213,2022-12-31T23:00:00Z
06,96,Drnje,117,104,221,11,4,15,18,10,28,0,2,2,6,10,16,0,0,0,1,0,1,153,130,283,2022-12-31T23:00:00Z
07,105,Đulovac,242,74,316,9,7,16,32,17,49,2,0,2,116,34,150,0,0,0,0,0,0,401,132,533,2022-12-31T23:00:00Z
07,119,Garešnica,1096,1129,2225,60,30,90,57,37,94,15,19,34,100,126,226,0,0,0,1,6,7,1329,1347,2676,2022-12-31T23:00:00Z
07,139,Grubišno Polje,586,572,1158,30,25,55,103,37,140,4,10,14,66,69,135,0,0,0,2,3,5,791,716,1507,2022-12-31T23:00:00Z
07,144,Hercegovac,143,160,303,21,3,24,46,16,62,1,1,2,40,31,71,0,0,0,1,1,2,252,212,464,2022-12-31T23:00:00Z
07,161,Ivanska,136,92,228,2,3,5,50,15,65,2,3,5,82,23,105,0,0,0,2,1,3,274,137,411,2022-12-31T23:00:00Z
07,176,Kapela,103,83,186,4,1,5,41,26,67,0,1,1,19,8,27,0,0,0,1,0,1,168,119,287,2022-12-31T23:00:00Z
07,18,Berek,41,48,89,7,2,9,21,13,34,0,1,1,9,8,17,0,0,0,0,0,0,78,72,150,2022-12-31T23:00:00Z
07,199,Končanica,122,93,215,9,2,11,31,16,47,0,0,0,11,11,22,0,0,0,1,0,1,174,122,296,2022-12-31T23:00:00Z
07,24,Bjelovar,7177,6919,14096,301,188,489,202,94,296,50,71,121,400,502,902,2,0,2,19,17,36,8151,7791,15942,2022-12-31T23:00:00Z
07,287,Nova Rača,89,108,197,13,2,15,72,32,104,0,2,2,30,15,45,0,0,0,0,1,1,204,160,364,2022-12-31T23:00:00Z
07,375,Rovišće,218,232,450,22,12,34,48,30,78,1,3,4,23,40,63,0,0,0,0,1,1,312,318,630,2022-12-31T23:00:00Z
07,390,Sirač,322,181,503,11,3,14,10,5,15,1,1,2,14,8,22,0,0,0,0,1,1,358,199,557,2022-12-31T23:00:00Z
07,450,Štefanje,45,70,115,7,4,11,34,12,46,0,3,3,34,24,58,0,0,0,0,0,0,120,113,233,2022-12-31T23:00:00Z
07,478,Velika Pisanica,74,79,153,5,1,6,28,15,43,1,0,1,11,9,20,0,0,0,2,0,2,121,104,225,2022-12-31T23:00:00Z
07,480,Veliki Grđevac,149,127,276,14,5,19,74,28,102,1,5,6,68,26,94,0,0,0,1,0,1,307,191,498,2022-12-31T23:00:00Z
07,483,Veliko Trojstvo,69,111,180,12,3,15,11,15,26,0,0,0,44,19,63,0,0,0,1,0,1,137,148,285,2022-12-31T23:00:00Z
07,562,Severin,51,23,74,1,0,1,15,14,29,0,0,0,14,30,44,0,0,0,0,0,0,81,67,148,2022-12-31T23:00:00Z
07,564,Šandrovac,31,41,72,3,0,3,13,7,20,0,0,0,12,5,17,0,0,0,0,3,3,59,56,115,2022-12-31T23:00:00Z
07,565,Velika Trnovitica,61,64,125,8,2,10,31,21,52,1,0,1,19,9,28,0,0,0,1,2,3,121,98,219,2022-12-31T23:00:00Z
07,566,Zrinski Topolovac,12,17,29,2,1,3,30,17,47,0,0,0,4,2,6,0,0,0,1,1,2,49,38,87,2022-12-31T23:00:00Z
07,63,Čazma,1086,804,1890,55,21,76,50,40,90,6,10,16,115,71,186,0,0,0,3,1,4,1315,947,2262,2022-12-31T23:00:00Z
07,67,Daruvar,1458,1822,3280,75,59,134,42,19,61,16,19,35,142,170,312,0,0,0,5,8,13,1738,2097,3835,2022-12-31T23:00:00Z
07,71,Dežanovac,121,90,211,10,2,12,66,33,99,0,0,0,37,17,54,0,0,0,1,1,2,235,143,378,2022-12-31T23:00:00Z
08,117,Fužine,278,189,467,18,10,28,0,2,2,2,1,3,17,20,37,0,0,0,2,0,2,317,222,539,2022-12-31T23:00:00Z
08,170,Jelenje,279,264,543,100,46,146,7,1,8,46,10,56,53,43,96,0,0,0,4,1,5,489,365,854,2022-12-31T23:00:00Z
08,180,Kastav,1118,877,1995,137,72,209,3,1,4,49,11,60,117,83,200,1,1,2,4,6,10,1429,1051,2480,2022-12-31T23:00:00Z
08,186,Klana,394,214,608,22,8,30,1,2,3,4,2,6,15,7,22,0,0,0,1,2,3,437,235,672,2022-12-31T23:00:00Z
08,209,Kraljevica,330,296,626,43,24,67,2,1,3,36,4,40,22,33,55,1,0,1,3,8,11,437,366,803,2022-12-31T23:00:00Z
08,215,Krk,1856,1247,3103,242,101,343,13,8,21,29,14,43,257,167,424,0,0,0,28,39,67,2425,1576,4001,2022-12-31T23:00:00Z
08,237,Lokve,123,88,211,14,6,20,0,1,1,0,2,2,7,8,15,0,0,0,1,0,1,145,105,250,2022-12-31T23:00:00Z
08,242,Lovran,435,602,1037,99,35,134,1,2,3,19,8,27,37,56,93,0,0,0,2,9,11,593,712,1305,2022-12-31T23:00:00Z
08,252,Mali Lošinj,1318,1323,2641,224,84,308,23,9,32,35,19,54,162,134,296,0,0,0,33,48,81,1795,1617,3412,2022-12-31T23:00:00Z
08,253,Malinska-Dubašnica,480,786,1266,145,72,217,6,9,15,8,5,13,162,129,291,0,0,0,17,21,38,818,1022,1840,2022-12-31T23:00:00Z
08,261,Matulji,1486,1098,2584,220,128,348,14,6,20,47,16,63,178,186,364,0,0,0,7,7,14,1952,1441,3393,2022-12-31T23:00:00Z
08,273,Mošćenička Draga,111,67,178,54,13,67,0,1,1,5,3,8,23,20,43,0,0,0,3,5,8,196,109,305,2022-12-31T23:00:00Z
08,275,Mrkopalj,63,53,116,11,3,14,2,0,2,0,0,0,6,8,14,0,0,0,1,0,1,83,64,147,2022-12-31T23:00:00Z
08,290,Novi Vinodolski,502,421,923,98,44,142,9,5,14,14,7,21,98,61,159,0,0,0,3,9,12,724,547,1271,2022-12-31T23:00:00Z
08,301,Omišalj,599,383,982,82,20,102,0,0,0,11,2,13,61,28,89,0,0,0,2,17,19,755,450,1205,2022-12-31T23:00:00Z
08,302,Opatija,2219,2700,4919,220,131,351,6,4,10,59,27,86,90,143,233,0,0,0,18,54,72,2612,3059,5671,2022-12-31T23:00:00Z
08,360,Punat,302,141,443,64,21,85,4,0,4,5,1,6,59,27,86,0,0,0,2,7,9,436,197,633,2022-12-31T23:00:00Z
08,363,Rab,876,1046,1922,292,72,364,11,5,16,15,11,26,197,149,346,0,0,0,57,80,137,1448,1363,2811,2022-12-31T23:00:00Z
08,369,Ravna Gora,284,307,591,30,12,42,2,1,3,1,1,2,44,17,61,0,0,0,1,3,4,362,341,703,2022-12-31T23:00:00Z
08,373,Rijeka,28209,28739,56948,1334,1112,2446,20,14,34,986,357,1343,828,1246,2074,6,3,9,89,108,197,31472,31579,63051,2022-12-31T23:00:00Z
08,38,Brod Moravice,39,38,77,18,0,18,0,0,0,0,1,1,10,3,13,0,0,0,1,1,2,68,43,111,2022-12-31T23:00:00Z
08,393,Skrad,40,40,80,4,5,9,1,1,2,1,1,2,2,6,8,0,0,0,2,0,2,50,53,103,2022-12-31T23:00:00Z
08,4,Bakar,2096,1078,3174,73,43,116,3,0,3,74,10,84,75,75,150,0,0,0,7,11,18,2328,1217,3545,2022-12-31T23:00:00Z
08,488,Vinodolska Općina,197,151,348,57,20,77,2,0,2,7,1,8,35,17,52,1,0,1,0,4,4,299,193,492,2022-12-31T23:00:00Z
08,495,Viškovo,1737,1172,2909,221,113,334,7,4,11,55,18,73,148,134,282,0,0,0,15,11,26,2183,1452,3635,2022-12-31T23:00:00Z
08,507,Vrbnik,146,92,238,34,11,45,8,5,13,1,0,1,32,23,55,0,0,0,0,1,1,221,132,353,2022-12-31T23:00:00Z
08,509,Vrbovsko,344,309,653,58,19,77,5,5,10,0,4,4,67,31,98,1,0,1,0,1,1,475,369,844,2022-12-31T23:00:00Z
08,52,Cres,515,412,927,77,23,100,8,5,13,15,3,18,34,56,90,0,0,0,9,8,17,658,507,1165,2022-12-31T23:00:00Z
08,53,Crikvenica,1205,1605,2810,209,121,330,3,2,5,39,23,62,197,154,351,0,0,0,26,30,56,1679,1935,3614,2022-12-31T23:00:00Z
08,538,Kostrena,509,329,838,40,26,66,1,1,2,72,8,80,22,32,54,0,0,0,2,5,7,646,401,1047,2022-12-31T23:00:00Z
08,55,Čabar,323,289,612,56,18,74,7,4,11,2,0,2,141,48,189,0,0,0,1,1,2,530,360,890,2022-12-31T23:00:00Z
08,61,Čavle,674,562,1236,102,53,155,1,1,2,28,10,38,90,85,175,0,0,0,2,3,5,897,714,1611,2022-12-31T23:00:00Z
08,624,Lopar,55,34,89,18,6,24,0,1,1,1,0,1,20,15,35,0,0,0,7,4,11,101,60,161,2022-12-31T23:00:00Z
08,69,Delnice,1095,753,1848,73,52,125,5,1,6,10,14,24,81,96,177,0,0,0,2,11,13,1266,927,2193,2022-12-31T23:00:00Z
08,74,Dobrinj,145,96,241,50,22,72,1,2,3,3,1,4,76,31,107,0,0,0,4,8,12,279,160,439,2022-12-31T23:00:00Z
08,8,Baška,157,154,311,41,28,69,6,2,8,1,4,5,24,40,64,0,0,0,25,34,59,254,262,516,2022-12-31T23:00:00Z
09,130,Gospić,2229,2352,4581,101,64,165,85,46,131,13,9,22,126,165,291,0,0,0,23,12,35,2577,2648,5225,2022-12-31T23:00:00Z
09,178,Karlobag,85,91,176,9,3,12,5,2,7,2,0,2,7,2,9,0,0,0,2,0,2,110,98,208,2022-12-31T23:00:00Z
09,240,Lovinac,205,78,283,0,0,0,1,1,2,1,0,1,1,3,4,0,0,0,0,0,0,208,82,290,2022-12-31T23:00:00Z
09,288,Novalja,718,557,1275,128,32,160,24,11,35,5,6,11,168,68,236,0,0,0,30,28,58,1073,702,1775,2022-12-31T23:00:00Z
09,313,Otočac,801,890,1691,94,38,132,63,29,92,8,6,14,108,116,224,0,0,0,3,7,10,1077,1086,2163,2022-12-31T23:00:00Z
09,323,Perušić,324,250,574,24,10,34,34,21,55,0,1,1,21,20,41,0,0,0,6,6,12,409,308,717,2022-12-31T23:00:00Z
09,37,Brinje,410,210,620,18,5,23,7,6,13,0,1,1,9,17,26,0,0,0,3,3,6,447,242,689,2022-12-31T23:00:00Z
09,387,Senj,732,647,1379,90,40,130,6,5,11,16,9,25,77,81,158,0,0,0,8,7,15,929,789,1718,2022-12-31T23:00:00Z
09,455,Plitvička Jezera,716,754,1470,45,19,64,56,17,73,3,6,9,200,142,342,0,0,0,10,0,10,1030,938,1968,2022-12-31T23:00:00Z
09,467,Udbina,125,89,214,9,4,13,42,13,55,0,0,0,12,18,30,0,0,0,8,1,9,196,125,321,2022-12-31T23:00:00Z
09,512,Vrhovine,104,35,139,3,3,6,7,1,8,0,0,0,4,4,8,0,0,0,0,1,1,118,44,162,2022-12-31T23:00:00Z
09,84,Donji Lapac,117,70,187,6,3,9,27,6,33,0,0,0,10,7,17,0,0,0,3,1,4,163,87,250,2022-12-31T23:00:00Z
10,136,Gradina,83,109,192,13,11,24,122,47,169,2,0,2,38,30,68,0,0,0,0,0,0,258,197,455,2022-12-31T23:00:00Z
10,245,Lukač,202,123,325,14,6,20,49,16,65,1,0,1,50,33,83,0,0,0,0,0,0,316,178,494,2022-12-31T23:00:00Z
10,266,Mikleuš,70,53,123,7,1,8,14,6,20,0,0,0,14,9,23,0,0,0,0,0,0,105,69,174,2022-12-31T23:00:00Z
10,283,Nova Bukovica,43,38,81,9,6,15,33,10,43,1,0,1,20,16,36,0,0,0,1,0,1,107,70,177,2022-12-31T23:00:00Z
10,307,Orahovica,883,641,1524,73,35,108,11,4,15,11,10,21,104,113,217,0,0,0,7,1,8,1089,804,1893,2022-12-31T23:00:00Z
10,332,Pitomača,702,678,1380,85,42,127,152,86,238,2,6,8,188,159,347,0,0,0,3,15,18,1132,986,2118,2022-12-31T23:00:00Z
10,395,Slatina,1570,1473,3043,153,79,232,134,36,170,12,22,34,180,237,417,0,0,0,11,8,19,2060,1855,3915,2022-12-31T23:00:00Z
10,407,Sopje,157,44,201,4,1,5,83,17,100,0,0,0,20,25,45,0,0,0,0,0,0,264,87,351,2022-12-31T23:00:00Z
10,424,Suhopolje,249,257,506,26,21,47,98,39,137,1,1,2,62,54,116,0,0,0,5,3,8,441,375,816,2022-12-31T23:00:00Z
10,449,Špišić Bukovica,149,155,304,25,10,35,156,56,212,1,2,3,34,50,84,0,0,0,1,0,1,366,273,639,2022-12-31T23:00:00Z
10,491,Virovitica,3804,3950,7754,186,117,303,95,27,122,27,19,46,369,348,717,1,0,1,10,18,28,4492,4479,8971,2022-12-31T23:00:00Z
10,499,Voćin,146,110,256,12,2,14,30,23,53,0,0,0,15,6,21,0,0,0,4,1,5,207,142,349,2022-12-31T23:00:00Z
10,524,Zdenci,182,95,277,9,3,12,17,7,24,0,1,1,12,12,24,0,0,0,0,2,2,220,120,340,2022-12-31T23:00:00Z
10,54,Crnac,24,36,60,14,4,18,19,7,26,0,1,1,15,12,27,0,0,0,0,0,0,72,60,132,2022-12-31T23:00:00Z
10,56,Čačinci,149,97,246,19,15,34,19,10,29,0,1,1,26,29,55,0,0,0,2,3,5,215,155,370,2022-12-31T23:00:00Z
10,57,Čađavica,110,89,199,12,9,21,66,18,84,0,0,0,45,28,73,0,0,0,0,0,0,233,144,377,2022-12-31T23:00:00Z
11,164,Jakšić,170,107,277,32,7,39,23,5,28,0,2,2,37,16,53,0,0,0,0,0,0,262,137,399,2022-12-31T23:00:00Z
11,177,Kaptol,100,87,187,16,2,18,23,3,26,0,1,1,43,9,52,0,0,0,0,1,1,182,103,285,2022-12-31T23:00:00Z
11,221,Kutjevo,528,416,944,52,18,70,66,28,94,1,2,3,76,72,148,0,0,0,5,2,7,728,538,1266,2022-12-31T23:00:00Z
11,231,Lipik,753,643,1396,43,14,57,26,18,44,2,6,8,53,56,109,0,0,0,1,0,1,878,737,1615,2022-12-31T23:00:00Z
11,318,Pakrac,635,1131,1766,79,35,114,61,18,79,12,10,22,184,91,275,0,0,0,0,3,3,971,1288,2259,2022-12-31T23:00:00Z
11,334,Pleternica,572,515,1087,82,34,116,54,12,66,4,5,9,160,115,275,0,0,0,1,5,6,873,686,1559,2022-12-31T23:00:00Z
11,35,Brestovac,117,88,205,16,4,20,14,3,17,1,1,2,30,11,41,0,0,0,0,1,1,178,108,286,2022-12-31T23:00:00Z
11,351,Požega,5098,4557,9655,317,164,481,129,39,168,38,85,123,381,344,725,0,1,1,12,25,37,5975,5215,11190,2022-12-31T23:00:00Z
11,475,Velika,322,318,640,26,18,44,21,4,25,2,3,5,46,41,87,0,0,0,0,2,2,417,386,803,2022-12-31T23:00:00Z
11,58,Čaglin,103,163,266,9,1,10,15,4,19,0,1,1,10,11,21,0,0,0,0,0,0,137,180,317,2022-12-31T23:00:00Z
12,10,Bebrina,47,72,119,15,8,23,18,4,22,2,0,2,10,11,21,0,0,0,1,0,1,93,95,188,2022-12-31T23:00:00Z
12,118,Garčin,137,147,284,30,10,40,34,18,52,0,0,0,28,29,57,0,0,0,1,1,2,230,205,435,2022-12-31T23:00:00Z
12,127,Gornji Bogićevci,50,42,92,12,2,14,10,2,12,0,0,0,19,26,45,0,0,0,0,0,0,91,72,163,2022-12-31T23:00:00Z
12,140,Gundinci,97,42,139,13,4,17,49,22,71,0,0,0,12,8,20,0,0,0,0,0,0,171,76,247,2022-12-31T23:00:00Z
12,185,Klakar,85,56,141,13,3,16,26,4,30,0,1,1,11,20,31,0,0,0,0,0,0,135,84,219,2022-12-31T23:00:00Z
12,284,Nova Gradiška,2269,2161,4430,143,96,239,25,19,44,20,20,40,275,302,577,0,0,0,1,7,8,2733,2605,5338,2022-12-31T23:00:00Z
12,285,Nova Kapela,158,214,372,26,19,45,22,6,28,2,3,5,44,44,88,0,0,0,1,0,1,253,286,539,2022-12-31T23:00:00Z
12,299,Okučani,222,160,382,33,8,41,11,2,13,0,0,0,47,16,63,0,0,0,1,3,4,314,189,503,2022-12-31T23:00:00Z
12,303,Oprisavci,288,184,472,11,1,12,34,11,45,1,0,1,8,21,29,0,0,0,0,0,0,342,217,559,2022-12-31T23:00:00Z
12,309,Oriovac,283,317,600,40,21,61,21,13,34,2,3,5,60,45,105,0,0,0,2,1,3,408,400,808,2022-12-31T23:00:00Z
12,338,Podcrkavlje,32,37,69,17,2,19,7,3,10,0,1,1,16,7,23,0,0,0,0,0,0,72,50,122,2022-12-31T23:00:00Z
12,372,Rešetari,196,219,415,39,8,47,18,7,25,3,1,4,85,45,130,0,0,0,0,0,0,341,280,621,2022-12-31T23:00:00Z
12,388,Sibinj,167,194,361,61,20,81,17,1,18,0,0,0,62,40,102,0,0,0,2,6,8,309,261,570,2022-12-31T23:00:00Z
12,39,Brodski Stupnik,70,82,152,14,9,23,9,3,12,2,0,2,70,36,106,0,0,0,1,0,1,166,130,296,2022-12-31T23:00:00Z
12,396,Slavonski Brod,14076,9525,23601,637,355,992,41,26,67,74,86,160,912,932,1844,0,0,0,13,19,32,15753,10943,26696,2022-12-31T23:00:00Z
12,397,Slavonski Šamac,85,75,160,10,4,14,16,10,26,0,1,1,15,6,21,0,0,0,0,0,0,126,96,222,2022-12-31T23:00:00Z
12,412,Stara Gradiška,162,102,264,6,3,9,8,3,11,0,0,0,26,11,37,0,0,0,0,0,0,202,119,321,2022-12-31T23:00:00Z
12,418,Staro Petrovo Selo,211,143,354,35,13,48,41,15,56,1,1,2,100,48,148,0,0,0,0,2,2,388,222,610,2022-12-31T23:00:00Z
12,46,Cernik,131,180,311,40,12,52,8,7,15,4,1,5,53,29,82,0,0,0,0,1,1,236,230,466,2022-12-31T23:00:00Z
12,476,Velika Kopanica,196,119,315,30,10,40,33,18,51,1,1,2,35,28,63,0,0,0,0,2,2,295,178,473,2022-12-31T23:00:00Z
12,506,Vrbje,41,35,76,10,1,11,19,2,21,0,0,0,19,25,44,0,0,0,0,0,0,89,63,152,2022-12-31T23:00:00Z
12,514,Vrpolje,214,115,329,30,4,34,47,16,63,0,2,2,18,19,37,0,0,0,0,1,1,309,157,466,2022-12-31T23:00:00Z
12,567,Bukovlje,110,67,177,20,10,30,1,0,1,0,0,0,11,14,25,0,0,0,0,1,1,142,92,234,2022-12-31T23:00:00Z
12,568,Dragalić,26,36,62,8,0,8,6,2,8,0,0,0,6,8,14,0,0,0,0,1,1,46,47,93,2022-12-31T23:00:00Z
12,569,Gornja Vrba,387,136,523,17,6,23,1,1,2,2,1,3,23,26,49,0,0,0,0,0,0,430,170,600,2022-12-31T23:00:00Z
12,570,Sikirevci,36,42,78,21,7,28,37,16,53,0,0,0,12,11,23,0,0,0,1,2,3,107,78,185,2022-12-31T23:00:00Z
12,68,Davor,129,104,233,15,7,22,13,4,17,1,0,1,15,21,36,0,0,0,0,0,0,173,136,309,2022-12-31T23:00:00Z
12,81,Donji Andrijevci,144,127,271,26,12,38,21,5,26,0,1,1,27,12,39,0,0,0,0,0,0,218,157,375,2022-12-31T23:00:00Z
13,131,Gračac,256,278,534,19,15,34,69,32,101,2,1,3,51,41,92,0,0,0,4,2,6,401,369,770,2022-12-31T23:00:00Z
13,167,Jasenice,168,86,254,13,2,15,8,3,11,2,0,2,13,6,19,0,0,0,0,3,3,204,100,304,2022-12-31T23:00:00Z
13,17,Benkovac,1160,1093,2253,112,40,152,100,58,158,10,7,17,220,108,328,0,0,0,6,5,11,1608,1311,2919,2022-12-31T23:00:00Z
13,173,Kali,282,113,395,24,16,40,2,1,3,12,0,12,52,29,81,0,0,0,2,1,3,374,160,534,2022-12-31T23:00:00Z
13,20,Bibinje,217,194,411,61,23,84,4,1,5,4,3,7,77,65,142,0,0,0,0,2,2,363,288,651,2022-12-31T23:00:00Z
13,22,Biograd Na Moru,1130,1398,2528,135,67,202,27,14,41,19,7,26,145,191,336,0,0,0,9,19,28,1465,1696,3161,2022-12-31T23:00:00Z
13,234,Lišane Ostrovičke,25,32,57,9,3,12,0,1,1,0,0,0,9,9,18,0,0,0,0,0,0,43,45,88,2022-12-31T23:00:00Z
13,282,Nin,485,331,816,44,17,61,8,5,13,4,2,6,41,29,70,0,0,0,28,68,96,610,452,1062,2022-12-31T23:00:00Z
13,296,Obrovac,362,240,602,34,11,45,35,7,42,4,3,7,14,34,48,0,0,0,5,6,11,454,301,755,2022-12-31T23:00:00Z
13,316,Pag,494,407,901,59,25,84,37,13,50,4,5,9,58,48,106,0,0,0,11,17,28,663,515,1178,2022-12-31T23:00:00Z
13,317,Pakoštane,366,318,684,59,22,81,10,14,24,8,2,10,97,51,148,0,0,0,15,31,46,555,438,993,2022-12-31T23:00:00Z
13,320,Pašman,116,108,224,42,10,52,4,4,8,18,0,18,42,20,62,0,0,0,3,3,6,225,145,370,2022-12-31T23:00:00Z
13,344,Polača,104,71,175,18,7,25,5,2,7,4,0,4,13,15,28,0,0,0,1,4,5,145,99,244,2022-12-31T23:00:00Z
13,345,Poličnik,514,395,909,53,9,62,10,8,18,7,2,9,43,26,69,0,0,0,1,0,1,628,440,1068,2022-12-31T23:00:00Z
13,349,Posedarje,136,203,339,41,15,56,4,9,13,7,1,8,35,30,65,0,0,0,1,3,4,224,261,485,2022-12-31T23:00:00Z
13,354,Preko,274,452,726,54,14,68,5,3,8,20,4,24,41,20,61,0,0,0,4,8,12,398,501,899,2022-12-31T23:00:00Z
13,371,Ražanac,86,99,185,24,7,31,6,5,11,12,0,12,28,12,40,0,0,0,4,0,4,160,123,283,2022-12-31T23:00:00Z
13,379,Sali,165,148,313,42,13,55,5,2,7,10,2,12,28,19,47,0,0,0,3,5,8,253,189,442,2022-12-31T23:00:00Z
13,411,Stankovci,236,144,380,35,7,42,5,3,8,1,1,2,31,14,45,0,0,0,0,4,4,308,173,481,2022-12-31T23:00:00Z
13,416,Starigrad,129,131,260,41,26,67,9,3,12,2,0,2,32,35,67,0,0,0,3,19,22,216,214,430,2022-12-31T23:00:00Z
13,425,Sukošan,422,312,734,66,20,86,13,4,17,6,1,7,59,56,115,0,0,0,1,8,9,567,401,968,2022-12-31T23:00:00Z
13,428,Sveti Filip I Jakov,219,361,580,39,16,55,8,4,12,12,4,16,37,39,76,0,0,0,4,7,11,319,431,750,2022-12-31T23:00:00Z
13,445,Škabrnje,81,73,154,29,3,32,4,2,6,1,1,2,12,7,19,0,0,0,1,3,4,128,89,217,2022-12-31T23:00:00Z
13,489,Vir,277,271,548,58,14,72,1,2,3,2,1,3,35,34,69,0,0,0,5,1,6,378,323,701,2022-12-31T23:00:00Z
13,520,Zadar,14938,16221,31159,1129,651,1780,43,26,69,664,209,873,1298,1372,2670,4,0,4,143,149,292,18219,18628,36847,2022-12-31T23:00:00Z
13,525,Zemunik Donji,134,180,314,19,6,25,4,3,7,0,0,0,28,10,38,0,0,0,54,88,142,239,287,526,2022-12-31T23:00:00Z
13,537,Novigrad,63,94,157,28,2,30,7,6,13,7,1,8,26,13,39,0,0,0,2,4,6,133,120,253,2022-12-31T23:00:00Z
13,571,Galovac,37,62,99,15,1,16,3,5,8,3,3,6,11,10,21,0,0,0,0,2,2,69,83,152,2022-12-31T23:00:00Z
13,572,Kukljica,43,42,85,20,1,21,1,0,1,3,1,4,23,5,28,0,0,0,1,0,1,91,49,140,2022-12-31T23:00:00Z
13,573,Povljana,47,33,80,13,6,19,5,1,6,4,0,4,9,7,16,0,0,0,1,4,5,79,51,130,2022-12-31T23:00:00Z
13,574,Privlaka,130,140,270,17,13,30,1,2,3,7,0,7,22,12,34,0,0,0,5,2,7,182,169,351,2022-12-31T23:00:00Z
13,575,Tkon,104,68,172,24,8,32,2,2,4,3,0,3,45,22,67,0,0,0,0,1,1,178,101,279,2022-12-31T23:00:00Z
13,622,Kolan,148,84,232,20,3,23,5,2,7,1,0,1,19,15,34,0,0,0,4,8,12,197,112,309,2022-12-31T23:00:00Z
13,625,Vrsi,123,54,177,16,9,25,5,3,8,16,0,16,26,24,50,0,0,0,2,1,3,188,91,279,2022-12-31T23:00:00Z
14,103,Đakovo,2887,2862,5749,489,218,707,226,91,317,28,33,61,592,559,1151,0,0,0,11,16,27,4233,3779,8012,2022-12-31T23:00:00Z
14,106,Đurđenovac,524,512,1036,41,12,53,19,15,34,0,3,3,64,42,106,0,0,0,4,0,4,652,584,1236,2022-12-31T23:00:00Z
14,110,Erdut,330,269,599,36,16,52,57,15,72,2,4,6,53,39,92,0,0,0,0,2,2,478,345,823,2022-12-31T23:00:00Z
14,111,Ernestinovo,76,213,289,4,3,7,24,7,31,1,1,2,9,7,16,0,0,0,0,0,0,114,231,345,2022-12-31T23:00:00Z
14,116,Feričanci,120,115,235,24,6,30,3,0,3,0,0,0,40,15,55,0,0,0,0,0,0,187,136,323,2022-12-31T23:00:00Z
14,124,Gorjani,110,153,263,17,6,23,13,7,20,0,0,0,10,5,15,0,0,0,1,0,1,151,171,322,2022-12-31T23:00:00Z
14,13,Beli Manastir,1083,1193,2276,95,45,140,74,34,108,10,14,24,123,104,227,0,0,0,3,1,4,1388,1391,2779,2022-12-31T23:00:00Z
14,16,Belišće,1684,646,2330,71,32,103,27,9,36,2,8,10,83,89,172,0,0,0,1,1,2,1868,785,2653,2022-12-31T23:00:00Z
14,195,Kneževi Vinogradi,213,263,476,33,7,40,34,7,41,1,2,3,65,64,129,0,0,0,1,1,2,347,344,691,2022-12-31T23:00:00Z
14,2,Antunovac,208,193,401,35,13,48,12,6,18,0,1,1,18,14,32,0,0,0,0,0,0,273,227,500,2022-12-31T23:00:00Z
14,205,Koška,184,141,325,26,7,33,29,7,36,2,3,5,29,24,53,0,0,0,6,3,9,276,185,461,2022-12-31T23:00:00Z
14,21,Bilje,290,297,587,45,23,68,20,12,32,1,5,6,54,41,95,0,0,0,0,1,1,410,379,789,2022-12-31T23:00:00Z
14,23,Bizovac,234,223,457,22,12,34,25,9,34,2,4,6,23,28,51,0,0,0,5,12,17,311,288,599,2022-12-31T23:00:00Z
14,230,Levanjska Varoš,40,28,68,2,1,3,8,6,14,0,0,0,1,3,4,0,0,0,0,0,0,51,38,89,2022-12-31T23:00:00Z
14,257,Marijanci,94,77,171,6,5,11,11,0,11,0,0,0,16,22,38,0,0,0,1,1,2,128,105,233,2022-12-31T23:00:00Z
14,271,Moslavina Podravska,18,22,40,4,2,6,15,5,20,0,0,0,15,12,27,0,0,0,0,0,0,52,41,93,2022-12-31T23:00:00Z
14,278,Našice,2201,1840,4041,178,97,275,59,32,91,21,45,66,237,212,449,0,0,0,18,10,28,2714,2236,4950,2022-12-31T23:00:00Z
14,312,Osijek,24144,22640,46784,944,674,1618,121,47,168,168,189,357,736,1128,1864,1,1,2,32,42,74,26146,24721,50867,2022-12-31T23:00:00Z
14,325,Petlovac,52,38,90,7,4,11,13,0,13,0,0,0,17,8,25,0,0,0,0,0,0,89,50,139,2022-12-31T23:00:00Z
14,327,Petrijevci,273,211,484,18,4,22,5,3,8,0,0,0,7,6,13,0,0,0,0,2,2,303,226,529,2022-12-31T23:00:00Z
14,340,Podgorač,113,79,192,24,6,30,26,4,30,1,3,4,20,34,54,0,0,0,0,0,0,184,126,310,2022-12-31T23:00:00Z
14,346,Popovac,59,47,106,2,3,5,5,3,8,0,0,0,4,3,7,0,0,0,0,0,0,70,56,126,2022-12-31T23:00:00Z
14,361,Punitovci,48,65,113,22,4,26,16,4,20,0,0,0,38,8,46,0,0,0,0,0,0,124,81,205,2022-12-31T23:00:00Z
14,381,Satnica Đakovačka,132,113,245,20,7,27,10,3,13,0,0,0,46,25,71,0,0,0,0,0,0,208,148,356,2022-12-31T23:00:00Z
14,386,Semeljci,200,226,426,47,16,63,52,24,76,2,1,3,81,38,119,0,0,0,0,1,1,382,306,688,2022-12-31T23:00:00Z
14,421,Strizivojna,313,316,629,18,8,26,16,3,19,0,0,0,19,13,32,0,0,0,1,1,2,367,341,708,2022-12-31T23:00:00Z
14,461,Trnava,57,69,126,6,2,8,13,6,19,0,0,0,12,3,15,0,0,0,0,0,0,88,80,168,2022-12-31T23:00:00Z
14,471,Valpovo,844,1064,1908,81,62,143,51,17,68,14,20,34,86,108,194,0,0,0,6,11,17,1082,1282,2364,2022-12-31T23:00:00Z
14,485,Viljevo,56,60,116,10,0,10,20,4,24,0,0,0,16,11,27,0,0,0,0,1,1,102,76,178,2022-12-31T23:00:00Z
14,494,Viškovci,215,201,416,24,5,29,15,5,20,0,0,0,19,5,24,0,0,0,1,0,1,274,216,490,2022-12-31T23:00:00Z
14,517,Vuka,34,72,106,17,2,19,13,4,17,0,0,0,22,10,32,0,0,0,0,0,0,86,88,174,2022-12-31T23:00:00Z
14,576,Donja Motičina,25,12,37,9,3,12,1,1,2,0,1,1,18,9,27,0,0,0,0,0,0,53,26,79,2022-12-31T23:00:00Z
14,578,Magadenovac,90,103,193,4,2,6,23,9,32,0,1,1,16,17,33,0,0,0,0,0,0,133,132,265,2022-12-31T23:00:00Z
14,579,Vladislavci,123,120,243,2,0,2,6,5,11,0,0,0,8,3,11,0,0,0,0,0,0,139,128,267,2022-12-31T23:00:00Z
14,609,Jagodnjak,92,70,162,7,2,9,24,6,30,0,0,0,11,5,16,0,0,0,0,1,1,134,84,218,2022-12-31T23:00:00Z
14,614,Šodolovci,24,12,36,0,0,0,0,0,0,0,0,0,5,3,8,0,0,0,0,0,0,29,15,44,2022-12-31T23:00:00Z
14,64,Čeminac,57,74,131,12,0,12,4,2,6,0,0,0,26,13,39,0,0,0,0,0,0,99,89,188,2022-12-31T23:00:00Z
14,65,Čepin,728,533,1261,99,40,139,59,27,86,5,10,15,105,96,201,0,0,0,3,1,4,999,707,1706,2022-12-31T23:00:00Z
14,66,Darda,1781,828,2609,56,31,87,35,5,40,2,4,6,63,53,116,0,0,0,0,1,1,1937,922,2859,2022-12-31T23:00:00Z
14,86,Donji Miholjac,1169,1016,2185,97,59,156,164,37,201,5,13,18,150,115,265,0,0,0,2,0,2,1587,1240,2827,2022-12-31T23:00:00Z
14,91,Draž,74,102,176,12,3,15,14,4,18,0,0,0,7,12,19,0,0,0,1,1,2,108,122,230,2022-12-31T23:00:00Z
14,94,Drenje,98,143,241,31,5,36,45,10,55,0,0,0,17,15,32,0,0,0,0,0,0,191,173,364,2022-12-31T23:00:00Z
15,113,Ervenik,34,60,94,3,0,3,4,1,5,0,0,0,4,2,6,0,0,0,0,0,0,45,63,108,2022-12-31T23:00:00Z
15,183,Kijevo,28,30,58,2,0,2,0,0,0,0,0,0,0,0,0,0,0,0,0,0,0,30,30,60,2022-12-31T23:00:00Z
15,184,Kistanje,61,94,155,16,4,20,1,2,3,1,0,1,12,8,20,0,0,0,0,0,0,91,108,199,2022-12-31T23:00:00Z
15,196,Knin,1313,1557,2870,122,70,192,60,17,77,31,6,37,151,144,295,0,0,0,2,4,6,1679,1798,3477,2022-12-31T23:00:00Z
15,298,Promina,115,86,201,2,1,3,1,2,3,0,0,0,1,1,2,0,0,0,0,0,0,119,90,209,2022-12-31T23:00:00Z
15,310,Biskupija,112,44,156,1,0,1,2,0,2,1,0,1,0,0,0,0,0,0,0,0,0,116,44,160,2022-12-31T23:00:00Z
15,357,Primošten,234,288,522,104,29,133,8,2,10,5,2,7,33,24,57,0,1,1,4,9,13,388,355,743,2022-12-31T23:00:00Z
15,377,Ružić,34,51,85,5,0,5,6,5,11,0,0,0,6,9,15,0,0,0,0,0,0,51,65,116,2022-12-31T23:00:00Z
15,394,Skradin,121,151,272,44,12,56,20,9,29,2,2,4,27,29,56,0,0,0,1,4,5,215,207,422,2022-12-31T23:00:00Z
15,444,Šibenik,8019,8461,16480,660,346,1006,39,14,53,198,95,293,574,656,1230,0,0,0,34,55,89,9524,9627,19151,2022-12-31T23:00:00Z
15,454,Tisno,320,269,589,93,30,123,7,0,7,11,2,13,38,37,75,0,0,0,6,8,14,475,346,821,2022-12-31T23:00:00Z
15,469,Unešić,46,73,119,11,0,11,3,1,4,1,0,1,14,5,19,0,0,0,0,0,0,75,79,154,2022-12-31T23:00:00Z
15,500,Vodice,978,1005,1983,285,107,392,12,3,15,15,9,24,231,149,380,0,0,0,19,48,67,1540,1321,2861,2022-12-31T23:00:00Z
15,51,Civljane,52,9,61,1,1,2,0,0,0,0,0,0,3,2,5,0,0,0,0,0,0,56,12,68,2022-12-31T23:00:00Z
15,581,Pirovac,146,160,306,33,17,50,6,5,11,4,2,6,54,35,89,0,0,0,1,0,1,244,219,463,2022-12-31T23:00:00Z
15,582,Rogoznica,263,243,506,47,11,58,1,1,2,5,1,6,45,35,80,0,0,0,3,3,6,364,294,658,2022-12-31T23:00:00Z
15,617,Murter,256,260,516,52,28,80,3,1,4,21,3,24,61,40,101,0,0,0,11,16,27,404,348,752,2022-12-31T23:00:00Z
15,621,Bilice,99,45,144,25,6,31,0,0,0,6,0,6,21,13,34,0,0,0,0,0,0,151,64,215,2022-12-31T23:00:00Z
15,626,Tribunj,80,93,173,20,10,30,1,0,1,4,0,4,57,33,90,0,0,0,1,1,2,163,137,300,2022-12-31T23:00:00Z
15,95,Drniš,951,681,1632,67,55,122,53,22,75,5,6,11,100,86,186,0,0,0,0,1,1,1176,851,2027,2022-12-31T23:00:00Z
16,1,Andrijaševci,75,131,206,27,13,40,12,5,17,1,1,2,34,27,61,0,0,0,1,4,5,150,181,331,2022-12-31T23:00:00Z
16,137,Gradište,73,101,174,17,4,21,31,5,36,0,1,1,16,18,34,0,0,0,0,1,1,137,130,267,2022-12-31T23:00:00Z
16,141,Gunja,186,140,326,28,10,38,46,15,61,1,0,1,34,10,44,0,0,0,1,2,3,296,177,473,2022-12-31T23:00:00Z
16,154,Ilok,460,596,1056,71,23,94,48,16,64,2,3,5,102,92,194,0,0,0,0,0,0,683,730,1413,2022-12-31T23:00:00Z
16,159,Ivankovo,371,421,792,71,29,100,54,13,67,1,5,6,112,73,185,0,0,0,3,3,6,612,544,1156,2022-12-31T23:00:00Z
16,166,Jarmina,35,95,130,17,9,26,31,12,43,0,2,2,20,16,36,0,0,0,1,3,4,104,137,241,2022-12-31T23:00:00Z
16,239,Lovas,62,86,148,6,0,6,14,0,14,0,0,0,5,4,9,0,0,0,0,0,0,87,90,177,2022-12-31T23:00:00Z
16,26,Bogdanovci,34,18,52,3,0,3,7,5,12,0,0,0,16,5,21,0,0,0,0,0,0,60,28,88,2022-12-31T23:00:00Z
16,29,Borovo,66,97,163,50,15,65,26,3,29,1,3,4,57,76,133,0,0,0,2,3,5,202,197,399,2022-12-31T23:00:00Z
16,294,Nuštar,245,297,542,33,21,54,22,5,27,2,2,4,39,28,67,0,0,0,0,0,0,341,353,694,2022-12-31T23:00:00Z
16,295,Nijemci,206,220,426,25,6,31,84,24,108,0,1,1,58,35,93,0,0,0,0,1,1,373,287,660,2022-12-31T23:00:00Z
16,3,Babina Greda,183,192,375,33,15,48,79,24,103,3,0,3,31,34,65,0,0,0,1,0,1,330,265,595,2022-12-31T23:00:00Z
16,32,Bošnjaci,113,135,248,24,6,30,31,5,36,2,0,2,31,36,67,0,0,0,0,0,0,201,182,383,2022-12-31T23:00:00Z
16,414,Stari Jankovci,165,149,314,24,4,28,41,9,50,1,0,1,24,16,40,0,0,0,1,1,2,256,179,435,2022-12-31T23:00:00Z
16,415,Stari Mikanovci,89,152,241,18,9,27,25,13,38,3,1,4,33,40,73,0,0,0,0,0,0,168,215,383,2022-12-31T23:00:00Z
16,44,Cerna,433,246,679,47,26,73,55,18,73,2,1,3,67,69,136,0,0,0,1,0,1,605,360,965,2022-12-31T23:00:00Z
16,456,Tompojevci,21,36,57,15,4,19,38,10,48,0,0,0,12,11,23,0,0,0,1,0,1,87,61,148,2022-12-31T23:00:00Z
16,458,Tordinci,96,87,183,6,2,8,9,0,9,0,0,0,7,13,20,0,0,0,0,0,0,118,102,220,2022-12-31T23:00:00Z
16,459,Tovarnik,157,160,317,19,3,22,49,23,72,1,1,2,6,14,20,0,0,0,4,0,4,236,201,437,2022-12-31T23:00:00Z
16,464,Trpinja,106,195,301,27,10,37,80,17,97,1,0,1,32,22,54,0,0,0,0,0,0,246,244,490,2022-12-31T23:00:00Z
16,487,Vinkovci,8009,6463,14472,298,192,490,46,22,68,57,49,106,450,622,1072,1,0,1,12,22,34,8873,7370,16243,2022-12-31T23:00:00Z
16,505,Vrbanja,299,129,428,30,13,43,65,17,82,1,1,2,36,31,67,0,0,0,7,1,8,438,192,630,2022-12-31T23:00:00Z
16,518,Vukovar,4441,4685,9126,299,150,449,105,38,143,26,25,51,430,402,832,0,0,0,4,9,13,5305,5309,10614,2022-12-31T23:00:00Z
16,534,Županja,2043,1530,3573,140,59,199,39,16,55,21,19,40,162,181,343,1,0,1,3,2,5,2409,1807,4216,2022-12-31T23:00:00Z
16,535,Otok (Vinkovci),393,302,695,36,20,56,61,12,73,7,1,8,86,52,138,0,0,0,0,1,1,583,388,971,2022-12-31T23:00:00Z
16,583,Privlaka,99,110,209,18,6,24,24,8,32,0,2,2,14,20,34,0,0,0,0,0,0,155,146,301,2022-12-31T23:00:00Z
16,584,Vođinci,48,160,208,14,2,16,7,6,13,0,1,1,13,14,27,0,0,0,0,0,0,82,183,265,2022-12-31T23:00:00Z
16,610,Markušica,36,70,106,11,4,15,52,14,66,0,1,1,13,10,23,0,0,0,1,0,1,113,99,212,2022-12-31T23:00:00Z
16,612,Negoslavci,25,34,59,6,1,7,12,3,15,1,0,1,13,10,23,0,0,0,0,0,0,57,48,105,2022-12-31T23:00:00Z
16,628,Štitar,77,81,158,6,1,7,14,3,17,0,0,0,12,4,16,0,0,0,0,0,0,109,89,198,2022-12-31T23:00:00Z
16,92,Drenovci,101,186,287,37,4,41,108,38,146,3,1,4,41,49,90,0,0,0,0,0,0,290,278,568,2022-12-31T23:00:00Z
17,100,Dugi Rat,610,605,1215,80,27,107,0,2,2,26,3,29,145,102,247,0,0,0,23,31,54,884,770,1654,2022-12-31T23:00:00Z
17,134,Gradac,135,165,300,40,11,51,4,1,5,2,1,3,16,22,38,0,0,0,10,23,33,207,223,430,2022-12-31T23:00:00Z
17,148,Hrvace,301,197,498,45,18,63,8,7,15,2,3,5,52,37,89,0,0,0,1,2,3,409,264,673,2022-12-31T23:00:00Z
17,153,Hvar,544,529,1073,173,66,239,17,12,29,16,5,21,129,111,240,3,0,3,61,62,123,943,785,1728,2022-12-31T23:00:00Z
17,155,Imotski,1400,1417,2817,170,92,262,11,8,19,28,15,43,132,168,300,0,0,0,9,15,24,1750,1715,3465,2022-12-31T23:00:00Z
17,171,Jelsa,323,288,611,82,23,105,40,15,55,8,0,8,91,44,135,0,0,0,21,13,34,565,383,948,2022-12-31T23:00:00Z
17,181,Kaštela,3582,3938,7520,513,254,767,22,14,36,129,38,167,469,546,1015,0,0,0,78,44,122,4793,4834,9627,2022-12-31T23:00:00Z
17,192,Klis,242,208,450,33,8,41,7,3,10,20,2,22,52,25,77,0,0,0,1,3,4,355,249,604,2022-12-31T23:00:00Z
17,197,Komiža,127,126,253,62,16,78,4,1,5,3,2,5,22,20,42,0,0,0,12,14,26,230,179,409,2022-12-31T23:00:00Z
17,243,Lovreć,148,100,248,16,6,22,4,0,4,1,0,1,32,12,44,0,0,0,2,2,4,203,120,323,2022-12-31T23:00:00Z
17,249,Makarska,2463,2410,4873,256,154,410,4,1,5,44,31,75,327,317,644,1,0,1,77,136,213,3172,3049,6221,2022-12-31T23:00:00Z
17,258,Marina,203,244,447,63,21,84,5,6,11,14,0,14,39,40,79,1,0,1,2,0,2,327,311,638,2022-12-31T23:00:00Z
17,267,Milna,86,80,166,28,5,33,6,2,8,4,0,4,17,17,34,0,0,0,2,2,4,143,106,249,2022-12-31T23:00:00Z
17,27,Bol,280,332,612,45,19,64,4,2,6,5,2,7,54,23,77,0,0,0,13,10,23,401,388,789,2022-12-31T23:00:00Z
17,280,Nerežišća,144,60,204,17,2,19,3,1,4,1,0,1,25,17,42,0,0,0,0,0,0,190,80,270,2022-12-31T23:00:00Z
17,300,Omiš,1527,1679,3206,236,93,329,13,6,19,40,17,57,266,237,503,0,0,0,13,29,42,2095,2061,4156,2022-12-31T23:00:00Z
17,314,Otok,193,223,416,66,21,87,12,0,12,2,1,3,83,51,134,0,0,0,1,1,2,357,297,654,2022-12-31T23:00:00Z
17,337,Podbablje,301,190,491,38,4,42,5,0,5,3,1,4,19,30,49,0,0,0,1,3,4,367,228,595,2022-12-31T23:00:00Z
17,339,Podgora,199,183,382,44,12,56,1,1,2,1,0,1,28,21,49,0,0,0,37,31,68,310,248,558,2022-12-31T23:00:00Z
17,341,Podstrana,824,706,1530,66,21,87,14,3,17,56,3,59,57,95,152,1,0,1,8,26,34,1026,854,1880,2022-12-31T23:00:00Z
17,350,Postira,269,235,504,30,17,47,9,2,11,2,3,5,16,9,25,0,0,0,1,1,2,327,267,594,2022-12-31T23:00:00Z
17,358,Pučišća,215,142,357,51,8,59,10,5,15,5,0,5,38,11,49,0,0,0,3,2,5,322,168,490,2022-12-31T23:00:00Z
17,382,Seget,472,376,848,39,8,47,6,3,9,11,3,14,175,72,247,0,0,0,12,14,26,715,476,1191,2022-12-31T23:00:00Z
17,383,Selca,132,121,253,44,15,59,9,5,14,3,1,4,66,22,88,0,0,0,1,2,3,255,166,421,2022-12-31T23:00:00Z
17,389,Sinj,1979,2145,4124,334,148,482,56,20,76,45,38,83,331,367,698,0,0,0,6,14,20,2751,2732,5483,2022-12-31T23:00:00Z
17,406,Solin,3603,3139,6742,270,164,434,12,6,18,131,39,170,300,297,597,0,0,0,13,14,27,4329,3659,7988,2022-12-31T23:00:00Z
17,409,Split,34902,38790,73692,1666,1166,2832,67,41,108,2254,437,2691,1473,2104,3577,6,2,8,226,236,462,40594,42776,83370,2022-12-31T23:00:00Z
17,413,Stari Grad,327,320,647,66,21,87,20,14,34,7,4,11,45,32,77,0,0,0,18,22,40,483,413,896,2022-12-31T23:00:00Z
17,423,Sućuraj,22,23,45,23,2,25,2,1,3,0,0,0,13,6,19,0,0,0,0,1,1,60,33,93,2022-12-31T23:00:00Z
17,427,Supetar,590,773,1363,125,62,187,19,8,27,26,9,35,104,119,223,0,0,0,10,4,14,874,975,1849,2022-12-31T23:00:00Z
17,443,Šestanovac,154,159,313,30,7,37,11,1,12,1,2,3,16,24,40,0,0,0,2,0,2,214,193,407,2022-12-31T23:00:00Z
17,447,Šolta,167,128,295,17,9,26,9,3,12,9,0,9,10,10,20,0,0,0,9,13,22,221,163,384,2022-12-31T23:00:00Z
17,460,Trilj,516,571,1087,142,36,178,18,9,27,14,2,16,108,126,234,0,0,0,1,6,7,799,750,1549,2022-12-31T23:00:00Z
17,463,Trogir,1880,1874,3754,324,146,470,15,5,20,68,38,106,272,360,632,0,0,0,31,82,113,2590,2505,5095,2022-12-31T23:00:00Z
17,492,Vis,222,256,478,49,15,64,14,4,18,4,2,6,33,22,55,0,0,0,20,14,34,342,313,655,2022-12-31T23:00:00Z
17,50,Cista Provo,119,160,279,26,4,30,7,0,7,0,0,0,6,10,16,0,0,0,0,3,3,158,177,335,2022-12-31T23:00:00Z
17,511,Vrgorac,978,768,1746,53,27,80,26,13,39,5,6,11,40,71,111,0,0,0,2,9,11,1104,894,1998,2022-12-31T23:00:00Z
17,513,Vrlika,100,224,324,14,5,19,13,5,18,1,0,1,30,7,37,0,0,0,1,0,1,159,241,400,2022-12-31T23:00:00Z
17,522,Zagvozd,138,76,214,18,2,20,2,0,2,0,0,0,14,9,23,0,0,0,0,0,0,172,87,259,2022-12-31T23:00:00Z
17,528,Zmijavci,94,114,208,9,3,12,2,1,3,3,0,3,30,14,44,0,0,0,0,1,1,138,133,271,2022-12-31T23:00:00Z
17,585,Dugopolje,1599,913,2512,43,12,55,4,4,8,12,2,14,54,24,78,0,0,0,0,0,0,1712,955,2667,2022-12-31T23:00:00Z
17,586,Lećevica,9,39,48,7,0,7,1,1,2,1,0,1,2,0,2,0,0,0,0,0,0,20,40,60,2022-12-31T23:00:00Z
17,587,Lokvičići,30,21,51,2,0,2,2,0,2,0,0,0,1,2,3,0,0,0,1,0,1,36,23,59,2022-12-31T23:00:00Z
17,588,Okrug,155,222,377,39,16,55,2,0,2,11,5,16,101,27,128,0,0,0,9,17,26,317,287,604,2022-12-31T23:00:00Z
17,589,Prgomet,30,29,59,7,0,7,1,1,2,1,0,1,1,0,1,0,0,0,1,0,1,41,30,71,2022-12-31T23:00:00Z
17,590,Primorski Dolac,17,59,76,4,1,5,2,1,3,1,1,2,3,3,6,0,0,0,0,0,0,27,65,92,2022-12-31T23:00:00Z
17,591,Runovići,72,95,167,15,0,15,0,2,2,0,2,2,29,36,65,0,0,0,0,1,1,116,136,252,2022-12-31T23:00:00Z
17,592,Sutivan,88,72,160,15,8,23,5,1,6,8,1,9,23,10,33,0,0,0,5,3,8,144,95,239,2022-12-31T23:00:00Z
17,593,Tučepi,218,174,392,17,14,31,1,1,2,2,3,5,44,17,61,0,0,0,6,28,34,288,237,525,2022-12-31T23:00:00Z
17,595,Zadvarje,44,28,72,7,1,8,1,1,2,0,0,0,5,3,8,0,0,0,0,2,2,57,35,92,2022-12-31T23:00:00Z
17,72,Dicmo,458,195,653,35,17,52,5,2,7,3,1,4,28,39,67,0,0,0,1,0,1,530,254,784,2022-12-31T23:00:00Z
17,77,Brela,194,175,369,27,9,36,0,0,0,2,1,3,16,23,39,0,0,0,6,6,12,245,214,459,2022-12-31T23:00:00Z
17,87,Muć,179,224,403,21,3,24,2,4,6,3,4,7,9,7,16,0,0,0,0,1,1,214,243,457,2022-12-31T23:00:00Z
17,88,Proložac,192,158,350,18,6,24,3,4,7,0,0,0,34,23,57,0,0,0,4,2,6,251,193,444,2022-12-31T23:00:00Z
17,9,Baška Voda,208,214,422,55,27,82,1,0,1,4,2,6,47,42,89,0,0,0,14,23,37,329,308,637,2022-12-31T23:00:00Z
18,132,Gračišće,56,23,79,27,5,32,10,3,13,0,0,0,38,9,47,0,0,0,0,0,0,131,40,171,2022-12-31T23:00:00Z
18,138,Grožnjan,26,23,49,19,1,20,10,5,15,0,0,0,4,13,17,0,0,0,0,1,1,59,43,102,2022-12-31T23:00:00Z
18,175,Kanfanar,568,250,818,31,8,39,4,0,4,1,0,1,13,12,25,0,0,0,1,2,3,618,272,890,2022-12-31T23:00:00Z
18,217,Kršan,360,282,642,48,13,61,8,3,11,4,1,5,117,52,169,0,0,0,0,4,4,537,355,892,2022-12-31T23:00:00Z
18,222,Labin,2580,2300,4880,247,131,378,17,8,25,31,33,64,259,215,474,0,0,0,109,177,286,3243,2864,6107,2022-12-31T23:00:00Z
18,223,Lanišće,15,10,25,4,0,4,2,0,2,0,1,1,10,5,15,0,0,0,1,1,2,32,17,49,2022-12-31T23:00:00Z
18,235,Ližnjan,157,116,273,13,5,18,2,0,2,1,0,1,28,33,61,0,0,0,7,14,21,208,168,376,2022-12-31T23:00:00Z
18,246,Lupoglav,208,109,317,12,5,17,5,2,7,0,1,1,16,12,28,0,0,0,0,1,1,241,130,371,2022-12-31T23:00:00Z
18,254,Marčana,168,188,356,43,12,55,3,2,5,4,1,5,34,26,60,0,0,0,1,1,2,253,230,483,2022-12-31T23:00:00Z
18,263,Medulin,619,600,1219,65,39,104,5,2,7,6,6,12,89,101,190,0,0,0,37,54,91,821,802,1623,2022-12-31T23:00:00Z
18,274,Motovun,89,106,195,32,13,45,18,6,24,1,1,2,46,25,71,0,0,0,5,16,21,191,167,358,2022-12-31T23:00:00Z
18,291,Novigrad,911,1012,1923,122,53,175,17,4,21,2,9,11,106,88,194,0,0,0,12,37,49,1170,1203,2373,2022-12-31T23:00:00Z
18,304,Oprtalj,65,80,145,12,6,18,13,1,14,0,0,0,10,11,21,0,0,0,2,2,4,102,100,202,2022-12-31T23:00:00Z
18,321,Pazin,1964,1972,3936,309,126,435,56,26,82,14,21,35,301,206,507,0,0,0,4,14,18,2648,2365,5013,2022-12-31T23:00:00Z
18,330,Pićan,340,151,491,35,9,44,1,5,6,0,2,2,47,18,65,0,0,0,1,1,2,424,186,610,2022-12-31T23:00:00Z
18,348,Poreč,4593,4396,8989,650,335,985,46,17,63,54,51,105,487,414,901,2,1,3,209,204,413,6041,5418,11459,2022-12-31T23:00:00Z
18,359,Pula,12979,12609,25588,1306,698,2004,72,48,120,255,169,424,881,1000,1881,0,0,0,133,116,249,15626,14640,30266,2022-12-31T23:00:00Z
18,368,Raša,279,156,435,29,7,36,1,0,1,2,1,3,44,24,68,0,0,0,1,0,1,356,188,544,2022-12-31T23:00:00Z
18,374,Rovinj,2946,3255,6201,409,215,624,30,21,51,30,36,66,413,329,742,0,0,0,57,129,186,3885,3985,7870,2022-12-31T23:00:00Z
18,40,Brtonigla,125,99,224,41,13,54,20,8,28,1,1,2,44,50,94,0,0,0,3,3,6,234,174,408,2022-12-31T23:00:00Z
18,42,Buje,792,774,1566,114,45,159,27,13,40,6,7,13,63,56,119,0,0,0,3,5,8,1005,900,1905,2022-12-31T23:00:00Z
18,43,Buzet,1608,1094,2702,171,64,235,25,12,37,4,5,9,123,104,227,0,0,0,6,6,12,1937,1285,3222,2022-12-31T23:00:00Z
18,431,Sveti Lovreč,59,58,117,21,10,31,2,0,2,0,1,1,37,13,50,0,0,0,0,1,1,119,83,202,2022-12-31T23:00:00Z
18,432,Sveta Nedelja,176,144,320,29,8,37,8,2,10,4,0,4,42,20,62,0,0,0,4,1,5,263,175,438,2022-12-31T23:00:00Z
18,433,Sveti Petar U Šumi,190,125,315,22,4,26,3,4,7,0,0,0,12,5,17,0,0,0,1,1,2,228,139,367,2022-12-31T23:00:00Z
18,435,Svetvinčenat,136,105,241,21,4,25,2,0,2,1,1,2,25,24,49,0,0,0,1,1,2,186,135,321,2022-12-31T23:00:00Z
18,453,Tinjan,190,99,289,38,8,46,6,1,7,2,3,5,53,30,83,0,0,0,1,0,1,290,141,431,2022-12-31T23:00:00Z
18,468,Umag,2630,2181,4811,392,170,562,31,16,47,32,31,63,290,294,584,0,0,0,50,66,116,3425,2758,6183,2022-12-31T23:00:00Z
18,47,Cerovlje,130,57,187,34,3,37,4,3,7,0,0,0,25,15,40,0,0,0,0,1,1,193,79,272,2022-12-31T23:00:00Z
18,497,Višnjan,304,269,573,43,9,52,12,3,15,1,1,2,92,35,127,0,0,0,2,0,2,454,317,771,2022-12-31T23:00:00Z
18,498,Vižinada,68,51,119,28,11,39,15,6,21,1,0,1,26,29,55,0,0,0,0,0,0,138,97,235,2022-12-31T23:00:00Z
18,5,Bale,141,115,256,19,21,40,2,2,4,0,0,0,38,15,53,0,0,0,5,3,8,205,156,361,2022-12-31T23:00:00Z
18,502,Vodnjan,846,650,1496,50,23,73,8,3,11,8,2,10,80,45,125,0,1,1,1,1,2,993,725,1718,2022-12-31T23:00:00Z
18,516,Vrsar,326,306,632,78,27,105,3,3,6,6,1,7,80,80,160,0,0,0,18,9,27,511,426,937,2022-12-31T23:00:00Z
18,531,Žminj,483,439,922,109,46,155,14,8,22,3,5,8,78,89,167,0,0,0,3,3,6,690,590,1280,2022-12-31T23:00:00Z
18,596,Karojba,124,83,207,32,6,38,2,1,3,0,0,0,49,8,57,0,1,1,0,0,0,207,99,306,2022-12-31T23:00:00Z
18,597,Kaštelir - Labinci,153,81,234,36,18,54,7,5,12,2,0,2,47,12,59,0,0,0,1,3,4,246,119,365,2022-12-31T23:00:00Z
18,6,Barban,247,109,356,43,5,48,13,6,19,0,1,1,27,25,52,0,0,0,2,3,5,332,149,481,2022-12-31T23:00:00Z
18,619,Fažana,277,258,535,31,12,43,0,2,2,4,4,8,27,23,50,0,0,0,0,3,3,339,302,641,2022-12-31T23:00:00Z
18,629,Funtana,114,99,213,17,8,25,1,1,2,1,0,1,17,28,45,0,0,0,11,9,20,161,145,306,2022-12-31T23:00:00Z
18,631,Tar-Vabriga,175,243,418,40,16,56,3,0,3,0,0,0,37,32,69,0,0,0,1,10,11,256,301,557,2022-12-31T23:00:00Z
19,198,Konavle,1243,912,2155,190,74,264,20,11,31,33,8,41,60,82,142,0,0,0,83,60,143,1629,1147,2776,2022-12-31T23:00:00Z
19,204,Korčula,637,859,1496,120,52,172,18,5,23,93,12,105,82,85,167,0,0,0,57,57,114,1007,1070,2077,2022-12-31T23:00:00Z
19,219,Kula Norinska,36,43,79,9,1,10,1,0,1,0,0,0,7,6,13,0,0,0,0,0,0,53,50,103,2022-12-31T23:00:00Z
19,226,Lastovo,59,94,153,27,7,34,3,2,5,6,0,6,11,4,15,0,0,0,4,6,10,110,113,223,2022-12-31T23:00:00Z
19,25,Blato,573,414,987,73,20,93,16,5,21,10,8,18,149,39,188,0,0,0,9,7,16,830,493,1323,2022-12-31T23:00:00Z
19,264,Metković,2145,1786,3931,176,122,298,37,22,59,47,17,64,320,254,574,0,0,0,8,21,29,2733,2222,4955,2022-12-31T23:00:00Z
19,268,Mljet,170,88,258,12,6,18,3,1,4,3,2,5,7,8,15,0,0,0,6,3,9,201,108,309,2022-12-31T23:00:00Z
19,306,Opuzen,432,415,847,31,18,49,51,23,74,4,1,5,26,29,55,0,0,0,2,0,2,546,486,1032,2022-12-31T23:00:00Z
19,308,Orebić,382,364,746,71,43,114,33,10,43,31,5,36,74,62,136,0,0,0,16,40,56,607,524,1131,2022-12-31T23:00:00Z
19,335,Ploče,1333,961,2294,88,55,143,30,9,39,20,6,26,95,111,206,0,0,0,3,4,7,1569,1146,2715,2022-12-31T23:00:00Z
19,343,Pojezerje,26,28,54,4,2,6,7,0,7,0,0,0,2,4,6,0,0,0,0,0,0,39,34,73,2022-12-31T23:00:00Z
19,399,Slivno,72,31,103,9,5,14,14,5,19,0,0,0,8,10,18,0,0,0,3,2,5,106,53,159,2022-12-31T23:00:00Z
19,402,Smokvica,27,63,90,12,3,15,19,5,24,10,0,10,33,7,40,0,0,0,7,14,21,108,92,200,2022-12-31T23:00:00Z
19,419,Ston,435,237,672,53,13,66,24,4,28,10,1,11,44,22,66,0,0,0,3,4,7,569,281,850,2022-12-31T23:00:00Z
19,474,Vela Luka,268,498,766,58,22,80,10,1,11,35,5,40,74,45,119,0,0,0,6,7,13,451,578,1029,2022-12-31T23:00:00Z
19,523,Zažablje,10,11,21,4,0,4,3,2,5,2,1,3,14,1,15,0,0,0,0,0,0,33,15,48,2022-12-31T23:00:00Z
19,598,Dubrovačko Primorje,141,99,240,27,5,32,4,5,9,6,3,9,45,17,62,0,0,0,2,5,7,225,134,359,2022-12-31T23:00:00Z
19,599,Janjina,51,60,111,12,3,15,10,3,13,0,1,1,11,11,22,0,0,0,4,2,6,88,80,168,2022-12-31T23:00:00Z
19,600,Lumbarda,46,50,96,36,11,47,11,1,12,5,0,5,21,18,39,0,0,0,10,15,25,129,95,224,2022-12-31T23:00:00Z
19,601,Trpanj,54,46,100,11,3,14,3,1,4,3,1,4,14,8,22,0,0,0,4,6,10,89,65,154,2022-12-31T23:00:00Z
19,602,Župa Dubrovačka,673,674,1347,133,64,197,3,8,11,70,3,73,67,63,130,0,0,0,7,20,27,953,832,1785,2022-12-31T23:00:00Z
19,98,Dubrovnik,9676,10377,20053,775,387,1162,30,17,47,490,73,563,436,540,976,1,0,1,177,191,368,11585,11585,23170,2022-12-31T23:00:00Z
20,123,Goričan,324,157,481,7,4,11,8,2,10,0,2,2,12,9,21,0,0,0,0,0,0,351,174,525,2022-12-31T23:00:00Z
20,15,Belica,200,226,426,24,16,40,59,34,93,1,1,2,25,40,65,0,0,0,1,2,3,310,319,629,2022-12-31T23:00:00Z
20,206,Kotoriba,529,268,797,9,4,13,5,0,5,0,5,5,10,12,22,0,0,0,0,0,0,553,289,842,2022-12-31T23:00:00Z
20,250,Mala Subotica,555,1140,1695,26,17,43,32,14,46,2,5,7,20,24,44,0,0,0,1,4,5,636,1204,1840,2022-12-31T23:00:00Z
20,276,Mursko Središće,805,760,1565,47,25,72,13,7,20,2,7,9,48,49,97,0,0,0,2,2,4,917,850,1767,2022-12-31T23:00:00Z
20,279,Nedelišće,1458,845,2303,97,47,144,40,20,60,2,6,8,130,78,208,0,0,0,0,4,4,1727,1000,2727,2022-12-31T23:00:00Z
20,342,Podturen,218,123,341,22,8,30,16,13,29,1,2,3,47,38,85,0,0,0,0,1,1,304,185,489,2022-12-31T23:00:00Z
20,355,Prelog,2361,1666,4027,64,25,89,50,29,79,7,10,17,72,67,139,0,0,0,7,8,15,2561,1805,4366,2022-12-31T23:00:00Z
20,385,Selnica,148,152,300,12,11,23,8,4,12,1,1,2,18,14,32,0,0,0,1,0,1,188,182,370,2022-12-31T23:00:00Z
20,440,Sveti Juraj Na Bregu,290,205,495,26,16,42,12,7,19,3,2,5,35,45,80,0,0,0,0,0,0,366,275,641,2022-12-31T23:00:00Z
20,441,Sveti Martin Na Muri,592,339,931,18,11,29,6,4,10,0,3,3,28,32,60,0,0,0,2,0,2,646,389,1035,2022-12-31T23:00:00Z
20,452,Štrigova,299,208,507,25,11,36,38,21,59,2,1,3,60,70,130,0,0,0,0,1,1,424,312,736,2022-12-31T23:00:00Z
20,504,Vratišinec,135,95,230,7,2,9,11,2,13,1,2,3,7,7,14,0,0,0,1,1,2,162,109,271,2022-12-31T23:00:00Z
20,60,Čakovec,9951,9225,19176,254,145,399,59,25,84,42,61,103,256,332,588,0,0,0,9,17,26,10571,9805,20376,2022-12-31T23:00:00Z
20,603,Dekanovec,92,78,170,6,1,7,4,6,10,0,0,0,6,2,8,0,0,0,0,0,0,108,87,195,2022-12-31T23:00:00Z
20,604,Gornji Mihaljevec,96,71,167,13,3,16,24,8,32,2,1,3,23,17,40,0,0,0,1,1,2,159,101,260,2022-12-31T23:00:00Z
20,605,Orehovica,197,150,347,17,3,20,25,10,35,1,2,3,47,22,69,0,0,0,0,2,2,287,189,476,2022-12-31T23:00:00Z
20,606,Strahoninec,238,157,395,13,6,19,3,2,5,0,2,2,37,11,48,0,0,0,0,1,1,291,179,470,2022-12-31T23:00:00Z
20,607,Sveta Marija,62,85,147,14,2,16,6,0,6,1,1,2,21,6,27,0,0,0,0,1,1,104,95,199,2022-12-31T23:00:00Z
20,608,Šenkovec,497,260,757,19,10,29,2,1,3,0,1,1,26,22,48,0,0,0,0,1,1,544,295,839,2022-12-31T23:00:00Z
20,620,Pribislavec,354,221,575,9,8,17,3,1,4,2,1,3,17,10,27,0,0,0,0,1,1,385,242,627,2022-12-31T23:00:00Z
20,75,Domašinec,248,113,361,7,9,16,20,16,36,0,1,1,18,9,27,0,0,0,2,2,4,295,150,445,2022-12-31T23:00:00Z
20,78,Donja Dubrava,211,243,454,15,6,21,4,3,7,0,2,2,12,13,25,0,0,0,0,0,0,242,267,509,2022-12-31T23:00:00Z
20,82,Donji Kraljevec,1452,659,2111,41,17,58,50,20,70,3,4,7,83,115,198,0,0,0,4,10,14,1633,825,2458,2022-12-31T23:00:00Z
20,89,Donji Vidovec,54,77,131,5,1,6,2,0,2,1,2,3,3,16,19,0,0,0,0,0,0,65,96,161,2022-12-31T23:00:00Z
21,133,Zagreb,233817,212575,446392,8208,5895,14103,289,167,456,2197,2072,4269,5284,6833,12117,25,8,33,351,522,873,250171,228072,478243,2022-12-31T23:00:00Z
01,101,Dugo Selo,3207,2075,5282,253,132,385,32,20,52,27,26,53,260,256,516,0,0,0,7,16,23,3786,2525,6311,2023-09-30T22:00:00Z
01,114,Farkaševac,141,204,345,8,3,11,24,10,34,0,2,2,33,18,51,0,0,0,1,0,1,207,237,444,2023-09-30T22:00:00Z
01,135,Gradec,146,141,287,13,1,14,9,7,16,0,1,1,53,22,75,0,0,0,0,1,1,221,173,394,2023-09-30T22:00:00Z
01,158,Ivanić-Grad,3332,1805,5137,93,76,169,45,28,73,10,22,32,146,184,330,1,0,1,5,13,18,3632,2128,5760,2023-09-30T22:00:00Z
01,163,Jakovlje,366,370,736,39,7,46,10,8,18,2,0,2,38,34,72,0,0,0,0,0,0,455,419,874,2023-09-30T22:00:00Z
01,169,Jastrebarsko,2353,1765,4118,231,118,349,48,32,80,17,19,36,275,227,502,0,0,0,5,6,11,2929,2167,5096,2023-09-30T22:00:00Z
01,190,Klinča Selo,228,191,419,42,15,57,6,5,11,0,0,0,63,49,112,0,0,0,1,1,2,340,261,601,2023-09-30T22:00:00Z
01,193,Kloštar Ivanić,395,325,720,22,12,34,21,5,26,4,11,15,42,36,78,1,0,1,2,5,7,487,394,881,2023-09-30T22:00:00Z
01,213,Križ,733,450,1183,25,20,45,18,10,28,6,4,10,27,48,75,0,0,0,1,3,4,810,535,1345,2023-09-30T22:00:00Z
01,33,Brckovljani,395,429,824,7,4,11,0,1,1,2,2,4,28,18,46,0,0,0,0,0,0,432,454,886,2023-09-30T22:00:00Z
01,331,Pisarovina,379,287,666,27,25,52,18,20,38,2,1,3,25,31,56,0,0,0,0,3,3,451,367,818,2023-09-30T22:00:00Z
01,34,Brdovec,903,815,1718,95,48,143,17,7,24,1,5,6,92,60,152,0,0,0,4,3,7,1112,938,2050,2023-09-30T22:00:00Z
01,356,Preseka,24,9,33,5,2,7,12,10,22,0,0,0,14,6,20,0,0,0,1,0,1,56,27,83,2023-09-30T22:00:00Z
01,362,Pušča,164,187,351,26,13,39,7,2,9,2,3,5,43,25,68,0,0,0,0,0,0,242,230,472,2023-09-30T22:00:00Z
01,376,Rugvica,1465,604,2069,9,7,16,2,3,5,1,2,3,15,15,30,0,0,0,0,0,0,1492,631,2123,2023-09-30T22:00:00Z
01,380,Samobor,5707,4135,9842,544,335,879,27,19,46,47,64,111,484,475,959,2,4,6,33,29,62,6844,5061,11905,2023-09-30T22:00:00Z
01,429,Sveti Ivan Zelina,2694,2083,4777,179,75,254,59,46,105,14,19,33,263,205,468,0,0,0,6,6,12,3215,2434,5649,2023-09-30T22:00:00Z
01,436,Sveta Nedjelja,6164,3689,9853,234,108,342,6,4,10,10,10,20,348,184,532,0,0,0,7,6,13,6769,4001,10770,2023-09-30T22:00:00Z
01,508,Vrbovec,2123,2062,4185,178,82,260,92,32,124,6,17,23,296,171,467,0,0,0,10,11,21,2705,2375,5080,2023-09-30T22:00:00Z
01,533,Krašić,268,187,455,27,11,38,11,11,22,2,1,3,30,23,53,0,0,0,0,1,1,338,234,572,2023-09-30T22:00:00Z
01,536,Rakovec,36,23,59,9,2,11,6,4,10,0,1,1,25,13,38,0,0,0,0,0,0,76,43,119,2023-09-30T22:00:00Z
01,539,Marija Gorica,78,108,186,14,2,16,0,0,0,1,1,2,22,14,36,0,0,0,0,0,0,115,125,240,2023-09-30T22:00:00Z
01,540,Žumberak,17,19,36,7,1,8,4,2,6,0,0,0,3,7,10,0,0,0,0,0,0,31,29,60,2023-09-30T22:00:00Z
01,541,Velika Gorica,8912,6816,15728,685,424,1109,69,33,102,54,60,114,592,528,1120,2,0,2,19,20,39,10333,7881,18214,2023-09-30T22:00:00Z
01,542,Orle,42,23,65,18,1,19,9,2,11,0,0,0,19,3,22,0,0,0,0,0,0,88,29,117,2023-09-30T22:00:00Z
01,543,Zaprešić,3475,3018,6493,236,175,411,10,11,21,34,42,76,262,237,499,0,0,0,12,11,23,4029,3494,7523,2023-09-30T22:00:00Z
01,544,Pokupsko,40,53,93,12,7,19,12,4,16,0,0,0,7,6,13,0,0,0,0,0,0,71,70,141,2023-09-30T22:00:00Z
01,545,Kravarsko,117,83,200,43,13,56,4,4,8,0,0,0,79,16,95,0,0,0,0,0,0,243,116,359,2023-09-30T22:00:00Z
01,547,Bistra,404,551,955,52,25,77,10,5,15,2,6,8,57,50,107,1,0,1,0,1,1,526,638,1164,2023-09-30T22:00:00Z
01,548,Luka,299,109,408,14,2,16,2,2,4,1,1,2,19,21,40,0,0,0,0,0,0,335,135,470,2023-09-30T22:00:00Z
01,549,Dubravica,64,43,107,16,0,16,12,3,15,0,0,0,13,15,28,0,0,0,0,0,0,105,61,166,2023-09-30T22:00:00Z
01,550,Bedenica,232,160,392,12,4,16,4,3,7,1,1,2,15,6,21,0,0,0,0,0,0,264,174,438,2023-09-30T22:00:00Z
01,551,Stupnik,1587,627,2214,28,18,46,1,1,2,1,3,4,19,33,52,0,0,0,1,0,1,1637,682,2319,2023-09-30T22:00:00Z
01,97,Dubrava,312,335,647,50,24,74,72,40,112,5,12,17,65,81,146,0,0,0,2,5,7,506,497,1003,2023-09-30T22:00:00Z
02,108,Đurmanec,152,154,306,57,20,77,1,2,3,3,2,5,110,82,192,0,0,0,2,1,3,325,261,586,2023-09-30T22:00:00Z
02,11,Bedekovčina,548,742,1290,98,40,138,8,7,15,9,6,15,128,102,230,0,0,0,5,3,8,796,900,1696,2023-09-30T22:00:00Z
02,125,Gornja Stubica,239,317,556,59,15,74,6,7,13,2,1,3,80,55,135,0,0,0,1,0,1,387,395,782,2023-09-30T22:00:00Z
02,146,Hraščina,49,38,87,10,3,13,2,2,4,0,1,1,6,7,13,0,0,0,0,0,0,67,51,118,2023-09-30T22:00:00Z
02,152,Hum Na Sutli,1551,654,2205,53,28,81,4,0,4,1,7,8,246,70,316,0,0,0,0,1,1,1855,760,2615,2023-09-30T22:00:00Z
02,187,Klanjec,287,265,552,64,30,94,9,6,15,4,1,5,69,50,119,0,0,0,1,2,3,434,354,788,2023-09-30T22:00:00Z
02,200,Konjščina,448,411,859,31,21,52,2,2,4,1,2,3,47,33,80,0,0,0,0,1,1,529,470,999,2023-09-30T22:00:00Z
02,208,Kraljevec Na Sutli,80,47,127,12,4,16,3,1,4,0,0,0,21,4,25,0,0,0,0,1,1,116,57,173,2023-09-30T22:00:00Z
02,211,Krapina,3031,2393,5424,184,103,287,9,2,11,14,16,30,198,168,366,0,0,0,3,4,7,3439,2686,6125,2023-09-30T22:00:00Z
02,212,Krapinske Toplice,632,1284,1916,72,37,109,6,4,10,0,5,5,112,81,193,0,1,1,2,1,3,824,1413,2237,2023-09-30T22:00:00Z
02,236,Lobor,166,243,409,25,8,33,4,3,7,0,1,1,36,18,54,0,0,0,1,1,2,232,274,506,2023-09-30T22:00:00Z
02,248,Mače,98,81,179,28,8,36,3,4,7,1,0,1,80,39,119,0,0,0,0,0,0,210,132,342,2023-09-30T22:00:00Z
02,256,Marija Bistrica,337,387,724,71,42,113,12,6,18,1,6,7,77,76,153,0,0,0,2,3,5,500,520,1020,2023-09-30T22:00:00Z
02,265,Mihovljan,114,133,247,32,8,40,3,1,4,0,0,0,74,19,93,0,0,0,1,1,2,224,162,386,2023-09-30T22:00:00Z
02,311,Oroslavje,1012,803,1815,75,40,115,8,3,11,6,6,12,90,66,156,0,0,0,3,2,5,1194,920,2114,2023-09-30T22:00:00Z
02,329,Petrovsko,112,51,163,16,3,19,1,0,1,5,0,5,64,14,78,0,0,0,1,0,1,199,68,267,2023-09-30T22:00:00Z
02,352,Pregrada,829,919,1748,112,34,146,3,5,8,5,6,11,162,105,267,0,0,0,0,0,0,1111,1069,2180,2023-09-30T22:00:00Z
02,364,Radoboj,167,111,278,16,13,29,1,1,2,0,2,2,63,23,86,0,0,0,0,1,1,247,151,398,2023-09-30T22:00:00Z
02,41,Budinščina,203,185,388,18,6,24,6,1,7,2,2,4,17,12,29,0,0,0,3,2,5,249,208,457,2023-09-30T22:00:00Z
02,422,Stubičke Toplice,268,451,719,36,18,54,0,4,4,2,5,7,49,33,82,0,0,0,2,0,2,357,511,868,2023-09-30T22:00:00Z
02,430,Sveti Križ Začretje,687,700,1387,79,25,104,10,5,15,1,5,6,143,93,236,1,0,1,3,2,5,924,830,1754,2023-09-30T22:00:00Z
02,466,Tuhelj,150,234,384,20,11,31,6,0,6,1,2,3,55,50,105,0,0,0,0,0,0,232,297,529,2023-09-30T22:00:00Z
02,481,Veliko Trgovišće,628,454,1082,54,18,72,3,3,6,2,5,7,104,48,152,0,0,0,2,1,3,793,529,1322,2023-09-30T22:00:00Z
02,519,Zabok,2863,3057,5920,151,87,238,8,3,11,15,16,31,146,197,343,0,0,0,1,1,2,3184,3361,6545,2023-09-30T22:00:00Z
02,521,Zagorska Sela,12,57,69,5,0,5,5,2,7,0,1,1,15,4,19,0,0,0,0,0,0,37,64,101,2023-09-30T22:00:00Z
02,526,Zlatar,529,679,1208,108,58,166,28,13,41,7,8,15,132,77,209,0,0,0,4,7,11,808,842,1650,2023-09-30T22:00:00Z
02,527,Zlatar Bistrica,239,345,584,26,7,33,4,1,5,5,0,5,67,46,113,0,0,0,1,1,2,342,400,742,2023-09-30T22:00:00Z
02,552,Jesenje,92,81,173,7,2,9,0,0,0,0,0,0,47,9,56,0,0,0,0,0,0,146,92,238,2023-09-30T22:00:00Z
02,553,Kumrovec,81,93,174,19,6,25,2,0,2,4,1,5,21,14,35,0,0,0,0,0,0,127,114,241,2023-09-30T22:00:00Z
02,554,Novi Golubovec,139,64,203,3,2,5,1,0,1,0,0,0,4,1,5,0,0,0,0,0,0,147,67,214,2023-09-30T22:00:00Z
02,70,Desinić,125,279,404,32,10,42,9,2,11,3,3,6,50,34,84,0,0,0,0,1,1,219,329,548,2023-09-30T22:00:00Z
02,79,Donja Stubica,854,739,1593,100,51,151,6,5,11,6,3,9,90,54,144,0,1,1,0,3,3,1056,856,1912,2023-09-30T22:00:00Z
03,102,Dvor,329,139,468,19,6,25,61,21,82,0,2,2,20,10,30,0,0,0,0,4,4,429,182,611,2023-09-30T22:00:00Z
03,121,Glina,1179,646,1825,41,21,62,62,24,86,5,9,14,76,71,147,0,0,0,1,0,1,1364,771,2135,2023-09-30T22:00:00Z
03,149,Hrvatska Dubica,77,76,153,9,2,11,12,5,17,0,0,0,12,6,18,0,0,0,0,1,1,110,90,200,2023-09-30T22:00:00Z
03,150,Hrvatska Kostajnica,304,258,562,25,11,36,10,2,12,2,3,5,20,27,47,0,0,0,1,1,2,362,302,664,2023-09-30T22:00:00Z
03,168,Jasenovac,147,129,276,12,9,21,14,4,18,0,0,0,18,16,34,0,0,0,0,3,3,191,161,352,2023-09-30T22:00:00Z
03,220,Kutina,3433,2784,6217,190,117,307,45,20,65,38,24,62,220,276,496,1,0,1,9,8,17,3936,3229,7165,2023-09-30T22:00:00Z
03,228,Lekenik,402,291,693,46,14,60,11,8,19,1,2,3,69,27,96,0,0,0,2,0,2,531,342,873,2023-09-30T22:00:00Z
03,232,Lipovljani,254,253,507,30,8,38,10,2,12,1,0,1,38,46,84,0,0,0,0,5,5,333,314,647,2023-09-30T22:00:00Z
03,259,Martinska Ves,128,64,192,10,1,11,28,12,40,3,0,3,78,19,97,0,0,0,0,0,0,247,96,343,2023-09-30T22:00:00Z
03,293,Novska,1288,1095,2383,191,107,298,34,15,49,5,17,22,256,230,486,0,0,0,3,7,10,1777,1471,3248,2023-09-30T22:00:00Z
03,328,Petrinja,1926,1757,3683,285,102,387,67,27,94,10,26,36,364,286,650,0,0,0,6,1,7,2658,2199,4857,2023-09-30T22:00:00Z
03,347,Popovača,874,1095,1969,90,45,135,49,17,66,6,10,16,106,129,235,0,0,0,5,4,9,1130,1300,2430,2023-09-30T22:00:00Z
03,391,Sisak,7181,8138,15319,392,252,644,99,48,147,42,71,113,621,576,1197,1,0,1,16,12,28,8352,9097,17449,2023-09-30T22:00:00Z
03,426,Sunja,195,189,384,27,11,38,49,30,79,1,1,2,22,21,43,0,0,0,1,1,2,295,253,548,2023-09-30T22:00:00Z
03,457,Topusko,227,322,549,16,9,25,5,2,7,2,1,3,30,22,52,0,0,0,0,0,0,280,356,636,2023-09-30T22:00:00Z
03,477,Velika Ludina,127,162,289,12,7,19,11,3,14,0,0,0,23,25,48,0,0,0,0,0,0,173,197,370,2023-09-30T22:00:00Z
03,510,Gvozd,112,113,225,12,6,18,17,4,21,0,1,1,12,15,27,0,0,0,0,0,0,153,139,292,2023-09-30T22:00:00Z
03,555,Majur,131,39,170,1,1,2,3,0,3,0,0,0,4,0,4,0,0,0,0,0,0,139,40,179,2023-09-30T22:00:00Z
03,83,Donji Kukuruzari,49,43,92,6,0,6,6,3,9,0,0,0,1,3,4,0,0,0,1,0,1,63,49,112,2023-09-30T22:00:00Z
04,120,Generalski Stol,43,65,108,20,5,25,1,0,1,0,1,1,32,13,45,0,0,0,0,0,0,96,84,180,2023-09-30T22:00:00Z
04,172,Josipdol,196,162,358,26,17,43,1,7,8,2,1,3,45,51,96,0,0,0,0,0,0,270,238,508,2023-09-30T22:00:00Z
04,179,Karlovac,10799,9182,19981,431,317,748,70,52,122,64,85,149,635,786,1421,1,0,1,11,24,35,12011,10446,22457,2023-09-30T22:00:00Z
04,216,Krnjak,142,71,213,5,2,7,6,4,10,1,0,1,9,6,15,0,0,0,0,0,0,163,83,246,2023-09-30T22:00:00Z
04,225,Lasinja,33,35,68,5,2,7,0,5,5,2,0,2,7,7,14,0,0,0,0,0,0,47,49,96,2023-09-30T22:00:00Z
04,281,Netretić,122,116,238,17,3,20,3,1,4,1,1,2,40,32,72,0,0,0,0,0,0,183,153,336,2023-09-30T22:00:00Z
04,297,Ogulin,1813,1853,3666,159,95,254,45,20,65,10,28,38,165,185,350,0,0,0,4,5,9,2196,2186,4382,2023-09-30T22:00:00Z
04,30,Bosiljevo,108,79,187,5,0,5,0,0,0,1,1,2,29,39,68,0,0,0,0,0,0,143,119,262,2023-09-30T22:00:00Z
04,315,Ozalj,767,651,1418,89,32,121,21,14,35,3,9,12,132,91,223,0,1,1,2,3,5,1014,801,1815,2023-09-30T22:00:00Z
04,333,Plaški,100,75,175,12,4,16,8,0,8,0,1,1,45,28,73,0,0,0,0,0,0,165,108,273,2023-09-30T22:00:00Z
04,365,Rakovica,178,208,386,9,7,16,2,2,4,1,0,1,68,80,148,0,0,0,0,3,3,258,300,558,2023-09-30T22:00:00Z
04,378,Saborsko,12,15,27,1,0,1,1,0,1,0,0,0,1,2,3,0,0,0,0,0,0,15,17,32,2023-09-30T22:00:00Z
04,400,Slunj,349,411,760,58,16,74,41,21,62,3,6,9,124,113,237,0,0,0,3,8,11,578,575,1153,2023-09-30T22:00:00Z
04,49,Cetingrad,58,63,121,7,2,9,2,3,5,0,0,0,9,7,16,0,0,0,0,0,0,76,75,151,2023-09-30T22:00:00Z
04,503,Vojnić,365,251,616,23,12,35,40,13,53,1,0,1,27,38,65,0,0,0,3,0,3,459,314,773,2023-09-30T22:00:00Z
04,530,Žakanje,169,100,269,27,13,40,3,1,4,0,0,0,29,26,55,0,0,0,0,1,1,228,141,369,2023-09-30T22:00:00Z
04,556,Ribnik,11,7,18,10,3,13,2,1,3,0,0,0,5,9,14,0,0,0,0,0,0,28,20,48,2023-09-30T22:00:00Z
04,557,Tounj,64,25,89,6,1,7,1,0,1,0,0,0,2,9,11,0,0,0,0,0,0,73,35,108,2023-09-30T22:00:00Z
04,623,Kamanje,157,93,250,6,1,7,0,0,0,0,0,0,7,7,14,0,0,0,0,0,0,170,101,271,2023-09-30T22:00:00Z
04,7,Barilovići,303,162,465,21,11,32,5,0,5,1,1,2,119,32,151,0,0,0,0,1,1,449,207,656,2023-09-30T22:00:00Z
04,90,Draganić,171,213,384,16,3,19,7,2,9,0,1,1,19,19,38,0,0,0,0,0,0,213,238,451,2023-09-30T22:00:00Z
04,99,Duga Resa,1341,1061,2402,135,80,215,19,20,39,4,20,24,184,204,388,0,0,0,4,12,16,1687,1397,3084,2023-09-30T22:00:00Z
05,12,Bednja,225,179,404,19,6,25,3,3,6,1,1,2,29,14,43,0,0,0,0,1,1,277,204,481,2023-09-30T22:00:00Z
05,129,Gornji Kneginec,693,1048,1741,58,37,95,8,3,11,3,8,11,60,55,115,0,0,0,4,7,11,826,1158,1984,2023-09-30T22:00:00Z
05,151,Breznički Hum,186,141,327,11,4,15,5,6,11,0,2,2,20,14,34,0,0,0,1,3,4,223,170,393,2023-09-30T22:00:00Z
05,156,Ivanec,2372,1920,4292,181,73,254,14,14,28,9,18,27,332,257,589,0,0,0,8,13,21,2916,2295,5211,2023-09-30T22:00:00Z
05,165,Jalžabet,753,1108,1861,22,4,26,11,6,17,0,3,3,48,32,80,0,0,0,0,1,1,834,1154,1988,2023-09-30T22:00:00Z
05,189,Klenovnik,206,65,271,8,4,12,0,0,0,0,0,0,22,28,50,0,0,0,1,0,1,237,97,334,2023-09-30T22:00:00Z
05,19,Beretinec,92,49,141,19,2,21,3,2,5,0,2,2,15,22,37,0,0,0,1,0,1,130,77,207,2023-09-30T22:00:00Z
05,229,Lepoglava,1398,659,2057,63,34,97,4,2,6,1,5,6,94,50,144,0,0,0,1,6,7,1561,756,2317,2023-09-30T22:00:00Z
05,244,Ludbreg,2002,1673,3675,134,61,195,61,34,95,8,16,24,227,175,402,0,0,0,2,5,7,2434,1964,4398,2023-09-30T22:00:00Z
05,247,Ljubešćica,371,171,542,24,9,33,0,0,0,0,4,4,87,21,108,0,0,0,1,1,2,483,206,689,2023-09-30T22:00:00Z
05,251,Mali Bukovec,44,82,126,11,5,16,23,18,41,0,1,1,95,34,129,0,0,0,0,1,1,173,141,314,2023-09-30T22:00:00Z
05,260,Maruševec,384,300,684,63,29,92,21,23,44,4,2,6,113,47,160,0,0,0,2,2,4,587,403,990,2023-09-30T22:00:00Z
05,289,Novi Marof,1303,1233,2536,166,76,242,13,12,25,8,16,24,322,191,513,0,0,0,4,14,18,1816,1542,3358,2023-09-30T22:00:00Z
05,326,Petrijanec,471,774,1245,23,10,33,14,8,22,1,3,4,84,76,160,0,0,0,0,1,1,593,872,1465,2023-09-30T22:00:00Z
05,36,Breznica,166,74,240,18,2,20,6,5,11,1,5,6,41,14,55,0,0,0,0,0,0,232,100,332,2023-09-30T22:00:00Z
05,410,Sračinec,273,277,550,36,17,53,1,1,2,0,6,6,101,72,173,0,0,0,0,1,1,411,374,785,2023-09-30T22:00:00Z
05,437,Sveti Đurđ,73,105,178,34,5,39,25,8,33,2,1,3,31,30,61,0,0,0,0,0,0,165,149,314,2023-09-30T22:00:00Z
05,438,Sveti Ilija,197,205,402,17,8,25,1,0,1,0,4,4,34,31,65,0,0,0,0,0,0,249,248,497,2023-09-30T22:00:00Z
05,462,Trnovec Bartolovečki,1386,1330,2716,73,19,92,16,6,22,2,3,5,268,100,368,1,0,1,2,2,4,1748,1460,3208,2023-09-30T22:00:00Z
05,472,Varaždin,17251,15079,32330,564,438,1002,48,30,78,85,109,194,512,674,1186,1,0,1,21,17,38,18482,16347,34829,2023-09-30T22:00:00Z
05,473,Varaždinske Toplice,642,625,1267,45,23,68,10,5,15,6,6,12,157,44,201,0,0,0,1,3,4,861,706,1567,2023-09-30T22:00:00Z
05,48,Cestica,360,391,751,57,26,83,17,14,31,1,5,6,108,78,186,0,0,0,0,3,3,543,517,1060,2023-09-30T22:00:00Z
05,484,Vidovec,303,284,587,46,15,61,53,27,80,1,5,6,110,83,193,0,0,0,0,0,0,513,414,927,2023-09-30T22:00:00Z
05,486,Vinica,348,231,579,17,10,27,4,4,8,1,5,6,27,24,51,0,0,0,0,1,1,397,275,672,2023-09-30T22:00:00Z
05,493,Visoko,105,60,165,17,1,18,6,4,10,0,0,0,27,25,52,0,0,0,3,1,4,158,91,249,2023-09-30T22:00:00Z
05,558,Veliki Bukovec,402,249,651,5,2,7,19,9,28,0,1,1,34,30,64,0,0,0,0,0,0,460,291,751,2023-09-30T22:00:00Z
05,80,Donja Voća,82,63,145,7,1,8,5,6,11,0,1,1,28,18,46,0,0,0,0,1,1,122,90,212,2023-09-30T22:00:00Z
05,85,Donji Martijanec,338,167,505,28,7,35,17,3,20,1,1,2,49,32,81,0,0,0,0,0,0,433,210,643,2023-09-30T22:00:00Z
06,104,Đelekovec,45,48,93,26,13,39,39,10,49,0,1,1,19,18,37,0,0,0,0,0,0,129,90,219,2023-09-30T22:00:00Z
06,107,Đurđevac,1448,1221,2669,81,47,128,68,36,104,12,11,23,80,72,152,0,0,0,9,4,13,1698,1391,3089,2023-09-30T22:00:00Z
06,115,Ferdinandovac,40,96,136,13,2,15,37,29,66,1,1,2,25,6,31,0,0,0,0,0,0,116,134,250,2023-09-30T22:00:00Z
06,122,Gola,182,173,355,10,2,12,80,40,120,0,3,3,10,25,35,0,0,0,1,0,1,283,243,526,2023-09-30T22:00:00Z
06,145,Hlebine,11,30,41,4,0,4,14,4,18,1,0,1,0,12,12,0,0,0,0,1,1,30,47,77,2023-09-30T22:00:00Z
06,194,Kloštar Podravski,184,148,332,16,14,30,34,32,66,0,1,1,30,63,93,0,0,0,2,1,3,266,259,525,2023-09-30T22:00:00Z
06,201,Koprivnica,7153,7629,14782,360,221,581,58,30,88,64,68,132,394,433,827,0,2,2,8,9,17,8037,8392,16429,2023-09-30T22:00:00Z
06,202,Koprivnički Bregi,75,87,162,20,5,25,22,7,29,0,0,0,35,8,43,0,0,0,0,0,0,152,107,259,2023-09-30T22:00:00Z
06,203,Koprivnički Ivanec,63,53,116,24,5,29,24,8,32,0,0,0,18,8,26,0,0,0,0,0,0,129,74,203,2023-09-30T22:00:00Z
06,214,Križevci,3909,3877,7786,199,115,314,209,167,376,15,30,45,259,230,489,0,0,0,8,11,19,4599,4430,9029,2023-09-30T22:00:00Z
06,227,Legrad,67,74,141,16,5,21,17,5,22,0,1,1,22,21,43,0,0,0,0,0,0,122,106,228,2023-09-30T22:00:00Z
06,270,Molve,230,110,340,7,9,16,50,28,78,0,1,1,27,16,43,0,0,0,2,2,4,316,166,482,2023-09-30T22:00:00Z
06,292,Novigrad Podravski,86,152,238,11,4,15,15,10,25,0,2,2,18,13,31,0,0,0,0,0,0,130,181,311,2023-09-30T22:00:00Z
06,324,Peteranec,80,45,125,23,3,26,22,11,33,1,1,2,26,12,38,0,0,0,0,1,1,152,73,225,2023-09-30T22:00:00Z
06,366,Rasinja,55,71,126,21,3,24,51,20,71,2,0,2,21,19,40,0,0,0,1,0,1,151,113,264,2023-09-30T22:00:00Z
06,405,Sokolovac,173,84,257,17,4,21,44,12,56,6,4,10,18,8,26,0,0,0,0,1,1,258,113,371,2023-09-30T22:00:00Z
06,439,Sveti Ivan Žabno,287,211,498,41,17,58,93,60,153,1,2,3,53,67,120,0,0,0,0,1,1,475,358,833,2023-09-30T22:00:00Z
06,442,Sveti Petar Orehovec,136,131,267,31,7,38,129,112,241,0,1,1,45,29,74,0,0,0,1,0,1,342,280,622,2023-09-30T22:00:00Z
06,490,Virje,343,213,556,29,13,42,34,16,50,3,1,4,29,37,66,0,0,0,1,0,1,439,280,719,2023-09-30T22:00:00Z
06,559,Kalinovac,432,104,536,7,1,8,6,3,9,0,0,0,11,9,20,0,0,0,1,0,1,457,117,574,2023-09-30T22:00:00Z
06,560,Kalnik,48,44,92,2,4,6,17,19,36,0,1,1,8,3,11,0,0,0,0,0,0,75,71,146,2023-09-30T22:00:00Z
06,561,Novo Virje,41,40,81,2,0,2,35,27,62,0,0,0,20,7,27,0,0,0,0,0,0,98,74,172,2023-09-30T22:00:00Z
06,616,Podravske Sesvete,114,127,241,3,5,8,26,13,39,2,0,2,9,8,17,0,0,0,0,0,0,154,153,307,2023-09-30T22:00:00Z
06,618,Gornja Reka,105,98,203,6,2,8,8,3,11,0,0,0,4,5,9,0,0,0,0,0,0,123,108,231,2023-09-30T22:00:00Z
06,96,Drnje,118,109,227,13,4,17,15,10,25,0,2,2,7,10,17,0,0,0,0,1,1,153,136,289,2023-09-30T22:00:00Z
07,105,Đulovac,257,75,332,8,7,15,32,17,49,2,0,2,119,31,150,0,0,0,0,0,0,418,130,548,2023-09-30T22:00:00Z
07,119,Garešnica,1133,1071,2204,62,31,93,59,34,93,15,15,30,114,122,236,1,0,1,4,5,9,1388,1278,2666,2023-09-30T22:00:00Z
07,139,Grubišno Polje,626,583,1209,32,26,58,100,34,134,4,6,10,61,67,128,0,0,0,0,3,3,823,719,1542,2023-09-30T22:00:00Z
07,144,Hercegovac,154,154,308,22,3,25,44,14,58,1,1,2,42,33,75,0,0,0,1,0,1,264,205,469,2023-09-30T22:00:00Z
07,161,Ivanska,196,120,316,2,2,4,48,12,60,3,2,5,37,17,54,0,0,0,3,1,4,289,154,443,2023-09-30T22:00:00Z
07,176,Kapela,130,98,228,6,1,7,43,26,69,1,0,1,24,10,34,0,0,0,1,0,1,205,135,340,2023-09-30T22:00:00Z
07,18,Berek,41,44,85,7,2,9,22,12,34,0,1,1,10,8,18,0,0,0,0,0,0,80,67,147,2023-09-30T22:00:00Z
07,199,Končanica,138,70,208,10,2,12,28,16,44,0,0,0,10,12,22,0,0,0,1,2,3,187,102,289,2023-09-30T22:00:00Z
07,24,Bjelovar,7346,7039,14385,312,206,518,188,91,279,49,60,109,415,530,945,2,0,2,17,15,32,8329,7941,16270,2023-09-30T22:00:00Z
07,287,Nova Rača,95,109,204,14,2,16,69,30,99,0,2,2,29,15,44,0,0,0,1,1,2,208,159,367,2023-09-30T22:00:00Z
07,375,Rovišće,231,218,449,30,12,42,47,31,78,1,3,4,27,38,65,0,0,0,0,1,1,336,303,639,2023-09-30T22:00:00Z
07,390,Sirač,355,182,537,12,3,15,9,5,14,1,1,2,16,11,27,0,0,0,0,1,1,393,203,596,2023-09-30T22:00:00Z
07,450,Štefanje,52,57,109,9,4,13,33,11,44,1,2,3,33,24,57,0,0,0,0,1,1,128,99,227,2023-09-30T22:00:00Z
07,478,Velika Pisanica,76,76,152,5,2,7,27,15,42,1,0,1,12,7,19,0,0,0,0,0,0,121,100,221,2023-09-30T22:00:00Z
07,480,Veliki Grđevac,150,131,281,12,5,17,76,28,104,1,3,4,68,31,99,0,0,0,0,1,1,307,199,506,2023-09-30T22:00:00Z
07,483,Veliko Trojstvo,76,115,191,14,3,17,8,15,23,0,0,0,39,19,58,0,0,0,0,0,0,137,152,289,2023-09-30T22:00:00Z
07,562,Severin,53,21,74,1,1,2,17,14,31,0,0,0,18,43,61,0,0,0,0,0,0,89,79,168,2023-09-30T22:00:00Z
07,564,Šandrovac,28,44,72,4,0,4,13,8,21,0,0,0,15,5,20,0,0,0,0,0,0,60,57,117,2023-09-30T22:00:00Z
07,565,Velika Trnovitica,59,66,125,8,2,10,32,20,52,1,0,1,20,11,31,0,0,0,1,1,2,121,100,221,2023-09-30T22:00:00Z
07,566,Zrinski Topolovac,14,18,32,3,0,3,27,15,42,0,0,0,4,2,6,0,0,0,0,1,1,48,36,84,2023-09-30T22:00:00Z
07,63,Čazma,1156,802,1958,57,24,81,52,37,89,6,9,15,136,64,200,0,0,0,3,1,4,1410,937,2347,2023-09-30T22:00:00Z
07,67,Daruvar,1532,1798,3330,76,59,135,45,22,67,14,15,29,137,169,306,0,0,0,2,10,12,1806,2073,3879,2023-09-30T22:00:00Z
07,71,Dežanovac,134,76,210,10,2,12,62,30,92,0,0,0,33,19,52,0,0,0,1,1,2,240,128,368,2023-09-30T22:00:00Z
08,117,Fužine,291,189,480,20,11,31,0,1,1,3,1,4,22,22,44,0,0,0,2,0,2,338,224,562,2023-09-30T22:00:00Z
08,170,Jelenje,261,256,517,99,50,149,6,0,6,33,10,43,46,42,88,0,0,0,2,4,6,447,362,809,2023-09-30T22:00:00Z
08,180,Kastav,1134,887,2021,141,77,218,4,2,6,52,11,63,109,79,188,1,1,2,3,5,8,1444,1062,2506,2023-09-30T22:00:00Z
08,186,Klana,347,171,518,24,12,36,1,2,3,5,2,7,16,6,22,0,0,0,1,2,3,394,195,589,2023-09-30T22:00:00Z
08,209,Kraljevica,391,317,708,44,26,70,2,2,4,42,4,46,22,43,65,1,0,1,0,8,8,502,400,902,2023-09-30T22:00:00Z
08,215,Krk,1981,1412,3393,277,126,403,13,8,21,34,18,52,302,197,499,0,0,0,12,7,19,2619,1768,4387,2023-09-30T22:00:00Z
08,237,Lokve,112,95,207,12,7,19,0,1,1,1,2,3,6,11,17,0,0,0,1,0,1,132,116,248,2023-09-30T22:00:00Z
08,242,Lovran,468,631,1099,114,40,154,1,1,2,12,7,19,49,64,113,0,0,0,2,4,6,646,747,1393,2023-09-30T22:00:00Z
08,252,Mali Lošinj,1519,1550,3069,226,90,316,23,9,32,38,18,56,182,166,348,0,0,0,12,11,23,2000,1844,3844,2023-09-30T22:00:00Z
08,253,Malinska-Dubašnica,547,875,1422,151,83,234,6,10,16,5,5,10,172,178,350,0,0,0,11,13,24,892,1164,2056,2023-09-30T22:00:00Z
08,261,Matulji,1534,1139,2673,247,141,388,11,5,16,49,19,68,166,187,353,0,0,0,7,8,15,2014,1499,3513,2023-09-30T22:00:00Z
08,273,Mošćenička Draga,129,98,227,61,17,78,0,2,2,3,2,5,27,31,58,0,0,0,3,5,8,223,155,378,2023-09-30T22:00:00Z
08,275,Mrkopalj,70,56,126,10,4,14,2,0,2,2,0,2,8,8,16,0,0,0,0,0,0,92,68,160,2023-09-30T22:00:00Z
08,290,Novi Vinodolski,605,485,1090,115,51,166,9,5,14,9,6,15,108,85,193,0,0,0,2,7,9,848,639,1487,2023-09-30T22:00:00Z
08,301,Omišalj,654,479,1133,89,28,117,1,0,1,10,2,12,81,38,119,0,0,0,1,7,8,836,554,1390,2023-09-30T22:00:00Z
08,302,Opatija,2375,2951,5326,249,141,390,6,4,10,65,28,93,107,155,262,0,0,0,15,11,26,2817,3290,6107,2023-09-30T22:00:00Z
08,360,Punat,327,202,529,64,24,88,4,0,4,6,1,7,70,53,123,0,0,0,3,1,4,474,281,755,2023-09-30T22:00:00Z
08,363,Rab,977,1228,2205,313,91,404,10,4,14,14,11,25,238,185,423,0,0,0,35,42,77,1587,1561,3148,2023-09-30T22:00:00Z
08,369,Ravna Gora,291,284,575,29,13,42,2,1,3,3,1,4,38,16,54,0,0,0,1,2,3,364,317,681,2023-09-30T22:00:00Z
08,373,Rijeka,28242,28944,57186,1460,1196,2656,23,13,36,1020,340,1360,890,1246,2136,6,4,10,77,109,186,31718,31852,63570,2023-09-30T22:00:00Z
08,38,Brod Moravice,42,41,83,30,5,35,1,0,1,0,1,1,11,5,16,0,0,0,1,1,2,85,53,138,2023-09-30T22:00:00Z
08,393,Skrad,45,46,91,5,5,10,0,1,1,2,1,3,3,6,9,0,0,0,0,0,0,55,59,114,2023-09-30T22:00:00Z
08,4,Bakar,2182,1219,3401,74,41,115,4,0,4,77,9,86,75,71,146,0,0,0,3,10,13,2415,1350,3765,2023-09-30T22:00:00Z
08,488,Vinodolska Općina,208,163,371,62,26,88,2,0,2,9,1,10,37,16,53,1,0,1,0,1,1,319,207,526,2023-09-30T22:00:00Z
08,495,Viškovo,1841,1204,3045,240,117,357,6,4,10,61,19,80,150,148,298,0,0,0,7,8,15,2305,1500,3805,2023-09-30T22:00:00Z
08,507,Vrbnik,154,114,268,37,14,51,9,4,13,1,0,1,33,34,67,0,0,0,1,1,2,235,167,402,2023-09-30T22:00:00Z
08,509,Vrbovsko,347,315,662,66,18,84,3,6,9,1,4,5,76,40,116,1,0,1,1,3,4,495,386,881,2023-09-30T22:00:00Z
08,52,Cres,566,486,1052,87,30,117,8,6,14,9,3,12,63,77,140,0,0,0,5,1,6,738,603,1341,2023-09-30T22:00:00Z
08,53,Crikvenica,1360,1800,3160,237,138,375,4,2,6,38,26,64,236,204,440,0,0,0,7,13,20,1882,2183,4065,2023-09-30T22:00:00Z
08,538,Kostrena,587,348,935,42,30,72,1,1,2,82,6,88,16,43,59,0,0,0,0,3,3,728,431,1159,2023-09-30T22:00:00Z
08,55,Čabar,342,265,607,55,17,72,8,5,13,3,0,3,140,49,189,0,0,0,1,4,5,549,340,889,2023-09-30T22:00:00Z
08,61,Čavle,671,557,1228,104,56,160,0,1,1,35,8,43,92,85,177,0,0,0,2,1,3,904,708,1612,2023-09-30T22:00:00Z
08,624,Lopar,72,36,108,22,7,29,0,1,1,1,0,1,23,24,47,0,0,0,1,1,2,119,69,188,2023-09-30T22:00:00Z
08,69,Delnice,1084,774,1858,76,52,128,5,2,7,9,11,20,86,84,170,0,0,0,1,6,7,1261,929,2190,2023-09-30T22:00:00Z
08,74,Dobrinj,153,112,265,58,25,83,1,2,3,1,0,1,84,50,134,0,0,0,2,4,6,299,193,492,2023-09-30T22:00:00Z
08,8,Baška,252,240,492,53,31,84,6,2,8,2,5,7,39,58,97,0,0,0,5,8,13,357,344,701,2023-09-30T22:00:00Z
09,130,Gospić,2313,2412,4725,107,68,175,91,51,142,13,10,23,138,168,306,0,0,0,6,6,12,2668,2715,5383,2023-09-30T22:00:00Z
09,178,Karlobag,91,99,190,14,5,19,4,2,6,3,0,3,10,4,14,0,0,0,2,0,2,124,110,234,2023-09-30T22:00:00Z
09,240,Lovinac,196,79,275,0,0,0,1,1,2,1,0,1,4,2,6,0,0,0,0,0,0,202,82,284,2023-09-30T22:00:00Z
09,288,Novalja,850,649,1499,132,38,170,23,13,36,5,6,11,167,73,240,0,0,0,14,14,28,1191,793,1984,2023-09-30T22:00:00Z
09,313,Otočac,807,939,1746,95,38,133,61,32,93,10,6,16,108,124,232,0,0,0,1,4,5,1082,1143,2225,2023-09-30T22:00:00Z
09,323,Perušić,330,263,593,25,11,36,31,19,50,0,1,1,27,24,51,0,0,0,0,0,0,413,318,731,2023-09-30T22:00:00Z
09,37,Brinje,409,218,627,22,6,28,6,6,12,0,0,0,12,18,30,0,0,0,1,0,1,450,248,698,2023-09-30T22:00:00Z
09,387,Senj,744,657,1401,105,48,153,5,5,10,16,9,25,104,125,229,0,0,0,5,3,8,979,847,1826,2023-09-30T22:00:00Z
09,455,Plitvička Jezera,838,895,1733,48,28,76,58,18,76,6,5,11,268,177,445,0,0,0,1,2,3,1219,1125,2344,2023-09-30T22:00:00Z
09,467,Udbina,124,86,210,9,3,12,43,15,58,0,0,0,10,19,29,0,0,0,0,1,1,186,124,310,2023-09-30T22:00:00Z
09,512,Vrhovine,110,37,147,4,3,7,7,1,8,0,0,0,7,1,8,0,0,0,0,0,0,128,42,170,2023-09-30T22:00:00Z
09,84,Donji Lapac,116,72,188,7,3,10,27,7,34,0,0,0,13,7,20,0,0,0,0,0,0,163,89,252,2023-09-30T22:00:00Z
10,136,Gradina,80,101,181,15,13,28,118,45,163,2,0,2,43,28,71,0,0,0,0,1,1,258,188,446,2023-09-30T22:00:00Z
10,245,Lukač,204,128,332,11,6,17,49,15,64,1,0,1,48,35,83,0,0,0,0,1,1,313,185,498,2023-09-30T22:00:00Z
10,266,Mikleuš,75,52,127,7,1,8,14,5,19,0,0,0,13,12,25,0,0,0,0,0,0,109,70,179,2023-09-30T22:00:00Z
10,283,Nova Bukovica,42,36,78,9,6,15,35,10,45,1,0,1,24,19,43,0,0,0,1,0,1,112,71,183,2023-09-30T22:00:00Z
10,307,Orahovica,860,598,1458,72,36,108,10,3,13,11,10,21,100,119,219,0,0,0,2,2,4,1055,768,1823,2023-09-30T22:00:00Z
10,332,Pitomača,730,674,1404,87,55,142,151,88,239,2,6,8,214,180,394,0,0,0,2,1,3,1186,1004,2190,2023-09-30T22:00:00Z
10,395,Slatina,1512,1403,2915,156,82,238,133,38,171,11,22,33,172,240,412,0,0,0,2,5,7,1986,1790,3776,2023-09-30T22:00:00Z
10,407,Sopje,149,49,198,4,4,8,82,18,100,0,0,0,20,27,47,0,0,0,0,0,0,255,98,353,2023-09-30T22:00:00Z
10,424,Suhopolje,261,260,521,24,22,46,95,38,133,1,1,2,62,51,113,0,0,0,1,1,2,444,373,817,2023-09-30T22:00:00Z
10,449,Špišić Bukovica,151,156,307,27,9,36,141,51,192,2,2,4,53,57,110,0,0,0,0,0,0,374,275,649,2023-09-30T22:00:00Z
10,491,Virovitica,3932,4038,7970,187,122,309,90,27,117,30,19,49,356,371,727,1,0,1,5,8,13,4601,4585,9186,2023-09-30T22:00:00Z
10,499,Voćin,142,116,258,11,3,14,30,22,52,0,0,0,17,7,24,0,0,0,2,0,2,202,148,350,2023-09-30T22:00:00Z
10,524,Zdenci,229,114,343,11,3,14,16,7,23,0,2,2,13,14,27,0,0,0,0,2,2,269,142,411,2023-09-30T22:00:00Z
10,54,Crnac,26,27,53,16,4,20,21,8,29,0,2,2,18,10,28,0,0,0,0,0,0,81,51,132,2023-09-30T22:00:00Z
10,56,Čačinci,158,102,260,23,16,39,21,10,31,0,1,1,33,30,63,0,0,0,1,2,3,236,161,397,2023-09-30T22:00:00Z
10,57,Čađavica,98,77,175,12,11,23,65,19,84,0,0,0,49,29,78,0,0,0,0,0,0,224,136,360,2023-09-30T22:00:00Z
11,164,Jakšić,172,114,286,33,9,42,24,5,29,0,2,2,35,18,53,0,0,0,0,0,0,264,148,412,2023-09-30T22:00:00Z
11,177,Kaptol,99,90,189,16,2,18,24,3,27,0,1,1,46,9,55,0,0,0,0,1,1,185,106,291,2023-09-30T22:00:00Z
11,221,Kutjevo,546,422,968,57,24,81,68,27,95,1,2,3,75,76,151,0,0,0,2,7,9,749,558,1307,2023-09-30T22:00:00Z
11,231,Lipik,745,630,1375,47,15,62,26,18,44,2,7,9,60,60,120,0,0,0,1,0,1,881,730,1611,2023-09-30T22:00:00Z
11,318,Pakrac,643,1079,1722,88,38,126,53,16,69,13,8,21,192,96,288,0,0,0,1,3,4,990,1240,2230,2023-09-30T22:00:00Z
11,334,Pleternica,512,478,990,96,37,133,49,11,60,3,5,8,180,124,304,0,0,0,2,7,9,842,662,1504,2023-09-30T22:00:00Z
11,35,Brestovac,104,105,209,22,3,25,13,3,16,1,1,2,29,11,40,0,0,0,0,1,1,169,124,293,2023-09-30T22:00:00Z
11,351,Požega,5069,4550,9619,322,175,497,114,42,156,40,75,115,396,358,754,0,1,1,16,22,38,5957,5223,11180,2023-09-30T22:00:00Z
11,475,Velika,423,317,740,31,20,51,22,3,25,2,3,5,47,43,90,0,0,0,0,1,1,525,387,912,2023-09-30T22:00:00Z
11,58,Čaglin,104,167,271,10,1,11,15,4,19,0,1,1,13,13,26,0,0,0,4,0,4,146,186,332,2023-09-30T22:00:00Z
12,10,Bebrina,50,57,107,16,8,24,17,4,21,2,0,2,13,9,22,0,0,0,1,0,1,99,78,177,2023-09-30T22:00:00Z
12,118,Garčin,151,173,324,32,10,42,34,19,53,0,0,0,25,34,59,0,0,0,1,1,2,243,237,480,2023-09-30T22:00:00Z
12,127,Gornji Bogićevci,49,50,99,12,2,14,9,2,11,0,0,0,22,27,49,0,0,0,0,0,0,92,81,173,2023-09-30T22:00:00Z
12,140,Gundinci,81,45,126,14,5,19,51,23,74,0,0,0,23,11,34,0,0,0,0,0,0,169,84,253,2023-09-30T22:00:00Z
12,185,Klakar,103,72,175,13,6,19,20,5,25,0,1,1,13,22,35,0,0,0,1,0,1,150,106,256,2023-09-30T22:00:00Z
12,284,Nova Gradiška,2387,2183,4570,164,101,265,26,17,43,20,18,38,287,322,609,0,0,0,1,7,8,2885,2648,5533,2023-09-30T22:00:00Z
12,285,Nova Kapela,153,178,331,30,17,47,22,7,29,2,3,5,47,52,99,0,0,0,1,2,3,255,259,514,2023-09-30T22:00:00Z
12,299,Okučani,225,156,381,37,7,44,11,2,13,0,0,0,45,18,63,0,0,0,1,2,3,319,185,504,2023-09-30T22:00:00Z
12,303,Oprisavci,338,195,533,14,2,16,36,11,47,1,0,1,11,20,31,0,0,0,0,0,0,400,228,628,2023-09-30T22:00:00Z
12,309,Oriovac,298,296,594,43,23,66,22,15,37,2,3,5,53,52,105,0,0,0,2,4,6,420,393,813,2023-09-30T22:00:00Z
12,338,Podcrkavlje,38,36,74,18,2,20,8,2,10,0,1,1,15,6,21,0,0,0,0,0,0,79,47,126,2023-09-30T22:00:00Z
12,372,Rešetari,206,221,427,39,12,51,16,6,22,3,1,4,84,48,132,0,0,0,1,0,1,349,288,637,2023-09-30T22:00:00Z
12,388,Sibinj,210,208,418,67,20,87,19,2,21,0,0,0,66,44,110,0,0,0,2,4,6,364,278,642,2023-09-30T22:00:00Z
12,39,Brodski Stupnik,76,59,135,17,9,26,9,3,12,2,0,2,74,39,113,0,0,0,1,0,1,179,110,289,2023-09-30T22:00:00Z
12,396,Slavonski Brod,14656,9777,24433,677,375,1052,44,27,71,72,85,157,946,966,1912,0,0,0,17,22,39,16412,11252,27664,2023-09-30T22:00:00Z
12,397,Slavonski Šamac,92,57,149,12,3,15,17,9,26,0,1,1,20,8,28,0,0,0,0,0,0,141,78,219,2023-09-30T22:00:00Z
12,412,Stara Gradiška,164,94,258,7,4,11,7,4,11,0,0,0,23,8,31,0,0,0,0,0,0,201,110,311,2023-09-30T22:00:00Z
12,418,Staro Petrovo Selo,227,128,355,40,13,53,40,17,57,1,1,2,104,55,159,0,0,0,0,1,1,412,215,627,2023-09-30T22:00:00Z
12,46,Cernik,135,197,332,40,12,52,9,7,16,4,1,5,64,29,93,0,0,0,0,1,1,252,247,499,2023-09-30T22:00:00Z
12,476,Velika Kopanica,203,121,324,29,9,38,32,17,49,1,1,2,37,20,57,0,0,0,0,1,1,302,169,471,2023-09-30T22:00:00Z
12,506,Vrbje,39,24,63,9,2,11,21,2,23,0,0,0,20,22,42,0,0,0,0,1,1,89,51,140,2023-09-30T22:00:00Z
12,514,Vrpolje,219,109,328,29,5,34,47,15,62,0,2,2,17,20,37,0,0,0,0,1,1,312,152,464,2023-09-30T22:00:00Z
12,567,Bukovlje,150,66,216,20,11,31,1,0,1,0,0,0,15,15,30,0,0,0,1,3,4,187,95,282,2023-09-30T22:00:00Z
12,568,Dragalić,28,42,70,8,0,8,6,2,8,0,0,0,5,6,11,0,0,0,0,0,0,47,50,97,2023-09-30T22:00:00Z
12,569,Gornja Vrba,412,162,574,19,7,26,2,2,4,1,1,2,20,24,44,0,0,0,0,2,2,454,198,652,2023-09-30T22:00:00Z
12,570,Sikirevci,38,48,86,24,7,31,37,13,50,0,0,0,11,10,21,0,0,0,2,1,3,112,79,191,2023-09-30T22:00:00Z
12,68,Davor,136,84,220,14,7,21,14,4,18,1,0,1,14,25,39,0,0,0,0,1,1,179,121,300,2023-09-30T22:00:00Z
12,81,Donji Andrijevci,195,132,327,25,15,40,21,5,26,0,1,1,25,18,43,0,0,0,1,0,1,267,171,438,2023-09-30T22:00:00Z
13,131,Gračac,264,239,503,24,16,40,74,33,107,2,1,3,52,43,95,0,0,0,1,3,4,417,335,752,2023-09-30T22:00:00Z
13,167,Jasenice,167,87,254,16,2,18,9,4,13,1,0,1,15,7,22,0,0,0,1,2,3,209,102,311,2023-09-30T22:00:00Z
13,17,Benkovac,1213,1078,2291,118,45,163,103,62,165,13,10,23,232,121,353,0,0,0,11,4,15,1690,1320,3010,2023-09-30T22:00:00Z
13,173,Kali,328,129,457,23,17,40,2,1,3,19,0,19,41,30,71,0,0,0,0,2,2,413,179,592,2023-09-30T22:00:00Z
13,20,Bibinje,223,197,420,66,29,95,3,1,4,6,5,11,83,63,146,0,0,0,1,1,2,382,296,678,2023-09-30T22:00:00Z
13,22,Biograd Na Moru,1208,1534,2742,172,80,252,27,18,45,19,8,27,187,239,426,0,0,0,2,4,6,1615,1883,3498,2023-09-30T22:00:00Z
13,234,Lišane Ostrovičke,32,28,60,9,2,11,1,1,2,0,0,0,8,7,15,0,0,0,0,0,0,50,38,88,2023-09-30T22:00:00Z
13,282,Nin,576,463,1039,50,17,67,9,6,15,5,1,6,48,43,91,0,0,0,1,2,3,689,532,1221,2023-09-30T22:00:00Z
13,296,Obrovac,404,269,673,40,12,52,40,8,48,4,4,8,22,36,58,0,0,0,3,5,8,513,334,847,2023-09-30T22:00:00Z
13,316,Pag,553,464,1017,70,31,101,36,15,51,5,5,10,79,61,140,0,0,0,7,5,12,750,581,1331,2023-09-30T22:00:00Z
13,317,Pakoštane,381,363,744,72,25,97,11,18,29,10,4,14,114,65,179,0,0,0,25,24,49,613,499,1112,2023-09-30T22:00:00Z
13,320,Pašman,121,109,230,46,14,60,5,6,11,23,0,23,48,31,79,0,0,0,1,3,4,244,163,407,2023-09-30T22:00:00Z
13,344,Polača,110,76,186,18,9,27,6,2,8,4,0,4,17,14,31,0,0,0,2,2,4,157,103,260,2023-09-30T22:00:00Z
13,345,Poličnik,539,396,935,61,14,75,9,10,19,5,2,7,59,30,89,0,0,0,1,1,2,674,453,1127,2023-09-30T22:00:00Z
13,349,Posedarje,152,185,337,44,15,59,6,7,13,11,2,13,41,46,87,0,0,0,1,2,3,255,257,512,2023-09-30T22:00:00Z
13,354,Preko,302,454,756,59,18,77,8,4,12,23,3,26,42,30,72,0,0,0,4,4,8,438,513,951,2023-09-30T22:00:00Z
13,371,Ražanac,107,118,225,24,11,35,9,6,15,10,0,10,40,20,60,0,0,0,3,0,3,193,155,348,2023-09-30T22:00:00Z
13,379,Sali,173,156,329,44,15,59,6,2,8,7,2,9,43,36,79,0,0,0,1,1,2,274,212,486,2023-09-30T22:00:00Z
13,411,Stankovci,223,161,384,43,6,49,5,3,8,0,1,1,36,13,49,0,0,0,0,2,2,307,186,493,2023-09-30T22:00:00Z
13,416,Starigrad,212,185,397,42,30,72,9,3,12,3,0,3,52,54,106,0,0,0,1,3,4,319,275,594,2023-09-30T22:00:00Z
13,425,Sukošan,468,345,813,75,23,98,14,6,20,4,1,5,64,66,130,0,0,0,1,7,8,626,448,1074,2023-09-30T22:00:00Z
13,428,Sveti Filip I Jakov,239,361,600,50,24,74,9,2,11,14,5,19,39,46,85,0,0,0,4,4,8,355,442,797,2023-09-30T22:00:00Z
13,445,Škabrnje,87,76,163,36,5,41,4,3,7,2,0,2,18,7,25,0,0,0,2,2,4,149,93,242,2023-09-30T22:00:00Z
13,489,Vir,309,320,629,59,23,82,1,2,3,1,1,2,44,42,86,0,0,0,4,4,8,418,392,810,2023-09-30T22:00:00Z
13,520,Zadar,15664,16932,32596,1248,737,1985,47,30,77,675,218,893,1399,1560,2959,4,0,4,85,66,151,19122,19543,38665,2023-09-30T22:00:00Z
13,525,Zemunik Donji,216,300,516,23,8,31,4,4,8,2,0,2,28,10,38,0,0,0,0,1,1,273,323,596,2023-09-30T22:00:00Z
13,537,Novigrad,76,99,175,31,5,36,5,5,10,5,1,6,25,12,37,0,0,0,1,2,3,143,124,267,2023-09-30T22:00:00Z
13,571,Galovac,38,68,106,16,1,17,3,5,8,2,2,4,16,10,26,0,0,0,0,0,0,75,86,161,2023-09-30T22:00:00Z
13,572,Kukljica,44,38,82,24,0,24,1,0,1,2,1,3,23,10,33,0,0,0,1,0,1,95,49,144,2023-09-30T22:00:00Z
13,573,Povljana,54,42,96,13,6,19,5,1,6,2,0,2,9,7,16,0,0,0,0,4,4,83,60,143,2023-09-30T22:00:00Z
13,574,Privlaka,143,144,287,27,14,41,2,2,4,6,0,6,26,11,37,0,0,0,4,1,5,208,172,380,2023-09-30T22:00:00Z
13,575,Tkon,112,93,205,27,10,37,2,1,3,1,0,1,43,28,71,0,0,0,1,0,1,186,132,318,2023-09-30T22:00:00Z
13,622,Kolan,153,101,254,20,3,23,5,2,7,0,0,0,19,14,33,0,0,0,1,0,1,198,120,318,2023-09-30T22:00:00Z
13,625,Vrsi,131,52,183,18,9,27,5,3,8,8,0,8,29,33,62,0,0,0,3,1,4,194,98,292,2023-09-30T22:00:00Z
14,103,Đakovo,2981,2956,5937,513,242,755,229,95,324,28,33,61,615,580,1195,0,0,0,9,15,24,4375,3921,8296,2023-09-30T22:00:00Z
14,106,Đurđenovac,505,508,1013,43,13,56,18,12,30,0,5,5,60,51,111,0,0,0,2,0,2,628,589,1217,2023-09-30T22:00:00Z
14,110,Erdut,349,254,603,39,15,54,55,15,70,2,4,6,60,42,102,0,0,0,0,1,1,505,331,836,2023-09-30T22:00:00Z
14,111,Ernestinovo,91,195,286,4,3,7,23,5,28,1,1,2,9,8,17,0,0,0,1,0,1,129,212,341,2023-09-30T22:00:00Z
14,116,Feričanci,124,148,272,26,6,32,3,0,3,1,1,2,41,17,58,0,0,0,0,0,0,195,172,367,2023-09-30T22:00:00Z
14,124,Gorjani,147,144,291,16,8,24,10,6,16,0,0,0,9,6,15,0,0,0,0,0,0,182,164,346,2023-09-30T22:00:00Z
14,13,Beli Manastir,1101,1170,2271,103,50,153,72,37,109,9,14,23,125,103,228,0,0,0,0,2,2,1410,1376,2786,2023-09-30T22:00:00Z
14,16,Belišće,1756,632,2388,82,42,124,24,6,30,4,8,12,90,92,182,0,0,0,0,1,1,1956,781,2737,2023-09-30T22:00:00Z
14,195,Kneževi Vinogradi,264,290,554,34,6,40,32,7,39,1,2,3,64,71,135,0,0,0,1,1,2,396,377,773,2023-09-30T22:00:00Z
14,2,Antunovac,212,162,374,35,13,48,12,7,19,0,0,0,16,21,37,0,0,0,0,1,1,275,204,479,2023-09-30T22:00:00Z
14,205,Koška,191,142,333,23,7,30,27,6,33,2,1,3,31,26,57,0,0,0,2,0,2,276,182,458,2023-09-30T22:00:00Z
14,21,Bilje,298,289,587,50,27,77,21,13,34,1,4,5,61,44,105,0,0,0,0,2,2,431,379,810,2023-09-30T22:00:00Z
14,23,Bizovac,250,224,474,24,11,35,25,9,34,2,3,5,27,31,58,0,0,0,0,0,0,328,278,606,2023-09-30T22:00:00Z
14,230,Levanjska Varoš,37,28,65,2,2,4,7,5,12,0,0,0,2,4,6,0,0,0,0,0,0,48,39,87,2023-09-30T22:00:00Z
14,257,Marijanci,89,72,161,6,5,11,12,0,12,0,0,0,15,20,35,0,0,0,0,1,1,122,98,220,2023-09-30T22:00:00Z
14,271,Moslavina Podravska,17,19,36,4,2,6,15,5,20,0,0,0,16,10,26,0,0,0,0,0,0,52,36,88,2023-09-30T22:00:00Z
14,278,Našice,2252,1835,4087,191,103,294,63,28,91,23,34,57,206,246,452,0,0,0,5,7,12,2740,2253,4993,2023-09-30T22:00:00Z
14,312,Osijek,24778,23180,47958,1019,742,1761,126,51,177,163,188,351,780,1167,1947,0,1,1,25,39,64,26891,25368,52259,2023-09-30T22:00:00Z
14,325,Petlovac,54,55,109,6,4,10,12,0,12,0,0,0,18,8,26,0,0,0,0,0,0,90,67,157,2023-09-30T22:00:00Z
14,327,Petrijevci,247,181,428,18,5,23,5,2,7,0,1,1,10,8,18,1,0,1,1,1,2,282,198,480,2023-09-30T22:00:00Z
14,340,Podgorač,109,78,187,27,10,37,24,4,28,1,1,2,18,44,62,0,0,0,0,0,0,179,137,316,2023-09-30T22:00:00Z
14,346,Popovac,54,47,101,1,3,4,5,2,7,1,0,1,4,1,5,0,0,0,0,0,0,65,53,118,2023-09-30T22:00:00Z
14,361,Punitovci,48,66,114,22,6,28,15,3,18,0,0,0,38,7,45,0,0,0,0,0,0,123,82,205,2023-09-30T22:00:00Z
14,381,Satnica Đakovačka,136,81,217,20,7,27,9,2,11,0,0,0,46,24,70,0,0,0,0,0,0,211,114,325,2023-09-30T22:00:00Z
14,386,Semeljci,214,196,410,46,17,63,49,19,68,2,1,3,72,34,106,0,0,0,0,2,2,383,269,652,2023-09-30T22:00:00Z
14,421,Strizivojna,307,304,611,19,10,29,15,5,20,0,0,0,18,11,29,0,0,0,1,1,2,360,331,691,2023-09-30T22:00:00Z
14,461,Trnava,54,63,117,5,3,8,12,4,16,0,0,0,11,5,16,0,0,0,0,0,0,82,75,157,2023-09-30T22:00:00Z
14,471,Valpovo,880,1120,2000,99,70,169,53,17,70,14,17,31,88,123,211,0,0,0,4,9,13,1138,1356,2494,2023-09-30T22:00:00Z
14,485,Viljevo,60,65,125,10,0,10,18,4,22,0,0,0,17,12,29,0,0,0,0,1,1,105,82,187,2023-09-30T22:00:00Z
14,494,Viškovci,303,193,496,24,6,30,15,5,20,0,0,0,19,9,28,0,0,0,1,0,1,362,213,575,2023-09-30T22:00:00Z
14,517,Vuka,31,50,81,16,2,18,12,4,16,0,0,0,22,12,34,0,0,0,0,0,0,81,68,149,2023-09-30T22:00:00Z
14,576,Donja Motičina,24,13,37,11,4,15,1,1,2,1,1,2,16,7,23,0,0,0,0,0,0,53,26,79,2023-09-30T22:00:00Z
14,578,Magadenovac,88,117,205,5,4,9,20,9,29,0,1,1,20,15,35,0,0,0,0,0,0,133,146,279,2023-09-30T22:00:00Z
14,579,Vladislavci,133,80,213,4,0,4,5,6,11,0,0,0,9,3,12,0,0,0,0,0,0,151,89,240,2023-09-30T22:00:00Z
14,609,Jagodnjak,120,71,191,8,2,10,25,6,31,0,0,0,10,5,15,0,0,0,0,0,0,163,84,247,2023-09-30T22:00:00Z
14,614,Šodolovci,28,14,42,0,0,0,0,0,0,0,0,0,8,5,13,0,0,0,0,0,0,36,19,55,2023-09-30T22:00:00Z
14,64,Čeminac,69,106,175,13,0,13,4,2,6,0,0,0,23,14,37,0,0,0,0,0,0,109,122,231,2023-09-30T22:00:00Z
14,65,Čepin,812,555,1367,104,40,144,61,29,90,4,4,8,94,100,194,0,0,0,1,1,2,1076,729,1805,2023-09-30T22:00:00Z
14,66,Darda,1840,867,2707,57,35,92,33,8,41,3,4,7,67,54,121,0,0,0,0,1,1,2000,969,2969,2023-09-30T22:00:00Z
14,86,Donji Miholjac,1172,996,2168,109,65,174,169,40,209,7,10,17,157,128,285,1,0,1,0,3,3,1615,1242,2857,2023-09-30T22:00:00Z
14,91,Draž,91,107,198,10,3,13,14,5,19,0,0,0,9,11,20,0,0,0,0,2,2,124,128,252,2023-09-30T22:00:00Z
14,94,Drenje,108,100,208,33,5,38,45,8,53,0,0,0,17,18,35,0,0,0,0,0,0,203,131,334,2023-09-30T22:00:00Z
15,113,Ervenik,34,40,74,3,0,3,3,1,4,0,0,0,4,3,7,0,0,0,0,0,0,44,44,88,2023-09-30T22:00:00Z
15,183,Kijevo,26,27,53,2,0,2,0,0,0,0,0,0,0,0,0,0,0,0,0,0,0,28,27,55,2023-09-30T22:00:00Z
15,184,Kistanje,73,75,148,16,5,21,1,2,3,2,0,2,17,10,27,0,0,0,0,0,0,109,92,201,2023-09-30T22:00:00Z
15,196,Knin,1322,1448,2770,136,75,211,66,18,84,31,5,36,154,154,308,0,0,0,2,2,4,1711,1702,3413,2023-09-30T22:00:00Z
15,298,Promina,116,88,204,1,1,2,1,2,3,0,0,0,1,1,2,0,0,0,0,0,0,119,92,211,2023-09-30T22:00:00Z
15,310,Biskupija,133,20,153,1,1,2,2,0,2,1,0,1,1,1,2,0,0,0,0,0,0,138,22,160,2023-09-30T22:00:00Z
15,357,Primošten,286,328,614,121,30,151,7,2,9,4,1,5,51,52,103,0,1,1,4,3,7,473,417,890,2023-09-30T22:00:00Z
15,377,Ružić,29,27,56,5,2,7,5,5,10,0,0,0,3,12,15,0,0,0,0,0,0,42,46,88,2023-09-30T22:00:00Z
15,394,Skradin,151,164,315,52,19,71,20,8,28,3,2,5,49,48,97,0,0,0,0,1,1,275,242,517,2023-09-30T22:00:00Z
15,444,Šibenik,8478,8754,17232,704,388,1092,31,13,44,207,100,307,644,676,1320,0,0,0,15,17,32,10079,9948,20027,2023-09-30T22:00:00Z
15,454,Tisno,380,318,698,106,32,138,6,0,6,9,3,12,67,75,142,0,0,0,2,5,7,570,433,1003,2023-09-30T22:00:00Z
15,469,Unešić,54,54,108,11,0,11,4,1,5,1,0,1,12,6,18,0,0,0,0,0,0,82,61,143,2023-09-30T22:00:00Z
15,500,Vodice,1104,1143,2247,318,126,444,13,6,19,17,12,29,254,194,448,0,0,0,5,8,13,1711,1489,3200,2023-09-30T22:00:00Z
15,51,Civljane,53,7,60,1,1,2,0,0,0,0,0,0,3,2,5,0,0,0,0,0,0,57,10,67,2023-09-30T22:00:00Z
15,581,Pirovac,149,163,312,39,21,60,5,5,10,5,2,7,64,49,113,0,0,0,1,0,1,263,240,503,2023-09-30T22:00:00Z
15,582,Rogoznica,317,296,613,50,20,70,1,1,2,6,1,7,52,42,94,0,0,0,0,1,1,426,361,787,2023-09-30T22:00:00Z
15,617,Murter,308,291,599,68,35,103,3,1,4,17,4,21,94,57,151,0,0,0,4,5,9,494,393,887,2023-09-30T22:00:00Z
15,621,Bilice,98,46,144,27,8,35,0,0,0,6,0,6,23,8,31,0,0,0,0,0,0,154,62,216,2023-09-30T22:00:00Z
15,626,Tribunj,90,97,187,23,12,35,1,0,1,3,0,3,74,35,109,0,0,0,1,0,1,192,144,336,2023-09-30T22:00:00Z
15,95,Drniš,944,634,1578,68,56,124,53,25,78,5,9,14,94,82,176,0,0,0,1,0,1,1165,806,1971,2023-09-30T22:00:00Z
16,1,Andrijaševci,68,110,178,23,14,37,14,5,19,1,1,2,33,31,64,0,0,0,1,4,5,140,165,305,2023-09-30T22:00:00Z
16,137,Gradište,87,101,188,19,4,23,30,5,35,0,1,1,18,13,31,0,0,0,0,1,1,154,125,279,2023-09-30T22:00:00Z
16,141,Gunja,211,124,335,27,9,36,46,17,63,1,0,1,42,13,55,0,0,0,0,3,3,327,166,493,2023-09-30T22:00:00Z
16,154,Ilok,471,577,1048,69,24,93,52,16,68,1,2,3,104,92,196,1,0,1,0,0,0,698,711,1409,2023-09-30T22:00:00Z
16,159,Ivankovo,367,435,802,73,31,104,54,12,66,2,5,7,115,76,191,0,0,0,3,4,7,614,563,1177,2023-09-30T22:00:00Z
16,166,Jarmina,38,74,112,18,13,31,29,11,40,0,1,1,26,29,55,0,0,0,0,2,2,111,130,241,2023-09-30T22:00:00Z
16,239,Lovas,61,62,123,6,0,6,13,1,14,0,0,0,4,7,11,0,0,0,0,0,0,84,70,154,2023-09-30T22:00:00Z
16,26,Bogdanovci,29,17,46,4,0,4,7,4,11,0,0,0,18,4,22,0,0,0,0,0,0,58,25,83,2023-09-30T22:00:00Z
16,29,Borovo,70,88,158,48,16,64,25,6,31,1,3,4,63,79,142,0,0,0,2,1,3,209,193,402,2023-09-30T22:00:00Z
16,294,Nuštar,284,313,597,44,21,65,21,6,27,2,1,3,57,32,89,0,0,0,0,2,2,408,375,783,2023-09-30T22:00:00Z
16,295,Nijemci,205,236,441,25,8,33,85,21,106,0,1,1,72,32,104,0,0,0,0,2,2,387,300,687,2023-09-30T22:00:00Z
16,3,Babina Greda,168,202,370,35,16,51,76,27,103,3,0,3,39,42,81,0,0,0,0,0,0,321,287,608,2023-09-30T22:00:00Z
16,32,Bošnjaci,114,112,226,27,7,34,29,5,34,2,0,2,36,43,79,0,0,0,0,0,0,208,167,375,2023-09-30T22:00:00Z
16,414,Stari Jankovci,143,122,265,23,3,26,44,9,53,1,0,1,30,17,47,0,0,0,1,1,2,242,152,394,2023-09-30T22:00:00Z
16,415,Stari Mikanovci,107,131,238,22,9,31,26,13,39,4,1,5,35,42,77,0,0,0,1,0,1,195,196,391,2023-09-30T22:00:00Z
16,44,Cerna,459,231,690,46,29,75,52,20,72,1,1,2,59,75,134,0,0,0,0,0,0,617,356,973,2023-09-30T22:00:00Z
16,456,Tompojevci,24,37,61,15,5,20,40,12,52,0,0,0,14,11,25,0,0,0,0,0,0,93,65,158,2023-09-30T22:00:00Z
16,458,Tordinci,96,94,190,4,1,5,9,0,9,0,0,0,7,13,20,0,0,0,0,0,0,116,108,224,2023-09-30T22:00:00Z
16,459,Tovarnik,190,139,329,20,3,23,47,24,71,1,1,2,9,27,36,0,0,0,0,0,0,267,194,461,2023-09-30T22:00:00Z
16,464,Trpinja,114,200,314,29,11,40,79,18,97,1,0,1,35,21,56,0,0,0,0,1,1,258,251,509,2023-09-30T22:00:00Z
16,487,Vinkovci,8033,6626,14659,326,217,543,44,23,67,57,49,106,460,645,1105,1,0,1,7,15,22,8928,7575,16503,2023-09-30T22:00:00Z
16,505,Vrbanja,328,177,505,31,13,44,63,15,78,1,1,2,38,37,75,0,0,0,0,1,1,461,244,705,2023-09-30T22:00:00Z
16,518,Vukovar,4604,4786,9390,306,173,479,111,38,149,28,25,53,438,403,841,0,0,0,0,6,6,5487,5431,10918,2023-09-30T22:00:00Z
16,534,Županja,2019,1502,3521,141,62,203,40,16,56,21,16,37,154,191,345,1,0,1,5,8,13,2381,1795,4176,2023-09-30T22:00:00Z
16,535,Otok (Vinkovci),410,315,725,36,23,59,60,11,71,5,1,6,77,66,143,0,0,0,0,2,2,588,418,1006,2023-09-30T22:00:00Z
16,583,Privlaka,86,83,169,20,8,28,25,9,34,0,2,2,17,20,37,0,0,0,1,0,1,149,122,271,2023-09-30T22:00:00Z
16,584,Vođinci,54,164,218,14,2,16,6,6,12,0,1,1,14,18,32,0,0,0,0,0,0,88,191,279,2023-09-30T22:00:00Z
16,610,Markušica,44,55,99,12,4,16,48,16,64,0,1,1,13,10,23,0,0,0,2,0,2,119,86,205,2023-09-30T22:00:00Z
16,612,Negoslavci,18,13,31,7,1,8,11,3,14,1,0,1,16,13,29,0,0,0,0,0,0,53,30,83,2023-09-30T22:00:00Z
16,628,Štitar,88,73,161,9,0,9,13,3,16,0,0,0,11,3,14,0,0,0,0,0,0,121,79,200,2023-09-30T22:00:00Z
16,92,Drenovci,109,180,289,39,3,42,114,35,149,3,1,4,46,56,102,0,0,0,1,2,3,312,277,589,2023-09-30T22:00:00Z
17,100,Dugi Rat,759,686,1445,85,36,121,0,2,2,25,3,28,201,131,332,0,0,0,7,1,8,1077,859,1936,2023-09-30T22:00:00Z
17,134,Gradac,156,211,367,48,17,65,3,1,4,2,1,3,38,55,93,0,0,0,1,0,1,248,285,533,2023-09-30T22:00:00Z
17,148,Hrvace,309,175,484,53,20,73,9,7,16,1,4,5,49,35,84,0,0,0,1,2,3,422,243,665,2023-09-30T22:00:00Z
17,153,Hvar,803,795,1598,210,98,308,17,11,28,15,4,19,212,205,417,2,0,2,7,13,20,1266,1126,2392,2023-09-30T22:00:00Z
17,155,Imotski,1391,1404,2795,186,96,282,12,7,19,27,15,42,137,180,317,0,0,0,9,12,21,1762,1714,3476,2023-09-30T22:00:00Z
17,171,Jelsa,428,369,797,94,38,132,36,19,55,9,1,10,116,67,183,0,1,1,0,3,3,683,498,1181,2023-09-30T22:00:00Z
17,181,Kaštela,3878,4174,8052,552,292,844,24,13,37,131,42,173,537,577,1114,0,0,0,22,19,41,5144,5117,10261,2023-09-30T22:00:00Z
17,192,Klis,256,212,468,31,8,39,8,2,10,24,1,25,53,27,80,0,0,0,2,3,5,374,253,627,2023-09-30T22:00:00Z
17,197,Komiža,163,160,323,70,21,91,5,2,7,3,2,5,29,25,54,0,0,0,2,4,6,272,214,486,2023-09-30T22:00:00Z
17,243,Lovreć,154,77,231,16,8,24,4,1,5,1,0,1,30,14,44,0,0,0,1,2,3,206,102,308,2023-09-30T22:00:00Z
17,249,Makarska,2726,2774,5500,296,183,479,2,1,3,43,31,74,373,369,742,1,0,1,29,30,59,3470,3388,6858,2023-09-30T22:00:00Z
17,258,Marina,220,257,477,68,33,101,5,5,10,16,0,16,46,54,100,1,0,1,3,1,4,359,350,709,2023-09-30T22:00:00Z
17,267,Milna,85,105,190,29,8,37,5,2,7,1,0,1,24,24,48,0,0,0,1,0,1,145,139,284,2023-09-30T22:00:00Z
17,27,Bol,428,447,875,60,26,86,5,3,8,5,3,8,65,30,95,0,0,0,2,2,4,565,511,1076,2023-09-30T22:00:00Z
17,280,Nerežišća,139,66,205,20,4,24,3,2,5,1,0,1,29,18,47,0,0,0,0,1,1,192,91,283,2023-09-30T22:00:00Z
17,300,Omiš,1614,1737,3351,270,108,378,13,5,18,38,15,53,313,279,592,0,0,0,6,8,14,2254,2152,4406,2023-09-30T22:00:00Z
17,314,Otok,206,194,400,75,23,98,9,1,10,4,1,5,92,46,138,0,0,0,1,1,2,387,266,653,2023-09-30T22:00:00Z
17,337,Podbablje,283,209,492,39,4,43,4,0,4,2,3,5,21,39,60,0,0,0,0,3,3,349,258,607,2023-09-30T22:00:00Z
17,339,Podgora,278,251,529,48,17,65,2,0,2,0,0,0,37,41,78,0,0,0,3,1,4,368,310,678,2023-09-30T22:00:00Z
17,341,Podstrana,923,794,1717,63,30,93,14,3,17,47,4,51,72,93,165,1,0,1,2,4,6,1122,928,2050,2023-09-30T22:00:00Z
17,350,Postira,324,287,611,30,20,50,7,2,9,1,3,4,21,10,31,0,0,0,0,1,1,383,323,706,2023-09-30T22:00:00Z
17,358,Pučišća,214,136,350,55,10,65,11,4,15,5,0,5,34,22,56,0,0,0,1,1,2,320,173,493,2023-09-30T22:00:00Z
17,382,Seget,503,476,979,48,11,59,5,3,8,7,3,10,199,79,278,0,0,0,5,6,11,767,578,1345,2023-09-30T22:00:00Z
17,383,Selca,129,118,247,54,21,75,8,5,13,7,1,8,70,31,101,0,0,0,1,1,2,269,177,446,2023-09-30T22:00:00Z
17,389,Sinj,1971,2044,4015,377,169,546,59,19,78,44,39,83,339,395,734,0,0,0,6,10,16,2796,2676,5472,2023-09-30T22:00:00Z
17,406,Solin,3831,3188,7019,293,187,480,13,7,20,135,40,175,338,301,639,0,0,0,8,5,13,4618,3728,8346,2023-09-30T22:00:00Z
17,409,Split,36215,39934,76149,1845,1290,3135,66,41,107,2333,438,2771,1595,2203,3798,7,2,9,138,141,279,42199,44049,86248,2023-09-30T22:00:00Z
17,413,Stari Grad,388,371,759,76,33,109,19,16,35,5,3,8,66,51,117,0,0,0,5,10,15,559,484,1043,2023-09-30T22:00:00Z
17,423,Sućuraj,25,31,56,24,4,28,2,1,3,1,0,1,11,11,22,0,0,0,1,0,1,64,47,111,2023-09-30T22:00:00Z
17,427,Supetar,641,825,1466,137,74,211,17,7,24,29,12,41,131,152,283,0,0,0,7,1,8,962,1071,2033,2023-09-30T22:00:00Z
17,443,Šestanovac,163,140,303,32,8,40,13,2,15,1,2,3,15,22,37,0,0,0,2,0,2,226,174,400,2023-09-30T22:00:00Z
17,447,Šolta,196,153,349,20,15,35,11,5,16,6,1,7,19,14,33,0,0,0,3,0,3,255,188,443,2023-09-30T22:00:00Z
17,460,Trilj,541,611,1152,165,47,212,25,10,35,11,1,12,123,127,250,1,0,1,1,6,7,867,802,1669,2023-09-30T22:00:00Z
17,463,Trogir,2032,2089,4121,381,186,567,17,6,23,60,37,97,382,504,886,0,0,0,15,18,33,2887,2840,5727,2023-09-30T22:00:00Z
17,492,Vis,302,305,607,76,26,102,13,3,16,4,2,6,52,39,91,0,0,0,2,1,3,449,376,825,2023-09-30T22:00:00Z
17,50,Cista Provo,121,157,278,27,5,32,7,1,8,0,0,0,7,11,18,0,0,0,0,3,3,162,177,339,2023-09-30T22:00:00Z
17,511,Vrgorac,984,726,1710,54,29,83,26,15,41,5,6,11,48,73,121,0,0,0,1,6,7,1118,855,1973,2023-09-30T22:00:00Z
17,513,Vrlika,98,206,304,17,3,20,13,9,22,2,0,2,23,8,31,0,0,0,0,0,0,153,226,379,2023-09-30T22:00:00Z
17,522,Zagvozd,137,87,224,20,3,23,2,1,3,0,0,0,13,9,22,0,0,0,0,0,0,172,100,272,2023-09-30T22:00:00Z
17,528,Zmijavci,103,120,223,9,4,13,0,1,1,3,0,3,31,11,42,0,0,0,0,1,1,146,137,283,2023-09-30T22:00:00Z
17,585,Dugopolje,1708,977,2685,48,15,63,5,2,7,10,2,12,55,27,82,0,0,0,1,0,1,1827,1023,2850,2023-09-30T22:00:00Z
17,586,Lećevica,14,23,37,9,0,9,2,2,4,0,0,0,1,0,1,0,0,0,0,0,0,26,25,51,2023-09-30T22:00:00Z
17,587,Lokvičići,33,18,51,2,0,2,2,0,2,0,0,0,1,0,1,0,0,0,1,0,1,39,18,57,2023-09-30T22:00:00Z
17,588,Okrug,179,245,424,47,29,76,1,0,1,8,5,13,110,39,149,0,0,0,3,4,7,348,322,670,2023-09-30T22:00:00Z
17,589,Prgomet,30,21,51,7,0,7,1,0,1,0,0,0,3,0,3,0,0,0,0,0,0,41,21,62,2023-09-30T22:00:00Z
17,590,Primorski Dolac,23,38,61,4,3,7,2,0,2,0,1,1,1,3,4,0,0,0,0,0,0,30,45,75,2023-09-30T22:00:00Z
17,591,Runovići,74,66,140,17,2,19,1,2,3,0,2,2,25,33,58,0,0,0,0,1,1,117,106,223,2023-09-30T22:00:00Z
17,592,Sutivan,121,97,218,18,8,26,3,1,4,9,2,11,26,12,38,0,0,0,0,0,0,177,120,297,2023-09-30T22:00:00Z
17,593,Tučepi,300,297,597,26,14,40,0,1,1,4,3,7,46,29,75,0,0,0,1,3,4,377,347,724,2023-09-30T22:00:00Z
17,595,Zadvarje,45,35,80,7,1,8,1,1,2,0,0,0,6,5,11,0,0,0,0,0,0,59,42,101,2023-09-30T22:00:00Z
17,72,Dicmo,529,203,732,43,16,59,4,2,6,2,1,3,27,40,67,0,0,0,2,0,2,607,262,869,2023-09-30T22:00:00Z
17,77,Brela,277,315,592,29,16,45,0,0,0,2,1,3,32,41,73,0,0,0,2,0,2,342,373,715,2023-09-30T22:00:00Z
17,87,Muć,176,210,386,22,4,26,3,3,6,2,3,5,14,10,24,0,0,0,0,1,1,217,231,448,2023-09-30T22:00:00Z
17,88,Proložac,224,162,386,25,7,32,3,5,8,1,0,1,38,25,63,0,0,0,6,1,7,297,200,497,2023-09-30T22:00:00Z
17,9,Baška Voda,273,316,589,64,34,98,1,0,1,5,4,9,60,63,123,0,0,0,3,6,9,406,423,829,2023-09-30T22:00:00Z
18,132,Gračišće,59,25,84,33,5,38,10,3,13,1,0,1,35,11,46,0,0,0,0,0,0,138,44,182,2023-09-30T22:00:00Z
18,138,Grožnjan,32,36,68,21,2,23,11,4,15,0,0,0,8,14,22,0,0,0,0,1,1,72,57,129,2023-09-30T22:00:00Z
18,175,Kanfanar,593,252,845,33,13,46,4,1,5,0,0,0,19,16,35,0,0,0,1,1,2,650,283,933,2023-09-30T22:00:00Z
18,217,Kršan,322,299,621,53,16,69,10,3,13,2,0,2,128,64,192,0,0,0,0,3,3,515,385,900,2023-09-30T22:00:00Z
18,222,Labin,2827,2706,5533,262,143,405,16,8,24,23,37,60,277,237,514,0,0,0,34,18,52,3439,3149,6588,2023-09-30T22:00:00Z
18,223,Lanišće,14,12,26,3,0,3,2,0,2,0,1,1,15,6,21,0,0,0,0,0,0,34,19,53,2023-09-30T22:00:00Z
18,235,Ližnjan,204,143,347,14,8,22,2,0,2,3,1,4,26,29,55,0,0,0,2,0,2,251,181,432,2023-09-30T22:00:00Z
18,246,Lupoglav,218,110,328,11,5,16,5,2,7,0,1,1,13,10,23,0,0,0,0,0,0,247,128,375,2023-09-30T22:00:00Z
18,254,Marčana,189,208,397,43,15,58,3,4,7,5,1,6,31,21,52,0,0,0,1,0,1,272,249,521,2023-09-30T22:00:00Z
18,263,Medulin,796,749,1545,77,41,118,7,3,10,7,6,13,153,122,275,0,0,0,5,12,17,1045,933,1978,2023-09-30T22:00:00Z
18,274,Motovun,115,122,237,38,18,56,16,6,22,1,1,2,45,46,91,0,0,0,0,4,4,215,197,412,2023-09-30T22:00:00Z
18,291,Novigrad,1013,1086,2099,143,57,200,15,4,19,3,10,13,126,119,245,0,0,0,5,16,21,1305,1292,2597,2023-09-30T22:00:00Z
18,304,Oprtalj,67,88,155,14,8,22,12,1,13,0,0,0,10,12,22,0,0,0,2,1,3,105,110,215,2023-09-30T22:00:00Z
18,321,Pazin,1994,2071,4065,326,140,466,57,26,83,16,21,37,288,220,508,0,0,0,4,10,14,2685,2488,5173,2023-09-30T22:00:00Z
18,330,Pićan,329,142,471,36,10,46,1,5,6,1,2,3,53,21,74,0,0,0,1,1,2,421,181,602,2023-09-30T22:00:00Z
18,348,Poreč,5489,5268,10757,720,388,1108,54,19,73,52,52,104,542,526,1068,2,1,3,28,32,60,6887,6286,13173,2023-09-30T22:00:00Z
18,359,Pula,13347,12850,26197,1440,784,2224,71,46,117,245,170,415,976,1049,2025,0,0,0,44,61,105,16123,14960,31083,2023-09-30T22:00:00Z
18,368,Raša,311,183,494,27,9,36,1,0,1,3,1,4,41,22,63,0,0,0,2,1,3,385,216,601,2023-09-30T22:00:00Z
18,374,Rovinj,3438,3755,7193,451,257,708,31,20,51,29,37,66,536,468,1004,0,0,0,23,40,63,4508,4577,9085,2023-09-30T22:00:00Z
18,40,Brtonigla,167,114,281,40,12,52,22,7,29,1,1,2,50,51,101,1,0,1,0,1,1,281,186,467,2023-09-30T22:00:00Z
18,42,Buje,859,845,1704,123,53,176,27,13,40,8,8,16,64,70,134,0,0,0,1,5,6,1082,994,2076,2023-09-30T22:00:00Z
18,43,Buzet,1572,1095,2667,175,66,241,26,13,39,5,5,10,159,101,260,0,0,0,4,6,10,1941,1286,3227,2023-09-30T22:00:00Z
18,431,Sveti Lovreč,61,58,119,23,11,34,2,0,2,0,1,1,40,18,58,0,0,0,0,0,0,126,88,214,2023-09-30T22:00:00Z
18,432,Sveta Nedelja,189,151,340,34,10,44,7,2,9,5,0,5,47,23,70,0,0,0,3,2,5,285,188,473,2023-09-30T22:00:00Z
18,433,Sveti Petar U Šumi,181,128,309,22,3,25,3,4,7,0,0,0,13,7,20,0,0,0,1,0,1,220,142,362,2023-09-30T22:00:00Z
18,435,Svetvinčenat,141,119,260,28,7,35,3,0,3,0,2,2,25,23,48,0,0,0,0,1,1,197,152,349,2023-09-30T22:00:00Z
18,453,Tinjan,203,102,305,39,9,48,6,1,7,1,3,4,56,30,86,0,0,0,1,0,1,306,145,451,2023-09-30T22:00:00Z
18,468,Umag,3038,2680,5718,452,205,657,32,17,49,40,30,70,327,341,668,0,0,0,14,25,39,3903,3298,7201,2023-09-30T22:00:00Z
18,47,Cerovlje,132,54,186,35,5,40,5,4,9,0,0,0,25,16,41,0,0,0,0,1,1,197,80,277,2023-09-30T22:00:00Z
18,497,Višnjan,297,276,573,50,9,59,12,1,13,2,1,3,102,40,142,0,0,0,4,2,6,467,329,796,2023-09-30T22:00:00Z
18,498,Vižinada,60,59,119,31,12,43,15,5,20,0,0,0,42,33,75,0,0,0,0,1,1,148,110,258,2023-09-30T22:00:00Z
18,5,Bale,183,150,333,21,21,42,2,2,4,0,0,0,47,18,65,0,0,0,0,1,1,253,192,445,2023-09-30T22:00:00Z
18,502,Vodnjan,883,679,1562,58,29,87,10,3,13,8,2,10,79,57,136,0,1,1,2,0,2,1040,771,1811,2023-09-30T22:00:00Z
18,516,Vrsar,451,476,927,82,35,117,3,3,6,5,1,6,129,111,240,0,0,0,6,2,8,676,628,1304,2023-09-30T22:00:00Z
18,531,Žminj,506,453,959,121,49,170,12,11,23,4,5,9,91,86,177,0,0,0,3,4,7,737,608,1345,2023-09-30T22:00:00Z
18,596,Karojba,128,101,229,34,5,39,1,1,2,0,0,0,44,10,54,0,1,1,0,0,0,207,118,325,2023-09-30T22:00:00Z
18,597,Kaštelir - Labinci,144,85,229,40,20,60,8,6,14,2,0,2,55,17,72,0,0,0,1,4,5,250,132,382,2023-09-30T22:00:00Z
18,6,Barban,297,112,409,48,6,54,13,6,19,0,1,1,27,26,53,0,0,0,2,3,5,387,154,541,2023-09-30T22:00:00Z
18,619,Fažana,312,288,600,35,18,53,2,2,4,3,4,7,40,32,72,1,0,1,1,2,3,394,346,740,2023-09-30T22:00:00Z
18,629,Funtana,174,171,345,21,11,32,1,1,2,1,0,1,22,37,59,0,0,0,3,3,6,222,223,445,2023-09-30T22:00:00Z
18,631,Tar-Vabriga,215,244,459,44,18,62,4,1,5,0,1,1,39,34,73,0,0,0,0,5,5,302,303,605,2023-09-30T22:00:00Z
19,198,Konavle,1692,1358,3050,205,83,288,17,13,30,34,9,43,125,138,263,0,1,1,8,4,12,2081,1606,3687,2023-09-30T22:00:00Z
19,204,Korčula,798,1004,1802,157,69,226,18,6,24,100,11,111,126,126,252,0,0,0,6,17,23,1205,1233,2438,2023-09-30T22:00:00Z
19,219,Kula Norinska,35,43,78,9,1,10,1,0,1,0,0,0,6,6,12,0,0,0,0,0,0,51,50,101,2023-09-30T22:00:00Z
19,226,Lastovo,68,98,166,29,10,39,2,2,4,6,0,6,9,9,18,0,0,0,1,3,4,115,122,237,2023-09-30T22:00:00Z
19,25,Blato,567,424,991,78,21,99,14,4,18,10,8,18,160,41,201,0,0,0,7,1,8,836,499,1335,2023-09-30T22:00:00Z
19,264,Metković,2312,1871,4183,185,126,311,41,22,63,46,16,62,334,268,602,0,0,0,7,7,14,2925,2310,5235,2023-09-30T22:00:00Z
19,268,Mljet,198,125,323,21,9,30,3,0,3,5,2,7,11,16,27,0,0,0,5,1,6,243,153,396,2023-09-30T22:00:00Z
19,306,Opuzen,629,606,1235,31,24,55,62,23,85,5,1,6,39,78,117,0,0,0,3,1,4,769,733,1502,2023-09-30T22:00:00Z
19,308,Orebić,417,436,853,81,47,128,36,9,45,33,5,38,100,91,191,0,0,0,2,12,14,669,600,1269,2023-09-30T22:00:00Z
19,335,Ploče,1385,928,2313,92,56,148,30,12,42,26,5,31,114,124,238,0,0,0,3,5,8,1650,1130,2780,2023-09-30T22:00:00Z
19,343,Pojezerje,28,44,72,5,2,7,8,1,9,0,0,0,2,5,7,0,0,0,0,0,0,43,52,95,2023-09-30T22:00:00Z
19,399,Slivno,78,37,115,10,7,17,12,4,16,0,0,0,8,12,20,0,0,0,1,0,1,109,60,169,2023-09-30T22:00:00Z
19,402,Smokvica,29,90,119,12,1,13,18,5,23,7,0,7,39,8,47,0,0,0,1,1,2,106,105,211,2023-09-30T22:00:00Z
19,419,Ston,420,252,672,59,15,74,24,3,27,13,1,14,53,39,92,0,0,0,2,2,4,571,312,883,2023-09-30T22:00:00Z
19,474,Vela Luka,301,531,832,64,28,92,10,2,12,34,5,39,86,54,140,0,0,0,3,7,10,498,627,1125,2023-09-30T22:00:00Z
19,523,Zažablje,11,9,20,4,0,4,4,2,6,1,1,2,9,1,10,0,0,0,0,0,0,29,13,42,2023-09-30T22:00:00Z
19,598,Dubrovačko Primorje,170,136,306,30,6,36,2,4,6,6,2,8,47,24,71,0,0,0,0,1,1,255,173,428,2023-09-30T22:00:00Z
19,599,Janjina,51,59,110,11,5,16,9,5,14,2,2,4,15,16,31,0,0,0,3,1,4,91,88,179,2023-09-30T22:00:00Z
19,600,Lumbarda,63,64,127,38,11,49,11,2,13,6,0,6,30,26,56,0,0,0,6,4,10,154,107,261,2023-09-30T22:00:00Z
19,601,Trpanj,57,53,110,10,5,15,2,1,3,6,1,7,22,8,30,0,0,0,1,3,4,98,71,169,2023-09-30T22:00:00Z
19,602,Župa Dubrovačka,871,912,1783,155,75,230,5,7,12,62,1,63,91,99,190,0,0,0,5,5,10,1189,1099,2288,2023-09-30T22:00:00Z
19,98,Dubrovnik,11409,11973,23382,918,507,1425,27,16,43,516,76,592,748,781,1529,1,1,2,38,55,93,13657,13409,27066,2023-09-30T22:00:00Z
20,123,Goričan,297,156,453,9,4,13,8,2,10,0,3,3,12,9,21,0,0,0,0,0,0,326,174,500,2023-09-30T22:00:00Z
20,15,Belica,188,211,399,24,16,40,59,31,90,1,1,2,30,42,72,0,0,0,1,2,3,303,303,606,2023-09-30T22:00:00Z
20,206,Kotoriba,517,288,805,11,5,16,4,0,4,0,4,4,10,10,20,0,0,0,0,0,0,542,307,849,2023-09-30T22:00:00Z
20,250,Mala Subotica,553,1095,1648,24,19,43,30,14,44,2,5,7,16,24,40,0,0,0,0,3,3,625,1160,1785,2023-09-30T22:00:00Z
20,276,Mursko Središće,909,806,1715,48,26,74,14,7,21,2,7,9,37,51,88,0,0,0,2,2,4,1012,899,1911,2023-09-30T22:00:00Z
20,279,Nedelišće,1591,868,2459,100,47,147,38,20,58,1,7,8,133,90,223,0,0,0,0,5,5,1863,1037,2900,2023-09-30T22:00:00Z
20,342,Podturen,214,140,354,22,8,30,16,12,28,1,2,3,52,34,86,0,0,0,0,1,1,305,197,502,2023-09-30T22:00:00Z
20,355,Prelog,2370,1663,4033,67,30,97,48,20,68,7,8,15,76,78,154,0,0,0,5,7,12,2573,1806,4379,2023-09-30T22:00:00Z
20,385,Selnica,154,165,319,14,10,24,7,5,12,1,1,2,13,13,26,0,0,0,1,0,1,190,194,384,2023-09-30T22:00:00Z
20,440,Sveti Juraj Na Bregu,310,208,518,30,17,47,14,5,19,1,4,5,39,44,83,0,0,0,0,1,1,394,279,673,2023-09-30T22:00:00Z
20,441,Sveti Martin Na Muri,646,373,1019,16,14,30,7,5,12,0,3,3,32,34,66,0,0,0,2,0,2,703,429,1132,2023-09-30T22:00:00Z
20,452,Štrigova,316,205,521,24,14,38,35,17,52,2,1,3,58,68,126,0,0,0,0,1,1,435,306,741,2023-09-30T22:00:00Z
20,504,Vratišinec,136,94,230,7,2,9,11,2,13,1,2,3,11,10,21,0,0,0,1,0,1,167,110,277,2023-09-30T22:00:00Z
20,60,Čakovec,9835,9157,18992,267,160,427,58,23,81,43,64,107,254,329,583,0,0,0,9,14,23,10466,9747,20213,2023-09-30T22:00:00Z
20,603,Dekanovec,79,77,156,6,1,7,4,5,9,0,0,0,7,2,9,0,0,0,0,1,1,96,86,182,2023-09-30T22:00:00Z
20,604,Gornji Mihaljevec,110,83,193,16,4,20,26,9,35,2,1,3,20,16,36,0,0,0,0,1,1,174,114,288,2023-09-30T22:00:00Z
20,605,Orehovica,202,160,362,17,3,20,23,8,31,1,2,3,39,19,58,0,0,0,0,2,2,282,194,476,2023-09-30T22:00:00Z
20,606,Strahoninec,252,156,408,14,8,22,3,2,5,0,1,1,38,12,50,0,0,0,1,2,3,308,181,489,2023-09-30T22:00:00Z
20,607,Sveta Marija,72,77,149,10,2,12,5,0,5,2,1,3,18,6,24,0,0,0,0,1,1,107,87,194,2023-09-30T22:00:00Z
20,608,Šenkovec,527,285,812,22,9,31,3,1,4,0,1,1,26,19,45,0,0,0,0,2,2,578,317,895,2023-09-30T22:00:00Z
20,620,Pribislavec,297,157,454,10,8,18,2,1,3,2,1,3,9,10,19,0,0,0,0,0,0,320,177,497,2023-09-30T22:00:00Z
20,75,Domašinec,253,113,366,7,7,14,20,16,36,0,1,1,17,6,23,0,0,0,2,0,2,299,143,442,2023-09-30T22:00:00Z
20,78,Donja Dubrava,209,237,446,17,6,23,5,3,8,0,2,2,13,14,27,0,0,0,0,0,0,244,262,506,2023-09-30T22:00:00Z
20,82,Donji Kraljevec,1429,646,2075,43,15,58,52,21,73,3,4,7,87,119,206,0,0,0,2,7,9,1616,812,2428,2023-09-30T22:00:00Z
20,89,Donji Vidovec,58,78,136,5,1,6,2,0,2,1,1,2,4,14,18,0,0,0,0,0,0,70,94,164,2023-09-30T22:00:00Z
21,133,Zagreb,237965,215492,453457,8696,6396,15092,284,161,445,2216,2093,4309,5404,6960,12364,50,22,72,328,509,837,254943,231633,486576,2023-09-30T22:00:00Z
01,101,Dugo Selo,3238,2083,5321,253,132,385,30,20,50,27,26,53,264,253,517,0,0,0,7,16,23,3819,2530,6349,2023-10-31T23:00:00Z
01,114,Farkaševac,142,209,351,8,3,11,24,10,34,0,2,2,33,18,51,0,0,0,1,0,1,208,242,450,2023-10-31T23:00:00Z
01,135,Gradec,149,144,293,14,1,15,9,7,16,0,1,1,50,22,72,0,0,0,0,1,1,222,176,398,2023-10-31T23:00:00Z
01,158,Ivanić-Grad,3367,1809,5176,91,76,167,45,27,72,8,21,29,144,183,327,1,0,1,3,13,16,3659,2129,5788,2023-10-31T23:00:00Z
01,163,Jakovlje,372,379,751,39,7,46,10,8,18,2,0,2,40,34,74,0,0,0,0,0,0,463,428,891,2023-10-31T23:00:00Z
01,169,Jastrebarsko,2376,1768,4144,229,120,349,45,30,75,18,19,37,273,226,499,0,0,0,5,6,11,2946,2169,5115,2023-10-31T23:00:00Z
01,190,Klinča Selo,228,198,426,43,15,58,6,5,11,0,0,0,63,51,114,0,0,0,1,1,2,341,270,611,2023-10-31T23:00:00Z
01,193,Kloštar Ivanić,408,330,738,22,11,33,22,5,27,5,11,16,41,35,76,1,0,1,2,4,6,501,396,897,2023-10-31T23:00:00Z
01,213,Križ,767,475,1242,26,20,46,18,10,28,6,4,10,26,45,71,0,0,0,1,3,4,844,557,1401,2023-10-31T23:00:00Z
01,33,Brckovljani,408,439,847,7,4,11,0,1,1,2,2,4,28,16,44,0,0,0,0,0,0,445,462,907,2023-10-31T23:00:00Z
01,331,Pisarovina,388,281,669,27,25,52,18,20,38,2,1,3,26,32,58,0,0,0,0,2,2,461,361,822,2023-10-31T23:00:00Z
01,34,Brdovec,899,795,1694,96,50,146,17,7,24,1,5,6,94,62,156,0,0,0,4,3,7,1111,922,2033,2023-10-31T23:00:00Z
01,356,Preseka,25,9,34,5,2,7,12,10,22,0,0,0,14,6,20,0,0,0,1,0,1,57,27,84,2023-10-31T23:00:00Z
01,362,Pušča,165,192,357,26,13,39,7,2,9,2,3,5,43,25,68,0,0,0,0,0,0,243,235,478,2023-10-31T23:00:00Z
01,376,Rugvica,1504,621,2125,9,7,16,2,3,5,1,2,3,15,14,29,0,0,0,0,0,0,1531,647,2178,2023-10-31T23:00:00Z
01,380,Samobor,5747,4182,9929,538,342,880,27,19,46,51,64,115,494,475,969,2,4,6,32,30,62,6891,5116,12007,2023-10-31T23:00:00Z
01,429,Sveti Ivan Zelina,2704,2076,4780,178,78,256,60,45,105,14,18,32,264,204,468,0,0,0,8,5,13,3228,2426,5654,2023-10-31T23:00:00Z
01,436,Sveta Nedjelja,6293,3693,9986,235,108,343,6,4,10,11,11,22,348,188,536,0,0,0,6,7,13,6899,4011,10910,2023-10-31T23:00:00Z
01,508,Vrbovec,2149,2077,4226,176,82,258,92,32,124,6,17,23,297,169,466,0,0,0,9,10,19,2729,2387,5116,2023-10-31T23:00:00Z
01,533,Krašić,273,190,463,27,11,38,12,11,23,2,1,3,29,21,50,0,0,0,0,0,0,343,234,577,2023-10-31T23:00:00Z
01,536,Rakovec,38,25,63,9,2,11,6,4,10,0,1,1,23,14,37,0,0,0,0,0,0,76,46,122,2023-10-31T23:00:00Z
01,539,Marija Gorica,85,109,194,14,2,16,0,0,0,1,1,2,25,13,38,0,0,0,0,0,0,125,125,250,2023-10-31T23:00:00Z
01,540,Žumberak,17,19,36,7,1,8,4,2,6,0,0,0,4,8,12,0,0,0,0,0,0,32,30,62,2023-10-31T23:00:00Z
01,541,Velika Gorica,9020,6851,15871,689,433,1122,70,34,104,56,57,113,602,536,1138,2,0,2,20,22,42,10459,7933,18392,2023-10-31T23:00:00Z
01,542,Orle,47,25,72,18,1,19,10,2,12,0,0,0,19,3,22,0,0,0,0,0,0,94,31,125,2023-10-31T23:00:00Z
01,543,Zaprešić,3517,3024,6541,240,178,418,11,10,21,35,42,77,274,237,511,0,0,0,11,11,22,4088,3502,7590,2023-10-31T23:00:00Z
01,544,Pokupsko,40,58,98,12,7,19,12,4,16,0,0,0,6,6,12,0,0,0,1,0,1,71,75,146,2023-10-31T23:00:00Z
01,545,Kravarsko,112,84,196,43,12,55,4,4,8,0,0,0,78,16,94,0,0,0,0,1,1,237,117,354,2023-10-31T23:00:00Z
01,547,Bistra,410,553,963,56,22,78,10,5,15,2,6,8,57,49,106,1,0,1,0,2,2,536,637,1173,2023-10-31T23:00:00Z
01,548,Luka,321,159,480,14,2,16,2,1,3,1,1,2,18,20,38,0,0,0,0,0,0,356,183,539,2023-10-31T23:00:00Z
01,549,Dubravica,63,43,106,16,0,16,12,3,15,0,0,0,13,16,29,0,0,0,0,0,0,104,62,166,2023-10-31T23:00:00Z
01,550,Bedenica,224,165,389,12,4,16,4,3,7,1,1,2,15,5,20,0,0,0,0,0,0,256,178,434,2023-10-31T23:00:00Z
01,551,Stupnik,1631,645,2276,28,17,45,1,1,2,1,3,4,19,32,51,0,0,0,1,0,1,1681,698,2379,2023-10-31T23:00:00Z
01,97,Dubrava,309,349,658,51,25,76,74,39,113,5,13,18,60,77,137,0,0,0,3,5,8,502,508,1010,2023-10-31T23:00:00Z
02,108,Đurmanec,156,162,318,57,19,76,1,2,3,3,2,5,110,83,193,0,0,0,1,1,2,328,269,597,2023-10-31T23:00:00Z
02,11,Bedekovčina,550,754,1304,98,41,139,8,6,14,9,7,16,130,104,234,0,0,0,4,3,7,799,915,1714,2023-10-31T23:00:00Z
02,125,Gornja Stubica,243,307,550,60,16,76,6,7,13,2,1,3,77,52,129,0,0,0,1,0,1,389,383,772,2023-10-31T23:00:00Z
02,146,Hraščina,47,39,86,10,3,13,2,2,4,0,1,1,6,7,13,0,0,0,0,0,0,65,52,117,2023-10-31T23:00:00Z
02,152,Hum Na Sutli,1543,651,2194,52,28,80,4,0,4,1,6,7,246,70,316,0,0,0,0,1,1,1846,756,2602,2023-10-31T23:00:00Z
02,187,Klanjec,291,269,560,62,30,92,9,6,15,4,1,5,65,52,117,0,0,0,1,2,3,432,360,792,2023-10-31T23:00:00Z
02,200,Konjščina,453,421,874,31,21,52,2,2,4,0,2,2,46,35,81,0,0,0,0,1,1,532,482,1014,2023-10-31T23:00:00Z
02,208,Kraljevec Na Sutli,81,48,129,12,4,16,3,1,4,0,0,0,20,4,24,0,0,0,0,1,1,116,58,174,2023-10-31T23:00:00Z
02,211,Krapina,3059,2402,5461,186,104,290,9,2,11,14,15,29,194,166,360,0,0,0,2,3,5,3464,2692,6156,2023-10-31T23:00:00Z
02,212,Krapinske Toplice,645,1295,1940,71,37,108,6,4,10,0,5,5,110,79,189,0,1,1,1,1,2,833,1422,2255,2023-10-31T23:00:00Z
02,236,Lobor,169,248,417,25,8,33,4,3,7,0,1,1,37,18,55,0,0,0,1,1,2,236,279,515,2023-10-31T23:00:00Z
02,248,Mače,102,83,185,28,8,36,3,4,7,1,0,1,82,37,119,0,0,0,0,0,0,216,132,348,2023-10-31T23:00:00Z
02,256,Marija Bistrica,342,393,735,72,42,114,12,5,17,1,6,7,78,75,153,0,0,0,2,2,4,507,523,1030,2023-10-31T23:00:00Z
02,265,Mihovljan,122,126,248,32,8,40,3,1,4,0,0,0,75,19,94,0,0,0,1,1,2,233,155,388,2023-10-31T23:00:00Z
02,311,Oroslavje,1011,816,1827,74,40,114,8,3,11,6,6,12,90,65,155,0,0,0,4,2,6,1193,932,2125,2023-10-31T23:00:00Z
02,329,Petrovsko,117,52,169,16,3,19,1,0,1,5,0,5,64,14,78,0,0,0,1,0,1,204,69,273,2023-10-31T23:00:00Z
02,352,Pregrada,834,931,1765,110,34,144,2,5,7,5,6,11,167,104,271,0,0,0,0,0,0,1118,1080,2198,2023-10-31T23:00:00Z
02,364,Radoboj,177,112,289,17,13,30,1,1,2,0,2,2,64,22,86,0,0,0,0,1,1,259,151,410,2023-10-31T23:00:00Z
02,41,Budinščina,207,180,387,19,6,25,5,1,6,2,2,4,19,12,31,0,0,0,3,2,5,255,203,458,2023-10-31T23:00:00Z
02,422,Stubičke Toplice,263,458,721,33,18,51,0,4,4,3,5,8,50,30,80,0,0,0,2,0,2,351,515,866,2023-10-31T23:00:00Z
02,430,Sveti Križ Začretje,702,700,1402,80,25,105,10,5,15,1,5,6,138,93,231,1,0,1,3,1,4,935,829,1764,2023-10-31T23:00:00Z
02,466,Tuhelj,152,235,387,20,11,31,5,0,5,1,2,3,59,49,108,0,0,0,0,0,0,237,297,534,2023-10-31T23:00:00Z
02,481,Veliko Trgovišće,636,457,1093,53,18,71,3,3,6,2,5,7,108,50,158,0,0,0,2,1,3,804,534,1338,2023-10-31T23:00:00Z
02,519,Zabok,2876,3057,5933,152,89,241,8,3,11,16,16,32,142,202,344,0,0,0,1,1,2,3195,3368,6563,2023-10-31T23:00:00Z
02,521,Zagorska Sela,12,57,69,5,0,5,5,2,7,0,1,1,15,4,19,0,0,0,0,0,0,37,64,101,2023-10-31T23:00:00Z
02,526,Zlatar,539,689,1228,109,58,167,27,13,40,6,8,14,131,79,210,0,0,0,5,7,12,817,854,1671,2023-10-31T23:00:00Z
02,527,Zlatar Bistrica,242,335,577,26,7,33,3,1,4,5,0,5,68,44,112,0,0,0,1,1,2,345,388,733,2023-10-31T23:00:00Z
02,552,Jesenje,94,83,177,8,1,9,0,0,0,0,0,0,48,9,57,0,0,0,0,0,0,150,93,243,2023-10-31T23:00:00Z
02,553,Kumrovec,83,91,174,19,6,25,2,0,2,4,1,5,21,12,33,0,0,0,0,0,0,129,110,239,2023-10-31T23:00:00Z
02,554,Novi Golubovec,144,66,210,3,2,5,1,0,1,0,0,0,4,1,5,0,0,0,0,0,0,152,69,221,2023-10-31T23:00:00Z
02,70,Desinić,124,282,406,32,10,42,11,2,13,3,3,6,50,38,88,0,0,0,0,1,1,220,336,556,2023-10-31T23:00:00Z
02,79,Donja Stubica,880,733,1613,99,52,151,7,5,12,6,3,9,76,54,130,0,1,1,1,3,4,1069,851,1920,2023-10-31T23:00:00Z
03,102,Dvor,336,143,479,20,6,26,61,21,82,0,2,2,20,11,31,0,0,0,0,4,4,437,187,624,2023-10-31T23:00:00Z
03,121,Glina,1190,657,1847,42,21,63,62,24,86,5,9,14,78,74,152,0,0,0,1,0,1,1378,785,2163,2023-10-31T23:00:00Z
03,149,Hrvatska Dubica,72,74,146,9,2,11,12,5,17,0,0,0,12,5,17,0,0,0,0,1,1,105,87,192,2023-10-31T23:00:00Z
03,150,Hrvatska Kostajnica,296,260,556,25,11,36,10,2,12,2,3,5,21,26,47,0,0,0,1,1,2,355,303,658,2023-10-31T23:00:00Z
03,168,Jasenovac,153,127,280,12,9,21,14,4,18,0,0,0,16,14,30,0,0,0,0,3,3,195,157,352,2023-10-31T23:00:00Z
03,220,Kutina,3379,2783,6162,189,115,304,45,19,64,38,25,63,239,274,513,1,0,1,9,9,18,3900,3225,7125,2023-10-31T23:00:00Z
03,228,Lekenik,415,290,705,47,14,61,11,8,19,1,2,3,76,28,104,0,0,0,2,0,2,552,342,894,2023-10-31T23:00:00Z
03,232,Lipovljani,253,256,509,31,8,39,10,2,12,1,0,1,41,44,85,0,0,0,0,6,6,336,316,652,2023-10-31T23:00:00Z
03,259,Martinska Ves,128,62,190,10,1,11,28,12,40,3,0,3,79,19,98,0,0,0,0,0,0,248,94,342,2023-10-31T23:00:00Z
03,293,Novska,1285,1081,2366,191,106,297,34,15,49,5,17,22,266,224,490,0,0,0,3,7,10,1784,1450,3234,2023-10-31T23:00:00Z
03,328,Petrinja,1894,1754,3648,291,103,394,69,27,96,10,25,35,380,293,673,0,0,0,6,2,8,2650,2204,4854,2023-10-31T23:00:00Z
03,347,Popovača,874,1092,1966,92,46,138,47,16,63,6,10,16,108,136,244,0,0,0,5,4,9,1132,1304,2436,2023-10-31T23:00:00Z
03,391,Sisak,7223,8177,15400,392,252,644,100,50,150,40,70,110,621,589,1210,1,0,1,16,11,27,8393,9149,17542,2023-10-31T23:00:00Z
03,426,Sunja,196,176,372,28,9,37,49,30,79,1,1,2,24,21,45,0,0,0,1,1,2,299,238,537,2023-10-31T23:00:00Z
03,457,Topusko,235,326,561,16,10,26,5,2,7,4,1,5,31,20,51,0,0,0,0,0,0,291,359,650,2023-10-31T23:00:00Z
03,477,Velika Ludina,128,157,285,12,7,19,11,3,14,0,0,0,22,23,45,0,0,0,0,0,0,173,190,363,2023-10-31T23:00:00Z
03,510,Gvozd,115,88,203,12,6,18,17,4,21,0,1,1,13,13,26,0,0,0,0,0,0,157,112,269,2023-10-31T23:00:00Z
03,555,Majur,128,39,167,1,1,2,3,0,3,0,0,0,4,0,4,0,0,0,0,0,0,136,40,176,2023-10-31T23:00:00Z
03,83,Donji Kukuruzari,47,45,92,5,0,5,6,4,10,0,0,0,1,3,4,0,0,0,1,0,1,60,52,112,2023-10-31T23:00:00Z
04,120,Generalski Stol,44,65,109,20,5,25,1,0,1,0,1,1,36,13,49,0,0,0,0,0,0,101,84,185,2023-10-31T23:00:00Z
04,172,Josipdol,193,164,357,26,17,43,1,7,8,2,1,3,46,51,97,0,0,0,0,0,0,268,240,508,2023-10-31T23:00:00Z
04,179,Karlovac,10828,9199,20027,427,330,757,72,53,125,68,82,150,638,800,1438,1,0,1,12,26,38,12046,10490,22536,2023-10-31T23:00:00Z
04,216,Krnjak,136,70,206,5,2,7,6,4,10,1,0,1,11,6,17,0,0,0,0,0,0,159,82,241,2023-10-31T23:00:00Z
04,225,Lasinja,33,38,71,5,2,7,0,5,5,2,0,2,7,7,14,0,0,0,0,0,0,47,52,99,2023-10-31T23:00:00Z
04,281,Netretić,116,119,235,17,3,20,3,1,4,1,1,2,45,31,76,0,0,0,0,0,0,182,155,337,2023-10-31T23:00:00Z
04,297,Ogulin,1845,1849,3694,159,98,257,46,19,65,10,28,38,164,189,353,0,0,0,4,5,9,2228,2188,4416,2023-10-31T23:00:00Z
04,30,Bosiljevo,108,78,186,5,0,5,0,0,0,1,1,2,30,40,70,0,0,0,0,0,0,144,119,263,2023-10-31T23:00:00Z
04,315,Ozalj,793,654,1447,88,32,120,21,13,34,3,9,12,133,88,221,0,1,1,2,3,5,1040,800,1840,2023-10-31T23:00:00Z
04,333,Plaški,108,73,181,12,4,16,8,0,8,0,1,1,49,28,77,0,0,0,0,0,0,177,106,283,2023-10-31T23:00:00Z
04,365,Rakovica,176,208,384,8,7,15,2,2,4,1,0,1,67,69,136,0,0,0,2,8,10,256,294,550,2023-10-31T23:00:00Z
04,378,Saborsko,12,14,26,1,0,1,1,0,1,0,0,0,1,2,3,0,0,0,0,0,0,15,16,31,2023-10-31T23:00:00Z
04,400,Slunj,349,408,757,57,16,73,42,21,63,3,6,9,120,100,220,0,0,0,4,14,18,575,565,1140,2023-10-31T23:00:00Z
04,49,Cetingrad,58,65,123,7,2,9,2,3,5,0,0,0,9,7,16,0,0,0,0,0,0,76,77,153,2023-10-31T23:00:00Z
04,503,Vojnić,377,258,635,23,11,34,39,13,52,1,0,1,28,36,64,0,0,0,3,0,3,471,318,789,2023-10-31T23:00:00Z
04,530,Žakanje,171,101,272,27,13,40,3,1,4,0,0,0,29,25,54,0,0,0,0,1,1,230,141,371,2023-10-31T23:00:00Z
04,556,Ribnik,12,8,20,10,3,13,2,1,3,0,0,0,4,9,13,0,0,0,0,0,0,28,21,49,2023-10-31T23:00:00Z
04,557,Tounj,60,26,86,5,1,6,1,0,1,0,0,0,2,10,12,0,0,0,0,0,0,68,37,105,2023-10-31T23:00:00Z
04,623,Kamanje,157,95,252,6,1,7,0,0,0,0,0,0,7,7,14,0,0,0,0,0,0,170,103,273,2023-10-31T23:00:00Z
04,7,Barilovići,311,162,473,22,11,33,5,0,5,0,1,1,126,31,157,0,0,0,0,1,1,464,206,670,2023-10-31T23:00:00Z
04,90,Draganić,174,213,387,16,3,19,7,2,9,0,1,1,19,18,37,0,0,0,0,0,0,216,237,453,2023-10-31T23:00:00Z
04,99,Duga Resa,1325,1069,2394,136,83,219,19,20,39,5,20,25,184,201,385,0,0,0,6,12,18,1675,1405,3080,2023-10-31T23:00:00Z
05,12,Bednja,228,182,410,19,6,25,3,3,6,1,1,2,29,14,43,0,0,0,0,1,1,280,207,487,2023-10-31T23:00:00Z
05,129,Gornji Kneginec,688,1060,1748,58,39,97,8,3,11,3,8,11,57,55,112,0,0,0,4,7,11,818,1172,1990,2023-10-31T23:00:00Z
05,151,Breznički Hum,195,148,343,11,4,15,5,6,11,0,2,2,20,13,33,0,0,0,1,3,4,232,176,408,2023-10-31T23:00:00Z
05,156,Ivanec,2380,1920,4300,181,72,253,13,14,27,9,19,28,325,255,580,0,0,0,8,12,20,2916,2292,5208,2023-10-31T23:00:00Z
05,165,Jalžabet,750,1147,1897,21,4,25,11,6,17,0,3,3,50,33,83,0,0,0,0,1,1,832,1194,2026,2023-10-31T23:00:00Z
05,189,Klenovnik,197,71,268,8,4,12,0,0,0,0,0,0,21,27,48,0,0,0,2,0,2,228,102,330,2023-10-31T23:00:00Z
05,19,Beretinec,92,47,139,19,2,21,3,2,5,0,2,2,14,19,33,0,0,0,2,0,2,130,72,202,2023-10-31T23:00:00Z
05,229,Lepoglava,1418,661,2079,63,37,100,4,2,6,1,5,6,96,53,149,0,0,0,1,5,6,1583,763,2346,2023-10-31T23:00:00Z
05,244,Ludbreg,2034,1677,3711,133,64,197,62,35,97,8,16,24,227,170,397,0,0,0,3,5,8,2467,1967,4434,2023-10-31T23:00:00Z
05,247,Ljubešćica,374,171,545,24,9,33,0,0,0,0,4,4,82,22,104,0,0,0,1,1,2,481,207,688,2023-10-31T23:00:00Z
05,251,Mali Bukovec,44,83,127,11,5,16,23,16,39,0,1,1,96,32,128,0,0,0,0,1,1,174,138,312,2023-10-31T23:00:00Z
05,260,Maruševec,386,299,685,61,30,91,21,22,43,4,2,6,119,46,165,0,0,0,2,2,4,593,401,994,2023-10-31T23:00:00Z
05,289,Novi Marof,1324,1234,2558,167,77,244,13,11,24,9,16,25,322,189,511,0,0,0,3,15,18,1838,1542,3380,2023-10-31T23:00:00Z
05,326,Petrijanec,497,779,1276,23,10,33,13,8,21,1,3,4,91,76,167,0,0,0,0,1,1,625,877,1502,2023-10-31T23:00:00Z
05,36,Breznica,165,75,240,18,2,20,6,5,11,1,5,6,40,15,55,0,0,0,0,0,0,230,102,332,2023-10-31T23:00:00Z
05,410,Sračinec,265,278,543,37,17,54,1,1,2,0,6,6,100,75,175,0,0,0,0,2,2,403,379,782,2023-10-31T23:00:00Z
05,437,Sveti Đurđ,75,103,178,34,5,39,25,8,33,2,1,3,29,31,60,0,0,0,0,0,0,165,148,313,2023-10-31T23:00:00Z
05,438,Sveti Ilija,207,204,411,18,8,26,1,0,1,0,4,4,37,31,68,0,0,0,0,0,0,263,247,510,2023-10-31T23:00:00Z
05,462,Trnovec Bartolovečki,1414,1327,2741,74,19,93,16,6,22,2,2,4,292,98,390,1,0,1,2,2,4,1801,1454,3255,2023-10-31T23:00:00Z
05,472,Varaždin,17399,15160,32559,565,447,1012,46,30,76,83,109,192,514,679,1193,1,0,1,20,15,35,18628,16440,35068,2023-10-31T23:00:00Z
05,473,Varaždinske Toplice,639,621,1260,48,24,72,10,5,15,6,6,12,156,45,201,0,0,0,1,3,4,860,704,1564,2023-10-31T23:00:00Z
05,48,Cestica,392,397,789,57,26,83,17,14,31,1,5,6,110,76,186,0,0,0,2,2,4,579,520,1099,2023-10-31T23:00:00Z
05,484,Vidovec,306,282,588,47,15,62,52,27,79,1,5,6,113,80,193,0,0,0,0,0,0,519,409,928,2023-10-31T23:00:00Z
05,486,Vinica,364,237,601,17,10,27,5,4,9,1,5,6,29,24,53,0,0,0,0,1,1,416,281,697,2023-10-31T23:00:00Z
05,493,Visoko,110,61,171,16,1,17,6,4,10,0,0,0,28,25,53,0,0,0,3,1,4,163,92,255,2023-10-31T23:00:00Z
05,558,Veliki Bukovec,403,250,653,5,2,7,18,9,27,0,1,1,33,33,66,0,0,0,0,0,0,459,295,754,2023-10-31T23:00:00Z
05,80,Donja Voća,78,62,140,6,1,7,5,6,11,0,1,1,28,17,45,0,0,0,0,1,1,117,88,205,2023-10-31T23:00:00Z
05,85,Donji Martijanec,342,168,510,27,7,34,16,3,19,1,1,2,48,31,79,0,0,0,0,0,0,434,210,644,2023-10-31T23:00:00Z
06,104,Đelekovec,47,49,96,26,12,38,39,10,49,0,1,1,19,17,36,0,0,0,0,0,0,131,89,220,2023-10-31T23:00:00Z
06,107,Đurđevac,1434,1207,2641,82,46,128,68,36,104,13,11,24,79,73,152,0,0,0,10,4,14,1686,1377,3063,2023-10-31T23:00:00Z
06,115,Ferdinandovac,39,98,137,13,2,15,37,29,66,1,1,2,23,6,29,0,0,0,0,0,0,113,136,249,2023-10-31T23:00:00Z
06,122,Gola,186,179,365,10,3,13,80,40,120,0,3,3,9,26,35,0,0,0,1,0,1,286,251,537,2023-10-31T23:00:00Z
06,145,Hlebine,14,32,46,3,0,3,14,4,18,1,0,1,0,12,12,0,0,0,0,1,1,32,49,81,2023-10-31T23:00:00Z
06,194,Kloštar Podravski,191,151,342,17,14,31,34,33,67,0,1,1,29,63,92,0,0,0,2,1,3,273,263,536,2023-10-31T23:00:00Z
06,201,Koprivnica,7181,7651,14832,362,222,584,57,31,88,66,66,132,393,432,825,0,2,2,8,10,18,8067,8414,16481,2023-10-31T23:00:00Z
06,202,Koprivnički Bregi,71,88,159,20,5,25,22,7,29,0,0,0,39,7,46,0,0,0,0,0,0,152,107,259,2023-10-31T23:00:00Z
06,203,Koprivnički Ivanec,68,55,123,24,5,29,25,8,33,0,0,0,20,8,28,0,0,0,0,0,0,137,76,213,2023-10-31T23:00:00Z
06,214,Križevci,3968,3886,7854,198,116,314,207,164,371,14,30,44,257,232,489,1,0,1,8,13,21,4653,4441,9094,2023-10-31T23:00:00Z
06,227,Legrad,68,75,143,17,5,22,17,5,22,0,1,1,26,21,47,0,0,0,0,0,0,128,107,235,2023-10-31T23:00:00Z
06,270,Molve,231,107,338,7,10,17,49,28,77,0,1,1,27,16,43,0,0,0,2,2,4,316,164,480,2023-10-31T23:00:00Z
06,292,Novigrad Podravski,88,146,234,11,5,16,14,10,24,0,2,2,17,15,32,0,0,0,0,0,0,130,178,308,2023-10-31T23:00:00Z
06,324,Peteranec,81,46,127,23,3,26,22,11,33,1,1,2,26,13,39,0,0,0,0,1,1,153,75,228,2023-10-31T23:00:00Z
06,366,Rasinja,51,70,121,23,3,26,51,19,70,2,0,2,20,19,39,0,0,0,1,0,1,148,111,259,2023-10-31T23:00:00Z
06,405,Sokolovac,168,81,249,17,4,21,46,11,57,5,4,9,17,8,25,0,0,0,0,1,1,253,109,362,2023-10-31T23:00:00Z
06,439,Sveti Ivan Žabno,300,214,514,42,16,58,91,60,151,1,2,3,53,68,121,0,0,0,0,1,1,487,361,848,2023-10-31T23:00:00Z
06,442,Sveti Petar Orehovec,137,133,270,31,7,38,128,110,238,0,1,1,45,29,74,0,0,0,2,0,2,343,280,623,2023-10-31T23:00:00Z
06,490,Virje,342,212,554,29,13,42,34,16,50,3,1,4,30,37,67,0,0,0,1,0,1,439,279,718,2023-10-31T23:00:00Z
06,559,Kalinovac,432,104,536,7,1,8,6,3,9,0,0,0,11,9,20,0,0,0,1,0,1,457,117,574,2023-10-31T23:00:00Z
06,560,Kalnik,46,48,94,2,4,6,17,19,36,0,1,1,8,2,10,0,0,0,0,0,0,73,74,147,2023-10-31T23:00:00Z
06,561,Novo Virje,41,40,81,2,0,2,35,27,62,0,0,0,20,7,27,0,0,0,0,0,0,98,74,172,2023-10-31T23:00:00Z
06,616,Podravske Sesvete,112,123,235,3,5,8,26,13,39,2,0,2,9,8,17,0,0,0,0,0,0,152,149,301,2023-10-31T23:00:00Z
06,618,Gornja Reka,106,99,205,6,3,9,8,3,11,0,0,0,4,5,9,0,0,0,0,0,0,124,110,234,2023-10-31T23:00:00Z
06,96,Drnje,119,110,229,13,4,17,15,10,25,0,2,2,7,10,17,0,0,0,0,1,1,154,137,291,2023-10-31T23:00:00Z
07,105,Đulovac,271,74,345,8,7,15,31,17,48,2,0,2,120,32,152,0,0,0,0,1,1,432,131,563,2023-10-31T23:00:00Z
07,119,Garešnica,1137,1090,2227,63,32,95,59,35,94,15,16,31,111,128,239,1,0,1,4,5,9,1390,1306,2696,2023-10-31T23:00:00Z
07,139,Grubišno Polje,631,589,1220,32,26,58,100,34,134,4,6,10,60,67,127,0,0,0,0,3,3,827,725,1552,2023-10-31T23:00:00Z
07,144,Hercegovac,159,155,314,22,3,25,44,14,58,1,1,2,41,33,74,0,0,0,1,0,1,268,206,474,2023-10-31T23:00:00Z
07,161,Ivanska,200,120,320,2,2,4,48,13,61,3,2,5,37,18,55,0,0,0,3,2,5,293,157,450,2023-10-31T23:00:00Z
07,176,Kapela,121,102,223,7,1,8,41,26,67,0,0,0,23,12,35,0,0,0,1,0,1,193,141,334,2023-10-31T23:00:00Z
07,18,Berek,38,45,83,7,2,9,21,12,33,0,0,0,10,8,18,0,0,0,0,0,0,76,67,143,2023-10-31T23:00:00Z
07,199,Končanica,140,70,210,10,2,12,27,16,43,0,0,0,11,13,24,0,0,0,1,2,3,189,103,292,2023-10-31T23:00:00Z
07,24,Bjelovar,7383,6981,14364,312,204,516,191,93,284,49,60,109,409,532,941,2,0,2,21,16,37,8367,7886,16253,2023-10-31T23:00:00Z
07,287,Nova Rača,98,117,215,15,2,17,69,31,100,0,2,2,32,14,46,0,0,0,1,2,3,215,168,383,2023-10-31T23:00:00Z
07,375,Rovišće,234,223,457,30,12,42,48,30,78,1,3,4,26,40,66,0,0,0,0,1,1,339,309,648,2023-10-31T23:00:00Z
07,390,Sirač,356,177,533,12,3,15,9,5,14,1,1,2,16,11,27,0,0,0,0,1,1,394,198,592,2023-10-31T23:00:00Z
07,450,Štefanje,53,57,110,9,4,13,35,12,47,1,2,3,33,25,58,0,0,0,0,1,1,131,101,232,2023-10-31T23:00:00Z
07,478,Velika Pisanica,77,80,157,5,2,7,26,14,40,1,0,1,10,6,16,0,0,0,1,1,2,120,103,223,2023-10-31T23:00:00Z
07,480,Veliki Grđevac,151,135,286,12,5,17,75,28,103,1,3,4,69,32,101,0,0,0,0,1,1,308,204,512,2023-10-31T23:00:00Z
07,483,Veliko Trojstvo,81,128,209,13,4,17,8,16,24,0,0,0,40,19,59,0,0,0,1,0,1,143,167,310,2023-10-31T23:00:00Z
07,562,Severin,53,26,79,1,1,2,18,14,32,0,0,0,19,49,68,0,0,0,0,0,0,91,90,181,2023-10-31T23:00:00Z
07,564,Šandrovac,29,45,74,4,0,4,13,6,19,0,0,0,15,5,20,0,0,0,0,2,2,61,58,119,2023-10-31T23:00:00Z
07,565,Velika Trnovitica,58,67,125,8,2,10,33,20,53,1,0,1,20,11,31,0,0,0,1,1,2,121,101,222,2023-10-31T23:00:00Z
07,566,Zrinski Topolovac,18,19,37,3,0,3,27,14,41,0,0,0,5,2,7,0,0,0,0,1,1,53,36,89,2023-10-31T23:00:00Z
07,63,Čazma,1149,816,1965,57,24,81,52,38,90,6,9,15,143,67,210,0,0,0,2,0,2,1409,954,2363,2023-10-31T23:00:00Z
07,67,Daruvar,1528,1841,3369,75,60,135,45,21,66,17,15,32,132,164,296,0,0,0,3,9,12,1800,2110,3910,2023-10-31T23:00:00Z
07,71,Dežanovac,134,79,213,10,2,12,62,30,92,0,1,1,32,17,49,0,0,0,1,2,3,239,131,370,2023-10-31T23:00:00Z
08,117,Fužine,289,190,479,20,11,31,0,1,1,2,1,3,21,23,44,0,0,0,3,0,3,335,226,561,2023-10-31T23:00:00Z
08,170,Jelenje,266,270,536,98,51,149,6,0,6,38,8,46,43,35,78,0,0,0,2,4,6,453,368,821,2023-10-31T23:00:00Z
08,180,Kastav,1145,873,2018,138,77,215,4,2,6,47,11,58,113,77,190,1,1,2,4,5,9,1452,1046,2498,2023-10-31T23:00:00Z
08,186,Klana,349,175,524,22,13,35,1,2,3,5,2,7,17,6,23,0,0,0,1,2,3,395,200,595,2023-10-31T23:00:00Z
08,209,Kraljevica,384,303,687,43,26,69,2,2,4,46,4,50,18,40,58,1,0,1,1,8,9,495,383,878,2023-10-31T23:00:00Z
08,215,Krk,1901,1342,3243,269,118,387,13,9,22,32,18,50,281,179,460,0,0,0,23,21,44,2519,1687,4206,2023-10-31T23:00:00Z
08,237,Lokve,108,97,205,12,7,19,0,1,1,1,2,3,6,13,19,0,0,0,1,0,1,128,120,248,2023-10-31T23:00:00Z
08,242,Lovran,470,615,1085,112,39,151,1,1,2,13,7,20,40,63,103,0,0,0,3,5,8,639,730,1369,2023-10-31T23:00:00Z
08,252,Mali Lošinj,1438,1430,2868,228,87,315,22,9,31,38,18,56,167,148,315,0,0,0,20,32,52,1913,1724,3637,2023-10-31T23:00:00Z
08,253,Malinska-Dubašnica,531,840,1371,148,80,228,6,10,16,9,5,14,141,147,288,0,0,0,15,22,37,850,1104,1954,2023-10-31T23:00:00Z
08,261,Matulji,1538,1137,2675,245,141,386,11,7,18,50,19,69,163,196,359,0,0,0,5,8,13,2012,1508,3520,2023-10-31T23:00:00Z
08,273,Mošćenička Draga,120,82,202,57,16,73,0,2,2,5,2,7,26,25,51,0,0,0,2,5,7,210,132,342,2023-10-31T23:00:00Z
08,275,Mrkopalj,71,55,126,9,4,13,2,0,2,2,0,2,9,9,18,0,0,0,0,0,0,93,68,161,2023-10-31T23:00:00Z
08,290,Novi Vinodolski,606,469,1075,111,46,157,9,6,15,13,5,18,104,78,182,0,0,0,2,8,10,845,612,1457,2023-10-31T23:00:00Z
08,301,Omišalj,647,447,1094,86,27,113,1,0,1,9,2,11,74,34,108,0,0,0,4,11,15,821,521,1342,2023-10-31T23:00:00Z
08,302,Opatija,2365,2897,5262,251,139,390,6,4,10,60,29,89,100,153,253,0,0,0,14,13,27,2796,3235,6031,2023-10-31T23:00:00Z
08,360,Punat,315,179,494,61,22,83,4,0,4,4,1,5,60,41,101,0,0,0,4,8,12,448,251,699,2023-10-31T23:00:00Z
08,363,Rab,912,1113,2025,305,87,392,10,4,14,17,11,28,217,168,385,0,0,0,60,69,129,1521,1452,2973,2023-10-31T23:00:00Z
08,369,Ravna Gora,295,280,575,29,13,42,2,1,3,4,1,5,36,17,53,0,0,0,1,3,4,367,315,682,2023-10-31T23:00:00Z
08,373,Rijeka,28389,29110,57499,1461,1188,2649,23,13,36,1063,336,1399,894,1247,2141,8,5,13,72,114,186,31910,32013,63923,2023-10-31T23:00:00Z
08,38,Brod Moravice,45,39,84,29,5,34,1,0,1,0,1,1,10,5,15,0,0,0,1,1,2,86,51,137,2023-10-31T23:00:00Z
08,393,Skrad,47,46,93,5,5,10,0,1,1,1,1,2,3,5,8,0,0,0,0,0,0,56,58,114,2023-10-31T23:00:00Z
08,4,Bakar,2232,1228,3460,74,42,116,4,0,4,87,9,96,77,73,150,0,0,0,4,10,14,2478,1362,3840,2023-10-31T23:00:00Z
08,488,Vinodolska Općina,195,163,358,63,25,88,2,0,2,9,1,10,37,15,52,0,0,0,1,3,4,307,207,514,2023-10-31T23:00:00Z
08,495,Viškovo,1845,1210,3055,243,119,362,5,4,9,74,19,93,148,150,298,0,0,0,12,8,20,2327,1510,3837,2023-10-31T23:00:00Z
08,507,Vrbnik,148,104,252,36,14,50,9,4,13,3,0,3,27,27,54,0,0,0,2,1,3,225,150,375,2023-10-31T23:00:00Z
08,509,Vrbovsko,356,315,671,65,21,86,2,5,7,0,4,4,78,39,117,1,0,1,1,3,4,503,387,890,2023-10-31T23:00:00Z
08,52,Cres,553,462,1015,84,25,109,8,6,14,17,3,20,53,62,115,0,0,0,8,5,13,723,563,1286,2023-10-31T23:00:00Z
08,53,Crikvenica,1315,1730,3045,231,135,366,4,2,6,45,24,69,232,197,429,0,0,0,9,23,32,1836,2111,3947,2023-10-31T23:00:00Z
08,538,Kostrena,607,351,958,42,30,72,1,1,2,78,6,84,20,43,63,0,0,0,1,3,4,749,434,1183,2023-10-31T23:00:00Z
08,55,Čabar,336,265,601,53,17,70,8,4,12,3,0,3,137,50,187,0,0,0,1,4,5,538,340,878,2023-10-31T23:00:00Z
08,61,Čavle,668,550,1218,103,56,159,0,1,1,36,9,45,94,82,176,0,0,0,2,1,3,903,699,1602,2023-10-31T23:00:00Z
08,624,Lopar,73,38,111,22,6,28,0,1,1,1,0,1,20,17,37,0,0,0,6,2,8,122,64,186,2023-10-31T23:00:00Z
08,69,Delnice,1096,788,1884,75,51,126,5,2,7,8,11,19,85,84,169,0,0,0,2,7,9,1271,943,2214,2023-10-31T23:00:00Z
08,74,Dobrinj,145,105,250,59,26,85,2,2,4,1,0,1,80,45,125,0,0,0,3,7,10,290,185,475,2023-10-31T23:00:00Z
08,8,Baška,205,205,410,48,27,75,6,2,8,2,5,7,34,48,82,0,0,0,11,14,25,306,301,607,2023-10-31T23:00:00Z
09,130,Gospić,2295,2415,4710,108,69,177,93,51,144,12,10,22,141,166,307,0,0,0,6,6,12,2655,2717,5372,2023-10-31T23:00:00Z
09,178,Karlobag,84,101,185,13,4,17,4,2,6,1,0,1,10,4,14,0,0,0,2,0,2,114,111,225,2023-10-31T23:00:00Z
09,240,Lovinac,190,88,278,0,0,0,1,1,2,1,0,1,4,2,6,0,0,0,0,0,0,196,91,287,2023-10-31T23:00:00Z
09,288,Novalja,834,631,1465,129,38,167,26,13,39,4,6,10,174,72,246,0,0,0,22,21,43,1189,781,1970,2023-10-31T23:00:00Z
09,313,Otočac,814,940,1754,94,36,130,61,32,93,11,6,17,101,122,223,0,0,0,1,4,5,1082,1140,2222,2023-10-31T23:00:00Z
09,323,Perušić,333,263,596,25,11,36,31,18,49,0,1,1,28,22,50,0,0,0,0,0,0,417,315,732,2023-10-31T23:00:00Z
09,37,Brinje,413,224,637,22,6,28,7,6,13,0,0,0,12,17,29,0,0,0,1,1,2,455,254,709,2023-10-31T23:00:00Z
09,387,Senj,750,641,1391,103,46,149,5,5,10,16,9,25,92,98,190,0,0,0,5,6,11,971,805,1776,2023-10-31T23:00:00Z
09,455,Plitvička Jezera,808,854,1662,48,30,78,59,17,76,6,6,12,261,169,430,0,0,0,1,2,3,1183,1078,2261,2023-10-31T23:00:00Z
09,467,Udbina,122,87,209,9,3,12,41,15,56,0,0,0,12,19,31,0,0,0,1,1,2,185,125,310,2023-10-31T23:00:00Z
09,512,Vrhovine,114,37,151,4,3,7,7,1,8,0,0,0,5,1,6,0,0,0,0,0,0,130,42,172,2023-10-31T23:00:00Z
09,84,Donji Lapac,115,72,187,7,3,10,27,7,34,0,0,0,13,7,20,0,0,0,0,0,0,162,89,251,2023-10-31T23:00:00Z
10,136,Gradina,81,100,181,15,13,28,115,45,160,2,0,2,41,27,68,0,0,0,1,1,2,255,186,441,2023-10-31T23:00:00Z
10,245,Lukač,206,130,336,12,6,18,49,15,64,1,0,1,46,35,81,0,0,0,0,1,1,314,187,501,2023-10-31T23:00:00Z
10,266,Mikleuš,72,53,125,7,1,8,14,5,19,0,0,0,14,11,25,0,0,0,0,0,0,107,70,177,2023-10-31T23:00:00Z
10,283,Nova Bukovica,42,37,79,9,6,15,34,9,43,1,0,1,25,19,44,0,0,0,1,0,1,112,71,183,2023-10-31T23:00:00Z
10,307,Orahovica,853,591,1444,71,36,107,10,3,13,11,10,21,100,118,218,0,0,0,2,2,4,1047,760,1807,2023-10-31T23:00:00Z
10,332,Pitomača,749,687,1436,89,55,144,148,87,235,3,7,10,216,179,395,0,0,0,2,2,4,1207,1017,2224,2023-10-31T23:00:00Z
10,395,Slatina,1522,1446,2968,158,84,242,133,38,171,11,22,33,181,245,426,0,0,0,2,5,7,2007,1840,3847,2023-10-31T23:00:00Z
10,407,Sopje,143,48,191,4,4,8,83,19,102,0,0,0,20,27,47,0,0,0,0,0,0,250,98,348,2023-10-31T23:00:00Z
10,424,Suhopolje,256,263,519,24,22,46,97,37,134,0,1,1,61,53,114,1,0,1,2,1,3,441,377,818,2023-10-31T23:00:00Z
10,449,Špišić Bukovica,152,156,308,27,9,36,141,50,191,2,2,4,48,59,107,0,0,0,0,0,0,370,276,646,2023-10-31T23:00:00Z
10,491,Virovitica,3961,4075,8036,187,120,307,92,27,119,32,19,51,360,374,734,1,0,1,5,8,13,4638,4623,9261,2023-10-31T23:00:00Z
10,499,Voćin,141,116,257,11,4,15,30,21,51,0,0,0,18,7,25,0,0,0,4,3,7,204,151,355,2023-10-31T23:00:00Z
10,524,Zdenci,233,114,347,11,3,14,16,7,23,0,2,2,13,15,28,0,0,0,0,2,2,273,143,416,2023-10-31T23:00:00Z
10,54,Crnac,26,27,53,15,4,19,21,8,29,0,2,2,19,11,30,0,0,0,0,0,0,81,52,133,2023-10-31T23:00:00Z
10,56,Čačinci,155,104,259,23,17,40,21,11,32,0,2,2,32,33,65,0,0,0,2,3,5,233,170,403,2023-10-31T23:00:00Z
10,57,Čađavica,104,75,179,13,11,24,65,19,84,0,0,0,45,28,73,0,0,0,0,0,0,227,133,360,2023-10-31T23:00:00Z
11,164,Jakšić,178,115,293,31,9,40,23,5,28,0,2,2,38,20,58,0,0,0,0,0,0,270,151,421,2023-10-31T23:00:00Z
11,177,Kaptol,97,96,193,16,2,18,24,3,27,0,1,1,48,10,58,0,0,0,0,1,1,185,113,298,2023-10-31T23:00:00Z
11,221,Kutjevo,539,422,961,59,24,83,66,27,93,1,2,3,75,73,148,0,0,0,1,8,9,741,556,1297,2023-10-31T23:00:00Z
11,231,Lipik,745,638,1383,46,15,61,26,18,44,2,8,10,58,61,119,0,0,0,1,0,1,878,740,1618,2023-10-31T23:00:00Z
11,318,Pakrac,658,1084,1742,90,38,128,52,17,69,13,7,20,194,93,287,0,0,0,1,3,4,1008,1242,2250,2023-10-31T23:00:00Z
11,334,Pleternica,530,490,1020,101,37,138,51,11,62,4,5,9,181,123,304,0,0,0,2,8,10,869,674,1543,2023-10-31T23:00:00Z
11,35,Brestovac,108,100,208,22,3,25,13,3,16,1,1,2,28,11,39,0,0,0,0,1,1,172,119,291,2023-10-31T23:00:00Z
11,351,Požega,5105,4550,9655,320,176,496,115,42,157,40,74,114,386,358,744,0,1,1,16,25,41,5982,5226,11208,2023-10-31T23:00:00Z
11,475,Velika,423,309,732,31,19,50,22,3,25,2,3,5,46,44,90,0,0,0,0,1,1,524,379,903,2023-10-31T23:00:00Z
11,58,Čaglin,105,167,272,10,1,11,15,4,19,0,1,1,14,12,26,0,0,0,1,0,1,145,185,330,2023-10-31T23:00:00Z
12,10,Bebrina,50,56,106,16,8,24,18,4,22,2,0,2,13,9,22,0,0,0,1,0,1,100,77,177,2023-10-31T23:00:00Z
12,118,Garčin,148,173,321,32,10,42,37,19,56,0,0,0,27,33,60,0,0,0,1,0,1,245,235,480,2023-10-31T23:00:00Z
12,127,Gornji Bogićevci,50,49,99,13,2,15,9,2,11,0,0,0,22,28,50,0,0,0,0,0,0,94,81,175,2023-10-31T23:00:00Z
12,140,Gundinci,79,44,123,14,5,19,52,24,76,0,0,0,22,11,33,0,0,0,0,0,0,167,84,251,2023-10-31T23:00:00Z
12,185,Klakar,112,72,184,13,6,19,21,5,26,0,1,1,13,23,36,0,0,0,1,0,1,160,107,267,2023-10-31T23:00:00Z
12,284,Nova Gradiška,2387,2213,4600,166,102,268,25,16,41,21,18,39,273,314,587,0,0,0,1,6,7,2873,2669,5542,2023-10-31T23:00:00Z
12,285,Nova Kapela,157,174,331,31,16,47,21,7,28,2,3,5,50,51,101,0,0,0,1,2,3,262,253,515,2023-10-31T23:00:00Z
12,299,Okučani,234,156,390,38,7,45,11,2,13,0,0,0,44,18,62,0,0,0,1,2,3,328,185,513,2023-10-31T23:00:00Z
12,303,Oprisavci,340,194,534,14,2,16,35,11,46,1,0,1,11,20,31,0,0,0,0,0,0,401,227,628,2023-10-31T23:00:00Z
12,309,Oriovac,294,306,600,45,23,68,22,15,37,2,3,5,54,54,108,0,0,0,2,4,6,419,405,824,2023-10-31T23:00:00Z
12,338,Podcrkavlje,37,41,78,18,2,20,8,2,10,0,1,1,16,7,23,0,0,0,0,0,0,79,53,132,2023-10-31T23:00:00Z
12,372,Rešetari,210,226,436,39,12,51,17,6,23,3,1,4,82,46,128,0,0,0,1,0,1,352,291,643,2023-10-31T23:00:00Z
12,388,Sibinj,212,216,428,69,20,89,19,2,21,0,0,0,69,48,117,0,0,0,2,4,6,371,290,661,2023-10-31T23:00:00Z
12,39,Brodski Stupnik,72,64,136,17,10,27,9,2,11,2,0,2,71,39,110,0,0,0,1,0,1,172,115,287,2023-10-31T23:00:00Z
12,396,Slavonski Brod,14724,9828,24552,682,380,1062,43,27,70,73,83,156,969,964,1933,0,0,0,18,23,41,16509,11305,27814,2023-10-31T23:00:00Z
12,397,Slavonski Šamac,82,54,136,12,3,15,17,9,26,0,1,1,23,8,31,0,0,0,0,0,0,134,75,209,2023-10-31T23:00:00Z
12,412,Stara Gradiška,172,98,270,7,4,11,7,4,11,0,0,0,25,8,33,0,0,0,0,0,0,211,114,325,2023-10-31T23:00:00Z
12,418,Staro Petrovo Selo,237,128,365,40,14,54,40,17,57,1,1,2,106,58,164,0,0,0,0,2,2,424,220,644,2023-10-31T23:00:00Z
12,46,Cernik,135,197,332,40,12,52,10,6,16,4,1,5,64,29,93,0,0,0,0,1,1,253,246,499,2023-10-31T23:00:00Z
12,476,Velika Kopanica,207,122,329,30,9,39,32,17,49,1,1,2,40,21,61,0,0,0,0,1,1,310,171,481,2023-10-31T23:00:00Z
12,506,Vrbje,40,27,67,9,2,11,22,2,24,0,0,0,18,20,38,0,0,0,0,1,1,89,52,141,2023-10-31T23:00:00Z
12,514,Vrpolje,219,108,327,28,5,33,48,16,64,0,2,2,17,19,36,0,0,0,0,1,1,312,151,463,2023-10-31T23:00:00Z
12,567,Bukovlje,150,67,217,19,11,30,2,0,2,0,0,0,15,17,32,0,0,0,1,3,4,187,98,285,2023-10-31T23:00:00Z
12,568,Dragalić,30,48,78,8,0,8,6,2,8,0,0,0,6,6,12,0,0,0,0,0,0,50,56,106,2023-10-31T23:00:00Z
12,569,Gornja Vrba,418,150,568,20,6,26,2,2,4,0,1,1,20,24,44,0,0,0,0,1,1,460,184,644,2023-10-31T23:00:00Z
12,570,Sikirevci,38,48,86,24,7,31,38,13,51,0,0,0,11,9,20,0,0,0,2,1,3,113,78,191,2023-10-31T23:00:00Z
12,68,Davor,130,84,214,14,7,21,14,4,18,1,0,1,16,25,41,0,0,0,0,1,1,175,121,296,2023-10-31T23:00:00Z
12,81,Donji Andrijevci,198,132,330,26,16,42,21,5,26,0,1,1,25,17,42,0,0,0,1,0,1,271,171,442,2023-10-31T23:00:00Z
13,131,Gračac,262,235,497,24,16,40,74,34,108,2,1,3,51,45,96,0,0,0,2,3,5,415,334,749,2023-10-31T23:00:00Z
13,167,Jasenice,168,82,250,17,2,19,9,4,13,1,0,1,18,7,25,0,0,0,1,5,6,214,100,314,2023-10-31T23:00:00Z
13,17,Benkovac,1246,1083,2329,124,48,172,105,62,167,13,10,23,236,126,362,0,0,0,10,4,14,1734,1333,3067,2023-10-31T23:00:00Z
13,173,Kali,337,128,465,23,16,39,2,1,3,18,0,18,38,28,66,0,0,0,0,2,2,418,175,593,2023-10-31T23:00:00Z
13,20,Bibinje,228,202,430,67,28,95,3,1,4,6,4,10,82,61,143,0,0,0,1,2,3,387,298,685,2023-10-31T23:00:00Z
13,22,Biograd Na Moru,1183,1437,2620,164,73,237,27,19,46,20,9,29,161,222,383,0,0,0,12,15,27,1567,1775,3342,2023-10-31T23:00:00Z
13,234,Lišane Ostrovičke,32,30,62,9,2,11,2,1,3,0,0,0,9,8,17,0,0,0,0,0,0,52,41,93,2023-10-31T23:00:00Z
13,282,Nin,526,384,910,47,15,62,9,6,15,6,1,7,48,37,85,0,0,0,24,44,68,660,487,1147,2023-10-31T23:00:00Z
13,296,Obrovac,407,272,679,39,10,49,45,9,54,4,4,8,17,30,47,0,0,0,4,7,11,516,332,848,2023-10-31T23:00:00Z
13,316,Pag,551,447,998,65,29,94,37,14,51,6,5,11,70,58,128,0,0,0,9,22,31,738,575,1313,2023-10-31T23:00:00Z
13,317,Pakoštane,387,344,731,69,24,93,12,18,30,10,4,14,112,58,170,0,0,0,30,33,63,620,481,1101,2023-10-31T23:00:00Z
13,320,Pašman,125,109,234,45,11,56,5,6,11,22,0,22,44,30,74,0,0,0,1,3,4,242,159,401,2023-10-31T23:00:00Z
13,344,Polača,109,76,185,18,9,27,6,2,8,4,0,4,17,14,31,0,0,0,2,3,5,156,104,260,2023-10-31T23:00:00Z
13,345,Poličnik,543,396,939,61,15,76,9,10,19,5,2,7,64,29,93,0,0,0,1,1,2,683,453,1136,2023-10-31T23:00:00Z
13,349,Posedarje,150,182,332,46,16,62,7,7,14,11,2,13,42,45,87,0,0,0,1,2,3,257,254,511,2023-10-31T23:00:00Z
13,354,Preko,295,442,737,58,18,76,7,4,11,22,3,25,45,25,70,0,0,0,7,9,16,434,501,935,2023-10-31T23:00:00Z
13,371,Ražanac,101,117,218,24,9,33,9,6,15,6,0,6,37,20,57,0,0,0,6,0,6,183,152,335,2023-10-31T23:00:00Z
13,379,Sali,175,163,338,39,13,52,6,2,8,7,2,9,30,27,57,0,0,0,1,3,4,258,210,468,2023-10-31T23:00:00Z
13,411,Stankovci,229,167,396,45,6,51,5,3,8,0,1,1,36,13,49,0,0,0,1,2,3,316,192,508,2023-10-31T23:00:00Z
13,416,Starigrad,157,159,316,40,29,69,9,3,12,2,0,2,39,39,78,0,0,0,2,8,10,249,238,487,2023-10-31T23:00:00Z
13,425,Sukošan,480,339,819,77,23,100,14,5,19,4,1,5,64,61,125,0,0,0,1,8,9,640,437,1077,2023-10-31T23:00:00Z
13,428,Sveti Filip I Jakov,237,363,600,46,22,68,10,2,12,11,4,15,39,42,81,0,0,0,4,8,12,347,441,788,2023-10-31T23:00:00Z
13,445,Škabrnje,88,78,166,34,5,39,5,3,8,2,0,2,17,8,25,0,0,0,2,2,4,148,96,244,2023-10-31T23:00:00Z
13,489,Vir,305,319,624,56,20,76,1,2,3,1,1,2,44,42,86,0,0,0,4,4,8,411,388,799,2023-10-31T23:00:00Z
13,520,Zadar,15608,16799,32407,1237,734,1971,48,30,78,668,216,884,1355,1514,2869,4,0,4,121,134,255,19041,19427,38468,2023-10-31T23:00:00Z
13,525,Zemunik Donji,154,185,339,24,8,32,4,4,8,0,0,0,30,10,40,0,0,0,50,97,147,262,304,566,2023-10-31T23:00:00Z
13,537,Novigrad,77,99,176,30,4,34,6,6,12,4,1,5,24,14,38,0,0,0,2,3,5,143,127,270,2023-10-31T23:00:00Z
13,571,Galovac,40,69,109,17,2,19,3,5,8,1,2,3,16,10,26,0,0,0,0,0,0,77,88,165,2023-10-31T23:00:00Z
13,572,Kukljica,45,38,83,24,0,24,1,0,1,2,1,3,22,7,29,0,0,0,1,0,1,95,46,141,2023-10-31T23:00:00Z
13,573,Povljana,51,41,92,12,6,18,5,1,6,3,0,3,9,7,16,0,0,0,0,4,4,80,59,139,2023-10-31T23:00:00Z
13,574,Privlaka,149,141,290,26,13,39,2,2,4,6,0,6,26,10,36,0,0,0,4,1,5,213,167,380,2023-10-31T23:00:00Z
13,575,Tkon,115,72,187,25,7,32,2,1,3,3,0,3,41,27,68,0,0,0,1,0,1,187,107,294,2023-10-31T23:00:00Z
13,622,Kolan,140,89,229,17,4,21,6,2,8,0,0,0,18,13,31,0,0,0,4,0,4,185,108,293,2023-10-31T23:00:00Z
13,625,Vrsi,133,49,182,18,9,27,5,3,8,14,0,14,26,33,59,0,0,0,3,1,4,199,95,294,2023-10-31T23:00:00Z
14,103,Đakovo,3014,2978,5992,512,240,752,228,94,322,27,34,61,614,576,1190,0,0,0,9,15,24,4404,3937,8341,2023-10-31T23:00:00Z
14,106,Đurđenovac,507,505,1012,44,13,57,18,12,30,0,5,5,61,49,110,0,0,0,2,0,2,632,584,1216,2023-10-31T23:00:00Z
14,110,Erdut,344,254,598,40,15,55,55,13,68,2,4,6,61,42,103,0,0,0,0,1,1,502,329,831,2023-10-31T23:00:00Z
14,111,Ernestinovo,94,195,289,4,4,8,23,5,28,1,1,2,9,8,17,0,0,0,1,0,1,132,213,345,2023-10-31T23:00:00Z
14,116,Feričanci,128,116,244,27,6,33,3,0,3,0,1,1,40,16,56,0,0,0,0,1,1,198,140,338,2023-10-31T23:00:00Z
14,124,Gorjani,143,144,287,17,8,25,10,6,16,0,0,0,9,5,14,0,0,0,0,0,0,179,163,342,2023-10-31T23:00:00Z
14,13,Beli Manastir,1097,1160,2257,104,51,155,69,36,105,9,15,24,123,103,226,1,0,1,0,1,1,1403,1366,2769,2023-10-31T23:00:00Z
14,16,Belišće,1749,631,2380,79,42,121,24,6,30,8,9,17,87,93,180,0,0,0,0,1,1,1947,782,2729,2023-10-31T23:00:00Z
14,195,Kneževi Vinogradi,233,288,521,32,6,38,32,7,39,1,2,3,62,71,133,0,0,0,1,1,2,361,375,736,2023-10-31T23:00:00Z
14,2,Antunovac,219,158,377,35,13,48,12,7,19,1,0,1,18,19,37,0,0,0,0,1,1,285,198,483,2023-10-31T23:00:00Z
14,205,Koška,190,142,332,23,7,30,27,6,33,2,1,3,31,26,57,0,0,0,5,2,7,278,184,462,2023-10-31T23:00:00Z
14,21,Bilje,302,295,597,49,26,75,21,12,33,1,3,4,58,41,99,0,0,0,0,2,2,431,379,810,2023-10-31T23:00:00Z
14,23,Bizovac,256,219,475,23,11,34,25,9,34,2,4,6,30,34,64,0,0,0,4,11,15,340,288,628,2023-10-31T23:00:00Z
14,230,Levanjska Varoš,36,30,66,3,2,5,7,5,12,0,0,0,3,5,8,0,0,0,0,0,0,49,42,91,2023-10-31T23:00:00Z
14,257,Marijanci,86,73,159,6,5,11,12,0,12,0,0,0,15,20,35,0,0,0,0,1,1,119,99,218,2023-10-31T23:00:00Z
14,271,Moslavina Podravska,16,17,33,4,2,6,15,5,20,0,0,0,16,12,28,0,0,0,0,0,0,51,36,87,2023-10-31T23:00:00Z
14,278,Našice,2263,1834,4097,190,100,290,64,29,93,25,34,59,211,245,456,0,0,0,5,7,12,2758,2249,5007,2023-10-31T23:00:00Z
14,312,Osijek,24886,23279,48165,1017,737,1754,125,50,175,164,186,350,790,1175,1965,1,1,2,22,40,62,27005,25468,52473,2023-10-31T23:00:00Z
14,325,Petlovac,56,57,113,6,4,10,12,0,12,0,0,0,18,8,26,0,0,0,0,0,0,92,69,161,2023-10-31T23:00:00Z
14,327,Petrijevci,249,179,428,18,5,23,4,2,6,0,1,1,8,7,15,1,0,1,1,1,2,281,195,476,2023-10-31T23:00:00Z
14,340,Podgorač,109,80,189,27,9,36,24,4,28,1,1,2,18,36,54,0,0,0,0,0,0,179,130,309,2023-10-31T23:00:00Z
14,346,Popovac,53,45,98,2,4,6,5,2,7,1,0,1,3,1,4,0,0,0,0,0,0,64,52,116,2023-10-31T23:00:00Z
14,361,Punitovci,51,67,118,22,6,28,15,3,18,0,0,0,38,7,45,0,0,0,0,0,0,126,83,209,2023-10-31T23:00:00Z
14,381,Satnica Đakovačka,136,85,221,20,7,27,9,2,11,0,0,0,46,25,71,0,0,0,0,0,0,211,119,330,2023-10-31T23:00:00Z
14,386,Semeljci,208,199,407,47,17,64,48,19,67,2,1,3,75,33,108,0,0,0,0,2,2,380,271,651,2023-10-31T23:00:00Z
14,421,Strizivojna,307,303,610,19,11,30,16,5,21,0,0,0,20,13,33,0,0,0,1,1,2,363,333,696,2023-10-31T23:00:00Z
14,461,Trnava,54,63,117,5,3,8,12,3,15,0,0,0,10,4,14,0,0,0,0,0,0,81,73,154,2023-10-31T23:00:00Z
14,471,Valpovo,883,1125,2008,100,71,171,53,17,70,14,17,31,85,122,207,0,0,0,5,11,16,1140,1363,2503,2023-10-31T23:00:00Z
14,485,Viljevo,67,66,133,10,0,10,18,4,22,0,0,0,18,12,30,0,0,0,0,1,1,113,83,196,2023-10-31T23:00:00Z
14,494,Viškovci,286,187,473,24,6,30,15,4,19,0,0,0,17,9,26,0,0,0,1,0,1,343,206,549,2023-10-31T23:00:00Z
14,517,Vuka,32,48,80,17,2,19,12,4,16,0,0,0,21,13,34,0,0,0,0,0,0,82,67,149,2023-10-31T23:00:00Z
14,576,Donja Motičina,23,13,36,12,4,16,1,1,2,1,1,2,17,8,25,0,0,0,0,0,0,54,27,81,2023-10-31T23:00:00Z
14,578,Magadenovac,85,116,201,5,4,9,20,9,29,0,1,1,19,15,34,0,0,0,0,0,0,129,145,274,2023-10-31T23:00:00Z
14,579,Vladislavci,127,78,205,4,0,4,5,6,11,0,0,0,11,3,14,0,0,0,0,0,0,147,87,234,2023-10-31T23:00:00Z
14,609,Jagodnjak,110,71,181,8,2,10,25,6,31,0,0,0,10,4,14,0,0,0,0,0,0,153,83,236,2023-10-31T23:00:00Z
14,614,Šodolovci,27,14,41,0,0,0,0,0,0,0,0,0,9,4,13,0,0,0,0,0,0,36,18,54,2023-10-31T23:00:00Z
14,64,Čeminac,69,80,149,13,0,13,4,2,6,0,0,0,23,15,38,0,0,0,0,0,0,109,97,206,2023-10-31T23:00:00Z
14,65,Čepin,812,555,1367,104,41,145,61,29,90,4,5,9,92,102,194,0,0,0,1,1,2,1074,733,1807,2023-10-31T23:00:00Z
14,66,Darda,1841,887,2728,55,35,90,33,9,42,3,4,7,66,54,120,0,0,0,0,1,1,1998,990,2988,2023-10-31T23:00:00Z
14,86,Donji Miholjac,1173,1000,2173,110,65,175,169,40,209,7,10,17,157,123,280,1,0,1,0,3,3,1617,1241,2858,2023-10-31T23:00:00Z
14,91,Draž,82,100,182,10,3,13,14,5,19,0,0,0,10,11,21,0,0,0,0,1,1,116,120,236,2023-10-31T23:00:00Z
14,94,Drenje,105,99,204,33,5,38,43,8,51,0,0,0,18,18,36,0,0,0,0,0,0,199,130,329,2023-10-31T23:00:00Z
15,113,Ervenik,33,41,74,3,0,3,3,1,4,0,0,0,4,3,7,0,0,0,0,0,0,43,45,88,2023-10-31T23:00:00Z
15,183,Kijevo,26,27,53,2,0,2,0,0,0,0,0,0,0,0,0,0,0,0,0,0,0,28,27,55,2023-10-31T23:00:00Z
15,184,Kistanje,74,77,151,15,4,19,1,2,3,2,0,2,14,11,25,0,0,0,0,0,0,106,94,200,2023-10-31T23:00:00Z
15,196,Knin,1337,1466,2803,135,74,209,67,20,87,30,5,35,156,153,309,0,0,0,2,2,4,1727,1720,3447,2023-10-31T23:00:00Z
15,298,Promina,119,88,207,1,1,2,1,2,3,0,0,0,1,1,2,0,0,0,0,1,1,122,93,215,2023-10-31T23:00:00Z
15,310,Biskupija,128,21,149,1,0,1,2,0,2,1,0,1,1,2,3,0,0,0,0,1,1,133,24,157,2023-10-31T23:00:00Z
15,357,Primošten,266,304,570,110,28,138,7,2,9,4,1,5,38,37,75,0,1,1,6,7,13,431,380,811,2023-10-31T23:00:00Z
15,377,Ružić,29,27,56,5,2,7,5,5,10,0,0,0,3,13,16,0,0,0,0,0,0,42,47,89,2023-10-31T23:00:00Z
15,394,Skradin,149,158,307,49,17,66,18,8,26,3,2,5,36,38,74,0,0,0,0,2,2,255,225,480,2023-10-31T23:00:00Z
15,444,Šibenik,8398,8616,17014,692,369,1061,28,14,42,238,101,339,613,659,1272,0,0,0,27,46,73,9996,9805,19801,2023-10-31T23:00:00Z
15,454,Tisno,359,299,658,100,27,127,7,0,7,9,3,12,57,57,114,0,0,0,3,10,13,535,396,931,2023-10-31T23:00:00Z
15,469,Unešić,52,54,106,11,0,11,4,1,5,1,0,1,13,6,19,0,0,0,0,0,0,81,61,142,2023-10-31T23:00:00Z
15,500,Vodice,1071,1066,2137,305,122,427,14,6,20,17,12,29,260,179,439,0,0,0,10,40,50,1677,1425,3102,2023-10-31T23:00:00Z
15,51,Civljane,55,8,63,1,1,2,0,0,0,0,0,0,2,2,4,0,0,0,0,0,0,58,11,69,2023-10-31T23:00:00Z
15,581,Pirovac,158,160,318,36,18,54,6,5,11,5,2,7,59,42,101,0,0,0,1,0,1,265,227,492,2023-10-31T23:00:00Z
15,582,Rogoznica,303,276,579,48,19,67,1,1,2,5,1,6,51,38,89,0,0,0,2,2,4,410,337,747,2023-10-31T23:00:00Z
15,617,Murter,284,268,552,64,33,97,3,1,4,16,3,19,70,54,124,0,0,0,10,12,22,447,371,818,2023-10-31T23:00:00Z
15,621,Bilice,102,42,144,27,8,35,0,0,0,6,0,6,22,9,31,0,0,0,0,0,0,157,59,216,2023-10-31T23:00:00Z
15,626,Tribunj,92,94,186,22,11,33,1,0,1,5,0,5,68,34,102,0,0,0,1,0,1,189,139,328,2023-10-31T23:00:00Z
15,95,Drniš,952,643,1595,67,55,122,53,25,78,6,7,13,91,78,169,0,0,0,1,1,2,1170,809,1979,2023-10-31T23:00:00Z
16,1,Andrijaševci,71,128,199,24,14,38,14,5,19,1,1,2,32,31,63,0,0,0,1,4,5,143,183,326,2023-10-31T23:00:00Z
16,137,Gradište,92,105,197,19,4,23,29,5,34,0,1,1,18,14,32,0,0,0,0,1,1,158,130,288,2023-10-31T23:00:00Z
16,141,Gunja,210,129,339,26,9,35,47,15,62,1,0,1,42,12,54,0,0,0,0,3,3,326,168,494,2023-10-31T23:00:00Z
16,154,Ilok,451,579,1030,71,24,95,53,17,70,1,2,3,107,95,202,1,0,1,1,0,1,685,717,1402,2023-10-31T23:00:00Z
16,159,Ivankovo,382,435,817,72,33,105,54,12,66,2,5,7,111,75,186,0,0,0,3,4,7,624,564,1188,2023-10-31T23:00:00Z
16,166,Jarmina,36,76,112,18,12,30,29,10,39,0,1,1,25,29,54,0,0,0,0,2,2,108,130,238,2023-10-31T23:00:00Z
16,239,Lovas,61,62,123,6,0,6,13,1,14,0,0,0,4,7,11,0,0,0,0,0,0,84,70,154,2023-10-31T23:00:00Z
16,26,Bogdanovci,29,18,47,4,0,4,7,4,11,0,0,0,18,4,22,0,0,0,0,0,0,58,26,84,2023-10-31T23:00:00Z
16,29,Borovo,68,96,164,48,15,63,25,6,31,1,3,4,64,76,140,0,0,0,3,1,4,209,197,406,2023-10-31T23:00:00Z
16,294,Nuštar,279,310,589,45,21,66,21,6,27,2,1,3,55,30,85,0,0,0,0,2,2,402,370,772,2023-10-31T23:00:00Z
16,295,Nijemci,212,226,438,25,8,33,87,22,109,0,1,1,72,33,105,0,0,0,0,2,2,396,292,688,2023-10-31T23:00:00Z
16,3,Babina Greda,173,207,380,34,17,51,77,26,103,3,0,3,35,39,74,0,0,0,0,0,0,322,289,611,2023-10-31T23:00:00Z
16,32,Bošnjaci,118,112,230,26,7,33,29,5,34,2,0,2,37,42,79,0,0,0,0,0,0,212,166,378,2023-10-31T23:00:00Z
16,414,Stari Jankovci,139,120,259,21,2,23,44,9,53,2,0,2,32,19,51,0,0,0,1,1,2,239,151,390,2023-10-31T23:00:00Z
16,415,Stari Mikanovci,107,129,236,23,9,32,26,13,39,4,1,5,33,43,76,0,0,0,1,0,1,194,195,389,2023-10-31T23:00:00Z
16,44,Cerna,465,234,699,46,31,77,52,19,71,1,1,2,58,73,131,0,0,0,1,0,1,623,358,981,2023-10-31T23:00:00Z
16,456,Tompojevci,24,40,64,15,5,20,38,11,49,0,0,0,12,13,25,0,0,0,0,0,0,89,69,158,2023-10-31T23:00:00Z
16,458,Tordinci,98,95,193,4,1,5,9,0,9,0,0,0,5,14,19,0,0,0,0,0,0,116,110,226,2023-10-31T23:00:00Z
16,459,Tovarnik,195,134,329,20,3,23,46,23,69,1,1,2,11,26,37,0,0,0,0,0,0,273,187,460,2023-10-31T23:00:00Z
16,464,Trpinja,110,190,300,29,11,40,78,17,95,1,0,1,34,23,57,0,0,0,0,1,1,252,242,494,2023-10-31T23:00:00Z
16,487,Vinkovci,8050,6632,14682,324,218,542,45,24,69,55,48,103,462,631,1093,1,0,1,9,18,27,8946,7571,16517,2023-10-31T23:00:00Z
16,505,Vrbanja,331,147,478,30,13,43,63,15,78,1,1,2,42,37,79,0,0,0,0,1,1,467,214,681,2023-10-31T23:00:00Z
16,518,Vukovar,4578,4783,9361,309,176,485,113,36,149,27,27,54,445,406,851,0,0,0,1,6,7,5473,5434,10907,2023-10-31T23:00:00Z
16,534,Županja,2043,1514,3557,141,61,202,40,16,56,21,16,37,155,190,345,1,0,1,5,8,13,2406,1805,4211,2023-10-31T23:00:00Z
16,535,Otok (Vinkovci),413,316,729,38,23,61,59,11,70,6,1,7,74,62,136,0,0,0,0,2,2,590,415,1005,2023-10-31T23:00:00Z
16,583,Privlaka,91,85,176,21,8,29,24,9,33,0,2,2,17,19,36,0,0,0,1,0,1,154,123,277,2023-10-31T23:00:00Z
16,584,Vođinci,55,163,218,14,3,17,6,5,11,0,1,1,15,20,35,0,0,0,0,0,0,90,192,282,2023-10-31T23:00:00Z
16,610,Markušica,40,55,95,12,4,16,47,16,63,0,1,1,14,11,25,0,0,0,2,0,2,115,87,202,2023-10-31T23:00:00Z
16,612,Negoslavci,17,13,30,7,1,8,11,3,14,1,0,1,16,14,30,0,0,0,0,0,0,52,31,83,2023-10-31T23:00:00Z
16,628,Štitar,92,76,168,9,0,9,12,3,15,0,0,0,11,5,16,0,0,0,0,0,0,124,84,208,2023-10-31T23:00:00Z
16,92,Drenovci,108,171,279,38,3,41,113,35,148,2,1,3,44,55,99,0,0,0,1,2,3,306,267,573,2023-10-31T23:00:00Z
17,100,Dugi Rat,673,646,1319,82,32,114,0,2,2,24,3,27,170,113,283,0,0,0,16,8,24,965,804,1769,2023-10-31T23:00:00Z
17,134,Gradac,160,182,342,43,14,57,4,1,5,3,1,4,23,30,53,0,0,0,5,11,16,238,239,477,2023-10-31T23:00:00Z
17,148,Hrvace,320,179,499,53,20,73,10,7,17,1,4,5,50,37,87,0,0,0,1,2,3,435,249,684,2023-10-31T23:00:00Z
17,153,Hvar,630,626,1256,179,76,255,19,12,31,17,4,21,152,140,292,3,0,3,47,46,93,1047,904,1951,2023-10-31T23:00:00Z
17,155,Imotski,1422,1410,2832,186,96,282,12,7,19,27,15,42,135,182,317,0,0,0,8,13,21,1790,1723,3513,2023-10-31T23:00:00Z
17,171,Jelsa,374,336,710,88,32,120,38,21,59,11,1,12,99,57,156,0,1,1,8,7,15,618,455,1073,2023-10-31T23:00:00Z
17,181,Kaštela,3791,4122,7913,539,288,827,25,14,39,139,43,182,537,570,1107,0,0,0,89,34,123,5120,5071,10191,2023-10-31T23:00:00Z
17,192,Klis,247,208,455,30,9,39,9,2,11,22,1,23,53,28,81,0,0,0,1,3,4,362,251,613,2023-10-31T23:00:00Z
17,197,Komiža,136,142,278,63,18,81,5,2,7,4,2,6,23,20,43,0,0,0,15,20,35,246,204,450,2023-10-31T23:00:00Z
17,243,Lovreć,150,83,233,16,8,24,4,1,5,1,0,1,33,16,49,0,0,0,1,3,4,205,111,316,2023-10-31T23:00:00Z
17,249,Makarska,2655,2615,5270,279,175,454,3,1,4,47,32,79,352,348,700,1,0,1,82,78,160,3419,3249,6668,2023-10-31T23:00:00Z
17,258,Marina,222,251,473,66,29,95,6,5,11,12,0,12,44,47,91,1,0,1,4,4,8,355,336,691,2023-10-31T23:00:00Z
17,267,Milna,84,94,178,26,7,33,7,2,9,3,0,3,18,17,35,0,0,0,1,3,4,139,123,262,2023-10-31T23:00:00Z
17,27,Bol,346,394,740,52,23,75,6,3,9,4,4,8,65,25,90,0,0,0,4,8,12,477,457,934,2023-10-31T23:00:00Z
17,280,Nerežišća,141,66,207,20,4,24,2,2,4,0,0,0,28,18,46,0,0,0,0,1,1,191,91,282,2023-10-31T23:00:00Z
17,300,Omiš,1601,1707,3308,258,99,357,13,5,18,40,15,55,297,276,573,0,0,0,15,31,46,2224,2133,4357,2023-10-31T23:00:00Z
17,314,Otok,208,199,407,76,23,99,10,1,11,4,1,5,92,45,137,0,0,0,2,1,3,392,270,662,2023-10-31T23:00:00Z
17,337,Podbablje,281,206,487,41,4,45,5,0,5,3,3,6,22,37,59,0,0,0,0,4,4,352,254,606,2023-10-31T23:00:00Z
17,339,Podgora,228,192,420,49,12,61,2,0,2,0,0,0,33,31,64,0,0,0,27,18,45,339,253,592,2023-10-31T23:00:00Z
17,341,Podstrana,898,768,1666,68,32,100,14,3,17,48,4,52,71,92,163,1,0,1,7,13,20,1107,912,2019,2023-10-31T23:00:00Z
17,350,Postira,306,263,569,30,18,48,7,2,9,1,3,4,20,8,28,0,0,0,0,1,1,364,295,659,2023-10-31T23:00:00Z
17,358,Pučišća,210,134,344,53,9,62,12,4,16,6,0,6,29,14,43,0,0,0,1,3,4,311,164,475,2023-10-31T23:00:00Z
17,382,Seget,486,417,903,45,9,54,5,3,8,11,2,13,191,72,263,0,0,0,18,23,41,756,526,1282,2023-10-31T23:00:00Z
17,383,Selca,130,114,244,54,18,72,10,5,15,5,1,6,68,27,95,0,0,0,1,3,4,268,168,436,2023-10-31T23:00:00Z
17,389,Sinj,1987,2065,4052,389,172,561,61,18,79,43,39,82,346,382,728,0,0,0,7,9,16,2833,2685,5518,2023-10-31T23:00:00Z
17,406,Solin,3857,3208,7065,300,187,487,13,8,21,140,40,180,347,295,642,0,0,0,11,11,22,4668,3749,8417,2023-10-31T23:00:00Z
17,409,Split,36089,39810,75899,1800,1265,3065,63,43,106,2378,430,2808,1533,2148,3681,8,2,10,180,211,391,42051,43909,85960,2023-10-31T23:00:00Z
17,413,Stari Grad,355,340,695,71,25,96,20,16,36,6,3,9,58,34,92,0,0,0,20,22,42,530,440,970,2023-10-31T23:00:00Z
17,423,Sućuraj,25,26,51,23,2,25,2,1,3,1,0,1,13,9,22,0,0,0,1,0,1,65,38,103,2023-10-31T23:00:00Z
17,427,Supetar,599,796,1395,133,70,203,18,8,26,28,12,40,111,135,246,0,0,0,9,3,12,898,1024,1922,2023-10-31T23:00:00Z
17,443,Šestanovac,164,144,308,32,7,39,13,2,15,1,2,3,14,22,36,0,0,0,2,0,2,226,177,403,2023-10-31T23:00:00Z
17,447,Šolta,189,138,327,19,9,28,12,4,16,10,0,10,11,12,23,0,0,0,10,9,19,251,172,423,2023-10-31T23:00:00Z
17,460,Trilj,548,618,1166,166,48,214,25,10,35,14,1,15,118,127,245,1,0,1,1,7,8,873,811,1684,2023-10-31T23:00:00Z
17,463,Trogir,1986,1977,3963,360,172,532,17,6,23,65,37,102,344,423,767,0,0,0,22,57,79,2794,2672,5466,2023-10-31T23:00:00Z
17,492,Vis,275,281,556,68,22,90,12,4,16,3,2,5,37,24,61,0,0,0,15,12,27,410,345,755,2023-10-31T23:00:00Z
17,50,Cista Provo,120,156,276,28,5,33,7,0,7,0,0,0,7,12,19,0,0,0,0,4,4,162,177,339,2023-10-31T23:00:00Z
17,511,Vrgorac,1005,736,1741,54,29,83,27,15,42,5,6,11,48,76,124,0,0,0,1,5,6,1140,867,2007,2023-10-31T23:00:00Z
17,513,Vrlika,93,207,300,16,3,19,13,9,22,2,0,2,22,8,30,0,0,0,0,0,0,146,227,373,2023-10-31T23:00:00Z
17,522,Zagvozd,139,87,226,22,3,25,2,1,3,0,0,0,14,9,23,0,0,0,0,0,0,177,100,277,2023-10-31T23:00:00Z
17,528,Zmijavci,104,124,228,8,4,12,0,1,1,3,0,3,31,10,41,0,0,0,0,1,1,146,140,286,2023-10-31T23:00:00Z
17,585,Dugopolje,1726,989,2715,50,16,66,5,2,7,8,2,10,60,27,87,0,0,0,1,0,1,1850,1036,2886,2023-10-31T23:00:00Z
17,586,Lećevica,15,21,36,8,0,8,2,2,4,0,0,0,2,0,2,0,0,0,0,0,0,27,23,50,2023-10-31T23:00:00Z
17,587,Lokvičići,33,18,51,2,0,2,2,0,2,0,0,0,1,0,1,0,0,0,1,0,1,39,18,57,2023-10-31T23:00:00Z
17,588,Okrug,165,229,394,43,24,67,1,0,1,9,5,14,114,36,150,0,0,0,7,17,24,339,311,650,2023-10-31T23:00:00Z
17,589,Prgomet,30,21,51,7,0,7,1,0,1,0,0,0,3,0,3,0,0,0,0,0,0,41,21,62,2023-10-31T23:00:00Z
17,590,Primorski Dolac,23,39,62,4,3,7,2,1,3,0,1,1,2,4,6,0,0,0,0,0,0,31,48,79,2023-10-31T23:00:00Z
17,591,Runovići,71,68,139,17,2,19,1,2,3,0,2,2,27,32,59,0,0,0,0,1,1,116,107,223,2023-10-31T23:00:00Z
17,592,Sutivan,120,81,201,19,9,28,4,1,5,5,2,7,26,9,35,0,0,0,1,2,3,175,104,279,2023-10-31T23:00:00Z
17,593,Tučepi,270,273,543,20,13,33,1,1,2,3,3,6,35,21,56,0,0,0,2,8,10,331,319,650,2023-10-31T23:00:00Z
17,595,Zadvarje,45,32,77,7,1,8,1,1,2,0,0,0,5,5,10,0,0,0,0,2,2,58,41,99,2023-10-31T23:00:00Z
17,72,Dicmo,525,208,733,43,16,59,5,2,7,2,1,3,26,45,71,0,0,0,1,0,1,602,272,874,2023-10-31T23:00:00Z
17,77,Brela,216,277,493,23,11,34,0,0,0,2,1,3,23,25,48,0,0,0,3,3,6,267,317,584,2023-10-31T23:00:00Z
17,87,Muć,186,222,408,22,4,26,3,3,6,3,3,6,15,10,25,0,0,0,0,1,1,229,243,472,2023-10-31T23:00:00Z
17,88,Proložac,235,166,401,27,7,34,3,4,7,1,0,1,38,24,62,0,0,0,6,1,7,310,202,512,2023-10-31T23:00:00Z
17,9,Baška Voda,238,252,490,58,28,86,1,0,1,4,4,8,51,49,100,0,0,0,11,33,44,363,366,729,2023-10-31T23:00:00Z
18,132,Gračišće,59,25,84,33,6,39,10,3,13,0,0,0,35,10,45,0,0,0,0,0,0,137,44,181,2023-10-31T23:00:00Z
18,138,Grožnjan,31,29,60,20,2,22,11,4,15,0,0,0,7,12,19,0,0,0,0,1,1,69,48,117,2023-10-31T23:00:00Z
18,175,Kanfanar,603,265,868,33,13,46,5,1,6,0,0,0,19,16,35,0,0,0,1,1,2,661,296,957,2023-10-31T23:00:00Z
18,217,Kršan,325,307,632,50,15,65,9,3,12,2,0,2,135,64,199,0,0,0,0,5,5,521,394,915,2023-10-31T23:00:00Z
18,222,Labin,2706,2568,5274,257,142,399,15,8,23,24,36,60,291,224,515,0,0,0,79,80,159,3372,3058,6430,2023-10-31T23:00:00Z
18,223,Lanišće,14,12,26,3,0,3,2,0,2,0,1,1,15,7,22,0,0,0,0,0,0,34,20,54,2023-10-31T23:00:00Z
18,235,Ližnjan,203,130,333,14,7,21,3,0,3,3,2,5,26,28,54,0,0,0,6,10,16,255,177,432,2023-10-31T23:00:00Z
18,246,Lupoglav,215,109,324,11,5,16,5,2,7,0,1,1,13,10,23,0,0,0,0,0,0,244,127,371,2023-10-31T23:00:00Z
18,254,Marčana,191,201,392,42,16,58,3,5,8,4,1,5,26,21,47,0,0,0,1,0,1,267,244,511,2023-10-31T23:00:00Z
18,263,Medulin,722,683,1405,73,40,113,7,3,10,6,6,12,123,98,221,0,0,0,20,35,55,951,865,1816,2023-10-31T23:00:00Z
18,274,Motovun,112,122,234,37,16,53,16,6,22,1,1,2,44,33,77,0,0,0,2,9,11,212,187,399,2023-10-31T23:00:00Z
18,291,Novigrad,972,1061,2033,142,54,196,15,4,19,3,10,13,113,103,216,0,0,0,7,29,36,1252,1261,2513,2023-10-31T23:00:00Z
18,304,Oprtalj,65,94,159,14,7,21,12,1,13,0,0,0,10,12,22,0,0,0,2,2,4,103,116,219,2023-10-31T23:00:00Z
18,321,Pazin,1988,2107,4095,322,140,462,58,28,86,11,21,32,287,215,502,0,0,0,3,10,13,2669,2521,5190,2023-10-31T23:00:00Z
18,330,Pićan,324,142,466,35,10,45,1,5,6,1,2,3,51,19,70,0,0,0,1,2,3,413,180,593,2023-10-31T23:00:00Z
18,348,Poreč,5184,4921,10105,694,371,1065,54,19,73,49,51,100,495,484,979,2,1,3,97,82,179,6575,5929,12504,2023-10-31T23:00:00Z
18,359,Pula,13295,12805,26100,1437,784,2221,73,45,118,246,167,413,966,1016,1982,1,0,1,88,92,180,16106,14909,31015,2023-10-31T23:00:00Z
18,368,Raša,313,184,497,28,8,36,1,0,1,3,1,4,41,22,63,0,0,0,2,1,3,388,216,604,2023-10-31T23:00:00Z
18,374,Rovinj,3235,3524,6759,441,229,670,31,20,51,29,38,67,461,393,854,0,0,0,39,87,126,4236,4291,8527,2023-10-31T23:00:00Z
18,40,Brtonigla,152,112,264,41,12,53,21,7,28,1,1,2,51,49,100,1,0,1,0,1,1,267,182,449,2023-10-31T23:00:00Z
18,42,Buje,847,836,1683,126,51,177,27,13,40,7,8,15,64,69,133,0,0,0,2,5,7,1073,982,2055,2023-10-31T23:00:00Z
18,43,Buzet,1585,1090,2675,175,65,240,25,13,38,7,5,12,163,101,264,0,0,0,4,6,10,1959,1280,3239,2023-10-31T23:00:00Z
18,431,Sveti Lovreč,60,58,118,24,11,35,2,0,2,0,1,1,40,16,56,0,0,0,0,0,0,126,86,212,2023-10-31T23:00:00Z
18,432,Sveta Nedelja,191,153,344,33,11,44,7,2,9,4,0,4,54,24,78,0,0,0,3,1,4,292,191,483,2023-10-31T23:00:00Z
18,433,Sveti Petar U Šumi,181,131,312,22,3,25,3,4,7,0,0,0,13,7,20,0,0,0,1,0,1,220,145,365,2023-10-31T23:00:00Z
18,435,Svetvinčenat,140,117,257,28,7,35,3,0,3,0,1,1,25,24,49,0,0,0,0,1,1,196,150,346,2023-10-31T23:00:00Z
18,453,Tinjan,206,83,289,39,9,48,6,1,7,1,3,4,54,30,84,0,0,0,1,0,1,307,126,433,2023-10-31T23:00:00Z
18,468,Umag,2948,2525,5473,440,203,643,32,17,49,46,30,76,308,319,627,0,0,0,18,31,49,3792,3125,6917,2023-10-31T23:00:00Z
18,47,Cerovlje,136,54,190,35,5,40,5,4,9,1,0,1,24,16,40,0,0,0,0,1,1,201,80,281,2023-10-31T23:00:00Z
18,497,Višnjan,311,284,595,49,8,57,12,1,13,2,1,3,97,39,136,0,0,0,4,2,6,475,335,810,2023-10-31T23:00:00Z
18,498,Vižinada,63,59,122,31,12,43,13,5,18,0,0,0,41,37,78,0,0,0,0,1,1,148,114,262,2023-10-31T23:00:00Z
18,5,Bale,164,136,300,22,20,42,2,2,4,0,0,0,40,14,54,0,0,0,0,1,1,228,173,401,2023-10-31T23:00:00Z
18,502,Vodnjan,872,685,1557,57,30,87,10,3,13,7,2,9,80,52,132,0,1,1,1,0,1,1027,773,1800,2023-10-31T23:00:00Z
18,516,Vrsar,395,388,783,77,33,110,3,4,7,5,1,6,100,92,192,0,0,0,13,10,23,593,528,1121,2023-10-31T23:00:00Z
18,531,Žminj,510,456,966,121,50,171,13,10,23,3,5,8,85,93,178,0,0,0,4,5,9,736,619,1355,2023-10-31T23:00:00Z
18,596,Karojba,127,89,216,33,5,38,0,1,1,0,0,0,42,10,52,0,1,1,0,0,0,202,106,308,2023-10-31T23:00:00Z
18,597,Kaštelir - Labinci,152,82,234,40,20,60,8,6,14,1,0,1,55,19,74,0,0,0,0,4,4,256,131,387,2023-10-31T23:00:00Z
18,6,Barban,292,104,396,49,5,54,14,5,19,0,1,1,28,29,57,0,0,0,2,3,5,385,147,532,2023-10-31T23:00:00Z
18,619,Fažana,308,281,589,34,18,52,1,2,3,3,4,7,30,31,61,1,0,1,2,6,8,379,342,721,2023-10-31T23:00:00Z
18,629,Funtana,160,135,295,18,10,28,1,1,2,1,0,1,23,36,59,0,0,0,7,5,12,210,187,397,2023-10-31T23:00:00Z
18,631,Tar-Vabriga,208,226,434,41,18,59,4,1,5,0,1,1,36,31,67,0,0,0,0,6,6,289,283,572,2023-10-31T23:00:00Z
19,198,Konavle,1563,1185,2748,194,77,271,16,13,29,36,9,45,85,114,199,0,1,1,13,15,28,1907,1414,3321,2023-10-31T23:00:00Z
19,204,Korčula,740,943,1683,131,58,189,18,5,23,115,11,126,99,99,198,0,0,0,34,41,75,1137,1157,2294,2023-10-31T23:00:00Z
19,219,Kula Norinska,37,38,75,9,1,10,1,1,2,1,0,1,6,6,12,0,0,0,0,0,0,54,46,100,2023-10-31T23:00:00Z
19,226,Lastovo,66,94,160,27,9,36,2,2,4,5,0,5,8,8,16,0,0,0,2,5,7,110,118,228,2023-10-31T23:00:00Z
19,25,Blato,578,416,994,76,21,97,13,5,18,10,8,18,158,41,199,0,0,0,10,3,13,845,494,1339,2023-10-31T23:00:00Z
19,264,Metković,2276,1829,4105,185,125,310,44,22,66,45,16,61,337,258,595,0,0,0,5,11,16,2892,2261,5153,2023-10-31T23:00:00Z
19,268,Mljet,192,120,312,14,5,19,3,0,3,2,2,4,6,11,17,0,0,0,5,1,6,222,139,361,2023-10-31T23:00:00Z
19,306,Opuzen,651,593,1244,32,24,56,63,22,85,7,1,8,38,76,114,0,0,0,3,1,4,794,717,1511,2023-10-31T23:00:00Z
19,308,Orebić,406,416,822,71,41,112,36,9,45,39,5,44,89,75,164,0,0,0,6,20,26,647,566,1213,2023-10-31T23:00:00Z
19,335,Ploče,1398,926,2324,89,60,149,30,12,42,25,5,30,116,126,242,0,0,0,3,5,8,1661,1134,2795,2023-10-31T23:00:00Z
19,343,Pojezerje,27,33,60,5,2,7,8,1,9,0,0,0,3,5,8,0,0,0,0,0,0,43,41,84,2023-10-31T23:00:00Z
19,399,Slivno,73,34,107,10,6,16,11,4,15,0,0,0,6,10,16,0,0,0,4,2,6,104,56,160,2023-10-31T23:00:00Z
19,402,Smokvica,27,86,113,13,1,14,17,5,22,6,0,6,38,7,45,0,0,0,2,3,5,103,102,205,2023-10-31T23:00:00Z
19,419,Ston,419,248,667,56,15,71,23,3,26,12,1,13,51,29,80,0,0,0,2,4,6,563,300,863,2023-10-31T23:00:00Z
19,474,Vela Luka,284,517,801,62,28,90,10,2,12,32,5,37,83,48,131,0,0,0,4,10,14,475,610,1085,2023-10-31T23:00:00Z
19,523,Zažablje,11,10,21,4,0,4,4,2,6,2,1,3,10,1,11,0,0,0,0,0,0,31,14,45,2023-10-31T23:00:00Z
19,598,Dubrovačko Primorje,151,109,260,27,5,32,3,4,7,6,3,9,47,23,70,0,0,0,0,1,1,234,145,379,2023-10-31T23:00:00Z
19,599,Janjina,52,58,110,11,4,15,9,5,14,3,2,5,13,13,26,0,0,0,4,3,7,92,85,177,2023-10-31T23:00:00Z
19,600,Lumbarda,58,52,110,38,10,48,11,2,13,5,0,5,23,27,50,0,0,0,10,11,21,145,102,247,2023-10-31T23:00:00Z
19,601,Trpanj,55,50,105,10,4,14,2,1,3,7,1,8,23,8,31,0,0,0,1,4,5,98,68,166,2023-10-31T23:00:00Z
19,602,Župa Dubrovačka,811,829,1640,146,67,213,5,7,12,64,1,65,82,91,173,0,0,0,6,4,10,1114,999,2113,2023-10-31T23:00:00Z
19,98,Dubrovnik,10549,11184,21733,860,447,1307,29,17,46,502,74,576,573,636,1209,1,1,2,103,108,211,12617,12467,25084,2023-10-31T23:00:00Z
20,123,Goričan,300,157,457,9,4,13,8,2,10,0,3,3,12,9,21,0,0,0,0,0,0,329,175,504,2023-10-31T23:00:00Z
20,15,Belica,187,219,406,23,16,39,58,31,89,1,1,2,31,42,73,0,0,0,1,2,3,301,311,612,2023-10-31T23:00:00Z
20,206,Kotoriba,519,288,807,12,5,17,4,0,4,0,4,4,12,9,21,0,0,0,0,0,0,547,306,853,2023-10-31T23:00:00Z
20,250,Mala Subotica,568,1097,1665,24,19,43,30,14,44,3,5,8,15,26,41,0,0,0,0,2,2,640,1163,1803,2023-10-31T23:00:00Z
20,276,Mursko Središće,912,805,1717,49,26,75,14,7,21,2,7,9,38,51,89,0,0,0,1,2,3,1016,898,1914,2023-10-31T23:00:00Z
20,279,Nedelišće,1600,867,2467,100,48,148,39,20,59,1,7,8,135,92,227,0,0,0,0,5,5,1875,1039,2914,2023-10-31T23:00:00Z
20,342,Podturen,221,140,361,22,8,30,17,13,30,1,2,3,54,35,89,0,0,0,0,1,1,315,199,514,2023-10-31T23:00:00Z
20,355,Prelog,2389,1667,4056,68,29,97,48,20,68,7,9,16,75,73,148,0,0,0,5,7,12,2592,1805,4397,2023-10-31T23:00:00Z
20,385,Selnica,160,160,320,13,10,23,7,5,12,1,1,2,13,12,25,0,0,0,1,0,1,195,188,383,2023-10-31T23:00:00Z
20,440,Sveti Juraj Na Bregu,317,211,528,28,16,44,14,5,19,2,4,6,40,44,84,0,0,0,0,1,1,401,281,682,2023-10-31T23:00:00Z
20,441,Sveti Martin Na Muri,653,368,1021,16,14,30,7,5,12,0,3,3,32,37,69,0,0,0,2,0,2,710,427,1137,2023-10-31T23:00:00Z
20,452,Štrigova,309,206,515,24,14,38,34,16,50,2,1,3,56,69,125,0,0,0,0,1,1,425,307,732,2023-10-31T23:00:00Z
20,504,Vratišinec,139,90,229,7,2,9,11,2,13,1,2,3,9,11,20,0,0,0,1,0,1,168,107,275,2023-10-31T23:00:00Z
20,60,Čakovec,9868,9205,19073,265,161,426,56,24,80,43,63,106,246,332,578,0,0,0,9,13,22,10487,9798,20285,2023-10-31T23:00:00Z
20,603,Dekanovec,79,78,157,6,1,7,4,4,8,0,0,0,7,2,9,0,0,0,0,1,1,96,86,182,2023-10-31T23:00:00Z
20,604,Gornji Mihaljevec,115,83,198,16,4,20,25,9,34,2,1,3,20,16,36,0,0,0,0,1,1,178,114,292,2023-10-31T23:00:00Z
20,605,Orehovica,208,161,369,16,3,19,24,8,32,1,2,3,39,19,58,0,0,0,0,2,2,288,195,483,2023-10-31T23:00:00Z
20,606,Strahoninec,272,157,429,14,8,22,3,2,5,0,1,1,35,13,48,0,0,0,1,2,3,325,183,508,2023-10-31T23:00:00Z
20,607,Sveta Marija,72,79,151,11,2,13,5,0,5,2,1,3,19,6,25,0,0,0,0,1,1,109,89,198,2023-10-31T23:00:00Z
20,608,Šenkovec,543,282,825,22,10,32,3,1,4,0,1,1,25,20,45,0,0,0,0,1,1,593,315,908,2023-10-31T23:00:00Z
20,620,Pribislavec,303,154,457,10,8,18,2,1,3,2,1,3,9,11,20,0,0,0,0,0,0,326,175,501,2023-10-31T23:00:00Z
20,75,Domašinec,253,109,362,7,8,15,19,16,35,0,1,1,17,5,22,0,0,0,2,1,3,298,140,438,2023-10-31T23:00:00Z
20,78,Donja Dubrava,197,233,430,17,6,23,5,3,8,0,1,1,13,16,29,0,0,0,0,0,0,232,259,491,2023-10-31T23:00:00Z
20,82,Donji Kraljevec,1444,651,2095,43,15,58,52,21,73,3,4,7,89,118,207,0,0,0,2,6,8,1633,815,2448,2023-10-31T23:00:00Z
20,89,Donji Vidovec,58,78,136,5,1,6,2,0,2,1,1,2,4,15,19,0,0,0,0,0,0,70,95,165,2023-10-31T23:00:00Z
21,133,Zagreb,239862,216661,456523,8707,6464,15171,281,165,446,2222,2079,4301,5423,6997,12420,48,26,74,330,523,853,256873,232915,489788,2023-10-31T23:00:00Z
01,101,Dugo Selo,3206,2094,5300,256,131,387,30,20,50,25,26,51,258,253,511,0,0,0,7,16,23,3782,2540,6322,2023-11-30T23:00:00Z
01,114,Farkaševac,146,208,354,8,3,11,24,10,34,0,2,2,33,18,51,0,0,0,0,0,0,211,241,452,2023-11-30T23:00:00Z
01,135,Gradec,148,137,285,14,1,15,9,7,16,0,1,1,51,22,73,0,0,0,0,1,1,222,169,391,2023-11-30T23:00:00Z
01,158,Ivanić-Grad,3390,1813,5203,89,75,164,45,27,72,10,20,30,144,183,327,1,0,1,4,12,16,3683,2130,5813,2023-11-30T23:00:00Z
01,163,Jakovlje,368,385,753,38,7,45,10,8,18,2,0,2,41,32,73,0,0,0,0,0,0,459,432,891,2023-11-30T23:00:00Z
01,169,Jastrebarsko,2334,1760,4094,227,120,347,46,31,77,16,19,35,276,225,501,0,0,0,6,6,12,2905,2161,5066,2023-11-30T23:00:00Z
01,190,Klinča Selo,222,201,423,42,15,57,6,5,11,0,0,0,63,49,112,0,0,0,1,0,1,334,270,604,2023-11-30T23:00:00Z
01,193,Kloštar Ivanić,407,332,739,24,11,35,22,5,27,3,10,13,45,34,79,1,0,1,2,2,4,504,394,898,2023-11-30T23:00:00Z
01,213,Križ,774,477,1251,27,20,47,18,10,28,7,4,11,26,45,71,0,0,0,1,3,4,853,559,1412,2023-11-30T23:00:00Z
01,33,Brckovljani,416,440,856,8,4,12,0,1,1,2,2,4,30,14,44,0,0,0,0,0,0,456,461,917,2023-11-30T23:00:00Z
01,331,Pisarovina,379,286,665,27,25,52,20,21,41,1,1,2,26,30,56,0,0,0,0,3,3,453,366,819,2023-11-30T23:00:00Z
01,34,Brdovec,898,798,1696,94,50,144,17,7,24,1,5,6,99,63,162,0,0,0,3,3,6,1112,926,2038,2023-11-30T23:00:00Z
01,356,Preseka,24,9,33,5,2,7,12,10,22,0,0,0,14,6,20,0,0,0,1,0,1,56,27,83,2023-11-30T23:00:00Z
01,362,Pušča,168,199,367,24,13,37,7,2,9,2,3,5,40,25,65,0,0,0,0,0,0,241,242,483,2023-11-30T23:00:00Z
01,376,Rugvica,1506,620,2126,9,6,15,2,3,5,1,2,3,16,15,31,0,0,0,0,0,0,1534,646,2180,2023-11-30T23:00:00Z
01,380,Samobor,5710,4179,9889,538,342,880,26,18,44,51,65,116,489,477,966,3,4,7,31,31,62,6848,5116,11964,2023-11-30T23:00:00Z
01,429,Sveti Ivan Zelina,2695,2083,4778,175,79,254,60,45,105,14,18,32,266,201,467,0,0,0,8,7,15,3218,2433,5651,2023-11-30T23:00:00Z
01,436,Sveta Nedjelja,6298,3611,9909,235,107,342,6,4,10,10,10,20,350,184,534,0,0,0,6,7,13,6905,3923,10828,2023-11-30T23:00:00Z
01,508,Vrbovec,2151,2055,4206,174,82,256,93,31,124,6,16,22,301,168,469,0,0,0,9,10,19,2734,2362,5096,2023-11-30T23:00:00Z
01,533,Krašić,272,192,464,27,11,38,11,11,22,2,1,3,29,21,50,0,0,0,0,0,0,341,236,577,2023-11-30T23:00:00Z
01,536,Rakovec,38,27,65,9,2,11,6,4,10,0,1,1,23,13,36,0,0,0,0,0,0,76,47,123,2023-11-30T23:00:00Z
01,539,Marija Gorica,85,106,191,14,2,16,0,0,0,1,1,2,25,14,39,0,0,0,0,0,0,125,123,248,2023-11-30T23:00:00Z
01,540,Žumberak,19,19,38,7,1,8,4,2,6,0,0,0,2,8,10,0,0,0,0,0,0,32,30,62,2023-11-30T23:00:00Z
01,541,Velika Gorica,8958,6834,15792,683,431,1114,70,32,102,54,56,110,602,528,1130,2,0,2,19,25,44,10388,7906,18294,2023-11-30T23:00:00Z
01,542,Orle,45,26,71,18,1,19,10,2,12,0,0,0,20,3,23,0,0,0,0,0,0,93,32,125,2023-11-30T23:00:00Z
01,543,Zaprešić,3526,3007,6533,238,178,416,11,10,21,35,42,77,275,241,516,0,0,0,12,11,23,4097,3489,7586,2023-11-30T23:00:00Z
01,544,Pokupsko,40,57,97,12,7,19,12,4,16,0,0,0,6,6,12,0,0,0,1,0,1,71,74,145,2023-11-30T23:00:00Z
01,545,Kravarsko,110,84,194,43,12,55,4,4,8,0,0,0,84,16,100,0,0,0,0,1,1,241,117,358,2023-11-30T23:00:00Z
01,547,Bistra,411,556,967,57,24,81,10,5,15,2,6,8,56,50,106,0,0,0,0,2,2,536,643,1179,2023-11-30T23:00:00Z
01,548,Luka,321,165,486,14,2,16,2,1,3,1,1,2,20,21,41,0,0,0,0,0,0,358,190,548,2023-11-30T23:00:00Z
01,549,Dubravica,63,43,106,16,0,16,12,3,15,0,0,0,13,15,28,0,0,0,0,0,0,104,61,165,2023-11-30T23:00:00Z
01,550,Bedenica,218,160,378,12,4,16,4,3,7,1,1,2,16,6,22,0,0,0,0,0,0,251,174,425,2023-11-30T23:00:00Z
01,551,Stupnik,1634,653,2287,29,17,46,1,1,2,1,3,4,19,33,52,0,0,0,1,0,1,1685,707,2392,2023-11-30T23:00:00Z
01,97,Dubrava,308,344,652,50,25,75,72,38,110,3,12,15,59,77,136,0,0,0,3,5,8,495,501,996,2023-11-30T23:00:00Z
02,108,Đurmanec,152,154,306,57,20,77,1,2,3,3,2,5,110,83,193,0,0,0,1,1,2,324,262,586,2023-11-30T23:00:00Z
02,11,Bedekovčina,548,742,1290,98,40,138,8,6,14,9,6,15,132,107,239,0,0,0,5,4,9,800,905,1705,2023-11-30T23:00:00Z
02,125,Gornja Stubica,240,301,541,59,16,75,6,7,13,2,1,3,77,53,130,0,0,0,0,0,0,384,378,762,2023-11-30T23:00:00Z
02,146,Hraščina,47,39,86,10,2,12,2,2,4,0,1,1,5,7,12,0,0,0,0,0,0,64,51,115,2023-11-30T23:00:00Z
02,152,Hum Na Sutli,1519,650,2169,51,28,79,4,0,4,1,6,7,245,69,314,0,0,0,0,1,1,1820,754,2574,2023-11-30T23:00:00Z
02,187,Klanjec,292,260,552,59,31,90,10,6,16,5,1,6,64,50,114,0,0,0,1,1,2,431,349,780,2023-11-30T23:00:00Z
02,200,Konjščina,448,423,871,31,20,51,2,2,4,1,2,3,44,35,79,0,0,0,0,1,1,526,483,1009,2023-11-30T23:00:00Z
02,208,Kraljevec Na Sutli,76,47,123,13,4,17,3,1,4,0,0,0,21,4,25,0,0,0,0,1,1,113,57,170,2023-11-30T23:00:00Z
02,211,Krapina,3036,2388,5424,187,104,291,9,2,11,14,15,29,190,169,359,0,0,0,2,4,6,3438,2682,6120,2023-11-30T23:00:00Z
02,212,Krapinske Toplice,631,1300,1931,72,37,109,6,4,10,0,5,5,111,77,188,0,1,1,1,1,2,821,1425,2246,2023-11-30T23:00:00Z
02,236,Lobor,165,250,415,25,8,33,4,3,7,0,1,1,38,18,56,0,0,0,1,1,2,233,281,514,2023-11-30T23:00:00Z
02,248,Mače,102,81,183,28,9,37,3,4,7,1,0,1,81,36,117,0,0,0,0,0,0,215,130,345,2023-11-30T23:00:00Z
02,256,Marija Bistrica,344,390,734,72,42,114,11,5,16,1,6,7,78,75,153,0,0,0,2,2,4,508,520,1028,2023-11-30T23:00:00Z
02,265,Mihovljan,121,127,248,32,8,40,3,1,4,0,0,0,79,19,98,0,0,0,1,1,2,236,156,392,2023-11-30T23:00:00Z
02,311,Oroslavje,1009,817,1826,73,41,114,8,3,11,6,7,13,91,65,156,0,0,0,4,1,5,1191,934,2125,2023-11-30T23:00:00Z
02,329,Petrovsko,120,54,174,16,3,19,1,0,1,5,0,5,63,14,77,0,0,0,1,0,1,206,71,277,2023-11-30T23:00:00Z
02,352,Pregrada,836,939,1775,109,34,143,1,5,6,5,6,11,165,104,269,0,0,0,0,0,0,1116,1088,2204,2023-11-30T23:00:00Z
02,364,Radoboj,174,113,287,17,13,30,1,0,1,0,2,2,60,23,83,0,0,0,0,1,1,252,152,404,2023-11-30T23:00:00Z
02,41,Budinščina,204,185,389,18,6,24,5,1,6,2,2,4,20,12,32,0,0,0,3,2,5,252,208,460,2023-11-30T23:00:00Z
02,422,Stubičke Toplice,260,451,711,32,18,50,1,4,5,3,5,8,49,31,80,0,0,0,2,0,2,347,509,856,2023-11-30T23:00:00Z
02,430,Sveti Križ Začretje,697,693,1390,78,25,103,9,5,14,1,5,6,139,91,230,1,0,1,3,1,4,928,820,1748,2023-11-30T23:00:00Z
02,466,Tuhelj,149,231,380,20,11,31,5,0,5,1,2,3,58,50,108,0,0,0,0,0,0,233,294,527,2023-11-30T23:00:00Z
02,481,Veliko Trgovišće,637,457,1094,53,17,70,3,3,6,2,5,7,105,46,151,0,0,0,2,1,3,802,529,1331,2023-11-30T23:00:00Z
02,519,Zabok,2877,3066,5943,150,87,237,8,3,11,15,16,31,140,196,336,0,0,0,1,1,2,3191,3369,6560,2023-11-30T23:00:00Z
02,521,Zagorska Sela,9,54,63,5,0,5,5,2,7,0,1,1,15,4,19,0,0,0,0,0,0,34,61,95,2023-11-30T23:00:00Z
02,526,Zlatar,536,677,1213,109,58,167,27,13,40,6,7,13,134,75,209,0,0,0,5,7,12,817,837,1654,2023-11-30T23:00:00Z
02,527,Zlatar Bistrica,240,328,568,25,7,32,3,1,4,5,0,5,69,46,115,0,0,0,1,1,2,343,383,726,2023-11-30T23:00:00Z
02,552,Jesenje,95,84,179,8,2,10,0,0,0,0,0,0,47,9,56,0,0,0,0,0,0,150,95,245,2023-11-30T23:00:00Z
02,553,Kumrovec,79,92,171,18,6,24,2,0,2,4,1,5,21,13,34,0,0,0,0,0,0,124,112,236,2023-11-30T23:00:00Z
02,554,Novi Golubovec,139,65,204,2,2,4,1,0,1,0,0,0,4,2,6,0,0,0,0,0,0,146,69,215,2023-11-30T23:00:00Z
02,70,Desinić,124,282,406,32,10,42,11,2,13,3,3,6,50,37,87,0,0,0,0,1,1,220,335,555,2023-11-30T23:00:00Z
02,79,Donja Stubica,879,741,1620,99,54,153,7,5,12,6,3,9,75,54,129,0,1,1,1,2,3,1067,860,1927,2023-11-30T23:00:00Z
03,102,Dvor,333,143,476,20,6,26,61,21,82,0,2,2,19,10,29,0,0,0,0,4,4,433,186,619,2023-11-30T23:00:00Z
03,121,Glina,1190,647,1837,42,21,63,62,24,86,5,9,14,72,70,142,0,0,0,1,1,2,1372,772,2144,2023-11-30T23:00:00Z
03,149,Hrvatska Dubica,72,71,143,9,2,11,13,5,18,0,0,0,12,5,17,0,0,0,0,1,1,106,84,190,2023-11-30T23:00:00Z
03,150,Hrvatska Kostajnica,291,253,544,25,11,36,10,2,12,2,3,5,22,26,48,0,0,0,1,1,2,351,296,647,2023-11-30T23:00:00Z
03,168,Jasenovac,151,123,274,12,9,21,14,4,18,0,0,0,15,14,29,0,0,0,0,3,3,192,153,345,2023-11-30T23:00:00Z
03,220,Kutina,3349,2759,6108,188,116,304,44,19,63,33,25,58,241,276,517,1,0,1,9,9,18,3865,3204,7069,2023-11-30T23:00:00Z
03,228,Lekenik,421,293,714,48,14,62,11,8,19,1,2,3,73,28,101,0,0,0,2,0,2,556,345,901,2023-11-30T23:00:00Z
03,232,Lipovljani,247,251,498,31,7,38,10,2,12,1,0,1,40,46,86,0,0,0,0,6,6,329,312,641,2023-11-30T23:00:00Z
03,259,Martinska Ves,130,61,191,10,1,11,28,12,40,3,0,3,75,19,94,0,0,0,0,0,0,246,93,339,2023-11-30T23:00:00Z
03,293,Novska,1271,1078,2349,191,102,293,34,14,48,5,16,21,259,221,480,0,0,0,3,7,10,1763,1438,3201,2023-11-30T23:00:00Z
03,328,Petrinja,1915,1770,3685,292,103,395,69,29,98,9,25,34,380,293,673,0,0,0,5,3,8,2670,2223,4893,2023-11-30T23:00:00Z
03,347,Popovača,886,1105,1991,92,46,138,47,16,63,7,9,16,103,132,235,0,0,0,4,4,8,1139,1312,2451,2023-11-30T23:00:00Z
03,391,Sisak,7237,8131,15368,396,253,649,99,48,147,43,70,113,620,583,1203,1,0,1,15,13,28,8411,9098,17509,2023-11-30T23:00:00Z
03,426,Sunja,194,173,367,28,9,37,49,29,78,1,1,2,23,20,43,0,0,0,1,2,3,296,234,530,2023-11-30T23:00:00Z
03,457,Topusko,242,326,568,16,10,26,5,2,7,4,1,5,31,21,52,0,0,0,5,0,5,303,360,663,2023-11-30T23:00:00Z
03,477,Velika Ludina,129,161,290,12,8,20,11,3,14,0,0,0,23,18,41,0,0,0,0,0,0,175,190,365,2023-11-30T23:00:00Z
03,510,Gvozd,112,87,199,11,6,17,16,4,20,0,1,1,12,14,26,0,0,0,1,0,1,152,112,264,2023-11-30T23:00:00Z
03,555,Majur,123,36,159,1,1,2,3,0,3,0,0,0,4,0,4,0,0,0,3,0,3,134,37,171,2023-11-30T23:00:00Z
03,83,Donji Kukuruzari,38,45,83,5,0,5,6,4,10,0,0,0,1,3,4,0,0,0,1,0,1,51,52,103,2023-11-30T23:00:00Z
04,120,Generalski Stol,44,66,110,19,5,24,1,0,1,0,1,1,30,13,43,0,0,0,0,0,0,94,85,179,2023-11-30T23:00:00Z
04,172,Josipdol,189,154,343,27,17,44,1,7,8,2,1,3,46,49,95,0,0,0,0,0,0,265,228,493,2023-11-30T23:00:00Z
04,179,Karlovac,10831,9198,20029,425,329,754,74,52,126,67,81,148,628,795,1423,1,1,2,16,23,39,12042,10479,22521,2023-11-30T23:00:00Z
04,216,Krnjak,137,65,202,5,2,7,6,4,10,1,0,1,11,5,16,0,0,0,0,0,0,160,76,236,2023-11-30T23:00:00Z
04,225,Lasinja,33,36,69,5,2,7,0,5,5,2,0,2,7,7,14,0,0,0,0,0,0,47,50,97,2023-11-30T23:00:00Z
04,281,Netretić,126,112,238,17,3,20,3,1,4,1,1,2,45,32,77,0,0,0,0,0,0,192,149,341,2023-11-30T23:00:00Z
04,297,Ogulin,1828,1827,3655,159,99,258,44,19,63,9,28,37,160,183,343,0,0,0,5,8,13,2205,2164,4369,2023-11-30T23:00:00Z
04,30,Bosiljevo,107,77,184,5,0,5,0,0,0,1,1,2,30,38,68,0,0,0,0,0,0,143,116,259,2023-11-30T23:00:00Z
04,315,Ozalj,794,651,1445,87,31,118,21,13,34,3,9,12,130,89,219,0,1,1,2,3,5,1037,797,1834,2023-11-30T23:00:00Z
04,333,Plaški,109,71,180,12,4,16,8,0,8,0,1,1,45,28,73,0,0,0,0,0,0,174,104,278,2023-11-30T23:00:00Z
04,365,Rakovica,170,200,370,8,7,15,2,1,3,1,0,1,64,63,127,0,0,0,8,10,18,253,281,534,2023-11-30T23:00:00Z
04,378,Saborsko,13,14,27,1,0,1,1,0,1,0,0,0,1,3,4,0,0,0,0,0,0,16,17,33,2023-11-30T23:00:00Z
04,400,Slunj,343,402,745,57,18,75,41,21,62,3,4,7,126,93,219,0,0,0,10,18,28,580,556,1136,2023-11-30T23:00:00Z
04,49,Cetingrad,59,64,123,7,2,9,2,3,5,0,0,0,8,7,15,0,0,0,1,0,1,77,76,153,2023-11-30T23:00:00Z
04,503,Vojnić,371,259,630,23,11,34,38,13,51,1,0,1,25,37,62,0,0,0,5,0,5,463,320,783,2023-11-30T23:00:00Z
04,530,Žakanje,168,101,269,27,13,40,3,2,5,0,0,0,28,28,56,0,0,0,0,1,1,226,145,371,2023-11-30T23:00:00Z
04,556,Ribnik,12,10,22,9,3,12,2,1,3,0,0,0,5,9,14,0,0,0,0,0,0,28,23,51,2023-11-30T23:00:00Z
04,557,Tounj,61,26,87,6,1,7,1,0,1,0,0,0,2,10,12,0,0,0,0,0,0,70,37,107,2023-11-30T23:00:00Z
04,623,Kamanje,157,94,251,6,1,7,0,0,0,0,0,0,7,6,13,0,0,0,0,0,0,170,101,271,2023-11-30T23:00:00Z
04,7,Barilovići,315,168,483,22,11,33,5,0,5,0,1,1,121,30,151,0,0,0,0,1,1,463,211,674,2023-11-30T23:00:00Z
04,90,Draganić,171,214,385,16,3,19,7,2,9,0,1,1,19,18,37,0,0,0,1,0,1,214,238,452,2023-11-30T23:00:00Z
04,99,Duga Resa,1306,1057,2363,138,82,220,19,20,39,5,20,25,179,198,377,0,0,0,9,12,21,1656,1389,3045,2023-11-30T23:00:00Z
05,12,Bednja,224,173,397,19,6,25,3,3,6,1,1,2,26,14,40,0,0,0,0,1,1,273,198,471,2023-11-30T23:00:00Z
05,129,Gornji Kneginec,704,1049,1753,59,38,97,8,2,10,3,8,11,55,54,109,0,0,0,4,6,10,833,1157,1990,2023-11-30T23:00:00Z
05,151,Breznički Hum,191,148,339,11,4,15,5,6,11,0,2,2,18,13,31,0,0,0,1,3,4,226,176,402,2023-11-30T23:00:00Z
05,156,Ivanec,2378,1913,4291,181,70,251,13,14,27,9,18,27,323,254,577,0,0,0,10,12,22,2914,2281,5195,2023-11-30T23:00:00Z
05,165,Jalžabet,749,1142,1891,21,4,25,11,6,17,0,3,3,48,33,81,0,0,0,0,1,1,829,1189,2018,2023-11-30T23:00:00Z
05,189,Klenovnik,205,67,272,8,4,12,0,0,0,0,0,0,19,27,46,0,0,0,2,0,2,234,98,332,2023-11-30T23:00:00Z
05,19,Beretinec,93,47,140,21,2,23,3,2,5,0,2,2,13,18,31,0,0,0,2,0,2,132,71,203,2023-11-30T23:00:00Z
05,229,Lepoglava,1405,664,2069,62,37,99,4,2,6,1,5,6,96,53,149,0,0,0,1,6,7,1569,767,2336,2023-11-30T23:00:00Z
05,244,Ludbreg,2020,1661,3681,134,63,197,62,34,96,9,16,25,225,171,396,0,0,0,3,4,7,2453,1949,4402,2023-11-30T23:00:00Z
05,247,Ljubešćica,373,166,539,24,9,33,0,0,0,0,3,3,80,22,102,0,0,0,1,1,2,478,201,679,2023-11-30T23:00:00Z
05,251,Mali Bukovec,41,87,128,11,5,16,23,16,39,0,1,1,95,31,126,0,0,0,0,1,1,170,141,311,2023-11-30T23:00:00Z
05,260,Maruševec,365,300,665,61,30,91,21,22,43,4,2,6,116,46,162,0,0,0,2,2,4,569,402,971,2023-11-30T23:00:00Z
05,289,Novi Marof,1325,1230,2555,167,78,245,14,11,25,9,17,26,331,195,526,0,0,0,4,14,18,1850,1545,3395,2023-11-30T23:00:00Z
05,326,Petrijanec,479,776,1255,23,10,33,13,7,20,1,3,4,88,80,168,0,0,0,0,1,1,604,877,1481,2023-11-30T23:00:00Z
05,36,Breznica,169,75,244,18,3,21,6,5,11,1,6,7,40,14,54,0,0,0,0,0,0,234,103,337,2023-11-30T23:00:00Z
05,410,Sračinec,253,273,526,37,17,54,1,1,2,0,6,6,97,68,165,0,0,0,0,1,1,388,366,754,2023-11-30T23:00:00Z
05,437,Sveti Đurđ,72,104,176,34,6,40,24,8,32,2,1,3,29,31,60,0,0,0,0,0,0,161,150,311,2023-11-30T23:00:00Z
05,438,Sveti Ilija,198,201,399,18,8,26,1,0,1,0,4,4,37,31,68,0,0,0,0,0,0,254,244,498,2023-11-30T23:00:00Z
05,462,Trnovec Bartolovečki,1403,1325,2728,74,19,93,16,6,22,3,3,6,303,100,403,1,0,1,1,3,4,1801,1456,3257,2023-11-30T23:00:00Z
05,472,Varaždin,17322,15102,32424,557,455,1012,46,29,75,81,109,190,502,662,1164,1,0,1,19,19,38,18528,16376,34904,2023-11-30T23:00:00Z
05,473,Varaždinske Toplice,639,630,1269,48,24,72,9,5,14,5,6,11,155,45,200,0,0,0,1,3,4,857,713,1570,2023-11-30T23:00:00Z
05,48,Cestica,410,398,808,57,26,83,17,14,31,1,5,6,109,78,187,0,0,0,2,2,4,596,523,1119,2023-11-30T23:00:00Z
05,484,Vidovec,301,277,578,47,15,62,50,27,77,2,5,7,110,83,193,0,0,0,0,0,0,510,407,917,2023-11-30T23:00:00Z
05,486,Vinica,352,227,579,17,9,26,5,4,9,1,5,6,31,23,54,0,0,0,0,1,1,406,269,675,2023-11-30T23:00:00Z
05,493,Visoko,110,61,171,15,1,16,6,4,10,0,0,0,27,24,51,0,0,0,3,1,4,161,91,252,2023-11-30T23:00:00Z
05,558,Veliki Bukovec,395,249,644,5,2,7,20,9,29,0,1,1,33,33,66,0,0,0,0,0,0,453,294,747,2023-11-30T23:00:00Z
05,80,Donja Voća,79,61,140,6,1,7,5,6,11,0,1,1,28,17,45,0,0,0,0,1,1,118,87,205,2023-11-30T23:00:00Z
05,85,Donji Martijanec,340,166,506,28,7,35,17,3,20,1,1,2,48,31,79,0,0,0,0,0,0,434,208,642,2023-11-30T23:00:00Z
06,104,Đelekovec,44,50,94,27,13,40,40,9,49,0,1,1,18,15,33,0,0,0,0,0,0,129,88,217,2023-11-30T23:00:00Z
06,107,Đurđevac,1431,1192,2623,82,47,129,66,36,102,12,11,23,79,72,151,0,0,0,10,5,15,1680,1363,3043,2023-11-30T23:00:00Z
06,115,Ferdinandovac,29,94,123,14,2,16,36,29,65,1,1,2,13,6,19,0,0,0,9,0,9,102,132,234,2023-11-30T23:00:00Z
06,122,Gola,184,176,360,10,3,13,79,40,119,0,3,3,9,26,35,0,0,0,1,0,1,283,248,531,2023-11-30T23:00:00Z
06,145,Hlebine,14,28,42,3,0,3,14,4,18,1,0,1,0,13,13,0,0,0,0,1,1,32,46,78,2023-11-30T23:00:00Z
06,194,Kloštar Podravski,183,149,332,17,15,32,33,33,66,0,1,1,25,55,80,0,0,0,2,1,3,260,254,514,2023-11-30T23:00:00Z
06,201,Koprivnica,7115,7586,14701,363,224,587,57,31,88,65,65,130,392,424,816,0,2,2,8,11,19,8000,8343,16343,2023-11-30T23:00:00Z
06,202,Koprivnički Bregi,68,89,157,21,5,26,22,7,29,0,0,0,38,10,48,0,0,0,0,0,0,149,111,260,2023-11-30T23:00:00Z
06,203,Koprivnički Ivanec,70,53,123,24,5,29,23,8,31,0,0,0,18,8,26,0,0,0,0,0,0,135,74,209,2023-11-30T23:00:00Z
06,214,Križevci,3985,3859,7844,199,117,316,204,165,369,17,30,47,259,228,487,1,0,1,9,13,22,4674,4412,9086,2023-11-30T23:00:00Z
06,227,Legrad,66,74,140,18,5,23,17,5,22,1,1,2,24,20,44,0,0,0,0,0,0,126,105,231,2023-11-30T23:00:00Z
06,270,Molve,226,109,335,7,9,16,49,28,77,0,1,1,27,16,43,0,0,0,2,2,4,311,165,476,2023-11-30T23:00:00Z
06,292,Novigrad Podravski,90,149,239,11,5,16,14,10,24,0,2,2,16,13,29,0,0,0,0,0,0,131,179,310,2023-11-30T23:00:00Z
06,324,Peteranec,80,45,125,23,3,26,22,11,33,1,1,2,26,11,37,0,0,0,0,1,1,152,72,224,2023-11-30T23:00:00Z
06,366,Rasinja,52,71,123,24,3,27,52,19,71,1,0,1,20,20,40,0,0,0,1,0,1,150,113,263,2023-11-30T23:00:00Z
06,405,Sokolovac,163,84,247,17,4,21,46,11,57,6,4,10,16,7,23,0,0,0,0,1,1,248,111,359,2023-11-30T23:00:00Z
06,439,Sveti Ivan Žabno,295,217,512,42,16,58,91,57,148,1,2,3,50,68,118,0,0,0,0,2,2,479,362,841,2023-11-30T23:00:00Z
06,442,Sveti Petar Orehovec,135,128,263,31,7,38,127,109,236,0,1,1,43,29,72,0,0,0,2,0,2,338,274,612,2023-11-30T23:00:00Z
06,490,Virje,345,213,558,30,13,43,33,16,49,3,1,4,31,37,68,0,0,0,2,0,2,444,280,724,2023-11-30T23:00:00Z
06,559,Kalinovac,424,101,525,7,1,8,6,3,9,0,0,0,11,8,19,0,0,0,1,0,1,449,113,562,2023-11-30T23:00:00Z
06,560,Kalnik,47,49,96,2,4,6,17,19,36,0,1,1,8,2,10,0,0,0,0,0,0,74,75,149,2023-11-30T23:00:00Z
06,561,Novo Virje,40,38,78,2,0,2,35,27,62,0,0,0,19,7,26,0,0,0,0,0,0,96,72,168,2023-11-30T23:00:00Z
06,616,Podravske Sesvete,111,122,233,4,5,9,27,13,40,2,0,2,9,9,18,0,0,0,0,0,0,153,149,302,2023-11-30T23:00:00Z
06,618,Gornja Reka,106,100,206,6,3,9,7,3,10,0,0,0,4,5,9,0,0,0,0,0,0,123,111,234,2023-11-30T23:00:00Z
06,96,Drnje,120,110,230,12,4,16,15,10,25,0,2,2,7,11,18,0,0,0,0,1,1,154,138,292,2023-11-30T23:00:00Z
07,105,Đulovac,258,75,333,8,7,15,31,18,49,2,0,2,121,33,154,0,0,0,0,0,0,420,133,553,2023-11-30T23:00:00Z
07,119,Garešnica,1130,1076,2206,62,32,94,60,35,95,15,16,31,106,125,231,1,0,1,4,6,10,1378,1290,2668,2023-11-30T23:00:00Z
07,139,Grubišno Polje,623,586,1209,32,26,58,99,35,134,3,6,9,60,63,123,0,0,0,0,2,2,817,718,1535,2023-11-30T23:00:00Z
07,144,Hercegovac,160,152,312,21,3,24,43,14,57,1,2,3,41,33,74,0,0,0,1,0,1,267,204,471,2023-11-30T23:00:00Z
07,161,Ivanska,194,121,315,2,2,4,47,13,60,3,2,5,37,18,55,0,0,0,3,2,5,286,158,444,2023-11-30T23:00:00Z
07,176,Kapela,116,94,210,7,1,8,41,26,67,0,0,0,22,13,35,0,0,0,1,0,1,187,134,321,2023-11-30T23:00:00Z
07,18,Berek,34,44,78,7,2,9,22,11,33,0,0,0,11,8,19,0,0,0,0,0,0,74,65,139,2023-11-30T23:00:00Z
07,199,Končanica,136,64,200,10,2,12,27,16,43,0,0,0,11,12,23,0,0,0,1,2,3,185,96,281,2023-11-30T23:00:00Z
07,24,Bjelovar,7334,6953,14287,316,200,516,187,93,280,49,58,107,411,533,944,2,0,2,21,16,37,8320,7853,16173,2023-11-30T23:00:00Z
07,287,Nova Rača,97,114,211,13,2,15,68,30,98,0,2,2,31,15,46,0,0,0,0,2,2,209,165,374,2023-11-30T23:00:00Z
07,375,Rovišće,236,219,455,28,12,40,47,30,77,1,3,4,25,38,63,0,0,0,0,1,1,337,303,640,2023-11-30T23:00:00Z
07,390,Sirač,352,178,530,12,3,15,9,5,14,1,1,2,17,11,28,0,0,0,0,2,2,391,200,591,2023-11-30T23:00:00Z
07,450,Štefanje,56,58,114,9,4,13,35,12,47,0,2,2,33,25,58,0,0,0,0,0,0,133,101,234,2023-11-30T23:00:00Z
07,478,Velika Pisanica,76,79,155,5,2,7,27,14,41,1,0,1,9,6,15,0,0,0,1,1,2,119,102,221,2023-11-30T23:00:00Z
07,480,Veliki Grđevac,149,134,283,11,5,16,75,29,104,1,3,4,65,30,95,0,0,0,0,0,0,301,201,502,2023-11-30T23:00:00Z
07,483,Veliko Trojstvo,85,128,213,13,4,17,9,16,25,0,0,0,39,18,57,0,0,0,1,0,1,147,166,313,2023-11-30T23:00:00Z
07,562,Severin,51,26,77,1,1,2,18,14,32,0,0,0,20,48,68,0,0,0,0,0,0,90,89,179,2023-11-30T23:00:00Z
07,564,Šandrovac,28,44,72,4,0,4,13,6,19,0,0,0,15,5,20,0,0,0,0,3,3,60,58,118,2023-11-30T23:00:00Z
07,565,Velika Trnovitica,58,66,124,8,2,10,33,20,53,1,0,1,20,11,31,0,0,0,1,1,2,121,100,221,2023-11-30T23:00:00Z
07,566,Zrinski Topolovac,17,18,35,3,0,3,26,14,40,0,0,0,4,2,6,0,0,0,0,1,1,50,35,85,2023-11-30T23:00:00Z
07,63,Čazma,1149,829,1978,58,24,82,52,39,91,6,9,15,137,67,204,0,0,0,2,0,2,1404,968,2372,2023-11-30T23:00:00Z
07,67,Daruvar,1510,1841,3351,76,58,134,44,19,63,16,16,32,131,165,296,0,0,0,4,9,13,1781,2108,3889,2023-11-30T23:00:00Z
07,71,Dežanovac,137,78,215,10,2,12,61,30,91,0,1,1,33,17,50,0,0,0,1,2,3,242,130,372,2023-11-30T23:00:00Z
08,117,Fužine,290,192,482,20,11,31,0,1,1,2,1,3,19,24,43,0,0,0,3,0,3,334,229,563,2023-11-30T23:00:00Z
08,170,Jelenje,270,272,542,98,50,148,6,0,6,35,8,43,45,36,81,0,0,0,2,4,6,456,370,826,2023-11-30T23:00:00Z
08,180,Kastav,1163,875,2038,140,76,216,4,2,6,54,10,64,114,81,195,1,1,2,6,5,11,1482,1050,2532,2023-11-30T23:00:00Z
08,186,Klana,354,170,524,22,13,35,1,2,3,3,2,5,17,7,24,0,0,0,2,2,4,399,196,595,2023-11-30T23:00:00Z
08,209,Kraljevica,377,308,685,42,26,68,2,2,4,50,4,54,19,39,58,1,0,1,1,8,9,492,387,879,2023-11-30T23:00:00Z
08,215,Krk,1883,1289,3172,267,119,386,13,9,22,31,18,49,272,177,449,0,0,0,38,33,71,2504,1645,4149,2023-11-30T23:00:00Z
08,237,Lokve,103,92,195,12,7,19,0,1,1,1,2,3,6,12,18,0,0,0,0,0,0,122,114,236,2023-11-30T23:00:00Z
08,242,Lovran,463,611,1074,113,40,153,1,1,2,19,8,27,41,68,109,0,0,0,3,7,10,640,735,1375,2023-11-30T23:00:00Z
08,252,Mali Lošinj,1421,1425,2846,229,85,314,22,8,30,42,17,59,164,147,311,0,0,0,23,41,64,1901,1723,3624,2023-11-30T23:00:00Z
08,253,Malinska-Dubašnica,514,835,1349,146,81,227,6,10,16,10,5,15,138,136,274,0,0,0,15,25,40,829,1092,1921,2023-11-30T23:00:00Z
08,261,Matulji,1532,1128,2660,245,143,388,11,6,17,46,19,65,168,199,367,0,0,0,5,8,13,2007,1503,3510,2023-11-30T23:00:00Z
08,273,Mošćenička Draga,119,82,201,56,15,71,0,2,2,5,2,7,22,22,44,0,0,0,2,5,7,204,128,332,2023-11-30T23:00:00Z
08,275,Mrkopalj,70,55,125,10,5,15,2,0,2,2,0,2,8,9,17,0,0,0,0,0,0,92,69,161,2023-11-30T23:00:00Z
08,290,Novi Vinodolski,593,455,1048,111,44,155,10,5,15,13,4,17,98,75,173,0,0,0,2,8,10,827,591,1418,2023-11-30T23:00:00Z
08,301,Omišalj,642,429,1071,87,29,116,1,0,1,10,2,12,74,33,107,0,0,0,6,19,25,820,512,1332,2023-11-30T23:00:00Z
08,302,Opatija,2358,2883,5241,245,139,384,6,4,10,64,29,93,103,155,258,0,0,0,13,15,28,2789,3225,6014,2023-11-30T23:00:00Z
08,360,Punat,305,174,479,61,24,85,4,0,4,3,1,4,53,36,89,0,0,0,7,9,16,433,244,677,2023-11-30T23:00:00Z
08,363,Rab,897,1111,2008,305,88,393,9,5,14,16,11,27,214,163,377,0,0,0,70,68,138,1511,1446,2957,2023-11-30T23:00:00Z
08,369,Ravna Gora,297,279,576,30,13,43,2,0,2,4,1,5,36,17,53,0,0,0,1,3,4,370,313,683,2023-11-30T23:00:00Z
08,373,Rijeka,28400,29058,57458,1464,1187,2651,23,13,36,1069,335,1404,891,1248,2139,7,6,13,76,115,191,31930,31962,63892,2023-11-30T23:00:00Z
08,38,Brod Moravice,43,41,84,30,5,35,1,0,1,0,1,1,9,4,13,0,0,0,1,1,2,84,52,136,2023-11-30T23:00:00Z
08,393,Skrad,44,46,90,4,5,9,0,1,1,1,1,2,3,6,9,0,0,0,0,0,0,52,59,111,2023-11-30T23:00:00Z
08,4,Bakar,2218,1232,3450,75,42,117,4,0,4,74,9,83,75,70,145,0,0,0,4,10,14,2450,1363,3813,2023-11-30T23:00:00Z
08,488,Vinodolska Općina,197,160,357,63,25,88,2,0,2,9,1,10,36,14,50,0,0,0,1,3,4,308,203,511,2023-11-30T23:00:00Z
08,495,Viškovo,1836,1211,3047,243,124,367,5,4,9,73,19,92,148,147,295,0,0,0,12,9,21,2317,1514,3831,2023-11-30T23:00:00Z
08,507,Vrbnik,150,101,251,35,14,49,9,4,13,1,0,1,26,27,53,0,0,0,3,1,4,224,147,371,2023-11-30T23:00:00Z
08,509,Vrbovsko,355,310,665,66,21,87,2,5,7,1,4,5,76,37,113,1,0,1,1,3,4,502,380,882,2023-11-30T23:00:00Z
08,52,Cres,546,450,996,83,24,107,8,6,14,18,2,20,45,56,101,0,0,0,8,9,17,708,547,1255,2023-11-30T23:00:00Z
08,53,Crikvenica,1295,1683,2978,234,136,370,5,2,7,49,24,73,221,194,415,0,0,0,14,30,44,1818,2069,3887,2023-11-30T23:00:00Z
08,538,Kostrena,613,347,960,42,30,72,1,1,2,80,6,86,21,44,65,0,0,0,1,3,4,758,431,1189,2023-11-30T23:00:00Z
08,55,Čabar,331,267,598,54,17,71,8,4,12,3,0,3,141,50,191,0,0,0,1,4,5,538,342,880,2023-11-30T23:00:00Z
08,61,Čavle,676,551,1227,104,57,161,0,1,1,33,8,41,95,79,174,0,0,0,2,1,3,910,697,1607,2023-11-30T23:00:00Z
08,624,Lopar,76,37,113,22,7,29,0,1,1,1,0,1,21,14,35,0,0,0,6,3,9,126,62,188,2023-11-30T23:00:00Z
08,69,Delnice,1071,775,1846,73,51,124,5,2,7,9,11,20,87,86,173,0,0,0,2,8,10,1247,933,2180,2023-11-30T23:00:00Z
08,74,Dobrinj,141,104,245,59,26,85,2,2,4,2,0,2,76,43,119,0,0,0,5,8,13,285,183,468,2023-11-30T23:00:00Z
08,8,Baška,189,173,362,48,26,74,6,1,7,1,5,6,33,45,78,0,0,0,19,30,49,296,280,576,2023-11-30T23:00:00Z
09,130,Gospić,2263,2405,4668,111,69,180,92,50,142,12,10,22,142,166,308,0,0,0,25,10,35,2645,2710,5355,2023-11-30T23:00:00Z
09,178,Karlobag,82,99,181,13,4,17,4,2,6,1,0,1,9,5,14,0,0,0,2,0,2,111,110,221,2023-11-30T23:00:00Z
09,240,Lovinac,191,88,279,0,0,0,1,1,2,0,0,0,4,2,6,0,0,0,0,0,0,196,91,287,2023-11-30T23:00:00Z
09,288,Novalja,827,617,1444,126,37,163,27,13,40,3,6,9,175,69,244,0,0,0,31,32,63,1189,774,1963,2023-11-30T23:00:00Z
09,313,Otočac,821,921,1742,93,36,129,61,32,93,11,6,17,100,119,219,0,0,0,3,5,8,1089,1119,2208,2023-11-30T23:00:00Z
09,323,Perušić,325,258,583,26,11,37,30,18,48,0,1,1,28,22,50,0,0,0,5,6,11,414,316,730,2023-11-30T23:00:00Z
09,37,Brinje,406,219,625,22,6,28,7,6,13,0,0,0,12,17,29,0,0,0,5,3,8,452,251,703,2023-11-30T23:00:00Z
09,387,Senj,732,636,1368,99,43,142,5,5,10,23,8,31,89,96,185,0,0,0,4,9,13,952,797,1749,2023-11-30T23:00:00Z
09,455,Plitvička Jezera,782,808,1590,48,32,80,58,17,75,6,6,12,228,153,381,0,0,0,9,2,11,1131,1018,2149,2023-11-30T23:00:00Z
09,467,Udbina,116,83,199,9,3,12,41,15,56,0,0,0,12,18,30,0,0,0,7,1,8,185,120,305,2023-11-30T23:00:00Z
09,512,Vrhovine,111,37,148,4,2,6,7,1,8,0,0,0,5,1,6,0,0,0,0,0,0,127,41,168,2023-11-30T23:00:00Z
09,84,Donji Lapac,110,71,181,6,3,9,27,7,34,0,0,0,13,6,19,0,0,0,4,2,6,160,89,249,2023-11-30T23:00:00Z
10,136,Gradina,80,102,182,16,12,28,117,46,163,2,0,2,39,29,68,0,0,0,1,1,2,255,190,445,2023-11-30T23:00:00Z
10,245,Lukač,197,126,323,12,6,18,49,15,64,1,0,1,41,32,73,0,0,0,0,1,1,300,180,480,2023-11-30T23:00:00Z
10,266,Mikleuš,69,53,122,8,1,9,15,5,20,0,0,0,13,11,24,0,0,0,0,0,0,105,70,175,2023-11-30T23:00:00Z
10,283,Nova Bukovica,42,34,76,9,6,15,36,10,46,1,0,1,25,18,43,0,0,0,1,0,1,114,68,182,2023-11-30T23:00:00Z
10,307,Orahovica,842,586,1428,74,38,112,10,3,13,12,9,21,95,115,210,0,0,0,4,2,6,1037,753,1790,2023-11-30T23:00:00Z
10,332,Pitomača,733,684,1417,90,54,144,148,88,236,2,8,10,192,153,345,0,0,0,3,15,18,1168,1002,2170,2023-11-30T23:00:00Z
10,395,Slatina,1492,1335,2827,158,84,242,133,40,173,11,22,33,177,252,429,0,0,0,6,6,12,1977,1739,3716,2023-11-30T23:00:00Z
10,407,Sopje,140,46,186,4,4,8,80,19,99,0,0,0,18,26,44,0,0,0,0,0,0,242,95,337,2023-11-30T23:00:00Z
10,424,Suhopolje,250,262,512,25,22,47,97,37,134,1,1,2,59,57,116,1,0,1,5,2,7,438,381,819,2023-11-30T23:00:00Z
10,449,Špišić Bukovica,151,157,308,28,10,38,140,51,191,2,2,4,47,59,106,0,0,0,0,0,0,368,279,647,2023-11-30T23:00:00Z
10,491,Virovitica,3959,4074,8033,189,122,311,92,28,120,30,19,49,357,362,719,1,0,1,13,14,27,4641,4619,9260,2023-11-30T23:00:00Z
10,499,Voćin,143,115,258,12,5,17,30,20,50,0,0,0,18,7,25,0,0,0,12,3,15,215,150,365,2023-11-30T23:00:00Z
10,524,Zdenci,237,118,355,11,3,14,16,7,23,0,2,2,10,14,24,0,0,0,0,2,2,274,146,420,2023-11-30T23:00:00Z
10,54,Crnac,26,27,53,16,4,20,21,8,29,0,1,1,17,10,27,0,0,0,0,0,0,80,50,130,2023-11-30T23:00:00Z
10,56,Čačinci,155,101,256,22,17,39,21,11,32,0,2,2,34,32,66,0,0,0,1,2,3,233,165,398,2023-11-30T23:00:00Z
10,57,Čađavica,101,75,176,13,11,24,65,19,84,0,0,0,45,28,73,0,0,0,0,0,0,224,133,357,2023-11-30T23:00:00Z
11,164,Jakšić,179,116,295,31,10,41,25,5,30,0,2,2,35,21,56,0,0,0,0,0,0,270,154,424,2023-11-30T23:00:00Z
11,177,Kaptol,98,99,197,15,2,17,23,3,26,0,1,1,47,10,57,0,0,0,0,1,1,183,116,299,2023-11-30T23:00:00Z
11,221,Kutjevo,528,425,953,62,25,87,65,27,92,1,2,3,75,71,146,0,0,0,1,8,9,732,558,1290,2023-11-30T23:00:00Z
11,231,Lipik,743,628,1371,44,16,60,26,18,44,1,5,6,57,60,117,0,0,0,2,0,2,873,727,1600,2023-11-30T23:00:00Z
11,318,Pakrac,658,1083,1741,88,38,126,50,17,67,13,8,21,193,101,294,0,0,0,2,4,6,1004,1251,2255,2023-11-30T23:00:00Z
11,334,Pleternica,523,485,1008,101,36,137,52,12,64,4,5,9,184,124,308,0,0,0,2,8,10,866,670,1536,2023-11-30T23:00:00Z
11,35,Brestovac,105,91,196,22,2,24,13,3,16,1,1,2,29,12,41,0,0,0,0,1,1,170,110,280,2023-11-30T23:00:00Z
11,351,Požega,5044,4493,9537,322,177,499,113,39,152,40,67,107,369,362,731,0,1,1,18,26,44,5906,5165,11071,2023-11-30T23:00:00Z
11,475,Velika,426,309,735,31,19,50,21,3,24,2,3,5,44,44,88,0,0,0,0,1,1,524,379,903,2023-11-30T23:00:00Z
11,58,Čaglin,106,170,276,10,1,11,15,4,19,0,1,1,15,12,27,0,0,0,1,0,1,147,188,335,2023-11-30T23:00:00Z
12,10,Bebrina,49,54,103,16,8,24,18,4,22,2,0,2,14,10,24,0,0,0,1,0,1,100,76,176,2023-11-30T23:00:00Z
12,118,Garčin,149,168,317,32,11,43,35,20,55,0,0,0,28,34,62,0,0,0,1,0,1,245,233,478,2023-11-30T23:00:00Z
12,127,Gornji Bogićevci,58,49,107,12,2,14,9,2,11,0,0,0,21,26,47,0,0,0,0,0,0,100,79,179,2023-11-30T23:00:00Z
12,140,Gundinci,78,47,125,14,5,19,52,24,76,0,0,0,19,10,29,0,0,0,0,0,0,163,86,249,2023-11-30T23:00:00Z
12,185,Klakar,108,73,181,12,6,18,21,5,26,0,1,1,14,25,39,0,0,0,1,0,1,156,110,266,2023-11-30T23:00:00Z
12,284,Nova Gradiška,2381,2211,4592,164,101,265,26,16,42,20,18,38,279,318,597,0,0,0,1,7,8,2871,2671,5542,2023-11-30T23:00:00Z
12,285,Nova Kapela,157,176,333,31,16,47,20,7,27,2,3,5,53,53,106,0,0,0,1,2,3,264,257,521,2023-11-30T23:00:00Z
12,299,Okučani,227,155,382,36,6,42,11,3,14,0,0,0,50,19,69,0,0,0,1,2,3,325,185,510,2023-11-30T23:00:00Z
12,303,Oprisavci,334,183,517,13,2,15,37,11,48,1,0,1,9,20,29,0,0,0,0,0,0,394,216,610,2023-11-30T23:00:00Z
12,309,Oriovac,296,302,598,45,22,67,22,16,38,2,3,5,56,52,108,0,0,0,2,4,6,423,399,822,2023-11-30T23:00:00Z
12,338,Podcrkavlje,36,40,76,18,2,20,8,2,10,0,1,1,17,6,23,0,0,0,0,2,2,79,53,132,2023-11-30T23:00:00Z
12,372,Rešetari,212,225,437,39,11,50,17,6,23,3,1,4,80,49,129,0,0,0,1,0,1,352,292,644,2023-11-30T23:00:00Z
12,388,Sibinj,204,207,411,71,20,91,19,2,21,0,0,0,68,48,116,0,0,0,2,4,6,364,281,645,2023-11-30T23:00:00Z
12,39,Brodski Stupnik,73,65,138,17,10,27,9,2,11,1,0,1,70,40,110,0,0,0,1,0,1,171,117,288,2023-11-30T23:00:00Z
12,396,Slavonski Brod,14682,9860,24542,672,377,1049,43,27,70,69,82,151,978,966,1944,0,0,0,19,23,42,16463,11335,27798,2023-11-30T23:00:00Z
12,397,Slavonski Šamac,81,55,136,11,3,14,17,9,26,0,1,1,24,7,31,0,0,0,0,0,0,133,75,208,2023-11-30T23:00:00Z
12,412,Stara Gradiška,162,92,254,7,4,11,6,4,10,0,0,0,21,8,29,0,0,0,0,0,0,196,108,304,2023-11-30T23:00:00Z
12,418,Staro Petrovo Selo,227,124,351,40,14,54,40,17,57,1,1,2,106,56,162,0,0,0,0,2,2,414,214,628,2023-11-30T23:00:00Z
12,46,Cernik,132,194,326,40,12,52,10,6,16,4,1,5,60,28,88,0,0,0,0,1,1,246,242,488,2023-11-30T23:00:00Z
12,476,Velika Kopanica,210,123,333,31,8,39,32,16,48,1,1,2,40,21,61,0,0,0,0,1,1,314,170,484,2023-11-30T23:00:00Z
12,506,Vrbje,39,24,63,9,2,11,21,2,23,0,0,0,18,19,37,0,0,0,0,1,1,87,48,135,2023-11-30T23:00:00Z
12,514,Vrpolje,214,106,320,28,5,33,48,16,64,0,2,2,17,20,37,0,0,0,0,1,1,307,150,457,2023-11-30T23:00:00Z
12,567,Bukovlje,158,65,223,20,11,31,2,0,2,0,0,0,12,17,29,0,0,0,1,3,4,193,96,289,2023-11-30T23:00:00Z
12,568,Dragalić,31,48,79,8,0,8,6,2,8,0,0,0,6,5,11,0,0,0,0,0,0,51,55,106,2023-11-30T23:00:00Z
12,569,Gornja Vrba,421,155,576,21,6,27,2,2,4,1,1,2,21,26,47,0,0,0,0,1,1,466,191,657,2023-11-30T23:00:00Z
12,570,Sikirevci,42,50,92,23,9,32,38,13,51,0,0,0,10,8,18,0,0,0,2,1,3,115,81,196,2023-11-30T23:00:00Z
12,68,Davor,132,84,216,14,7,21,14,4,18,1,0,1,16,24,40,0,0,0,0,1,1,177,120,297,2023-11-30T23:00:00Z
12,81,Donji Andrijevci,188,133,321,26,16,42,22,5,27,0,1,1,26,17,43,0,0,0,1,0,1,263,172,435,2023-11-30T23:00:00Z
13,131,Gračac,262,226,488,23,15,38,74,34,108,2,1,3,47,42,89,0,0,0,4,4,8,412,322,734,2023-11-30T23:00:00Z
13,167,Jasenice,167,82,249,17,2,19,9,4,13,1,0,1,14,6,20,0,0,0,1,5,6,209,99,308,2023-11-30T23:00:00Z
13,17,Benkovac,1267,1073,2340,121,49,170,100,62,162,15,10,25,237,122,359,0,0,0,10,6,16,1750,1322,3072,2023-11-30T23:00:00Z
13,173,Kali,333,130,463,24,16,40,2,1,3,17,0,17,40,28,68,0,0,0,0,2,2,416,177,593,2023-11-30T23:00:00Z
13,20,Bibinje,236,195,431,67,29,96,3,1,4,5,4,9,79,58,137,0,0,0,2,2,4,392,289,681,2023-11-30T23:00:00Z
13,22,Biograd Na Moru,1181,1433,2614,165,73,238,27,19,46,20,9,29,151,215,366,0,0,0,14,19,33,1558,1768,3326,2023-11-30T23:00:00Z
13,234,Lišane Ostrovičke,30,31,61,9,2,11,2,1,3,0,0,0,8,8,16,0,0,0,0,0,0,49,42,91,2023-11-30T23:00:00Z
13,282,Nin,529,354,883,47,16,63,9,6,15,7,1,8,46,35,81,0,0,0,27,65,92,665,477,1142,2023-11-30T23:00:00Z
13,296,Obrovac,409,270,679,39,10,49,48,9,57,3,4,7,15,28,43,0,0,0,4,7,11,518,328,846,2023-11-30T23:00:00Z
13,316,Pag,537,432,969,63,29,92,37,14,51,7,5,12,67,56,123,0,0,0,13,28,41,724,564,1288,2023-11-30T23:00:00Z
13,317,Pakoštane,394,339,733,69,24,93,13,18,31,8,4,12,115,61,176,0,0,0,29,36,65,628,482,1110,2023-11-30T23:00:00Z
13,320,Pašman,123,109,232,44,12,56,6,6,12,24,0,24,41,29,70,0,0,0,1,3,4,239,159,398,2023-11-30T23:00:00Z
13,344,Polača,113,74,187,17,9,26,6,2,8,4,0,4,18,13,31,0,0,0,2,3,5,160,101,261,2023-11-30T23:00:00Z
13,345,Poličnik,534,397,931,62,15,77,10,9,19,5,2,7,66,25,91,0,0,0,1,1,2,678,449,1127,2023-11-30T23:00:00Z
13,349,Posedarje,152,187,339,46,17,63,7,7,14,9,2,11,44,42,86,0,0,0,2,5,7,260,260,520,2023-11-30T23:00:00Z
13,354,Preko,299,438,737,57,19,76,7,4,11,23,3,26,43,25,68,0,0,0,8,10,18,437,499,936,2023-11-30T23:00:00Z
13,371,Ražanac,96,117,213,24,9,33,9,6,15,9,0,9,37,20,57,0,0,0,6,0,6,181,152,333,2023-11-30T23:00:00Z
13,379,Sali,172,158,330,39,12,51,6,2,8,6,2,8,29,23,52,0,0,0,0,4,4,252,201,453,2023-11-30T23:00:00Z
13,411,Stankovci,225,167,392,45,6,51,5,3,8,0,1,1,37,14,51,0,0,0,0,2,2,312,193,505,2023-11-30T23:00:00Z
13,416,Starigrad,153,148,301,40,29,69,9,3,12,1,0,1,38,34,72,0,0,0,2,12,14,243,226,469,2023-11-30T23:00:00Z
13,425,Sukošan,474,326,800,77,22,99,14,6,20,4,1,5,66,59,125,0,0,0,1,9,10,636,423,1059,2023-11-30T23:00:00Z
13,428,Sveti Filip I Jakov,237,355,592,45,22,67,10,2,12,10,4,14,37,38,75,0,0,0,4,9,13,343,430,773,2023-11-30T23:00:00Z
13,445,Škabrnje,89,70,159,34,5,39,5,3,8,3,0,3,17,8,25,0,0,0,2,2,4,150,88,238,2023-11-30T23:00:00Z
13,489,Vir,303,313,616,56,20,76,1,2,3,3,1,4,43,37,80,0,0,0,4,4,8,410,377,787,2023-11-30T23:00:00Z
13,520,Zadar,15575,16754,32329,1237,733,1970,50,30,80,645,212,857,1337,1490,2827,4,0,4,140,157,297,18988,19376,38364,2023-11-30T23:00:00Z
13,525,Zemunik Donji,154,181,335,24,8,32,4,4,8,0,0,0,32,12,44,0,0,0,51,96,147,265,301,566,2023-11-30T23:00:00Z
13,537,Novigrad,82,96,178,30,4,34,6,6,12,4,1,5,23,13,36,0,0,0,2,2,4,147,122,269,2023-11-30T23:00:00Z
13,571,Galovac,41,68,109,17,2,19,3,5,8,2,2,4,15,10,25,0,0,0,0,0,0,78,87,165,2023-11-30T23:00:00Z
13,572,Kukljica,44,39,83,23,0,23,1,0,1,2,1,3,18,6,24,0,0,0,1,0,1,89,46,135,2023-11-30T23:00:00Z
13,573,Povljana,50,41,91,12,6,18,5,1,6,3,0,3,9,7,16,0,0,0,0,4,4,79,59,138,2023-11-30T23:00:00Z
13,574,Privlaka,141,137,278,24,14,38,2,2,4,7,1,8,24,7,31,0,0,0,4,1,5,202,162,364,2023-11-30T23:00:00Z
13,575,Tkon,114,67,181,26,7,33,2,1,3,3,0,3,42,27,69,0,0,0,2,1,3,189,103,292,2023-11-30T23:00:00Z
13,622,Kolan,139,85,224,17,4,21,6,2,8,0,0,0,16,13,29,0,0,0,4,0,4,182,104,286,2023-11-30T23:00:00Z
13,625,Vrsi,134,48,182,18,9,27,5,3,8,14,0,14,25,32,57,0,0,0,3,1,4,199,93,292,2023-11-30T23:00:00Z
14,103,Đakovo,3002,2996,5998,510,238,748,225,93,318,28,35,63,598,571,1169,0,0,0,9,16,25,4372,3949,8321,2023-11-30T23:00:00Z
14,106,Đurđenovac,499,504,1003,44,13,57,18,12,30,0,5,5,62,48,110,0,0,0,4,0,4,627,582,1209,2023-11-30T23:00:00Z
14,110,Erdut,341,250,591,39,14,53,53,13,66,2,4,6,59,41,100,0,0,0,0,2,2,494,324,818,2023-11-30T23:00:00Z
14,111,Ernestinovo,85,189,274,4,5,9,23,5,28,1,1,2,10,7,17,0,0,0,1,0,1,124,207,331,2023-11-30T23:00:00Z
14,116,Feričanci,129,115,244,27,6,33,3,0,3,0,1,1,39,17,56,0,0,0,0,1,1,198,140,338,2023-11-30T23:00:00Z
14,124,Gorjani,144,145,289,18,8,26,10,6,16,0,0,0,10,5,15,0,0,0,0,0,0,182,164,346,2023-11-30T23:00:00Z
14,13,Beli Manastir,1066,1160,2226,105,51,156,70,37,107,8,14,22,126,101,227,1,0,1,0,1,1,1376,1364,2740,2023-11-30T23:00:00Z
14,16,Belišće,1727,611,2338,79,42,121,25,6,31,8,9,17,87,95,182,0,0,0,0,1,1,1926,764,2690,2023-11-30T23:00:00Z
14,195,Kneževi Vinogradi,226,287,513,32,6,38,32,7,39,1,2,3,64,72,136,0,0,0,1,0,1,356,374,730,2023-11-30T23:00:00Z
14,2,Antunovac,186,157,343,35,13,48,12,7,19,0,0,0,17,19,36,0,0,0,0,1,1,250,197,447,2023-11-30T23:00:00Z
14,205,Koška,188,137,325,23,7,30,27,6,33,2,1,3,31,26,57,0,0,0,5,3,8,276,180,456,2023-11-30T23:00:00Z
14,21,Bilje,304,296,600,49,27,76,19,12,31,1,3,4,60,42,102,0,0,0,0,2,2,433,382,815,2023-11-30T23:00:00Z
14,23,Bizovac,251,222,473,24,11,35,24,8,32,2,4,6,30,34,64,0,0,0,4,11,15,335,290,625,2023-11-30T23:00:00Z
14,230,Levanjska Varoš,34,27,61,3,2,5,7,5,12,0,0,0,2,4,6,0,0,0,0,0,0,46,38,84,2023-11-30T23:00:00Z
14,257,Marijanci,88,73,161,6,5,11,11,0,11,0,0,0,14,20,34,0,0,0,0,1,1,119,99,218,2023-11-30T23:00:00Z
14,271,Moslavina Podravska,17,18,35,4,2,6,15,5,20,0,0,0,17,9,26,0,0,0,0,0,0,53,34,87,2023-11-30T23:00:00Z
14,278,Našice,2269,1829,4098,191,99,290,62,29,91,24,33,57,213,252,465,0,0,0,7,7,14,2766,2249,5015,2023-11-30T23:00:00Z
14,312,Osijek,24710,23122,47832,1018,739,1757,126,51,177,164,187,351,789,1164,1953,2,1,3,24,46,70,26833,25310,52143,2023-11-30T23:00:00Z
14,325,Petlovac,56,57,113,6,4,10,12,0,12,0,0,0,16,8,24,0,0,0,0,0,0,90,69,159,2023-11-30T23:00:00Z
14,327,Petrijevci,248,183,431,19,5,24,4,2,6,0,1,1,8,8,16,1,0,1,1,1,2,281,200,481,2023-11-30T23:00:00Z
14,340,Podgorač,113,77,190,25,9,34,24,4,28,1,1,2,17,35,52,0,0,0,0,0,0,180,126,306,2023-11-30T23:00:00Z
14,346,Popovac,48,48,96,2,3,5,5,2,7,1,0,1,3,1,4,0,0,0,0,0,0,59,54,113,2023-11-30T23:00:00Z
14,361,Punitovci,48,67,115,22,6,28,14,3,17,0,0,0,36,8,44,0,0,0,0,0,0,120,84,204,2023-11-30T23:00:00Z
14,381,Satnica Đakovačka,133,85,218,20,7,27,9,2,11,0,0,0,44,25,69,0,0,0,0,0,0,206,119,325,2023-11-30T23:00:00Z
14,386,Semeljci,201,196,397,46,16,62,48,19,67,2,1,3,71,33,104,0,0,0,0,2,2,368,267,635,2023-11-30T23:00:00Z
14,421,Strizivojna,307,300,607,19,11,30,15,5,20,0,0,0,19,12,31,0,0,0,0,1,1,360,329,689,2023-11-30T23:00:00Z
14,461,Trnava,52,66,118,5,3,8,12,3,15,0,0,0,10,4,14,0,0,0,0,0,0,79,76,155,2023-11-30T23:00:00Z
14,471,Valpovo,873,1118,1991,99,69,168,53,17,70,14,16,30,88,121,209,0,0,0,7,14,21,1134,1355,2489,2023-11-30T23:00:00Z
14,485,Viljevo,61,63,124,11,0,11,19,4,23,0,0,0,16,12,28,0,0,0,0,1,1,107,80,187,2023-11-30T23:00:00Z
14,494,Viškovci,280,190,470,24,6,30,14,4,18,0,0,0,17,9,26,0,0,0,1,0,1,336,209,545,2023-11-30T23:00:00Z
14,517,Vuka,31,46,77,17,2,19,12,4,16,0,0,0,21,13,34,0,0,0,0,0,0,81,65,146,2023-11-30T23:00:00Z
14,576,Donja Motičina,20,15,35,12,4,16,1,1,2,0,1,1,16,6,22,0,0,0,0,0,0,49,27,76,2023-11-30T23:00:00Z
14,578,Magadenovac,84,110,194,5,4,9,21,9,30,0,1,1,18,15,33,0,0,0,0,0,0,128,139,267,2023-11-30T23:00:00Z
14,579,Vladislavci,129,79,208,4,0,4,5,6,11,0,0,0,10,2,12,0,0,0,0,0,0,148,87,235,2023-11-30T23:00:00Z
14,609,Jagodnjak,106,69,175,8,2,10,25,6,31,0,0,0,11,5,16,0,0,0,0,0,0,150,82,232,2023-11-30T23:00:00Z
14,614,Šodolovci,26,12,38,0,0,0,0,0,0,0,0,0,9,4,13,0,0,0,0,0,0,35,16,51,2023-11-30T23:00:00Z
14,64,Čeminac,68,77,145,13,0,13,4,2,6,0,0,0,24,14,38,0,0,0,0,0,0,109,93,202,2023-11-30T23:00:00Z
14,65,Čepin,821,575,1396,102,42,144,61,29,90,4,5,9,97,103,200,0,0,0,1,1,2,1086,755,1841,2023-11-30T23:00:00Z
14,66,Darda,1814,855,2669,56,35,91,32,10,42,3,4,7,66,54,120,0,0,0,0,1,1,1971,959,2930,2023-11-30T23:00:00Z
14,86,Donji Miholjac,1173,1004,2177,111,65,176,166,40,206,6,10,16,151,124,275,1,0,1,1,5,6,1609,1248,2857,2023-11-30T23:00:00Z
14,91,Draž,79,100,179,10,3,13,14,5,19,0,0,0,9,11,20,0,0,0,0,1,1,112,120,232,2023-11-30T23:00:00Z
14,94,Drenje,100,101,201,32,5,37,44,8,52,0,0,0,17,17,34,0,0,0,0,0,0,193,131,324,2023-11-30T23:00:00Z
15,113,Ervenik,34,41,75,2,0,2,3,1,4,0,0,0,4,3,7,0,0,0,0,0,0,43,45,88,2023-11-30T23:00:00Z
15,183,Kijevo,26,27,53,2,0,2,0,0,0,0,0,0,0,0,0,0,0,0,0,0,0,28,27,55,2023-11-30T23:00:00Z
15,184,Kistanje,69,78,147,17,4,21,1,2,3,2,0,2,14,11,25,0,0,0,0,0,0,103,95,198,2023-11-30T23:00:00Z
15,196,Knin,1321,1454,2775,135,75,210,68,20,88,31,5,36,160,148,308,0,0,0,3,4,7,1718,1706,3424,2023-11-30T23:00:00Z
15,298,Promina,120,93,213,1,1,2,1,2,3,0,0,0,1,1,2,0,0,0,0,1,1,123,98,221,2023-11-30T23:00:00Z
15,310,Biskupija,127,21,148,1,0,1,2,0,2,1,0,1,1,2,3,0,0,0,0,1,1,132,24,156,2023-11-30T23:00:00Z
15,357,Primošten,257,295,552,109,29,138,6,2,8,5,1,6,35,34,69,0,1,1,7,10,17,419,372,791,2023-11-30T23:00:00Z
15,377,Ružić,29,27,56,5,2,7,5,5,10,0,0,0,2,12,14,0,0,0,0,0,0,41,46,87,2023-11-30T23:00:00Z
15,394,Skradin,140,151,291,49,15,64,19,8,27,3,2,5,32,36,68,0,0,0,2,7,9,245,219,464,2023-11-30T23:00:00Z
15,444,Šibenik,8306,8491,16797,690,365,1055,29,13,42,211,100,311,617,663,1280,0,0,0,36,70,106,9889,9702,19591,2023-11-30T23:00:00Z
15,454,Tisno,359,289,648,94,30,124,7,0,7,10,3,13,54,49,103,0,0,0,5,10,15,529,381,910,2023-11-30T23:00:00Z
15,469,Unešić,55,52,107,11,0,11,4,1,5,1,0,1,13,6,19,0,0,0,0,0,0,84,59,143,2023-11-30T23:00:00Z
15,500,Vodice,1059,1080,2139,303,124,427,14,7,21,14,12,26,264,175,439,0,0,0,12,23,35,1666,1421,3087,2023-11-30T23:00:00Z
15,51,Civljane,55,7,62,1,1,2,0,0,0,0,0,0,2,2,4,0,0,0,0,0,0,58,10,68,2023-11-30T23:00:00Z
15,581,Pirovac,153,164,317,35,17,52,6,4,10,5,1,6,60,39,99,0,0,0,1,0,1,260,225,485,2023-11-30T23:00:00Z
15,582,Rogoznica,287,262,549,48,17,65,1,1,2,6,1,7,47,35,82,0,0,0,3,3,6,392,319,711,2023-11-30T23:00:00Z
15,617,Murter,260,245,505,63,33,96,3,1,4,15,3,18,62,46,108,0,0,0,23,22,45,426,350,776,2023-11-30T23:00:00Z
15,621,Bilice,101,42,143,27,8,35,0,0,0,6,0,6,24,9,33,0,0,0,0,0,0,158,59,217,2023-11-30T23:00:00Z
15,626,Tribunj,91,102,193,21,12,33,1,0,1,5,0,5,67,29,96,0,0,0,1,0,1,186,143,329,2023-11-30T23:00:00Z
15,95,Drniš,936,633,1569,68,56,124,55,24,79,7,7,14,93,83,176,0,0,0,1,2,3,1160,805,1965,2023-11-30T23:00:00Z
16,1,Andrijaševci,72,123,195,24,13,37,13,4,17,1,1,2,31,31,62,0,0,0,1,5,6,142,177,319,2023-11-30T23:00:00Z
16,137,Gradište,89,105,194,19,4,23,29,5,34,0,1,1,19,14,33,0,0,0,0,1,1,156,130,286,2023-11-30T23:00:00Z
16,141,Gunja,224,125,349,27,9,36,48,15,63,1,0,1,43,12,55,0,0,0,0,3,3,343,164,507,2023-11-30T23:00:00Z
16,154,Ilok,461,561,1022,71,23,94,53,17,70,2,2,4,107,96,203,1,0,1,1,0,1,696,699,1395,2023-11-30T23:00:00Z
16,159,Ivankovo,372,429,801,71,32,103,53,13,66,2,5,7,109,76,185,0,0,0,3,3,6,610,558,1168,2023-11-30T23:00:00Z
16,166,Jarmina,35,70,105,19,12,31,28,10,38,0,1,1,21,31,52,0,0,0,0,2,2,103,126,229,2023-11-30T23:00:00Z
16,239,Lovas,60,59,119,6,0,6,13,1,14,0,0,0,4,7,11,0,0,0,0,0,0,83,67,150,2023-11-30T23:00:00Z
16,26,Bogdanovci,29,16,45,4,0,4,7,4,11,0,0,0,17,3,20,0,0,0,0,0,0,57,23,80,2023-11-30T23:00:00Z
16,29,Borovo,67,93,160,49,15,64,26,6,32,1,3,4,61,76,137,0,0,0,3,1,4,207,194,401,2023-11-30T23:00:00Z
16,294,Nuštar,272,306,578,45,21,66,21,6,27,3,1,4,54,30,84,0,0,0,0,2,2,395,366,761,2023-11-30T23:00:00Z
16,295,Nijemci,216,227,443,26,8,34,87,21,108,0,1,1,69,35,104,0,0,0,0,2,2,398,294,692,2023-11-30T23:00:00Z
16,3,Babina Greda,165,203,368,34,17,51,76,27,103,3,0,3,36,39,75,0,0,0,0,0,0,314,286,600,2023-11-30T23:00:00Z
16,32,Bošnjaci,116,111,227,26,7,33,29,5,34,3,0,3,39,40,79,0,0,0,0,0,0,213,163,376,2023-11-30T23:00:00Z
16,414,Stari Jankovci,131,119,250,20,2,22,43,9,52,2,0,2,31,18,49,0,0,0,1,1,2,228,149,377,2023-11-30T23:00:00Z
16,415,Stari Mikanovci,109,130,239,24,9,33,26,13,39,4,1,5,34,42,76,0,0,0,1,0,1,198,195,393,2023-11-30T23:00:00Z
16,44,Cerna,469,231,700,46,30,76,52,18,70,1,1,2,60,73,133,0,0,0,1,0,1,629,353,982,2023-11-30T23:00:00Z
16,456,Tompojevci,19,41,60,15,5,20,39,10,49,0,0,0,12,13,25,0,0,0,0,0,0,85,69,154,2023-11-30T23:00:00Z
16,458,Tordinci,101,92,193,4,1,5,9,0,9,0,0,0,6,13,19,0,0,0,0,0,0,120,106,226,2023-11-30T23:00:00Z
16,459,Tovarnik,205,131,336,20,3,23,45,23,68,1,1,2,12,27,39,0,0,0,0,0,0,283,185,468,2023-11-30T23:00:00Z
16,464,Trpinja,108,190,298,28,11,39,79,17,96,1,0,1,32,23,55,0,0,0,0,1,1,248,242,490,2023-11-30T23:00:00Z
16,487,Vinkovci,7975,6574,14549,321,219,540,46,25,71,55,48,103,466,619,1085,1,0,1,9,16,25,8873,7501,16374,2023-11-30T23:00:00Z
16,505,Vrbanja,326,144,470,30,13,43,62,15,77,1,1,2,42,37,79,0,0,0,0,2,2,461,212,673,2023-11-30T23:00:00Z
16,518,Vukovar,4530,4736,9266,313,176,489,112,37,149,25,25,50,418,399,817,0,0,0,0,7,7,5398,5380,10778,2023-11-30T23:00:00Z
16,534,Županja,2014,1486,3500,140,62,202,40,16,56,21,16,37,156,185,341,1,0,1,5,9,14,2377,1774,4151,2023-11-30T23:00:00Z
16,535,Otok (Vinkovci),415,315,730,37,22,59,60,11,71,6,1,7,75,62,137,0,0,0,0,2,2,593,413,1006,2023-11-30T23:00:00Z
16,583,Privlaka,89,79,168,21,8,29,23,9,32,0,2,2,17,19,36,0,0,0,1,0,1,151,117,268,2023-11-30T23:00:00Z
16,584,Vođinci,57,162,219,14,3,17,6,5,11,0,1,1,15,19,34,0,0,0,0,0,0,92,190,282,2023-11-30T23:00:00Z
16,610,Markušica,37,54,91,12,4,16,47,16,63,0,1,1,14,11,25,0,0,0,2,0,2,112,86,198,2023-11-30T23:00:00Z
16,612,Negoslavci,17,12,29,7,1,8,10,3,13,1,0,1,12,13,25,0,0,0,0,0,0,47,29,76,2023-11-30T23:00:00Z
16,628,Štitar,97,79,176,9,0,9,12,3,15,0,0,0,12,5,17,0,0,0,0,0,0,130,87,217,2023-11-30T23:00:00Z
16,92,Drenovci,107,175,282,39,3,42,113,35,148,3,1,4,40,52,92,0,0,0,1,2,3,303,268,571,2023-11-30T23:00:00Z
17,100,Dugi Rat,668,644,1312,83,32,115,0,2,2,25,3,28,162,109,271,0,0,0,18,9,27,956,799,1755,2023-11-30T23:00:00Z
17,134,Gradac,151,160,311,44,13,57,4,1,5,2,1,3,20,28,48,0,0,0,9,21,30,230,224,454,2023-11-30T23:00:00Z
17,148,Hrvace,315,176,491,53,20,73,11,7,18,2,4,6,54,37,91,0,0,0,1,2,3,436,246,682,2023-11-30T23:00:00Z
17,153,Hvar,591,580,1171,178,74,252,19,12,31,18,4,22,139,130,269,3,0,3,70,69,139,1018,869,1887,2023-11-30T23:00:00Z
17,155,Imotski,1412,1406,2818,191,96,287,13,8,21,27,16,43,136,183,319,0,0,0,8,12,20,1787,1721,3508,2023-11-30T23:00:00Z
17,171,Jelsa,344,304,648,89,32,121,41,22,63,13,1,14,103,54,157,0,1,1,16,10,26,606,424,1030,2023-11-30T23:00:00Z
17,181,Kaštela,3809,4089,7898,539,288,827,26,13,39,120,43,163,529,564,1093,0,0,0,95,37,132,5118,5034,10152,2023-11-30T23:00:00Z
17,192,Klis,260,203,463,31,9,40,9,2,11,20,2,22,52,28,80,0,0,0,1,3,4,373,247,620,2023-11-30T23:00:00Z
17,197,Komiža,131,138,269,62,18,80,6,2,8,4,2,6,21,19,40,0,0,0,16,21,37,240,200,440,2023-11-30T23:00:00Z
17,243,Lovreć,155,78,233,16,8,24,4,1,5,1,0,1,33,14,47,0,0,0,1,3,4,210,104,314,2023-11-30T23:00:00Z
17,249,Makarska,2619,2548,5167,283,181,464,2,1,3,49,31,80,341,335,676,1,0,1,91,108,199,3386,3204,6590,2023-11-30T23:00:00Z
17,258,Marina,218,236,454,69,29,98,6,5,11,10,0,10,43,42,85,1,0,1,5,6,11,352,318,670,2023-11-30T23:00:00Z
17,267,Milna,82,91,173,26,7,33,7,2,9,7,0,7,17,16,33,0,0,0,1,4,5,140,120,260,2023-11-30T23:00:00Z
17,27,Bol,308,367,675,52,21,73,6,3,9,4,4,8,61,23,84,0,0,0,6,11,17,437,429,866,2023-11-30T23:00:00Z
17,280,Nerežišća,140,66,206,21,4,25,2,2,4,1,0,1,26,18,44,0,0,0,0,1,1,190,91,281,2023-11-30T23:00:00Z
17,300,Omiš,1608,1686,3294,255,99,354,13,6,19,34,14,48,287,260,547,1,0,1,17,36,53,2215,2101,4316,2023-11-30T23:00:00Z
17,314,Otok,213,194,407,76,23,99,10,1,11,4,1,5,92,46,138,0,0,0,2,1,3,397,266,663,2023-11-30T23:00:00Z
17,337,Podbablje,278,207,485,40,4,44,6,0,6,3,3,6,23,34,57,0,0,0,0,3,3,350,251,601,2023-11-30T23:00:00Z
17,339,Podgora,203,179,382,47,14,61,2,0,2,1,0,1,32,26,58,0,0,0,39,33,72,324,252,576,2023-11-30T23:00:00Z
17,341,Podstrana,894,748,1642,68,33,101,13,3,16,45,4,49,73,89,162,1,0,1,11,28,39,1105,905,2010,2023-11-30T23:00:00Z
17,350,Postira,295,264,559,31,16,47,7,2,9,1,3,4,19,8,27,0,0,0,0,2,2,353,295,648,2023-11-30T23:00:00Z
17,358,Pučišća,211,133,344,54,9,63,14,4,18,7,0,7,33,14,47,0,0,0,1,3,4,320,163,483,2023-11-30T23:00:00Z
17,382,Seget,478,378,856,45,8,53,5,3,8,10,2,12,181,71,252,0,0,0,20,27,47,739,489,1228,2023-11-30T23:00:00Z
17,383,Selca,125,111,236,56,18,74,11,5,16,5,1,6,67,28,95,0,0,0,1,3,4,265,166,431,2023-11-30T23:00:00Z
17,389,Sinj,1959,2015,3974,387,174,561,61,18,79,40,38,78,341,371,712,0,0,0,7,10,17,2795,2626,5421,2023-11-30T23:00:00Z
17,406,Solin,3894,3179,7073,300,186,486,13,8,21,124,40,164,346,302,648,0,0,0,11,13,24,4688,3728,8416,2023-11-30T23:00:00Z
17,409,Split,36056,39579,75635,1786,1266,3052,65,43,108,2250,426,2676,1532,2152,3684,8,2,10,194,244,438,41891,43712,85603,2023-11-30T23:00:00Z
17,413,Stari Grad,359,328,687,71,26,97,20,18,38,6,2,8,53,33,86,0,0,0,24,24,48,533,431,964,2023-11-30T23:00:00Z
17,423,Sućuraj,31,26,57,22,2,24,2,1,3,0,0,0,12,7,19,0,0,0,1,0,1,68,36,104,2023-11-30T23:00:00Z
17,427,Supetar,569,766,1335,136,70,206,21,8,29,26,11,37,109,132,241,0,0,0,13,3,16,874,990,1864,2023-11-30T23:00:00Z
17,443,Šestanovac,165,146,311,33,8,41,13,2,15,1,2,3,14,21,35,0,0,0,2,1,3,228,180,408,2023-11-30T23:00:00Z
17,447,Šolta,185,132,317,19,11,30,12,4,16,9,0,9,12,12,24,0,0,0,10,12,22,247,171,418,2023-11-30T23:00:00Z
17,460,Trilj,557,595,1152,168,48,216,25,10,35,10,1,11,123,127,250,1,0,1,1,8,9,885,789,1674,2023-11-30T23:00:00Z
17,463,Trogir,1995,1924,3919,357,168,525,16,6,22,60,37,97,319,398,717,0,0,0,28,75,103,2775,2608,5383,2023-11-30T23:00:00Z
17,492,Vis,269,266,535,68,21,89,12,4,16,3,1,4,35,24,59,0,0,0,19,13,32,406,329,735,2023-11-30T23:00:00Z
17,50,Cista Provo,118,149,267,28,5,33,8,1,9,1,0,1,4,11,15,0,0,0,0,4,4,159,170,329,2023-11-30T23:00:00Z
17,511,Vrgorac,1006,739,1745,55,30,85,27,15,42,5,6,11,49,75,124,0,0,0,1,5,6,1143,870,2013,2023-11-30T23:00:00Z
17,513,Vrlika,95,209,304,15,3,18,13,9,22,2,0,2,26,10,36,0,0,0,0,0,0,151,231,382,2023-11-30T23:00:00Z
17,522,Zagvozd,141,82,223,22,3,25,2,1,3,0,0,0,15,8,23,0,0,0,0,0,0,180,94,274,2023-11-30T23:00:00Z
17,528,Zmijavci,103,122,225,8,4,12,0,1,1,3,0,3,30,10,40,0,0,0,0,1,1,144,138,282,2023-11-30T23:00:00Z
17,585,Dugopolje,1723,979,2702,52,16,68,5,2,7,5,2,7,58,29,87,0,0,0,1,0,1,1844,1028,2872,2023-11-30T23:00:00Z
17,586,Lećevica,13,17,30,8,0,8,2,2,4,0,0,0,1,0,1,0,0,0,0,0,0,24,19,43,2023-11-30T23:00:00Z
17,587,Lokvičići,36,18,54,2,0,2,2,0,2,0,0,0,2,0,2,0,0,0,1,0,1,43,18,61,2023-11-30T23:00:00Z
17,588,Okrug,160,222,382,40,23,63,1,0,1,9,5,14,109,28,137,0,0,0,10,18,28,329,296,625,2023-11-30T23:00:00Z
17,589,Prgomet,30,22,52,7,0,7,1,0,1,1,0,1,3,0,3,0,0,0,0,0,0,42,22,64,2023-11-30T23:00:00Z
17,590,Primorski Dolac,22,38,60,4,3,7,1,1,2,0,1,1,2,4,6,0,0,0,0,0,0,29,47,76,2023-11-30T23:00:00Z
17,591,Runovići,69,68,137,17,2,19,1,2,3,0,2,2,29,32,61,0,0,0,0,1,1,116,107,223,2023-11-30T23:00:00Z
17,592,Sutivan,120,74,194,20,9,29,4,1,5,6,2,8,22,7,29,0,0,0,3,3,6,175,96,271,2023-11-30T23:00:00Z
17,593,Tučepi,259,254,513,20,13,33,1,1,2,2,3,5,34,20,54,0,0,0,4,9,13,320,300,620,2023-11-30T23:00:00Z
17,595,Zadvarje,46,32,78,7,1,8,1,1,2,0,0,0,5,6,11,0,0,0,0,2,2,59,42,101,2023-11-30T23:00:00Z
17,72,Dicmo,487,212,699,43,16,59,5,2,7,1,1,2,27,41,68,0,0,0,2,0,2,565,272,837,2023-11-30T23:00:00Z
17,77,Brela,203,251,454,24,11,35,0,1,1,2,1,3,21,24,45,0,0,0,3,6,9,253,294,547,2023-11-30T23:00:00Z
17,87,Muć,188,215,403,22,5,27,3,3,6,2,3,5,15,11,26,0,0,0,0,1,1,230,238,468,2023-11-30T23:00:00Z
17,88,Proložac,226,163,389,27,9,36,3,4,7,0,0,0,39,25,64,0,0,0,6,1,7,301,202,503,2023-11-30T23:00:00Z
17,9,Baška Voda,233,239,472,57,26,83,1,0,1,4,4,8,47,46,93,0,0,0,13,36,49,355,351,706,2023-11-30T23:00:00Z
18,132,Gračišće,55,26,81,33,6,39,10,3,13,1,0,1,35,11,46,0,0,0,0,0,0,134,46,180,2023-11-30T23:00:00Z
18,138,Grožnjan,28,31,59,20,2,22,11,4,15,0,0,0,7,11,18,0,0,0,0,1,1,66,49,115,2023-11-30T23:00:00Z
18,175,Kanfanar,603,260,863,33,14,47,5,1,6,0,0,0,18,15,33,0,0,0,1,1,2,660,291,951,2023-11-30T23:00:00Z
18,217,Kršan,325,297,622,50,13,63,10,3,13,1,0,1,131,60,191,0,0,0,1,5,6,518,378,896,2023-11-30T23:00:00Z
18,222,Labin,2664,2491,5155,255,141,396,15,8,23,27,36,63,277,226,503,0,0,0,109,139,248,3347,3041,6388,2023-11-30T23:00:00Z
18,223,Lanišće,14,12,26,3,0,3,2,0,2,0,1,1,14,5,19,0,0,0,0,0,0,33,18,51,2023-11-30T23:00:00Z
18,235,Ližnjan,199,127,326,16,7,23,3,0,3,4,2,6,26,28,54,0,0,0,6,10,16,254,174,428,2023-11-30T23:00:00Z
18,246,Lupoglav,219,109,328,11,5,16,5,2,7,0,1,1,13,10,23,0,0,0,0,0,0,248,127,375,2023-11-30T23:00:00Z
18,254,Marčana,199,203,402,41,16,57,3,5,8,4,1,5,26,22,48,0,0,0,1,0,1,274,247,521,2023-11-30T23:00:00Z
18,263,Medulin,707,650,1357,73,40,113,7,3,10,6,6,12,109,91,200,0,0,0,33,57,90,935,847,1782,2023-11-30T23:00:00Z
18,274,Motovun,108,120,228,37,16,53,16,6,22,1,1,2,41,32,73,0,0,0,4,10,14,207,185,392,2023-11-30T23:00:00Z
18,291,Novigrad,941,1019,1960,140,55,195,15,4,19,3,10,13,109,100,209,0,0,0,8,35,43,1216,1223,2439,2023-11-30T23:00:00Z
18,304,Oprtalj,65,88,153,15,7,22,12,1,13,0,0,0,10,14,24,0,0,0,2,2,4,104,112,216,2023-11-30T23:00:00Z
18,321,Pazin,1984,2091,4075,325,138,463,58,28,86,13,21,34,291,221,512,0,0,0,3,10,13,2674,2509,5183,2023-11-30T23:00:00Z
18,330,Pićan,321,137,458,35,10,45,1,5,6,0,2,2,51,19,70,0,0,0,1,2,3,409,175,584,2023-11-30T23:00:00Z
18,348,Poreč,4954,4739,9693,697,370,1067,55,19,74,51,51,102,491,484,975,2,1,3,172,136,308,6422,5800,12222,2023-11-30T23:00:00Z
18,359,Pula,13185,12729,25914,1429,780,2209,71,46,117,249,166,415,952,1006,1958,1,0,1,118,112,230,16005,14839,30844,2023-11-30T23:00:00Z
18,368,Raša,309,189,498,28,9,37,1,0,1,2,1,3,42,24,66,0,0,0,2,1,3,384,224,608,2023-11-30T23:00:00Z
18,374,Rovinj,3151,3376,6527,440,230,670,31,20,51,30,37,67,452,403,855,0,0,0,52,134,186,4156,4200,8356,2023-11-30T23:00:00Z
18,40,Brtonigla,145,108,253,42,12,54,21,7,28,1,1,2,54,50,104,1,0,1,0,1,1,264,179,443,2023-11-30T23:00:00Z
18,42,Buje,837,831,1668,122,50,172,27,13,40,7,8,15,64,68,132,0,0,0,3,5,8,1060,975,2035,2023-11-30T23:00:00Z
18,43,Buzet,1580,1085,2665,176,64,240,27,13,40,4,5,9,157,98,255,0,0,0,4,7,11,1948,1272,3220,2023-11-30T23:00:00Z
18,431,Sveti Lovreč,60,58,118,24,11,35,2,0,2,0,1,1,40,15,55,0,0,0,0,0,0,126,85,211,2023-11-30T23:00:00Z
18,432,Sveta Nedelja,190,154,344,33,11,44,7,2,9,2,0,2,59,23,82,0,0,0,3,1,4,294,191,485,2023-11-30T23:00:00Z
18,433,Sveti Petar U Šumi,176,133,309,22,4,26,3,4,7,0,0,0,11,7,18,0,0,0,1,0,1,213,148,361,2023-11-30T23:00:00Z
18,435,Svetvinčenat,140,116,256,29,7,36,3,0,3,0,1,1,25,21,46,0,0,0,0,1,1,197,146,343,2023-11-30T23:00:00Z
18,453,Tinjan,201,84,285,39,9,48,6,1,7,1,3,4,57,33,90,0,0,0,1,0,1,305,130,435,2023-11-30T23:00:00Z
18,468,Umag,2865,2396,5261,433,197,630,31,16,47,44,31,75,307,310,617,0,0,0,21,37,58,3701,2987,6688,2023-11-30T23:00:00Z
18,47,Cerovlje,135,56,191,35,5,40,5,4,9,1,0,1,24,14,38,0,0,0,0,1,1,200,80,280,2023-11-30T23:00:00Z
18,497,Višnjan,316,283,599,49,8,57,12,1,13,2,1,3,98,39,137,0,0,0,4,2,6,481,334,815,2023-11-30T23:00:00Z
18,498,Vižinada,65,58,123,31,12,43,12,4,16,0,0,0,42,36,78,0,0,0,0,1,1,150,111,261,2023-11-30T23:00:00Z
18,5,Bale,174,134,308,23,21,44,2,2,4,0,0,0,38,14,52,0,0,0,1,1,2,238,172,410,2023-11-30T23:00:00Z
18,502,Vodnjan,870,662,1532,56,30,86,9,3,12,7,3,10,79,53,132,0,1,1,2,2,4,1023,754,1777,2023-11-30T23:00:00Z
18,516,Vrsar,360,339,699,78,34,112,3,3,6,5,1,6,94,97,191,0,0,0,13,12,25,553,486,1039,2023-11-30T23:00:00Z
18,531,Žminj,505,466,971,120,50,170,13,10,23,3,5,8,85,89,174,0,0,0,4,5,9,730,625,1355,2023-11-30T23:00:00Z
18,596,Karojba,128,91,219,32,5,37,0,1,1,0,0,0,45,10,55,0,1,1,0,0,0,205,108,313,2023-11-30T23:00:00Z
18,597,Kaštelir - Labinci,150,79,229,40,20,60,8,5,13,2,0,2,51,18,69,0,0,0,0,4,4,251,126,377,2023-11-30T23:00:00Z
18,6,Barban,297,106,403,49,6,55,12,5,17,0,1,1,27,28,55,0,0,0,2,3,5,387,149,536,2023-11-30T23:00:00Z
18,619,Fažana,317,276,593,33,19,52,1,2,3,3,4,7,29,30,59,1,0,1,2,6,8,386,337,723,2023-11-30T23:00:00Z
18,629,Funtana,146,111,257,17,10,27,1,1,2,1,0,1,23,34,57,0,0,0,9,5,14,197,161,358,2023-11-30T23:00:00Z
18,631,Tar-Vabriga,204,223,427,42,17,59,4,1,5,0,1,1,35,31,66,0,0,0,0,7,7,285,280,565,2023-11-30T23:00:00Z
19,198,Konavle,1380,987,2367,187,76,263,16,13,29,37,9,46,76,107,183,0,1,1,118,89,207,1814,1282,3096,2023-11-30T23:00:00Z
19,204,Korčula,727,932,1659,130,57,187,19,5,24,103,11,114,96,91,187,0,0,0,35,50,85,1110,1146,2256,2023-11-30T23:00:00Z
19,219,Kula Norinska,36,41,77,9,1,10,1,1,2,1,0,1,6,6,12,0,0,0,0,0,0,53,49,102,2023-11-30T23:00:00Z
19,226,Lastovo,65,93,158,27,9,36,2,2,4,4,0,4,8,7,15,0,0,0,4,4,8,110,115,225,2023-11-30T23:00:00Z
19,25,Blato,582,414,996,77,20,97,14,5,19,11,8,19,154,44,198,0,0,0,10,6,16,848,497,1345,2023-11-30T23:00:00Z
19,264,Metković,2266,1814,4080,185,126,311,42,23,65,43,17,60,345,260,605,0,0,0,5,15,20,2886,2255,5141,2023-11-30T23:00:00Z
19,268,Mljet,188,112,300,15,5,20,3,0,3,1,2,3,7,11,18,0,0,0,6,3,9,220,133,353,2023-11-30T23:00:00Z
19,306,Opuzen,518,485,1003,31,24,55,65,22,87,3,1,4,26,28,54,0,0,0,3,1,4,646,561,1207,2023-11-30T23:00:00Z
19,308,Orebić,395,397,792,68,41,109,39,9,48,39,5,44,86,66,152,0,0,0,16,25,41,643,543,1186,2023-11-30T23:00:00Z
19,335,Ploče,1399,926,2325,89,60,149,32,12,44,27,5,32,110,123,233,0,0,0,1,6,7,1658,1132,2790,2023-11-30T23:00:00Z
19,343,Pojezerje,28,33,61,5,2,7,8,1,9,0,0,0,3,5,8,0,0,0,0,0,0,44,41,85,2023-11-30T23:00:00Z
19,399,Slivno,69,34,103,10,6,16,11,4,15,0,0,0,6,10,16,0,0,0,4,2,6,100,56,156,2023-11-30T23:00:00Z
19,402,Smokvica,24,81,105,13,1,14,18,5,23,7,0,7,37,5,42,0,0,0,6,9,15,105,101,206,2023-11-30T23:00:00Z
19,419,Ston,415,241,656,57,13,70,23,3,26,8,1,9,49,29,78,0,0,0,2,7,9,554,294,848,2023-11-30T23:00:00Z
19,474,Vela Luka,281,513,794,62,27,89,11,2,13,26,4,30,80,48,128,0,0,0,3,10,13,463,604,1067,2023-11-30T23:00:00Z
19,523,Zažablje,9,9,18,4,0,4,4,2,6,3,1,4,10,0,10,0,0,0,0,0,0,30,12,42,2023-11-30T23:00:00Z
19,598,Dubrovačko Primorje,150,112,262,26,5,31,2,4,6,9,2,11,45,20,65,0,0,0,2,2,4,234,145,379,2023-11-30T23:00:00Z
19,599,Janjina,52,54,106,11,4,15,9,5,14,2,2,4,13,11,24,0,0,0,3,3,6,90,79,169,2023-11-30T23:00:00Z
19,600,Lumbarda,54,54,108,37,10,47,11,2,13,6,0,6,21,21,42,1,0,1,11,11,22,141,98,239,2023-11-30T23:00:00Z
19,601,Trpanj,55,48,103,9,4,13,3,1,4,4,1,5,23,7,30,0,0,0,1,6,7,95,67,162,2023-11-30T23:00:00Z
19,602,Župa Dubrovačka,783,771,1554,143,64,207,5,7,12,56,1,57,81,83,164,0,0,0,13,13,26,1081,939,2020,2023-11-30T23:00:00Z
19,98,Dubrovnik,10208,10834,21042,848,434,1282,28,17,45,525,74,599,528,607,1135,1,1,2,174,183,357,12312,12150,24462,2023-11-30T23:00:00Z
20,123,Goričan,290,153,443,9,4,13,8,2,10,0,2,2,12,9,21,0,0,0,0,0,0,319,170,489,2023-11-30T23:00:00Z
20,15,Belica,182,219,401,24,16,40,56,30,86,1,1,2,30,42,72,0,0,0,1,2,3,294,310,604,2023-11-30T23:00:00Z
20,206,Kotoriba,520,285,805,12,5,17,4,0,4,0,4,4,12,10,22,0,0,0,0,0,0,548,304,852,2023-11-30T23:00:00Z
20,250,Mala Subotica,566,1088,1654,26,19,45,29,14,43,3,5,8,16,26,42,0,0,0,0,2,2,640,1154,1794,2023-11-30T23:00:00Z
20,276,Mursko Središće,903,809,1712,47,26,73,13,7,20,2,7,9,39,52,91,0,0,0,1,2,3,1005,903,1908,2023-11-30T23:00:00Z
20,279,Nedelišće,1584,856,2440,99,48,147,38,20,58,1,7,8,134,90,224,0,0,0,0,5,5,1856,1026,2882,2023-11-30T23:00:00Z
20,342,Podturen,213,137,350,22,8,30,17,13,30,1,2,3,55,36,91,0,0,0,0,1,1,308,197,505,2023-11-30T23:00:00Z
20,355,Prelog,2376,1669,4045,65,28,93,48,20,68,7,9,16,72,72,144,0,0,0,5,5,10,2573,1803,4376,2023-11-30T23:00:00Z
20,385,Selnica,159,166,325,13,10,23,7,5,12,1,1,2,11,14,25,0,0,0,1,0,1,192,196,388,2023-11-30T23:00:00Z
20,440,Sveti Juraj Na Bregu,308,211,519,28,16,44,14,5,19,2,4,6,39,44,83,0,0,0,0,1,1,391,281,672,2023-11-30T23:00:00Z
20,441,Sveti Martin Na Muri,659,375,1034,17,14,31,6,5,11,0,3,3,32,37,69,0,0,0,2,0,2,716,434,1150,2023-11-30T23:00:00Z
20,452,Štrigova,305,206,511,24,14,38,34,17,51,2,1,3,57,69,126,0,0,0,0,1,1,422,308,730,2023-11-30T23:00:00Z
20,504,Vratišinec,134,88,222,7,2,9,11,2,13,1,2,3,9,11,20,0,0,0,1,0,1,163,105,268,2023-11-30T23:00:00Z
20,60,Čakovec,9868,9203,19071,267,158,425,57,26,83,43,62,105,239,329,568,0,0,0,8,15,23,10482,9793,20275,2023-11-30T23:00:00Z
20,603,Dekanovec,79,80,159,6,1,7,4,4,8,0,0,0,7,2,9,0,0,0,0,1,1,96,88,184,2023-11-30T23:00:00Z
20,604,Gornji Mihaljevec,108,80,188,16,5,21,25,9,34,2,1,3,20,16,36,0,0,0,0,1,1,171,112,283,2023-11-30T23:00:00Z
20,605,Orehovica,202,161,363,16,3,19,24,8,32,1,2,3,37,20,57,0,0,0,0,2,2,280,196,476,2023-11-30T23:00:00Z
20,606,Strahoninec,291,154,445,13,7,20,3,2,5,0,0,0,35,15,50,0,0,0,1,2,3,343,180,523,2023-11-30T23:00:00Z
20,607,Sveta Marija,76,79,155,11,2,13,5,0,5,2,1,3,19,6,25,0,0,0,0,1,1,113,89,202,2023-11-30T23:00:00Z
20,608,Šenkovec,540,283,823,22,9,31,2,1,3,0,1,1,26,19,45,0,0,0,0,1,1,590,314,904,2023-11-30T23:00:00Z
20,620,Pribislavec,296,152,448,10,8,18,2,1,3,2,1,3,9,11,20,0,0,0,0,0,0,319,173,492,2023-11-30T23:00:00Z
20,75,Domašinec,251,112,363,7,8,15,20,17,37,0,1,1,16,5,21,0,0,0,1,0,1,295,143,438,2023-11-30T23:00:00Z
20,78,Donja Dubrava,196,231,427,17,6,23,5,3,8,0,1,1,13,16,29,0,0,0,0,0,0,231,257,488,2023-11-30T23:00:00Z
20,82,Donji Kraljevec,1433,648,2081,43,15,58,52,21,73,3,4,7,92,117,209,0,0,0,2,5,7,1625,810,2435,2023-11-30T23:00:00Z
20,89,Donji Vidovec,56,78,134,5,1,6,2,0,2,1,1,2,4,15,19,0,0,0,0,0,0,68,95,163,2023-11-30T23:00:00Z
21,133,Zagreb,239506,216340,455846,8706,6498,15204,283,163,446,2210,2065,4275,5394,6929,12323,51,27,78,332,522,854,256482,232544,489026,2023-11-30T23:00:00Z
01,101,Dugo Selo,2997,2057,5054,231,122,353,30,22,52,25,27,52,260,272,532,0,0,0,6,16,22,3549,2516,6065,2023-01-31T23:00:00Z
01,114,Farkaševac,150,212,362,8,3,11,26,10,36,0,2,2,37,21,58,0,0,0,1,0,1,222,248,470,2023-01-31T23:00:00Z
01,135,Gradec,145,133,278,14,1,15,11,7,18,0,2,2,52,20,72,0,0,0,0,1,1,222,164,386,2023-01-31T23:00:00Z
01,158,Ivanić-Grad,3205,1705,4910,94,72,166,49,30,79,8,21,29,138,180,318,0,0,0,5,11,16,3499,2019,5518,2023-01-31T23:00:00Z
01,163,Jakovlje,347,331,678,40,7,47,10,8,18,2,0,2,41,36,77,0,0,0,0,0,0,440,382,822,2023-01-31T23:00:00Z
01,169,Jastrebarsko,2304,1785,4089,225,112,337,47,37,84,16,20,36,265,227,492,0,0,0,5,6,11,2862,2187,5049,2023-01-31T23:00:00Z
01,190,Klinča Selo,208,193,401,37,11,48,5,4,9,0,0,0,67,47,114,0,0,0,0,2,2,317,257,574,2023-01-31T23:00:00Z
01,193,Kloštar Ivanić,397,319,716,22,9,31,20,6,26,4,10,14,47,36,83,1,0,1,3,4,7,494,384,878,2023-01-31T23:00:00Z
01,213,Križ,681,429,1110,23,19,42,17,12,29,4,4,8,21,54,75,0,0,0,2,3,5,748,521,1269,2023-01-31T23:00:00Z
01,33,Brckovljani,338,391,729,7,5,12,0,0,0,3,2,5,28,17,45,0,0,0,0,0,0,376,415,791,2023-01-31T23:00:00Z
01,331,Pisarovina,389,308,697,24,25,49,22,19,41,1,2,3,22,30,52,0,0,0,3,3,6,461,387,848,2023-01-31T23:00:00Z
01,34,Brdovec,863,773,1636,95,44,139,15,8,23,1,5,6,94,68,162,0,0,0,4,2,6,1072,900,1972,2023-01-31T23:00:00Z
01,356,Preseka,17,9,26,6,2,8,12,11,23,0,1,1,15,5,20,0,0,0,1,0,1,51,28,79,2023-01-31T23:00:00Z
01,362,Pušča,149,186,335,26,14,40,7,2,9,2,3,5,39,25,64,0,0,0,0,0,0,223,230,453,2023-01-31T23:00:00Z
01,376,Rugvica,1388,552,1940,8,7,15,3,3,6,1,2,3,19,20,39,0,0,0,0,0,0,1419,584,2003,2023-01-31T23:00:00Z
01,380,Samobor,5585,4000,9585,515,324,839,25,23,48,44,64,108,474,467,941,2,1,3,29,22,51,6674,4901,11575,2023-01-31T23:00:00Z
01,429,Sveti Ivan Zelina,2513,2044,4557,172,68,240,66,46,112,14,19,33,252,201,453,0,0,0,5,3,8,3022,2381,5403,2023-01-31T23:00:00Z
01,436,Sveta Nedjelja,5801,3560,9361,222,93,315,5,5,10,10,12,22,335,186,521,0,0,0,9,8,17,6382,3864,10246,2023-01-31T23:00:00Z
01,508,Vrbovec,2174,2086,4260,169,72,241,95,30,125,6,20,26,291,155,446,0,0,0,7,9,16,2742,2372,5114,2023-01-31T23:00:00Z
01,533,Krašić,265,184,449,26,9,35,10,10,20,2,1,3,25,22,47,0,0,0,4,1,5,332,227,559,2023-01-31T23:00:00Z
01,536,Rakovec,36,22,58,9,2,11,7,4,11,0,1,1,21,12,33,0,0,0,0,0,0,73,41,114,2023-01-31T23:00:00Z
01,539,Marija Gorica,78,108,186,14,2,16,0,0,0,1,1,2,18,21,39,0,0,0,0,0,0,111,132,243,2023-01-31T23:00:00Z
01,540,Žumberak,19,19,38,6,1,7,5,4,9,0,0,0,3,6,9,0,0,0,0,0,0,33,30,63,2023-01-31T23:00:00Z
01,541,Velika Gorica,8398,6537,14935,631,383,1014,65,31,96,54,59,113,570,519,1089,1,0,1,17,27,44,9736,7556,17292,2023-01-31T23:00:00Z
01,542,Orle,42,32,74,15,0,15,9,4,13,0,0,0,14,3,17,0,0,0,1,0,1,81,39,120,2023-01-31T23:00:00Z
01,543,Zaprešić,3347,2985,6332,215,158,373,11,12,23,33,44,77,246,239,485,0,0,0,11,12,23,3863,3450,7313,2023-01-31T23:00:00Z
01,544,Pokupsko,39,78,117,11,6,17,12,4,16,0,1,1,9,7,16,0,0,0,0,0,0,71,96,167,2023-01-31T23:00:00Z
01,545,Kravarsko,104,108,212,38,12,50,5,4,9,0,0,0,77,17,94,0,0,0,1,1,2,225,142,367,2023-01-31T23:00:00Z
01,547,Bistra,361,526,887,49,21,70,8,5,13,2,6,8,58,43,101,1,0,1,3,2,5,482,603,1085,2023-01-31T23:00:00Z
01,548,Luka,304,115,419,15,2,17,2,3,5,1,1,2,19,19,38,0,0,0,0,0,0,341,140,481,2023-01-31T23:00:00Z
01,549,Dubravica,71,43,114,15,0,15,12,4,16,0,0,0,11,17,28,0,0,0,0,0,0,109,64,173,2023-01-31T23:00:00Z
01,550,Bedenica,214,164,378,12,4,16,4,5,9,1,1,2,18,7,25,0,0,0,0,0,0,249,181,430,2023-01-31T23:00:00Z
01,551,Stupnik,1525,572,2097,30,14,44,1,1,2,2,3,5,20,28,48,0,0,0,0,1,1,1578,619,2197,2023-01-31T23:00:00Z
01,97,Dubrava,302,330,632,47,22,69,68,42,110,5,12,17,59,77,136,0,0,0,1,4,5,482,487,969,2023-01-31T23:00:00Z
02,108,Đurmanec,134,155,289,58,17,75,2,2,4,3,1,4,115,83,198,0,0,0,1,1,2,313,259,572,2023-01-31T23:00:00Z
02,11,Bedekovčina,544,750,1294,87,38,125,7,6,13,8,6,14,126,101,227,0,0,0,5,4,9,777,905,1682,2023-01-31T23:00:00Z
02,125,Gornja Stubica,239,295,534,55,16,71,6,6,12,1,1,2,70,53,123,0,0,0,3,1,4,374,372,746,2023-01-31T23:00:00Z
02,146,Hraščina,51,49,100,10,3,13,2,3,5,0,1,1,6,8,14,0,0,0,0,0,0,69,64,133,2023-01-31T23:00:00Z
02,152,Hum Na Sutli,1554,649,2203,53,28,81,4,0,4,1,7,8,261,78,339,0,0,0,2,1,3,1875,763,2638,2023-01-31T23:00:00Z
02,187,Klanjec,286,271,557,67,23,90,11,6,17,5,1,6,67,47,114,0,0,0,4,3,7,440,351,791,2023-01-31T23:00:00Z
02,200,Konjščina,427,409,836,32,20,52,1,1,2,1,2,3,46,31,77,0,0,0,0,1,1,507,464,971,2023-01-31T23:00:00Z
02,208,Kraljevec Na Sutli,76,43,119,13,4,17,3,1,4,1,0,1,17,5,22,0,0,0,0,1,1,110,54,164,2023-01-31T23:00:00Z
02,211,Krapina,2903,2365,5268,172,102,274,9,4,13,15,16,31,185,165,350,0,0,0,4,6,10,3288,2658,5946,2023-01-31T23:00:00Z
02,212,Krapinske Toplice,594,1215,1809,65,39,104,6,5,11,0,5,5,108,73,181,0,0,0,3,1,4,776,1338,2114,2023-01-31T23:00:00Z
02,236,Lobor,156,242,398,25,8,33,3,3,6,0,1,1,30,19,49,0,0,0,1,2,3,215,275,490,2023-01-31T23:00:00Z
02,248,Mače,105,79,184,29,7,36,3,4,7,1,0,1,74,34,108,0,0,0,0,0,0,212,124,336,2023-01-31T23:00:00Z
02,256,Marija Bistrica,336,354,690,68,44,112,13,6,19,0,5,5,66,67,133,0,0,0,3,2,5,486,478,964,2023-01-31T23:00:00Z
02,265,Mihovljan,91,124,215,32,7,39,3,0,3,0,0,0,66,17,83,0,0,0,1,1,2,193,149,342,2023-01-31T23:00:00Z
02,311,Oroslavje,987,827,1814,72,35,107,10,2,12,6,8,14,79,66,145,0,0,0,3,3,6,1157,941,2098,2023-01-31T23:00:00Z
02,329,Petrovsko,104,54,158,16,3,19,1,0,1,5,0,5,58,13,71,0,0,0,1,0,1,185,70,255,2023-01-31T23:00:00Z
02,352,Pregrada,810,926,1736,111,32,143,2,5,7,6,6,12,167,109,276,0,0,0,2,1,3,1098,1079,2177,2023-01-31T23:00:00Z
02,364,Radoboj,152,115,267,15,13,28,1,1,2,0,2,2,54,22,76,0,0,0,0,0,0,222,153,375,2023-01-31T23:00:00Z
02,41,Budinščina,190,188,378,15,6,21,7,1,8,2,2,4,16,12,28,0,0,0,1,0,1,231,209,440,2023-01-31T23:00:00Z
02,422,Stubičke Toplice,252,420,672,34,19,53,0,2,2,2,5,7,58,27,85,0,0,0,2,0,2,348,473,821,2023-01-31T23:00:00Z
02,430,Sveti Križ Začretje,691,793,1484,74,24,98,10,4,14,1,5,6,143,98,241,0,0,0,4,0,4,923,924,1847,2023-01-31T23:00:00Z
02,466,Tuhelj,149,223,372,21,10,31,5,1,6,1,2,3,46,40,86,0,0,0,0,0,0,222,276,498,2023-01-31T23:00:00Z
02,481,Veliko Trgovišće,573,421,994,51,17,68,3,3,6,2,5,7,108,48,156,0,0,0,3,2,5,740,496,1236,2023-01-31T23:00:00Z
02,519,Zabok,2807,2977,5784,143,87,230,7,3,10,13,16,29,177,227,404,0,0,0,2,2,4,3149,3312,6461,2023-01-31T23:00:00Z
02,521,Zagorska Sela,10,52,62,8,1,9,6,2,8,0,1,1,16,5,21,0,0,0,0,0,0,40,61,101,2023-01-31T23:00:00Z
02,526,Zlatar,536,671,1207,97,50,147,26,17,43,7,8,15,121,82,203,0,0,0,2,0,2,789,828,1617,2023-01-31T23:00:00Z
02,527,Zlatar Bistrica,304,533,837,26,7,33,4,1,5,5,0,5,72,45,117,0,0,0,3,2,5,414,588,1002,2023-01-31T23:00:00Z
02,552,Jesenje,71,72,143,8,1,9,0,0,0,0,0,0,50,7,57,0,0,0,0,0,0,129,80,209,2023-01-31T23:00:00Z
02,553,Kumrovec,81,94,175,18,6,24,2,0,2,4,1,5,17,14,31,0,0,0,0,0,0,122,115,237,2023-01-31T23:00:00Z
02,554,Novi Golubovec,135,58,193,3,2,5,1,0,1,0,0,0,5,1,6,0,0,0,0,0,0,144,61,205,2023-01-31T23:00:00Z
02,70,Desinić,122,273,395,31,8,39,10,2,12,3,1,4,46,35,81,0,0,0,0,1,1,212,320,532,2023-01-31T23:00:00Z
02,79,Donja Stubica,835,682,1517,95,50,145,5,4,9,6,3,9,81,49,130,0,0,0,2,2,4,1024,790,1814,2023-01-31T23:00:00Z
03,102,Dvor,285,172,457,15,5,20,58,22,80,0,2,2,13,11,24,0,0,0,1,2,3,372,214,586,2023-01-31T23:00:00Z
03,121,Glina,1140,729,1869,44,21,65,57,28,85,4,9,13,71,67,138,0,0,0,0,0,0,1316,854,2170,2023-01-31T23:00:00Z
03,149,Hrvatska Dubica,72,71,143,9,2,11,13,4,17,0,0,0,7,3,10,0,0,0,1,1,2,102,81,183,2023-01-31T23:00:00Z
03,150,Hrvatska Kostajnica,304,267,571,19,9,28,8,4,12,0,3,3,12,25,37,0,0,0,2,0,2,345,308,653,2023-01-31T23:00:00Z
03,168,Jasenovac,132,155,287,14,6,20,14,4,18,0,0,0,13,12,25,0,0,0,0,1,1,173,178,351,2023-01-31T23:00:00Z
03,220,Kutina,3545,2901,6446,180,115,295,45,21,66,36,25,61,202,248,450,1,0,1,9,8,17,4018,3318,7336,2023-01-31T23:00:00Z
03,228,Lekenik,376,302,678,43,11,54,9,7,16,1,3,4,52,33,85,0,0,0,2,1,3,483,357,840,2023-01-31T23:00:00Z
03,232,Lipovljani,257,283,540,25,8,33,11,2,13,1,0,1,39,42,81,0,0,0,0,3,3,333,338,671,2023-01-31T23:00:00Z
03,259,Martinska Ves,131,62,193,10,1,11,26,13,39,3,0,3,56,16,72,0,0,0,0,0,0,226,92,318,2023-01-31T23:00:00Z
03,293,Novska,1305,1094,2399,176,103,279,34,15,49,6,18,24,246,236,482,0,0,0,2,7,9,1769,1473,3242,2023-01-31T23:00:00Z
03,328,Petrinja,1771,1747,3518,248,98,346,75,29,104,11,23,34,309,290,599,0,0,0,6,3,9,2420,2190,4610,2023-01-31T23:00:00Z
03,347,Popovača,889,1076,1965,84,42,126,49,18,67,7,10,17,94,121,215,0,0,0,4,2,6,1127,1269,2396,2023-01-31T23:00:00Z
03,391,Sisak,7004,8141,15145,379,225,604,99,55,154,42,75,117,606,569,1175,0,0,0,15,17,32,8145,9082,17227,2023-01-31T23:00:00Z
03,426,Sunja,215,187,402,22,10,32,49,30,79,1,2,3,13,20,33,0,0,0,2,1,3,302,250,552,2023-01-31T23:00:00Z
03,457,Topusko,223,349,572,15,8,23,6,2,8,5,1,6,22,21,43,0,0,0,3,0,3,274,381,655,2023-01-31T23:00:00Z
03,477,Velika Ludina,121,158,279,11,9,20,13,3,16,0,0,0,27,14,41,0,0,0,0,0,0,172,184,356,2023-01-31T23:00:00Z
03,510,Gvozd,101,87,188,10,5,15,14,4,18,0,0,0,17,10,27,0,0,0,3,0,3,145,106,251,2023-01-31T23:00:00Z
03,555,Majur,140,83,223,1,1,2,3,0,3,0,0,0,2,1,3,0,0,0,3,0,3,149,85,234,2023-01-31T23:00:00Z
03,83,Donji Kukuruzari,38,67,105,5,0,5,6,3,9,0,0,0,1,3,4,0,0,0,1,1,2,51,74,125,2023-01-31T23:00:00Z
04,120,Generalski Stol,40,63,103,21,5,26,1,0,1,0,1,1,24,12,36,0,0,0,0,0,0,86,81,167,2023-01-31T23:00:00Z
04,172,Josipdol,204,167,371,27,15,42,2,6,8,2,1,3,33,49,82,0,0,0,0,3,3,268,241,509,2023-01-31T23:00:00Z
04,179,Karlovac,10712,9066,19778,429,305,734,71,53,124,67,84,151,615,790,1405,0,0,0,20,22,42,11914,10320,22234,2023-01-31T23:00:00Z
04,216,Krnjak,147,71,218,3,2,5,5,4,9,1,0,1,11,5,16,0,0,0,1,2,3,168,84,252,2023-01-31T23:00:00Z
04,225,Lasinja,31,50,81,5,3,8,0,5,5,2,0,2,5,6,11,0,0,0,0,0,0,43,64,107,2023-01-31T23:00:00Z
04,281,Netretić,110,110,220,17,3,20,3,1,4,1,1,2,40,34,74,0,0,0,0,0,0,171,149,320,2023-01-31T23:00:00Z
04,297,Ogulin,1826,1871,3697,152,89,241,40,18,58,10,29,39,154,174,328,0,0,0,5,5,10,2187,2186,4373,2023-01-31T23:00:00Z
04,30,Bosiljevo,98,86,184,4,0,4,0,0,0,1,1,2,29,34,63,0,0,0,0,0,0,132,121,253,2023-01-31T23:00:00Z
04,315,Ozalj,761,639,1400,88,31,119,21,14,35,4,9,13,132,86,218,0,1,1,1,3,4,1007,783,1790,2023-01-31T23:00:00Z
04,333,Plaški,91,92,183,10,3,13,9,2,11,0,1,1,33,31,64,0,0,0,0,0,0,143,129,272,2023-01-31T23:00:00Z
04,365,Rakovica,149,185,334,8,9,17,3,3,6,0,0,0,54,52,106,0,0,0,3,3,6,217,252,469,2023-01-31T23:00:00Z
04,378,Saborsko,12,14,26,1,0,1,1,0,1,0,0,0,3,1,4,0,0,0,0,0,0,17,15,32,2023-01-31T23:00:00Z
04,400,Slunj,329,399,728,58,16,74,37,19,56,3,6,9,123,91,214,0,0,0,4,20,24,554,551,1105,2023-01-31T23:00:00Z
04,49,Cetingrad,60,65,125,7,1,8,2,3,5,0,0,0,7,6,13,0,0,0,1,0,1,77,75,152,2023-01-31T23:00:00Z
04,503,Vojnić,364,266,630,23,13,36,43,13,56,1,0,1,25,30,55,0,0,0,4,0,4,460,322,782,2023-01-31T23:00:00Z
04,530,Žakanje,172,99,271,26,11,37,3,1,4,0,0,0,29,23,52,0,0,0,0,1,1,230,135,365,2023-01-31T23:00:00Z
04,556,Ribnik,9,6,15,9,3,12,1,1,2,0,0,0,4,7,11,0,0,0,0,0,0,23,17,40,2023-01-31T23:00:00Z
04,557,Tounj,60,35,95,5,0,5,0,0,0,0,0,0,4,5,9,0,0,0,0,0,0,69,40,109,2023-01-31T23:00:00Z
04,623,Kamanje,155,96,251,4,1,5,0,0,0,0,0,0,4,6,10,0,0,0,0,0,0,163,103,266,2023-01-31T23:00:00Z
04,7,Barilovići,289,161,450,20,9,29,6,0,6,1,1,2,105,31,136,0,0,0,0,0,0,421,202,623,2023-01-31T23:00:00Z
04,90,Draganić,176,200,376,13,3,16,7,2,9,1,1,2,19,23,42,0,0,0,0,0,0,216,229,445,2023-01-31T23:00:00Z
04,99,Duga Resa,1264,1055,2319,130,69,199,16,20,36,4,17,21,174,189,363,0,0,0,9,10,19,1597,1360,2957,2023-01-31T23:00:00Z
05,12,Bednja,213,178,391,19,7,26,2,4,6,1,1,2,30,14,44,0,0,0,0,1,1,265,205,470,2023-01-31T23:00:00Z
05,129,Gornji Kneginec,633,1002,1635,51,33,84,8,5,13,3,8,11,66,51,117,0,0,0,4,3,7,765,1102,1867,2023-01-31T23:00:00Z
05,151,Breznički Hum,201,149,350,12,4,16,6,7,13,0,2,2,20,15,35,0,0,0,2,3,5,241,180,421,2023-01-31T23:00:00Z
05,156,Ivanec,2206,1866,4072,169,67,236,13,11,24,10,18,28,312,263,575,0,0,0,8,9,17,2718,2234,4952,2023-01-31T23:00:00Z
05,165,Jalžabet,733,1052,1785,22,4,26,11,5,16,0,3,3,41,24,65,0,0,0,0,1,1,807,1089,1896,2023-01-31T23:00:00Z
05,189,Klenovnik,176,62,238,9,4,13,0,0,0,0,0,0,22,28,50,0,0,0,2,0,2,209,94,303,2023-01-31T23:00:00Z
05,19,Beretinec,81,41,122,19,2,21,3,2,5,0,1,1,14,19,33,0,0,0,1,0,1,118,65,183,2023-01-31T23:00:00Z
05,229,Lepoglava,1354,642,1996,62,32,94,4,2,6,1,4,5,98,52,150,0,0,0,1,6,7,1520,738,2258,2023-01-31T23:00:00Z
05,244,Ludbreg,1902,1668,3570,124,59,183,58,35,93,10,13,23,224,172,396,0,0,0,2,7,9,2320,1954,4274,2023-01-31T23:00:00Z
05,247,Ljubešćica,364,170,534,25,8,33,0,0,0,1,3,4,75,17,92,0,0,0,1,1,2,466,199,665,2023-01-31T23:00:00Z
05,251,Mali Bukovec,43,82,125,11,5,16,23,16,39,0,1,1,98,35,133,0,0,0,0,1,1,175,140,315,2023-01-31T23:00:00Z
05,260,Maruševec,343,301,644,60,26,86,21,23,44,4,2,6,112,40,152,0,0,0,3,2,5,543,394,937,2023-01-31T23:00:00Z
05,289,Novi Marof,1264,1208,2472,160,71,231,13,12,25,8,16,24,298,174,472,0,0,0,9,6,15,1752,1487,3239,2023-01-31T23:00:00Z
05,326,Petrijanec,482,779,1261,25,11,36,15,8,23,1,3,4,84,81,165,0,0,0,0,1,1,607,883,1490,2023-01-31T23:00:00Z
05,36,Breznica,144,70,214,18,3,21,6,5,11,1,5,6,39,12,51,0,0,0,0,0,0,208,95,303,2023-01-31T23:00:00Z
05,410,Sračinec,274,281,555,36,14,50,1,1,2,0,6,6,92,59,151,0,0,0,0,2,2,403,363,766,2023-01-31T23:00:00Z
05,437,Sveti Đurđ,66,101,167,30,4,34,27,8,35,2,1,3,32,31,63,0,0,0,0,0,0,157,145,302,2023-01-31T23:00:00Z
05,438,Sveti Ilija,183,207,390,17,8,25,1,1,2,0,4,4,42,31,73,0,0,0,0,0,0,243,251,494,2023-01-31T23:00:00Z
05,462,Trnovec Bartolovečki,1336,1396,2732,71,19,90,16,6,22,1,3,4,253,87,340,1,0,1,2,2,4,1680,1513,3193,2023-01-31T23:00:00Z
05,472,Varaždin,16904,15456,32360,526,389,915,51,24,75,81,114,195,513,654,1167,1,0,1,21,23,44,18097,16660,34757,2023-01-31T23:00:00Z
05,473,Varaždinske Toplice,606,548,1154,43,21,64,10,5,15,4,9,13,184,52,236,0,0,0,1,2,3,848,637,1485,2023-01-31T23:00:00Z
05,48,Cestica,384,395,779,55,25,80,14,14,28,1,4,5,102,82,184,0,0,0,2,2,4,558,522,1080,2023-01-31T23:00:00Z
05,484,Vidovec,280,272,552,47,15,62,55,28,83,1,5,6,110,88,198,0,0,0,0,0,0,493,408,901,2023-01-31T23:00:00Z
05,486,Vinica,339,235,574,19,8,27,5,4,9,2,5,7,32,25,57,0,0,0,0,1,1,397,278,675,2023-01-31T23:00:00Z
05,493,Visoko,113,58,171,18,1,19,7,3,10,0,0,0,23,26,49,0,0,0,2,0,2,163,88,251,2023-01-31T23:00:00Z
05,558,Veliki Bukovec,382,258,640,5,3,8,22,9,31,0,0,0,33,28,61,0,0,0,0,0,0,442,298,740,2023-01-31T23:00:00Z
05,80,Donja Voća,73,65,138,6,1,7,5,7,12,0,1,1,27,17,44,0,0,0,0,1,1,111,92,203,2023-01-31T23:00:00Z
05,85,Donji Martijanec,350,163,513,26,6,32,18,3,21,1,1,2,50,30,80,0,0,0,0,0,0,445,203,648,2023-01-31T23:00:00Z
06,104,Đelekovec,32,56,88,21,12,33,40,10,50,0,1,1,17,11,28,0,0,0,0,0,0,110,90,200,2023-01-31T23:00:00Z
06,107,Đurđevac,1428,1276,2704,82,46,128,69,42,111,12,11,23,76,71,147,0,0,0,9,4,13,1676,1450,3126,2023-01-31T23:00:00Z
06,115,Ferdinandovac,34,90,124,11,2,13,41,31,72,1,1,2,12,7,19,0,0,0,7,0,7,106,131,237,2023-01-31T23:00:00Z
06,122,Gola,194,181,375,11,2,13,88,38,126,0,2,2,7,25,32,0,0,0,0,1,1,300,249,549,2023-01-31T23:00:00Z
06,145,Hlebine,10,35,45,3,0,3,14,4,18,1,0,1,0,11,11,0,0,0,1,1,2,29,51,80,2023-01-31T23:00:00Z
06,194,Kloštar Podravski,168,162,330,14,13,27,36,33,69,0,1,1,25,41,66,0,0,0,1,5,6,244,255,499,2023-01-31T23:00:00Z
06,201,Koprivnica,7056,7600,14656,352,210,562,61,27,88,63,66,129,396,425,821,0,2,2,9,9,18,7937,8339,16276,2023-01-31T23:00:00Z
06,202,Koprivnički Bregi,60,94,154,20,4,24,23,8,31,0,0,0,29,8,37,0,0,0,0,0,0,132,114,246,2023-01-31T23:00:00Z
06,203,Koprivnički Ivanec,65,55,120,23,5,28,24,8,32,0,0,0,17,8,25,0,0,0,0,0,0,129,76,205,2023-01-31T23:00:00Z
06,214,Križevci,3645,3783,7428,178,111,289,218,177,395,14,29,43,252,222,474,0,0,0,8,15,23,4315,4337,8652,2023-01-31T23:00:00Z
06,227,Legrad,60,87,147,16,5,21,17,6,23,0,1,1,19,19,38,0,0,0,0,1,1,112,119,231,2023-01-31T23:00:00Z
06,270,Molve,229,121,350,5,9,14,48,26,74,1,2,3,30,17,47,0,0,0,2,2,4,315,177,492,2023-01-31T23:00:00Z
06,292,Novigrad Podravski,95,162,257,8,2,10,16,11,27,0,1,1,16,15,31,0,0,0,0,0,0,135,191,326,2023-01-31T23:00:00Z
06,324,Peteranec,89,48,137,18,3,21,22,9,31,1,1,2,21,12,33,0,0,0,0,1,1,151,74,225,2023-01-31T23:00:00Z
06,366,Rasinja,49,78,127,23,3,26,52,21,73,2,0,2,17,20,37,0,0,0,1,0,1,144,122,266,2023-01-31T23:00:00Z
06,405,Sokolovac,196,97,293,18,4,22,45,14,59,5,3,8,16,8,24,0,0,0,0,0,0,280,126,406,2023-01-31T23:00:00Z
06,439,Sveti Ivan Žabno,289,206,495,41,17,58,92,59,151,1,2,3,48,60,108,0,0,0,0,1,1,471,345,816,2023-01-31T23:00:00Z
06,442,Sveti Petar Orehovec,136,133,269,31,6,37,128,115,243,0,1,1,40,25,65,0,0,0,1,0,1,336,280,616,2023-01-31T23:00:00Z
06,490,Virje,301,214,515,28,12,40,36,18,54,4,1,5,31,35,66,0,0,0,1,1,2,401,281,682,2023-01-31T23:00:00Z
06,559,Kalinovac,450,108,558,6,1,7,6,3,9,0,0,0,9,8,17,0,0,0,1,0,1,472,120,592,2023-01-31T23:00:00Z
06,560,Kalnik,43,45,88,2,4,6,19,22,41,0,1,1,7,2,9,0,0,0,0,0,0,71,74,145,2023-01-31T23:00:00Z
06,561,Novo Virje,39,41,80,2,0,2,38,27,65,0,0,0,18,6,24,0,0,0,0,0,0,97,74,171,2023-01-31T23:00:00Z
06,616,Podravske Sesvete,97,123,220,3,4,7,26,14,40,2,0,2,5,3,8,0,0,0,0,1,1,133,145,278,2023-01-31T23:00:00Z
06,618,Gornja Reka,95,89,184,6,2,8,8,4,12,0,0,0,3,3,6,0,0,0,0,0,0,112,98,210,2023-01-31T23:00:00Z
06,96,Drnje,120,110,230,11,4,15,17,10,27,0,2,2,6,10,16,0,0,0,0,0,0,154,136,290,2023-01-31T23:00:00Z
07,105,Đulovac,240,95,335,9,7,16,32,16,48,2,0,2,117,32,149,0,0,0,0,0,0,400,150,550,2023-01-31T23:00:00Z
07,119,Garešnica,1101,1121,2222,59,30,89,59,38,97,14,18,32,103,122,225,0,0,0,1,7,8,1337,1336,2673,2023-01-31T23:00:00Z
07,139,Grubišno Polje,590,570,1160,31,25,56,102,37,139,4,10,14,64,72,136,0,0,0,0,3,3,791,717,1508,2023-01-31T23:00:00Z
07,144,Hercegovac,142,160,302,21,3,24,46,16,62,1,1,2,39,32,71,0,0,0,1,1,2,250,213,463,2023-01-31T23:00:00Z
07,161,Ivanska,138,92,230,3,3,6,49,13,62,2,3,5,81,23,104,0,0,0,2,1,3,275,135,410,2023-01-31T23:00:00Z
07,176,Kapela,107,95,202,4,1,5,44,27,71,0,1,1,19,8,27,0,0,0,0,0,0,174,132,306,2023-01-31T23:00:00Z
07,18,Berek,39,54,93,7,2,9,21,13,34,0,1,1,9,9,18,0,0,0,0,0,0,76,79,155,2023-01-31T23:00:00Z
07,199,Končanica,126,100,226,10,2,12,30,16,46,0,0,0,10,10,20,0,0,0,1,0,1,177,128,305,2023-01-31T23:00:00Z
07,24,Bjelovar,7182,6940,14122,304,188,492,198,92,290,48,71,119,401,503,904,2,0,2,18,14,32,8153,7808,15961,2023-01-31T23:00:00Z
07,287,Nova Rača,88,119,207,13,2,15,71,34,105,0,2,2,30,16,46,0,0,0,0,1,1,202,174,376,2023-01-31T23:00:00Z
07,375,Rovišće,215,230,445,23,12,35,45,30,75,1,3,4,23,40,63,0,0,0,0,1,1,307,316,623,2023-01-31T23:00:00Z
07,390,Sirač,325,184,509,11,3,14,11,5,16,1,1,2,14,8,22,0,0,0,0,1,1,362,202,564,2023-01-31T23:00:00Z
07,450,Štefanje,47,68,115,7,4,11,34,12,46,0,3,3,34,22,56,0,0,0,0,0,0,122,109,231,2023-01-31T23:00:00Z
07,478,Velika Pisanica,74,84,158,5,1,6,27,15,42,1,0,1,12,7,19,0,0,0,2,0,2,121,107,228,2023-01-31T23:00:00Z
07,480,Veliki Grđevac,143,129,272,13,5,18,74,29,103,1,5,6,67,26,93,0,0,0,5,1,6,303,195,498,2023-01-31T23:00:00Z
07,483,Veliko Trojstvo,71,111,182,13,3,16,11,15,26,0,0,0,45,19,64,0,0,0,1,0,1,141,148,289,2023-01-31T23:00:00Z
07,562,Severin,52,29,81,1,0,1,15,14,29,0,0,0,13,30,43,0,0,0,0,0,0,81,73,154,2023-01-31T23:00:00Z
07,564,Šandrovac,27,49,76,3,0,3,13,7,20,0,0,0,12,4,16,0,0,0,0,3,3,55,63,118,2023-01-31T23:00:00Z
07,565,Velika Trnovitica,64,73,137,8,2,10,32,21,53,1,0,1,19,9,28,0,0,0,1,1,2,125,106,231,2023-01-31T23:00:00Z
07,566,Zrinski Topolovac,13,26,39,2,0,2,28,17,45,0,0,0,4,2,6,0,0,0,0,1,1,47,46,93,2023-01-31T23:00:00Z
07,63,Čazma,1089,792,1881,56,22,78,50,39,89,6,11,17,117,71,188,0,0,0,3,2,5,1321,937,2258,2023-01-31T23:00:00Z
07,67,Daruvar,1473,1846,3319,74,59,133,41,19,60,17,19,36,142,171,313,0,0,0,4,7,11,1751,2121,3872,2023-01-31T23:00:00Z
07,71,Dežanovac,125,87,212,10,2,12,68,33,101,0,0,0,36,17,53,0,0,0,1,1,2,240,140,380,2023-01-31T23:00:00Z
08,117,Fužine,279,192,471,18,10,28,0,2,2,2,1,3,18,21,39,0,0,0,3,1,4,320,227,547,2023-01-31T23:00:00Z
08,170,Jelenje,274,269,543,100,47,147,7,1,8,39,10,49,52,43,95,0,0,0,4,2,6,476,372,848,2023-01-31T23:00:00Z
08,180,Kastav,1123,872,1995,139,73,212,3,1,4,50,11,61,116,72,188,1,1,2,3,5,8,1435,1035,2470,2023-01-31T23:00:00Z
08,186,Klana,390,212,602,22,8,30,1,2,3,3,2,5,14,8,22,0,0,0,1,2,3,431,234,665,2023-01-31T23:00:00Z
08,209,Kraljevica,342,295,637,41,24,65,2,1,3,50,4,54,23,31,54,1,0,1,1,9,10,460,364,824,2023-01-31T23:00:00Z
08,215,Krk,1861,1237,3098,240,103,343,13,8,21,36,14,50,259,165,424,0,0,0,26,38,64,2435,1565,4000,2023-01-31T23:00:00Z
08,237,Lokve,123,89,212,14,6,20,0,1,1,0,2,2,7,7,14,0,0,0,1,0,1,145,105,250,2023-01-31T23:00:00Z
08,242,Lovran,444,596,1040,99,36,135,1,1,2,17,8,25,36,53,89,0,0,0,2,9,11,599,703,1302,2023-01-31T23:00:00Z
08,252,Mali Lošinj,1330,1319,2649,225,86,311,23,9,32,39,20,59,153,133,286,0,0,0,28,47,75,1798,1614,3412,2023-01-31T23:00:00Z
08,253,Malinska-Dubašnica,476,793,1269,146,74,220,6,9,15,8,5,13,161,134,295,0,0,0,16,20,36,813,1035,1848,2023-01-31T23:00:00Z
08,261,Matulji,1492,1092,2584,220,129,349,13,6,19,42,17,59,175,185,360,0,0,0,7,7,14,1949,1436,3385,2023-01-31T23:00:00Z
08,273,Mošćenička Draga,110,67,177,55,13,68,0,1,1,3,3,6,23,20,43,0,0,0,3,5,8,194,109,303,2023-01-31T23:00:00Z
08,275,Mrkopalj,64,52,116,11,4,15,2,0,2,3,0,3,7,8,15,0,0,0,1,0,1,88,64,152,2023-01-31T23:00:00Z
08,290,Novi Vinodolski,497,414,911,97,43,140,9,5,14,13,7,20,96,63,159,0,0,0,2,9,11,714,541,1255,2023-01-31T23:00:00Z
08,301,Omišalj,586,374,960,80,20,100,0,0,0,9,2,11,63,28,91,0,0,0,3,18,21,741,442,1183,2023-01-31T23:00:00Z
08,302,Opatija,2217,2706,4923,225,131,356,6,4,10,55,27,82,92,142,234,0,0,0,16,54,70,2611,3064,5675,2023-01-31T23:00:00Z
08,360,Punat,306,141,447,65,22,87,4,0,4,4,1,5,61,31,92,0,0,0,1,7,8,441,202,643,2023-01-31T23:00:00Z
08,363,Rab,879,1039,1918,290,75,365,11,5,16,15,11,26,197,145,342,0,0,0,62,84,146,1454,1359,2813,2023-01-31T23:00:00Z
08,369,Ravna Gora,286,307,593,30,12,42,2,1,3,1,1,2,42,16,58,0,0,0,1,2,3,362,339,701,2023-01-31T23:00:00Z
08,373,Rijeka,28216,28797,57013,1367,1114,2481,20,14,34,980,360,1340,841,1237,2078,7,3,10,87,114,201,31518,31639,63157,2023-01-31T23:00:00Z
08,38,Brod Moravice,40,37,77,19,0,19,0,0,0,0,1,1,10,3,13,0,0,0,1,0,1,70,41,111,2023-01-31T23:00:00Z
08,393,Skrad,39,51,90,4,5,9,1,1,2,2,1,3,2,7,9,0,0,0,2,0,2,50,65,115,2023-01-31T23:00:00Z
08,4,Bakar,2111,1100,3211,73,41,114,3,0,3,65,10,75,80,75,155,0,0,0,8,10,18,2340,1236,3576,2023-01-31T23:00:00Z
08,488,Vinodolska Općina,204,165,369,60,21,81,3,0,3,8,1,9,37,18,55,1,0,1,0,4,4,313,209,522,2023-01-31T23:00:00Z
08,495,Viškovo,1748,1170,2918,221,116,337,7,4,11,65,18,83,144,140,284,0,0,0,13,11,24,2198,1459,3657,2023-01-31T23:00:00Z
08,507,Vrbnik,150,90,240,34,11,45,8,5,13,1,0,1,29,22,51,0,0,0,0,2,2,222,130,352,2023-01-31T23:00:00Z
08,509,Vrbovsko,344,315,659,58,19,77,5,5,10,0,4,4,68,38,106,1,0,1,0,1,1,476,382,858,2023-01-31T23:00:00Z
08,52,Cres,513,399,912,77,23,100,9,6,15,18,3,21,36,55,91,0,0,0,9,8,17,662,494,1156,2023-01-31T23:00:00Z
08,53,Crikvenica,1207,1595,2802,211,124,335,4,2,6,36,23,59,196,160,356,0,0,0,25,30,55,1679,1934,3613,2023-01-31T23:00:00Z
08,538,Kostrena,514,327,841,40,27,67,1,1,2,87,7,94,21,34,55,0,0,0,2,5,7,665,401,1066,2023-01-31T23:00:00Z
08,55,Čabar,320,291,611,56,18,74,7,4,11,3,0,3,142,46,188,0,0,0,1,2,3,529,361,890,2023-01-31T23:00:00Z
08,61,Čavle,679,559,1238,101,52,153,1,1,2,30,10,40,92,84,176,0,0,0,3,2,5,906,708,1614,2023-01-31T23:00:00Z
08,624,Lopar,60,32,92,18,6,24,0,1,1,2,0,2,18,15,33,0,0,0,7,4,11,105,58,163,2023-01-31T23:00:00Z
08,69,Delnice,1085,750,1835,74,52,126,5,1,6,11,14,25,81,96,177,0,0,0,2,11,13,1258,924,2182,2023-01-31T23:00:00Z
08,74,Dobrinj,148,95,243,52,23,75,1,2,3,2,1,3,80,32,112,0,0,0,4,8,12,287,161,448,2023-01-31T23:00:00Z
08,8,Baška,162,151,313,40,29,69,6,2,8,0,4,4,22,39,61,0,0,0,24,35,59,254,260,514,2023-01-31T23:00:00Z
09,130,Gospić,2230,2361,4591,102,64,166,82,48,130,12,9,21,128,162,290,0,0,0,23,11,34,2577,2655,5232,2023-01-31T23:00:00Z
09,178,Karlobag,88,93,181,9,3,12,5,2,7,3,0,3,7,2,9,0,0,0,3,0,3,115,100,215,2023-01-31T23:00:00Z
09,240,Lovinac,209,79,288,0,0,0,1,1,2,0,0,0,1,3,4,0,0,0,0,0,0,211,83,294,2023-01-31T23:00:00Z
09,288,Novalja,726,565,1291,129,32,161,24,11,35,6,6,12,158,70,228,0,0,0,30,30,60,1073,714,1787,2023-01-31T23:00:00Z
09,313,Otočac,793,917,1710,96,37,133,62,29,91,8,6,14,106,114,220,0,0,0,3,7,10,1068,1110,2178,2023-01-31T23:00:00Z
09,323,Perušić,332,259,591,24,10,34,34,21,55,0,1,1,23,21,44,0,0,0,6,7,13,419,319,738,2023-01-31T23:00:00Z
09,37,Brinje,417,229,646,21,5,26,7,6,13,0,1,1,12,15,27,0,0,0,3,3,6,460,259,719,2023-01-31T23:00:00Z
09,387,Senj,730,651,1381,92,40,132,5,5,10,17,9,26,78,83,161,0,0,0,6,7,13,928,795,1723,2023-01-31T23:00:00Z
09,455,Plitvička Jezera,717,784,1501,45,19,64,56,17,73,4,6,10,203,146,349,0,0,0,10,0,10,1035,972,2007,2023-01-31T23:00:00Z
09,467,Udbina,124,90,214,9,4,13,41,13,54,0,0,0,13,19,32,0,0,0,8,1,9,195,127,322,2023-01-31T23:00:00Z
09,512,Vrhovine,102,34,136,3,3,6,7,1,8,0,0,0,4,4,8,0,0,0,0,1,1,116,43,159,2023-01-31T23:00:00Z
09,84,Donji Lapac,117,97,214,5,3,8,26,6,32,0,0,0,10,7,17,0,0,0,3,1,4,161,114,275,2023-01-31T23:00:00Z
10,136,Gradina,82,109,191,13,12,25,119,47,166,2,0,2,38,28,66,0,0,0,0,0,0,254,196,450,2023-01-31T23:00:00Z
10,245,Lukač,191,124,315,13,6,19,49,16,65,1,0,1,48,34,82,0,0,0,1,0,1,303,180,483,2023-01-31T23:00:00Z
10,266,Mikleuš,74,55,129,7,1,8,14,6,20,0,0,0,12,8,20,0,0,0,0,0,0,107,70,177,2023-01-31T23:00:00Z
10,283,Nova Bukovica,46,40,86,9,6,15,33,11,44,1,0,1,20,17,37,0,0,0,1,0,1,110,74,184,2023-01-31T23:00:00Z
10,307,Orahovica,879,648,1527,73,35,108,11,4,15,10,10,20,93,111,204,0,0,0,8,1,9,1074,809,1883,2023-01-31T23:00:00Z
10,332,Pitomača,713,702,1415,85,41,126,153,86,239,4,7,11,189,152,341,0,0,0,3,15,18,1147,1003,2150,2023-01-31T23:00:00Z
10,395,Slatina,1582,1437,3019,151,78,229,136,37,173,12,22,34,174,239,413,0,0,0,10,8,18,2065,1821,3886,2023-01-31T23:00:00Z
10,407,Sopje,157,43,200,4,1,5,83,17,100,0,0,0,20,25,45,0,0,0,0,1,1,264,87,351,2023-01-31T23:00:00Z
10,424,Suhopolje,251,280,531,26,21,47,99,39,138,1,1,2,61,52,113,0,0,0,5,2,7,443,395,838,2023-01-31T23:00:00Z
10,449,Špišić Bukovica,146,149,295,26,10,36,154,55,209,1,2,3,33,52,85,0,0,0,1,0,1,361,268,629,2023-01-31T23:00:00Z
10,491,Virovitica,3775,4009,7784,184,117,301,95,27,122,29,19,48,370,344,714,1,0,1,11,10,21,4465,4526,8991,2023-01-31T23:00:00Z
10,499,Voćin,142,114,256,12,2,14,31,23,54,0,0,0,16,6,22,0,0,0,3,1,4,204,146,350,2023-01-31T23:00:00Z
10,524,Zdenci,186,109,295,9,3,12,16,7,23,0,1,1,11,13,24,0,0,0,0,2,2,222,135,357,2023-01-31T23:00:00Z
10,54,Crnac,25,37,62,14,4,18,19,7,26,0,1,1,15,12,27,0,0,0,0,0,0,73,61,134,2023-01-31T23:00:00Z
10,56,Čačinci,150,110,260,19,15,34,20,11,31,0,1,1,27,29,56,0,0,0,3,3,6,219,169,388,2023-01-31T23:00:00Z
10,57,Čađavica,114,91,205,12,9,21,65,19,84,0,0,0,47,30,77,0,0,0,0,0,0,238,149,387,2023-01-31T23:00:00Z
11,164,Jakšić,167,103,270,32,6,38,25,5,30,0,2,2,38,17,55,0,0,0,0,0,0,262,133,395,2023-01-31T23:00:00Z
11,177,Kaptol,101,104,205,16,2,18,23,3,26,0,1,1,43,9,52,0,0,0,0,1,1,183,120,303,2023-01-31T23:00:00Z
11,221,Kutjevo,523,436,959,52,19,71,65,28,93,1,2,3,75,73,148,0,0,0,5,2,7,721,560,1281,2023-01-31T23:00:00Z
11,231,Lipik,746,641,1387,44,14,58,26,18,44,1,10,11,55,57,112,0,0,0,1,0,1,873,740,1613,2023-01-31T23:00:00Z
11,318,Pakrac,633,1141,1774,80,35,115,59,17,76,12,8,20,184,90,274,0,0,0,0,3,3,968,1294,2262,2023-01-31T23:00:00Z
11,334,Pleternica,563,507,1070,81,34,115,53,12,65,4,5,9,165,116,281,0,0,0,1,4,5,867,678,1545,2023-01-31T23:00:00Z
11,35,Brestovac,120,92,212,17,4,21,14,3,17,1,1,2,26,12,38,0,0,0,0,1,1,178,113,291,2023-01-31T23:00:00Z
11,351,Požega,5069,4517,9586,316,163,479,126,39,165,37,87,124,377,341,718,0,1,1,12,23,35,5937,5171,11108,2023-01-31T23:00:00Z
11,475,Velika,341,343,684,26,18,44,21,4,25,2,3,5,47,41,88,0,0,0,0,1,1,437,410,847,2023-01-31T23:00:00Z
11,58,Čaglin,103,166,269,8,1,9,15,4,19,0,1,1,11,11,22,0,0,0,0,0,0,137,183,320,2023-01-31T23:00:00Z
12,10,Bebrina,42,72,114,15,8,23,19,4,23,2,0,2,10,11,21,0,0,0,1,0,1,89,95,184,2023-01-31T23:00:00Z
12,118,Garčin,138,153,291,29,10,39,33,18,51,0,0,0,28,29,57,0,0,0,1,1,2,229,211,440,2023-01-31T23:00:00Z
12,127,Gornji Bogićevci,54,43,97,12,2,14,10,2,12,0,0,0,18,26,44,0,0,0,0,0,0,94,73,167,2023-01-31T23:00:00Z
12,140,Gundinci,97,49,146,13,5,18,49,22,71,0,0,0,12,10,22,0,0,0,0,0,0,171,86,257,2023-01-31T23:00:00Z
12,185,Klakar,83,71,154,14,3,17,25,4,29,0,1,1,12,19,31,0,0,0,0,0,0,134,98,232,2023-01-31T23:00:00Z
12,284,Nova Gradiška,2294,2203,4497,144,95,239,25,19,44,21,20,41,269,303,572,0,0,0,1,8,9,2754,2648,5402,2023-01-31T23:00:00Z
12,285,Nova Kapela,158,214,372,26,17,43,24,7,31,2,3,5,44,45,89,0,0,0,1,0,1,255,286,541,2023-01-31T23:00:00Z
12,299,Okučani,223,162,385,32,8,40,11,2,13,0,0,0,48,16,64,0,0,0,1,2,3,315,190,505,2023-01-31T23:00:00Z
12,303,Oprisavci,292,199,491,11,1,12,34,11,45,1,0,1,8,20,28,0,0,0,0,0,0,346,231,577,2023-01-31T23:00:00Z
12,309,Oriovac,281,323,604,41,21,62,21,13,34,2,3,5,59,48,107,0,0,0,2,1,3,406,409,815,2023-01-31T23:00:00Z
12,338,Podcrkavlje,29,51,80,17,1,18,7,2,9,0,1,1,15,7,22,0,0,0,0,0,0,68,62,130,2023-01-31T23:00:00Z
12,372,Rešetari,203,249,452,38,8,46,19,7,26,3,1,4,86,44,130,0,0,0,0,0,0,349,309,658,2023-01-31T23:00:00Z
12,388,Sibinj,169,206,375,62,20,82,16,1,17,0,0,0,62,40,102,0,0,0,2,6,8,311,273,584,2023-01-31T23:00:00Z
12,39,Brodski Stupnik,69,83,152,14,9,23,9,3,12,1,0,1,71,38,109,0,0,0,1,0,1,165,133,298,2023-01-31T23:00:00Z
12,396,Slavonski Brod,14092,9577,23669,638,353,991,41,26,67,75,87,162,917,920,1837,0,0,0,12,20,32,15775,10983,26758,2023-01-31T23:00:00Z
12,397,Slavonski Šamac,88,78,166,10,4,14,16,11,27,0,1,1,14,6,20,0,0,0,0,0,0,128,100,228,2023-01-31T23:00:00Z
12,412,Stara Gradiška,162,102,264,6,3,9,8,2,10,0,0,0,27,10,37,0,0,0,0,0,0,203,117,320,2023-01-31T23:00:00Z
12,418,Staro Petrovo Selo,217,141,358,36,13,49,40,16,56,1,1,2,99,50,149,0,0,0,0,2,2,393,223,616,2023-01-31T23:00:00Z
12,46,Cernik,134,210,344,40,12,52,9,7,16,4,1,5,58,31,89,0,0,0,0,1,1,245,262,507,2023-01-31T23:00:00Z
12,476,Velika Kopanica,189,137,326,30,10,40,33,18,51,1,1,2,38,26,64,0,0,0,0,1,1,291,193,484,2023-01-31T23:00:00Z
12,506,Vrbje,40,43,83,10,1,11,21,2,23,0,0,0,20,25,45,0,0,0,0,0,0,91,71,162,2023-01-31T23:00:00Z
12,514,Vrpolje,217,122,339,29,4,33,47,16,63,0,2,2,14,18,32,0,0,0,0,1,1,307,163,470,2023-01-31T23:00:00Z
12,567,Bukovlje,114,99,213,20,10,30,1,0,1,0,0,0,10,15,25,0,0,0,1,1,2,146,125,271,2023-01-31T23:00:00Z
12,568,Dragalić,31,47,78,8,0,8,6,2,8,0,0,0,6,7,13,0,0,0,0,1,1,51,57,108,2023-01-31T23:00:00Z
12,569,Gornja Vrba,391,135,526,17,6,23,1,2,3,1,1,2,22,26,48,0,0,0,0,0,0,432,170,602,2023-01-31T23:00:00Z
12,570,Sikirevci,36,61,97,21,7,28,37,16,53,0,0,0,12,11,23,0,0,0,1,2,3,107,97,204,2023-01-31T23:00:00Z
12,68,Davor,125,118,243,14,7,21,13,4,17,1,0,1,12,22,34,0,0,0,0,0,0,165,151,316,2023-01-31T23:00:00Z
12,81,Donji Andrijevci,146,145,291,25,13,38,20,5,25,0,1,1,27,12,39,0,0,0,0,0,0,218,176,394,2023-01-31T23:00:00Z
13,131,Gračac,259,292,551,19,14,33,69,33,102,2,1,3,47,40,87,0,0,0,4,2,6,400,382,782,2023-01-31T23:00:00Z
13,167,Jasenice,168,89,257,13,2,15,9,3,12,2,0,2,13,6,19,0,0,0,0,3,3,205,103,308,2023-01-31T23:00:00Z
13,17,Benkovac,1146,1104,2250,112,40,152,99,59,158,9,7,16,219,112,331,0,0,0,7,4,11,1592,1326,2918,2023-01-31T23:00:00Z
13,173,Kali,276,120,396,24,14,38,2,1,3,13,0,13,52,27,79,0,0,0,1,1,2,368,163,531,2023-01-31T23:00:00Z
13,20,Bibinje,216,196,412,63,25,88,4,1,5,2,3,5,76,61,137,0,0,0,0,2,2,361,288,649,2023-01-31T23:00:00Z
13,22,Biograd Na Moru,1138,1407,2545,137,71,208,28,14,42,17,7,24,148,190,338,0,0,0,9,19,28,1477,1708,3185,2023-01-31T23:00:00Z
13,234,Lišane Ostrovičke,30,30,60,9,3,12,0,1,1,0,0,0,9,9,18,0,0,0,0,0,0,48,43,91,2023-01-31T23:00:00Z
13,282,Nin,512,333,845,44,16,60,8,6,14,2,3,5,40,29,69,0,0,0,28,70,98,634,457,1091,2023-01-31T23:00:00Z
13,296,Obrovac,362,242,604,33,10,43,37,7,44,4,4,8,15,33,48,0,0,0,5,6,11,456,302,758,2023-01-31T23:00:00Z
13,316,Pag,495,411,906,59,25,84,38,14,52,6,5,11,58,51,109,0,0,0,10,16,26,666,522,1188,2023-01-31T23:00:00Z
13,317,Pakoštane,377,318,695,59,21,80,12,14,26,8,2,10,100,55,155,0,0,0,11,31,42,567,441,1008,2023-01-31T23:00:00Z
13,320,Pašman,117,112,229,41,10,51,5,4,9,17,0,17,39,19,58,0,0,0,3,3,6,222,148,370,2023-01-31T23:00:00Z
13,344,Polača,102,73,175,18,8,26,5,3,8,3,0,3,14,15,29,0,0,0,1,3,4,143,102,245,2023-01-31T23:00:00Z
13,345,Poličnik,523,385,908,55,9,64,11,8,19,7,2,9,47,26,73,0,0,0,2,0,2,645,430,1075,2023-01-31T23:00:00Z
13,349,Posedarje,142,197,339,41,15,56,6,8,14,7,1,8,35,31,66,0,0,0,1,3,4,232,255,487,2023-01-31T23:00:00Z
13,354,Preko,284,449,733,54,14,68,6,3,9,25,4,29,41,21,62,0,0,0,4,8,12,414,499,913,2023-01-31T23:00:00Z
13,371,Ražanac,84,105,189,23,7,30,8,6,14,13,0,13,29,14,43,0,0,0,4,0,4,161,132,293,2023-01-31T23:00:00Z
13,379,Sali,163,149,312,42,13,55,5,2,7,9,2,11,28,20,48,0,0,0,4,5,9,251,191,442,2023-01-31T23:00:00Z
13,411,Stankovci,234,161,395,34,7,41,5,3,8,1,1,2,30,14,44,0,0,0,0,3,3,304,189,493,2023-01-31T23:00:00Z
13,416,Starigrad,127,131,258,41,26,67,9,3,12,3,0,3,33,37,70,0,0,0,3,19,22,216,216,432,2023-01-31T23:00:00Z
13,425,Sukošan,431,315,746,68,21,89,13,4,17,5,1,6,60,56,116,0,0,0,0,8,8,577,405,982,2023-01-31T23:00:00Z
13,428,Sveti Filip I Jakov,215,359,574,38,17,55,9,4,13,12,4,16,36,42,78,0,0,0,4,7,11,314,433,747,2023-01-31T23:00:00Z
13,445,Škabrnje,83,68,151,29,3,32,7,2,9,2,1,3,12,8,20,0,0,0,1,3,4,134,85,219,2023-01-31T23:00:00Z
13,489,Vir,279,273,552,58,14,72,1,2,3,1,1,2,39,36,75,0,0,0,5,2,7,383,328,711,2023-01-31T23:00:00Z
13,520,Zadar,14980,16237,31217,1140,663,1803,47,29,76,686,211,897,1308,1380,2688,4,0,4,143,149,292,18308,18669,36977,2023-01-31T23:00:00Z
13,525,Zemunik Donji,137,176,313,19,6,25,5,3,8,0,0,0,28,10,38,0,0,0,54,89,143,243,284,527,2023-01-31T23:00:00Z
13,537,Novigrad,62,105,167,28,2,30,6,6,12,7,1,8,26,13,39,0,0,0,2,4,6,131,131,262,2023-01-31T23:00:00Z
13,571,Galovac,39,60,99,15,1,16,3,5,8,4,3,7,12,9,21,0,0,0,0,1,1,73,79,152,2023-01-31T23:00:00Z
13,572,Kukljica,45,39,84,19,1,20,1,0,1,2,1,3,23,5,28,0,0,0,1,0,1,91,46,137,2023-01-31T23:00:00Z
13,573,Povljana,47,34,81,13,5,18,5,1,6,3,0,3,9,7,16,0,0,0,1,4,5,78,51,129,2023-01-31T23:00:00Z
13,574,Privlaka,130,144,274,18,13,31,1,2,3,5,0,5,21,11,32,0,0,0,5,2,7,180,172,352,2023-01-31T23:00:00Z
13,575,Tkon,103,71,174,24,8,32,2,2,4,3,0,3,44,23,67,0,0,0,0,1,1,176,105,281,2023-01-31T23:00:00Z
13,622,Kolan,150,85,235,20,3,23,5,2,7,0,0,0,17,15,32,0,0,0,4,8,12,196,113,309,2023-01-31T23:00:00Z
13,625,Vrsi,126,54,180,16,9,25,5,3,8,21,0,21,26,25,51,0,0,0,2,1,3,196,92,288,2023-01-31T23:00:00Z
14,103,Đakovo,2917,2951,5868,488,221,709,224,93,317,29,32,61,592,565,1157,0,0,0,10,11,21,4260,3873,8133,2023-01-31T23:00:00Z
14,106,Đurđenovac,524,540,1064,41,12,53,19,15,34,0,3,3,64,43,107,0,0,0,4,0,4,652,613,1265,2023-01-31T23:00:00Z
14,110,Erdut,322,270,592,36,16,52,57,15,72,2,4,6,54,37,91,0,0,0,0,2,2,471,344,815,2023-01-31T23:00:00Z
14,111,Ernestinovo,79,209,288,4,3,7,24,7,31,1,1,2,9,7,16,0,0,0,0,0,0,117,227,344,2023-01-31T23:00:00Z
14,116,Feričanci,120,116,236,24,6,30,3,0,3,0,0,0,40,14,54,0,0,0,0,0,0,187,136,323,2023-01-31T23:00:00Z
14,124,Gorjani,127,184,311,17,6,23,13,8,21,0,0,0,8,5,13,0,0,0,1,0,1,166,203,369,2023-01-31T23:00:00Z
14,13,Beli Manastir,1090,1175,2265,95,45,140,74,33,107,10,14,24,122,109,231,0,0,0,2,1,3,1393,1377,2770,2023-01-31T23:00:00Z
14,16,Belišće,1691,695,2386,70,31,101,28,9,37,2,8,10,83,92,175,0,0,0,1,1,2,1875,836,2711,2023-01-31T23:00:00Z
14,195,Kneževi Vinogradi,213,283,496,33,6,39,32,6,38,1,2,3,68,69,137,0,0,0,1,1,2,348,367,715,2023-01-31T23:00:00Z
14,2,Antunovac,202,193,395,35,13,48,12,6,18,1,1,2,13,16,29,0,0,0,0,0,0,263,229,492,2023-01-31T23:00:00Z
14,205,Koška,190,157,347,25,7,32,29,7,36,2,3,5,28,25,53,0,0,0,6,3,9,280,202,482,2023-01-31T23:00:00Z
14,21,Bilje,293,302,595,44,23,67,20,13,33,1,5,6,53,44,97,0,0,0,0,1,1,411,388,799,2023-01-31T23:00:00Z
14,23,Bizovac,233,222,455,22,11,33,25,9,34,2,4,6,25,31,56,0,0,0,5,12,17,312,289,601,2023-01-31T23:00:00Z
14,230,Levanjska Varoš,39,38,77,2,1,3,8,6,14,0,0,0,1,3,4,0,0,0,0,0,0,50,48,98,2023-01-31T23:00:00Z
14,257,Marijanci,95,78,173,6,5,11,11,0,11,0,0,0,14,22,36,0,0,0,1,1,2,127,106,233,2023-01-31T23:00:00Z
14,271,Moslavina Podravska,18,38,56,4,2,6,15,5,20,0,0,0,15,11,26,0,0,0,0,0,0,52,56,108,2023-01-31T23:00:00Z
14,278,Našice,2194,1862,4056,178,96,274,60,33,93,21,43,64,225,223,448,0,0,0,19,12,31,2697,2269,4966,2023-01-31T23:00:00Z
14,312,Osijek,24238,22745,46983,948,679,1627,124,48,172,165,192,357,743,1127,1870,0,1,1,32,40,72,26250,24832,51082,2023-01-31T23:00:00Z
14,325,Petlovac,43,30,73,7,4,11,12,0,12,0,0,0,17,8,25,0,0,0,0,0,0,79,42,121,2023-01-31T23:00:00Z
14,327,Petrijevci,273,227,500,18,4,22,5,2,7,0,0,0,7,7,14,0,0,0,0,2,2,303,242,545,2023-01-31T23:00:00Z
14,340,Podgorač,115,80,195,24,6,30,26,4,30,1,3,4,22,34,56,0,0,0,0,0,0,188,127,315,2023-01-31T23:00:00Z
14,346,Popovac,59,58,117,3,3,6,5,3,8,1,0,1,4,3,7,0,0,0,0,0,0,72,67,139,2023-01-31T23:00:00Z
14,361,Punitovci,48,92,140,22,4,26,16,4,20,0,0,0,38,8,46,0,0,0,0,0,0,124,108,232,2023-01-31T23:00:00Z
14,381,Satnica Đakovačka,131,116,247,19,7,26,10,3,13,0,0,0,44,26,70,0,0,0,0,0,0,204,152,356,2023-01-31T23:00:00Z
14,386,Semeljci,196,226,422,47,16,63,51,23,74,2,1,3,83,39,122,0,0,0,0,1,1,379,306,685,2023-01-31T23:00:00Z
14,421,Strizivojna,315,331,646,18,8,26,16,3,19,0,0,0,19,14,33,0,0,0,1,0,1,369,356,725,2023-01-31T23:00:00Z
14,461,Trnava,57,86,143,6,2,8,14,6,20,0,0,0,12,3,15,0,0,0,0,0,0,89,97,186,2023-01-31T23:00:00Z
14,471,Valpovo,849,1126,1975,83,57,140,51,17,68,14,19,33,85,108,193,0,0,0,6,12,18,1088,1339,2427,2023-01-31T23:00:00Z
14,485,Viljevo,55,78,133,10,0,10,20,4,24,0,0,0,16,10,26,0,0,0,0,1,1,101,93,194,2023-01-31T23:00:00Z
14,494,Viškovci,237,196,433,24,5,29,14,5,19,0,0,0,18,5,23,0,0,0,1,0,1,294,211,505,2023-01-31T23:00:00Z
14,517,Vuka,33,69,102,17,2,19,13,4,17,0,0,0,21,10,31,0,0,0,0,0,0,84,85,169,2023-01-31T23:00:00Z
14,576,Donja Motičina,27,13,40,9,3,12,1,1,2,0,1,1,18,9,27,0,0,0,1,0,1,56,27,83,2023-01-31T23:00:00Z
14,578,Magadenovac,89,106,195,4,2,6,23,9,32,0,1,1,18,18,36,0,0,0,0,0,0,134,136,270,2023-01-31T23:00:00Z
14,579,Vladislavci,125,123,248,2,0,2,6,5,11,0,0,0,8,3,11,0,0,0,0,0,0,141,131,272,2023-01-31T23:00:00Z
14,609,Jagodnjak,87,65,152,7,2,9,24,6,30,0,0,0,11,5,16,0,0,0,0,1,1,129,79,208,2023-01-31T23:00:00Z
14,614,Šodolovci,23,12,35,0,0,0,0,0,0,0,0,0,5,3,8,0,0,0,0,0,0,28,15,43,2023-01-31T23:00:00Z
14,64,Čeminac,60,77,137,12,0,12,4,2,6,0,0,0,25,14,39,0,0,0,0,0,0,101,93,194,2023-01-31T23:00:00Z
14,65,Čepin,752,533,1285,97,40,137,59,27,86,5,10,15,107,106,213,0,0,0,3,1,4,1023,717,1740,2023-01-31T23:00:00Z
14,66,Darda,1774,840,2614,56,31,87,36,5,41,2,4,6,63,54,117,0,0,0,0,1,1,1931,935,2866,2023-01-31T23:00:00Z
14,86,Donji Miholjac,1170,1019,2189,98,59,157,166,39,205,5,13,18,153,114,267,0,0,0,2,0,2,1594,1244,2838,2023-01-31T23:00:00Z
14,91,Draž,77,140,217,12,3,15,14,4,18,0,0,0,7,12,19,0,0,0,1,1,2,111,160,271,2023-01-31T23:00:00Z
14,94,Drenje,96,141,237,31,5,36,46,11,57,0,0,0,16,15,31,0,0,0,0,0,0,189,172,361,2023-01-31T23:00:00Z
15,113,Ervenik,35,61,96,3,0,3,4,1,5,0,0,0,5,2,7,0,0,0,0,0,0,47,64,111,2023-01-31T23:00:00Z
15,183,Kijevo,28,40,68,2,0,2,0,0,0,0,0,0,0,0,0,0,0,0,0,0,0,30,40,70,2023-01-31T23:00:00Z
15,184,Kistanje,57,91,148,16,4,20,1,2,3,1,0,1,12,7,19,0,0,0,0,0,0,87,104,191,2023-01-31T23:00:00Z
15,196,Knin,1314,1620,2934,123,68,191,62,17,79,32,6,38,142,144,286,0,0,0,2,4,6,1675,1859,3534,2023-01-31T23:00:00Z
15,298,Promina,115,86,201,1,1,2,1,2,3,0,0,0,1,1,2,0,0,0,0,0,0,118,90,208,2023-01-31T23:00:00Z
15,310,Biskupija,111,47,158,1,0,1,2,0,2,1,0,1,4,0,4,0,0,0,0,0,0,119,47,166,2023-01-31T23:00:00Z
15,357,Primošten,229,289,518,102,29,131,8,2,10,7,2,9,34,21,55,0,1,1,4,9,13,384,353,737,2023-01-31T23:00:00Z
15,377,Ružić,32,52,84,5,0,5,6,5,11,0,0,0,6,9,15,0,0,0,0,0,0,49,66,115,2023-01-31T23:00:00Z
15,394,Skradin,123,159,282,44,12,56,20,8,28,2,2,4,28,25,53,0,0,0,1,2,3,218,208,426,2023-01-31T23:00:00Z
15,444,Šibenik,8083,8490,16573,651,346,997,38,15,53,195,93,288,582,647,1229,0,0,0,34,56,90,9583,9647,19230,2023-01-31T23:00:00Z
15,454,Tisno,340,280,620,95,33,128,7,0,7,12,2,14,36,37,73,0,0,0,6,8,14,496,360,856,2023-01-31T23:00:00Z
15,469,Unešić,47,74,121,11,0,11,3,1,4,1,0,1,12,6,18,0,0,0,0,0,0,74,81,155,2023-01-31T23:00:00Z
15,500,Vodice,982,1012,1994,281,109,390,12,4,16,13,10,23,238,153,391,0,0,0,18,47,65,1544,1335,2879,2023-01-31T23:00:00Z
15,51,Civljane,53,12,65,1,1,2,0,0,0,0,0,0,3,2,5,0,0,0,0,0,0,57,15,72,2023-01-31T23:00:00Z
15,581,Pirovac,148,163,311,32,16,48,6,5,11,2,2,4,58,33,91,0,0,0,1,0,1,247,219,466,2023-01-31T23:00:00Z
15,582,Rogoznica,272,239,511,48,11,59,1,1,2,4,1,5,46,35,81,0,0,0,3,3,6,374,290,664,2023-01-31T23:00:00Z
15,617,Murter,257,261,518,52,27,79,3,1,4,19,3,22,62,42,104,0,0,0,11,16,27,404,350,754,2023-01-31T23:00:00Z
15,621,Bilice,100,48,148,25,6,31,0,0,0,6,0,6,21,11,32,0,0,0,0,0,0,152,65,217,2023-01-31T23:00:00Z
15,626,Tribunj,82,93,175,20,10,30,1,0,1,4,0,4,56,32,88,0,0,0,1,1,2,164,136,300,2023-01-31T23:00:00Z
15,95,Drniš,950,679,1629,69,56,125,51,23,74,7,6,13,102,84,186,0,0,0,0,1,1,1179,849,2028,2023-01-31T23:00:00Z
16,1,Andrijaševci,78,130,208,28,13,41,12,5,17,1,1,2,33,28,61,0,0,0,1,4,5,153,181,334,2023-01-31T23:00:00Z
16,137,Gradište,79,105,184,16,4,20,31,5,36,0,1,1,17,18,35,0,0,0,0,1,1,143,134,277,2023-01-31T23:00:00Z
16,141,Gunja,186,140,326,28,10,38,46,15,61,1,0,1,35,10,45,0,0,0,1,2,3,297,177,474,2023-01-31T23:00:00Z
16,154,Ilok,458,628,1086,71,23,94,47,16,63,0,2,2,102,91,193,0,0,0,0,1,1,678,761,1439,2023-01-31T23:00:00Z
16,159,Ivankovo,377,441,818,70,30,100,54,13,67,1,5,6,110,73,183,0,0,0,3,3,6,615,565,1180,2023-01-31T23:00:00Z
16,166,Jarmina,33,97,130,17,10,27,32,12,44,0,2,2,20,16,36,0,0,0,1,3,4,103,140,243,2023-01-31T23:00:00Z
16,239,Lovas,63,85,148,6,0,6,14,0,14,0,0,0,5,4,9,0,0,0,0,0,0,88,89,177,2023-01-31T23:00:00Z
16,26,Bogdanovci,35,39,74,3,0,3,7,5,12,0,0,0,16,5,21,0,0,0,0,0,0,61,49,110,2023-01-31T23:00:00Z
16,29,Borovo,65,126,191,49,15,64,26,4,30,1,3,4,62,76,138,0,0,0,2,2,4,205,226,431,2023-01-31T23:00:00Z
16,294,Nuštar,254,341,595,34,21,55,21,6,27,2,2,4,39,29,68,0,0,0,0,1,1,350,400,750,2023-01-31T23:00:00Z
16,295,Nijemci,198,226,424,24,6,30,83,24,107,0,1,1,61,33,94,0,0,0,0,2,2,366,292,658,2023-01-31T23:00:00Z
16,3,Babina Greda,186,208,394,34,15,49,79,25,104,3,0,3,33,34,67,0,0,0,1,0,1,336,282,618,2023-01-31T23:00:00Z
16,32,Bošnjaci,114,132,246,23,6,29,31,6,37,3,0,3,31,36,67,0,0,0,0,0,0,202,180,382,2023-01-31T23:00:00Z
16,414,Stari Jankovci,158,147,305,24,4,28,41,9,50,1,0,1,25,17,42,0,0,0,1,1,2,250,178,428,2023-01-31T23:00:00Z
16,415,Stari Mikanovci,91,158,249,18,9,27,25,13,38,3,1,4,34,41,75,0,0,0,0,0,0,171,222,393,2023-01-31T23:00:00Z
16,44,Cerna,444,242,686,47,26,73,55,19,74,1,1,2,67,71,138,0,0,0,1,0,1,615,359,974,2023-01-31T23:00:00Z
16,456,Tompojevci,20,53,73,16,4,20,39,11,50,0,0,0,11,11,22,0,0,0,1,0,1,87,79,166,2023-01-31T23:00:00Z
16,458,Tordinci,95,110,205,6,2,8,9,0,9,0,0,0,6,14,20,0,0,0,0,0,0,116,126,242,2023-01-31T23:00:00Z
16,459,Tovarnik,159,162,321,19,3,22,49,24,73,1,1,2,7,13,20,0,0,0,4,0,4,239,203,442,2023-01-31T23:00:00Z
16,464,Trpinja,106,227,333,27,11,38,80,19,99,1,0,1,35,21,56,0,0,0,0,0,0,249,278,527,2023-01-31T23:00:00Z
16,487,Vinkovci,8001,6499,14500,300,192,492,46,22,68,57,50,107,456,620,1076,1,0,1,12,20,32,8873,7403,16276,2023-01-31T23:00:00Z
16,505,Vrbanja,303,134,437,30,13,43,65,17,82,1,1,2,35,32,67,0,0,0,7,1,8,441,198,639,2023-01-31T23:00:00Z
16,518,Vukovar,4449,4719,9168,302,152,454,104,38,142,24,26,50,427,403,830,0,0,0,4,9,13,5310,5347,10657,2023-01-31T23:00:00Z
16,534,Županja,2017,1522,3539,139,60,199,40,16,56,21,19,40,170,182,352,1,0,1,2,2,4,2390,1801,4191,2023-01-31T23:00:00Z
16,535,Otok (Vinkovci),398,366,764,36,20,56,62,12,74,7,1,8,84,52,136,0,0,0,0,1,1,587,452,1039,2023-01-31T23:00:00Z
16,583,Privlaka,99,129,228,18,6,24,24,8,32,0,2,2,16,20,36,0,0,0,0,0,0,157,165,322,2023-01-31T23:00:00Z
16,584,Vođinci,49,180,229,14,2,16,7,6,13,0,1,1,14,14,28,0,0,0,0,0,0,84,203,287,2023-01-31T23:00:00Z
16,610,Markušica,36,74,110,11,4,15,52,14,66,0,1,1,13,9,22,0,0,0,1,0,1,113,102,215,2023-01-31T23:00:00Z
16,612,Negoslavci,24,33,57,6,1,7,12,3,15,1,0,1,14,11,25,0,0,0,0,0,0,57,48,105,2023-01-31T23:00:00Z
16,628,Štitar,74,86,160,5,1,6,14,3,17,0,0,0,11,3,14,0,0,0,0,0,0,104,93,197,2023-01-31T23:00:00Z
16,92,Drenovci,100,186,286,39,4,43,108,38,146,2,1,3,43,49,92,0,0,0,0,0,0,292,278,570,2023-01-31T23:00:00Z
17,100,Dugi Rat,608,601,1209,81,28,109,0,2,2,24,3,27,148,104,252,0,0,0,23,32,55,884,770,1654,2023-01-31T23:00:00Z
17,134,Gradac,138,163,301,39,12,51,4,1,5,1,1,2,16,20,36,0,0,0,10,24,34,208,221,429,2023-01-31T23:00:00Z
17,148,Hrvace,301,199,500,45,18,63,8,7,15,2,3,5,54,40,94,0,0,0,1,2,3,411,269,680,2023-01-31T23:00:00Z
17,153,Hvar,537,536,1073,176,67,243,18,12,30,18,5,23,135,109,244,3,0,3,61,63,124,948,792,1740,2023-01-31T23:00:00Z
17,155,Imotski,1392,1417,2809,169,88,257,11,8,19,28,15,43,134,165,299,0,0,0,10,15,25,1744,1708,3452,2023-01-31T23:00:00Z
17,171,Jelsa,325,291,616,85,26,111,41,16,57,9,0,9,94,44,138,0,1,1,19,12,31,573,390,963,2023-01-31T23:00:00Z
17,181,Kaštela,3600,3964,7564,517,256,773,21,14,35,133,39,172,464,555,1019,0,0,0,75,42,117,4810,4870,9680,2023-01-31T23:00:00Z
17,192,Klis,225,208,433,34,8,42,7,3,10,21,2,23,56,26,82,0,0,0,1,3,4,344,250,594,2023-01-31T23:00:00Z
17,197,Komiža,125,126,251,61,16,77,4,1,5,5,2,7,21,21,42,0,0,0,12,14,26,228,180,408,2023-01-31T23:00:00Z
17,243,Lovreć,150,99,249,16,6,22,4,0,4,1,0,1,32,12,44,0,0,0,2,2,4,205,119,324,2023-01-31T23:00:00Z
17,249,Makarska,2499,2428,4927,256,152,408,3,1,4,47,31,78,321,310,631,1,0,1,77,141,218,3204,3063,6267,2023-01-31T23:00:00Z
17,258,Marina,203,243,446,63,24,87,5,7,12,16,0,16,36,42,78,1,0,1,2,0,2,326,316,642,2023-01-31T23:00:00Z
17,267,Milna,90,79,169,28,5,33,5,2,7,5,0,5,17,17,34,0,0,0,1,2,3,146,105,251,2023-01-31T23:00:00Z
17,27,Bol,267,320,587,47,19,66,5,2,7,5,2,7,55,23,78,0,0,0,14,12,26,393,378,771,2023-01-31T23:00:00Z
17,280,Nerežišća,146,60,206,17,2,19,3,1,4,1,0,1,25,18,43,0,0,0,0,0,0,192,81,273,2023-01-31T23:00:00Z
17,300,Omiš,1543,1671,3214,234,93,327,12,6,18,41,16,57,272,231,503,0,0,0,13,25,38,2115,2042,4157,2023-01-31T23:00:00Z
17,314,Otok,198,220,418,66,22,88,11,0,11,1,1,2,78,50,128,0,0,0,0,1,1,354,294,648,2023-01-31T23:00:00Z
17,337,Podbablje,295,218,513,38,4,42,5,0,5,3,1,4,17,32,49,0,0,0,1,3,4,359,258,617,2023-01-31T23:00:00Z
17,339,Podgora,193,183,376,45,12,57,1,1,2,0,0,0,26,21,47,0,0,0,36,31,67,301,248,549,2023-01-31T23:00:00Z
17,341,Podstrana,835,705,1540,65,21,86,13,3,16,45,3,48,61,95,156,1,0,1,7,28,35,1027,855,1882,2023-01-31T23:00:00Z
17,350,Postira,270,235,505,31,16,47,9,2,11,0,3,3,17,8,25,0,0,0,1,1,2,328,265,593,2023-01-31T23:00:00Z
17,358,Pučišća,214,140,354,52,8,60,10,5,15,5,0,5,37,11,48,0,0,0,3,1,4,321,165,486,2023-01-31T23:00:00Z
17,382,Seget,465,386,851,41,8,49,6,3,9,12,3,15,179,72,251,0,0,0,12,13,25,715,485,1200,2023-01-31T23:00:00Z
17,383,Selca,135,117,252,45,15,60,8,5,13,7,1,8,67,22,89,0,0,0,1,2,3,263,162,425,2023-01-31T23:00:00Z
17,389,Sinj,1958,2171,4129,332,149,481,56,20,76,47,38,85,334,371,705,0,0,0,5,12,17,2732,2761,5493,2023-01-31T23:00:00Z
17,406,Solin,3636,3175,6811,268,170,438,12,6,18,146,39,185,300,300,600,0,0,0,12,12,24,4374,3702,8076,2023-01-31T23:00:00Z
17,409,Split,35017,38781,73798,1680,1165,2845,67,42,109,2268,439,2707,1473,2095,3568,6,2,8,222,225,447,40733,42749,83482,2023-01-31T23:00:00Z
17,413,Stari Grad,331,319,650,66,21,87,20,14,34,6,4,10,48,32,80,0,0,0,16,21,37,487,411,898,2023-01-31T23:00:00Z
17,423,Sućuraj,21,25,46,23,2,25,2,1,3,0,0,0,11,7,18,0,0,0,0,1,1,57,36,93,2023-01-31T23:00:00Z
17,427,Supetar,565,750,1315,125,62,187,19,8,27,23,9,32,103,121,224,0,0,0,10,4,14,845,954,1799,2023-01-31T23:00:00Z
17,443,Šestanovac,161,153,314,30,7,37,11,2,13,1,2,3,16,23,39,0,0,0,3,0,3,222,187,409,2023-01-31T23:00:00Z
17,447,Šolta,168,128,296,17,9,26,9,3,12,9,0,9,10,10,20,0,0,0,9,12,21,222,162,384,2023-01-31T23:00:00Z
17,460,Trilj,514,562,1076,142,38,180,19,10,29,15,2,17,109,125,234,0,0,0,1,6,7,800,743,1543,2023-01-31T23:00:00Z
17,463,Trogir,1875,1897,3772,326,146,472,15,5,20,63,38,101,276,357,633,0,0,0,28,79,107,2583,2522,5105,2023-01-31T23:00:00Z
17,492,Vis,230,254,484,50,15,65,14,4,18,4,2,6,31,22,53,0,0,0,20,15,35,349,312,661,2023-01-31T23:00:00Z
17,50,Cista Provo,115,177,292,26,4,30,7,0,7,1,0,1,7,9,16,0,0,0,0,3,3,156,193,349,2023-01-31T23:00:00Z
17,511,Vrgorac,980,772,1752,52,28,80,26,13,39,5,6,11,42,80,122,0,0,0,2,9,11,1107,908,2015,2023-01-31T23:00:00Z
17,513,Vrlika,101,228,329,15,5,20,13,6,19,1,0,1,28,7,35,0,0,0,1,0,1,159,246,405,2023-01-31T23:00:00Z
17,522,Zagvozd,137,75,212,18,3,21,3,0,3,0,0,0,13,9,22,0,0,0,0,0,0,171,87,258,2023-01-31T23:00:00Z
17,528,Zmijavci,95,133,228,9,3,12,1,1,2,3,0,3,29,13,42,0,0,0,0,1,1,137,151,288,2023-01-31T23:00:00Z
17,585,Dugopolje,1622,918,2540,43,13,56,4,3,7,13,2,15,52,24,76,0,0,0,0,0,0,1734,960,2694,2023-01-31T23:00:00Z
17,586,Lećevica,9,36,45,7,0,7,1,1,2,2,0,2,2,0,2,0,0,0,1,0,1,22,37,59,2023-01-31T23:00:00Z
17,587,Lokvičići,29,30,59,2,0,2,2,0,2,0,0,0,1,2,3,0,0,0,1,0,1,35,32,67,2023-01-31T23:00:00Z
17,588,Okrug,162,221,383,38,16,54,2,0,2,11,4,15,101,29,130,0,0,0,9,18,27,323,288,611,2023-01-31T23:00:00Z
17,589,Prgomet,30,29,59,7,0,7,1,1,2,1,0,1,1,0,1,0,0,0,1,0,1,41,30,71,2023-01-31T23:00:00Z
17,590,Primorski Dolac,17,60,77,4,1,5,2,1,3,0,1,1,3,3,6,0,0,0,0,0,0,26,66,92,2023-01-31T23:00:00Z
17,591,Runovići,72,93,165,15,0,15,0,2,2,0,2,2,28,36,64,0,0,0,0,1,1,115,134,249,2023-01-31T23:00:00Z
17,592,Sutivan,89,72,161,15,8,23,5,1,6,7,1,8,24,10,34,0,0,0,4,2,6,144,94,238,2023-01-31T23:00:00Z
17,593,Tučepi,207,152,359,18,14,32,1,1,2,2,3,5,40,17,57,0,0,0,6,33,39,274,220,494,2023-01-31T23:00:00Z
17,595,Zadvarje,45,29,74,7,1,8,1,1,2,0,0,0,5,2,7,0,0,0,0,2,2,58,35,93,2023-01-31T23:00:00Z
17,72,Dicmo,482,198,680,37,17,54,5,2,7,3,1,4,28,43,71,0,0,0,1,0,1,556,261,817,2023-01-31T23:00:00Z
17,77,Brela,185,159,344,27,9,36,0,0,0,2,1,3,15,21,36,0,0,0,6,6,12,235,196,431,2023-01-31T23:00:00Z
17,87,Muć,175,221,396,21,3,24,2,4,6,2,4,6,9,9,18,0,0,0,0,1,1,209,242,451,2023-01-31T23:00:00Z
17,88,Proložac,189,180,369,18,6,24,3,4,7,0,0,0,36,23,59,0,0,0,4,2,6,250,215,465,2023-01-31T23:00:00Z
17,9,Baška Voda,209,210,419,56,28,84,1,0,1,5,1,6,43,45,88,0,0,0,14,23,37,328,307,635,2023-01-31T23:00:00Z
18,132,Gračišće,60,25,85,26,5,31,10,3,13,0,0,0,35,8,43,0,0,0,0,0,0,131,41,172,2023-01-31T23:00:00Z
18,138,Grožnjan,26,23,49,19,1,20,10,5,15,0,0,0,5,11,16,0,0,0,0,1,1,60,41,101,2023-01-31T23:00:00Z
18,175,Kanfanar,557,253,810,32,8,40,4,0,4,1,0,1,16,14,30,0,0,0,1,2,3,611,277,888,2023-01-31T23:00:00Z
18,217,Kršan,374,290,664,48,13,61,9,3,12,3,1,4,121,58,179,0,0,0,0,4,4,555,369,924,2023-01-31T23:00:00Z
18,222,Labin,2603,2300,4903,247,134,381,18,8,26,33,34,67,263,216,479,0,0,0,108,175,283,3272,2867,6139,2023-01-31T23:00:00Z
18,223,Lanišće,15,12,27,3,0,3,2,0,2,0,1,1,11,4,15,0,0,0,1,1,2,32,18,50,2023-01-31T23:00:00Z
18,235,Ližnjan,164,115,279,13,5,18,2,0,2,2,0,2,25,31,56,0,0,0,6,14,20,212,165,377,2023-01-31T23:00:00Z
18,246,Lupoglav,210,102,312,12,5,17,5,2,7,0,1,1,14,11,25,0,0,0,0,1,1,241,122,363,2023-01-31T23:00:00Z
18,254,Marčana,162,189,351,42,12,54,3,2,5,4,1,5,34,26,60,0,0,0,2,1,3,247,231,478,2023-01-31T23:00:00Z
18,263,Medulin,634,605,1239,65,39,104,5,2,7,4,6,10,96,98,194,0,0,0,33,54,87,837,804,1641,2023-01-31T23:00:00Z
18,274,Motovun,92,107,199,31,13,44,18,6,24,1,1,2,45,23,68,0,0,0,5,16,21,192,166,358,2023-01-31T23:00:00Z
18,291,Novigrad,916,1012,1928,125,56,181,17,4,21,2,9,11,106,86,192,0,0,0,13,40,53,1179,1207,2386,2023-01-31T23:00:00Z
18,304,Oprtalj,63,79,142,12,7,19,14,1,15,0,0,0,10,11,21,0,0,0,3,2,5,102,100,202,2023-01-31T23:00:00Z
18,321,Pazin,1961,1985,3946,306,127,433,57,26,83,14,21,35,302,200,502,0,0,0,3,17,20,2643,2376,5019,2023-01-31T23:00:00Z
18,330,Pićan,333,153,486,34,9,43,1,5,6,1,2,3,50,17,67,0,0,0,1,1,2,420,187,607,2023-01-31T23:00:00Z
18,348,Poreč,4626,4380,9006,652,339,991,47,17,64,54,53,107,483,424,907,2,1,3,194,215,409,6058,5429,11487,2023-01-31T23:00:00Z
18,359,Pula,13026,12618,25644,1312,697,2009,72,48,120,254,169,423,897,1015,1912,0,0,0,134,122,256,15695,14669,30364,2023-01-31T23:00:00Z
18,368,Raša,280,158,438,29,8,37,2,0,2,2,1,3,43,25,68,0,0,0,1,1,2,357,193,550,2023-01-31T23:00:00Z
18,374,Rovinj,2970,3220,6190,413,216,629,29,20,49,29,36,65,401,332,733,0,0,0,51,154,205,3893,3978,7871,2023-01-31T23:00:00Z
18,40,Brtonigla,123,99,222,41,12,53,20,8,28,1,1,2,43,50,93,0,0,0,3,3,6,231,173,404,2023-01-31T23:00:00Z
18,42,Buje,784,781,1565,116,45,161,28,13,41,6,7,13,62,55,117,0,0,0,3,6,9,999,907,1906,2023-01-31T23:00:00Z
18,43,Buzet,1600,1101,2701,169,63,232,24,12,36,6,5,11,120,103,223,0,0,0,6,7,13,1925,1291,3216,2023-01-31T23:00:00Z
18,431,Sveti Lovreč,59,56,115,21,10,31,2,0,2,0,1,1,44,13,57,0,0,0,0,1,1,126,81,207,2023-01-31T23:00:00Z
18,432,Sveta Nedelja,173,141,314,31,8,39,8,2,10,5,0,5,44,19,63,0,0,0,3,1,4,264,171,435,2023-01-31T23:00:00Z
18,433,Sveti Petar U Šumi,182,124,306,22,4,26,3,4,7,0,0,0,12,5,17,0,0,0,1,1,2,220,138,358,2023-01-31T23:00:00Z
18,435,Svetvinčenat,138,104,242,22,5,27,2,0,2,0,1,1,25,23,48,0,0,0,1,1,2,188,134,322,2023-01-31T23:00:00Z
18,453,Tinjan,191,98,289,39,8,47,5,1,6,2,3,5,52,30,82,0,0,0,1,0,1,290,140,430,2023-01-31T23:00:00Z
18,468,Umag,2661,2161,4822,393,171,564,31,16,47,36,31,67,301,301,602,0,0,0,39,72,111,3461,2752,6213,2023-01-31T23:00:00Z
18,47,Cerovlje,133,54,187,34,3,37,4,3,7,0,0,0,26,15,41,0,0,0,0,1,1,197,76,273,2023-01-31T23:00:00Z
18,497,Višnjan,301,275,576,43,9,52,12,3,15,1,1,2,92,35,127,0,0,0,2,0,2,451,323,774,2023-01-31T23:00:00Z
18,498,Vižinada,66,54,120,28,11,39,15,6,21,1,0,1,26,29,55,0,0,0,0,0,0,136,100,236,2023-01-31T23:00:00Z
18,5,Bale,148,120,268,20,21,41,2,2,4,0,0,0,38,14,52,0,0,0,5,3,8,213,160,373,2023-01-31T23:00:00Z
18,502,Vodnjan,844,647,1491,52,23,75,8,3,11,7,2,9,82,47,129,0,1,1,1,1,2,994,724,1718,2023-01-31T23:00:00Z
18,516,Vrsar,340,290,630,78,28,106,3,3,6,3,1,4,83,83,166,0,0,0,18,10,28,525,415,940,2023-01-31T23:00:00Z
18,531,Žminj,477,449,926,110,45,155,13,9,22,3,5,8,81,94,175,0,0,0,3,4,7,687,606,1293,2023-01-31T23:00:00Z
18,596,Karojba,122,81,203,32,6,38,2,1,3,0,0,0,51,8,59,0,1,1,0,0,0,207,97,304,2023-01-31T23:00:00Z
18,597,Kaštelir - Labinci,155,82,237,36,18,54,7,5,12,1,0,1,48,12,60,0,0,0,1,3,4,248,120,368,2023-01-31T23:00:00Z
18,6,Barban,250,110,360,43,6,49,13,6,19,0,1,1,29,24,53,0,0,0,2,3,5,337,150,487,2023-01-31T23:00:00Z
18,619,Fažana,275,267,542,30,12,42,0,2,2,4,4,8,26,23,49,0,0,0,0,3,3,335,311,646,2023-01-31T23:00:00Z
18,629,Funtana,124,93,217,20,8,28,1,1,2,1,0,1,18,28,46,0,0,0,15,9,24,179,139,318,2023-01-31T23:00:00Z
18,631,Tar-Vabriga,172,235,407,40,16,56,3,0,3,0,0,0,41,30,71,0,0,0,1,10,11,257,291,548,2023-01-31T23:00:00Z
19,198,Konavle,1252,910,2162,192,72,264,19,12,31,40,8,48,64,87,151,0,0,0,79,56,135,1646,1145,2791,2023-01-31T23:00:00Z
19,204,Korčula,641,854,1495,120,52,172,18,5,23,116,12,128,84,81,165,0,0,0,58,59,117,1037,1063,2100,2023-01-31T23:00:00Z
19,219,Kula Norinska,37,39,76,9,1,10,1,0,1,0,0,0,7,6,13,0,0,0,0,0,0,54,46,100,2023-01-31T23:00:00Z
19,226,Lastovo,60,90,150,28,8,36,3,2,5,3,0,3,11,4,15,0,0,0,3,6,9,108,110,218,2023-01-31T23:00:00Z
19,25,Blato,569,414,983,72,21,93,15,5,20,11,8,19,149,40,189,0,0,0,9,7,16,825,495,1320,2023-01-31T23:00:00Z
19,264,Metković,2145,1789,3934,179,123,302,39,22,61,48,18,66,324,263,587,0,0,0,8,19,27,2743,2234,4977,2023-01-31T23:00:00Z
19,268,Mljet,173,89,262,13,6,19,3,1,4,3,2,5,7,9,16,0,0,0,6,3,9,205,110,315,2023-01-31T23:00:00Z
19,306,Opuzen,442,417,859,32,18,50,53,23,76,4,1,5,27,32,59,0,0,0,3,1,4,561,492,1053,2023-01-31T23:00:00Z
19,308,Orebić,383,366,749,68,42,110,32,10,42,34,5,39,72,65,137,0,0,0,15,40,55,604,528,1132,2023-01-31T23:00:00Z
19,335,Ploče,1339,957,2296,88,55,143,30,10,40,21,5,26,93,116,209,0,0,0,3,3,6,1574,1146,2720,2023-01-31T23:00:00Z
19,343,Pojezerje,26,31,57,4,2,6,7,0,7,0,0,0,2,4,6,0,0,0,0,0,0,39,37,76,2023-01-31T23:00:00Z
19,399,Slivno,70,29,99,9,5,14,12,5,17,1,0,1,8,11,19,0,0,0,3,2,5,103,52,155,2023-01-31T23:00:00Z
19,402,Smokvica,25,64,89,13,3,16,18,5,23,8,0,8,31,7,38,0,0,0,7,14,21,102,93,195,2023-01-31T23:00:00Z
19,419,Ston,433,216,649,54,13,67,24,4,28,10,1,11,46,22,68,0,0,0,3,4,7,570,260,830,2023-01-31T23:00:00Z
19,474,Vela Luka,267,505,772,58,23,81,9,1,10,40,5,45,73,45,118,0,0,0,7,7,14,454,586,1040,2023-01-31T23:00:00Z
19,523,Zažablje,12,12,24,4,0,4,3,2,5,2,1,3,13,1,14,0,0,0,0,0,0,34,16,50,2023-01-31T23:00:00Z
19,598,Dubrovačko Primorje,139,101,240,26,5,31,4,5,9,5,3,8,46,17,63,0,0,0,2,4,6,222,135,357,2023-01-31T23:00:00Z
19,599,Janjina,54,58,112,12,3,15,9,3,12,1,1,2,10,11,21,0,0,0,4,2,6,90,78,168,2023-01-31T23:00:00Z
19,600,Lumbarda,50,51,101,35,12,47,10,1,11,4,0,4,20,18,38,0,0,0,9,15,24,128,97,225,2023-01-31T23:00:00Z
19,601,Trpanj,51,42,93,11,3,14,3,1,4,0,0,0,16,7,23,0,0,0,4,6,10,85,59,144,2023-01-31T23:00:00Z
19,602,Župa Dubrovačka,687,693,1380,134,64,198,3,7,10,70,2,72,71,65,136,0,0,0,8,19,27,973,850,1823,2023-01-31T23:00:00Z
19,98,Dubrovnik,9728,10375,20103,773,382,1155,31,17,48,519,75,594,440,547,987,1,0,1,182,190,372,11674,11586,23260,2023-01-31T23:00:00Z
20,123,Goričan,315,163,478,7,4,11,9,2,11,0,2,2,12,9,21,0,0,0,0,0,0,343,180,523,2023-01-31T23:00:00Z
20,15,Belica,198,222,420,25,15,40,59,34,93,1,1,2,26,41,67,0,0,0,1,2,3,310,315,625,2023-01-31T23:00:00Z
20,206,Kotoriba,527,268,795,9,4,13,5,0,5,0,5,5,9,11,20,0,0,0,0,0,0,550,288,838,2023-01-31T23:00:00Z
20,250,Mala Subotica,553,1136,1689,24,17,41,31,14,45,2,5,7,17,23,40,0,0,0,1,3,4,628,1198,1826,2023-01-31T23:00:00Z
20,276,Mursko Središće,833,769,1602,47,26,73,13,7,20,2,7,9,43,50,93,0,0,0,3,1,4,941,860,1801,2023-01-31T23:00:00Z
20,279,Nedelišće,1468,853,2321,99,45,144,39,20,59,2,7,9,129,81,210,0,0,0,0,4,4,1737,1010,2747,2023-01-31T23:00:00Z
20,342,Podturen,212,122,334,22,8,30,16,13,29,1,2,3,46,37,83,0,0,0,1,1,2,298,183,481,2023-01-31T23:00:00Z
20,355,Prelog,2379,1675,4054,64,25,89,50,27,77,7,10,17,73,66,139,0,0,0,6,8,14,2579,1811,4390,2023-01-31T23:00:00Z
20,385,Selnica,148,155,303,12,11,23,8,4,12,1,0,1,17,14,31,0,0,0,1,0,1,187,184,371,2023-01-31T23:00:00Z
20,440,Sveti Juraj Na Bregu,287,199,486,26,16,42,12,7,19,2,2,4,36,47,83,0,0,0,0,0,0,363,271,634,2023-01-31T23:00:00Z
20,441,Sveti Martin Na Muri,603,342,945,17,11,28,7,4,11,0,3,3,29,33,62,0,0,0,3,0,3,659,393,1052,2023-01-31T23:00:00Z
20,452,Štrigova,299,206,505,26,11,37,37,21,58,2,1,3,56,70,126,0,0,0,0,1,1,420,310,730,2023-01-31T23:00:00Z
20,504,Vratišinec,135,93,228,7,2,9,11,2,13,1,2,3,8,8,16,0,0,0,1,1,2,163,108,271,2023-01-31T23:00:00Z
20,60,Čakovec,9897,9235,19132,255,145,400,59,25,84,42,60,102,253,333,586,0,0,0,9,16,25,10515,9814,20329,2023-01-31T23:00:00Z
20,603,Dekanovec,95,80,175,6,1,7,4,6,10,0,0,0,7,2,9,0,0,0,0,0,0,112,89,201,2023-01-31T23:00:00Z
20,604,Gornji Mihaljevec,91,71,162,13,3,16,24,9,33,2,1,3,24,16,40,0,0,0,1,1,2,155,101,256,2023-01-31T23:00:00Z
20,605,Orehovica,192,155,347,17,3,20,24,10,34,1,2,3,49,21,70,0,0,0,0,2,2,283,193,476,2023-01-31T23:00:00Z
20,606,Strahoninec,241,151,392,13,6,19,3,2,5,0,2,2,35,11,46,0,0,0,0,1,1,292,173,465,2023-01-31T23:00:00Z
20,607,Sveta Marija,59,80,139,13,2,15,6,0,6,1,1,2,22,6,28,0,0,0,0,1,1,101,90,191,2023-01-31T23:00:00Z
20,608,Šenkovec,504,262,766,19,9,28,2,1,3,0,1,1,26,22,48,0,0,0,0,1,1,551,296,847,2023-01-31T23:00:00Z
20,620,Pribislavec,342,211,553,9,8,17,3,1,4,2,1,3,18,10,28,0,0,0,0,1,1,374,232,606,2023-01-31T23:00:00Z
20,75,Domašinec,261,112,373,7,9,16,18,16,34,0,1,1,17,9,26,0,0,0,2,2,4,305,149,454,2023-01-31T23:00:00Z
20,78,Donja Dubrava,203,238,441,16,6,22,5,3,8,0,2,2,11,14,25,0,0,0,0,0,0,235,263,498,2023-01-31T23:00:00Z
20,82,Donji Kraljevec,1436,664,2100,41,15,56,50,20,70,3,4,7,90,117,207,0,0,0,4,9,13,1624,829,2453,2023-01-31T23:00:00Z
20,89,Donji Vidovec,54,78,132,5,1,6,2,0,2,1,2,3,3,17,20,0,0,0,0,0,0,65,98,163,2023-01-31T23:00:00Z
21,133,Zagreb,234450,212896,447346,8188,5912,14100,288,167,455,2204,2074,4278,5315,6859,12174,25,8,33,347,524,871,250817,228440,479257,2023-01-31T23:00:00Z
01,101,Dugo Selo,2989,2048,5037,232,122,354,31,21,52,26,28,54,262,269,531,0,0,0,6,16,22,3546,2504,6050,2023-02-28T23:00:00Z
01,114,Farkaševac,146,210,356,8,3,11,25,10,35,0,2,2,36,19,55,0,0,0,1,0,1,216,244,460,2023-02-28T23:00:00Z
01,135,Gradec,145,131,276,13,1,14,10,7,17,0,2,2,52,20,72,0,0,0,0,1,1,220,162,382,2023-02-28T23:00:00Z
01,158,Ivanić-Grad,3234,1740,4974,93,74,167,48,30,78,11,21,32,135,178,313,0,0,0,4,13,17,3525,2056,5581,2023-02-28T23:00:00Z
01,163,Jakovlje,353,328,681,39,7,46,10,8,18,2,0,2,39,35,74,0,0,0,0,0,0,443,378,821,2023-02-28T23:00:00Z
01,169,Jastrebarsko,2303,1778,4081,227,114,341,49,37,86,16,20,36,266,228,494,0,0,0,5,5,10,2866,2182,5048,2023-02-28T23:00:00Z
01,190,Klinča Selo,207,186,393,40,12,52,5,4,9,0,0,0,66,48,114,0,0,0,1,2,3,319,252,571,2023-02-28T23:00:00Z
01,193,Kloštar Ivanić,392,316,708,21,10,31,21,6,27,2,10,12,45,39,84,1,0,1,3,4,7,485,385,870,2023-02-28T23:00:00Z
01,213,Križ,697,430,1127,23,19,42,17,12,29,6,3,9,21,53,74,0,0,0,2,3,5,766,520,1286,2023-02-28T23:00:00Z
01,33,Brckovljani,352,397,749,7,5,12,0,1,1,3,2,5,27,15,42,0,0,0,0,0,0,389,420,809,2023-02-28T23:00:00Z
01,331,Pisarovina,392,314,706,24,25,49,21,19,40,1,1,2,25,27,52,0,0,0,2,3,5,465,389,854,2023-02-28T23:00:00Z
01,34,Brdovec,874,761,1635,96,44,140,15,7,22,1,5,6,94,69,163,0,0,0,5,2,7,1085,888,1973,2023-02-28T23:00:00Z
01,356,Preseka,17,9,26,6,2,8,12,11,23,0,1,1,15,5,20,0,0,0,1,0,1,51,28,79,2023-02-28T23:00:00Z
01,362,Pušča,149,189,338,26,14,40,7,2,9,2,3,5,39,26,65,0,0,0,0,0,0,223,234,457,2023-02-28T23:00:00Z
01,376,Rugvica,1414,558,1972,8,7,15,3,3,6,1,2,3,18,20,38,0,0,0,0,0,0,1444,590,2034,2023-02-28T23:00:00Z
01,380,Samobor,5640,4038,9678,519,322,841,25,22,47,44,63,107,482,468,950,2,2,4,28,24,52,6740,4939,11679,2023-02-28T23:00:00Z
01,429,Sveti Ivan Zelina,2539,2051,4590,168,67,235,64,46,110,14,19,33,259,204,463,0,0,0,5,3,8,3049,2390,5439,2023-02-28T23:00:00Z
01,436,Sveta Nedjelja,5893,3547,9440,224,95,319,5,5,10,11,12,23,350,181,531,0,0,0,9,8,17,6492,3848,10340,2023-02-28T23:00:00Z
01,508,Vrbovec,2195,2085,4280,171,72,243,96,31,127,6,19,25,288,162,450,0,0,0,9,9,18,2765,2378,5143,2023-02-28T23:00:00Z
01,533,Krašić,269,191,460,25,9,34,10,11,21,2,1,3,25,22,47,0,0,0,1,1,2,332,235,567,2023-02-28T23:00:00Z
01,536,Rakovec,35,25,60,9,2,11,7,4,11,0,1,1,23,12,35,0,0,0,0,0,0,74,44,118,2023-02-28T23:00:00Z
01,539,Marija Gorica,77,105,182,14,2,16,0,0,0,1,1,2,17,21,38,0,0,0,0,0,0,109,129,238,2023-02-28T23:00:00Z
01,540,Žumberak,19,20,39,5,1,6,4,3,7,0,0,0,2,7,9,0,0,0,0,0,0,30,31,61,2023-02-28T23:00:00Z
01,541,Velika Gorica,8449,6600,15049,634,388,1022,68,32,100,53,59,112,572,522,1094,1,0,1,17,25,42,9794,7626,17420,2023-02-28T23:00:00Z
01,542,Orle,41,22,63,15,0,15,9,4,13,0,0,0,13,4,17,0,0,0,1,0,1,79,30,109,2023-02-28T23:00:00Z
01,543,Zaprešić,3367,2987,6354,217,158,375,11,12,23,33,44,77,250,240,490,0,0,0,11,12,23,3889,3453,7342,2023-02-28T23:00:00Z
01,544,Pokupsko,38,79,117,11,6,17,12,4,16,0,1,1,10,7,17,0,0,0,0,0,0,71,97,168,2023-02-28T23:00:00Z
01,545,Kravarsko,107,106,213,39,12,51,5,4,9,0,0,0,75,18,93,0,0,0,1,1,2,227,141,368,2023-02-28T23:00:00Z
01,547,Bistra,368,525,893,50,22,72,8,5,13,2,6,8,60,42,102,1,0,1,2,2,4,491,602,1093,2023-02-28T23:00:00Z
01,548,Luka,299,113,412,15,2,17,2,3,5,1,1,2,18,20,38,0,0,0,0,0,0,335,139,474,2023-02-28T23:00:00Z
01,549,Dubravica,69,42,111,15,0,15,12,4,16,0,0,0,12,17,29,0,0,0,0,0,0,108,63,171,2023-02-28T23:00:00Z
01,550,Bedenica,215,164,379,12,4,16,4,4,8,1,1,2,17,8,25,0,0,0,0,0,0,249,181,430,2023-02-28T23:00:00Z
01,551,Stupnik,1517,570,2087,31,14,45,1,1,2,2,3,5,20,30,50,0,0,0,0,1,1,1571,619,2190,2023-02-28T23:00:00Z
01,97,Dubrava,306,339,645,48,22,70,66,42,108,5,12,17,60,81,141,0,0,0,1,4,5,486,500,986,2023-02-28T23:00:00Z
02,108,Đurmanec,136,149,285,56,18,74,2,2,4,3,1,4,115,84,199,0,0,0,2,1,3,314,255,569,2023-02-28T23:00:00Z
02,11,Bedekovčina,550,758,1308,87,37,124,7,6,13,8,7,15,125,103,228,0,0,0,5,4,9,782,915,1697,2023-02-28T23:00:00Z
02,125,Gornja Stubica,241,297,538,55,16,71,6,5,11,2,1,3,73,53,126,0,0,0,2,1,3,379,373,752,2023-02-28T23:00:00Z
02,146,Hraščina,49,49,98,10,3,13,2,3,5,0,1,1,6,8,14,0,0,0,0,0,0,67,64,131,2023-02-28T23:00:00Z
02,152,Hum Na Sutli,1556,655,2211,54,28,82,4,0,4,1,7,8,257,77,334,0,0,0,1,2,3,1873,769,2642,2023-02-28T23:00:00Z
02,187,Klanjec,283,280,563,68,23,91,10,6,16,5,1,6,66,50,116,0,0,0,2,3,5,434,363,797,2023-02-28T23:00:00Z
02,200,Konjščina,432,409,841,31,20,51,1,2,3,1,2,3,46,33,79,0,0,0,0,1,1,511,467,978,2023-02-28T23:00:00Z
02,208,Kraljevec Na Sutli,73,48,121,13,4,17,3,1,4,0,0,0,18,6,24,0,0,0,0,1,1,107,60,167,2023-02-28T23:00:00Z
02,211,Krapina,2928,2368,5296,172,102,274,8,4,12,15,16,31,187,161,348,0,0,0,5,6,11,3315,2657,5972,2023-02-28T23:00:00Z
02,212,Krapinske Toplice,614,1221,1835,66,37,103,6,4,10,0,5,5,105,74,179,0,1,1,3,1,4,794,1343,2137,2023-02-28T23:00:00Z
02,236,Lobor,166,246,412,25,8,33,4,3,7,0,1,1,34,19,53,0,0,0,1,2,3,230,279,509,2023-02-28T23:00:00Z
02,248,Mače,105,78,183,29,7,36,3,4,7,1,0,1,72,35,107,0,0,0,0,0,0,210,124,334,2023-02-28T23:00:00Z
02,256,Marija Bistrica,339,358,697,69,43,112,13,6,19,0,5,5,70,69,139,0,0,0,3,2,5,494,483,977,2023-02-28T23:00:00Z
02,265,Mihovljan,90,122,212,32,8,40,3,0,3,0,0,0,65,17,82,0,0,0,1,1,2,191,148,339,2023-02-28T23:00:00Z
02,311,Oroslavje,995,835,1830,70,36,106,10,2,12,6,8,14,90,67,157,0,0,0,3,2,5,1174,950,2124,2023-02-28T23:00:00Z
02,329,Petrovsko,109,54,163,16,3,19,1,0,1,5,0,5,59,13,72,0,0,0,1,0,1,191,70,261,2023-02-28T23:00:00Z
02,352,Pregrada,818,931,1749,111,32,143,2,5,7,6,6,12,171,110,281,0,0,0,1,1,2,1109,1085,2194,2023-02-28T23:00:00Z
02,364,Radoboj,154,113,267,15,13,28,1,1,2,0,2,2,54,22,76,0,0,0,0,0,0,224,151,375,2023-02-28T23:00:00Z
02,41,Budinščina,199,187,386,15,6,21,7,1,8,2,2,4,18,12,30,0,0,0,2,0,2,243,208,451,2023-02-28T23:00:00Z
02,422,Stubičke Toplice,250,427,677,34,19,53,0,2,2,2,5,7,61,27,88,0,0,0,2,0,2,349,480,829,2023-02-28T23:00:00Z
02,430,Sveti Križ Začretje,698,795,1493,74,24,98,10,4,14,1,5,6,143,99,242,0,0,0,4,0,4,930,927,1857,2023-02-28T23:00:00Z
02,466,Tuhelj,152,214,366,21,10,31,5,1,6,1,2,3,44,42,86,0,0,0,0,0,0,223,269,492,2023-02-28T23:00:00Z
02,481,Veliko Trgovišće,582,423,1005,51,16,67,3,3,6,2,5,7,104,48,152,0,0,0,3,2,5,745,497,1242,2023-02-28T23:00:00Z
02,519,Zabok,2808,2980,5788,141,87,228,7,3,10,13,16,29,179,222,401,0,0,0,1,2,3,3149,3310,6459,2023-02-28T23:00:00Z
02,521,Zagorska Sela,9,51,60,8,1,9,5,2,7,0,1,1,16,4,20,0,0,0,0,0,0,38,59,97,2023-02-28T23:00:00Z
02,526,Zlatar,527,661,1188,98,54,152,26,16,42,8,8,16,124,79,203,0,0,0,3,0,3,786,818,1604,2023-02-28T23:00:00Z
02,527,Zlatar Bistrica,306,527,833,26,7,33,4,1,5,5,0,5,72,46,118,0,0,0,3,1,4,416,582,998,2023-02-28T23:00:00Z
02,552,Jesenje,78,81,159,8,1,9,0,0,0,0,0,0,51,7,58,0,0,0,0,0,0,137,89,226,2023-02-28T23:00:00Z
02,553,Kumrovec,81,95,176,18,6,24,2,0,2,4,1,5,17,14,31,0,0,0,0,0,0,122,116,238,2023-02-28T23:00:00Z
02,554,Novi Golubovec,135,59,194,3,2,5,1,0,1,0,0,0,5,1,6,0,0,0,0,0,0,144,62,206,2023-02-28T23:00:00Z
02,70,Desinić,118,273,391,31,8,39,10,2,12,3,1,4,44,35,79,0,0,0,0,1,1,206,320,526,2023-02-28T23:00:00Z
02,79,Donja Stubica,831,694,1525,97,49,146,6,4,10,7,3,10,78,52,130,0,0,0,1,3,4,1020,805,1825,2023-02-28T23:00:00Z
03,102,Dvor,290,166,456,16,5,21,58,22,80,0,2,2,13,11,24,0,0,0,1,2,3,378,208,586,2023-02-28T23:00:00Z
03,121,Glina,1143,726,1869,46,21,67,57,28,85,4,9,13,74,68,142,0,0,0,0,0,0,1324,852,2176,2023-02-28T23:00:00Z
03,149,Hrvatska Dubica,72,73,145,9,2,11,13,4,17,0,0,0,8,5,13,0,0,0,0,1,1,102,85,187,2023-02-28T23:00:00Z
03,150,Hrvatska Kostajnica,311,300,611,19,9,28,8,4,12,0,3,3,13,24,37,0,0,0,2,0,2,353,340,693,2023-02-28T23:00:00Z
03,168,Jasenovac,141,151,292,14,6,20,15,4,19,0,0,0,13,11,24,0,0,0,0,1,1,183,173,356,2023-02-28T23:00:00Z
03,220,Kutina,3539,2895,6434,179,114,293,45,21,66,36,25,61,202,252,454,1,0,1,10,8,18,4012,3315,7327,2023-02-28T23:00:00Z
03,228,Lekenik,378,301,679,43,11,54,10,7,17,1,3,4,54,33,87,0,0,0,1,1,2,487,356,843,2023-02-28T23:00:00Z
03,232,Lipovljani,253,282,535,25,8,33,11,2,13,1,0,1,37,41,78,0,0,0,0,3,3,327,336,663,2023-02-28T23:00:00Z
03,259,Martinska Ves,132,62,194,10,1,11,28,13,41,3,0,3,51,17,68,0,0,0,0,0,0,224,93,317,2023-02-28T23:00:00Z
03,293,Novska,1302,1083,2385,178,102,280,34,15,49,6,18,24,248,241,489,0,0,0,2,7,9,1770,1466,3236,2023-02-28T23:00:00Z
03,328,Petrinja,1793,1789,3582,249,101,350,76,28,104,11,24,35,310,278,588,0,0,0,5,3,8,2444,2223,4667,2023-02-28T23:00:00Z
03,347,Popovača,889,1090,1979,85,42,127,49,18,67,6,10,16,105,120,225,0,0,0,5,2,7,1139,1282,2421,2023-02-28T23:00:00Z
03,391,Sisak,7015,8144,15159,380,223,603,99,53,152,44,75,119,604,561,1165,0,0,0,15,15,30,8157,9071,17228,2023-02-28T23:00:00Z
03,426,Sunja,213,184,397,22,11,33,49,29,78,1,2,3,14,20,34,0,0,0,2,1,3,301,247,548,2023-02-28T23:00:00Z
03,457,Topusko,228,349,577,15,8,23,7,2,9,5,1,6,24,21,45,0,0,0,0,0,0,279,381,660,2023-02-28T23:00:00Z
03,477,Velika Ludina,123,161,284,11,9,20,12,3,15,0,0,0,24,15,39,0,0,0,0,0,0,170,188,358,2023-02-28T23:00:00Z
03,510,Gvozd,108,89,197,10,4,14,15,4,19,0,0,0,18,11,29,0,0,0,1,0,1,152,108,260,2023-02-28T23:00:00Z
03,555,Majur,137,84,221,1,1,2,3,1,4,0,0,0,3,1,4,0,0,0,0,0,0,144,87,231,2023-02-28T23:00:00Z
03,83,Donji Kukuruzari,38,65,103,5,0,5,6,3,9,0,0,0,1,3,4,0,0,0,1,1,2,51,72,123,2023-02-28T23:00:00Z
04,120,Generalski Stol,42,73,115,20,5,25,1,0,1,0,1,1,24,11,35,0,0,0,0,0,0,87,90,177,2023-02-28T23:00:00Z
04,172,Josipdol,198,180,378,27,15,42,2,6,8,2,1,3,41,46,87,0,0,0,0,0,0,270,248,518,2023-02-28T23:00:00Z
04,179,Karlovac,10741,9053,19794,421,304,725,70,55,125,66,84,150,605,803,1408,0,0,0,12,19,31,11915,10318,22233,2023-02-28T23:00:00Z
04,216,Krnjak,158,72,230,3,2,5,5,4,9,1,0,1,11,5,16,0,0,0,0,0,0,178,83,261,2023-02-28T23:00:00Z
04,225,Lasinja,28,47,75,5,3,8,0,5,5,2,0,2,4,6,10,0,0,0,0,0,0,39,61,100,2023-02-28T23:00:00Z
04,281,Netretić,111,109,220,17,3,20,3,1,4,1,1,2,35,30,65,0,0,0,0,0,0,167,144,311,2023-02-28T23:00:00Z
04,297,Ogulin,1815,1854,3669,154,89,243,37,18,55,10,28,38,151,180,331,0,0,0,5,9,14,2172,2178,4350,2023-02-28T23:00:00Z
04,30,Bosiljevo,99,83,182,4,0,4,0,0,0,1,1,2,30,31,61,0,0,0,0,0,0,134,115,249,2023-02-28T23:00:00Z
04,315,Ozalj,765,647,1412,88,30,118,22,14,36,3,8,11,132,87,219,0,1,1,1,3,4,1011,790,1801,2023-02-28T23:00:00Z
04,333,Plaški,89,95,184,10,3,13,9,2,11,0,1,1,37,32,69,0,0,0,0,0,0,145,133,278,2023-02-28T23:00:00Z
04,365,Rakovica,161,202,363,8,8,16,3,3,6,0,0,0,61,63,124,0,0,0,1,2,3,234,278,512,2023-02-28T23:00:00Z
04,378,Saborsko,11,15,26,1,0,1,1,0,1,0,0,0,2,1,3,0,0,0,0,0,0,15,16,31,2023-02-28T23:00:00Z
04,400,Slunj,349,413,762,57,16,73,36,19,55,3,6,9,123,96,219,0,0,0,2,20,22,570,570,1140,2023-02-28T23:00:00Z
04,49,Cetingrad,61,64,125,7,1,8,2,3,5,0,0,0,7,6,13,0,0,0,0,0,0,77,74,151,2023-02-28T23:00:00Z
04,503,Vojnić,371,269,640,22,13,35,41,13,54,1,0,1,28,32,60,0,0,0,3,0,3,466,327,793,2023-02-28T23:00:00Z
04,530,Žakanje,170,100,270,27,11,38,5,1,6,0,0,0,29,24,53,0,0,0,0,1,1,231,137,368,2023-02-28T23:00:00Z
04,556,Ribnik,8,6,14,9,3,12,2,1,3,0,0,0,5,7,12,0,0,0,0,0,0,24,17,41,2023-02-28T23:00:00Z
04,557,Tounj,62,36,98,6,0,6,0,0,0,0,0,0,3,6,9,0,0,0,0,0,0,71,42,113,2023-02-28T23:00:00Z
04,623,Kamanje,156,95,251,4,1,5,0,0,0,0,0,0,4,6,10,0,0,0,0,0,0,164,102,266,2023-02-28T23:00:00Z
04,7,Barilovići,297,159,456,20,9,29,6,0,6,0,1,1,111,29,140,0,0,0,0,0,0,434,198,632,2023-02-28T23:00:00Z
04,90,Draganić,184,208,392,13,3,16,7,2,9,0,1,1,19,19,38,0,0,0,0,0,0,223,233,456,2023-02-28T23:00:00Z
04,99,Duga Resa,1265,1058,2323,131,71,202,18,19,37,4,17,21,179,194,373,0,0,0,6,10,16,1603,1369,2972,2023-02-28T23:00:00Z
05,12,Bednja,215,176,391,18,7,25,3,4,7,1,1,2,27,14,41,0,0,0,0,1,1,264,203,467,2023-02-28T23:00:00Z
05,129,Gornji Kneginec,635,1001,1636,53,33,86,8,5,13,3,8,11,66,50,116,0,0,0,4,5,9,769,1102,1871,2023-02-28T23:00:00Z
05,151,Breznički Hum,197,149,346,11,4,15,6,7,13,0,2,2,21,13,34,0,0,0,2,3,5,237,178,415,2023-02-28T23:00:00Z
05,156,Ivanec,2246,1885,4131,173,65,238,13,11,24,10,18,28,309,258,567,0,0,0,7,11,18,2758,2248,5006,2023-02-28T23:00:00Z
05,165,Jalžabet,728,1041,1769,23,4,27,11,5,16,0,3,3,46,28,74,0,0,0,0,1,1,808,1082,1890,2023-02-28T23:00:00Z
05,189,Klenovnik,182,65,247,9,4,13,0,0,0,0,0,0,22,26,48,0,0,0,2,0,2,215,95,310,2023-02-28T23:00:00Z
05,19,Beretinec,87,46,133,19,2,21,3,2,5,0,1,1,14,20,34,0,0,0,1,0,1,124,71,195,2023-02-28T23:00:00Z
05,229,Lepoglava,1361,652,2013,62,33,95,4,2,6,1,4,5,98,53,151,0,0,0,1,5,6,1527,749,2276,2023-02-28T23:00:00Z
05,244,Ludbreg,1931,1676,3607,126,59,185,59,34,93,9,13,22,225,173,398,0,0,0,2,5,7,2352,1960,4312,2023-02-28T23:00:00Z
05,247,Ljubešćica,360,173,533,25,8,33,0,0,0,1,3,4,82,20,102,0,0,0,1,0,1,469,204,673,2023-02-28T23:00:00Z
05,251,Mali Bukovec,42,80,122,11,5,16,23,18,41,0,1,1,97,33,130,0,0,0,0,1,1,173,138,311,2023-02-28T23:00:00Z
05,260,Maruševec,345,299,644,61,26,87,21,23,44,4,2,6,114,44,158,0,0,0,3,2,5,548,396,944,2023-02-28T23:00:00Z
05,289,Novi Marof,1285,1217,2502,158,72,230,12,13,25,9,17,26,300,170,470,0,0,0,7,6,13,1771,1495,3266,2023-02-28T23:00:00Z
05,326,Petrijanec,475,774,1249,25,10,35,15,8,23,1,3,4,86,76,162,0,0,0,0,1,1,602,872,1474,2023-02-28T23:00:00Z
05,36,Breznica,151,70,221,18,3,21,6,5,11,1,5,6,41,13,54,0,0,0,0,0,0,217,96,313,2023-02-28T23:00:00Z
05,410,Sračinec,272,278,550,36,15,51,1,1,2,0,6,6,93,62,155,0,0,0,0,2,2,402,364,766,2023-02-28T23:00:00Z
05,437,Sveti Đurđ,73,102,175,29,4,33,27,8,35,2,1,3,31,32,63,0,0,0,0,0,0,162,147,309,2023-02-28T23:00:00Z
05,438,Sveti Ilija,176,200,376,17,8,25,1,1,2,0,4,4,38,31,69,0,0,0,0,0,0,232,244,476,2023-02-28T23:00:00Z
05,462,Trnovec Bartolovečki,1335,1381,2716,71,19,90,16,6,22,1,3,4,254,89,343,1,0,1,2,2,4,1680,1500,3180,2023-02-28T23:00:00Z
05,472,Varaždin,16835,15462,32297,529,389,918,51,24,75,81,111,192,514,648,1162,1,0,1,23,21,44,18034,16655,34689,2023-02-28T23:00:00Z
05,473,Varaždinske Toplice,616,558,1174,42,20,62,10,5,15,4,9,13,167,45,212,0,0,0,1,3,4,840,640,1480,2023-02-28T23:00:00Z
05,48,Cestica,379,396,775,55,25,80,14,15,29,1,6,7,104,81,185,0,0,0,2,2,4,555,525,1080,2023-02-28T23:00:00Z
05,484,Vidovec,289,273,562,48,15,63,54,28,82,1,5,6,107,88,195,0,0,0,0,0,0,499,409,908,2023-02-28T23:00:00Z
05,486,Vinica,328,226,554,19,8,27,5,4,9,2,5,7,31,24,55,0,0,0,0,1,1,385,268,653,2023-02-28T23:00:00Z
05,493,Visoko,104,61,165,18,1,19,7,3,10,0,0,0,23,25,48,0,0,0,3,0,3,155,90,245,2023-02-28T23:00:00Z
05,558,Veliki Bukovec,369,251,620,5,3,8,22,9,31,0,0,0,32,30,62,0,0,0,0,0,0,428,293,721,2023-02-28T23:00:00Z
05,80,Donja Voća,74,68,142,7,1,8,5,7,12,0,1,1,27,18,45,0,0,0,0,1,1,113,96,209,2023-02-28T23:00:00Z
05,85,Donji Martijanec,348,160,508,26,6,32,18,3,21,1,1,2,48,30,78,0,0,0,0,0,0,441,200,641,2023-02-28T23:00:00Z
06,104,Đelekovec,36,54,90,22,12,34,40,10,50,0,1,1,18,14,32,0,0,0,0,0,0,116,91,207,2023-02-28T23:00:00Z
06,107,Đurđevac,1417,1240,2657,82,46,128,68,41,109,13,11,24,81,72,153,0,0,0,10,4,14,1671,1414,3085,2023-02-28T23:00:00Z
06,115,Ferdinandovac,43,89,132,11,2,13,39,31,70,1,1,2,20,7,27,0,0,0,1,0,1,115,130,245,2023-02-28T23:00:00Z
06,122,Gola,190,183,373,11,2,13,86,39,125,0,2,2,7,25,32,0,0,0,0,1,1,294,252,546,2023-02-28T23:00:00Z
06,145,Hlebine,11,35,46,5,0,5,14,4,18,1,0,1,0,11,11,0,0,0,1,1,2,32,51,83,2023-02-28T23:00:00Z
06,194,Kloštar Podravski,170,165,335,14,13,27,36,32,68,0,1,1,29,46,75,0,0,0,1,6,7,250,263,513,2023-02-28T23:00:00Z
06,201,Koprivnica,7104,7619,14723,348,211,559,62,27,89,64,65,129,394,425,819,0,2,2,10,8,18,7982,8357,16339,2023-02-28T23:00:00Z
06,202,Koprivnički Bregi,60,93,153,20,4,24,22,8,30,0,0,0,28,9,37,0,0,0,0,0,0,130,114,244,2023-02-28T23:00:00Z
06,203,Koprivnički Ivanec,67,54,121,23,5,28,24,8,32,0,0,0,17,8,25,0,0,0,0,0,0,131,75,206,2023-02-28T23:00:00Z
06,214,Križevci,3661,3834,7495,179,111,290,213,176,389,14,29,43,257,227,484,0,0,0,7,13,20,4331,4390,8721,2023-02-28T23:00:00Z
06,227,Legrad,67,89,156,15,5,20,17,6,23,0,1,1,19,19,38,0,0,0,0,1,1,118,121,239,2023-02-28T23:00:00Z
06,270,Molve,232,119,351,5,9,14,51,29,80,0,2,2,29,16,45,0,0,0,2,3,5,319,178,497,2023-02-28T23:00:00Z
06,292,Novigrad Podravski,92,155,247,9,2,11,16,11,27,0,1,1,17,14,31,0,0,0,0,0,0,134,183,317,2023-02-28T23:00:00Z
06,324,Peteranec,95,45,140,18,3,21,22,9,31,1,1,2,19,12,31,0,0,0,0,1,1,155,71,226,2023-02-28T23:00:00Z
06,366,Rasinja,48,73,121,23,3,26,52,21,73,1,0,1,17,21,38,0,0,0,1,0,1,142,118,260,2023-02-28T23:00:00Z
06,405,Sokolovac,202,99,301,18,4,22,44,13,57,5,3,8,16,9,25,0,0,0,0,0,0,285,128,413,2023-02-28T23:00:00Z
06,439,Sveti Ivan Žabno,282,204,486,39,16,55,92,59,151,1,2,3,51,59,110,0,0,0,0,1,1,465,341,806,2023-02-28T23:00:00Z
06,442,Sveti Petar Orehovec,137,135,272,31,7,38,128,115,243,0,1,1,42,26,68,0,0,0,1,0,1,339,284,623,2023-02-28T23:00:00Z
06,490,Virje,317,215,532,29,12,41,36,17,53,4,1,5,30,33,63,0,0,0,1,0,1,417,278,695,2023-02-28T23:00:00Z
06,559,Kalinovac,444,104,548,6,1,7,6,3,9,0,0,0,9,9,18,0,0,0,1,0,1,466,117,583,2023-02-28T23:00:00Z
06,560,Kalnik,43,47,90,2,4,6,19,20,39,0,1,1,7,2,9,0,0,0,0,0,0,71,74,145,2023-02-28T23:00:00Z
06,561,Novo Virje,40,42,82,2,0,2,35,27,62,0,0,0,18,8,26,0,0,0,0,0,0,95,77,172,2023-02-28T23:00:00Z
06,616,Podravske Sesvete,108,122,230,3,4,7,26,14,40,2,0,2,5,3,8,0,0,0,1,1,2,145,144,289,2023-02-28T23:00:00Z
06,618,Gornja Reka,94,91,185,5,2,7,9,4,13,0,0,0,3,3,6,0,0,0,0,0,0,111,100,211,2023-02-28T23:00:00Z
06,96,Drnje,117,109,226,12,4,16,17,10,27,0,2,2,6,10,16,0,0,0,0,0,0,152,135,287,2023-02-28T23:00:00Z
07,105,Đulovac,239,98,337,9,7,16,31,16,47,2,0,2,120,33,153,0,0,0,0,0,0,401,154,555,2023-02-28T23:00:00Z
07,119,Garešnica,1108,1113,2221,58,30,88,57,37,94,14,18,32,103,120,223,0,0,0,2,7,9,1342,1325,2667,2023-02-28T23:00:00Z
07,139,Grubišno Polje,602,580,1182,32,25,57,103,37,140,4,10,14,63,72,135,0,0,0,0,3,3,804,727,1531,2023-02-28T23:00:00Z
07,144,Hercegovac,148,161,309,21,3,24,46,17,63,1,1,2,40,31,71,0,0,0,1,1,2,257,214,471,2023-02-28T23:00:00Z
07,161,Ivanska,139,93,232,2,2,4,48,12,60,3,2,5,83,23,106,0,0,0,2,1,3,277,133,410,2023-02-28T23:00:00Z
07,176,Kapela,109,99,208,4,1,5,42,27,69,0,1,1,21,8,29,0,0,0,1,0,1,177,136,313,2023-02-28T23:00:00Z
07,18,Berek,41,54,95,7,2,9,21,13,34,0,1,1,9,9,18,0,0,0,0,0,0,78,79,157,2023-02-28T23:00:00Z
07,199,Končanica,127,68,195,10,2,12,30,16,46,0,0,0,9,11,20,0,0,0,1,2,3,177,99,276,2023-02-28T23:00:00Z
07,24,Bjelovar,7219,6990,14209,304,193,497,196,90,286,51,70,121,401,505,906,2,0,2,18,15,33,8191,7863,16054,2023-02-28T23:00:00Z
07,287,Nova Rača,92,122,214,13,2,15,71,34,105,0,2,2,30,18,48,0,0,0,1,1,2,207,179,386,2023-02-28T23:00:00Z
07,375,Rovišće,217,230,447,24,12,36,46,30,76,1,3,4,23,40,63,0,0,0,0,1,1,311,316,627,2023-02-28T23:00:00Z
07,390,Sirač,337,186,523,11,3,14,11,5,16,1,1,2,15,8,23,0,0,0,0,1,1,375,204,579,2023-02-28T23:00:00Z
07,450,Štefanje,47,60,107,7,4,11,34,12,46,0,3,3,37,24,61,0,0,0,0,0,0,125,103,228,2023-02-28T23:00:00Z
07,478,Velika Pisanica,75,89,164,4,2,6,28,15,43,1,0,1,11,7,18,0,0,0,2,0,2,121,113,234,2023-02-28T23:00:00Z
07,480,Veliki Grđevac,144,128,272,13,5,18,75,29,104,1,5,6,72,27,99,0,0,0,4,1,5,309,195,504,2023-02-28T23:00:00Z
07,483,Veliko Trojstvo,76,113,189,13,3,16,11,15,26,0,0,0,45,18,63,0,0,0,1,0,1,146,149,295,2023-02-28T23:00:00Z
07,562,Severin,52,28,80,1,0,1,16,14,30,0,0,0,12,27,39,0,0,0,0,0,0,81,69,150,2023-02-28T23:00:00Z
07,564,Šandrovac,29,49,78,3,0,3,14,6,20,0,0,0,13,4,17,0,0,0,0,3,3,59,62,121,2023-02-28T23:00:00Z
07,565,Velika Trnovitica,62,79,141,9,2,11,31,21,52,1,0,1,20,9,29,0,0,0,1,0,1,124,111,235,2023-02-28T23:00:00Z
07,566,Zrinski Topolovac,14,26,40,2,0,2,27,15,42,0,0,0,4,2,6,0,0,0,0,1,1,47,44,91,2023-02-28T23:00:00Z
07,63,Čazma,1089,795,1884,55,22,77,50,38,88,6,10,16,117,71,188,0,0,0,3,2,5,1320,938,2258,2023-02-28T23:00:00Z
07,67,Daruvar,1490,1871,3361,73,59,132,40,19,59,16,18,34,150,162,312,0,0,0,4,6,10,1773,2135,3908,2023-02-28T23:00:00Z
07,71,Dežanovac,131,92,223,10,2,12,66,32,98,0,0,0,36,18,54,0,0,0,0,1,1,243,145,388,2023-02-28T23:00:00Z
08,117,Fužine,281,202,483,18,10,28,0,2,2,3,1,4,17,19,36,0,0,0,3,1,4,322,235,557,2023-02-28T23:00:00Z
08,170,Jelenje,283,265,548,99,47,146,6,1,7,34,10,44,47,43,90,0,0,0,5,2,7,474,368,842,2023-02-28T23:00:00Z
08,180,Kastav,1128,888,2016,137,73,210,3,1,4,50,11,61,116,71,187,1,1,2,3,4,7,1438,1049,2487,2023-02-28T23:00:00Z
08,186,Klana,374,205,579,22,8,30,1,2,3,2,2,4,15,8,23,0,0,0,1,2,3,415,227,642,2023-02-28T23:00:00Z
08,209,Kraljevica,349,307,656,43,24,67,2,1,3,47,4,51,21,31,52,1,0,1,1,10,11,464,377,841,2023-02-28T23:00:00Z
08,215,Krk,1854,1274,3128,243,104,347,13,8,21,32,15,47,271,161,432,0,0,0,20,35,55,2433,1597,4030,2023-02-28T23:00:00Z
08,237,Lokve,118,86,204,14,6,20,0,1,1,0,2,2,7,9,16,0,0,0,1,0,1,140,104,244,2023-02-28T23:00:00Z
08,242,Lovran,455,613,1068,98,36,134,1,1,2,15,8,23,40,57,97,0,0,0,2,6,8,611,721,1332,2023-02-28T23:00:00Z
08,252,Mali Lošinj,1394,1411,2805,231,84,315,22,10,32,37,20,57,157,143,300,0,0,0,20,25,45,1861,1693,3554,2023-02-28T23:00:00Z
08,253,Malinska-Dubašnica,492,805,1297,147,73,220,6,9,15,12,5,17,169,147,316,0,0,0,17,19,36,843,1058,1901,2023-02-28T23:00:00Z
08,261,Matulji,1475,1103,2578,228,129,357,12,6,18,46,17,63,172,186,358,0,0,0,7,9,16,1940,1450,3390,2023-02-28T23:00:00Z
08,273,Mošćenička Draga,108,71,179,55,15,70,0,2,2,5,3,8,22,23,45,0,0,0,2,5,7,192,119,311,2023-02-28T23:00:00Z
08,275,Mrkopalj,66,53,119,9,4,13,2,0,2,3,0,3,8,7,15,0,0,0,1,0,1,89,64,153,2023-02-28T23:00:00Z
08,290,Novi Vinodolski,514,433,947,97,44,141,9,5,14,13,7,20,104,64,168,0,0,0,1,10,11,738,563,1301,2023-02-28T23:00:00Z
08,301,Omišalj,602,408,1010,82,19,101,0,0,0,15,2,17,66,30,96,0,0,0,2,10,12,767,469,1236,2023-02-28T23:00:00Z
08,302,Opatija,2259,2794,5053,225,132,357,6,4,10,53,27,80,101,142,243,0,0,0,15,49,64,2659,3148,5807,2023-02-28T23:00:00Z
08,360,Punat,309,150,459,65,21,86,4,0,4,6,1,7,72,40,112,0,0,0,1,6,7,457,218,675,2023-02-28T23:00:00Z
08,363,Rab,889,1066,1955,292,78,370,10,4,14,16,11,27,208,149,357,0,0,0,55,79,134,1470,1387,2857,2023-02-28T23:00:00Z
08,369,Ravna Gora,291,307,598,29,14,43,2,1,3,2,1,3,40,16,56,0,0,0,1,2,3,365,341,706,2023-02-28T23:00:00Z
08,373,Rijeka,28218,28802,57020,1365,1128,2493,20,14,34,1020,361,1381,851,1247,2098,7,4,11,86,117,203,31567,31673,63240,2023-02-28T23:00:00Z
08,38,Brod Moravice,40,38,78,21,1,22,0,0,0,0,1,1,10,3,13,0,0,0,1,0,1,72,43,115,2023-02-28T23:00:00Z
08,393,Skrad,43,54,97,4,5,9,1,1,2,1,1,2,2,7,9,0,0,0,2,0,2,53,68,121,2023-02-28T23:00:00Z
08,4,Bakar,2141,1139,3280,73,41,114,3,0,3,63,10,73,75,74,149,0,0,0,6,10,16,2361,1274,3635,2023-02-28T23:00:00Z
08,488,Vinodolska Općina,204,160,364,59,23,82,3,0,3,10,1,11,38,16,54,1,0,1,1,3,4,316,203,519,2023-02-28T23:00:00Z
08,495,Viškovo,1744,1176,2920,225,114,339,7,4,11,61,17,78,142,137,279,0,0,0,13,13,26,2192,1461,3653,2023-02-28T23:00:00Z
08,507,Vrbnik,153,93,246,34,12,46,8,5,13,2,0,2,31,23,54,0,0,0,0,2,2,228,135,363,2023-02-28T23:00:00Z
08,509,Vrbovsko,343,319,662,57,19,76,5,5,10,0,4,4,73,38,111,1,0,1,0,1,1,479,386,865,2023-02-28T23:00:00Z
08,52,Cres,521,404,925,78,23,101,9,6,15,12,3,15,40,65,105,0,0,0,9,7,16,669,508,1177,2023-02-28T23:00:00Z
08,53,Crikvenica,1237,1652,2889,213,128,341,4,2,6,43,23,66,212,170,382,0,0,0,19,25,44,1728,2000,3728,2023-02-28T23:00:00Z
08,538,Kostrena,523,339,862,42,26,68,1,1,2,88,7,95,20,32,52,0,0,0,2,4,6,676,409,1085,2023-02-28T23:00:00Z
08,55,Čabar,321,289,610,56,19,75,7,4,11,3,0,3,138,48,186,0,0,0,1,3,4,526,363,889,2023-02-28T23:00:00Z
08,61,Čavle,685,551,1236,99,53,152,1,1,2,35,9,44,98,88,186,0,0,0,2,2,4,920,704,1624,2023-02-28T23:00:00Z
08,624,Lopar,66,32,98,19,6,25,0,1,1,2,0,2,18,15,33,0,0,0,7,5,12,112,59,171,2023-02-28T23:00:00Z
08,69,Delnice,1095,752,1847,72,54,126,5,1,6,9,14,23,83,93,176,0,0,0,2,10,12,1266,924,2190,2023-02-28T23:00:00Z
08,74,Dobrinj,150,96,246,54,24,78,1,2,3,3,1,4,81,36,117,0,0,0,3,8,11,292,167,459,2023-02-28T23:00:00Z
08,8,Baška,182,159,341,40,30,70,6,2,8,2,4,6,25,40,65,0,0,0,15,32,47,270,267,537,2023-02-28T23:00:00Z
09,130,Gospić,2264,2379,4643,103,64,167,82,48,130,12,9,21,125,162,287,0,0,0,6,6,12,2592,2668,5260,2023-02-28T23:00:00Z
09,178,Karlobag,92,93,185,10,4,14,4,2,6,3,0,3,7,2,9,0,0,0,2,0,2,118,101,219,2023-02-28T23:00:00Z
09,240,Lovinac,203,77,280,0,0,0,1,1,2,0,0,0,1,3,4,0,0,0,0,0,0,205,81,286,2023-02-28T23:00:00Z
09,288,Novalja,765,594,1359,127,33,160,22,12,34,5,6,11,163,71,234,0,0,0,26,25,51,1108,741,1849,2023-02-28T23:00:00Z
09,313,Otočac,797,931,1728,95,37,132,61,30,91,9,6,15,107,115,222,0,0,0,1,4,5,1070,1123,2193,2023-02-28T23:00:00Z
09,323,Perušić,333,271,604,24,10,34,34,20,54,0,1,1,24,24,48,0,0,0,0,1,1,415,327,742,2023-02-28T23:00:00Z
09,37,Brinje,427,243,670,21,5,26,8,6,14,0,0,0,11,14,25,0,0,0,1,2,3,468,270,738,2023-02-28T23:00:00Z
09,387,Senj,745,663,1408,92,41,133,5,6,11,20,9,29,87,91,178,0,0,0,5,7,12,954,817,1771,2023-02-28T23:00:00Z
09,455,Plitvička Jezera,747,797,1544,44,21,65,57,17,74,5,6,11,220,155,375,0,0,0,1,0,1,1074,996,2070,2023-02-28T23:00:00Z
09,467,Udbina,131,91,222,9,4,13,41,13,54,0,0,0,13,18,31,0,0,0,2,1,3,196,127,323,2023-02-28T23:00:00Z
09,512,Vrhovine,104,34,138,3,3,6,7,1,8,0,0,0,3,3,6,0,0,0,0,1,1,117,42,159,2023-02-28T23:00:00Z
09,84,Donji Lapac,116,96,212,5,3,8,25,6,31,0,0,0,11,7,18,0,0,0,0,0,0,157,112,269,2023-02-28T23:00:00Z
10,136,Gradina,80,110,190,14,12,26,120,47,167,2,0,2,39,30,69,0,0,0,0,0,0,255,199,454,2023-02-28T23:00:00Z
10,245,Lukač,191,122,313,13,6,19,48,16,64,1,0,1,53,35,88,0,0,0,1,0,1,307,179,486,2023-02-28T23:00:00Z
10,266,Mikleuš,73,55,128,7,1,8,14,6,20,0,0,0,13,8,21,0,0,0,0,0,0,107,70,177,2023-02-28T23:00:00Z
10,283,Nova Bukovica,47,40,87,9,6,15,33,11,44,1,0,1,21,18,39,0,0,0,1,0,1,112,75,187,2023-02-28T23:00:00Z
10,307,Orahovica,877,646,1523,72,35,107,10,4,14,12,9,21,108,117,225,0,0,0,7,0,7,1086,811,1897,2023-02-28T23:00:00Z
10,332,Pitomača,708,718,1426,84,41,125,150,86,236,1,7,8,201,173,374,0,0,0,2,4,6,1146,1029,2175,2023-02-28T23:00:00Z
10,395,Slatina,1531,1448,2979,155,80,235,133,36,169,12,22,34,182,237,419,0,0,0,10,6,16,2023,1829,3852,2023-02-28T23:00:00Z
10,407,Sopje,154,44,198,4,3,7,83,18,101,0,0,0,20,25,45,0,0,0,0,1,1,261,91,352,2023-02-28T23:00:00Z
10,424,Suhopolje,253,282,535,26,22,48,99,38,137,0,1,1,61,54,115,0,0,0,5,2,7,444,399,843,2023-02-28T23:00:00Z
10,449,Špišić Bukovica,145,158,303,25,10,35,153,52,205,1,2,3,32,54,86,0,0,0,1,0,1,357,276,633,2023-02-28T23:00:00Z
10,491,Virovitica,3822,4116,7938,183,115,298,95,26,121,30,19,49,370,352,722,1,0,1,10,10,20,4511,4638,9149,2023-02-28T23:00:00Z
10,499,Voćin,143,117,260,11,2,13,32,23,55,0,0,0,16,7,23,0,0,0,3,1,4,205,150,355,2023-02-28T23:00:00Z
10,524,Zdenci,196,111,307,9,3,12,16,7,23,0,1,1,13,13,26,0,0,0,0,2,2,234,137,371,2023-02-28T23:00:00Z
10,54,Crnac,24,39,63,14,4,18,19,8,27,0,1,1,20,11,31,0,0,0,0,0,0,77,63,140,2023-02-28T23:00:00Z
10,56,Čačinci,156,106,262,21,15,36,19,10,29,0,1,1,26,29,55,0,0,0,3,3,6,225,164,389,2023-02-28T23:00:00Z
10,57,Čađavica,110,91,201,12,9,21,63,20,83,0,0,0,49,30,79,0,0,0,0,0,0,234,150,384,2023-02-28T23:00:00Z
11,164,Jakšić,165,112,277,32,6,38,25,5,30,0,2,2,40,17,57,0,0,0,0,0,0,262,142,404,2023-02-28T23:00:00Z
11,177,Kaptol,94,103,197,16,2,18,24,3,27,0,1,1,43,10,53,0,0,0,0,1,1,177,120,297,2023-02-28T23:00:00Z
11,221,Kutjevo,529,444,973,52,20,72,65,27,92,1,2,3,77,76,153,0,0,0,5,1,6,729,570,1299,2023-02-28T23:00:00Z
11,231,Lipik,741,637,1378,43,15,58,27,18,45,2,9,11,57,58,115,0,0,0,1,0,1,871,737,1608,2023-02-28T23:00:00Z
11,318,Pakrac,633,1138,1771,78,36,114,57,16,73,13,7,20,191,92,283,0,0,0,0,3,3,972,1292,2264,2023-02-28T23:00:00Z
11,334,Pleternica,573,511,1084,81,33,114,52,11,63,4,5,9,169,113,282,0,0,0,1,5,6,880,678,1558,2023-02-28T23:00:00Z
11,35,Brestovac,113,93,206,17,4,21,14,3,17,1,1,2,26,13,39,0,0,0,0,1,1,171,115,286,2023-02-28T23:00:00Z
11,351,Požega,5032,4505,9537,313,165,478,118,38,156,38,82,120,387,348,735,0,1,1,7,25,32,5895,5164,11059,2023-02-28T23:00:00Z
11,475,Velika,411,341,752,26,18,44,21,4,25,2,3,5,56,43,99,0,0,0,0,1,1,516,410,926,2023-02-28T23:00:00Z
11,58,Čaglin,105,168,273,9,1,10,15,4,19,0,1,1,13,12,25,0,0,0,0,0,0,142,186,328,2023-02-28T23:00:00Z
12,10,Bebrina,46,73,119,15,8,23,19,4,23,2,0,2,10,11,21,0,0,0,1,0,1,93,96,189,2023-02-28T23:00:00Z
12,118,Garčin,129,166,295,31,10,41,34,18,52,0,0,0,27,31,58,0,0,0,1,1,2,222,226,448,2023-02-28T23:00:00Z
12,127,Gornji Bogićevci,50,45,95,12,2,14,10,2,12,0,0,0,19,27,46,0,0,0,0,0,0,91,76,167,2023-02-28T23:00:00Z
12,140,Gundinci,97,52,149,13,5,18,49,22,71,0,0,0,16,11,27,0,0,0,0,0,0,175,90,265,2023-02-28T23:00:00Z
12,185,Klakar,90,73,163,14,3,17,25,4,29,0,1,1,12,20,32,0,0,0,0,0,0,141,101,242,2023-02-28T23:00:00Z
12,284,Nova Gradiška,2316,2203,4519,146,95,241,25,19,44,21,19,40,267,305,572,0,0,0,1,8,9,2776,2649,5425,2023-02-28T23:00:00Z
12,285,Nova Kapela,156,213,369,27,17,44,22,7,29,2,3,5,44,44,88,0,0,0,1,0,1,252,284,536,2023-02-28T23:00:00Z
12,299,Okučani,226,157,383,31,8,39,11,2,13,0,0,0,46,17,63,0,0,0,1,3,4,315,187,502,2023-02-28T23:00:00Z
12,303,Oprisavci,300,199,499,11,1,12,35,11,46,1,0,1,9,20,29,0,0,0,0,0,0,356,231,587,2023-02-28T23:00:00Z
12,309,Oriovac,285,330,615,43,22,65,22,14,36,2,3,5,59,49,108,0,0,0,2,1,3,413,419,832,2023-02-28T23:00:00Z
12,338,Podcrkavlje,29,50,79,16,1,17,7,2,9,0,1,1,15,6,21,0,0,0,0,0,0,67,60,127,2023-02-28T23:00:00Z
12,372,Rešetari,204,254,458,38,9,47,18,7,25,3,1,4,86,44,130,0,0,0,0,0,0,349,315,664,2023-02-28T23:00:00Z
12,388,Sibinj,170,207,377,62,20,82,16,1,17,0,0,0,62,41,103,0,0,0,2,5,7,312,274,586,2023-02-28T23:00:00Z
12,39,Brodski Stupnik,72,83,155,15,9,24,9,3,12,1,0,1,66,39,105,0,0,0,1,0,1,164,134,298,2023-02-28T23:00:00Z
12,396,Slavonski Brod,14104,9602,23706,645,358,1003,41,26,67,77,89,166,918,933,1851,0,0,0,11,21,32,15796,11029,26825,2023-02-28T23:00:00Z
12,397,Slavonski Šamac,90,76,166,10,4,14,18,10,28,0,1,1,13,6,19,0,0,0,0,0,0,131,97,228,2023-02-28T23:00:00Z
12,412,Stara Gradiška,161,101,262,6,3,9,7,2,9,0,0,0,27,9,36,0,0,0,0,0,0,201,115,316,2023-02-28T23:00:00Z
12,418,Staro Petrovo Selo,219,116,335,37,13,50,40,16,56,1,1,2,105,51,156,0,0,0,0,2,2,402,199,601,2023-02-28T23:00:00Z
12,46,Cernik,135,214,349,39,13,52,9,7,16,4,1,5,58,32,90,0,0,0,0,1,1,245,268,513,2023-02-28T23:00:00Z
12,476,Velika Kopanica,189,136,325,30,9,39,33,18,51,1,1,2,35,24,59,0,0,0,0,1,1,288,189,477,2023-02-28T23:00:00Z
12,506,Vrbje,41,42,83,10,1,11,21,2,23,0,0,0,21,25,46,0,0,0,0,0,0,93,70,163,2023-02-28T23:00:00Z
12,514,Vrpolje,220,123,343,28,4,32,47,15,62,0,2,2,14,16,30,0,0,0,0,1,1,309,161,470,2023-02-28T23:00:00Z
12,567,Bukovlje,121,98,219,19,10,29,1,0,1,0,0,0,13,15,28,0,0,0,1,1,2,155,124,279,2023-02-28T23:00:00Z
12,568,Dragalić,31,45,76,8,0,8,6,2,8,0,0,0,7,7,14,0,0,0,0,1,1,52,55,107,2023-02-28T23:00:00Z
12,569,Gornja Vrba,402,135,537,18,6,24,1,2,3,2,1,3,23,25,48,0,0,0,0,0,0,446,169,615,2023-02-28T23:00:00Z
12,570,Sikirevci,36,61,97,21,7,28,37,16,53,0,0,0,12,10,22,0,0,0,1,2,3,107,96,203,2023-02-28T23:00:00Z
12,68,Davor,126,111,237,14,7,21,14,4,18,1,0,1,13,24,37,0,0,0,0,2,2,168,148,316,2023-02-28T23:00:00Z
12,81,Donji Andrijevci,143,146,289,25,13,38,21,5,26,0,1,1,25,13,38,0,0,0,1,0,1,215,178,393,2023-02-28T23:00:00Z
13,131,Gračac,261,292,553,19,14,33,70,33,103,2,1,3,50,40,90,0,0,0,0,2,2,402,382,784,2023-02-28T23:00:00Z
13,167,Jasenice,172,92,264,13,2,15,9,3,12,3,0,3,15,6,21,0,0,0,0,3,3,212,106,318,2023-02-28T23:00:00Z
13,17,Benkovac,1151,1110,2261,111,41,152,101,61,162,10,7,17,210,116,326,0,0,0,7,4,11,1590,1339,2929,2023-02-28T23:00:00Z
13,173,Kali,281,122,403,23,14,37,2,1,3,15,0,15,51,28,79,0,0,0,1,1,2,373,166,539,2023-02-28T23:00:00Z
13,20,Bibinje,225,198,423,62,25,87,4,1,5,3,4,7,80,60,140,0,0,0,0,2,2,374,290,664,2023-02-28T23:00:00Z
13,22,Biograd Na Moru,1150,1444,2594,144,73,217,29,14,43,19,7,26,158,192,350,0,0,0,7,19,26,1507,1749,3256,2023-02-28T23:00:00Z
13,234,Lišane Ostrovičke,29,33,62,9,3,12,0,1,1,0,0,0,10,8,18,0,0,0,0,0,0,48,45,93,2023-02-28T23:00:00Z
13,282,Nin,540,397,937,44,17,61,8,6,14,3,3,6,38,30,68,0,0,0,14,26,40,647,479,1126,2023-02-28T23:00:00Z
13,296,Obrovac,372,242,614,33,10,43,38,7,45,4,4,8,16,34,50,0,0,0,5,5,10,468,302,770,2023-02-28T23:00:00Z
13,316,Pag,513,421,934,59,25,84,39,14,53,8,5,13,55,51,106,0,0,0,7,10,17,681,526,1207,2023-02-28T23:00:00Z
13,317,Pakoštane,382,342,724,59,21,80,11,13,24,8,3,11,102,53,155,0,0,0,6,8,14,568,440,1008,2023-02-28T23:00:00Z
13,320,Pašman,118,113,231,43,11,54,5,4,9,20,0,20,41,22,63,0,0,0,2,3,5,229,153,382,2023-02-28T23:00:00Z
13,344,Polača,105,73,178,18,8,26,5,2,7,2,0,2,14,16,30,0,0,0,1,3,4,145,102,247,2023-02-28T23:00:00Z
13,345,Poličnik,530,377,907,55,9,64,10,9,19,5,2,7,47,26,73,0,0,0,2,0,2,649,423,1072,2023-02-28T23:00:00Z
13,349,Posedarje,147,195,342,41,15,56,5,8,13,8,1,9,37,31,68,0,0,0,1,3,4,239,253,492,2023-02-28T23:00:00Z
13,354,Preko,282,466,748,57,16,73,6,3,9,28,2,30,41,21,62,0,0,0,4,7,11,418,515,933,2023-02-28T23:00:00Z
13,371,Ražanac,83,104,187,25,7,32,8,5,13,10,0,10,32,14,46,0,0,0,3,0,3,161,130,291,2023-02-28T23:00:00Z
13,379,Sali,161,148,309,42,13,55,6,2,8,7,2,9,30,21,51,0,0,0,4,5,9,250,191,441,2023-02-28T23:00:00Z
13,411,Stankovci,236,157,393,35,7,42,6,3,9,1,1,2,32,13,45,0,0,0,0,3,3,310,184,494,2023-02-28T23:00:00Z
13,416,Starigrad,128,138,266,41,26,67,9,3,12,3,0,3,36,38,74,0,0,0,3,18,21,220,223,443,2023-02-28T23:00:00Z
13,425,Sukošan,444,322,766,67,22,89,13,4,17,3,1,4,60,56,116,0,0,0,0,9,9,587,414,1001,2023-02-28T23:00:00Z
13,428,Sveti Filip I Jakov,215,352,567,39,18,57,8,3,11,9,4,13,37,40,77,0,0,0,4,8,12,312,425,737,2023-02-28T23:00:00Z
13,445,Škabrnje,86,71,157,30,4,34,7,2,9,3,1,4,14,8,22,0,0,0,1,3,4,141,89,230,2023-02-28T23:00:00Z
13,489,Vir,277,281,558,58,12,70,1,2,3,1,1,2,42,34,76,0,0,0,5,3,8,384,333,717,2023-02-28T23:00:00Z
13,520,Zadar,15212,16499,31711,1158,668,1826,47,31,78,699,213,912,1322,1389,2711,4,0,4,115,96,211,18557,18896,37453,2023-02-28T23:00:00Z
13,525,Zemunik Donji,195,253,448,20,6,26,4,3,7,0,0,0,27,9,36,0,0,0,7,15,22,253,286,539,2023-02-28T23:00:00Z
13,537,Novigrad,67,106,173,28,2,30,5,6,11,5,1,6,29,14,43,0,0,0,2,4,6,136,133,269,2023-02-28T23:00:00Z
13,571,Galovac,39,61,100,15,1,16,3,5,8,4,3,7,13,11,24,0,0,0,0,1,1,74,82,156,2023-02-28T23:00:00Z
13,572,Kukljica,46,40,86,20,1,21,1,0,1,1,1,2,24,5,29,0,0,0,1,0,1,93,47,140,2023-02-28T23:00:00Z
13,573,Povljana,50,33,83,13,5,18,5,1,6,4,0,4,9,7,16,0,0,0,1,4,5,82,50,132,2023-02-28T23:00:00Z
13,574,Privlaka,132,140,272,20,14,34,1,2,3,6,0,6,21,11,32,0,0,0,5,2,7,185,169,354,2023-02-28T23:00:00Z
13,575,Tkon,105,75,180,23,8,31,2,2,4,2,0,2,44,24,68,0,0,0,0,1,1,176,110,286,2023-02-28T23:00:00Z
13,622,Kolan,151,93,244,19,3,22,5,2,7,0,0,0,19,14,33,0,0,0,4,2,6,198,114,312,2023-02-28T23:00:00Z
13,625,Vrsi,130,45,175,17,8,25,5,3,8,20,0,20,26,27,53,0,0,0,2,2,4,200,85,285,2023-02-28T23:00:00Z
14,103,Đakovo,2915,2952,5867,485,221,706,226,94,320,29,32,61,590,565,1155,0,0,0,10,10,20,4255,3874,8129,2023-02-28T23:00:00Z
14,106,Đurđenovac,513,539,1052,42,12,54,18,14,32,0,2,2,62,42,104,0,0,0,4,0,4,639,609,1248,2023-02-28T23:00:00Z
14,110,Erdut,327,267,594,35,16,51,56,16,72,2,4,6,54,36,90,0,0,0,0,2,2,474,341,815,2023-02-28T23:00:00Z
14,111,Ernestinovo,87,208,295,4,3,7,23,7,30,1,1,2,10,7,17,0,0,0,0,0,0,125,226,351,2023-02-28T23:00:00Z
14,116,Feričanci,120,118,238,24,6,30,3,0,3,0,0,0,39,15,54,0,0,0,0,1,1,186,140,326,2023-02-28T23:00:00Z
14,124,Gorjani,134,187,321,17,6,23,12,8,20,0,0,0,8,6,14,0,0,0,0,0,0,171,207,378,2023-02-28T23:00:00Z
14,13,Beli Manastir,1079,1180,2259,92,44,136,73,35,108,10,14,24,129,110,239,0,0,0,2,1,3,1385,1384,2769,2023-02-28T23:00:00Z
14,16,Belišće,1719,691,2410,71,33,104,28,8,36,3,9,12,84,93,177,0,0,0,1,1,2,1906,835,2741,2023-02-28T23:00:00Z
14,195,Kneževi Vinogradi,221,286,507,35,6,41,31,6,37,1,2,3,68,72,140,0,0,0,1,1,2,357,373,730,2023-02-28T23:00:00Z
14,2,Antunovac,199,168,367,35,13,48,13,6,19,1,1,2,14,14,28,0,0,0,0,0,0,262,202,464,2023-02-28T23:00:00Z
14,205,Koška,186,161,347,25,7,32,29,6,35,2,2,4,27,25,52,0,0,0,7,3,10,276,204,480,2023-02-28T23:00:00Z
14,21,Bilje,289,299,588,44,23,67,19,13,32,1,5,6,51,43,94,0,0,0,0,1,1,404,384,788,2023-02-28T23:00:00Z
14,23,Bizovac,232,224,456,22,11,33,24,9,33,2,4,6,26,34,60,0,0,0,5,10,15,311,292,603,2023-02-28T23:00:00Z
14,230,Levanjska Varoš,39,39,78,2,1,3,7,6,13,0,0,0,1,3,4,0,0,0,0,0,0,49,49,98,2023-02-28T23:00:00Z
14,257,Marijanci,92,72,164,6,5,11,11,0,11,0,0,0,15,19,34,0,0,0,1,1,2,125,97,222,2023-02-28T23:00:00Z
14,271,Moslavina Podravska,17,36,53,4,2,6,15,5,20,0,0,0,16,10,26,0,0,0,0,0,0,52,53,105,2023-02-28T23:00:00Z
14,278,Našice,2201,1843,4044,185,98,283,59,31,90,20,40,60,219,229,448,0,0,0,17,12,29,2701,2253,4954,2023-02-28T23:00:00Z
14,312,Osijek,24369,22819,47188,952,685,1637,126,45,171,165,188,353,743,1133,1876,0,1,1,29,39,68,26384,24910,51294,2023-02-28T23:00:00Z
14,325,Petlovac,44,33,77,7,4,11,12,0,12,0,0,0,19,8,27,0,0,0,0,0,0,82,45,127,2023-02-28T23:00:00Z
14,327,Petrijevci,270,225,495,17,4,21,5,2,7,0,1,1,8,7,15,0,0,0,0,2,2,300,241,541,2023-02-28T23:00:00Z
14,340,Podgorač,120,78,198,23,6,29,26,4,30,1,2,3,21,34,55,0,0,0,0,0,0,191,124,315,2023-02-28T23:00:00Z
14,346,Popovac,60,58,118,3,3,6,6,2,8,1,0,1,4,4,8,0,0,0,0,0,0,74,67,141,2023-02-28T23:00:00Z
14,361,Punitovci,48,99,147,21,4,25,16,4,20,0,0,0,39,8,47,0,0,0,0,0,0,124,115,239,2023-02-28T23:00:00Z
14,381,Satnica Đakovačka,131,122,253,19,6,25,10,3,13,0,0,0,43,26,69,0,0,0,0,0,0,203,157,360,2023-02-28T23:00:00Z
14,386,Semeljci,206,202,408,47,16,63,50,22,72,2,1,3,86,40,126,0,0,0,0,1,1,391,282,673,2023-02-28T23:00:00Z
14,421,Strizivojna,314,324,638,18,8,26,16,4,20,0,0,0,19,13,32,0,0,0,1,1,2,368,350,718,2023-02-28T23:00:00Z
14,461,Trnava,59,85,144,6,2,8,14,5,19,0,0,0,12,4,16,0,0,0,0,0,0,91,96,187,2023-02-28T23:00:00Z
14,471,Valpovo,843,1122,1965,84,59,143,52,17,69,14,19,33,87,115,202,0,0,0,6,12,18,1086,1344,2430,2023-02-28T23:00:00Z
14,485,Viljevo,55,78,133,10,0,10,20,4,24,0,0,0,16,14,30,0,0,0,0,1,1,101,97,198,2023-02-28T23:00:00Z
14,494,Viškovci,251,199,450,24,5,29,14,5,19,0,0,0,19,5,24,0,0,0,1,0,1,309,214,523,2023-02-28T23:00:00Z
14,517,Vuka,35,48,83,17,2,19,13,4,17,0,0,0,22,10,32,0,0,0,0,0,0,87,64,151,2023-02-28T23:00:00Z
14,576,Donja Motičina,27,12,39,10,3,13,1,1,2,0,1,1,18,9,27,0,0,0,1,0,1,57,26,83,2023-02-28T23:00:00Z
14,578,Magadenovac,87,105,192,4,2,6,23,9,32,0,1,1,18,17,35,0,0,0,0,0,0,132,134,266,2023-02-28T23:00:00Z
14,579,Vladislavci,122,125,247,2,0,2,5,6,11,0,0,0,9,3,12,0,0,0,0,0,0,138,134,272,2023-02-28T23:00:00Z
14,609,Jagodnjak,91,68,159,7,2,9,24,6,30,0,0,0,12,5,17,0,0,0,0,1,1,134,82,216,2023-02-28T23:00:00Z
14,614,Šodolovci,23,11,34,0,0,0,0,0,0,0,0,0,6,3,9,0,0,0,0,0,0,29,14,43,2023-02-28T23:00:00Z
14,64,Čeminac,60,77,137,12,1,13,4,2,6,0,0,0,26,14,40,0,0,0,0,0,0,102,94,196,2023-02-28T23:00:00Z
14,65,Čepin,766,532,1298,96,41,137,59,27,86,6,10,16,106,107,213,0,0,0,3,1,4,1036,718,1754,2023-02-28T23:00:00Z
14,66,Darda,1799,880,2679,56,32,88,35,5,40,2,4,6,64,53,117,0,0,0,0,1,1,1956,975,2931,2023-02-28T23:00:00Z
14,86,Donji Miholjac,1178,1028,2206,99,59,158,170,40,210,5,12,17,148,113,261,0,0,0,1,2,3,1601,1254,2855,2023-02-28T23:00:00Z
14,91,Draž,78,138,216,12,3,15,13,4,17,0,0,0,8,13,21,0,0,0,0,1,1,111,159,270,2023-02-28T23:00:00Z
14,94,Drenje,94,142,236,31,5,36,47,10,57,0,0,0,16,17,33,0,0,0,0,0,0,188,174,362,2023-02-28T23:00:00Z
15,113,Ervenik,35,44,79,3,0,3,4,1,5,0,0,0,5,2,7,0,0,0,0,0,0,47,47,94,2023-02-28T23:00:00Z
15,183,Kijevo,27,43,70,2,0,2,0,0,0,0,0,0,0,0,0,0,0,0,0,0,0,29,43,72,2023-02-28T23:00:00Z
15,184,Kistanje,61,85,146,16,4,20,1,2,3,1,0,1,12,8,20,0,0,0,0,0,0,91,99,190,2023-02-28T23:00:00Z
15,196,Knin,1308,1573,2881,127,68,195,63,18,81,31,6,37,140,149,289,0,0,0,2,3,5,1671,1817,3488,2023-02-28T23:00:00Z
15,298,Promina,115,89,204,1,1,2,1,2,3,0,0,0,1,1,2,0,0,0,0,0,0,118,93,211,2023-02-28T23:00:00Z
15,310,Biskupija,122,43,165,1,0,1,2,0,2,1,0,1,4,0,4,0,0,0,0,0,0,130,43,173,2023-02-28T23:00:00Z
15,357,Primošten,239,296,535,105,28,133,8,2,10,7,2,9,34,23,57,0,1,1,4,8,12,397,360,757,2023-02-28T23:00:00Z
15,377,Ružić,31,49,80,5,0,5,6,5,11,0,0,0,5,8,13,0,0,0,0,0,0,47,62,109,2023-02-28T23:00:00Z
15,394,Skradin,124,161,285,43,13,56,19,8,27,2,2,4,33,28,61,0,0,0,0,1,1,221,213,434,2023-02-28T23:00:00Z
15,444,Šibenik,8172,8634,16806,655,343,998,36,15,51,219,92,311,586,666,1252,0,0,0,31,51,82,9699,9801,19500,2023-02-28T23:00:00Z
15,454,Tisno,352,293,645,101,35,136,7,0,7,11,2,13,38,45,83,0,0,0,5,8,13,514,383,897,2023-02-28T23:00:00Z
15,469,Unešić,49,53,102,11,0,11,3,1,4,1,0,1,12,6,18,0,0,0,0,0,0,76,60,136,2023-02-28T23:00:00Z
15,500,Vodice,990,1037,2027,281,109,390,12,4,16,11,11,22,246,148,394,0,0,0,17,46,63,1557,1355,2912,2023-02-28T23:00:00Z
15,51,Civljane,54,12,66,1,1,2,0,0,0,0,0,0,3,1,4,0,0,0,0,0,0,58,14,72,2023-02-28T23:00:00Z
15,581,Pirovac,153,165,318,33,17,50,6,5,11,3,2,5,64,32,96,0,0,0,1,0,1,260,221,481,2023-02-28T23:00:00Z
15,582,Rogoznica,282,256,538,47,13,60,1,1,2,5,1,6,47,36,83,0,0,0,3,3,6,385,310,695,2023-02-28T23:00:00Z
15,617,Murter,267,273,540,54,27,81,3,1,4,18,3,21,68,47,115,0,0,0,10,14,24,420,365,785,2023-02-28T23:00:00Z
15,621,Bilice,104,47,151,25,7,32,0,0,0,4,0,4,23,11,34,0,0,0,0,0,0,156,65,221,2023-02-28T23:00:00Z
15,626,Tribunj,81,94,175,21,10,31,1,0,1,3,0,3,57,35,92,0,0,0,1,1,2,164,140,304,2023-02-28T23:00:00Z
15,95,Drniš,940,684,1624,69,55,124,53,24,77,8,6,14,101,83,184,0,0,0,1,1,2,1172,853,2025,2023-02-28T23:00:00Z
16,1,Andrijaševci,75,127,202,27,14,41,13,5,18,1,1,2,34,29,63,0,0,0,1,4,5,151,180,331,2023-02-28T23:00:00Z
16,137,Gradište,80,108,188,16,4,20,31,5,36,0,1,1,17,17,34,0,0,0,0,1,1,144,136,280,2023-02-28T23:00:00Z
16,141,Gunja,191,141,332,28,10,38,47,15,62,1,0,1,37,12,49,0,0,0,1,2,3,305,180,485,2023-02-28T23:00:00Z
16,154,Ilok,455,623,1078,70,22,92,48,16,64,2,2,4,107,89,196,0,0,0,0,1,1,682,753,1435,2023-02-28T23:00:00Z
16,159,Ivankovo,379,432,811,70,30,100,53,13,66,1,5,6,115,74,189,0,0,0,3,3,6,621,557,1178,2023-02-28T23:00:00Z
16,166,Jarmina,33,99,132,17,10,27,32,13,45,0,2,2,24,17,41,0,0,0,0,3,3,106,144,250,2023-02-28T23:00:00Z
16,239,Lovas,64,84,148,6,0,6,14,0,14,0,0,0,5,4,9,0,0,0,0,0,0,89,88,177,2023-02-28T23:00:00Z
16,26,Bogdanovci,32,36,68,3,0,3,7,4,11,0,0,0,17,5,22,0,0,0,0,0,0,59,45,104,2023-02-28T23:00:00Z
16,29,Borovo,68,126,194,49,15,64,26,4,30,1,3,4,63,78,141,0,0,0,2,2,4,209,228,437,2023-02-28T23:00:00Z
16,294,Nuštar,252,335,587,36,21,57,22,6,28,2,2,4,43,28,71,0,0,0,0,3,3,355,395,750,2023-02-28T23:00:00Z
16,295,Nijemci,195,221,416,24,6,30,85,24,109,0,1,1,63,34,97,0,0,0,0,2,2,367,288,655,2023-02-28T23:00:00Z
16,3,Babina Greda,197,216,413,34,15,49,76,25,101,3,0,3,33,37,70,0,0,0,1,0,1,344,293,637,2023-02-28T23:00:00Z
16,32,Bošnjaci,109,137,246,23,8,31,30,5,35,3,0,3,31,37,68,0,0,0,0,0,0,196,187,383,2023-02-28T23:00:00Z
16,414,Stari Jankovci,146,153,299,24,3,27,41,9,50,1,0,1,25,18,43,0,0,0,1,1,2,238,184,422,2023-02-28T23:00:00Z
16,415,Stari Mikanovci,96,131,227,18,9,27,24,13,37,3,1,4,34,40,74,0,0,0,0,0,0,175,194,369,2023-02-28T23:00:00Z
16,44,Cerna,450,248,698,45,27,72,56,20,76,1,1,2,59,70,129,0,0,0,1,0,1,612,366,978,2023-02-28T23:00:00Z
16,456,Tompojevci,23,55,78,16,4,20,39,11,50,0,0,0,11,11,22,0,0,0,1,0,1,90,81,171,2023-02-28T23:00:00Z
16,458,Tordinci,93,113,206,5,1,6,9,0,9,0,0,0,6,14,20,0,0,0,0,0,0,113,128,241,2023-02-28T23:00:00Z
16,459,Tovarnik,169,159,328,18,3,21,49,24,73,1,1,2,7,12,19,0,0,0,1,0,1,245,199,444,2023-02-28T23:00:00Z
16,464,Trpinja,107,227,334,27,11,38,79,19,98,1,0,1,36,21,57,0,0,0,0,0,0,250,278,528,2023-02-28T23:00:00Z
16,487,Vinkovci,8044,6574,14618,307,194,501,46,22,68,57,49,106,447,617,1064,1,0,1,11,20,31,8913,7476,16389,2023-02-28T23:00:00Z
16,505,Vrbanja,305,131,436,30,13,43,65,16,81,1,1,2,39,32,71,0,0,0,6,2,8,446,195,641,2023-02-28T23:00:00Z
16,518,Vukovar,4422,4704,9126,303,155,458,108,37,145,26,26,52,433,405,838,0,0,0,4,10,14,5296,5337,10633,2023-02-28T23:00:00Z
16,534,Županja,1999,1516,3515,138,61,199,40,15,55,21,18,39,168,185,353,1,0,1,2,2,4,2369,1797,4166,2023-02-28T23:00:00Z
16,535,Otok (Vinkovci),407,371,778,36,20,56,61,12,73,6,1,7,78,51,129,0,0,0,0,2,2,588,457,1045,2023-02-28T23:00:00Z
16,583,Privlaka,97,128,225,18,7,25,24,8,32,0,2,2,16,21,37,0,0,0,0,0,0,155,166,321,2023-02-28T23:00:00Z
16,584,Vođinci,48,174,222,14,2,16,7,6,13,0,1,1,13,16,29,0,0,0,0,0,0,82,199,281,2023-02-28T23:00:00Z
16,610,Markušica,35,76,111,11,4,15,48,14,62,0,1,1,14,10,24,0,0,0,1,0,1,109,105,214,2023-02-28T23:00:00Z
16,612,Negoslavci,29,34,63,6,1,7,12,3,15,1,0,1,14,11,25,0,0,0,0,0,0,62,49,111,2023-02-28T23:00:00Z
16,628,Štitar,78,69,147,5,1,6,14,3,17,0,0,0,11,3,14,0,0,0,0,0,0,108,76,184,2023-02-28T23:00:00Z
16,92,Drenovci,103,187,290,40,4,44,108,37,145,3,1,4,46,49,95,0,0,0,0,0,0,300,278,578,2023-02-28T23:00:00Z
17,100,Dugi Rat,637,632,1269,81,30,111,0,2,2,28,2,30,153,102,255,0,0,0,21,26,47,920,794,1714,2023-02-28T23:00:00Z
17,134,Gradac,139,170,309,39,11,50,4,1,5,3,1,4,18,20,38,0,0,0,10,20,30,213,223,436,2023-02-28T23:00:00Z
17,148,Hrvace,300,217,517,46,19,65,7,7,14,2,3,5,55,40,95,0,0,0,1,2,3,411,288,699,2023-02-28T23:00:00Z
17,153,Hvar,549,545,1094,179,68,247,18,12,30,17,5,22,141,116,257,3,0,3,59,63,122,966,809,1775,2023-02-28T23:00:00Z
17,155,Imotski,1420,1440,2860,170,90,260,11,8,19,27,15,42,130,164,294,0,0,0,10,15,25,1768,1732,3500,2023-02-28T23:00:00Z
17,171,Jelsa,343,302,645,87,24,111,40,18,58,9,0,9,99,45,144,0,1,1,13,12,25,591,402,993,2023-02-28T23:00:00Z
17,181,Kaštela,3655,3997,7652,522,257,779,21,14,35,139,38,177,493,562,1055,0,0,0,73,38,111,4903,4906,9809,2023-02-28T23:00:00Z
17,192,Klis,227,220,447,33,8,41,7,3,10,25,2,27,58,29,87,0,0,0,2,3,5,352,265,617,2023-02-28T23:00:00Z
17,197,Komiža,128,134,262,61,17,78,4,1,5,3,2,5,21,22,43,0,0,0,12,13,25,229,189,418,2023-02-28T23:00:00Z
17,243,Lovreć,151,79,230,16,6,22,4,0,4,1,0,1,32,12,44,0,0,0,2,2,4,206,99,305,2023-02-28T23:00:00Z
17,249,Makarska,2572,2513,5085,255,159,414,3,1,4,47,31,78,321,319,640,1,0,1,72,129,201,3271,3152,6423,2023-02-28T23:00:00Z
17,258,Marina,211,257,468,61,26,87,5,7,12,17,0,17,40,45,85,1,0,1,3,0,3,338,335,673,2023-02-28T23:00:00Z
17,267,Milna,87,86,173,28,5,33,6,2,8,5,0,5,17,17,34,0,0,0,1,1,2,144,111,255,2023-02-28T23:00:00Z
17,27,Bol,285,335,620,48,19,67,5,3,8,5,3,8,54,24,78,0,0,0,12,11,23,409,395,804,2023-02-28T23:00:00Z
17,280,Nerežišća,142,58,200,18,2,20,3,1,4,0,0,0,23,17,40,0,0,0,0,0,0,186,78,264,2023-02-28T23:00:00Z
17,300,Omiš,1545,1713,3258,238,95,333,12,6,18,38,15,53,271,240,511,0,0,0,13,24,37,2117,2093,4210,2023-02-28T23:00:00Z
17,314,Otok,197,227,424,67,23,90,11,0,11,5,1,6,83,48,131,0,0,0,0,1,1,363,300,663,2023-02-28T23:00:00Z
17,337,Podbablje,280,219,499,38,4,42,5,0,5,3,1,4,17,31,48,0,0,0,1,3,4,344,258,602,2023-02-28T23:00:00Z
17,339,Podgora,221,210,431,45,11,56,1,1,2,2,0,2,27,22,49,0,0,0,23,18,41,319,262,581,2023-02-28T23:00:00Z
17,341,Podstrana,836,714,1550,67,22,89,13,3,16,46,3,49,64,94,158,1,0,1,5,24,29,1032,860,1892,2023-02-28T23:00:00Z
17,350,Postira,275,240,515,31,17,48,9,2,11,1,3,4,16,8,24,0,0,0,1,1,2,333,271,604,2023-02-28T23:00:00Z
17,358,Pučišća,215,143,358,52,8,60,9,5,14,5,0,5,35,11,46,0,0,0,3,1,4,319,168,487,2023-02-28T23:00:00Z
17,382,Seget,479,414,893,42,8,50,6,3,9,11,2,13,181,77,258,0,0,0,13,14,27,732,518,1250,2023-02-28T23:00:00Z
17,383,Selca,131,115,246,46,15,61,8,5,13,7,1,8,73,22,95,0,0,0,1,2,3,266,160,426,2023-02-28T23:00:00Z
17,389,Sinj,1948,2187,4135,341,155,496,58,20,78,49,39,88,341,369,710,0,0,0,4,13,17,2741,2783,5524,2023-02-28T23:00:00Z
17,406,Solin,3671,3191,6862,269,170,439,13,6,19,134,38,172,297,301,598,0,0,0,13,12,25,4397,3718,8115,2023-02-28T23:00:00Z
17,409,Split,35380,39024,74404,1697,1172,2869,66,41,107,2338,435,2773,1492,2130,3622,6,2,8,201,205,406,41180,43009,84189,2023-02-28T23:00:00Z
17,413,Stari Grad,355,332,687,66,21,87,21,14,35,5,3,8,50,32,82,0,0,0,16,20,36,513,422,935,2023-02-28T23:00:00Z
17,423,Sućuraj,22,26,48,23,2,25,2,1,3,0,0,0,11,7,18,0,0,0,0,1,1,58,37,95,2023-02-28T23:00:00Z
17,427,Supetar,593,777,1370,127,63,190,19,8,27,25,9,34,107,123,230,0,0,0,10,3,13,881,983,1864,2023-02-28T23:00:00Z
17,443,Šestanovac,161,156,317,30,7,37,12,2,14,1,2,3,16,24,40,0,0,0,4,0,4,224,191,415,2023-02-28T23:00:00Z
17,447,Šolta,170,134,304,17,11,28,9,3,12,8,0,8,11,10,21,0,0,0,8,7,15,223,165,388,2023-02-28T23:00:00Z
17,460,Trilj,533,582,1115,142,41,183,19,10,29,13,1,14,107,124,231,0,0,0,1,5,6,815,763,1578,2023-02-28T23:00:00Z
17,463,Trogir,1899,1954,3853,336,151,487,16,5,21,67,38,105,297,385,682,0,0,0,25,57,82,2640,2590,5230,2023-02-28T23:00:00Z
17,492,Vis,237,262,499,52,15,67,14,4,18,6,2,8,32,22,54,0,0,0,20,13,33,361,318,679,2023-02-28T23:00:00Z
17,50,Cista Provo,116,175,291,26,4,30,7,0,7,1,0,1,7,9,16,0,0,0,0,3,3,157,191,348,2023-02-28T23:00:00Z
17,511,Vrgorac,974,777,1751,52,29,81,26,14,40,5,6,11,44,72,116,0,0,0,2,9,11,1103,907,2010,2023-02-28T23:00:00Z
17,513,Vrlika,98,222,320,15,5,20,13,6,19,3,0,3,27,8,35,0,0,0,1,0,1,157,241,398,2023-02-28T23:00:00Z
17,522,Zagvozd,134,76,210,19,3,22,2,1,3,0,0,0,12,10,22,0,0,0,0,0,0,167,90,257,2023-02-28T23:00:00Z
17,528,Zmijavci,100,124,224,9,4,13,1,1,2,3,0,3,28,13,41,0,0,0,0,1,1,141,143,284,2023-02-28T23:00:00Z
17,585,Dugopolje,1648,935,2583,43,15,58,4,3,7,14,3,17,54,27,81,0,0,0,0,0,0,1763,983,2746,2023-02-28T23:00:00Z
17,586,Lećevica,13,34,47,8,0,8,1,2,3,1,0,1,2,0,2,0,0,0,0,0,0,25,36,61,2023-02-28T23:00:00Z
17,587,Lokvičići,28,30,58,2,0,2,2,0,2,0,0,0,2,1,3,0,0,0,1,0,1,35,31,66,2023-02-28T23:00:00Z
17,588,Okrug,163,227,390,39,17,56,2,0,2,14,4,18,112,35,147,0,0,0,9,18,27,339,301,640,2023-02-28T23:00:00Z
17,589,Prgomet,31,30,61,7,0,7,1,1,2,1,0,1,2,0,2,0,0,0,1,0,1,43,31,74,2023-02-28T23:00:00Z
17,590,Primorski Dolac,18,60,78,4,2,6,2,1,3,0,1,1,2,3,5,0,0,0,0,0,0,26,67,93,2023-02-28T23:00:00Z
17,591,Runovići,71,90,161,16,0,16,0,2,2,0,2,2,28,34,62,0,0,0,0,1,1,115,129,244,2023-02-28T23:00:00Z
17,592,Sutivan,96,74,170,15,7,22,5,1,6,10,1,11,23,10,33,0,0,0,1,1,2,150,94,244,2023-02-28T23:00:00Z
17,593,Tučepi,220,165,385,18,14,32,1,1,2,2,3,5,46,17,63,0,0,0,6,23,29,293,223,516,2023-02-28T23:00:00Z
17,595,Zadvarje,46,32,78,7,1,8,1,1,2,0,0,0,6,2,8,0,0,0,0,2,2,60,38,98,2023-02-28T23:00:00Z
17,72,Dicmo,474,202,676,37,17,54,5,2,7,2,1,3,30,43,73,0,0,0,1,0,1,549,265,814,2023-02-28T23:00:00Z
17,77,Brela,184,172,356,26,9,35,0,0,0,2,1,3,16,23,39,0,0,0,6,6,12,234,211,445,2023-02-28T23:00:00Z
17,87,Muć,171,218,389,21,3,24,2,4,6,3,4,7,9,9,18,0,0,0,0,1,1,206,239,445,2023-02-28T23:00:00Z
17,88,Proložac,194,178,372,18,6,24,3,5,8,0,0,0,39,25,64,0,0,0,4,2,6,258,216,474,2023-02-28T23:00:00Z
17,9,Baška Voda,217,223,440,59,26,85,1,0,1,5,1,6,42,44,86,0,0,0,12,20,32,336,314,650,2023-02-28T23:00:00Z
18,132,Gračišće,60,25,85,26,5,31,10,3,13,0,0,0,35,10,45,0,0,0,0,0,0,131,43,174,2023-02-28T23:00:00Z
18,138,Grožnjan,28,25,53,20,1,21,9,5,14,0,0,0,6,11,17,0,0,0,0,1,1,63,43,106,2023-02-28T23:00:00Z
18,175,Kanfanar,578,256,834,31,7,38,4,0,4,1,0,1,15,13,28,0,0,0,1,2,3,630,278,908,2023-02-28T23:00:00Z
18,217,Kršan,361,292,653,47,14,61,8,3,11,4,1,5,119,58,177,0,0,0,1,4,5,540,372,912,2023-02-28T23:00:00Z
18,222,Labin,2656,2393,5049,247,138,385,18,8,26,29,34,63,273,219,492,0,0,0,83,124,207,3306,2916,6222,2023-02-28T23:00:00Z
18,223,Lanišće,14,12,26,3,0,3,2,0,2,0,1,1,15,5,20,0,0,0,1,1,2,35,19,54,2023-02-28T23:00:00Z
18,235,Ližnjan,164,117,281,13,5,18,2,0,2,2,0,2,25,32,57,0,0,0,5,14,19,211,168,379,2023-02-28T23:00:00Z
18,246,Lupoglav,208,107,315,12,5,17,5,2,7,0,1,1,14,10,24,0,0,0,0,1,1,239,126,365,2023-02-28T23:00:00Z
18,254,Marčana,162,191,353,42,12,54,3,2,5,4,1,5,34,26,60,0,0,0,2,1,3,247,233,480,2023-02-28T23:00:00Z
18,263,Medulin,673,642,1315,67,41,108,6,2,8,5,6,11,107,110,217,0,0,0,17,42,59,875,843,1718,2023-02-28T23:00:00Z
18,274,Motovun,98,105,203,32,14,46,18,6,24,1,1,2,48,27,75,0,0,0,0,13,13,197,166,363,2023-02-28T23:00:00Z
18,291,Novigrad,948,1060,2008,129,55,184,17,4,21,2,9,11,106,90,196,0,0,0,10,31,41,1212,1249,2461,2023-02-28T23:00:00Z
18,304,Oprtalj,67,82,149,12,7,19,14,1,15,0,0,0,10,11,21,0,0,0,3,2,5,106,103,209,2023-02-28T23:00:00Z
18,321,Pazin,1950,1972,3922,309,128,437,56,28,84,16,21,37,303,209,512,0,0,0,4,15,19,2638,2373,5011,2023-02-28T23:00:00Z
18,330,Pićan,338,148,486,36,9,45,1,5,6,1,2,3,51,17,68,0,0,0,1,1,2,428,182,610,2023-02-28T23:00:00Z
18,348,Poreč,4982,4748,9730,658,340,998,47,18,65,54,54,108,518,446,964,2,1,3,76,84,160,6337,5691,12028,2023-02-28T23:00:00Z
18,359,Pula,13168,12663,25831,1333,705,2038,69,47,116,256,167,423,919,1037,1956,0,0,0,98,92,190,15843,14711,30554,2023-02-28T23:00:00Z
18,368,Raša,292,165,457,29,8,37,2,0,2,4,1,5,41,19,60,0,0,0,0,1,1,368,194,562,2023-02-28T23:00:00Z
18,374,Rovinj,3071,3398,6469,417,218,635,30,20,50,29,37,66,429,359,788,0,0,0,43,117,160,4019,4149,8168,2023-02-28T23:00:00Z
18,40,Brtonigla,132,98,230,41,12,53,20,8,28,1,1,2,44,53,97,0,0,0,3,2,5,241,174,415,2023-02-28T23:00:00Z
18,42,Buje,796,797,1593,119,48,167,29,13,42,6,7,13,63,64,127,0,0,0,3,5,8,1016,934,1950,2023-02-28T23:00:00Z
18,43,Buzet,1591,1114,2705,167,63,230,25,13,38,5,5,10,126,102,228,0,0,0,5,7,12,1919,1304,3223,2023-02-28T23:00:00Z
18,431,Sveti Lovreč,59,59,118,21,10,31,2,0,2,0,1,1,44,14,58,0,0,0,0,1,1,126,85,211,2023-02-28T23:00:00Z
18,432,Sveta Nedelja,176,150,326,31,8,39,8,2,10,5,0,5,44,22,66,0,0,0,2,1,3,266,183,449,2023-02-28T23:00:00Z
18,433,Sveti Petar U Šumi,179,122,301,22,4,26,3,4,7,0,0,0,13,5,18,0,0,0,1,1,2,218,136,354,2023-02-28T23:00:00Z
18,435,Svetvinčenat,143,112,255,22,5,27,3,0,3,0,1,1,26,25,51,0,0,0,0,0,0,194,143,337,2023-02-28T23:00:00Z
18,453,Tinjan,201,103,304,39,8,47,5,1,6,1,3,4,51,28,79,0,0,0,1,0,1,298,143,441,2023-02-28T23:00:00Z
18,468,Umag,2773,2348,5121,400,173,573,30,15,45,36,30,66,307,311,618,0,0,0,27,36,63,3573,2913,6486,2023-02-28T23:00:00Z
18,47,Cerovlje,135,55,190,34,3,37,4,3,7,0,0,0,26,15,41,0,0,0,0,1,1,199,77,276,2023-02-28T23:00:00Z
18,497,Višnjan,304,268,572,44,10,54,12,3,15,1,1,2,102,37,139,0,0,0,2,0,2,465,319,784,2023-02-28T23:00:00Z
18,498,Vižinada,64,54,118,28,12,40,16,6,22,0,0,0,30,32,62,0,0,0,0,0,0,138,104,242,2023-02-28T23:00:00Z
18,5,Bale,162,137,299,20,21,41,2,2,4,0,0,0,42,14,56,0,0,0,1,1,2,227,175,402,2023-02-28T23:00:00Z
18,502,Vodnjan,876,649,1525,52,22,74,8,3,11,7,2,9,81,55,136,0,1,1,2,0,2,1026,732,1758,2023-02-28T23:00:00Z
18,516,Vrsar,386,385,771,76,28,104,3,3,6,4,1,5,87,85,172,0,0,0,16,5,21,572,507,1079,2023-02-28T23:00:00Z
18,531,Žminj,475,449,924,111,46,157,12,9,21,3,5,8,84,95,179,0,0,0,3,4,7,688,608,1296,2023-02-28T23:00:00Z
18,596,Karojba,120,119,239,32,6,38,2,1,3,0,0,0,52,6,58,0,1,1,0,0,0,206,133,339,2023-02-28T23:00:00Z
18,597,Kaštelir - Labinci,154,83,237,37,18,55,7,5,12,2,0,2,46,13,59,0,0,0,2,3,5,248,122,370,2023-02-28T23:00:00Z
18,6,Barban,244,115,359,44,6,50,13,5,18,1,1,2,27,24,51,0,0,0,2,2,4,331,153,484,2023-02-28T23:00:00Z
18,619,Fažana,280,274,554,30,12,42,1,2,3,4,4,8,30,32,62,0,0,0,0,3,3,345,327,672,2023-02-28T23:00:00Z
18,629,Funtana,148,137,285,22,8,30,1,1,2,1,0,1,17,30,47,0,0,0,14,6,20,203,182,385,2023-02-28T23:00:00Z
18,631,Tar-Vabriga,179,247,426,39,16,55,3,0,3,0,0,0,41,32,73,0,0,0,0,7,7,262,302,564,2023-02-28T23:00:00Z
19,198,Konavle,1410,1104,2514,189,72,261,20,12,32,40,8,48,73,94,167,0,1,1,16,13,29,1748,1304,3052,2023-02-28T23:00:00Z
19,204,Korčula,652,866,1518,121,54,175,18,5,23,130,11,141,82,85,167,0,0,0,49,56,105,1052,1077,2129,2023-02-28T23:00:00Z
19,219,Kula Norinska,37,36,73,9,1,10,1,0,1,1,0,1,7,6,13,0,0,0,0,0,0,55,43,98,2023-02-28T23:00:00Z
19,226,Lastovo,61,90,151,30,8,38,3,2,5,4,1,5,11,5,16,0,0,0,3,6,9,112,112,224,2023-02-28T23:00:00Z
19,25,Blato,581,418,999,70,22,92,16,5,21,10,8,18,149,38,187,0,0,0,9,6,15,835,497,1332,2023-02-28T23:00:00Z
19,264,Metković,2190,1771,3961,175,122,297,39,22,61,43,17,60,321,260,581,0,0,0,8,20,28,2776,2212,4988,2023-02-28T23:00:00Z
19,268,Mljet,184,90,274,15,6,21,3,1,4,4,2,6,7,9,16,0,0,0,5,3,8,218,111,329,2023-02-28T23:00:00Z
19,306,Opuzen,443,417,860,32,18,50,54,23,77,3,1,4,27,35,62,0,0,0,3,1,4,562,495,1057,2023-02-28T23:00:00Z
19,308,Orebić,392,373,765,67,44,111,35,10,45,32,5,37,78,62,140,0,0,0,13,38,51,617,532,1149,2023-02-28T23:00:00Z
19,335,Ploče,1353,977,2330,88,54,142,29,10,39,22,5,27,98,124,222,0,0,0,3,3,6,1593,1173,2766,2023-02-28T23:00:00Z
19,343,Pojezerje,27,31,58,4,2,6,7,0,7,0,0,0,2,4,6,0,0,0,0,0,0,40,37,77,2023-02-28T23:00:00Z
19,399,Slivno,64,30,94,10,5,15,10,5,15,1,0,1,7,11,18,0,0,0,3,2,5,95,53,148,2023-02-28T23:00:00Z
19,402,Smokvica,25,65,90,12,3,15,18,5,23,7,0,7,31,7,38,0,0,0,8,13,21,101,93,194,2023-02-28T23:00:00Z
19,419,Ston,429,219,648,54,13,67,23,4,27,8,1,9,45,25,70,0,0,0,3,5,8,562,267,829,2023-02-28T23:00:00Z
19,474,Vela Luka,268,513,781,58,25,83,9,1,10,41,5,46,76,45,121,0,0,0,7,7,14,459,596,1055,2023-02-28T23:00:00Z
19,523,Zažablje,12,12,24,4,0,4,3,2,5,1,1,2,12,1,13,0,0,0,0,0,0,32,16,48,2023-02-28T23:00:00Z
19,598,Dubrovačko Primorje,139,106,245,26,5,31,3,5,8,9,3,12,44,17,61,0,0,0,3,4,7,224,140,364,2023-02-28T23:00:00Z
19,599,Janjina,57,61,118,12,3,15,9,3,12,2,1,3,10,11,21,0,0,0,4,2,6,94,81,175,2023-02-28T23:00:00Z
19,600,Lumbarda,53,51,104,35,11,46,11,1,12,4,0,4,22,18,40,0,0,0,9,15,24,134,96,230,2023-02-28T23:00:00Z
19,601,Trpanj,50,44,94,11,3,14,3,1,4,3,1,4,16,6,22,0,0,0,3,6,9,86,61,147,2023-02-28T23:00:00Z
19,602,Župa Dubrovačka,726,769,1495,138,65,203,4,7,11,70,2,72,73,68,141,0,0,0,6,9,15,1017,920,1937,2023-02-28T23:00:00Z
19,98,Dubrovnik,10220,10795,21015,781,393,1174,30,17,47,529,74,603,512,597,1109,1,0,1,122,124,246,12195,12000,24195,2023-02-28T23:00:00Z
20,123,Goričan,317,160,477,7,3,10,9,2,11,0,2,2,12,9,21,0,0,0,0,0,0,345,176,521,2023-02-28T23:00:00Z
20,15,Belica,200,222,422,25,14,39,59,34,93,1,1,2,30,42,72,0,0,0,1,2,3,316,315,631,2023-02-28T23:00:00Z
20,206,Kotoriba,521,268,789,9,4,13,5,0,5,0,5,5,10,10,20,0,0,0,0,0,0,545,287,832,2023-02-28T23:00:00Z
20,250,Mala Subotica,548,1113,1661,24,17,41,31,14,45,2,5,7,17,23,40,0,0,0,1,2,3,623,1174,1797,2023-02-28T23:00:00Z
20,276,Mursko Središće,843,780,1623,46,26,72,13,7,20,2,6,8,42,50,92,0,0,0,2,2,4,948,871,1819,2023-02-28T23:00:00Z
20,279,Nedelišće,1466,839,2305,98,45,143,38,20,58,1,7,8,138,84,222,0,0,0,0,5,5,1741,1000,2741,2023-02-28T23:00:00Z
20,342,Podturen,209,123,332,22,8,30,16,12,28,1,2,3,47,36,83,0,0,0,0,1,1,295,182,477,2023-02-28T23:00:00Z
20,355,Prelog,2372,1675,4047,66,26,92,50,23,73,7,10,17,68,66,134,0,0,0,7,6,13,2570,1806,4376,2023-02-28T23:00:00Z
20,385,Selnica,146,160,306,12,11,23,8,4,12,1,1,2,16,14,30,0,0,0,1,0,1,184,190,374,2023-02-28T23:00:00Z
20,440,Sveti Juraj Na Bregu,287,201,488,26,16,42,13,7,20,3,2,5,37,46,83,0,0,0,0,0,0,366,272,638,2023-02-28T23:00:00Z
20,441,Sveti Martin Na Muri,607,346,953,17,11,28,7,4,11,0,3,3,29,36,65,0,0,0,3,0,3,663,400,1063,2023-02-28T23:00:00Z
20,452,Štrigova,299,206,505,26,11,37,36,20,56,2,1,3,58,68,126,0,0,0,0,1,1,421,307,728,2023-02-28T23:00:00Z
20,504,Vratišinec,137,92,229,7,2,9,11,2,13,1,2,3,8,8,16,0,0,0,1,1,2,165,107,272,2023-02-28T23:00:00Z
20,60,Čakovec,9872,9206,19078,260,146,406,58,24,82,41,59,100,249,328,577,0,0,0,7,16,23,10487,9779,20266,2023-02-28T23:00:00Z
20,603,Dekanovec,91,82,173,6,1,7,4,5,9,0,0,0,7,2,9,0,0,0,0,0,0,108,90,198,2023-02-28T23:00:00Z
20,604,Gornji Mihaljevec,96,74,170,13,3,16,24,9,33,2,1,3,23,16,39,0,0,0,0,1,1,158,104,262,2023-02-28T23:00:00Z
20,605,Orehovica,210,158,368,18,3,21,24,9,33,1,2,3,50,21,71,0,0,0,0,2,2,303,195,498,2023-02-28T23:00:00Z
20,606,Strahoninec,239,151,390,13,6,19,3,2,5,0,2,2,35,12,47,0,0,0,0,2,2,290,175,465,2023-02-28T23:00:00Z
20,607,Sveta Marija,61,81,142,13,2,15,6,0,6,1,1,2,24,6,30,0,0,0,0,1,1,105,91,196,2023-02-28T23:00:00Z
20,608,Šenkovec,501,260,761,19,9,28,2,1,3,0,1,1,26,21,47,0,0,0,0,2,2,548,294,842,2023-02-28T23:00:00Z
20,620,Pribislavec,343,202,545,9,8,17,3,1,4,2,1,3,19,10,29,0,0,0,0,1,1,376,223,599,2023-02-28T23:00:00Z
20,75,Domašinec,256,122,378,7,7,14,18,16,34,0,1,1,16,5,21,0,0,0,2,1,3,299,152,451,2023-02-28T23:00:00Z
20,78,Donja Dubrava,205,237,442,16,6,22,5,3,8,0,2,2,10,13,23,0,0,0,0,0,0,236,261,497,2023-02-28T23:00:00Z
20,82,Donji Kraljevec,1432,665,2097,41,15,56,50,20,70,3,4,7,90,117,207,0,0,0,3,10,13,1619,831,2450,2023-02-28T23:00:00Z
20,89,Donji Vidovec,56,85,141,5,1,6,2,0,2,1,1,2,4,15,19,0,0,0,0,0,0,68,102,170,2023-02-28T23:00:00Z
21,133,Zagreb,235406,213225,448631,8206,5945,14151,285,169,454,2207,2066,4273,5365,6889,12254,35,10,45,339,524,863,251843,228828,480671,2023-02-28T23:00:00Z
01,101,Dugo Selo,3004,2054,5058,240,124,364,31,22,53,25,27,52,259,267,526,0,0,0,6,16,22,3565,2510,6075,2023-03-31T22:00:00Z
01,114,Farkaševac,146,210,356,8,3,11,25,10,35,0,2,2,36,19,55,0,0,0,1,0,1,216,244,460,2023-03-31T22:00:00Z
01,135,Gradec,144,137,281,13,1,14,9,7,16,0,2,2,53,20,73,0,0,0,0,1,1,219,168,387,2023-03-31T22:00:00Z
01,158,Ivanić-Grad,3237,1750,4987,91,76,167,47,29,76,11,21,32,137,179,316,0,0,0,5,12,17,3528,2067,5595,2023-03-31T22:00:00Z
01,163,Jakovlje,353,334,687,40,8,48,10,8,18,2,0,2,39,32,71,0,0,0,0,0,0,444,382,826,2023-03-31T22:00:00Z
01,169,Jastrebarsko,2313,1754,4067,225,114,339,47,35,82,17,20,37,259,227,486,0,0,0,5,5,10,2866,2155,5021,2023-03-31T22:00:00Z
01,190,Klinča Selo,220,197,417,40,12,52,5,4,9,0,0,0,65,47,112,0,0,0,1,2,3,331,262,593,2023-03-31T22:00:00Z
01,193,Kloštar Ivanić,394,320,714,22,10,32,21,7,28,3,10,13,45,38,83,1,0,1,4,5,9,490,390,880,2023-03-31T22:00:00Z
01,213,Križ,709,445,1154,23,19,42,17,12,29,5,4,9,24,51,75,0,0,0,1,3,4,779,534,1313,2023-03-31T22:00:00Z
01,33,Brckovljani,358,403,761,8,5,13,0,1,1,3,2,5,27,14,41,0,0,0,0,0,0,396,425,821,2023-03-31T22:00:00Z
01,331,Pisarovina,399,321,720,24,25,49,19,19,38,1,1,2,27,28,55,0,0,0,2,3,5,472,397,869,2023-03-31T22:00:00Z
01,34,Brdovec,879,777,1656,96,43,139,15,7,22,1,5,6,92,68,160,0,0,0,4,3,7,1087,903,1990,2023-03-31T22:00:00Z
01,356,Preseka,17,9,26,6,2,8,12,11,23,0,1,1,15,5,20,0,0,0,1,0,1,51,28,79,2023-03-31T22:00:00Z
01,362,Pušča,149,186,335,26,14,40,7,2,9,2,3,5,40,27,67,0,0,0,0,0,0,224,232,456,2023-03-31T22:00:00Z
01,376,Rugvica,1413,562,1975,8,7,15,3,3,6,1,2,3,17,20,37,0,0,0,0,0,0,1442,594,2036,2023-03-31T22:00:00Z
01,380,Samobor,5610,4075,9685,525,324,849,26,21,47,45,63,108,472,463,935,2,2,4,27,29,56,6707,4977,11684,2023-03-31T22:00:00Z
01,429,Sveti Ivan Zelina,2555,2041,4596,170,68,238,63,44,107,14,19,33,259,198,457,0,0,0,5,4,9,3066,2374,5440,2023-03-31T22:00:00Z
01,436,Sveta Nedjelja,5949,3553,9502,226,97,323,5,5,10,9,11,20,356,182,538,0,0,0,8,7,15,6553,3855,10408,2023-03-31T22:00:00Z
01,508,Vrbovec,2174,2075,4249,171,72,243,95,32,127,6,19,25,289,162,451,0,0,0,10,9,19,2745,2369,5114,2023-03-31T22:00:00Z
01,533,Krašić,273,195,468,27,10,37,10,11,21,2,1,3,26,21,47,0,0,0,1,1,2,339,239,578,2023-03-31T22:00:00Z
01,536,Rakovec,35,24,59,9,2,11,7,4,11,0,1,1,24,12,36,0,0,0,0,0,0,75,43,118,2023-03-31T22:00:00Z
01,539,Marija Gorica,76,107,183,14,2,16,0,0,0,1,1,2,16,22,38,0,0,0,0,0,0,107,132,239,2023-03-31T22:00:00Z
01,540,Žumberak,17,17,34,5,1,6,4,2,6,0,0,0,3,7,10,0,0,0,0,0,0,29,27,56,2023-03-31T22:00:00Z
01,541,Velika Gorica,8516,6663,15179,643,393,1036,67,33,100,53,60,113,566,518,1084,1,0,1,18,27,45,9864,7694,17558,2023-03-31T22:00:00Z
01,542,Orle,43,22,65,15,0,15,9,4,13,0,0,0,14,3,17,0,0,0,1,0,1,82,29,111,2023-03-31T22:00:00Z
01,543,Zaprešić,3367,2994,6361,219,159,378,11,12,23,33,44,77,247,239,486,0,0,0,10,13,23,3887,3461,7348,2023-03-31T22:00:00Z
01,544,Pokupsko,40,82,122,11,6,17,12,4,16,0,0,0,10,7,17,0,0,0,0,0,0,73,99,172,2023-03-31T22:00:00Z
01,545,Kravarsko,113,80,193,40,12,52,5,4,9,0,0,0,73,18,91,0,0,0,1,1,2,232,115,347,2023-03-31T22:00:00Z
01,547,Bistra,384,527,911,49,22,71,9,5,14,2,6,8,59,44,103,1,0,1,0,2,2,504,606,1110,2023-03-31T22:00:00Z
01,548,Luka,291,111,402,15,2,17,2,1,3,1,1,2,19,20,39,0,0,0,0,0,0,328,135,463,2023-03-31T22:00:00Z
01,549,Dubravica,72,43,115,15,0,15,12,4,16,0,0,0,13,16,29,0,0,0,0,0,0,112,63,175,2023-03-31T22:00:00Z
01,550,Bedenica,215,160,375,12,4,16,4,4,8,1,1,2,15,8,23,0,0,0,0,0,0,247,177,424,2023-03-31T22:00:00Z
01,551,Stupnik,1534,569,2103,30,16,46,1,1,2,2,3,5,19,34,53,0,0,0,0,1,1,1586,624,2210,2023-03-31T22:00:00Z
01,97,Dubrava,308,334,642,50,23,73,65,40,105,5,12,17,60,81,141,0,0,0,2,4,6,490,494,984,2023-03-31T22:00:00Z
02,108,Đurmanec,136,147,283,54,18,72,1,2,3,3,1,4,114,84,198,0,0,0,2,1,3,310,253,563,2023-03-31T22:00:00Z
02,11,Bedekovčina,554,761,1315,88,39,127,7,6,13,8,6,14,130,108,238,0,0,0,5,4,9,792,924,1716,2023-03-31T22:00:00Z
02,125,Gornja Stubica,243,300,543,56,16,72,6,5,11,2,1,3,74,51,125,0,0,0,2,1,3,383,374,757,2023-03-31T22:00:00Z
02,146,Hraščina,50,49,99,10,3,13,2,3,5,0,1,1,6,8,14,0,0,0,0,0,0,68,64,132,2023-03-31T22:00:00Z
02,152,Hum Na Sutli,1551,656,2207,54,27,81,4,0,4,1,7,8,256,75,331,0,0,0,0,2,2,1866,767,2633,2023-03-31T22:00:00Z
02,187,Klanjec,289,278,567,68,23,91,9,6,15,5,1,6,65,49,114,0,0,0,2,3,5,438,360,798,2023-03-31T22:00:00Z
02,200,Konjščina,430,416,846,30,21,51,1,2,3,0,2,2,47,34,81,0,0,0,0,2,2,508,477,985,2023-03-31T22:00:00Z
02,208,Kraljevec Na Sutli,79,47,126,13,4,17,3,1,4,0,0,0,18,5,23,0,0,0,0,1,1,113,58,171,2023-03-31T22:00:00Z
02,211,Krapina,2924,2377,5301,173,100,273,7,4,11,14,16,30,187,161,348,0,0,0,4,6,10,3309,2664,5973,2023-03-31T22:00:00Z
02,212,Krapinske Toplice,634,1243,1877,67,37,104,6,4,10,0,5,5,108,77,185,0,1,1,3,1,4,818,1368,2186,2023-03-31T22:00:00Z
02,236,Lobor,168,245,413,24,8,32,4,3,7,0,1,1,35,19,54,0,0,0,1,2,3,232,278,510,2023-03-31T22:00:00Z
02,248,Mače,105,77,182,29,7,36,3,4,7,1,0,1,72,34,106,0,0,0,0,0,0,210,122,332,2023-03-31T22:00:00Z
02,256,Marija Bistrica,335,363,698,70,43,113,13,6,19,1,5,6,71,70,141,0,0,0,3,2,5,493,489,982,2023-03-31T22:00:00Z
02,265,Mihovljan,89,122,211,31,8,39,3,0,3,0,0,0,68,16,84,0,0,0,1,1,2,192,147,339,2023-03-31T22:00:00Z
02,311,Oroslavje,988,827,1815,71,36,107,8,2,10,6,7,13,90,65,155,0,0,0,3,2,5,1166,939,2105,2023-03-31T22:00:00Z
02,329,Petrovsko,104,56,160,16,3,19,1,0,1,5,0,5,61,14,75,0,0,0,1,0,1,188,73,261,2023-03-31T22:00:00Z
02,352,Pregrada,823,926,1749,111,31,142,2,5,7,6,6,12,168,105,273,0,0,0,1,1,2,1111,1074,2185,2023-03-31T22:00:00Z
02,364,Radoboj,165,112,277,15,13,28,1,0,1,0,2,2,55,23,78,0,0,0,0,0,0,236,150,386,2023-03-31T22:00:00Z
02,41,Budinščina,198,184,382,16,6,22,7,1,8,2,2,4,19,11,30,0,0,0,2,0,2,244,204,448,2023-03-31T22:00:00Z
02,422,Stubičke Toplice,253,439,692,34,20,54,0,2,2,2,5,7,58,29,87,0,0,0,2,0,2,349,495,844,2023-03-31T22:00:00Z
02,430,Sveti Križ Začretje,683,787,1470,73,23,96,10,4,14,1,5,6,143,97,240,0,0,0,3,0,3,913,916,1829,2023-03-31T22:00:00Z
02,466,Tuhelj,158,221,379,21,10,31,5,1,6,1,2,3,44,42,86,0,0,0,0,0,0,229,276,505,2023-03-31T22:00:00Z
02,481,Veliko Trgovišće,588,417,1005,52,16,68,3,4,7,2,5,7,103,49,152,0,0,0,3,2,5,751,493,1244,2023-03-31T22:00:00Z
02,519,Zabok,2802,2980,5782,141,88,229,7,3,10,13,16,29,174,220,394,0,0,0,0,2,2,3137,3309,6446,2023-03-31T22:00:00Z
02,521,Zagorska Sela,10,53,63,6,1,7,5,2,7,0,1,1,16,4,20,0,0,0,0,0,0,37,61,98,2023-03-31T22:00:00Z
02,526,Zlatar,538,667,1205,99,55,154,26,15,41,6,8,14,129,75,204,0,0,0,3,0,3,801,820,1621,2023-03-31T22:00:00Z
02,527,Zlatar Bistrica,301,511,812,27,7,34,4,1,5,5,0,5,71,49,120,0,0,0,3,1,4,411,569,980,2023-03-31T22:00:00Z
02,552,Jesenje,84,91,175,8,2,10,0,0,0,0,0,0,51,6,57,0,0,0,0,0,0,143,99,242,2023-03-31T22:00:00Z
02,553,Kumrovec,77,93,170,19,6,25,2,0,2,4,1,5,18,14,32,0,0,0,0,0,0,120,114,234,2023-03-31T22:00:00Z
02,554,Novi Golubovec,133,59,192,3,2,5,1,0,1,0,0,0,5,1,6,0,0,0,0,0,0,142,62,204,2023-03-31T22:00:00Z
02,70,Desinić,121,273,394,31,8,39,9,2,11,3,2,5,49,34,83,0,0,0,0,1,1,213,320,533,2023-03-31T22:00:00Z
02,79,Donja Stubica,833,689,1522,97,51,148,5,5,10,6,3,9,82,51,133,0,0,0,1,2,3,1024,801,1825,2023-03-31T22:00:00Z
03,102,Dvor,306,171,477,16,5,21,59,22,81,0,2,2,16,12,28,0,0,0,1,2,3,398,214,612,2023-03-31T22:00:00Z
03,121,Glina,1173,702,1875,45,21,66,56,28,84,4,9,13,71,71,142,0,0,0,0,0,0,1349,831,2180,2023-03-31T22:00:00Z
03,149,Hrvatska Dubica,71,98,169,9,2,11,12,5,17,0,0,0,11,5,16,0,0,0,0,1,1,103,111,214,2023-03-31T22:00:00Z
03,150,Hrvatska Kostajnica,307,306,613,19,9,28,8,4,12,1,3,4,13,26,39,0,0,0,1,0,1,349,348,697,2023-03-31T22:00:00Z
03,168,Jasenovac,143,147,290,14,6,20,14,4,18,0,0,0,14,13,27,0,0,0,0,1,1,185,171,356,2023-03-31T22:00:00Z
03,220,Kutina,3465,2844,6309,181,112,293,45,21,66,37,24,61,205,253,458,1,0,1,12,8,20,3946,3262,7208,2023-03-31T22:00:00Z
03,228,Lekenik,382,297,679,43,11,54,10,7,17,1,3,4,55,34,89,0,0,0,1,1,2,492,353,845,2023-03-31T22:00:00Z
03,232,Lipovljani,255,293,548,25,8,33,12,2,14,1,0,1,37,44,81,0,0,0,0,3,3,330,350,680,2023-03-31T22:00:00Z
03,259,Martinska Ves,129,68,197,10,1,11,28,13,41,3,0,3,54,17,71,0,0,0,0,0,0,224,99,323,2023-03-31T22:00:00Z
03,293,Novska,1296,1090,2386,179,103,282,34,15,49,7,17,24,246,244,490,0,0,0,2,7,9,1764,1476,3240,2023-03-31T22:00:00Z
03,328,Petrinja,1819,1796,3615,254,99,353,76,28,104,9,24,33,326,284,610,0,0,0,5,3,8,2489,2234,4723,2023-03-31T22:00:00Z
03,347,Popovača,892,1116,2008,87,43,130,48,18,66,6,10,16,106,125,231,0,0,0,4,3,7,1143,1315,2458,2023-03-31T22:00:00Z
03,391,Sisak,7072,8169,15241,380,227,607,102,52,154,44,75,119,598,556,1154,0,0,0,15,16,31,8211,9095,17306,2023-03-31T22:00:00Z
03,426,Sunja,208,193,401,22,11,33,50,30,80,1,2,3,13,19,32,0,0,0,1,1,2,295,256,551,2023-03-31T22:00:00Z
03,457,Topusko,225,341,566,16,8,24,7,2,9,3,1,4,22,21,43,0,0,0,0,0,0,273,373,646,2023-03-31T22:00:00Z
03,477,Velika Ludina,123,164,287,12,9,21,13,3,16,0,0,0,26,16,42,0,0,0,0,0,0,174,192,366,2023-03-31T22:00:00Z
03,510,Gvozd,110,97,207,10,4,14,16,4,20,0,0,0,17,13,30,0,0,0,1,0,1,154,118,272,2023-03-31T22:00:00Z
03,555,Majur,138,86,224,1,1,2,3,0,3,0,0,0,4,1,5,0,0,0,0,0,0,146,88,234,2023-03-31T22:00:00Z
03,83,Donji Kukuruzari,35,71,106,5,0,5,6,3,9,0,0,0,1,3,4,0,0,0,1,1,2,48,78,126,2023-03-31T22:00:00Z
04,120,Generalski Stol,40,74,114,20,5,25,1,0,1,0,1,1,25,12,37,0,0,0,0,0,0,86,92,178,2023-03-31T22:00:00Z
04,172,Josipdol,197,186,383,27,15,42,1,6,7,2,1,3,40,47,87,0,0,0,0,0,0,267,255,522,2023-03-31T22:00:00Z
04,179,Karlovac,10655,9065,19720,423,308,731,71,55,126,65,84,149,610,798,1408,0,0,0,12,23,35,11836,10333,22169,2023-03-31T22:00:00Z
04,216,Krnjak,165,69,234,3,2,5,5,4,9,0,0,0,11,4,15,0,0,0,0,0,0,184,79,263,2023-03-31T22:00:00Z
04,225,Lasinja,28,46,74,5,3,8,0,5,5,2,0,2,4,5,9,0,0,0,0,0,0,39,59,98,2023-03-31T22:00:00Z
04,281,Netretić,115,111,226,18,3,21,3,1,4,1,1,2,36,31,67,0,0,0,0,0,0,173,147,320,2023-03-31T22:00:00Z
04,297,Ogulin,1809,1834,3643,154,89,243,36,18,54,11,30,41,153,176,329,0,0,0,4,12,16,2167,2159,4326,2023-03-31T22:00:00Z
04,30,Bosiljevo,100,84,184,4,0,4,0,0,0,1,1,2,33,33,66,0,0,0,0,0,0,138,118,256,2023-03-31T22:00:00Z
04,315,Ozalj,766,654,1420,89,30,119,21,14,35,3,9,12,130,90,220,0,1,1,2,3,5,1011,801,1812,2023-03-31T22:00:00Z
04,333,Plaški,99,96,195,10,3,13,9,1,10,0,1,1,43,33,76,0,0,0,0,0,0,161,134,295,2023-03-31T22:00:00Z
04,365,Rakovica,167,209,376,8,8,16,3,3,6,0,0,0,67,77,144,0,0,0,1,2,3,246,299,545,2023-03-31T22:00:00Z
04,378,Saborsko,11,14,25,1,0,1,1,0,1,0,0,0,2,1,3,0,0,0,0,0,0,15,15,30,2023-03-31T22:00:00Z
04,400,Slunj,345,423,768,58,16,74,37,17,54,3,6,9,121,107,228,0,0,0,2,11,13,566,580,1146,2023-03-31T22:00:00Z
04,49,Cetingrad,60,63,123,7,1,8,2,3,5,0,0,0,7,7,14,0,0,0,0,0,0,76,74,150,2023-03-31T22:00:00Z
04,503,Vojnić,374,275,649,22,13,35,40,13,53,1,0,1,25,34,59,0,0,0,3,0,3,465,335,800,2023-03-31T22:00:00Z
04,530,Žakanje,171,101,272,27,12,39,4,1,5,0,0,0,28,27,55,0,0,0,0,1,1,230,142,372,2023-03-31T22:00:00Z
04,556,Ribnik,9,6,15,9,3,12,2,1,3,0,0,0,4,8,12,0,0,0,0,0,0,24,18,42,2023-03-31T22:00:00Z
04,557,Tounj,62,37,99,6,0,6,0,0,0,0,0,0,2,6,8,0,0,0,0,0,0,70,43,113,2023-03-31T22:00:00Z
04,623,Kamanje,156,95,251,5,1,6,0,0,0,0,0,0,6,6,12,0,0,0,0,0,0,167,102,269,2023-03-31T22:00:00Z
04,7,Barilovići,292,158,450,20,10,30,6,0,6,0,1,1,110,30,140,0,0,0,0,0,0,428,199,627,2023-03-31T22:00:00Z
04,90,Draganić,186,207,393,14,3,17,7,2,9,0,1,1,20,17,37,0,0,0,0,0,0,227,230,457,2023-03-31T22:00:00Z
04,99,Duga Resa,1278,1050,2328,133,70,203,18,20,38,4,17,21,178,202,380,0,0,0,4,5,9,1615,1364,2979,2023-03-31T22:00:00Z
05,12,Bednja,218,175,393,18,7,25,3,4,7,1,1,2,26,12,38,0,0,0,0,1,1,266,200,466,2023-03-31T22:00:00Z
05,129,Gornji Kneginec,635,992,1627,54,35,89,8,5,13,3,8,11,65,52,117,0,0,0,4,5,9,769,1097,1866,2023-03-31T22:00:00Z
05,151,Breznički Hum,197,152,349,11,4,15,6,7,13,0,2,2,21,14,35,0,0,0,2,3,5,237,182,419,2023-03-31T22:00:00Z
05,156,Ivanec,2258,1887,4145,172,67,239,13,12,25,10,18,28,309,254,563,0,0,0,8,11,19,2770,2249,5019,2023-03-31T22:00:00Z
05,165,Jalžabet,723,1025,1748,22,4,26,11,5,16,0,3,3,44,33,77,0,0,0,0,1,1,800,1071,1871,2023-03-31T22:00:00Z
05,189,Klenovnik,188,68,256,9,4,13,0,0,0,0,0,0,21,26,47,0,0,0,2,0,2,220,98,318,2023-03-31T22:00:00Z
05,19,Beretinec,82,46,128,19,2,21,3,2,5,0,1,1,15,18,33,0,0,0,1,0,1,120,69,189,2023-03-31T22:00:00Z
05,229,Lepoglava,1358,649,2007,62,33,95,4,2,6,1,4,5,92,52,144,0,0,0,1,5,6,1518,745,2263,2023-03-31T22:00:00Z
05,244,Ludbreg,1934,1683,3617,127,60,187,61,33,94,9,14,23,230,175,405,0,0,0,2,5,7,2363,1970,4333,2023-03-31T22:00:00Z
05,247,Ljubešćica,361,173,534,24,8,32,0,0,0,1,3,4,84,20,104,0,0,0,1,0,1,471,204,675,2023-03-31T22:00:00Z
05,251,Mali Bukovec,41,80,121,11,5,16,23,18,41,0,1,1,99,35,134,0,0,0,0,1,1,174,140,314,2023-03-31T22:00:00Z
05,260,Maruševec,342,297,639,61,28,89,21,23,44,4,2,6,112,44,156,0,0,0,3,2,5,543,396,939,2023-03-31T22:00:00Z
05,289,Novi Marof,1298,1214,2512,157,72,229,11,12,23,9,17,26,299,174,473,0,0,0,7,7,14,1781,1496,3277,2023-03-31T22:00:00Z
05,326,Petrijanec,472,779,1251,25,10,35,15,8,23,1,3,4,87,77,164,0,0,0,0,1,1,600,878,1478,2023-03-31T22:00:00Z
05,36,Breznica,155,72,227,18,3,21,6,5,11,1,5,6,41,14,55,0,0,0,0,0,0,221,99,320,2023-03-31T22:00:00Z
05,410,Sračinec,266,283,549,36,14,50,1,1,2,0,6,6,93,59,152,0,0,0,0,2,2,396,365,761,2023-03-31T22:00:00Z
05,437,Sveti Đurđ,71,102,173,31,4,35,26,8,34,2,1,3,30,31,61,0,0,0,0,0,0,160,146,306,2023-03-31T22:00:00Z
05,438,Sveti Ilija,183,202,385,17,8,25,1,1,2,0,4,4,37,30,67,0,0,0,0,0,0,238,245,483,2023-03-31T22:00:00Z
05,462,Trnovec Bartolovečki,1327,1378,2705,72,20,92,16,6,22,1,3,4,245,95,340,1,0,1,2,2,4,1664,1504,3168,2023-03-31T22:00:00Z
05,472,Varaždin,16857,15401,32258,526,396,922,51,25,76,79,111,190,515,647,1162,1,0,1,23,24,47,18052,16604,34656,2023-03-31T22:00:00Z
05,473,Varaždinske Toplice,625,563,1188,42,22,64,11,6,17,4,8,12,169,38,207,0,0,0,1,3,4,852,640,1492,2023-03-31T22:00:00Z
05,48,Cestica,375,388,763,55,24,79,14,15,29,1,6,7,104,80,184,0,0,0,1,2,3,550,515,1065,2023-03-31T22:00:00Z
05,484,Vidovec,292,274,566,47,15,62,54,28,82,1,5,6,111,91,202,0,0,0,0,0,0,505,413,918,2023-03-31T22:00:00Z
05,486,Vinica,319,225,544,19,8,27,5,4,9,2,5,7,30,24,54,0,0,0,0,1,1,375,267,642,2023-03-31T22:00:00Z
05,493,Visoko,96,61,157,18,1,19,7,3,10,0,0,0,23,26,49,0,0,0,2,0,2,146,91,237,2023-03-31T22:00:00Z
05,558,Veliki Bukovec,380,253,633,5,3,8,21,9,30,0,0,0,34,30,64,0,0,0,0,0,0,440,295,735,2023-03-31T22:00:00Z
05,80,Donja Voća,76,63,139,7,1,8,5,7,12,0,1,1,28,19,47,0,0,0,0,1,1,116,92,208,2023-03-31T22:00:00Z
05,85,Donji Martijanec,349,162,511,26,6,32,18,3,21,1,1,2,49,30,79,0,0,0,0,0,0,443,202,645,2023-03-31T22:00:00Z
06,104,Đelekovec,39,54,93,23,12,35,39,11,50,0,1,1,18,12,30,0,0,0,0,0,0,119,90,209,2023-03-31T22:00:00Z
06,107,Đurđevac,1441,1232,2673,81,46,127,68,40,108,13,11,24,81,72,153,0,0,0,10,4,14,1694,1405,3099,2023-03-31T22:00:00Z
06,115,Ferdinandovac,42,101,143,11,2,13,38,31,69,1,1,2,21,7,28,0,0,0,1,0,1,114,142,256,2023-03-31T22:00:00Z
06,122,Gola,175,168,343,11,2,13,84,39,123,0,2,2,7,26,33,0,0,0,0,1,1,277,238,515,2023-03-31T22:00:00Z
06,145,Hlebine,12,38,50,5,0,5,14,4,18,1,0,1,0,11,11,0,0,0,1,1,2,33,54,87,2023-03-31T22:00:00Z
06,194,Kloštar Podravski,171,161,332,15,13,28,34,31,65,0,1,1,28,51,79,0,0,0,1,4,5,249,261,510,2023-03-31T22:00:00Z
06,201,Koprivnica,7119,7613,14732,351,214,565,61,28,89,63,66,129,388,427,815,0,2,2,9,8,17,7991,8358,16349,2023-03-31T22:00:00Z
06,202,Koprivnički Bregi,68,92,160,20,4,24,22,8,30,0,0,0,28,8,36,0,0,0,0,0,0,138,112,250,2023-03-31T22:00:00Z
06,203,Koprivnički Ivanec,67,56,123,23,5,28,24,7,31,0,0,0,19,8,27,0,0,0,0,0,0,133,76,209,2023-03-31T22:00:00Z
06,214,Križevci,3675,3861,7536,182,113,295,212,176,388,15,29,44,268,227,495,0,0,0,7,12,19,4359,4418,8777,2023-03-31T22:00:00Z
06,227,Legrad,65,83,148,15,5,20,18,6,24,0,2,2,20,21,41,0,0,0,0,0,0,118,117,235,2023-03-31T22:00:00Z
06,270,Molve,233,125,358,6,9,15,49,30,79,0,2,2,33,17,50,0,0,0,2,3,5,323,186,509,2023-03-31T22:00:00Z
06,292,Novigrad Podravski,90,158,248,10,2,12,15,11,26,0,1,1,18,14,32,0,0,0,0,0,0,133,186,319,2023-03-31T22:00:00Z
06,324,Peteranec,91,47,138,18,3,21,21,10,31,1,1,2,23,11,34,0,0,0,0,1,1,154,73,227,2023-03-31T22:00:00Z
06,366,Rasinja,48,77,125,23,3,26,53,20,73,2,0,2,20,20,40,0,0,0,1,0,1,147,120,267,2023-03-31T22:00:00Z
06,405,Sokolovac,184,79,263,18,4,22,44,12,56,5,4,9,17,9,26,0,0,0,0,0,0,268,108,376,2023-03-31T22:00:00Z
06,439,Sveti Ivan Žabno,279,204,483,39,16,55,94,59,153,1,2,3,51,62,113,0,0,0,0,1,1,464,344,808,2023-03-31T22:00:00Z
06,442,Sveti Petar Orehovec,139,126,265,31,8,39,125,115,240,0,1,1,43,26,69,0,0,0,1,0,1,339,276,615,2023-03-31T22:00:00Z
06,490,Virje,318,214,532,30,11,41,35,17,52,4,1,5,31,33,64,0,0,0,2,0,2,420,276,696,2023-03-31T22:00:00Z
06,559,Kalinovac,441,108,549,6,1,7,7,3,10,0,0,0,10,9,19,0,0,0,1,0,1,465,121,586,2023-03-31T22:00:00Z
06,560,Kalnik,44,49,93,3,4,7,19,20,39,0,1,1,7,2,9,0,0,0,0,0,0,73,76,149,2023-03-31T22:00:00Z
06,561,Novo Virje,41,43,84,2,0,2,35,26,61,0,0,0,19,7,26,0,0,0,0,0,0,97,76,173,2023-03-31T22:00:00Z
06,616,Podravske Sesvete,112,126,238,3,4,7,25,14,39,2,0,2,6,6,12,0,0,0,1,0,1,149,150,299,2023-03-31T22:00:00Z
06,618,Gornja Reka,94,92,186,4,2,6,9,4,13,0,0,0,3,3,6,0,0,0,0,0,0,110,101,211,2023-03-31T22:00:00Z
06,96,Drnje,114,116,230,13,4,17,16,10,26,0,2,2,5,10,15,0,0,0,0,0,0,148,142,290,2023-03-31T22:00:00Z
07,105,Đulovac,231,101,332,8,7,15,31,16,47,2,0,2,122,32,154,0,0,0,0,0,0,394,156,550,2023-03-31T22:00:00Z
07,119,Garešnica,1120,1115,2235,60,32,92,57,36,93,14,18,32,110,121,231,0,0,0,2,7,9,1363,1329,2692,2023-03-31T22:00:00Z
07,139,Grubišno Polje,608,568,1176,33,25,58,101,36,137,4,7,11,62,71,133,0,0,0,0,3,3,808,710,1518,2023-03-31T22:00:00Z
07,144,Hercegovac,151,160,311,21,3,24,47,16,63,1,1,2,41,29,70,0,0,0,1,1,2,262,210,472,2023-03-31T22:00:00Z
07,161,Ivanska,192,104,296,2,2,4,47,11,58,3,3,6,36,18,54,0,0,0,3,1,4,283,139,422,2023-03-31T22:00:00Z
07,176,Kapela,111,99,210,4,1,5,43,27,70,0,1,1,21,10,31,0,0,0,1,0,1,180,138,318,2023-03-31T22:00:00Z
07,18,Berek,37,54,91,8,2,10,21,13,34,0,1,1,9,9,18,0,0,0,0,0,0,75,79,154,2023-03-31T22:00:00Z
07,199,Končanica,128,67,195,10,2,12,30,16,46,0,0,0,10,10,20,0,0,0,1,2,3,179,97,276,2023-03-31T22:00:00Z
07,24,Bjelovar,7236,6972,14208,309,193,502,197,91,288,50,69,119,403,514,917,2,0,2,15,15,30,8212,7854,16066,2023-03-31T22:00:00Z
07,287,Nova Rača,93,122,215,14,2,16,70,32,102,0,2,2,30,17,47,0,0,0,1,1,2,208,176,384,2023-03-31T22:00:00Z
07,375,Rovišće,216,223,439,26,11,37,44,30,74,1,3,4,24,39,63,0,0,0,0,1,1,311,307,618,2023-03-31T22:00:00Z
07,390,Sirač,343,190,533,11,3,14,10,5,15,1,1,2,15,8,23,0,0,0,0,1,1,380,208,588,2023-03-31T22:00:00Z
07,450,Štefanje,48,63,111,7,4,11,34,12,46,0,3,3,37,23,60,0,0,0,0,0,0,126,105,231,2023-03-31T22:00:00Z
07,478,Velika Pisanica,76,87,163,4,2,6,28,15,43,1,0,1,11,7,18,0,0,0,2,0,2,122,111,233,2023-03-31T22:00:00Z
07,480,Veliki Grđevac,147,132,279,13,5,18,76,29,105,1,4,5,73,28,101,0,0,0,4,2,6,314,200,514,2023-03-31T22:00:00Z
07,483,Veliko Trojstvo,74,117,191,13,3,16,10,15,25,0,0,0,44,18,62,0,0,0,1,0,1,142,153,295,2023-03-31T22:00:00Z
07,562,Severin,50,26,76,1,0,1,16,12,28,0,0,0,13,40,53,0,0,0,0,0,0,80,78,158,2023-03-31T22:00:00Z
07,564,Šandrovac,31,47,78,3,0,3,14,6,20,0,0,0,14,5,19,0,0,0,0,3,3,62,61,123,2023-03-31T22:00:00Z
07,565,Velika Trnovitica,63,79,142,9,2,11,31,21,52,1,0,1,20,12,32,0,0,0,1,0,1,125,114,239,2023-03-31T22:00:00Z
07,566,Zrinski Topolovac,17,29,46,2,0,2,26,15,41,0,0,0,4,2,6,0,0,0,0,1,1,49,47,96,2023-03-31T22:00:00Z
07,63,Čazma,1098,818,1916,56,23,79,51,37,88,6,10,16,119,71,190,0,0,0,2,2,4,1332,961,2293,2023-03-31T22:00:00Z
07,67,Daruvar,1496,1817,3313,75,58,133,41,20,61,15,17,32,147,165,312,0,0,0,3,7,10,1777,2084,3861,2023-03-31T22:00:00Z
07,71,Dežanovac,132,79,211,11,2,13,66,31,97,0,0,0,38,16,54,0,0,0,0,1,1,247,129,376,2023-03-31T22:00:00Z
08,117,Fužine,287,199,486,19,10,29,0,2,2,4,1,5,15,19,34,0,0,0,3,0,3,328,231,559,2023-03-31T22:00:00Z
08,170,Jelenje,269,257,526,100,47,147,6,1,7,31,10,41,44,45,89,0,0,0,3,2,5,453,362,815,2023-03-31T22:00:00Z
08,180,Kastav,1105,880,1985,137,74,211,3,1,4,53,11,64,114,71,185,1,1,2,3,3,6,1416,1041,2457,2023-03-31T22:00:00Z
08,186,Klana,371,197,568,22,9,31,1,2,3,5,2,7,16,7,23,0,0,0,1,2,3,416,219,635,2023-03-31T22:00:00Z
08,209,Kraljevica,357,312,669,42,26,68,2,1,3,47,4,51,21,37,58,1,0,1,0,10,10,470,390,860,2023-03-31T22:00:00Z
08,215,Krk,1965,1396,3361,260,117,377,13,8,21,30,15,45,306,196,502,0,0,0,7,10,17,2581,1742,4323,2023-03-31T22:00:00Z
08,237,Lokve,116,94,210,14,6,20,0,1,1,0,2,2,7,9,16,0,0,0,1,0,1,138,112,250,2023-03-31T22:00:00Z
08,242,Lovran,463,622,1085,103,38,141,1,1,2,16,8,24,43,62,105,0,0,0,2,6,8,628,737,1365,2023-03-31T22:00:00Z
08,252,Mali Lošinj,1516,1544,3060,237,91,328,23,10,33,39,20,59,172,175,347,0,0,0,12,14,26,1999,1854,3853,2023-03-31T22:00:00Z
08,253,Malinska-Dubašnica,549,869,1418,152,80,232,6,9,15,10,5,15,182,180,362,0,0,0,8,13,21,907,1156,2063,2023-03-31T22:00:00Z
08,261,Matulji,1494,1127,2621,233,133,366,12,6,18,51,18,69,179,191,370,0,0,0,5,9,14,1974,1484,3458,2023-03-31T22:00:00Z
08,273,Mošćenička Draga,121,87,208,57,16,73,0,2,2,3,3,6,29,30,59,0,0,0,2,5,7,212,143,355,2023-03-31T22:00:00Z
08,275,Mrkopalj,64,55,119,10,4,14,2,0,2,3,0,3,8,7,15,0,0,0,1,0,1,88,66,154,2023-03-31T22:00:00Z
08,290,Novi Vinodolski,543,470,1013,107,49,156,9,5,14,10,7,17,123,78,201,0,0,0,1,9,10,793,618,1411,2023-03-31T22:00:00Z
08,301,Omišalj,660,461,1121,87,22,109,0,0,0,11,2,13,89,43,132,0,0,0,0,5,5,847,533,1380,2023-03-31T22:00:00Z
08,302,Opatija,2327,2901,5228,229,138,367,6,4,10,56,27,83,110,152,262,0,0,0,13,15,28,2741,3237,5978,2023-03-31T22:00:00Z
08,360,Punat,334,186,520,73,24,97,4,0,4,7,1,8,101,62,163,0,0,0,0,2,2,519,275,794,2023-03-31T22:00:00Z
08,363,Rab,965,1188,2153,319,85,404,10,4,14,13,11,24,277,191,468,0,0,0,15,17,32,1599,1496,3095,2023-03-31T22:00:00Z
08,369,Ravna Gora,286,300,586,28,14,42,2,1,3,2,1,3,42,17,59,0,0,0,1,2,3,361,335,696,2023-03-31T22:00:00Z
08,373,Rijeka,28116,28757,56873,1368,1138,2506,21,14,35,1048,358,1406,853,1256,2109,7,4,11,82,110,192,31495,31637,63132,2023-03-31T22:00:00Z
08,38,Brod Moravice,45,40,85,21,1,22,0,0,0,0,1,1,12,3,15,0,0,0,1,1,2,79,46,125,2023-03-31T22:00:00Z
08,393,Skrad,42,53,95,5,5,10,0,1,1,1,1,2,2,7,9,0,0,0,0,0,0,50,67,117,2023-03-31T22:00:00Z
08,4,Bakar,2166,1148,3314,73,42,115,4,0,4,76,10,86,77,75,152,0,0,0,5,9,14,2401,1284,3685,2023-03-31T22:00:00Z
08,488,Vinodolska Općina,211,159,370,59,24,83,3,0,3,7,1,8,39,17,56,1,0,1,1,3,4,321,204,525,2023-03-31T22:00:00Z
08,495,Viškovo,1734,1167,2901,224,112,336,7,4,11,62,17,79,143,139,282,0,0,0,11,11,22,2181,1450,3631,2023-03-31T22:00:00Z
08,507,Vrbnik,165,103,268,35,12,47,8,5,13,1,0,1,42,29,71,0,0,0,1,1,2,252,150,402,2023-03-31T22:00:00Z
08,509,Vrbovsko,342,315,657,57,19,76,5,5,10,0,4,4,71,41,112,1,0,1,0,1,1,476,385,861,2023-03-31T22:00:00Z
08,52,Cres,545,454,999,79,26,105,8,6,14,13,3,16,56,86,142,0,0,0,8,2,10,709,577,1286,2023-03-31T22:00:00Z
08,53,Crikvenica,1285,1763,3048,230,141,371,4,2,6,41,23,64,259,212,471,0,0,0,9,12,21,1828,2153,3981,2023-03-31T22:00:00Z
08,538,Kostrena,535,335,870,40,28,68,1,1,2,92,7,99,22,35,57,0,0,0,2,5,7,692,411,1103,2023-03-31T22:00:00Z
08,55,Čabar,321,292,613,58,19,77,8,4,12,3,0,3,138,49,187,0,0,0,1,3,4,529,367,896,2023-03-31T22:00:00Z
08,61,Čavle,683,546,1229,96,54,150,1,1,2,39,9,48,96,93,189,0,0,0,2,2,4,917,705,1622,2023-03-31T22:00:00Z
08,624,Lopar,66,34,100,24,6,30,0,1,1,2,0,2,26,23,49,0,0,0,5,5,10,123,69,192,2023-03-31T22:00:00Z
08,69,Delnice,1091,762,1853,71,54,125,5,1,6,8,14,22,84,91,175,0,0,0,2,5,7,1261,927,2188,2023-03-31T22:00:00Z
08,74,Dobrinj,157,111,268,58,25,83,1,2,3,4,1,5,98,49,147,0,0,0,3,5,8,321,193,514,2023-03-31T22:00:00Z
08,8,Baška,265,249,514,64,30,94,6,2,8,1,4,5,58,64,122,0,0,0,6,9,15,400,358,758,2023-03-31T22:00:00Z
09,130,Gospić,2251,2378,4629,103,67,170,85,50,135,11,9,20,125,159,284,0,0,0,6,7,13,2581,2670,5251,2023-03-31T22:00:00Z
09,178,Karlobag,99,95,194,12,4,16,4,2,6,5,0,5,8,2,10,0,0,0,2,0,2,130,103,233,2023-03-31T22:00:00Z
09,240,Lovinac,201,75,276,0,0,0,1,1,2,0,0,0,1,3,4,0,0,0,0,0,0,203,79,282,2023-03-31T22:00:00Z
09,288,Novalja,870,670,1540,132,38,170,24,12,36,6,6,12,185,87,272,0,0,0,15,16,31,1232,829,2061,2023-03-31T22:00:00Z
09,313,Otočac,800,941,1741,95,39,134,61,32,93,9,6,15,108,114,222,0,0,0,1,3,4,1074,1135,2209,2023-03-31T22:00:00Z
09,323,Perušić,340,274,614,24,10,34,33,20,53,0,1,1,23,24,47,0,0,0,0,0,0,420,329,749,2023-03-31T22:00:00Z
09,37,Brinje,410,235,645,22,5,27,8,6,14,0,0,0,12,14,26,0,0,0,1,2,3,453,262,715,2023-03-31T22:00:00Z
09,387,Senj,763,670,1433,96,47,143,4,6,10,17,8,25,98,110,208,0,0,0,6,7,13,984,848,1832,2023-03-31T22:00:00Z
09,455,Plitvička Jezera,808,889,1697,44,24,68,56,17,73,5,6,11,240,170,410,0,0,0,1,0,1,1154,1106,2260,2023-03-31T22:00:00Z
09,467,Udbina,124,93,217,9,4,13,40,14,54,0,0,0,13,18,31,0,0,0,2,1,3,188,130,318,2023-03-31T22:00:00Z
09,512,Vrhovine,103,38,141,3,3,6,7,1,8,0,0,0,3,3,6,0,0,0,0,0,0,116,45,161,2023-03-31T22:00:00Z
09,84,Donji Lapac,116,95,211,5,4,9,25,6,31,0,0,0,12,7,19,0,0,0,0,0,0,158,112,270,2023-03-31T22:00:00Z
10,136,Gradina,84,106,190,14,12,26,119,47,166,2,0,2,41,30,71,0,0,0,0,1,1,260,196,456,2023-03-31T22:00:00Z
10,245,Lukač,192,126,318,13,6,19,49,15,64,1,0,1,52,34,86,0,0,0,0,0,0,307,181,488,2023-03-31T22:00:00Z
10,266,Mikleuš,72,55,127,7,1,8,14,6,20,0,0,0,13,9,22,0,0,0,0,0,0,106,71,177,2023-03-31T22:00:00Z
10,283,Nova Bukovica,44,40,84,9,6,15,33,10,43,1,0,1,23,18,41,0,0,0,1,0,1,111,74,185,2023-03-31T22:00:00Z
10,307,Orahovica,892,637,1529,74,35,109,10,4,14,11,10,21,104,118,222,0,0,0,1,0,1,1092,804,1896,2023-03-31T22:00:00Z
10,332,Pitomača,729,714,1443,84,44,128,147,87,234,5,7,12,190,180,370,0,0,0,1,4,5,1156,1036,2192,2023-03-31T22:00:00Z
10,395,Slatina,1533,1493,3026,155,79,234,134,38,172,11,21,32,179,231,410,0,0,0,3,6,9,2015,1868,3883,2023-03-31T22:00:00Z
10,407,Sopje,152,46,198,4,3,7,83,18,101,0,0,0,23,27,50,0,0,0,0,1,1,262,95,357,2023-03-31T22:00:00Z
10,424,Suhopolje,261,280,541,24,22,46,100,39,139,0,1,1,62,55,117,0,0,0,2,1,3,449,398,847,2023-03-31T22:00:00Z
10,449,Špišić Bukovica,157,162,319,27,10,37,153,51,204,1,2,3,36,60,96,0,0,0,1,0,1,375,285,660,2023-03-31T22:00:00Z
10,491,Virovitica,3768,4004,7772,189,115,304,95,27,122,28,19,47,368,359,727,1,0,1,5,7,12,4454,4531,8985,2023-03-31T22:00:00Z
10,499,Voćin,148,117,265,11,2,13,32,23,55,0,0,0,15,7,22,0,0,0,0,0,0,206,149,355,2023-03-31T22:00:00Z
10,524,Zdenci,203,112,315,9,3,12,16,7,23,0,1,1,13,13,26,0,0,0,0,2,2,241,138,379,2023-03-31T22:00:00Z
10,54,Crnac,24,39,63,14,4,18,18,8,26,0,1,1,17,11,28,0,0,0,0,0,0,73,63,136,2023-03-31T22:00:00Z
10,56,Čačinci,160,113,273,21,15,36,20,9,29,0,1,1,27,29,56,0,0,0,0,1,1,228,168,396,2023-03-31T22:00:00Z
10,57,Čađavica,107,90,197,12,9,21,64,19,83,0,0,0,51,32,83,0,0,0,0,0,0,234,150,384,2023-03-31T22:00:00Z
11,164,Jakšić,163,114,277,32,6,38,25,5,30,0,2,2,37,15,52,0,0,0,0,0,0,257,142,399,2023-03-31T22:00:00Z
11,177,Kaptol,95,102,197,16,2,18,24,3,27,0,1,1,43,9,52,0,0,0,0,1,1,178,118,296,2023-03-31T22:00:00Z
11,221,Kutjevo,532,431,963,53,19,72,65,28,93,1,2,3,76,79,155,0,0,0,5,4,9,732,563,1295,2023-03-31T22:00:00Z
11,231,Lipik,745,641,1386,45,15,60,27,17,44,2,9,11,59,59,118,0,0,0,1,0,1,879,741,1620,2023-03-31T22:00:00Z
11,318,Pakrac,631,1137,1768,79,37,116,57,16,73,14,8,22,196,94,290,0,0,0,1,3,4,978,1295,2273,2023-03-31T22:00:00Z
11,334,Pleternica,564,504,1068,82,33,115,52,11,63,5,5,10,173,114,287,0,0,0,1,5,6,877,672,1549,2023-03-31T22:00:00Z
11,35,Brestovac,112,99,211,16,4,20,13,3,16,1,1,2,30,14,44,0,0,0,0,1,1,172,122,294,2023-03-31T22:00:00Z
11,351,Požega,5013,4495,9508,310,168,478,120,38,158,39,80,119,393,351,744,0,1,1,11,22,33,5886,5155,11041,2023-03-31T22:00:00Z
11,475,Velika,409,347,756,23,18,41,21,4,25,2,3,5,53,44,97,0,0,0,0,1,1,508,417,925,2023-03-31T22:00:00Z
11,58,Čaglin,108,169,277,9,1,10,14,4,18,0,1,1,14,12,26,0,0,0,0,0,0,145,187,332,2023-03-31T22:00:00Z
12,10,Bebrina,45,70,115,16,8,24,18,4,22,2,0,2,12,10,22,0,0,0,1,0,1,94,92,186,2023-03-31T22:00:00Z
12,118,Garčin,132,166,298,31,10,41,35,18,53,0,0,0,29,33,62,0,0,0,1,1,2,228,228,456,2023-03-31T22:00:00Z
12,127,Gornji Bogićevci,52,47,99,12,2,14,10,2,12,0,0,0,19,26,45,0,0,0,0,0,0,93,77,170,2023-03-31T22:00:00Z
12,140,Gundinci,98,50,148,13,5,18,49,22,71,0,0,0,16,11,27,0,0,0,0,0,0,176,88,264,2023-03-31T22:00:00Z
12,185,Klakar,93,74,167,14,3,17,24,4,28,0,1,1,13,21,34,0,0,0,0,0,0,144,103,247,2023-03-31T22:00:00Z
12,284,Nova Gradiška,2329,2190,4519,148,96,244,25,19,44,22,18,40,271,312,583,0,0,0,1,9,10,2796,2644,5440,2023-03-31T22:00:00Z
12,285,Nova Kapela,155,210,365,28,17,45,22,7,29,2,3,5,44,46,90,0,0,0,1,0,1,252,283,535,2023-03-31T22:00:00Z
12,299,Okučani,226,152,378,32,8,40,11,2,13,0,0,0,46,17,63,0,0,0,1,3,4,316,182,498,2023-03-31T22:00:00Z
12,303,Oprisavci,317,199,516,11,1,12,36,11,47,1,0,1,9,20,29,0,0,0,0,0,0,374,231,605,2023-03-31T22:00:00Z
12,309,Oriovac,296,328,624,44,22,66,22,14,36,2,3,5,57,51,108,0,0,0,2,1,3,423,419,842,2023-03-31T22:00:00Z
12,338,Podcrkavlje,29,49,78,17,1,18,6,2,8,0,1,1,16,6,22,0,0,0,0,0,0,68,59,127,2023-03-31T22:00:00Z
12,372,Rešetari,210,255,465,40,10,50,17,7,24,3,1,4,86,48,134,0,0,0,1,0,1,357,321,678,2023-03-31T22:00:00Z
12,388,Sibinj,179,206,385,62,21,83,18,1,19,0,0,0,64,40,104,0,0,0,2,4,6,325,272,597,2023-03-31T22:00:00Z
12,39,Brodski Stupnik,73,54,127,15,9,24,9,3,12,1,0,1,69,39,108,0,0,0,1,0,1,168,105,273,2023-03-31T22:00:00Z
12,396,Slavonski Brod,14184,9625,23809,652,367,1019,42,26,68,75,86,161,894,936,1830,0,0,0,11,23,34,15858,11063,26921,2023-03-31T22:00:00Z
12,397,Slavonski Šamac,87,75,162,10,4,14,18,10,28,0,1,1,13,7,20,0,0,0,0,0,0,128,97,225,2023-03-31T22:00:00Z
12,412,Stara Gradiška,156,100,256,6,3,9,7,3,10,0,0,0,24,8,32,0,0,0,0,0,0,193,114,307,2023-03-31T22:00:00Z
12,418,Staro Petrovo Selo,224,117,341,36,13,49,40,18,58,1,1,2,103,53,156,0,0,0,0,2,2,404,204,608,2023-03-31T22:00:00Z
12,46,Cernik,137,221,358,41,13,54,9,7,16,4,1,5,59,31,90,0,0,0,0,1,1,250,274,524,2023-03-31T22:00:00Z
12,476,Velika Kopanica,181,135,316,30,9,39,33,18,51,1,1,2,29,22,51,0,0,0,0,1,1,274,186,460,2023-03-31T22:00:00Z
12,506,Vrbje,41,47,88,9,1,10,20,2,22,0,0,0,21,24,45,0,0,0,0,1,1,91,75,166,2023-03-31T22:00:00Z
12,514,Vrpolje,226,125,351,28,5,33,47,15,62,0,2,2,14,18,32,0,0,0,0,1,1,315,166,481,2023-03-31T22:00:00Z
12,567,Bukovlje,134,97,231,19,10,29,1,0,1,0,0,0,13,14,27,0,0,0,1,1,2,168,122,290,2023-03-31T22:00:00Z
12,568,Dragalić,30,48,78,8,0,8,6,2,8,0,0,0,8,6,14,0,0,0,0,1,1,52,57,109,2023-03-31T22:00:00Z
12,569,Gornja Vrba,405,136,541,18,6,24,2,2,4,1,1,2,21,24,45,0,0,0,0,1,1,447,170,617,2023-03-31T22:00:00Z
12,570,Sikirevci,40,61,101,21,7,28,37,16,53,0,0,0,12,10,22,0,0,0,1,2,3,111,96,207,2023-03-31T22:00:00Z
12,68,Davor,125,113,238,14,7,21,14,4,18,1,0,1,14,23,37,0,0,0,0,1,1,168,148,316,2023-03-31T22:00:00Z
12,81,Donji Andrijevci,137,149,286,25,13,38,21,5,26,0,1,1,25,14,39,0,0,0,1,0,1,209,182,391,2023-03-31T22:00:00Z
13,131,Gračac,262,300,562,20,14,34,70,33,103,2,1,3,52,40,92,0,0,0,1,2,3,407,390,797,2023-03-31T22:00:00Z
13,167,Jasenice,170,89,259,16,3,19,9,3,12,3,0,3,18,9,27,0,0,0,0,2,2,216,106,322,2023-03-31T22:00:00Z
13,17,Benkovac,1168,1119,2287,111,44,155,101,60,161,11,7,18,213,114,327,0,0,0,7,4,11,1611,1348,2959,2023-03-31T22:00:00Z
13,173,Kali,284,122,406,23,15,38,3,1,4,13,0,13,48,31,79,0,0,0,1,1,2,372,170,542,2023-03-31T22:00:00Z
13,20,Bibinje,221,201,422,64,25,89,3,1,4,4,4,8,83,64,147,0,0,0,0,2,2,375,297,672,2023-03-31T22:00:00Z
13,22,Biograd Na Moru,1173,1527,2700,161,77,238,29,13,42,20,7,27,186,225,411,0,0,0,6,8,14,1575,1857,3432,2023-03-31T22:00:00Z
13,234,Lišane Ostrovičke,28,32,60,9,3,12,0,1,1,0,0,0,8,8,16,0,0,0,0,0,0,45,44,89,2023-03-31T22:00:00Z
13,282,Nin,556,493,1049,52,17,69,8,6,14,6,2,8,55,36,91,0,0,0,8,6,14,685,560,1245,2023-03-31T22:00:00Z
13,296,Obrovac,379,246,625,34,11,45,38,7,45,4,4,8,21,42,63,0,0,0,4,5,9,480,315,795,2023-03-31T22:00:00Z
13,316,Pag,539,459,998,70,29,99,38,14,52,9,6,15,69,62,131,0,0,0,4,5,9,729,575,1304,2023-03-31T22:00:00Z
13,317,Pakoštane,384,364,748,67,20,87,11,13,24,8,3,11,100,64,164,0,0,0,5,2,7,575,466,1041,2023-03-31T22:00:00Z
13,320,Pašman,123,114,237,45,10,55,6,4,10,18,0,18,41,25,66,0,0,0,2,3,5,235,156,391,2023-03-31T22:00:00Z
13,344,Polača,102,76,178,19,9,28,5,2,7,2,0,2,13,15,28,0,0,0,1,2,3,142,104,246,2023-03-31T22:00:00Z
13,345,Poličnik,536,375,911,55,11,66,10,8,18,6,2,8,48,28,76,0,0,0,2,0,2,657,424,1081,2023-03-31T22:00:00Z
13,349,Posedarje,153,195,348,41,15,56,5,8,13,9,1,10,35,34,69,0,0,0,1,3,4,244,256,500,2023-03-31T22:00:00Z
13,354,Preko,313,475,788,58,16,74,6,3,9,30,2,32,46,27,73,0,0,0,3,3,6,456,526,982,2023-03-31T22:00:00Z
13,371,Ražanac,86,108,194,26,8,34,8,5,13,9,0,9,36,15,51,0,0,0,3,0,3,168,136,304,2023-03-31T22:00:00Z
13,379,Sali,169,152,321,42,16,58,6,2,8,4,2,6,40,28,68,0,0,0,4,4,8,265,204,469,2023-03-31T22:00:00Z
13,411,Stankovci,232,166,398,36,7,43,6,3,9,1,1,2,31,13,44,0,0,0,0,1,1,306,191,497,2023-03-31T22:00:00Z
13,416,Starigrad,138,162,300,44,27,71,9,3,12,3,0,3,48,50,98,0,0,0,0,5,5,242,247,489,2023-03-31T22:00:00Z
13,425,Sukošan,459,341,800,69,21,90,13,6,19,4,1,5,60,63,123,0,0,0,0,7,7,605,439,1044,2023-03-31T22:00:00Z
13,428,Sveti Filip I Jakov,231,362,593,42,21,63,8,2,10,11,4,15,39,46,85,0,0,0,5,4,9,336,439,775,2023-03-31T22:00:00Z
13,445,Škabrnje,85,71,156,31,4,35,7,2,9,3,1,4,15,10,25,0,0,0,1,2,3,142,90,232,2023-03-31T22:00:00Z
13,489,Vir,290,298,588,63,15,78,1,2,3,1,1,2,47,37,84,0,0,0,5,3,8,407,356,763,2023-03-31T22:00:00Z
13,520,Zadar,15394,16738,32132,1182,695,1877,46,30,76,733,214,947,1381,1450,2831,4,0,4,94,70,164,18834,19197,38031,2023-03-31T22:00:00Z
13,525,Zemunik Donji,215,274,489,21,6,27,4,3,7,1,0,1,28,8,36,0,0,0,0,2,2,269,293,562,2023-03-31T22:00:00Z
13,537,Novigrad,65,108,173,27,2,29,5,6,11,5,1,6,31,15,46,0,0,0,2,3,5,135,135,270,2023-03-31T22:00:00Z
13,571,Galovac,40,62,102,15,1,16,3,5,8,2,3,5,15,10,25,0,0,0,0,1,1,75,82,157,2023-03-31T22:00:00Z
13,572,Kukljica,44,41,85,22,1,23,1,0,1,0,1,1,32,9,41,0,0,0,1,0,1,100,52,152,2023-03-31T22:00:00Z
13,573,Povljana,51,39,90,14,5,19,5,1,6,7,0,7,8,9,17,0,0,0,1,1,2,86,55,141,2023-03-31T22:00:00Z
13,574,Privlaka,126,144,270,22,15,37,1,2,3,5,0,5,25,12,37,0,0,0,4,1,5,183,174,357,2023-03-31T22:00:00Z
13,575,Tkon,114,92,206,23,8,31,2,2,4,2,0,2,43,23,66,0,0,0,0,1,1,184,126,310,2023-03-31T22:00:00Z
13,622,Kolan,214,130,344,21,3,24,5,3,8,0,0,0,20,15,35,0,0,0,1,0,1,261,151,412,2023-03-31T22:00:00Z
13,625,Vrsi,131,44,175,18,9,27,5,3,8,18,0,18,26,28,54,0,0,0,3,2,5,201,86,287,2023-03-31T22:00:00Z
14,103,Đakovo,2923,2969,5892,482,227,709,231,96,327,28,33,61,591,576,1167,0,0,0,10,10,20,4265,3911,8176,2023-03-31T22:00:00Z
14,106,Đurđenovac,518,544,1062,43,12,55,18,15,33,0,2,2,63,46,109,0,0,0,2,0,2,644,619,1263,2023-03-31T22:00:00Z
14,110,Erdut,338,275,613,35,16,51,57,16,73,2,4,6,52,37,89,0,0,0,0,1,1,484,349,833,2023-03-31T22:00:00Z
14,111,Ernestinovo,84,210,294,4,3,7,22,7,29,1,1,2,11,8,19,0,0,0,0,0,0,122,229,351,2023-03-31T22:00:00Z
14,116,Feričanci,123,117,240,25,6,31,3,0,3,1,0,1,41,15,56,0,0,0,0,1,1,193,139,332,2023-03-31T22:00:00Z
14,124,Gorjani,133,179,312,17,6,23,12,8,20,0,0,0,8,6,14,0,0,0,0,0,0,170,199,369,2023-03-31T22:00:00Z
14,13,Beli Manastir,1075,1180,2255,93,45,138,72,34,106,10,14,24,132,110,242,0,0,0,1,1,2,1383,1384,2767,2023-03-31T22:00:00Z
14,16,Belišće,1711,682,2393,73,34,107,26,8,34,5,11,16,86,92,178,0,0,0,1,1,2,1902,828,2730,2023-03-31T22:00:00Z
14,195,Kneževi Vinogradi,223,283,506,35,6,41,31,6,37,1,2,3,68,71,139,0,0,0,1,1,2,359,369,728,2023-03-31T22:00:00Z
14,2,Antunovac,207,165,372,36,13,49,13,7,20,1,1,2,15,16,31,0,0,0,0,0,0,272,202,474,2023-03-31T22:00:00Z
14,205,Koška,193,158,351,25,7,32,29,6,35,2,2,4,27,27,54,0,0,0,2,0,2,278,200,478,2023-03-31T22:00:00Z
14,21,Bilje,287,299,586,45,22,67,20,13,33,1,5,6,55,44,99,0,0,0,0,1,1,408,384,792,2023-03-31T22:00:00Z
14,23,Bizovac,234,218,452,23,11,34,24,9,33,2,4,6,29,31,60,0,0,0,4,10,14,316,283,599,2023-03-31T22:00:00Z
14,230,Levanjska Varoš,39,37,76,2,1,3,7,6,13,0,0,0,1,3,4,0,0,0,0,0,0,49,47,96,2023-03-31T22:00:00Z
14,257,Marijanci,92,74,166,6,5,11,11,0,11,0,0,0,16,18,34,0,0,0,1,1,2,126,98,224,2023-03-31T22:00:00Z
14,271,Moslavina Podravska,17,35,52,4,2,6,15,5,20,0,0,0,16,10,26,0,0,0,0,0,0,52,52,104,2023-03-31T22:00:00Z
14,278,Našice,2222,1850,4072,186,99,285,59,31,90,22,42,64,219,229,448,0,0,0,7,9,16,2715,2260,4975,2023-03-31T22:00:00Z
14,312,Osijek,24412,22805,47217,962,694,1656,124,45,169,166,190,356,745,1116,1861,0,1,1,26,39,65,26435,24890,51325,2023-03-31T22:00:00Z
14,325,Petlovac,44,31,75,7,4,11,12,0,12,0,0,0,20,8,28,0,0,0,0,0,0,83,43,126,2023-03-31T22:00:00Z
14,327,Petrijevci,268,213,481,19,4,23,5,2,7,0,1,1,9,7,16,1,0,1,0,2,2,302,229,531,2023-03-31T22:00:00Z
14,340,Podgorač,116,77,193,24,6,30,25,4,29,1,1,2,20,48,68,0,0,0,0,0,0,186,136,322,2023-03-31T22:00:00Z
14,346,Popovac,54,58,112,2,3,5,6,2,8,1,0,1,4,4,8,0,0,0,0,0,0,67,67,134,2023-03-31T22:00:00Z
14,361,Punitovci,49,93,142,22,4,26,16,4,20,0,0,0,36,8,44,0,0,0,0,0,0,123,109,232,2023-03-31T22:00:00Z
14,381,Satnica Đakovačka,127,119,246,19,6,25,10,3,13,0,0,0,45,25,70,0,0,0,0,0,0,201,153,354,2023-03-31T22:00:00Z
14,386,Semeljci,204,193,397,46,16,62,48,22,70,2,1,3,86,39,125,0,0,0,0,1,1,386,272,658,2023-03-31T22:00:00Z
14,421,Strizivojna,309,327,636,18,8,26,16,4,20,0,0,0,18,13,31,0,0,0,1,1,2,362,353,715,2023-03-31T22:00:00Z
14,461,Trnava,57,86,143,6,2,8,14,5,19,0,0,0,12,4,16,0,0,0,0,0,0,89,97,186,2023-03-31T22:00:00Z
14,471,Valpovo,847,1133,1980,83,61,144,52,16,68,14,19,33,85,118,203,0,0,0,6,10,16,1087,1357,2444,2023-03-31T22:00:00Z
14,485,Viljevo,55,75,130,10,0,10,19,4,23,0,0,0,14,13,27,0,0,0,0,1,1,98,93,191,2023-03-31T22:00:00Z
14,494,Viškovci,259,195,454,24,6,30,14,5,19,0,0,0,19,6,25,0,0,0,1,0,1,317,212,529,2023-03-31T22:00:00Z
14,517,Vuka,33,51,84,17,2,19,12,4,16,0,0,0,24,10,34,0,0,0,0,0,0,86,67,153,2023-03-31T22:00:00Z
14,576,Donja Motičina,23,12,35,10,3,13,1,1,2,0,1,1,18,7,25,0,0,0,0,0,0,52,24,76,2023-03-31T22:00:00Z
14,578,Magadenovac,87,104,191,4,2,6,23,9,32,0,1,1,19,16,35,0,0,0,0,0,0,133,132,265,2023-03-31T22:00:00Z
14,579,Vladislavci,120,122,242,2,0,2,5,6,11,0,0,0,7,3,10,0,0,0,0,0,0,134,131,265,2023-03-31T22:00:00Z
14,609,Jagodnjak,101,67,168,7,2,9,24,6,30,0,0,0,12,5,17,0,0,0,0,0,0,144,80,224,2023-03-31T22:00:00Z
14,614,Šodolovci,25,11,36,0,0,0,0,0,0,0,0,0,7,3,10,0,0,0,0,0,0,32,14,46,2023-03-31T22:00:00Z
14,64,Čeminac,70,79,149,11,1,12,4,2,6,0,0,0,24,14,38,0,0,0,0,0,0,109,96,205,2023-03-31T22:00:00Z
14,65,Čepin,758,535,1293,96,41,137,59,27,86,6,10,16,105,108,213,0,0,0,3,1,4,1027,722,1749,2023-03-31T22:00:00Z
14,66,Darda,1776,882,2658,56,32,88,34,6,40,2,4,6,65,52,117,0,0,0,0,1,1,1933,977,2910,2023-03-31T22:00:00Z
14,86,Donji Miholjac,1147,1023,2170,102,58,160,169,39,208,7,11,18,153,120,273,0,0,0,2,2,4,1580,1253,2833,2023-03-31T22:00:00Z
14,91,Draž,80,141,221,11,3,14,13,4,17,0,0,0,8,14,22,0,0,0,0,1,1,112,163,275,2023-03-31T22:00:00Z
14,94,Drenje,97,140,237,31,5,36,47,10,57,0,0,0,15,17,32,0,0,0,0,0,0,190,172,362,2023-03-31T22:00:00Z
15,113,Ervenik,32,43,75,3,0,3,4,1,5,0,0,0,5,2,7,0,0,0,0,0,0,44,46,90,2023-03-31T22:00:00Z
15,183,Kijevo,27,43,70,2,0,2,0,0,0,0,0,0,0,0,0,0,0,0,0,0,0,29,43,72,2023-03-31T22:00:00Z
15,184,Kistanje,61,87,148,18,5,23,1,2,3,1,0,1,14,8,22,0,0,0,0,0,0,95,102,197,2023-03-31T22:00:00Z
15,196,Knin,1299,1577,2876,127,69,196,62,17,79,33,6,39,145,149,294,0,0,0,1,2,3,1667,1820,3487,2023-03-31T22:00:00Z
15,298,Promina,116,90,206,1,1,2,1,2,3,0,0,0,1,2,3,0,0,0,0,0,0,119,95,214,2023-03-31T22:00:00Z
15,310,Biskupija,126,44,170,1,1,2,2,0,2,1,0,1,3,0,3,0,0,0,0,0,0,133,45,178,2023-03-31T22:00:00Z
15,357,Primošten,252,311,563,111,30,141,8,2,10,6,2,8,67,48,115,0,1,1,3,5,8,447,399,846,2023-03-31T22:00:00Z
15,377,Ružić,29,47,76,5,0,5,5,5,10,0,0,0,4,10,14,0,0,0,0,0,0,43,62,105,2023-03-31T22:00:00Z
15,394,Skradin,133,190,323,49,17,66,21,8,29,2,2,4,49,52,101,0,0,0,0,0,0,254,269,523,2023-03-31T22:00:00Z
15,444,Šibenik,8311,8802,17113,678,365,1043,33,15,48,210,93,303,615,673,1288,0,0,0,16,25,41,9863,9973,19836,2023-03-31T22:00:00Z
15,454,Tisno,363,325,688,108,36,144,7,0,7,10,3,13,56,63,119,0,0,0,3,3,6,547,430,977,2023-03-31T22:00:00Z
15,469,Unešić,47,57,104,11,0,11,3,1,4,1,0,1,15,6,21,0,0,0,0,0,0,77,64,141,2023-03-31T22:00:00Z
15,500,Vodice,1088,1154,2242,298,118,416,12,4,16,13,11,24,250,165,415,0,0,0,5,20,25,1666,1472,3138,2023-03-31T22:00:00Z
15,51,Civljane,54,12,66,1,1,2,0,0,0,0,0,0,3,1,4,0,0,0,0,0,0,58,14,72,2023-03-31T22:00:00Z
15,581,Pirovac,147,167,314,41,20,61,6,5,11,5,2,7,70,38,108,0,0,0,1,0,1,270,232,502,2023-03-31T22:00:00Z
15,582,Rogoznica,304,271,575,49,13,62,1,1,2,9,1,10,49,37,86,0,0,0,3,2,5,415,325,740,2023-03-31T22:00:00Z
15,617,Murter,291,306,597,60,34,94,3,1,4,20,4,24,80,57,137,0,0,0,9,8,17,463,410,873,2023-03-31T22:00:00Z
15,621,Bilice,98,46,144,25,6,31,0,0,0,4,0,4,27,14,41,0,0,0,0,0,0,154,66,220,2023-03-31T22:00:00Z
15,626,Tribunj,90,105,195,24,12,36,1,0,1,5,0,5,62,45,107,0,0,0,0,0,0,182,162,344,2023-03-31T22:00:00Z
15,95,Drniš,943,687,1630,69,55,124,52,23,75,8,7,15,101,84,185,0,0,0,1,1,2,1174,857,2031,2023-03-31T22:00:00Z
16,1,Andrijaševci,73,131,204,26,14,40,14,5,19,1,1,2,37,37,74,0,0,0,1,4,5,152,192,344,2023-03-31T22:00:00Z
16,137,Gradište,80,101,181,16,4,20,30,5,35,0,1,1,18,17,35,0,0,0,0,1,1,144,129,273,2023-03-31T22:00:00Z
16,141,Gunja,193,122,315,27,10,37,49,16,65,1,0,1,38,11,49,0,0,0,1,2,3,309,161,470,2023-03-31T22:00:00Z
16,154,Ilok,460,624,1084,69,22,91,48,16,64,0,2,2,109,94,203,0,0,0,0,1,1,686,759,1445,2023-03-31T22:00:00Z
16,159,Ivankovo,365,446,811,71,31,102,53,13,66,2,5,7,114,72,186,0,0,0,3,3,6,608,570,1178,2023-03-31T22:00:00Z
16,166,Jarmina,34,95,129,17,10,27,32,12,44,0,1,1,24,14,38,0,0,0,0,1,1,107,133,240,2023-03-31T22:00:00Z
16,239,Lovas,65,92,157,6,0,6,14,0,14,0,0,0,5,4,9,0,0,0,0,0,0,90,96,186,2023-03-31T22:00:00Z
16,26,Bogdanovci,32,40,72,3,0,3,7,4,11,0,0,0,17,4,21,0,0,0,0,0,0,59,48,107,2023-03-31T22:00:00Z
16,29,Borovo,66,126,192,50,16,66,27,4,31,1,3,4,57,74,131,0,0,0,2,2,4,203,225,428,2023-03-31T22:00:00Z
16,294,Nuštar,252,330,582,36,21,57,22,6,28,1,2,3,44,26,70,0,0,0,0,3,3,355,388,743,2023-03-31T22:00:00Z
16,295,Nijemci,192,227,419,24,7,31,86,23,109,0,1,1,63,34,97,0,0,0,0,2,2,365,294,659,2023-03-31T22:00:00Z
16,3,Babina Greda,188,218,406,34,16,50,76,25,101,3,0,3,33,41,74,0,0,0,1,0,1,335,300,635,2023-03-31T22:00:00Z
16,32,Bošnjaci,109,136,245,23,8,31,29,5,34,3,0,3,33,40,73,0,0,0,0,0,0,197,189,386,2023-03-31T22:00:00Z
16,414,Stari Jankovci,143,146,289,25,3,28,42,9,51,1,0,1,26,17,43,0,0,0,1,1,2,238,176,414,2023-03-31T22:00:00Z
16,415,Stari Mikanovci,96,130,226,20,9,29,24,13,37,3,1,4,33,40,73,0,0,0,0,1,1,176,194,370,2023-03-31T22:00:00Z
16,44,Cerna,455,249,704,45,29,74,56,19,75,1,1,2,60,72,132,0,0,0,1,0,1,618,370,988,2023-03-31T22:00:00Z
16,456,Tompojevci,23,52,75,16,4,20,39,12,51,0,0,0,13,11,24,0,0,0,1,0,1,92,79,171,2023-03-31T22:00:00Z
16,458,Tordinci,98,111,209,5,1,6,9,0,9,0,0,0,8,14,22,0,0,0,0,0,0,120,126,246,2023-03-31T22:00:00Z
16,459,Tovarnik,171,165,336,18,3,21,49,24,73,1,1,2,7,12,19,0,0,0,0,0,0,246,205,451,2023-03-31T22:00:00Z
16,464,Trpinja,106,230,336,27,11,38,81,19,100,1,0,1,34,20,54,0,0,0,0,0,0,249,280,529,2023-03-31T22:00:00Z
16,487,Vinkovci,8010,6578,14588,313,193,506,45,23,68,57,49,106,463,636,1099,1,0,1,9,11,20,8898,7490,16388,2023-03-31T22:00:00Z
16,505,Vrbanja,310,134,444,30,13,43,64,15,79,1,1,2,41,32,73,0,0,0,0,1,1,446,196,642,2023-03-31T22:00:00Z
16,518,Vukovar,4461,4717,9178,302,158,460,106,37,143,23,28,51,442,404,846,0,0,0,2,6,8,5336,5350,10686,2023-03-31T22:00:00Z
16,534,Županja,2045,1522,3567,138,60,198,41,16,57,21,19,40,170,183,353,1,0,1,2,2,4,2418,1802,4220,2023-03-31T22:00:00Z
16,535,Otok (Vinkovci),404,373,777,37,20,57,62,12,74,6,1,7,79,64,143,0,0,0,0,2,2,588,472,1060,2023-03-31T22:00:00Z
16,583,Privlaka,95,129,224,19,7,26,24,8,32,0,2,2,17,21,38,0,0,0,0,0,0,155,167,322,2023-03-31T22:00:00Z
16,584,Vođinci,46,175,221,14,2,16,7,6,13,0,1,1,12,16,28,0,0,0,0,0,0,79,200,279,2023-03-31T22:00:00Z
16,610,Markušica,36,75,111,11,4,15,48,16,64,0,1,1,13,11,24,0,0,0,1,0,1,109,107,216,2023-03-31T22:00:00Z
16,612,Negoslavci,28,33,61,6,1,7,12,3,15,1,0,1,15,11,26,0,0,0,0,0,0,62,48,110,2023-03-31T22:00:00Z
16,628,Štitar,78,76,154,5,2,7,14,3,17,0,0,0,10,3,13,0,0,0,0,0,0,107,84,191,2023-03-31T22:00:00Z
16,92,Drenovci,100,195,295,39,4,43,110,37,147,2,1,3,47,47,94,0,0,0,0,0,0,298,284,582,2023-03-31T22:00:00Z
17,100,Dugi Rat,753,727,1480,88,32,120,0,2,2,35,4,39,198,125,323,0,0,0,15,8,23,1089,898,1987,2023-03-31T22:00:00Z
17,134,Gradac,162,215,377,43,14,57,5,1,6,3,1,4,27,48,75,0,0,0,4,3,7,244,282,526,2023-03-31T22:00:00Z
17,148,Hrvace,307,214,521,47,19,66,7,7,14,2,4,6,54,40,94,0,0,0,1,2,3,418,286,704,2023-03-31T22:00:00Z
17,153,Hvar,670,658,1328,189,79,268,19,12,31,16,4,20,191,169,360,3,0,3,23,26,49,1111,948,2059,2023-03-31T22:00:00Z
17,155,Imotski,1410,1427,2837,169,92,261,11,8,19,28,15,43,130,167,297,0,0,0,10,14,24,1758,1723,3481,2023-03-31T22:00:00Z
17,171,Jelsa,369,328,697,91,28,119,40,18,58,10,1,11,106,48,154,0,1,1,10,10,20,626,434,1060,2023-03-31T22:00:00Z
17,181,Kaštela,3719,4041,7760,525,267,792,21,14,35,154,40,194,526,563,1089,0,0,0,35,31,66,4980,4956,9936,2023-03-31T22:00:00Z
17,192,Klis,236,216,452,33,7,40,7,3,10,25,3,28,56,29,85,0,0,0,2,2,4,359,260,619,2023-03-31T22:00:00Z
17,197,Komiža,153,151,304,63,17,80,4,1,5,3,2,5,31,25,56,0,0,0,2,7,9,256,203,459,2023-03-31T22:00:00Z
17,243,Lovreć,155,79,234,16,6,22,5,0,5,1,0,1,32,11,43,0,0,0,1,3,4,210,99,309,2023-03-31T22:00:00Z
17,249,Makarska,2710,2768,5478,265,166,431,4,1,5,46,31,77,368,344,712,1,0,1,23,29,52,3417,3339,6756,2023-03-31T22:00:00Z
17,258,Marina,214,262,476,64,29,93,5,7,12,12,0,12,43,45,88,1,0,1,3,0,3,342,343,685,2023-03-31T22:00:00Z
17,267,Milna,89,88,177,31,6,37,6,2,8,3,0,3,22,25,47,0,0,0,1,1,2,152,122,274,2023-03-31T22:00:00Z
17,27,Bol,367,405,772,60,21,81,5,3,8,5,3,8,63,32,95,0,0,0,7,7,14,507,471,978,2023-03-31T22:00:00Z
17,280,Nerežišća,142,59,201,18,2,20,3,1,4,2,0,2,27,15,42,0,0,0,0,0,0,192,77,269,2023-03-31T22:00:00Z
17,300,Omiš,1583,1750,3333,246,103,349,13,6,19,36,15,51,280,259,539,0,0,0,10,12,22,2168,2145,4313,2023-03-31T22:00:00Z
17,314,Otok,203,228,431,68,23,91,11,0,11,5,1,6,87,48,135,0,0,0,0,1,1,374,301,675,2023-03-31T22:00:00Z
17,337,Podbablje,283,219,502,38,4,42,5,0,5,3,1,4,18,34,52,0,0,0,1,3,4,348,261,609,2023-03-31T22:00:00Z
17,339,Podgora,281,289,570,50,16,66,1,1,2,2,0,2,37,29,66,0,0,0,4,5,9,375,340,715,2023-03-31T22:00:00Z
17,341,Podstrana,873,770,1643,68,23,91,13,3,16,44,3,47,63,97,160,0,0,0,2,9,11,1063,905,1968,2023-03-31T22:00:00Z
17,350,Postira,296,260,556,34,17,51,9,2,11,1,3,4,16,9,25,0,0,0,1,1,2,357,292,649,2023-03-31T22:00:00Z
17,358,Pučišća,216,147,363,54,8,62,9,5,14,5,0,5,34,13,47,0,0,0,2,1,3,320,174,494,2023-03-31T22:00:00Z
17,382,Seget,515,483,998,47,10,57,6,3,9,10,2,12,175,75,250,0,0,0,11,9,20,764,582,1346,2023-03-31T22:00:00Z
17,383,Selca,132,117,249,46,17,63,8,5,13,7,1,8,77,23,100,0,0,0,1,2,3,271,165,436,2023-03-31T22:00:00Z
17,389,Sinj,1941,2139,4080,341,154,495,58,20,78,50,38,88,342,370,712,0,0,0,4,11,15,2736,2732,5468,2023-03-31T22:00:00Z
17,406,Solin,3682,3187,6869,272,171,443,13,6,19,133,37,170,298,290,588,0,0,0,9,10,19,4407,3701,8108,2023-03-31T22:00:00Z
17,409,Split,35790,39449,75239,1721,1205,2926,68,40,108,2334,436,2770,1559,2170,3729,6,2,8,153,163,316,41631,43465,85096,2023-03-31T22:00:00Z
17,413,Stari Grad,388,390,778,68,21,89,21,15,36,3,4,7,57,42,99,0,0,0,12,18,30,549,490,1039,2023-03-31T22:00:00Z
17,423,Sućuraj,22,26,48,23,3,26,2,1,3,1,0,1,12,8,20,0,0,0,0,1,1,60,39,99,2023-03-31T22:00:00Z
17,427,Supetar,672,858,1530,137,68,205,19,6,25,22,9,31,123,141,264,0,0,0,8,1,9,981,1083,2064,2023-03-31T22:00:00Z
17,443,Šestanovac,160,149,309,30,7,37,12,2,14,1,2,3,16,25,41,0,0,0,4,0,4,223,185,408,2023-03-31T22:00:00Z
17,447,Šolta,188,139,327,18,18,36,9,3,12,11,0,11,21,11,32,0,0,0,4,1,5,251,172,423,2023-03-31T22:00:00Z
17,460,Trilj,540,587,1127,152,43,195,20,10,30,11,1,12,110,124,234,0,0,0,1,5,6,834,770,1604,2023-03-31T22:00:00Z
17,463,Trogir,1947,2053,4000,352,177,529,17,5,22,69,39,108,374,474,848,0,0,0,17,35,52,2776,2783,5559,2023-03-31T22:00:00Z
17,492,Vis,262,271,533,55,15,70,13,4,17,4,2,6,42,25,67,0,0,0,15,11,26,391,328,719,2023-03-31T22:00:00Z
17,50,Cista Provo,120,176,296,27,4,31,7,0,7,1,0,1,7,10,17,0,0,0,0,3,3,162,193,355,2023-03-31T22:00:00Z
17,511,Vrgorac,989,784,1773,53,29,82,26,14,40,5,6,11,43,74,117,0,0,0,2,5,7,1118,912,2030,2023-03-31T22:00:00Z
17,513,Vrlika,101,227,328,15,5,20,13,6,19,3,0,3,29,8,37,0,0,0,1,0,1,162,246,408,2023-03-31T22:00:00Z
17,522,Zagvozd,135,75,210,19,3,22,2,1,3,0,0,0,14,11,25,0,0,0,0,0,0,170,90,260,2023-03-31T22:00:00Z
17,528,Zmijavci,99,132,231,9,3,12,1,1,2,3,0,3,29,11,40,0,0,0,0,1,1,141,148,289,2023-03-31T22:00:00Z
17,585,Dugopolje,1682,950,2632,43,16,59,5,2,7,9,3,12,55,27,82,0,0,0,0,0,0,1794,998,2792,2023-03-31T22:00:00Z
17,586,Lećevica,14,35,49,8,0,8,1,2,3,0,0,0,2,0,2,0,0,0,0,0,0,25,37,62,2023-03-31T22:00:00Z
17,587,Lokvičići,30,31,61,2,0,2,2,0,2,0,0,0,2,1,3,0,0,0,1,0,1,37,32,69,2023-03-31T22:00:00Z
17,588,Okrug,174,239,413,43,23,66,2,0,2,12,5,17,112,39,151,0,0,0,6,8,14,349,314,663,2023-03-31T22:00:00Z
17,589,Prgomet,30,28,58,7,0,7,1,0,1,1,0,1,2,0,2,0,0,0,0,0,0,41,28,69,2023-03-31T22:00:00Z
17,590,Primorski Dolac,18,62,80,4,2,6,1,1,2,0,1,1,3,3,6,0,0,0,0,0,0,26,69,95,2023-03-31T22:00:00Z
17,591,Runovići,71,89,160,16,1,17,0,2,2,0,2,2,28,34,62,0,0,0,0,1,1,115,129,244,2023-03-31T22:00:00Z
17,592,Sutivan,129,100,229,16,9,25,4,1,5,9,1,10,26,10,36,0,0,0,0,1,1,184,122,306,2023-03-31T22:00:00Z
17,593,Tučepi,286,267,553,31,17,48,0,1,1,2,3,5,56,26,82,0,0,0,2,3,5,377,317,694,2023-03-31T22:00:00Z
17,595,Zadvarje,46,33,79,7,1,8,1,1,2,0,0,0,5,2,7,0,0,0,0,2,2,59,39,98,2023-03-31T22:00:00Z
17,72,Dicmo,424,197,621,37,18,55,5,2,7,2,1,3,29,43,72,0,0,0,1,0,1,498,261,759,2023-03-31T22:00:00Z
17,77,Brela,219,274,493,26,12,38,0,0,0,2,1,3,19,31,50,0,0,0,6,3,9,272,321,593,2023-03-31T22:00:00Z
17,87,Muć,168,205,373,21,4,25,1,4,5,4,4,8,11,9,20,0,0,0,0,1,1,205,227,432,2023-03-31T22:00:00Z
17,88,Proložac,195,180,375,20,6,26,4,5,9,0,0,0,38,24,62,0,0,0,4,1,5,261,216,477,2023-03-31T22:00:00Z
17,9,Baška Voda,249,274,523,65,29,94,1,0,1,5,1,6,51,57,108,0,0,0,3,11,14,374,372,746,2023-03-31T22:00:00Z
18,132,Gračišće,61,24,85,26,5,31,10,3,13,0,0,0,35,10,45,0,0,0,0,0,0,132,42,174,2023-03-31T22:00:00Z
18,138,Grožnjan,32,29,61,20,1,21,9,5,14,0,0,0,11,14,25,0,0,0,0,1,1,72,50,122,2023-03-31T22:00:00Z
18,175,Kanfanar,579,253,832,32,11,43,4,0,4,1,0,1,18,13,31,0,0,0,1,2,3,635,279,914,2023-03-31T22:00:00Z
18,217,Kršan,345,295,640,50,15,65,8,3,11,5,1,6,122,56,178,0,0,0,1,4,5,531,374,905,2023-03-31T22:00:00Z
18,222,Labin,2889,2687,5576,254,141,395,20,8,28,31,34,65,271,240,511,0,0,0,19,15,34,3484,3125,6609,2023-03-31T22:00:00Z
18,223,Lanišće,14,13,27,3,0,3,2,0,2,0,1,1,14,5,19,0,0,0,1,1,2,34,20,54,2023-03-31T22:00:00Z
18,235,Ližnjan,179,117,296,13,5,18,2,0,2,3,0,3,28,32,60,0,0,0,4,14,18,229,168,397,2023-03-31T22:00:00Z
18,246,Lupoglav,209,116,325,11,5,16,5,2,7,0,1,1,11,8,19,0,0,0,0,0,0,236,132,368,2023-03-31T22:00:00Z
18,254,Marčana,171,201,372,43,14,57,3,2,5,5,1,6,31,23,54,0,0,0,2,1,3,255,242,497,2023-03-31T22:00:00Z
18,263,Medulin,786,776,1562,80,50,130,6,3,9,5,6,11,147,141,288,0,0,0,5,6,11,1029,982,2011,2023-03-31T22:00:00Z
18,274,Motovun,101,116,217,35,18,53,18,6,24,1,1,2,50,43,93,0,0,0,0,4,4,205,188,393,2023-03-31T22:00:00Z
18,291,Novigrad,1011,1127,2138,137,56,193,17,4,21,2,9,11,117,117,234,0,0,0,4,10,14,1288,1323,2611,2023-03-31T22:00:00Z
18,304,Oprtalj,70,85,155,12,7,19,13,1,14,0,0,0,11,12,23,0,0,0,3,2,5,109,107,216,2023-03-31T22:00:00Z
18,321,Pazin,1951,1985,3936,310,133,443,56,28,84,16,21,37,303,213,516,0,0,0,4,17,21,2640,2397,5037,2023-03-31T22:00:00Z
18,330,Pićan,334,145,479,36,9,45,1,5,6,1,2,3,51,18,69,0,0,0,1,1,2,424,180,604,2023-03-31T22:00:00Z
18,348,Poreč,5554,5400,10954,708,382,1090,49,18,67,55,54,109,606,567,1173,2,1,3,12,17,29,6986,6439,13425,2023-03-31T22:00:00Z
18,359,Pula,13330,12828,26158,1354,732,2086,71,47,118,256,165,421,957,1078,2035,0,1,1,59,56,115,16027,14907,30934,2023-03-31T22:00:00Z
18,368,Raša,296,168,464,28,10,38,2,0,2,4,1,5,40,19,59,0,0,0,0,0,0,370,198,568,2023-03-31T22:00:00Z
18,374,Rovinj,3395,3745,7140,454,250,704,30,18,48,29,37,66,556,477,1033,0,0,0,17,47,64,4481,4574,9055,2023-03-31T22:00:00Z
18,40,Brtonigla,152,96,248,40,12,52,20,8,28,1,1,2,47,52,99,0,0,0,0,1,1,260,170,430,2023-03-31T22:00:00Z
18,42,Buje,819,817,1636,119,51,170,28,13,41,6,7,13,66,66,132,0,0,0,2,4,6,1040,958,1998,2023-03-31T22:00:00Z
18,43,Buzet,1581,1110,2691,170,64,234,25,13,38,5,4,9,139,103,242,0,0,0,5,6,11,1925,1300,3225,2023-03-31T22:00:00Z
18,431,Sveti Lovreč,60,55,115,21,10,31,2,0,2,0,1,1,43,16,59,0,0,0,0,1,1,126,83,209,2023-03-31T22:00:00Z
18,432,Sveta Nedelja,189,163,352,31,8,39,8,2,10,5,0,5,42,22,64,0,0,0,2,2,4,277,197,474,2023-03-31T22:00:00Z
18,433,Sveti Petar U Šumi,173,118,291,23,4,27,3,4,7,0,0,0,14,5,19,0,0,0,1,1,2,214,132,346,2023-03-31T22:00:00Z
18,435,Svetvinčenat,149,109,258,22,5,27,3,0,3,0,1,1,27,25,52,0,0,0,0,0,0,201,140,341,2023-03-31T22:00:00Z
18,453,Tinjan,197,101,298,39,9,48,5,1,6,2,3,5,50,29,79,0,0,0,1,0,1,294,143,437,2023-03-31T22:00:00Z
18,468,Umag,3018,2637,5655,423,191,614,30,15,45,36,30,66,343,346,689,0,0,0,15,22,37,3865,3241,7106,2023-03-31T22:00:00Z
18,47,Cerovlje,134,51,185,35,3,38,4,3,7,1,0,1,26,15,41,0,0,0,0,1,1,200,73,273,2023-03-31T22:00:00Z
18,497,Višnjan,292,271,563,44,11,55,12,3,15,1,1,2,101,36,137,0,0,0,2,0,2,452,322,774,2023-03-31T22:00:00Z
18,498,Vižinada,59,53,112,30,12,42,16,6,22,0,0,0,31,37,68,0,0,0,0,0,0,136,108,244,2023-03-31T22:00:00Z
18,5,Bale,177,144,321,22,22,44,2,2,4,0,0,0,45,24,69,0,0,0,0,1,1,246,193,439,2023-03-31T22:00:00Z
18,502,Vodnjan,858,654,1512,55,24,79,8,3,11,7,2,9,82,61,143,0,1,1,2,0,2,1012,745,1757,2023-03-31T22:00:00Z
18,516,Vrsar,480,518,998,83,37,120,3,3,6,4,1,5,142,139,281,0,0,0,5,2,7,717,700,1417,2023-03-31T22:00:00Z
18,531,Žminj,476,447,923,111,49,160,12,9,21,4,5,9,92,99,191,0,0,0,3,1,4,698,610,1308,2023-03-31T22:00:00Z
18,596,Karojba,133,152,285,32,6,38,2,1,3,0,0,0,50,8,58,0,1,1,0,0,0,217,168,385,2023-03-31T22:00:00Z
18,597,Kaštelir - Labinci,150,84,234,37,18,55,7,5,12,1,0,1,53,16,69,0,0,0,2,3,5,250,126,376,2023-03-31T22:00:00Z
18,6,Barban,245,116,361,45,6,51,14,5,19,0,1,1,27,24,51,0,0,0,2,3,5,333,155,488,2023-03-31T22:00:00Z
18,619,Fažana,305,289,594,34,18,52,1,2,3,4,4,8,38,33,71,0,0,0,1,3,4,383,349,732,2023-03-31T22:00:00Z
18,629,Funtana,176,176,352,24,13,37,1,1,2,1,0,1,45,57,102,0,0,0,3,2,5,250,249,499,2023-03-31T22:00:00Z
18,631,Tar-Vabriga,199,272,471,46,20,66,2,0,2,0,0,0,65,52,117,0,0,0,0,3,3,312,347,659,2023-03-31T22:00:00Z
19,198,Konavle,1574,1266,2840,192,77,269,19,12,31,39,9,48,99,115,214,0,1,1,9,6,15,1932,1486,3418,2023-03-31T22:00:00Z
19,204,Korčula,693,929,1622,139,65,204,18,6,24,120,11,131,100,115,215,0,0,0,31,34,65,1101,1160,2261,2023-03-31T22:00:00Z
19,219,Kula Norinska,35,38,73,9,2,11,1,0,1,1,0,1,7,7,14,0,0,0,0,0,0,53,47,100,2023-03-31T22:00:00Z
19,226,Lastovo,64,94,158,33,10,43,3,2,5,4,1,5,12,5,17,0,0,0,2,6,8,118,118,236,2023-03-31T22:00:00Z
19,25,Blato,568,410,978,69,20,89,17,5,22,10,8,18,152,40,192,0,0,0,9,6,15,825,489,1314,2023-03-31T22:00:00Z
19,264,Metković,2188,1787,3975,177,123,300,40,22,62,41,17,58,322,268,590,0,0,0,7,14,21,2775,2231,5006,2023-03-31T22:00:00Z
19,268,Mljet,194,113,307,20,8,28,3,1,4,4,2,6,7,12,19,0,0,0,4,3,7,232,139,371,2023-03-31T22:00:00Z
19,306,Opuzen,465,447,912,33,19,52,55,23,78,3,1,4,33,70,103,0,0,0,2,1,3,591,561,1152,2023-03-31T22:00:00Z
19,308,Orebić,417,407,824,65,50,115,33,9,42,36,5,41,96,68,164,0,0,0,6,24,30,653,563,1216,2023-03-31T22:00:00Z
19,335,Ploče,1365,956,2321,88,54,142,31,10,41,26,5,31,101,122,223,0,0,0,3,2,5,1614,1149,2763,2023-03-31T22:00:00Z
19,343,Pojezerje,28,32,60,4,2,6,7,1,8,0,0,0,2,4,6,0,0,0,0,0,0,41,39,80,2023-03-31T22:00:00Z
19,399,Slivno,68,32,100,10,5,15,10,5,15,1,0,1,6,11,17,0,0,0,3,1,4,98,54,152,2023-03-31T22:00:00Z
19,402,Smokvica,24,74,98,13,2,15,18,5,23,6,0,6,32,7,39,0,0,0,8,12,20,101,100,201,2023-03-31T22:00:00Z
19,419,Ston,422,246,668,56,14,70,22,4,26,9,1,10,51,27,78,0,0,0,3,5,8,563,297,860,2023-03-31T22:00:00Z
19,474,Vela Luka,287,524,811,60,26,86,9,1,10,37,5,42,81,48,129,0,0,0,5,7,12,479,611,1090,2023-03-31T22:00:00Z
19,523,Zažablje,10,12,22,4,0,4,3,2,5,1,1,2,12,1,13,0,0,0,0,0,0,30,16,46,2023-03-31T22:00:00Z
19,598,Dubrovačko Primorje,152,122,274,26,6,32,3,5,8,11,2,13,44,23,67,0,0,0,1,2,3,237,160,397,2023-03-31T22:00:00Z
19,599,Janjina,54,56,110,12,4,16,9,3,12,3,1,4,13,12,25,0,0,0,4,2,6,95,78,173,2023-03-31T22:00:00Z
19,600,Lumbarda,56,57,113,39,12,51,11,1,12,6,0,6,28,20,48,0,0,0,8,9,17,148,99,247,2023-03-31T22:00:00Z
19,601,Trpanj,54,44,98,11,3,14,3,1,4,6,1,7,19,6,25,0,0,0,3,5,8,96,60,156,2023-03-31T22:00:00Z
19,602,Župa Dubrovačka,796,857,1653,143,66,209,4,7,11,66,2,68,86,79,165,0,0,0,6,3,9,1101,1014,2115,2023-03-31T22:00:00Z
19,98,Dubrovnik,11122,11553,22675,827,426,1253,29,16,45,521,72,593,686,715,1401,1,0,1,52,70,122,13238,12852,26090,2023-03-31T22:00:00Z
20,123,Goričan,311,168,479,6,3,9,9,2,11,0,2,2,12,8,20,0,0,0,0,0,0,338,183,521,2023-03-31T22:00:00Z
20,15,Belica,196,220,416,24,14,38,57,34,91,1,1,2,30,41,71,0,0,0,1,2,3,309,312,621,2023-03-31T22:00:00Z
20,206,Kotoriba,514,270,784,9,4,13,5,0,5,0,5,5,11,11,22,0,0,0,0,0,0,539,290,829,2023-03-31T22:00:00Z
20,250,Mala Subotica,551,1107,1658,23,18,41,31,14,45,2,5,7,18,23,41,0,0,0,0,1,1,625,1168,1793,2023-03-31T22:00:00Z
20,276,Mursko Središće,835,776,1611,46,26,72,14,7,21,2,6,8,41,50,91,0,0,0,1,1,2,939,866,1805,2023-03-31T22:00:00Z
20,279,Nedelišće,1461,836,2297,97,45,142,39,20,59,1,7,8,131,82,213,0,0,0,0,5,5,1729,995,2724,2023-03-31T22:00:00Z
20,342,Podturen,199,126,325,21,8,29,16,11,27,1,2,3,48,37,85,0,0,0,0,1,1,285,185,470,2023-03-31T22:00:00Z
20,355,Prelog,2358,1669,4027,64,28,92,49,23,72,8,10,18,72,71,143,0,0,0,7,6,13,2558,1807,4365,2023-03-31T22:00:00Z
20,385,Selnica,146,156,302,12,11,23,7,4,11,1,1,2,15,13,28,0,0,0,1,1,2,182,186,368,2023-03-31T22:00:00Z
20,440,Sveti Juraj Na Bregu,288,202,490,26,17,43,13,7,20,2,2,4,38,47,85,0,0,0,0,0,0,367,275,642,2023-03-31T22:00:00Z
20,441,Sveti Martin Na Muri,606,348,954,16,12,28,7,4,11,0,3,3,31,35,66,0,0,0,3,0,3,663,402,1065,2023-03-31T22:00:00Z
20,452,Štrigova,297,213,510,26,12,38,36,20,56,2,1,3,57,69,126,0,0,0,0,1,1,418,316,734,2023-03-31T22:00:00Z
20,504,Vratišinec,133,92,225,7,2,9,11,2,13,1,2,3,8,9,17,0,0,0,1,1,2,161,108,269,2023-03-31T22:00:00Z
20,60,Čakovec,9849,9135,18984,262,145,407,58,23,81,38,60,98,252,337,589,0,0,0,6,18,24,10465,9718,20183,2023-03-31T22:00:00Z
20,603,Dekanovec,89,79,168,6,1,7,4,5,9,0,0,0,7,2,9,0,0,0,0,0,0,106,87,193,2023-03-31T22:00:00Z
20,604,Gornji Mihaljevec,94,72,166,14,4,18,25,9,34,2,1,3,23,16,39,0,0,0,0,1,1,158,103,261,2023-03-31T22:00:00Z
20,605,Orehovica,203,157,360,18,3,21,23,9,32,1,2,3,51,21,72,0,0,0,0,2,2,296,194,490,2023-03-31T22:00:00Z
20,606,Strahoninec,247,151,398,13,6,19,3,2,5,0,2,2,35,13,48,0,0,0,0,2,2,298,176,474,2023-03-31T22:00:00Z
20,607,Sveta Marija,61,84,145,13,2,15,6,0,6,1,1,2,25,6,31,0,0,0,0,1,1,106,94,200,2023-03-31T22:00:00Z
20,608,Šenkovec,512,262,774,19,9,28,2,1,3,0,1,1,28,22,50,0,0,0,0,2,2,561,297,858,2023-03-31T22:00:00Z
20,620,Pribislavec,334,200,534,9,8,17,2,1,3,2,1,3,19,11,30,0,0,0,0,0,0,366,221,587,2023-03-31T22:00:00Z
20,75,Domašinec,253,118,371,7,7,14,18,16,34,0,1,1,16,5,21,0,0,0,2,1,3,296,148,444,2023-03-31T22:00:00Z
20,78,Donja Dubrava,211,228,439,17,6,23,5,3,8,0,2,2,11,14,25,0,0,0,0,0,0,244,253,497,2023-03-31T22:00:00Z
20,82,Donji Kraljevec,1426,644,2070,43,16,59,52,20,72,3,4,7,89,115,204,0,0,0,3,10,13,1616,809,2425,2023-03-31T22:00:00Z
20,89,Donji Vidovec,58,83,141,5,1,6,2,0,2,1,1,2,4,14,18,0,0,0,0,0,0,70,99,169,2023-03-31T22:00:00Z
21,133,Zagreb,235518,213280,448798,8289,5998,14287,283,168,451,2214,2063,4277,5387,6866,12253,36,10,46,330,509,839,252057,228894,480951,2023-03-31T22:00:00Z
01,101,Dugo Selo,3006,2067,5073,246,127,373,30,21,51,27,27,54,254,267,521,0,0,0,7,16,23,3570,2525,6095,2023-04-30T22:00:00Z
01,114,Farkaševac,143,210,353,8,3,11,25,10,35,0,2,2,36,18,54,0,0,0,1,0,1,213,243,456,2023-04-30T22:00:00Z
01,135,Gradec,143,139,282,14,1,15,9,7,16,0,2,2,49,19,68,0,0,0,0,1,1,215,169,384,2023-04-30T22:00:00Z
01,158,Ivanić-Grad,3247,1758,5005,90,77,167,46,29,75,10,22,32,134,178,312,0,0,0,4,13,17,3531,2077,5608,2023-04-30T22:00:00Z
01,163,Jakovlje,354,331,685,40,8,48,10,8,18,2,0,2,39,33,72,0,0,0,0,0,0,445,380,825,2023-04-30T22:00:00Z
01,169,Jastrebarsko,2340,1752,4092,229,116,345,48,35,83,17,20,37,261,225,486,0,0,0,5,5,10,2900,2153,5053,2023-04-30T22:00:00Z
01,190,Klinča Selo,216,198,414,40,12,52,5,4,9,0,0,0,65,47,112,0,0,0,1,2,3,327,263,590,2023-04-30T22:00:00Z
01,193,Kloštar Ivanić,396,320,716,22,10,32,21,6,27,3,10,13,47,37,84,1,0,1,3,5,8,493,388,881,2023-04-30T22:00:00Z
01,213,Križ,704,443,1147,24,19,43,17,12,29,6,4,10,24,52,76,0,0,0,1,3,4,776,533,1309,2023-04-30T22:00:00Z
01,33,Brckovljani,354,416,770,7,5,12,0,1,1,3,2,5,27,14,41,0,0,0,0,0,0,391,438,829,2023-04-30T22:00:00Z
01,331,Pisarovina,403,312,715,26,25,51,20,19,39,1,1,2,26,29,55,0,0,0,1,3,4,477,389,866,2023-04-30T22:00:00Z
01,34,Brdovec,882,779,1661,97,43,140,15,7,22,1,5,6,92,69,161,0,0,0,4,3,7,1091,906,1997,2023-04-30T22:00:00Z
01,356,Preseka,17,9,26,6,2,8,12,10,22,0,1,1,14,5,19,0,0,0,1,0,1,50,27,77,2023-04-30T22:00:00Z
01,362,Pušča,148,186,334,26,14,40,7,2,9,2,3,5,39,27,66,0,0,0,0,0,0,222,232,454,2023-04-30T22:00:00Z
01,376,Rugvica,1410,574,1984,8,7,15,3,3,6,1,2,3,18,17,35,0,0,0,0,0,0,1440,603,2043,2023-04-30T22:00:00Z
01,380,Samobor,5618,4065,9683,529,325,854,26,21,47,42,63,105,478,461,939,2,2,4,27,29,56,6722,4966,11688,2023-04-30T22:00:00Z
01,429,Sveti Ivan Zelina,2605,2045,4650,170,69,239,62,43,105,14,20,34,259,207,466,0,0,0,5,3,8,3115,2387,5502,2023-04-30T22:00:00Z
01,436,Sveta Nedjelja,5965,3553,9518,228,100,328,5,5,10,10,11,21,352,178,530,0,0,0,9,7,16,6569,3854,10423,2023-04-30T22:00:00Z
01,508,Vrbovec,2171,2043,4214,175,72,247,93,31,124,6,19,25,294,163,457,0,0,0,10,10,20,2749,2338,5087,2023-04-30T22:00:00Z
01,533,Krašić,266,188,454,27,10,37,10,11,21,2,1,3,24,23,47,0,0,0,1,1,2,330,234,564,2023-04-30T22:00:00Z
01,536,Rakovec,37,24,61,9,2,11,6,4,10,0,1,1,25,12,37,0,0,0,0,0,0,77,43,120,2023-04-30T22:00:00Z
01,539,Marija Gorica,82,105,187,14,2,16,0,0,0,1,1,2,18,20,38,0,0,0,0,0,0,115,128,243,2023-04-30T22:00:00Z
01,540,Žumberak,17,17,34,6,1,7,4,2,6,0,0,0,3,7,10,0,0,0,0,0,0,30,27,57,2023-04-30T22:00:00Z
01,541,Velika Gorica,8576,6680,15256,648,395,1043,68,30,98,52,58,110,576,530,1106,1,0,1,19,26,45,9940,7719,17659,2023-04-30T22:00:00Z
01,542,Orle,42,24,66,15,0,15,9,3,12,0,0,0,15,3,18,0,0,0,1,0,1,82,30,112,2023-04-30T22:00:00Z
01,543,Zaprešić,3385,2998,6383,223,166,389,11,12,23,34,44,78,249,239,488,0,0,0,10,14,24,3912,3473,7385,2023-04-30T22:00:00Z
01,544,Pokupsko,40,68,108,11,6,17,12,4,16,0,0,0,8,8,16,0,0,0,0,0,0,71,86,157,2023-04-30T22:00:00Z
01,545,Kravarsko,113,81,194,42,12,54,4,4,8,0,0,0,75,18,93,0,0,0,1,0,1,235,115,350,2023-04-30T22:00:00Z
01,547,Bistra,388,521,909,49,22,71,9,5,14,2,6,8,58,43,101,1,0,1,0,2,2,507,599,1106,2023-04-30T22:00:00Z
01,548,Luka,295,112,407,15,2,17,2,2,4,1,1,2,19,19,38,0,0,0,0,0,0,332,136,468,2023-04-30T22:00:00Z
01,549,Dubravica,67,41,108,15,0,15,12,4,16,0,0,0,13,14,27,0,0,0,0,0,0,107,59,166,2023-04-30T22:00:00Z
01,550,Bedenica,218,158,376,12,4,16,4,3,7,1,1,2,17,8,25,0,0,0,0,0,0,252,174,426,2023-04-30T22:00:00Z
01,551,Stupnik,1546,577,2123,29,17,46,1,1,2,1,3,4,19,31,50,0,0,0,0,1,1,1596,630,2226,2023-04-30T22:00:00Z
01,97,Dubrava,300,332,632,50,23,73,65,40,105,4,12,16,62,80,142,0,0,0,2,5,7,483,492,975,2023-04-30T22:00:00Z
02,108,Đurmanec,142,151,293,54,18,72,1,2,3,3,2,5,112,83,195,0,0,0,2,1,3,314,257,571,2023-04-30T22:00:00Z
02,11,Bedekovčina,547,770,1317,89,39,128,7,6,13,9,6,15,130,103,233,0,0,0,4,4,8,786,928,1714,2023-04-30T22:00:00Z
02,125,Gornja Stubica,243,316,559,55,15,70,6,5,11,2,1,3,77,50,127,0,0,0,2,0,2,385,387,772,2023-04-30T22:00:00Z
02,146,Hraščina,52,48,100,10,3,13,2,3,5,0,1,1,6,8,14,0,0,0,0,0,0,70,63,133,2023-04-30T22:00:00Z
02,152,Hum Na Sutli,1550,656,2206,53,28,81,4,0,4,1,8,9,257,72,329,0,0,0,0,2,2,1865,766,2631,2023-04-30T22:00:00Z
02,187,Klanjec,283,262,545,67,26,93,10,5,15,4,1,5,66,52,118,0,0,0,2,3,5,432,349,781,2023-04-30T22:00:00Z
02,200,Konjščina,433,404,837,29,21,50,1,2,3,1,2,3,45,37,82,0,0,0,0,2,2,509,468,977,2023-04-30T22:00:00Z
02,208,Kraljevec Na Sutli,80,47,127,13,4,17,3,1,4,0,0,0,19,5,24,0,0,0,0,1,1,115,58,173,2023-04-30T22:00:00Z
02,211,Krapina,2978,2381,5359,169,101,270,7,4,11,13,16,29,190,167,357,0,0,0,4,5,9,3361,2674,6035,2023-04-30T22:00:00Z
02,212,Krapinske Toplice,635,1261,1896,68,37,105,6,4,10,0,5,5,113,75,188,0,1,1,3,1,4,825,1384,2209,2023-04-30T22:00:00Z
02,236,Lobor,171,243,414,24,8,32,3,3,6,0,1,1,37,18,55,0,0,0,1,2,3,236,275,511,2023-04-30T22:00:00Z
02,248,Mače,103,78,181,28,8,36,3,4,7,1,0,1,74,36,110,0,0,0,0,0,0,209,126,335,2023-04-30T22:00:00Z
02,256,Marija Bistrica,340,363,703,69,42,111,13,6,19,1,5,6,72,74,146,0,0,0,4,1,5,499,491,990,2023-04-30T22:00:00Z
02,265,Mihovljan,94,131,225,32,8,40,3,0,3,0,0,0,71,17,88,0,0,0,1,1,2,201,157,358,2023-04-30T22:00:00Z
02,311,Oroslavje,985,822,1807,72,36,108,8,2,10,6,8,14,91,63,154,0,0,0,4,2,6,1166,933,2099,2023-04-30T22:00:00Z
02,329,Petrovsko,103,56,159,16,3,19,1,0,1,5,0,5,61,15,76,0,0,0,1,0,1,187,74,261,2023-04-30T22:00:00Z
02,352,Pregrada,811,915,1726,113,31,144,2,5,7,6,6,12,162,104,266,0,0,0,1,1,2,1095,1062,2157,2023-04-30T22:00:00Z
02,364,Radoboj,160,119,279,15,14,29,1,0,1,0,2,2,61,24,85,0,0,0,0,0,0,237,159,396,2023-04-30T22:00:00Z
02,41,Budinščina,191,184,375,16,6,22,6,1,7,2,2,4,21,11,32,0,0,0,2,0,2,238,204,442,2023-04-30T22:00:00Z
02,422,Stubičke Toplice,251,441,692,35,19,54,0,2,2,2,5,7,52,28,80,0,0,0,2,0,2,342,495,837,2023-04-30T22:00:00Z
02,430,Sveti Križ Začretje,681,780,1461,72,23,95,11,4,15,1,5,6,143,92,235,0,0,0,4,1,5,912,905,1817,2023-04-30T22:00:00Z
02,466,Tuhelj,152,216,368,21,10,31,5,1,6,1,2,3,49,41,90,0,0,0,0,0,0,228,270,498,2023-04-30T22:00:00Z
02,481,Veliko Trgovišće,594,423,1017,53,17,70,3,4,7,2,5,7,105,50,155,0,0,0,3,1,4,760,500,1260,2023-04-30T22:00:00Z
02,519,Zabok,2797,2984,5781,140,87,227,8,3,11,13,16,29,174,222,396,0,0,0,0,1,1,3132,3313,6445,2023-04-30T22:00:00Z
02,521,Zagorska Sela,10,54,64,6,0,6,4,2,6,0,1,1,16,4,20,0,0,0,0,0,0,36,61,97,2023-04-30T22:00:00Z
02,526,Zlatar,536,656,1192,101,56,157,26,15,41,7,8,15,130,75,205,0,0,0,3,2,5,803,812,1615,2023-04-30T22:00:00Z
02,527,Zlatar Bistrica,299,493,792,27,7,34,4,1,5,5,0,5,73,47,120,0,0,0,3,1,4,411,549,960,2023-04-30T22:00:00Z
02,552,Jesenje,79,87,166,8,2,10,0,0,0,0,0,0,52,7,59,0,0,0,0,0,0,139,96,235,2023-04-30T22:00:00Z
02,553,Kumrovec,77,94,171,18,6,24,2,0,2,4,1,5,18,12,30,0,0,0,0,0,0,119,113,232,2023-04-30T22:00:00Z
02,554,Novi Golubovec,129,61,190,3,2,5,1,0,1,0,0,0,5,1,6,0,0,0,0,0,0,138,64,202,2023-04-30T22:00:00Z
02,70,Desinić,123,277,400,31,9,40,9,2,11,3,2,5,51,35,86,0,0,0,0,1,1,217,326,543,2023-04-30T22:00:00Z
02,79,Donja Stubica,839,700,1539,96,50,146,5,5,10,7,3,10,79,49,128,0,0,0,1,2,3,1027,809,1836,2023-04-30T22:00:00Z
03,102,Dvor,305,175,480,16,6,22,59,21,80,0,2,2,17,11,28,0,0,0,1,2,3,398,217,615,2023-04-30T22:00:00Z
03,121,Glina,1179,703,1882,44,21,65,55,27,82,4,9,13,71,67,138,0,0,0,0,0,0,1353,827,2180,2023-04-30T22:00:00Z
03,149,Hrvatska Dubica,74,102,176,9,2,11,12,5,17,0,0,0,10,5,15,0,0,0,0,1,1,105,115,220,2023-04-30T22:00:00Z
03,150,Hrvatska Kostajnica,311,302,613,18,9,27,10,3,13,1,3,4,13,27,40,0,0,0,1,0,1,354,344,698,2023-04-30T22:00:00Z
03,168,Jasenovac,144,152,296,13,7,20,14,5,19,0,0,0,17,15,32,0,0,0,0,1,1,188,180,368,2023-04-30T22:00:00Z
03,220,Kutina,3444,2848,6292,181,113,294,44,20,64,38,23,61,221,250,471,1,0,1,10,8,18,3939,3262,7201,2023-04-30T22:00:00Z
03,228,Lekenik,394,265,659,43,11,54,10,8,18,1,3,4,60,34,94,0,0,0,1,1,2,509,322,831,2023-04-30T22:00:00Z
03,232,Lipovljani,255,288,543,25,8,33,11,2,13,1,0,1,39,42,81,0,0,0,0,3,3,331,343,674,2023-04-30T22:00:00Z
03,259,Martinska Ves,122,66,188,10,1,11,29,12,41,3,0,3,56,18,74,0,0,0,0,0,0,220,97,317,2023-04-30T22:00:00Z
03,293,Novska,1309,1107,2416,180,106,286,33,15,48,6,17,23,245,241,486,0,0,0,3,6,9,1776,1492,3268,2023-04-30T22:00:00Z
03,328,Petrinja,1822,1809,3631,258,99,357,76,28,104,11,24,35,327,284,611,0,0,0,5,2,7,2499,2246,4745,2023-04-30T22:00:00Z
03,347,Popovača,891,1120,2011,87,42,129,50,18,68,7,10,17,109,123,232,0,0,0,4,1,5,1148,1314,2462,2023-04-30T22:00:00Z
03,391,Sisak,7098,8187,15285,380,234,614,101,51,152,44,71,115,614,570,1184,0,0,0,14,16,30,8251,9129,17380,2023-04-30T22:00:00Z
03,426,Sunja,207,195,402,22,12,34,49,30,79,1,2,3,14,20,34,0,0,0,1,1,2,294,260,554,2023-04-30T22:00:00Z
03,457,Topusko,219,341,560,15,8,23,6,2,8,4,1,5,21,21,42,0,0,0,0,0,0,265,373,638,2023-04-30T22:00:00Z
03,477,Velika Ludina,126,166,292,11,9,20,13,3,16,0,0,0,27,19,46,0,0,0,0,0,0,177,197,374,2023-04-30T22:00:00Z
03,510,Gvozd,115,121,236,10,4,14,16,4,20,0,1,1,16,13,29,0,0,0,1,0,1,158,143,301,2023-04-30T22:00:00Z
03,555,Majur,137,86,223,1,1,2,3,0,3,0,0,0,4,1,5,0,0,0,0,0,0,145,88,233,2023-04-30T22:00:00Z
03,83,Donji Kukuruzari,35,75,110,5,0,5,6,3,9,0,0,0,2,3,5,0,0,0,1,0,1,49,81,130,2023-04-30T22:00:00Z
04,120,Generalski Stol,42,75,117,20,5,25,1,0,1,0,1,1,26,12,38,0,0,0,0,0,0,89,93,182,2023-04-30T22:00:00Z
04,172,Josipdol,196,191,387,27,16,43,1,6,7,2,1,3,42,48,90,0,0,0,0,0,0,268,262,530,2023-04-30T22:00:00Z
04,179,Karlovac,10669,9081,19750,425,309,734,69,53,122,66,84,150,616,797,1413,0,0,0,10,20,30,11855,10344,22199,2023-04-30T22:00:00Z
04,216,Krnjak,170,72,242,4,2,6,5,4,9,1,0,1,10,5,15,0,0,0,0,0,0,190,83,273,2023-04-30T22:00:00Z
04,225,Lasinja,30,47,77,5,3,8,0,5,5,2,0,2,4,5,9,0,0,0,0,0,0,41,60,101,2023-04-30T22:00:00Z
04,281,Netretić,118,106,224,18,3,21,4,1,5,1,1,2,36,30,66,0,0,0,0,0,0,177,141,318,2023-04-30T22:00:00Z
04,297,Ogulin,1798,1830,3628,155,90,245,39,20,59,10,28,38,149,175,324,0,0,0,5,12,17,2156,2155,4311,2023-04-30T22:00:00Z
04,30,Bosiljevo,103,86,189,4,0,4,0,0,0,1,1,2,30,31,61,0,0,0,0,0,0,138,118,256,2023-04-30T22:00:00Z
04,315,Ozalj,771,654,1425,89,31,120,22,14,36,3,10,13,129,90,219,0,1,1,2,3,5,1016,803,1819,2023-04-30T22:00:00Z
04,333,Plaški,96,96,192,12,3,15,9,0,9,0,1,1,46,32,78,0,0,0,0,0,0,163,132,295,2023-04-30T22:00:00Z
04,365,Rakovica,172,218,390,8,8,16,3,2,5,0,0,0,74,89,163,0,0,0,1,0,1,258,317,575,2023-04-30T22:00:00Z
04,378,Saborsko,11,14,25,1,0,1,1,0,1,0,0,0,1,1,2,0,0,0,0,0,0,14,15,29,2023-04-30T22:00:00Z
04,400,Slunj,347,432,779,58,16,74,37,18,55,3,5,8,122,116,238,0,0,0,2,11,13,569,598,1167,2023-04-30T22:00:00Z
04,49,Cetingrad,62,66,128,7,1,8,2,3,5,0,0,0,7,7,14,0,0,0,0,0,0,78,77,155,2023-04-30T22:00:00Z
04,503,Vojnić,377,275,652,24,13,37,40,13,53,1,0,1,25,36,61,0,0,0,3,0,3,470,337,807,2023-04-30T22:00:00Z
04,530,Žakanje,174,98,272,26,12,38,4,1,5,0,0,0,27,27,54,0,0,0,0,1,1,231,139,370,2023-04-30T22:00:00Z
04,556,Ribnik,11,8,19,10,3,13,2,1,3,0,0,0,5,8,13,0,0,0,0,0,0,28,20,48,2023-04-30T22:00:00Z
04,557,Tounj,63,37,100,6,0,6,0,0,0,0,0,0,2,7,9,0,0,0,0,0,0,71,44,115,2023-04-30T22:00:00Z
04,623,Kamanje,156,94,250,5,1,6,0,0,0,0,0,0,8,5,13,0,0,0,0,0,0,169,100,269,2023-04-30T22:00:00Z
04,7,Barilovići,291,157,448,19,11,30,5,0,5,1,1,2,109,31,140,0,0,0,0,0,0,425,200,625,2023-04-30T22:00:00Z
04,90,Draganić,185,214,399,14,3,17,7,2,9,0,1,1,18,17,35,0,0,0,0,0,0,224,237,461,2023-04-30T22:00:00Z
04,99,Duga Resa,1277,1058,2335,131,73,204,19,20,39,4,17,21,176,206,382,0,0,0,4,5,9,1611,1379,2990,2023-04-30T22:00:00Z
05,12,Bednja,222,169,391,18,7,25,3,4,7,1,1,2,26,13,39,0,0,0,0,1,1,270,195,465,2023-04-30T22:00:00Z
05,129,Gornji Kneginec,653,975,1628,56,36,92,8,5,13,3,8,11,65,52,117,0,0,0,4,5,9,789,1081,1870,2023-04-30T22:00:00Z
05,151,Breznički Hum,195,146,341,11,4,15,6,7,13,0,2,2,21,14,35,0,0,0,1,3,4,234,176,410,2023-04-30T22:00:00Z
05,156,Ivanec,2257,1889,4146,171,69,240,12,12,24,9,18,27,311,260,571,0,0,0,7,11,18,2767,2259,5026,2023-04-30T22:00:00Z
05,165,Jalžabet,717,1015,1732,22,4,26,11,5,16,0,3,3,47,31,78,0,0,0,0,1,1,797,1059,1856,2023-04-30T22:00:00Z
05,189,Klenovnik,194,67,261,9,4,13,0,0,0,0,0,0,21,27,48,0,0,0,2,0,2,226,98,324,2023-04-30T22:00:00Z
05,19,Beretinec,81,48,129,19,2,21,3,2,5,0,1,1,15,20,35,0,0,0,1,0,1,119,73,192,2023-04-30T22:00:00Z
05,229,Lepoglava,1371,651,2022,63,33,96,4,2,6,1,4,5,96,49,145,0,0,0,1,6,7,1536,745,2281,2023-04-30T22:00:00Z
05,244,Ludbreg,1957,1693,3650,127,59,186,60,33,93,9,15,24,228,175,403,0,0,0,2,5,7,2383,1980,4363,2023-04-30T22:00:00Z
05,247,Ljubešćica,365,176,541,24,8,32,0,0,0,1,3,4,84,18,102,0,0,0,1,0,1,475,205,680,2023-04-30T22:00:00Z
05,251,Mali Bukovec,41,80,121,11,5,16,23,18,41,0,1,1,98,35,133,0,0,0,0,1,1,173,140,313,2023-04-30T22:00:00Z
05,260,Maruševec,352,292,644,61,28,89,22,23,45,4,2,6,111,43,154,0,0,0,3,2,5,553,390,943,2023-04-30T22:00:00Z
05,289,Novi Marof,1300,1203,2503,156,72,228,11,12,23,9,16,25,300,176,476,0,0,0,7,9,16,1783,1488,3271,2023-04-30T22:00:00Z
05,326,Petrijanec,480,778,1258,24,10,34,15,8,23,1,3,4,87,77,164,0,0,0,0,1,1,607,877,1484,2023-04-30T22:00:00Z
05,36,Breznica,155,72,227,18,3,21,6,5,11,1,5,6,39,14,53,0,0,0,0,0,0,219,99,318,2023-04-30T22:00:00Z
05,410,Sračinec,271,285,556,36,14,50,1,1,2,0,6,6,96,60,156,0,0,0,0,2,2,404,368,772,2023-04-30T22:00:00Z
05,437,Sveti Đurđ,71,103,174,31,4,35,26,8,34,2,1,3,31,32,63,0,0,0,0,0,0,161,148,309,2023-04-30T22:00:00Z
05,438,Sveti Ilija,180,204,384,18,8,26,1,1,2,0,3,3,37,30,67,0,0,0,0,0,0,236,246,482,2023-04-30T22:00:00Z
05,462,Trnovec Bartolovečki,1318,1370,2688,72,20,92,16,6,22,1,3,4,255,95,350,1,0,1,2,2,4,1665,1496,3161,2023-04-30T22:00:00Z
05,472,Varaždin,16904,15382,32286,538,405,943,49,25,74,81,113,194,512,659,1171,1,0,1,23,23,46,18108,16607,34715,2023-04-30T22:00:00Z
05,473,Varaždinske Toplice,632,571,1203,43,21,64,10,6,16,4,7,11,167,42,209,0,0,0,1,3,4,857,650,1507,2023-04-30T22:00:00Z
05,48,Cestica,372,386,758,54,25,79,14,15,29,1,6,7,106,78,184,0,0,0,0,2,2,547,512,1059,2023-04-30T22:00:00Z
05,484,Vidovec,300,273,573,45,15,60,54,29,83,1,5,6,115,90,205,0,0,0,0,0,0,515,412,927,2023-04-30T22:00:00Z
05,486,Vinica,330,226,556,16,8,24,4,4,8,2,5,7,30,24,54,0,0,0,0,1,1,382,268,650,2023-04-30T22:00:00Z
05,493,Visoko,101,59,160,17,1,18,6,3,9,0,0,0,24,25,49,0,0,0,3,0,3,151,88,239,2023-04-30T22:00:00Z
05,558,Veliki Bukovec,387,249,636,5,3,8,20,8,28,0,1,1,33,31,64,0,0,0,0,0,0,445,292,737,2023-04-30T22:00:00Z
05,80,Donja Voća,79,60,139,6,1,7,5,7,12,0,1,1,28,20,48,0,0,0,0,1,1,118,90,208,2023-04-30T22:00:00Z
05,85,Donji Martijanec,344,165,509,26,6,32,18,3,21,1,1,2,50,30,80,0,0,0,0,0,0,439,205,644,2023-04-30T22:00:00Z
06,104,Đelekovec,38,53,91,23,12,35,39,11,50,0,1,1,18,13,31,0,0,0,0,0,0,118,90,208,2023-04-30T22:00:00Z
06,107,Đurđevac,1409,1221,2630,83,47,130,69,40,109,13,10,23,78,75,153,0,0,0,10,4,14,1662,1397,3059,2023-04-30T22:00:00Z
06,115,Ferdinandovac,40,100,140,12,2,14,38,31,69,1,1,2,22,7,29,0,0,0,1,0,1,114,141,255,2023-04-30T22:00:00Z
06,122,Gola,179,176,355,11,2,13,83,40,123,0,2,2,8,27,35,0,0,0,0,1,1,281,248,529,2023-04-30T22:00:00Z
06,145,Hlebine,14,40,54,4,0,4,13,4,17,1,0,1,0,12,12,0,0,0,1,1,2,33,57,90,2023-04-30T22:00:00Z
06,194,Kloštar Podravski,177,161,338,15,13,28,33,31,64,0,1,1,28,50,78,0,0,0,1,4,5,254,260,514,2023-04-30T22:00:00Z
06,201,Koprivnica,7119,7631,14750,347,212,559,60,28,88,61,66,127,386,426,812,0,2,2,9,8,17,7982,8373,16355,2023-04-30T22:00:00Z
06,202,Koprivnički Bregi,67,90,157,20,4,24,22,8,30,0,0,0,28,8,36,0,0,0,0,0,0,137,110,247,2023-04-30T22:00:00Z
06,203,Koprivnički Ivanec,70,54,124,23,5,28,23,7,30,0,0,0,18,8,26,0,0,0,0,0,0,134,74,208,2023-04-30T22:00:00Z
06,214,Križevci,3688,3838,7526,180,114,294,209,175,384,13,29,42,266,223,489,0,0,0,7,12,19,4363,4391,8754,2023-04-30T22:00:00Z
06,227,Legrad,65,87,152,15,5,20,18,6,24,0,1,1,20,21,41,0,0,0,0,0,0,118,120,238,2023-04-30T22:00:00Z
06,270,Molve,234,124,358,6,9,15,49,29,78,0,2,2,32,16,48,0,0,0,2,2,4,323,182,505,2023-04-30T22:00:00Z
06,292,Novigrad Podravski,95,163,258,11,3,14,15,10,25,0,1,1,18,15,33,0,0,0,0,0,0,139,192,331,2023-04-30T22:00:00Z
06,324,Peteranec,93,46,139,18,3,21,21,10,31,1,1,2,21,12,33,0,0,0,0,1,1,154,73,227,2023-04-30T22:00:00Z
06,366,Rasinja,49,71,120,23,4,27,53,20,73,2,0,2,21,19,40,0,0,0,1,0,1,149,114,263,2023-04-30T22:00:00Z
06,405,Sokolovac,186,80,266,18,4,22,44,13,57,5,4,9,17,9,26,0,0,0,0,0,0,270,110,380,2023-04-30T22:00:00Z
06,439,Sveti Ivan Žabno,285,206,491,39,16,55,95,58,153,1,2,3,51,65,116,0,0,0,1,2,3,472,349,821,2023-04-30T22:00:00Z
06,442,Sveti Petar Orehovec,138,130,268,31,8,39,128,114,242,0,2,2,44,29,73,0,0,0,1,0,1,342,283,625,2023-04-30T22:00:00Z
06,490,Virje,321,216,537,29,11,40,35,18,53,4,1,5,30,32,62,0,0,0,2,0,2,421,278,699,2023-04-30T22:00:00Z
06,559,Kalinovac,442,111,553,6,1,7,7,3,10,0,0,0,10,8,18,0,0,0,1,0,1,466,123,589,2023-04-30T22:00:00Z
06,560,Kalnik,44,47,91,3,4,7,19,19,38,0,1,1,7,2,9,0,0,0,0,0,0,73,73,146,2023-04-30T22:00:00Z
06,561,Novo Virje,44,44,88,2,0,2,35,26,61,0,0,0,19,7,26,0,0,0,0,0,0,100,77,177,2023-04-30T22:00:00Z
06,616,Podravske Sesvete,115,126,241,3,4,7,26,13,39,2,0,2,6,7,13,0,0,0,1,0,1,153,150,303,2023-04-30T22:00:00Z
06,618,Gornja Reka,94,93,187,5,2,7,8,4,12,0,0,0,3,4,7,0,0,0,0,0,0,110,103,213,2023-04-30T22:00:00Z
06,96,Drnje,117,119,236,13,4,17,15,10,25,0,2,2,7,10,17,0,0,0,0,0,0,152,145,297,2023-04-30T22:00:00Z
07,105,Đulovac,244,102,346,8,7,15,30,16,46,2,0,2,115,32,147,0,0,0,0,0,0,399,157,556,2023-04-30T22:00:00Z
07,119,Garešnica,1120,1120,2240,58,34,92,59,36,95,15,18,33,113,127,240,0,0,0,3,5,8,1368,1340,2708,2023-04-30T22:00:00Z
07,139,Grubišno Polje,607,566,1173,33,25,58,100,36,136,4,7,11,64,69,133,0,0,0,0,3,3,808,706,1514,2023-04-30T22:00:00Z
07,144,Hercegovac,154,163,317,21,3,24,47,15,62,1,1,2,41,29,70,0,0,0,1,0,1,265,211,476,2023-04-30T22:00:00Z
07,161,Ivanska,192,110,302,2,2,4,47,11,58,3,3,6,36,18,54,0,0,0,3,1,4,283,145,428,2023-04-30T22:00:00Z
07,176,Kapela,114,102,216,4,1,5,44,27,71,0,1,1,21,10,31,0,0,0,1,0,1,184,141,325,2023-04-30T22:00:00Z
07,18,Berek,40,51,91,8,2,10,21,13,34,0,1,1,9,9,18,0,0,0,1,1,2,79,77,156,2023-04-30T22:00:00Z
07,199,Končanica,126,75,201,10,2,12,29,16,45,0,0,0,10,10,20,0,0,0,1,2,3,176,105,281,2023-04-30T22:00:00Z
07,24,Bjelovar,7232,6984,14216,312,195,507,198,91,289,49,68,117,404,516,920,2,0,2,15,16,31,8212,7870,16082,2023-04-30T22:00:00Z
07,287,Nova Rača,96,126,222,14,2,16,69,31,100,0,2,2,30,18,48,0,0,0,1,1,2,210,180,390,2023-04-30T22:00:00Z
07,375,Rovišće,220,208,428,27,12,39,45,30,75,1,3,4,26,41,67,0,0,0,0,1,1,319,295,614,2023-04-30T22:00:00Z
07,390,Sirač,344,192,536,11,3,14,10,5,15,1,1,2,14,8,22,0,0,0,0,1,1,380,210,590,2023-04-30T22:00:00Z
07,450,Štefanje,46,59,105,6,4,10,34,12,46,0,3,3,36,25,61,0,0,0,0,0,0,122,103,225,2023-04-30T22:00:00Z
07,478,Velika Pisanica,77,86,163,4,2,6,28,15,43,1,0,1,13,9,22,0,0,0,0,0,0,123,112,235,2023-04-30T22:00:00Z
07,480,Veliki Grđevac,148,133,281,12,5,17,74,28,102,1,3,4,70,29,99,0,0,0,4,2,6,309,200,509,2023-04-30T22:00:00Z
07,483,Veliko Trojstvo,79,121,200,15,3,18,10,15,25,0,0,0,43,18,61,0,0,0,1,0,1,148,157,305,2023-04-30T22:00:00Z
07,562,Severin,50,27,77,1,0,1,16,12,28,0,0,0,13,42,55,0,0,0,0,0,0,80,81,161,2023-04-30T22:00:00Z
07,564,Šandrovac,30,50,80,3,0,3,13,7,20,1,0,1,15,5,20,0,0,0,0,0,0,62,62,124,2023-04-30T22:00:00Z
07,565,Velika Trnovitica,62,78,140,9,2,11,32,20,52,1,0,1,20,12,32,0,0,0,1,0,1,125,112,237,2023-04-30T22:00:00Z
07,566,Zrinski Topolovac,17,29,46,2,0,2,27,15,42,0,0,0,4,2,6,0,0,0,0,1,1,50,47,97,2023-04-30T22:00:00Z
07,63,Čazma,1102,829,1931,55,23,78,52,36,88,6,10,16,120,69,189,0,0,0,2,3,5,1337,970,2307,2023-04-30T22:00:00Z
07,67,Daruvar,1530,1811,3341,73,58,131,42,20,62,16,16,32,150,174,324,0,0,0,3,8,11,1814,2087,3901,2023-04-30T22:00:00Z
07,71,Dežanovac,129,78,207,11,2,13,65,31,96,0,0,0,40,16,56,0,0,0,0,1,1,245,128,373,2023-04-30T22:00:00Z
08,117,Fužine,281,197,478,19,10,29,0,1,1,4,1,5,20,19,39,0,0,0,2,0,2,326,228,554,2023-04-30T22:00:00Z
08,170,Jelenje,262,260,522,100,47,147,6,1,7,34,10,44,48,42,90,0,0,0,3,2,5,453,362,815,2023-04-30T22:00:00Z
08,180,Kastav,1110,877,1987,139,75,214,3,1,4,48,11,59,116,75,191,1,1,2,4,3,7,1421,1043,2464,2023-04-30T22:00:00Z
08,186,Klana,368,196,564,22,9,31,1,2,3,3,2,5,16,7,23,0,0,0,1,2,3,411,218,629,2023-04-30T22:00:00Z
08,209,Kraljevica,365,315,680,41,27,68,2,1,3,45,4,49,20,41,61,1,0,1,0,10,10,474,398,872,2023-04-30T22:00:00Z
08,215,Krk,2069,1506,3575,271,125,396,12,8,20,28,15,43,362,248,610,0,0,0,7,7,14,2749,1909,4658,2023-04-30T22:00:00Z
08,237,Lokve,118,96,214,14,6,20,0,1,1,0,2,2,7,9,16,0,0,0,1,0,1,140,114,254,2023-04-30T22:00:00Z
08,242,Lovran,475,637,1112,107,43,150,1,1,2,15,7,22,46,67,113,0,0,0,2,5,7,646,760,1406,2023-04-30T22:00:00Z
08,252,Mali Lošinj,1657,1680,3337,241,92,333,23,9,32,35,19,54,211,209,420,0,0,0,5,11,16,2172,2020,4192,2023-04-30T22:00:00Z
08,253,Malinska-Dubašnica,605,936,1541,155,83,238,6,9,15,11,5,16,216,214,430,0,0,0,6,9,15,999,1256,2255,2023-04-30T22:00:00Z
08,261,Matulji,1493,1141,2634,236,135,371,12,6,18,53,18,71,179,191,370,0,0,0,6,9,15,1979,1500,3479,2023-04-30T22:00:00Z
08,273,Mošćenička Draga,134,105,239,56,17,73,0,2,2,7,3,10,39,40,79,0,0,0,1,4,5,237,171,408,2023-04-30T22:00:00Z
08,275,Mrkopalj,66,55,121,9,4,13,2,0,2,2,0,2,8,8,16,0,0,0,1,0,1,88,67,155,2023-04-30T22:00:00Z
08,290,Novi Vinodolski,559,508,1067,119,60,179,7,5,12,9,6,15,133,92,225,0,0,0,0,6,6,827,677,1504,2023-04-30T22:00:00Z
08,301,Omišalj,724,524,1248,88,27,115,0,0,0,7,2,9,110,51,161,0,0,0,0,3,3,929,607,1536,2023-04-30T22:00:00Z
08,302,Opatija,2395,2930,5325,234,137,371,6,4,10,66,27,93,114,161,275,0,0,0,13,14,27,2828,3273,6101,2023-04-30T22:00:00Z
08,360,Punat,342,224,566,80,27,107,4,0,4,7,1,8,126,74,200,0,0,0,0,1,1,559,327,886,2023-04-30T22:00:00Z
08,363,Rab,1074,1325,2399,342,98,440,10,4,14,12,11,23,354,273,627,0,0,0,7,13,20,1799,1724,3523,2023-04-30T22:00:00Z
08,369,Ravna Gora,283,297,580,28,14,42,2,1,3,3,1,4,43,17,60,0,0,0,1,2,3,360,332,692,2023-04-30T22:00:00Z
08,373,Rijeka,28092,28831,56923,1395,1149,2544,21,13,34,1103,355,1458,867,1254,2121,7,4,11,81,109,190,31566,31715,63281,2023-04-30T22:00:00Z
08,38,Brod Moravice,42,36,78,20,1,21,1,0,1,0,1,1,11,3,14,0,0,0,1,0,1,75,41,116,2023-04-30T22:00:00Z
08,393,Skrad,42,58,100,5,5,10,0,1,1,2,1,3,2,8,10,0,0,0,0,0,0,51,73,124,2023-04-30T22:00:00Z
08,4,Bakar,2180,1162,3342,74,43,117,3,0,3,79,10,89,71,77,148,0,0,0,5,8,13,2412,1300,3712,2023-04-30T22:00:00Z
08,488,Vinodolska Općina,207,164,371,61,25,86,3,0,3,7,1,8,39,20,59,1,0,1,1,1,2,319,211,530,2023-04-30T22:00:00Z
08,495,Viškovo,1753,1175,2928,225,114,339,7,4,11,59,18,77,146,148,294,0,0,0,9,10,19,2199,1469,3668,2023-04-30T22:00:00Z
08,507,Vrbnik,173,117,290,36,12,48,8,4,12,2,0,2,46,37,83,0,0,0,1,1,2,266,171,437,2023-04-30T22:00:00Z
08,509,Vrbovsko,351,313,664,58,20,78,5,5,10,1,4,5,75,42,117,1,0,1,0,2,2,491,386,877,2023-04-30T22:00:00Z
08,52,Cres,587,527,1114,91,32,123,7,6,13,15,3,18,89,117,206,0,0,0,5,1,6,794,686,1480,2023-04-30T22:00:00Z
08,53,Crikvenica,1394,1871,3265,254,163,417,4,2,6,43,23,66,311,265,576,0,0,0,6,8,14,2012,2332,4344,2023-04-30T22:00:00Z
08,538,Kostrena,537,333,870,40,28,68,1,1,2,78,7,85,21,38,59,0,0,0,1,4,5,678,411,1089,2023-04-30T22:00:00Z
08,55,Čabar,326,292,618,59,18,77,8,4,12,3,0,3,137,49,186,0,0,0,1,3,4,534,366,900,2023-04-30T22:00:00Z
08,61,Čavle,682,560,1242,98,55,153,1,1,2,45,10,55,96,86,182,0,0,0,3,2,5,925,714,1639,2023-04-30T22:00:00Z
08,624,Lopar,79,41,120,37,8,45,0,1,1,1,0,1,59,89,148,0,0,0,0,3,3,176,142,318,2023-04-30T22:00:00Z
08,69,Delnice,1095,761,1856,70,54,124,5,2,7,11,13,24,85,89,174,0,0,0,2,5,7,1268,924,2192,2023-04-30T22:00:00Z
08,74,Dobrinj,174,121,295,59,26,85,1,2,3,5,0,5,113,59,172,0,0,0,2,1,3,354,209,563,2023-04-30T22:00:00Z
08,8,Baška,327,322,649,83,45,128,6,2,8,2,4,6,117,99,216,0,0,0,6,7,13,541,479,1020,2023-04-30T22:00:00Z
09,130,Gospić,2268,2382,4650,106,68,174,85,51,136,12,10,22,134,157,291,0,0,0,6,6,12,2611,2674,5285,2023-04-30T22:00:00Z
09,178,Karlobag,111,104,215,15,4,19,4,2,6,4,0,4,9,2,11,0,0,0,1,0,1,144,112,256,2023-04-30T22:00:00Z
09,240,Lovinac,205,80,285,0,0,0,1,1,2,1,0,1,2,2,4,0,0,0,0,0,0,209,83,292,2023-04-30T22:00:00Z
09,288,Novalja,1215,870,2085,148,50,198,22,13,35,5,6,11,242,144,386,0,0,0,8,11,19,1640,1094,2734,2023-04-30T22:00:00Z
09,313,Otočac,811,946,1757,96,39,135,63,32,95,9,6,15,110,119,229,0,0,0,1,3,4,1090,1145,2235,2023-04-30T22:00:00Z
09,323,Perušić,339,283,622,24,10,34,33,20,53,0,1,1,24,24,48,0,0,0,0,0,0,420,338,758,2023-04-30T22:00:00Z
09,37,Brinje,416,244,660,21,5,26,8,6,14,0,0,0,12,14,26,0,0,0,1,2,3,458,271,729,2023-04-30T22:00:00Z
09,387,Senj,747,679,1426,102,55,157,4,6,10,15,7,22,116,141,257,0,0,0,7,4,11,991,892,1883,2023-04-30T22:00:00Z
09,455,Plitvička Jezera,819,912,1731,46,26,72,56,15,71,5,6,11,261,188,449,0,0,0,1,0,1,1188,1147,2335,2023-04-30T22:00:00Z
09,467,Udbina,126,96,222,10,4,14,39,13,52,0,0,0,12,16,28,0,0,0,2,0,2,189,129,318,2023-04-30T22:00:00Z
09,512,Vrhovine,107,46,153,4,3,7,7,1,8,0,0,0,3,3,6,0,0,0,0,0,0,121,53,174,2023-04-30T22:00:00Z
09,84,Donji Lapac,113,97,210,5,4,9,25,6,31,0,0,0,13,8,21,0,0,0,0,0,0,156,115,271,2023-04-30T22:00:00Z
10,136,Gradina,80,99,179,15,12,27,118,46,164,2,0,2,45,32,77,0,0,0,0,1,1,260,190,450,2023-04-30T22:00:00Z
10,245,Lukač,189,122,311,13,6,19,49,15,64,1,0,1,56,33,89,0,0,0,0,0,0,308,176,484,2023-04-30T22:00:00Z
10,266,Mikleuš,73,51,124,7,1,8,14,6,20,0,0,0,14,9,23,0,0,0,0,0,0,108,67,175,2023-04-30T22:00:00Z
10,283,Nova Bukovica,45,39,84,9,6,15,33,10,43,1,0,1,23,17,40,0,0,0,1,0,1,112,72,184,2023-04-30T22:00:00Z
10,307,Orahovica,879,631,1510,75,35,110,10,3,13,12,10,22,95,121,216,0,0,0,1,0,1,1072,800,1872,2023-04-30T22:00:00Z
10,332,Pitomača,731,715,1446,86,45,131,147,87,234,2,7,9,210,184,394,0,0,0,1,4,5,1177,1042,2219,2023-04-30T22:00:00Z
10,395,Slatina,1529,1465,2994,156,78,234,134,39,173,11,21,32,180,233,413,0,0,0,4,5,9,2014,1841,3855,2023-04-30T22:00:00Z
10,407,Sopje,156,48,204,4,3,7,83,19,102,0,0,0,23,28,51,0,0,0,0,1,1,266,99,365,2023-04-30T22:00:00Z
10,424,Suhopolje,268,283,551,24,22,46,99,40,139,1,1,2,63,53,116,0,0,0,2,0,2,457,399,856,2023-04-30T22:00:00Z
10,449,Špišić Bukovica,160,158,318,28,9,37,150,50,200,1,2,3,39,61,100,0,0,0,1,0,1,379,280,659,2023-04-30T22:00:00Z
10,491,Virovitica,3785,4005,7790,187,121,308,94,27,121,30,19,49,374,359,733,1,0,1,5,7,12,4476,4538,9014,2023-04-30T22:00:00Z
10,499,Voćin,156,117,273,12,2,14,30,22,52,0,0,0,16,7,23,0,0,0,0,0,0,214,148,362,2023-04-30T22:00:00Z
10,524,Zdenci,201,113,314,9,3,12,16,6,22,0,2,2,13,12,25,0,0,0,0,2,2,239,138,377,2023-04-30T22:00:00Z
10,54,Crnac,26,39,65,14,4,18,18,8,26,0,1,1,17,11,28,0,0,0,0,0,0,75,63,138,2023-04-30T22:00:00Z
10,56,Čačinci,163,117,280,21,15,36,21,9,30,0,1,1,29,32,61,0,0,0,0,2,2,234,176,410,2023-04-30T22:00:00Z
10,57,Čađavica,109,92,201,13,9,22,63,19,82,0,0,0,52,30,82,0,0,0,0,0,0,237,150,387,2023-04-30T22:00:00Z
11,164,Jakšić,166,114,280,31,7,38,25,5,30,0,2,2,38,15,53,0,0,0,0,0,0,260,143,403,2023-04-30T22:00:00Z
11,177,Kaptol,99,104,203,16,2,18,23,3,26,0,1,1,43,9,52,0,0,0,0,1,1,181,120,301,2023-04-30T22:00:00Z
11,221,Kutjevo,537,436,973,53,21,74,70,28,98,1,2,3,76,79,155,0,0,0,2,6,8,739,572,1311,2023-04-30T22:00:00Z
11,231,Lipik,752,642,1394,46,15,61,27,16,43,2,7,9,62,60,122,0,0,0,1,0,1,890,740,1630,2023-04-30T22:00:00Z
11,318,Pakrac,633,1106,1739,82,37,119,55,17,72,14,7,21,195,94,289,0,0,0,1,3,4,980,1264,2244,2023-04-30T22:00:00Z
11,334,Pleternica,567,485,1052,83,36,119,50,11,61,5,5,10,176,114,290,0,0,0,1,5,6,882,656,1538,2023-04-30T22:00:00Z
11,35,Brestovac,112,99,211,17,4,21,13,4,17,1,1,2,27,13,40,0,0,0,0,1,1,170,122,292,2023-04-30T22:00:00Z
11,351,Požega,5044,4511,9555,309,167,476,118,40,158,39,84,123,394,353,747,0,1,1,8,26,34,5912,5182,11094,2023-04-30T22:00:00Z
11,475,Velika,422,325,747,24,18,42,22,3,25,2,3,5,52,42,94,0,0,0,0,1,1,522,392,914,2023-04-30T22:00:00Z
11,58,Čaglin,108,170,278,9,1,10,15,4,19,0,1,1,14,12,26,0,0,0,0,0,0,146,188,334,2023-04-30T22:00:00Z
12,10,Bebrina,44,73,117,16,8,24,18,4,22,2,0,2,12,11,23,0,0,0,1,0,1,93,96,189,2023-04-30T22:00:00Z
12,118,Garčin,138,167,305,31,10,41,35,18,53,0,0,0,30,34,64,0,0,0,1,1,2,235,230,465,2023-04-30T22:00:00Z
12,127,Gornji Bogićevci,51,49,100,12,2,14,10,2,12,0,0,0,18,26,44,0,0,0,0,0,0,91,79,170,2023-04-30T22:00:00Z
12,140,Gundinci,98,48,146,13,5,18,51,23,74,0,0,0,17,10,27,0,0,0,0,0,0,179,86,265,2023-04-30T22:00:00Z
12,185,Klakar,91,74,165,13,3,16,23,4,27,0,1,1,13,20,33,0,0,0,0,0,0,140,102,242,2023-04-30T22:00:00Z
12,284,Nova Gradiška,2352,2209,4561,148,97,245,24,19,43,21,18,39,275,316,591,0,0,0,1,9,10,2821,2668,5489,2023-04-30T22:00:00Z
12,285,Nova Kapela,160,212,372,29,17,46,22,7,29,2,3,5,42,47,89,0,0,0,1,0,1,256,286,542,2023-04-30T22:00:00Z
12,299,Okučani,226,158,384,32,8,40,10,2,12,0,0,0,44,20,64,0,0,0,1,3,4,313,191,504,2023-04-30T22:00:00Z
12,303,Oprisavci,321,201,522,12,1,13,36,10,46,1,0,1,9,20,29,0,0,0,0,0,0,379,232,611,2023-04-30T22:00:00Z
12,309,Oriovac,301,304,605,44,22,66,21,15,36,2,3,5,54,50,104,0,0,0,2,3,5,424,397,821,2023-04-30T22:00:00Z
12,338,Podcrkavlje,27,46,73,18,1,19,6,2,8,0,1,1,15,6,21,0,0,0,0,0,0,66,56,122,2023-04-30T22:00:00Z
12,372,Rešetari,220,256,476,40,10,50,17,7,24,3,1,4,83,50,133,0,0,0,1,0,1,364,324,688,2023-04-30T22:00:00Z
12,388,Sibinj,194,209,403,61,21,82,18,1,19,0,0,0,63,40,103,0,0,0,2,3,5,338,274,612,2023-04-30T22:00:00Z
12,39,Brodski Stupnik,73,55,128,16,9,25,9,3,12,1,0,1,70,40,110,0,0,0,1,1,2,170,108,278,2023-04-30T22:00:00Z
12,396,Slavonski Brod,14210,9655,23865,653,373,1026,42,27,69,76,86,162,874,935,1809,0,0,0,13,22,35,15868,11098,26966,2023-04-30T22:00:00Z
12,397,Slavonski Šamac,84,73,157,9,4,13,17,10,27,0,1,1,15,6,21,0,0,0,0,0,0,125,94,219,2023-04-30T22:00:00Z
12,412,Stara Gradiška,161,100,261,6,4,10,7,3,10,0,0,0,25,9,34,0,0,0,0,0,0,199,116,315,2023-04-30T22:00:00Z
12,418,Staro Petrovo Selo,219,121,340,36,13,49,40,17,57,1,1,2,104,50,154,0,0,0,0,2,2,400,204,604,2023-04-30T22:00:00Z
12,46,Cernik,135,226,361,40,13,53,9,6,15,4,1,5,59,30,89,0,0,0,0,1,1,247,277,524,2023-04-30T22:00:00Z
12,476,Velika Kopanica,196,135,331,31,9,40,33,17,50,1,1,2,28,20,48,0,0,0,0,1,1,289,183,472,2023-04-30T22:00:00Z
12,506,Vrbje,41,47,88,9,1,10,20,2,22,0,0,0,20,27,47,0,0,0,0,1,1,90,78,168,2023-04-30T22:00:00Z
12,514,Vrpolje,218,111,329,29,4,33,46,15,61,0,2,2,20,16,36,0,0,0,0,1,1,313,149,462,2023-04-30T22:00:00Z
12,567,Bukovlje,140,96,236,19,10,29,1,0,1,0,0,0,13,16,29,0,0,0,1,1,2,174,123,297,2023-04-30T22:00:00Z
12,568,Dragalić,33,49,82,7,0,7,6,2,8,0,0,0,7,7,14,0,0,0,0,1,1,53,59,112,2023-04-30T22:00:00Z
12,569,Gornja Vrba,408,175,583,18,7,25,2,2,4,1,1,2,22,24,46,0,0,0,0,1,1,451,210,661,2023-04-30T22:00:00Z
12,570,Sikirevci,38,57,95,21,7,28,37,16,53,0,0,0,11,11,22,0,0,0,1,2,3,108,93,201,2023-04-30T22:00:00Z
12,68,Davor,129,111,240,12,7,19,14,4,18,1,0,1,14,25,39,0,0,0,0,1,1,170,148,318,2023-04-30T22:00:00Z
12,81,Donji Andrijevci,149,147,296,25,13,38,21,4,25,0,1,1,25,13,38,0,0,0,1,0,1,221,178,399,2023-04-30T22:00:00Z
13,131,Gračac,262,269,531,22,14,36,72,32,104,2,1,3,55,40,95,0,0,0,1,3,4,414,359,773,2023-04-30T22:00:00Z
13,167,Jasenice,166,96,262,18,3,21,9,3,12,3,0,3,16,11,27,0,0,0,0,0,0,212,113,325,2023-04-30T22:00:00Z
13,17,Benkovac,1195,1120,2315,110,43,153,100,59,159,15,7,22,212,111,323,0,0,0,6,4,10,1638,1344,2982,2023-04-30T22:00:00Z
13,173,Kali,313,122,435,22,16,38,2,1,3,14,0,14,46,31,77,0,0,0,0,1,1,397,171,568,2023-04-30T22:00:00Z
13,20,Bibinje,222,204,426,67,32,99,3,1,4,5,4,9,92,71,163,0,0,0,0,2,2,389,314,703,2023-04-30T22:00:00Z
13,22,Biograd Na Moru,1203,1607,2810,182,86,268,29,13,42,21,7,28,204,262,466,0,0,0,4,4,8,1643,1979,3622,2023-04-30T22:00:00Z
13,234,Lišane Ostrovičke,29,32,61,9,3,12,0,1,1,0,0,0,9,9,18,0,0,0,0,0,0,47,45,92,2023-04-30T22:00:00Z
13,282,Nin,633,601,1234,62,20,82,8,6,14,8,2,10,87,73,160,0,0,0,3,3,6,801,705,1506,2023-04-30T22:00:00Z
13,296,Obrovac,383,243,626,39,12,51,38,7,45,4,4,8,21,43,64,0,0,0,4,5,9,489,314,803,2023-04-30T22:00:00Z
13,316,Pag,576,503,1079,81,35,116,35,14,49,9,6,15,107,92,199,0,0,0,2,2,4,810,652,1462,2023-04-30T22:00:00Z
13,317,Pakoštane,416,412,828,75,24,99,11,14,25,6,3,9,137,94,231,0,0,0,2,0,2,647,547,1194,2023-04-30T22:00:00Z
13,320,Pašman,126,115,241,48,12,60,6,4,10,15,0,15,64,36,100,0,0,0,1,2,3,260,169,429,2023-04-30T22:00:00Z
13,344,Polača,102,72,174,19,8,27,5,2,7,2,0,2,14,16,30,0,0,0,1,1,2,143,99,242,2023-04-30T22:00:00Z
13,345,Poličnik,544,382,926,57,12,69,9,9,18,7,2,9,51,28,79,0,0,0,1,0,1,669,433,1102,2023-04-30T22:00:00Z
13,349,Posedarje,159,200,359,41,15,56,6,8,14,9,1,10,41,44,85,0,0,0,2,3,5,258,271,529,2023-04-30T22:00:00Z
13,354,Preko,332,491,823,64,18,82,7,3,10,30,2,32,56,34,90,0,0,0,2,2,4,491,550,1041,2023-04-30T22:00:00Z
13,371,Ražanac,95,125,220,28,9,37,10,5,15,9,0,9,41,27,68,0,0,0,3,0,3,186,166,352,2023-04-30T22:00:00Z
13,379,Sali,177,165,342,48,17,65,5,2,7,5,2,7,71,56,127,0,0,0,1,1,2,307,243,550,2023-04-30T22:00:00Z
13,411,Stankovci,232,164,396,36,6,42,6,3,9,0,1,1,33,13,46,0,0,0,0,1,1,307,188,495,2023-04-30T22:00:00Z
13,416,Starigrad,160,177,337,49,32,81,9,3,12,2,0,2,63,73,136,0,0,0,0,2,2,283,287,570,2023-04-30T22:00:00Z
13,425,Sukošan,469,377,846,74,22,96,13,6,19,6,1,7,61,66,127,0,0,0,0,5,5,623,477,1100,2023-04-30T22:00:00Z
13,428,Sveti Filip I Jakov,235,368,603,48,22,70,8,2,10,12,4,16,49,54,103,0,0,0,4,3,7,356,453,809,2023-04-30T22:00:00Z
13,445,Škabrnje,83,71,154,32,4,36,6,2,8,3,1,4,16,8,24,0,0,0,1,2,3,141,88,229,2023-04-30T22:00:00Z
13,489,Vir,323,324,647,72,25,97,1,2,3,3,1,4,63,49,112,0,0,0,4,3,7,466,404,870,2023-04-30T22:00:00Z
13,520,Zadar,15635,17030,32665,1223,719,1942,45,32,77,731,218,949,1436,1533,2969,4,0,4,84,64,148,19158,19596,38754,2023-04-30T22:00:00Z
13,525,Zemunik Donji,217,299,516,22,5,27,4,3,7,2,0,2,28,7,35,0,0,0,0,1,1,273,315,588,2023-04-30T22:00:00Z
13,537,Novigrad,68,109,177,28,3,31,5,6,11,2,1,3,33,13,46,0,0,0,1,3,4,137,135,272,2023-04-30T22:00:00Z
13,571,Galovac,35,62,97,15,1,16,3,5,8,2,2,4,15,10,25,0,0,0,0,1,1,70,81,151,2023-04-30T22:00:00Z
13,572,Kukljica,44,47,91,23,0,23,1,0,1,3,1,4,35,10,45,0,0,0,2,0,2,108,58,166,2023-04-30T22:00:00Z
13,573,Povljana,56,42,98,17,5,22,5,1,6,5,0,5,7,12,19,0,0,0,0,1,1,90,61,151,2023-04-30T22:00:00Z
13,574,Privlaka,133,149,282,25,16,41,1,2,3,7,0,7,29,13,42,0,0,0,5,1,6,200,181,381,2023-04-30T22:00:00Z
13,575,Tkon,117,95,212,25,10,35,1,2,3,3,0,3,52,30,82,0,0,0,0,0,0,198,137,335,2023-04-30T22:00:00Z
13,622,Kolan,246,187,433,22,5,27,5,3,8,0,0,0,25,14,39,0,0,0,0,0,0,298,209,507,2023-04-30T22:00:00Z
13,625,Vrsi,128,48,176,19,10,29,5,3,8,13,0,13,29,31,60,0,0,0,3,2,5,197,94,291,2023-04-30T22:00:00Z
14,103,Đakovo,2925,2998,5923,486,236,722,229,94,323,28,33,61,606,576,1182,0,0,0,10,9,19,4284,3946,8230,2023-04-30T22:00:00Z
14,106,Đurđenovac,518,549,1067,44,12,56,18,14,32,0,2,2,64,45,109,0,0,0,2,0,2,646,622,1268,2023-04-30T22:00:00Z
14,110,Erdut,347,276,623,37,16,53,57,16,73,2,5,7,55,38,93,0,0,0,0,1,1,498,352,850,2023-04-30T22:00:00Z
14,111,Ernestinovo,89,189,278,4,3,7,22,7,29,1,1,2,10,9,19,0,0,0,0,0,0,126,209,335,2023-04-30T22:00:00Z
14,116,Feričanci,120,146,266,27,6,33,3,0,3,1,0,1,42,17,59,0,0,0,0,0,0,193,169,362,2023-04-30T22:00:00Z
14,124,Gorjani,132,179,311,16,6,22,12,7,19,0,0,0,8,6,14,0,0,0,0,0,0,168,198,366,2023-04-30T22:00:00Z
14,13,Beli Manastir,1078,1193,2271,101,48,149,73,35,108,10,15,25,129,111,240,0,0,0,1,1,2,1392,1403,2795,2023-04-30T22:00:00Z
14,16,Belišće,1697,675,2372,79,34,113,27,8,35,5,10,15,87,94,181,0,0,0,1,1,2,1896,822,2718,2023-04-30T22:00:00Z
14,195,Kneževi Vinogradi,221,284,505,35,6,41,32,7,39,1,2,3,68,75,143,0,0,0,1,1,2,358,375,733,2023-04-30T22:00:00Z
14,2,Antunovac,209,164,373,35,13,48,13,7,20,0,1,1,14,16,30,0,0,0,0,0,0,271,201,472,2023-04-30T22:00:00Z
14,205,Koška,194,161,355,24,7,31,29,6,35,2,2,4,28,27,55,0,0,0,2,0,2,279,203,482,2023-04-30T22:00:00Z
14,21,Bilje,296,304,600,46,22,68,20,13,33,1,5,6,56,41,97,0,0,0,0,1,1,419,386,805,2023-04-30T22:00:00Z
14,23,Bizovac,246,230,476,23,11,34,24,9,33,2,3,5,28,34,62,0,0,0,0,0,0,323,287,610,2023-04-30T22:00:00Z
14,230,Levanjska Varoš,39,36,75,2,1,3,7,6,13,0,0,0,1,4,5,0,0,0,0,0,0,49,47,96,2023-04-30T22:00:00Z
14,257,Marijanci,92,75,167,6,5,11,12,0,12,0,0,0,16,21,37,0,0,0,1,1,2,127,102,229,2023-04-30T22:00:00Z
14,271,Moslavina Podravska,16,34,50,4,2,6,15,5,20,0,0,0,16,10,26,0,0,0,0,0,0,51,51,102,2023-04-30T22:00:00Z
14,278,Našice,2233,1853,4086,187,101,288,59,29,88,20,40,60,219,226,445,0,0,0,6,9,15,2724,2258,4982,2023-04-30T22:00:00Z
14,312,Osijek,24410,22858,47268,974,707,1681,126,47,173,169,188,357,756,1126,1882,0,1,1,28,39,67,26463,24966,51429,2023-04-30T22:00:00Z
14,325,Petlovac,44,33,77,7,4,11,12,0,12,0,0,0,19,8,27,0,0,0,0,0,0,82,45,127,2023-04-30T22:00:00Z
14,327,Petrijevci,268,217,485,19,4,23,5,3,8,0,1,1,9,8,17,1,0,1,0,2,2,302,235,537,2023-04-30T22:00:00Z
14,340,Podgorač,117,79,196,26,9,35,25,4,29,1,1,2,19,47,66,0,0,0,0,0,0,188,140,328,2023-04-30T22:00:00Z
14,346,Popovac,58,56,114,2,3,5,6,2,8,1,0,1,3,3,6,0,0,0,0,0,0,70,64,134,2023-04-30T22:00:00Z
14,361,Punitovci,50,96,146,22,4,26,16,4,20,0,0,0,39,7,46,0,0,0,0,0,0,127,111,238,2023-04-30T22:00:00Z
14,381,Satnica Đakovačka,124,115,239,19,6,25,10,2,12,0,0,0,45,25,70,0,0,0,0,0,0,198,148,346,2023-04-30T22:00:00Z
14,386,Semeljci,207,193,400,46,16,62,47,22,69,2,1,3,91,40,131,0,0,0,0,2,2,393,274,667,2023-04-30T22:00:00Z
14,421,Strizivojna,309,324,633,18,9,27,16,4,20,0,0,0,18,14,32,0,0,0,1,1,2,362,352,714,2023-04-30T22:00:00Z
14,461,Trnava,59,83,142,6,3,9,14,5,19,0,0,0,12,4,16,0,0,0,0,0,0,91,95,186,2023-04-30T22:00:00Z
14,471,Valpovo,846,1138,1984,84,62,146,53,16,69,14,19,33,89,117,206,0,0,0,5,7,12,1091,1359,2450,2023-04-30T22:00:00Z
14,485,Viljevo,56,78,134,10,0,10,19,4,23,0,0,0,15,13,28,0,0,0,0,1,1,100,96,196,2023-04-30T22:00:00Z
14,494,Viškovci,254,199,453,24,6,30,14,5,19,0,0,0,18,6,24,0,0,0,1,0,1,311,216,527,2023-04-30T22:00:00Z
14,517,Vuka,32,50,82,17,2,19,12,4,16,0,0,0,24,10,34,0,0,0,0,0,0,85,66,151,2023-04-30T22:00:00Z
14,576,Donja Motičina,22,12,34,10,3,13,1,1,2,0,1,1,17,7,24,0,0,0,0,0,0,50,24,74,2023-04-30T22:00:00Z
14,578,Magadenovac,84,104,188,4,3,7,22,9,31,0,1,1,19,16,35,0,0,0,0,0,0,129,133,262,2023-04-30T22:00:00Z
14,579,Vladislavci,116,118,234,2,0,2,5,6,11,0,0,0,8,3,11,0,0,0,0,0,0,131,127,258,2023-04-30T22:00:00Z
14,609,Jagodnjak,104,72,176,8,2,10,25,6,31,0,0,0,12,6,18,0,0,0,0,0,0,149,86,235,2023-04-30T22:00:00Z
14,614,Šodolovci,28,12,40,0,0,0,0,0,0,0,0,0,7,3,10,0,0,0,0,0,0,35,15,50,2023-04-30T22:00:00Z
14,64,Čeminac,71,104,175,10,1,11,4,2,6,0,0,0,24,15,39,0,0,0,0,0,0,109,122,231,2023-04-30T22:00:00Z
14,65,Čepin,766,533,1299,98,41,139,60,28,88,6,9,15,102,110,212,0,0,0,3,1,4,1035,722,1757,2023-04-30T22:00:00Z
14,66,Darda,1791,871,2662,55,35,90,35,7,42,2,4,6,64,52,116,0,0,0,0,1,1,1947,970,2917,2023-04-30T22:00:00Z
14,86,Donji Miholjac,1181,1042,2223,104,60,164,170,40,210,5,11,16,153,121,274,0,0,0,2,2,4,1615,1276,2891,2023-04-30T22:00:00Z
14,91,Draž,92,144,236,11,3,14,13,4,17,0,0,0,8,14,22,0,0,0,0,1,1,124,166,290,2023-04-30T22:00:00Z
14,94,Drenje,99,137,236,31,5,36,47,10,57,0,0,0,15,18,33,0,0,0,0,0,0,192,170,362,2023-04-30T22:00:00Z
15,113,Ervenik,35,43,78,3,0,3,4,1,5,0,0,0,5,3,8,0,0,0,0,0,0,47,47,94,2023-04-30T22:00:00Z
15,183,Kijevo,27,44,71,2,0,2,0,0,0,0,0,0,0,0,0,0,0,0,0,0,0,29,44,73,2023-04-30T22:00:00Z
15,184,Kistanje,68,86,154,25,7,32,1,2,3,1,0,1,17,13,30,0,0,0,0,0,0,112,108,220,2023-04-30T22:00:00Z
15,196,Knin,1306,1578,2884,133,72,205,61,16,77,34,6,40,150,148,298,0,0,0,1,2,3,1685,1822,3507,2023-04-30T22:00:00Z
15,298,Promina,119,88,207,1,1,2,1,2,3,0,0,0,1,2,3,0,0,0,0,0,0,122,93,215,2023-04-30T22:00:00Z
15,310,Biskupija,127,44,171,1,1,2,2,0,2,1,0,1,2,0,2,0,0,0,0,0,0,133,45,178,2023-04-30T22:00:00Z
15,357,Primošten,283,340,623,127,35,162,7,1,8,6,2,8,106,96,202,0,1,1,2,4,6,531,479,1010,2023-04-30T22:00:00Z
15,377,Ružić,31,45,76,5,0,5,6,5,11,0,0,0,4,10,14,0,0,0,0,0,0,46,60,106,2023-04-30T22:00:00Z
15,394,Skradin,143,198,341,56,17,73,20,8,28,2,3,5,70,62,132,0,0,0,0,0,0,291,288,579,2023-04-30T22:00:00Z
15,444,Šibenik,8507,8942,17449,697,382,1079,30,14,44,231,96,327,659,715,1374,0,0,0,13,21,34,10137,10170,20307,2023-04-30T22:00:00Z
15,454,Tisno,398,346,744,115,44,159,6,0,6,11,3,14,72,89,161,0,0,0,0,3,3,602,485,1087,2023-04-30T22:00:00Z
15,469,Unešić,48,59,107,11,0,11,3,1,4,1,0,1,17,5,22,0,0,0,0,0,0,80,65,145,2023-04-30T22:00:00Z
15,500,Vodice,1178,1267,2445,319,127,446,12,3,15,11,11,22,279,213,492,0,0,0,3,6,9,1802,1627,3429,2023-04-30T22:00:00Z
15,51,Civljane,55,11,66,1,1,2,0,0,0,0,0,0,3,1,4,0,0,0,0,0,0,59,13,72,2023-04-30T22:00:00Z
15,581,Pirovac,147,178,325,44,24,68,6,5,11,4,2,6,75,55,130,0,0,0,1,0,1,277,264,541,2023-04-30T22:00:00Z
15,582,Rogoznica,322,310,632,52,18,70,1,1,2,11,1,12,67,48,115,0,0,0,2,1,3,455,379,834,2023-04-30T22:00:00Z
15,617,Murter,339,331,670,70,40,110,3,1,4,21,4,25,133,97,230,0,0,0,4,3,7,570,476,1046,2023-04-30T22:00:00Z
15,621,Bilice,97,52,149,29,7,36,0,0,0,5,0,5,30,11,41,0,0,0,0,0,0,161,70,231,2023-04-30T22:00:00Z
15,626,Tribunj,99,107,206,29,12,41,1,0,1,4,0,4,65,49,114,0,0,0,1,0,1,199,168,367,2023-04-30T22:00:00Z
15,95,Drniš,934,674,1608,69,54,123,52,23,75,6,8,14,99,82,181,0,0,0,1,1,2,1161,842,2003,2023-04-30T22:00:00Z
16,1,Andrijaševci,76,131,207,26,14,40,14,5,19,1,1,2,37,37,74,0,0,0,1,4,5,155,192,347,2023-04-30T22:00:00Z
16,137,Gradište,82,96,178,16,4,20,30,5,35,0,1,1,18,17,35,0,0,0,0,1,1,146,124,270,2023-04-30T22:00:00Z
16,141,Gunja,203,125,328,27,9,36,47,16,63,1,0,1,38,14,52,0,0,0,1,2,3,317,166,483,2023-04-30T22:00:00Z
16,154,Ilok,463,633,1096,68,23,91,49,16,65,1,2,3,110,95,205,0,0,0,1,1,2,692,770,1462,2023-04-30T22:00:00Z
16,159,Ivankovo,351,450,801,70,31,101,54,12,66,2,5,7,112,77,189,0,0,0,3,3,6,592,578,1170,2023-04-30T22:00:00Z
16,166,Jarmina,34,80,114,18,11,29,33,11,44,0,1,1,24,18,42,0,0,0,0,2,2,109,123,232,2023-04-30T22:00:00Z
16,239,Lovas,65,85,150,6,0,6,13,1,14,0,0,0,4,4,8,0,0,0,0,0,0,88,90,178,2023-04-30T22:00:00Z
16,26,Bogdanovci,32,41,73,3,0,3,7,4,11,0,0,0,17,4,21,0,0,0,0,0,0,59,49,108,2023-04-30T22:00:00Z
16,29,Borovo,70,130,200,49,17,66,27,5,32,1,3,4,60,76,136,0,0,0,2,1,3,209,232,441,2023-04-30T22:00:00Z
16,294,Nuštar,252,339,591,42,20,62,22,6,28,1,1,2,48,27,75,0,0,0,0,3,3,365,396,761,2023-04-30T22:00:00Z
16,295,Nijemci,200,232,432,23,7,30,85,24,109,0,1,1,66,33,99,0,0,0,0,2,2,374,299,673,2023-04-30T22:00:00Z
16,3,Babina Greda,193,217,410,35,15,50,77,25,102,3,0,3,32,44,76,0,0,0,1,0,1,341,301,642,2023-04-30T22:00:00Z
16,32,Bošnjaci,112,136,248,24,8,32,29,5,34,2,0,2,30,42,72,0,0,0,0,0,0,197,191,388,2023-04-30T22:00:00Z
16,414,Stari Jankovci,138,149,287,25,3,28,42,9,51,1,0,1,26,17,43,0,0,0,1,1,2,233,179,412,2023-04-30T22:00:00Z
16,415,Stari Mikanovci,103,129,232,20,9,29,25,13,38,3,1,4,31,39,70,0,0,0,0,1,1,182,192,374,2023-04-30T22:00:00Z
16,44,Cerna,455,228,683,45,29,74,55,20,75,1,1,2,60,75,135,0,0,0,0,0,0,616,353,969,2023-04-30T22:00:00Z
16,456,Tompojevci,25,55,80,14,5,19,39,12,51,0,0,0,13,11,24,0,0,0,1,0,1,92,83,175,2023-04-30T22:00:00Z
16,458,Tordinci,99,114,213,6,1,7,9,0,9,0,0,0,6,15,21,0,0,0,0,0,0,120,130,250,2023-04-30T22:00:00Z
16,459,Tovarnik,171,166,337,18,3,21,47,24,71,1,1,2,8,13,21,0,0,0,0,0,0,245,207,452,2023-04-30T22:00:00Z
16,464,Trpinja,112,235,347,29,11,40,80,19,99,1,0,1,35,21,56,0,0,0,0,0,0,257,286,543,2023-04-30T22:00:00Z
16,487,Vinkovci,8012,6584,14596,314,196,510,44,22,66,55,48,103,463,646,1109,1,0,1,9,14,23,8898,7510,16408,2023-04-30T22:00:00Z
16,505,Vrbanja,307,179,486,30,12,42,63,15,78,1,1,2,41,32,73,0,0,0,0,1,1,442,240,682,2023-04-30T22:00:00Z
16,518,Vukovar,4487,4728,9215,301,163,464,104,37,141,25,27,52,445,408,853,0,0,0,1,7,8,5363,5370,10733,2023-04-30T22:00:00Z
16,534,Županja,2054,1513,3567,136,60,196,41,15,56,22,17,39,170,183,353,1,0,1,2,2,4,2426,1790,4216,2023-04-30T22:00:00Z
16,535,Otok (Vinkovci),401,371,772,36,20,56,62,11,73,6,1,7,80,65,145,0,0,0,0,2,2,585,470,1055,2023-04-30T22:00:00Z
16,583,Privlaka,95,96,191,20,7,27,24,9,33,0,2,2,18,21,39,0,0,0,0,0,0,157,135,292,2023-04-30T22:00:00Z
16,584,Vođinci,48,178,226,14,2,16,6,6,12,0,1,1,12,16,28,0,0,0,0,0,0,80,203,283,2023-04-30T22:00:00Z
16,610,Markušica,41,76,117,12,4,16,49,16,65,0,1,1,13,11,24,0,0,0,1,0,1,116,108,224,2023-04-30T22:00:00Z
16,612,Negoslavci,27,34,61,6,1,7,11,3,14,1,0,1,15,11,26,0,0,0,0,0,0,60,49,109,2023-04-30T22:00:00Z
16,628,Štitar,80,81,161,6,2,8,14,3,17,0,0,0,10,3,13,0,0,0,0,0,0,110,89,199,2023-04-30T22:00:00Z
16,92,Drenovci,108,193,301,38,4,42,115,37,152,2,1,3,46,48,94,0,0,0,0,0,0,309,283,592,2023-04-30T22:00:00Z
17,100,Dugi Rat,921,794,1715,95,35,130,0,2,2,36,5,41,256,161,417,0,0,0,4,4,8,1312,1001,2313,2023-04-30T22:00:00Z
17,134,Gradac,176,249,425,54,20,74,5,1,6,1,1,2,44,79,123,0,0,0,3,2,5,283,352,635,2023-04-30T22:00:00Z
17,148,Hrvace,307,219,526,49,19,68,8,7,15,2,4,6,56,40,96,0,0,0,1,2,3,423,291,714,2023-04-30T22:00:00Z
17,153,Hvar,1073,964,2037,221,111,332,18,12,30,18,4,22,376,340,716,3,0,3,7,14,21,1716,1445,3161,2023-04-30T22:00:00Z
17,155,Imotski,1389,1444,2833,173,99,272,11,7,18,28,15,43,133,169,302,0,0,0,10,9,19,1744,1743,3487,2023-04-30T22:00:00Z
17,171,Jelsa,409,383,792,97,39,136,40,17,57,8,1,9,149,90,239,0,1,1,7,7,14,710,538,1248,2023-04-30T22:00:00Z
17,181,Kaštela,3827,4119,7946,545,282,827,20,14,34,127,39,166,548,573,1121,0,0,0,28,21,49,5095,5048,10143,2023-04-30T22:00:00Z
17,192,Klis,239,224,463,32,7,39,7,3,10,22,2,24,57,26,83,0,0,0,1,4,5,358,266,624,2023-04-30T22:00:00Z
17,197,Komiža,181,170,351,72,19,91,4,1,5,3,2,5,38,43,81,0,0,0,1,1,2,299,236,535,2023-04-30T22:00:00Z
17,243,Lovreć,155,80,235,16,7,23,5,0,5,1,0,1,31,12,43,0,0,0,1,2,3,209,101,310,2023-04-30T22:00:00Z
17,249,Makarska,2874,2944,5818,300,184,484,3,1,4,45,31,76,428,413,841,1,0,1,6,9,15,3657,3582,7239,2023-04-30T22:00:00Z
17,258,Marina,225,286,511,66,33,99,6,6,12,13,0,13,55,60,115,1,0,1,4,1,5,370,386,756,2023-04-30T22:00:00Z
17,267,Milna,101,109,210,31,8,39,6,2,8,4,0,4,46,36,82,0,0,0,1,0,1,189,155,344,2023-04-30T22:00:00Z
17,27,Bol,485,496,981,72,29,101,5,3,8,6,3,9,85,51,136,0,0,0,5,2,7,658,584,1242,2023-04-30T22:00:00Z
17,280,Nerežišća,141,60,201,20,4,24,3,1,4,0,0,0,34,14,48,0,0,0,0,1,1,198,80,278,2023-04-30T22:00:00Z
17,300,Omiš,1617,1793,3410,263,113,376,13,6,19,39,14,53,307,303,610,0,0,0,5,5,10,2244,2234,4478,2023-04-30T22:00:00Z
17,314,Otok,196,234,430,68,22,90,11,1,12,4,1,5,85,47,132,0,0,0,0,1,1,364,306,670,2023-04-30T22:00:00Z
17,337,Podbablje,287,223,510,38,4,42,5,0,5,3,1,4,18,32,50,0,0,0,1,3,4,352,263,615,2023-04-30T22:00:00Z
17,339,Podgora,337,362,699,77,27,104,1,1,2,2,0,2,77,63,140,0,0,0,5,3,8,499,456,955,2023-04-30T22:00:00Z
17,341,Podstrana,916,805,1721,72,26,98,13,3,16,45,4,49,70,93,163,0,0,0,2,5,7,1118,936,2054,2023-04-30T22:00:00Z
17,350,Postira,317,291,608,38,20,58,9,2,11,2,3,5,21,12,33,0,0,0,0,1,1,387,329,716,2023-04-30T22:00:00Z
17,358,Pučišća,221,146,367,58,9,67,9,5,14,4,0,4,36,20,56,0,0,0,2,0,2,330,180,510,2023-04-30T22:00:00Z
17,382,Seget,573,566,1139,49,11,60,5,3,8,11,2,13,184,90,274,0,0,0,3,3,6,825,675,1500,2023-04-30T22:00:00Z
17,383,Selca,138,122,260,49,17,66,8,5,13,4,1,5,79,34,113,0,0,0,1,0,1,279,179,458,2023-04-30T22:00:00Z
17,389,Sinj,1930,2157,4087,346,156,502,59,20,79,44,38,82,351,374,725,0,0,0,5,10,15,2735,2755,5490,2023-04-30T22:00:00Z
17,406,Solin,3704,3214,6918,274,179,453,13,6,19,131,37,168,307,291,598,0,0,0,10,8,18,4439,3735,8174,2023-04-30T22:00:00Z
17,409,Split,36242,39849,76091,1772,1255,3027,66,41,107,2324,445,2769,1638,2232,3870,6,2,8,124,145,269,42172,43969,86141,2023-04-30T22:00:00Z
17,413,Stari Grad,455,452,907,75,34,109,20,16,36,5,3,8,81,64,145,0,0,0,5,11,16,641,580,1221,2023-04-30T22:00:00Z
17,423,Sućuraj,26,30,56,25,5,30,2,1,3,1,0,1,13,13,26,0,0,0,0,1,1,67,50,117,2023-04-30T22:00:00Z
17,427,Supetar,756,915,1671,148,73,221,18,7,25,24,10,34,162,167,329,0,0,0,6,1,7,1114,1173,2287,2023-04-30T22:00:00Z
17,443,Šestanovac,161,155,316,29,9,38,12,2,14,1,2,3,16,25,41,0,0,0,4,0,4,223,193,416,2023-04-30T22:00:00Z
17,447,Šolta,211,158,369,18,20,38,9,4,13,13,0,13,26,22,48,0,0,0,2,0,2,279,204,483,2023-04-30T22:00:00Z
17,460,Trilj,539,604,1143,153,44,197,22,10,32,15,1,16,114,124,238,0,0,0,1,6,7,844,789,1633,2023-04-30T22:00:00Z
17,463,Trogir,2021,2148,4169,379,196,575,17,5,22,63,38,101,435,567,1002,0,0,0,14,19,33,2929,2973,5902,2023-04-30T22:00:00Z
17,492,Vis,334,328,662,67,20,87,14,4,18,5,2,7,68,51,119,0,0,0,4,2,6,492,407,899,2023-04-30T22:00:00Z
17,50,Cista Provo,120,174,294,27,4,31,7,1,8,2,0,2,7,11,18,0,0,0,0,3,3,163,193,356,2023-04-30T22:00:00Z
17,511,Vrgorac,985,762,1747,53,29,82,25,15,40,5,6,11,43,78,121,0,0,0,2,4,6,1113,894,2007,2023-04-30T22:00:00Z
17,513,Vrlika,101,228,329,17,4,21,13,7,20,2,0,2,27,8,35,0,0,0,1,0,1,161,247,408,2023-04-30T22:00:00Z
17,522,Zagvozd,137,79,216,19,3,22,2,1,3,0,0,0,13,10,23,0,0,0,0,0,0,171,93,264,2023-04-30T22:00:00Z
17,528,Zmijavci,101,136,237,9,4,13,1,1,2,3,0,3,28,11,39,0,0,0,0,1,1,142,153,295,2023-04-30T22:00:00Z
17,585,Dugopolje,1703,943,2646,44,16,60,5,2,7,6,2,8,58,27,85,0,0,0,1,0,1,1817,990,2807,2023-04-30T22:00:00Z
17,586,Lećevica,15,34,49,9,0,9,1,2,3,0,0,0,3,0,3,0,0,0,0,0,0,28,36,64,2023-04-30T22:00:00Z
17,587,Lokvičići,30,31,61,2,0,2,2,0,2,0,0,0,2,1,3,0,0,0,1,0,1,37,32,69,2023-04-30T22:00:00Z
17,588,Okrug,188,254,442,51,29,80,2,0,2,12,5,17,131,56,187,0,0,0,4,6,10,388,350,738,2023-04-30T22:00:00Z
17,589,Prgomet,31,26,57,6,0,6,1,0,1,1,0,1,2,0,2,0,0,0,0,0,0,41,26,67,2023-04-30T22:00:00Z
17,590,Primorski Dolac,22,62,84,4,3,7,1,1,2,0,1,1,2,3,5,0,0,0,0,0,0,29,70,99,2023-04-30T22:00:00Z
17,591,Runovići,74,65,139,16,1,17,0,2,2,0,2,2,28,34,62,0,0,0,0,1,1,118,105,223,2023-04-30T22:00:00Z
17,592,Sutivan,129,109,238,18,9,27,4,1,5,9,1,10,36,18,54,0,0,0,0,1,1,196,139,335,2023-04-30T22:00:00Z
17,593,Tučepi,328,323,651,45,22,67,0,1,1,2,3,5,92,51,143,0,0,0,1,2,3,468,402,870,2023-04-30T22:00:00Z
17,595,Zadvarje,49,33,82,7,1,8,1,1,2,0,0,0,5,3,8,0,0,0,0,0,0,62,38,100,2023-04-30T22:00:00Z
17,72,Dicmo,446,204,650,38,17,55,4,2,6,3,1,4,27,43,70,0,0,0,1,0,1,519,267,786,2023-04-30T22:00:00Z
17,77,Brela,265,313,578,37,18,55,0,0,0,2,1,3,41,56,97,0,0,0,4,0,4,349,388,737,2023-04-30T22:00:00Z
17,87,Muć,173,205,378,23,4,27,1,4,5,5,4,9,10,9,19,0,0,0,0,1,1,212,227,439,2023-04-30T22:00:00Z
17,88,Proložac,197,177,374,21,6,27,4,5,9,0,0,0,39,25,64,0,0,0,4,1,5,265,214,479,2023-04-30T22:00:00Z
17,9,Baška Voda,290,331,621,82,40,122,1,0,1,5,1,6,82,99,181,0,0,0,1,3,4,461,474,935,2023-04-30T22:00:00Z
18,132,Gračišće,59,26,85,28,5,33,10,3,13,0,0,0,33,11,44,0,0,0,0,0,0,130,45,175,2023-04-30T22:00:00Z
18,138,Grožnjan,33,30,63,21,2,23,10,5,15,0,0,0,11,16,27,0,0,0,0,1,1,75,54,129,2023-04-30T22:00:00Z
18,175,Kanfanar,577,256,833,35,11,46,4,0,4,1,0,1,22,14,36,0,0,0,1,2,3,640,283,923,2023-04-30T22:00:00Z
18,217,Kršan,339,299,638,52,15,67,9,3,12,3,1,4,126,56,182,0,0,0,0,4,4,529,378,907,2023-04-30T22:00:00Z
18,222,Labin,2996,2806,5802,259,147,406,20,8,28,27,34,61,303,260,563,0,0,0,13,9,22,3618,3264,6882,2023-04-30T22:00:00Z
18,223,Lanišće,13,13,26,3,0,3,2,0,2,0,1,1,15,5,20,0,0,0,1,1,2,34,20,54,2023-04-30T22:00:00Z
18,235,Ližnjan,185,143,328,17,7,24,2,0,2,2,0,2,36,33,69,0,0,0,2,0,2,244,183,427,2023-04-30T22:00:00Z
18,246,Lupoglav,212,118,330,11,5,16,5,2,7,0,1,1,13,9,22,0,0,0,0,0,0,241,135,376,2023-04-30T22:00:00Z
18,254,Marčana,172,199,371,43,16,59,3,3,6,4,1,5,41,25,66,0,0,0,1,0,1,264,244,508,2023-04-30T22:00:00Z
18,263,Medulin,888,866,1754,95,61,156,6,3,9,8,6,14,220,199,419,0,0,0,1,3,4,1218,1138,2356,2023-04-30T22:00:00Z
18,274,Motovun,100,119,219,37,18,55,18,7,25,1,1,2,53,49,102,0,0,0,0,4,4,209,198,407,2023-04-30T22:00:00Z
18,291,Novigrad,1086,1221,2307,144,61,205,15,4,19,2,9,11,150,135,285,0,0,0,2,3,5,1399,1433,2832,2023-04-30T22:00:00Z
18,304,Oprtalj,70,83,153,12,7,19,13,1,14,0,0,0,11,11,22,0,0,0,3,2,5,109,104,213,2023-04-30T22:00:00Z
18,321,Pazin,1944,1989,3933,315,136,451,55,27,82,15,21,36,291,215,506,0,0,0,3,15,18,2623,2403,5026,2023-04-30T22:00:00Z
18,330,Pićan,335,143,478,35,9,44,1,5,6,1,2,3,55,20,75,0,0,0,1,1,2,428,180,608,2023-04-30T22:00:00Z
18,348,Poreč,5973,5817,11790,744,415,1159,50,19,69,54,52,106,752,731,1483,2,1,3,10,10,20,7585,7045,14630,2023-04-30T22:00:00Z
18,359,Pula,13498,13006,26504,1395,748,2143,69,47,116,257,165,422,1015,1175,2190,0,0,0,44,47,91,16278,15188,31466,2023-04-30T22:00:00Z
18,368,Raša,307,174,481,29,10,39,2,0,2,4,1,5,46,24,70,0,0,0,0,0,0,388,209,597,2023-04-30T22:00:00Z
18,374,Rovinj,3681,4033,7714,478,274,752,29,19,48,29,37,66,708,581,1289,0,0,0,10,29,39,4935,4973,9908,2023-04-30T22:00:00Z
18,40,Brtonigla,188,123,311,40,12,52,20,8,28,1,1,2,47,56,103,0,0,0,0,1,1,296,201,497,2023-04-30T22:00:00Z
18,42,Buje,821,836,1657,120,52,172,28,13,41,7,7,14,74,69,143,0,0,0,1,4,5,1051,981,2032,2023-04-30T22:00:00Z
18,43,Buzet,1579,1106,2685,172,66,238,24,13,37,5,4,9,143,109,252,0,0,0,5,7,12,1928,1305,3233,2023-04-30T22:00:00Z
18,431,Sveti Lovreč,58,54,112,23,10,33,2,0,2,0,1,1,44,19,63,0,0,0,0,1,1,127,85,212,2023-04-30T22:00:00Z
18,432,Sveta Nedelja,186,158,344,32,8,40,8,2,10,6,0,6,43,21,64,0,0,0,4,1,5,279,190,469,2023-04-30T22:00:00Z
18,433,Sveti Petar U Šumi,176,125,301,23,3,26,3,4,7,0,0,0,15,5,20,0,0,0,1,0,1,218,137,355,2023-04-30T22:00:00Z
18,435,Svetvinčenat,153,114,267,24,6,30,3,0,3,0,2,2,28,24,52,0,0,0,0,1,1,208,147,355,2023-04-30T22:00:00Z
18,453,Tinjan,202,105,307,39,9,48,5,1,6,2,3,5,51,31,82,0,0,0,1,0,1,300,149,449,2023-04-30T22:00:00Z
18,468,Umag,3186,2793,5979,454,199,653,30,15,45,38,30,68,392,408,800,0,0,0,16,21,37,4116,3466,7582,2023-04-30T22:00:00Z
18,47,Cerovlje,137,55,192,35,3,38,4,3,7,0,0,0,25,15,40,0,0,0,0,1,1,201,77,278,2023-04-30T22:00:00Z
18,497,Višnjan,282,273,555,47,11,58,12,2,14,1,1,2,110,40,150,0,0,0,2,1,3,454,328,782,2023-04-30T22:00:00Z
18,498,Vižinada,60,53,113,30,13,43,15,6,21,0,0,0,32,36,68,0,0,0,0,0,0,137,108,245,2023-04-30T22:00:00Z
18,5,Bale,190,170,360,24,22,46,2,2,4,0,0,0,56,30,86,0,0,0,0,1,1,272,225,497,2023-04-30T22:00:00Z
18,502,Vodnjan,862,666,1528,56,26,82,9,3,12,7,2,9,94,69,163,0,1,1,2,0,2,1030,767,1797,2023-04-30T22:00:00Z
18,516,Vrsar,548,600,1148,86,41,127,3,3,6,4,1,5,252,204,456,0,0,0,1,0,1,894,849,1743,2023-04-30T22:00:00Z
18,531,Žminj,487,447,934,113,49,162,12,10,22,3,5,8,94,97,191,0,0,0,3,2,5,712,610,1322,2023-04-30T22:00:00Z
18,596,Karojba,137,169,306,32,6,38,1,1,2,0,0,0,47,12,59,0,1,1,0,0,0,217,189,406,2023-04-30T22:00:00Z
18,597,Kaštelir - Labinci,154,81,235,37,19,56,7,5,12,2,0,2,56,16,72,0,0,0,2,3,5,258,124,382,2023-04-30T22:00:00Z
18,6,Barban,246,114,360,47,6,53,14,5,19,1,1,2,27,24,51,0,0,0,2,3,5,337,153,490,2023-04-30T22:00:00Z
18,619,Fažana,356,343,699,41,20,61,2,2,4,4,4,8,53,54,107,0,0,0,1,2,3,457,425,882,2023-04-30T22:00:00Z
18,629,Funtana,203,200,403,28,15,43,1,1,2,1,0,1,90,100,190,0,0,0,2,0,2,325,316,641,2023-04-30T22:00:00Z
18,631,Tar-Vabriga,246,322,568,52,21,73,1,0,1,0,0,0,84,72,156,0,0,0,0,3,3,383,418,801,2023-04-30T22:00:00Z
19,198,Konavle,1698,1352,3050,199,83,282,18,12,30,35,9,44,130,146,276,0,1,1,7,3,10,2087,1606,3693,2023-04-30T22:00:00Z
19,204,Korčula,799,1025,1824,170,75,245,17,6,23,117,12,129,174,177,351,0,0,0,7,16,23,1284,1311,2595,2023-04-30T22:00:00Z
19,219,Kula Norinska,40,40,80,9,2,11,1,0,1,1,0,1,7,7,14,0,0,0,0,0,0,58,49,107,2023-04-30T22:00:00Z
19,226,Lastovo,71,100,171,34,11,45,3,2,5,7,1,8,18,11,29,0,0,0,2,4,6,135,129,264,2023-04-30T22:00:00Z
19,25,Blato,562,409,971,71,19,90,16,4,20,11,8,19,153,46,199,0,0,0,7,6,13,820,492,1312,2023-04-30T22:00:00Z
19,264,Metković,2234,1797,4031,183,124,307,38,23,61,38,16,54,323,267,590,0,0,0,6,14,20,2822,2241,5063,2023-04-30T22:00:00Z
19,268,Mljet,201,133,334,30,13,43,3,1,4,4,2,6,22,29,51,0,0,0,1,1,2,261,179,440,2023-04-30T22:00:00Z
19,306,Opuzen,471,445,916,31,19,50,57,23,80,4,1,5,32,73,105,0,0,0,1,1,2,596,562,1158,2023-04-30T22:00:00Z
19,308,Orebić,448,445,893,88,55,143,35,9,44,34,5,39,116,95,211,0,0,0,2,16,18,723,625,1348,2023-04-30T22:00:00Z
19,335,Ploče,1378,969,2347,90,58,148,31,10,41,24,5,29,105,126,231,0,0,0,1,3,4,1629,1171,2800,2023-04-30T22:00:00Z
19,343,Pojezerje,28,42,70,4,2,6,8,1,9,0,0,0,3,5,8,0,0,0,0,0,0,43,50,93,2023-04-30T22:00:00Z
19,399,Slivno,78,32,110,11,7,18,10,5,15,0,0,0,7,13,20,0,0,0,1,0,1,107,57,164,2023-04-30T22:00:00Z
19,402,Smokvica,30,84,114,13,2,15,19,5,24,9,0,9,33,11,44,0,0,0,4,4,8,108,106,214,2023-04-30T22:00:00Z
19,419,Ston,412,249,661,57,16,73,22,4,26,12,1,13,55,32,87,0,0,0,3,4,7,561,306,867,2023-04-30T22:00:00Z
19,474,Vela Luka,307,562,869,68,28,96,9,1,10,42,5,47,90,61,151,0,0,0,3,5,8,519,662,1181,2023-04-30T22:00:00Z
19,523,Zažablje,11,12,23,4,0,4,3,2,5,1,1,2,12,1,13,0,0,0,0,0,0,31,16,47,2023-04-30T22:00:00Z
19,598,Dubrovačko Primorje,166,147,313,27,9,36,3,4,7,7,2,9,49,30,79,0,0,0,0,1,1,252,193,445,2023-04-30T22:00:00Z
19,599,Janjina,57,63,120,11,4,15,10,3,13,3,1,4,15,12,27,0,0,0,3,1,4,99,84,183,2023-04-30T22:00:00Z
19,600,Lumbarda,63,66,129,43,14,57,11,1,12,6,0,6,44,36,80,0,0,0,5,3,8,172,120,292,2023-04-30T22:00:00Z
19,601,Trpanj,57,46,103,13,4,17,3,1,4,6,1,7,19,7,26,0,0,0,2,5,7,100,64,164,2023-04-30T22:00:00Z
19,602,Župa Dubrovačka,855,888,1743,147,69,216,4,7,11,70,1,71,87,97,184,0,0,0,8,3,11,1171,1065,2236,2023-04-30T22:00:00Z
19,98,Dubrovnik,11676,11945,23621,870,470,1340,28,16,44,529,75,604,836,808,1644,1,0,1,38,59,97,13978,13373,27351,2023-04-30T22:00:00Z
20,123,Goričan,311,164,475,6,3,9,9,2,11,0,2,2,11,8,19,0,0,0,0,0,0,337,179,516,2023-04-30T22:00:00Z
20,15,Belica,192,223,415,24,15,39,57,34,91,1,1,2,30,41,71,0,0,0,1,2,3,305,316,621,2023-04-30T22:00:00Z
20,206,Kotoriba,516,273,789,9,4,13,5,0,5,0,4,4,10,10,20,0,0,0,0,0,0,540,291,831,2023-04-30T22:00:00Z
20,250,Mala Subotica,549,1102,1651,23,18,41,31,14,45,2,5,7,17,23,40,0,0,0,0,1,1,622,1163,1785,2023-04-30T22:00:00Z
20,276,Mursko Središće,849,768,1617,46,25,71,14,7,21,2,7,9,39,51,90,0,0,0,1,2,3,951,860,1811,2023-04-30T22:00:00Z
20,279,Nedelišće,1477,843,2320,98,45,143,39,20,59,1,7,8,131,83,214,0,0,0,0,5,5,1746,1003,2749,2023-04-30T22:00:00Z
20,342,Podturen,207,130,337,21,8,29,17,11,28,1,2,3,50,37,87,0,0,0,0,1,1,296,189,485,2023-04-30T22:00:00Z
20,355,Prelog,2364,1670,4034,62,28,90,51,22,73,8,10,18,72,71,143,0,0,0,5,6,11,2562,1807,4369,2023-04-30T22:00:00Z
20,385,Selnica,148,158,306,12,11,23,7,4,11,1,2,3,14,13,27,0,0,0,1,1,2,183,189,372,2023-04-30T22:00:00Z
20,440,Sveti Juraj Na Bregu,294,200,494,26,16,42,13,7,20,3,4,7,34,46,80,0,0,0,0,0,0,370,273,643,2023-04-30T22:00:00Z
20,441,Sveti Martin Na Muri,604,354,958,16,12,28,7,5,12,0,3,3,31,35,66,0,0,0,3,0,3,661,409,1070,2023-04-30T22:00:00Z
20,452,Štrigova,290,209,499,26,12,38,35,19,54,2,1,3,57,68,125,0,0,0,0,1,1,410,310,720,2023-04-30T22:00:00Z
20,504,Vratišinec,133,94,227,7,2,9,11,2,13,1,2,3,8,10,18,0,0,0,1,1,2,161,111,272,2023-04-30T22:00:00Z
20,60,Čakovec,9905,9176,19081,260,147,407,57,23,80,41,61,102,256,329,585,0,0,0,8,17,25,10527,9753,20280,2023-04-30T22:00:00Z
20,603,Dekanovec,87,79,166,6,1,7,4,6,10,0,0,0,8,2,10,0,0,0,0,0,0,105,88,193,2023-04-30T22:00:00Z
20,604,Gornji Mihaljevec,99,70,169,13,4,17,25,9,34,2,1,3,22,16,38,0,0,0,0,1,1,161,101,262,2023-04-30T22:00:00Z
20,605,Orehovica,209,150,359,18,3,21,24,9,33,1,2,3,50,21,71,0,0,0,0,2,2,302,187,489,2023-04-30T22:00:00Z
20,606,Strahoninec,242,151,393,13,8,21,3,2,5,0,2,2,35,12,47,0,0,0,0,2,2,293,177,470,2023-04-30T22:00:00Z
20,607,Sveta Marija,61,83,144,13,2,15,6,0,6,1,1,2,23,6,29,0,0,0,0,1,1,104,93,197,2023-04-30T22:00:00Z
20,608,Šenkovec,516,269,785,19,9,28,2,1,3,0,1,1,26,20,46,0,0,0,0,2,2,563,302,865,2023-04-30T22:00:00Z
20,620,Pribislavec,336,197,533,9,8,17,2,1,3,2,1,3,18,12,30,0,0,0,0,0,0,367,219,586,2023-04-30T22:00:00Z
20,75,Domašinec,258,112,370,7,7,14,18,16,34,0,1,1,16,5,21,0,0,0,2,1,3,301,142,443,2023-04-30T22:00:00Z
20,78,Donja Dubrava,211,223,434,17,6,23,5,3,8,0,2,2,12,14,26,0,0,0,0,0,0,245,248,493,2023-04-30T22:00:00Z
20,82,Donji Kraljevec,1423,652,2075,43,17,60,51,21,72,3,3,6,88,115,203,0,0,0,2,11,13,1610,819,2429,2023-04-30T22:00:00Z
20,89,Donji Vidovec,61,81,142,5,1,6,2,0,2,1,1,2,4,15,19,0,0,0,0,0,0,73,98,171,2023-04-30T22:00:00Z
21,133,Zagreb,235800,213589,449389,8380,6073,14453,283,166,449,2208,2076,4284,5385,6875,12260,36,12,48,318,498,816,252410,229289,481699,2023-04-30T22:00:00Z
01,101,Dugo Selo,3009,2038,5047,247,129,376,30,21,51,25,26,51,259,256,515,0,0,0,7,15,22,3577,2485,6062,2023-05-31T22:00:00Z
01,114,Farkaševac,139,209,348,8,3,11,25,10,35,0,2,2,36,19,55,0,0,0,1,0,1,209,243,452,2023-05-31T22:00:00Z
01,135,Gradec,146,139,285,14,1,15,9,7,16,0,2,2,51,22,73,0,0,0,0,1,1,220,172,392,2023-05-31T22:00:00Z
01,158,Ivanić-Grad,3242,1738,4980,92,77,169,47,29,76,10,22,32,135,180,315,0,0,0,2,12,14,3528,2058,5586,2023-05-31T22:00:00Z
01,163,Jakovlje,354,320,674,40,8,48,10,8,18,2,0,2,39,32,71,0,0,0,0,0,0,445,368,813,2023-05-31T22:00:00Z
01,169,Jastrebarsko,2348,1742,4090,229,116,345,46,35,81,17,20,37,261,222,483,0,0,0,5,6,11,2906,2141,5047,2023-05-31T22:00:00Z
01,190,Klinča Selo,215,183,398,41,12,53,5,5,10,0,0,0,65,48,113,0,0,0,1,2,3,327,250,577,2023-05-31T22:00:00Z
01,193,Kloštar Ivanić,392,316,708,23,11,34,21,5,26,3,10,13,45,35,80,1,0,1,2,5,7,487,382,869,2023-05-31T22:00:00Z
01,213,Križ,715,446,1161,24,19,43,18,12,30,7,4,11,26,52,78,0,0,0,1,3,4,791,536,1327,2023-05-31T22:00:00Z
01,33,Brckovljani,351,400,751,7,5,12,0,1,1,3,2,5,27,14,41,0,0,0,0,0,0,388,422,810,2023-05-31T22:00:00Z
01,331,Pisarovina,388,310,698,26,24,50,19,19,38,1,1,2,24,29,53,0,0,0,1,3,4,459,386,845,2023-05-31T22:00:00Z
01,34,Brdovec,880,761,1641,94,45,139,15,7,22,1,5,6,90,68,158,0,0,0,4,3,7,1084,889,1973,2023-05-31T22:00:00Z
01,356,Preseka,17,10,27,6,2,8,12,10,22,0,1,1,14,5,19,0,0,0,1,0,1,50,28,78,2023-05-31T22:00:00Z
01,362,Pušča,154,175,329,26,14,40,7,2,9,2,3,5,40,28,68,0,0,0,0,0,0,229,222,451,2023-05-31T22:00:00Z
01,376,Rugvica,1432,568,2000,9,7,16,3,3,6,1,2,3,18,15,33,0,0,0,0,0,0,1463,595,2058,2023-05-31T22:00:00Z
01,380,Samobor,5585,4065,9650,529,324,853,26,22,48,43,63,106,479,461,940,2,2,4,27,31,58,6691,4968,11659,2023-05-31T22:00:00Z
01,429,Sveti Ivan Zelina,2614,2035,4649,170,69,239,62,43,105,14,20,34,266,204,470,0,0,0,5,4,9,3131,2375,5506,2023-05-31T22:00:00Z
01,436,Sveta Nedjelja,5994,3550,9544,227,102,329,6,5,11,12,10,22,349,176,525,0,0,0,9,7,16,6597,3850,10447,2023-05-31T22:00:00Z
01,508,Vrbovec,2151,2026,4177,175,73,248,92,31,123,6,18,24,291,166,457,0,0,0,10,10,20,2725,2324,5049,2023-05-31T22:00:00Z
01,533,Krašić,272,185,457,27,11,38,10,12,22,2,1,3,25,20,45,0,0,0,1,1,2,337,230,567,2023-05-31T22:00:00Z
01,536,Rakovec,38,23,61,9,2,11,6,4,10,0,1,1,25,12,37,0,0,0,0,0,0,78,42,120,2023-05-31T22:00:00Z
01,539,Marija Gorica,79,101,180,14,2,16,0,0,0,1,1,2,18,16,34,0,0,0,0,0,0,112,120,232,2023-05-31T22:00:00Z
01,540,Žumberak,18,17,35,6,1,7,4,2,6,0,0,0,2,7,9,0,0,0,0,0,0,30,27,57,2023-05-31T22:00:00Z
01,541,Velika Gorica,8635,6576,15211,664,398,1062,73,30,103,54,59,113,583,529,1112,1,0,1,19,25,44,10029,7617,17646,2023-05-31T22:00:00Z
01,542,Orle,42,24,66,16,0,16,9,3,12,0,0,0,16,1,17,0,0,0,1,0,1,84,28,112,2023-05-31T22:00:00Z
01,543,Zaprešić,3381,2971,6352,226,168,394,11,12,23,34,44,78,256,243,499,0,0,0,10,15,25,3918,3453,7371,2023-05-31T22:00:00Z
01,544,Pokupsko,43,69,112,11,6,17,12,4,16,0,0,0,8,7,15,0,0,0,0,0,0,74,86,160,2023-05-31T22:00:00Z
01,545,Kravarsko,112,81,193,43,12,55,4,4,8,0,0,0,79,18,97,0,0,0,0,0,0,238,115,353,2023-05-31T22:00:00Z
01,547,Bistra,388,517,905,49,22,71,9,5,14,2,6,8,58,44,102,1,0,1,0,1,1,507,595,1102,2023-05-31T22:00:00Z
01,548,Luka,283,106,389,15,2,17,2,2,4,1,1,2,19,19,38,0,0,0,0,0,0,320,130,450,2023-05-31T22:00:00Z
01,549,Dubravica,67,42,109,15,0,15,12,4,16,0,0,0,12,14,26,0,0,0,0,0,0,106,60,166,2023-05-31T22:00:00Z
01,550,Bedenica,223,158,381,12,4,16,4,3,7,1,1,2,17,7,24,0,0,0,0,0,0,257,173,430,2023-05-31T22:00:00Z
01,551,Stupnik,1543,586,2129,29,17,46,1,1,2,1,3,4,18,33,51,0,0,0,0,1,1,1592,641,2233,2023-05-31T22:00:00Z
01,97,Dubrava,297,325,622,51,23,74,67,40,107,4,12,16,64,80,144,0,0,0,2,6,8,485,486,971,2023-05-31T22:00:00Z
02,108,Đurmanec,139,147,286,55,18,73,1,2,3,3,2,5,111,83,194,0,0,0,2,1,3,311,253,564,2023-05-31T22:00:00Z
02,11,Bedekovčina,542,737,1279,91,40,131,7,6,13,9,6,15,129,103,232,0,0,0,4,4,8,782,896,1678,2023-05-31T22:00:00Z
02,125,Gornja Stubica,245,298,543,57,15,72,6,5,11,2,1,3,77,51,128,0,0,0,2,0,2,389,370,759,2023-05-31T22:00:00Z
02,146,Hraščina,52,48,100,10,3,13,2,3,5,0,1,1,6,8,14,0,0,0,0,0,0,70,63,133,2023-05-31T22:00:00Z
02,152,Hum Na Sutli,1546,651,2197,53,27,80,4,0,4,1,8,9,260,73,333,0,0,0,0,2,2,1864,761,2625,2023-05-31T22:00:00Z
02,187,Klanjec,288,261,549,66,27,93,10,5,15,4,1,5,66,49,115,0,0,0,1,3,4,435,346,781,2023-05-31T22:00:00Z
02,200,Konjščina,430,400,830,29,21,50,1,1,2,1,2,3,46,38,84,0,0,0,0,2,2,507,464,971,2023-05-31T22:00:00Z
02,208,Kraljevec Na Sutli,78,48,126,13,4,17,3,1,4,0,0,0,20,5,25,0,0,0,0,1,1,114,59,173,2023-05-31T22:00:00Z
02,211,Krapina,2942,2382,5324,172,101,273,8,4,12,13,16,29,188,168,356,0,0,0,3,5,8,3326,2676,6002,2023-05-31T22:00:00Z
02,212,Krapinske Toplice,624,1259,1883,67,37,104,6,4,10,0,5,5,114,78,192,0,1,1,2,1,3,813,1385,2198,2023-05-31T22:00:00Z
02,236,Lobor,168,222,390,24,8,32,3,3,6,0,1,1,38,18,56,0,0,0,1,2,3,234,254,488,2023-05-31T22:00:00Z
02,248,Mače,100,74,174,28,8,36,3,4,7,1,0,1,76,37,113,0,0,0,0,0,0,208,123,331,2023-05-31T22:00:00Z
02,256,Marija Bistrica,341,357,698,71,43,114,13,6,19,1,5,6,71,70,141,0,0,0,2,2,4,499,483,982,2023-05-31T22:00:00Z
02,265,Mihovljan,100,132,232,32,8,40,3,0,3,0,0,0,71,18,89,0,0,0,1,1,2,207,159,366,2023-05-31T22:00:00Z
02,311,Oroslavje,992,808,1800,73,38,111,8,2,10,6,8,14,87,65,152,0,0,0,4,2,6,1170,923,2093,2023-05-31T22:00:00Z
02,329,Petrovsko,104,58,162,16,3,19,1,0,1,5,0,5,64,14,78,0,0,0,1,0,1,191,75,266,2023-05-31T22:00:00Z
02,352,Pregrada,816,917,1733,113,33,146,2,5,7,6,6,12,160,103,263,0,0,0,0,1,1,1097,1065,2162,2023-05-31T22:00:00Z
02,364,Radoboj,162,109,271,15,14,29,1,0,1,0,2,2,61,24,85,0,0,0,0,0,0,239,149,388,2023-05-31T22:00:00Z
02,41,Budinščina,200,183,383,17,6,23,6,1,7,2,2,4,20,11,31,0,0,0,2,0,2,247,203,450,2023-05-31T22:00:00Z
02,422,Stubičke Toplice,253,443,696,35,20,55,0,2,2,2,5,7,52,27,79,0,0,0,2,0,2,344,497,841,2023-05-31T22:00:00Z
02,430,Sveti Križ Začretje,685,782,1467,75,22,97,11,4,15,1,5,6,145,95,240,0,0,0,4,1,5,921,909,1830,2023-05-31T22:00:00Z
02,466,Tuhelj,146,225,371,21,10,31,5,1,6,1,2,3,50,40,90,0,0,0,0,0,0,223,278,501,2023-05-31T22:00:00Z
02,481,Veliko Trgovišće,600,429,1029,53,19,72,3,3,6,2,5,7,101,50,151,0,0,0,2,1,3,761,507,1268,2023-05-31T22:00:00Z
02,519,Zabok,2799,2986,5785,142,84,226,7,3,10,13,16,29,170,221,391,0,0,0,0,1,1,3131,3311,6442,2023-05-31T22:00:00Z
02,521,Zagorska Sela,12,55,67,6,0,6,5,2,7,0,1,1,16,4,20,0,0,0,0,0,0,39,62,101,2023-05-31T22:00:00Z
02,526,Zlatar,536,655,1191,99,58,157,30,14,44,6,8,14,136,75,211,0,0,0,3,4,7,810,814,1624,2023-05-31T22:00:00Z
02,527,Zlatar Bistrica,287,470,757,27,7,34,4,1,5,5,0,5,66,47,113,0,0,0,2,1,3,391,526,917,2023-05-31T22:00:00Z
02,552,Jesenje,74,77,151,7,2,9,0,0,0,0,0,0,53,7,60,0,0,0,0,0,0,134,86,220,2023-05-31T22:00:00Z
02,553,Kumrovec,79,91,170,18,6,24,2,0,2,3,1,4,18,11,29,0,0,0,0,0,0,120,109,229,2023-05-31T22:00:00Z
02,554,Novi Golubovec,131,58,189,3,2,5,1,0,1,0,0,0,5,1,6,0,0,0,0,0,0,140,61,201,2023-05-31T22:00:00Z
02,70,Desinić,120,277,397,31,9,40,9,2,11,3,2,5,50,35,85,0,0,0,0,1,1,213,326,539,2023-05-31T22:00:00Z
02,79,Donja Stubica,842,708,1550,96,50,146,6,5,11,6,3,9,83,49,132,0,0,0,0,2,2,1033,817,1850,2023-05-31T22:00:00Z
03,102,Dvor,316,172,488,16,6,22,58,21,79,0,2,2,18,11,29,0,0,0,0,3,3,408,215,623,2023-05-31T22:00:00Z
03,121,Glina,1203,696,1899,43,21,64,56,25,81,4,9,13,68,70,138,0,0,0,0,0,0,1374,821,2195,2023-05-31T22:00:00Z
03,149,Hrvatska Dubica,80,99,179,9,2,11,12,5,17,0,0,0,11,5,16,0,0,0,0,1,1,112,112,224,2023-05-31T22:00:00Z
03,150,Hrvatska Kostajnica,305,296,601,21,10,31,10,2,12,1,3,4,13,28,41,0,0,0,1,0,1,351,339,690,2023-05-31T22:00:00Z
03,168,Jasenovac,142,145,287,13,8,21,14,5,19,0,0,0,16,16,32,0,0,0,0,1,1,185,175,360,2023-05-31T22:00:00Z
03,220,Kutina,3442,2816,6258,184,114,298,44,22,66,37,24,61,221,259,480,1,0,1,9,7,16,3938,3242,7180,2023-05-31T22:00:00Z
03,228,Lekenik,388,268,656,44,11,55,11,8,19,1,2,3,65,33,98,0,0,0,1,1,2,510,323,833,2023-05-31T22:00:00Z
03,232,Lipovljani,259,288,547,24,8,32,11,2,13,1,0,1,39,42,81,0,0,0,0,3,3,334,343,677,2023-05-31T22:00:00Z
03,259,Martinska Ves,125,61,186,10,1,11,30,12,42,3,0,3,57,19,76,0,0,0,0,0,0,225,93,318,2023-05-31T22:00:00Z
03,293,Novska,1313,1109,2422,181,106,287,34,15,49,5,17,22,250,233,483,0,0,0,2,7,9,1785,1487,3272,2023-05-31T22:00:00Z
03,328,Petrinja,1793,1758,3551,259,96,355,74,29,103,10,24,34,344,286,630,0,0,0,5,2,7,2485,2195,4680,2023-05-31T22:00:00Z
03,347,Popovača,898,1104,2002,85,41,126,49,17,66,6,10,16,106,122,228,0,0,0,4,3,7,1148,1297,2445,2023-05-31T22:00:00Z
03,391,Sisak,7096,8099,15195,381,237,618,99,51,150,41,72,113,614,574,1188,0,0,0,12,17,29,8243,9050,17293,2023-05-31T22:00:00Z
03,426,Sunja,205,184,389,23,12,35,49,31,80,1,2,3,13,21,34,0,0,0,1,1,2,292,251,543,2023-05-31T22:00:00Z
03,457,Topusko,214,340,554,14,8,22,7,2,9,6,1,7,25,21,46,0,0,0,0,0,0,266,372,638,2023-05-31T22:00:00Z
03,477,Velika Ludina,122,155,277,10,8,18,13,3,16,0,0,0,26,23,49,0,0,0,0,0,0,171,189,360,2023-05-31T22:00:00Z
03,510,Gvozd,116,117,233,10,4,14,16,4,20,0,1,1,18,14,32,0,0,0,1,0,1,161,140,301,2023-05-31T22:00:00Z
03,555,Majur,139,86,225,1,1,2,3,0,3,0,0,0,4,0,4,0,0,0,0,0,0,147,87,234,2023-05-31T22:00:00Z
03,83,Donji Kukuruzari,40,74,114,5,0,5,6,3,9,0,0,0,2,3,5,0,0,0,1,0,1,54,80,134,2023-05-31T22:00:00Z
04,120,Generalski Stol,47,70,117,20,5,25,1,0,1,0,1,1,28,12,40,0,0,0,0,0,0,96,88,184,2023-05-31T22:00:00Z
04,172,Josipdol,194,182,376,26,17,43,1,6,7,2,1,3,45,48,93,0,0,0,0,0,0,268,254,522,2023-05-31T22:00:00Z
04,179,Karlovac,10653,9008,19661,430,311,741,68,54,122,67,85,152,622,797,1419,0,0,0,12,24,36,11852,10279,22131,2023-05-31T22:00:00Z
04,216,Krnjak,172,68,240,4,2,6,5,4,9,1,0,1,11,5,16,0,0,0,0,0,0,193,79,272,2023-05-31T22:00:00Z
04,225,Lasinja,29,53,82,5,2,7,0,5,5,2,0,2,4,5,9,0,0,0,0,0,0,40,65,105,2023-05-31T22:00:00Z
04,281,Netretić,121,109,230,18,3,21,3,1,4,1,1,2,39,31,70,0,0,0,0,0,0,182,145,327,2023-05-31T22:00:00Z
04,297,Ogulin,1787,1827,3614,154,92,246,37,19,56,9,28,37,156,181,337,0,0,0,5,12,17,2148,2159,4307,2023-05-31T22:00:00Z
04,30,Bosiljevo,101,78,179,4,0,4,0,0,0,1,1,2,31,32,63,0,0,0,0,0,0,137,111,248,2023-05-31T22:00:00Z
04,315,Ozalj,773,651,1424,91,30,121,23,14,37,3,10,13,128,92,220,0,1,1,2,3,5,1020,801,1821,2023-05-31T22:00:00Z
04,333,Plaški,99,97,196,12,4,16,8,0,8,0,1,1,48,30,78,0,0,0,0,0,0,167,132,299,2023-05-31T22:00:00Z
04,365,Rakovica,174,215,389,8,8,16,2,2,4,0,0,0,76,90,166,0,0,0,1,0,1,261,315,576,2023-05-31T22:00:00Z
04,378,Saborsko,13,13,26,1,0,1,1,0,1,0,0,0,2,1,3,0,0,0,0,0,0,17,14,31,2023-05-31T22:00:00Z
04,400,Slunj,347,423,770,58,16,74,39,18,57,3,5,8,125,114,239,0,0,0,2,10,12,574,586,1160,2023-05-31T22:00:00Z
04,49,Cetingrad,61,62,123,7,1,8,2,3,5,0,0,0,7,8,15,0,0,0,0,0,0,77,74,151,2023-05-31T22:00:00Z
04,503,Vojnić,367,272,639,24,13,37,39,12,51,1,0,1,27,34,61,0,0,0,3,0,3,461,331,792,2023-05-31T22:00:00Z
04,530,Žakanje,174,94,268,25,12,37,4,1,5,0,0,0,26,28,54,0,0,0,0,1,1,229,136,365,2023-05-31T22:00:00Z
04,556,Ribnik,13,8,21,10,3,13,2,1,3,0,0,0,5,8,13,0,0,0,0,0,0,30,20,50,2023-05-31T22:00:00Z
04,557,Tounj,65,26,91,6,0,6,0,0,0,0,0,0,2,7,9,0,0,0,0,0,0,73,33,106,2023-05-31T22:00:00Z
04,623,Kamanje,155,94,249,6,1,7,0,0,0,0,0,0,8,6,14,0,0,0,0,0,0,169,101,270,2023-05-31T22:00:00Z
04,7,Barilovići,287,157,444,20,12,32,5,0,5,1,1,2,111,31,142,0,0,0,0,0,0,424,201,625,2023-05-31T22:00:00Z
04,90,Draganić,180,199,379,15,3,18,7,2,9,0,1,1,18,18,36,0,0,0,0,0,0,220,223,443,2023-05-31T22:00:00Z
04,99,Duga Resa,1287,1045,2332,133,75,208,19,20,39,4,17,21,174,207,381,0,0,0,3,7,10,1620,1371,2991,2023-05-31T22:00:00Z
05,12,Bednja,218,171,389,18,7,25,3,4,7,1,1,2,26,12,38,0,0,0,0,1,1,266,196,462,2023-05-31T22:00:00Z
05,129,Gornji Kneginec,633,973,1606,55,37,92,8,5,13,3,8,11,64,50,114,0,0,0,4,5,9,767,1078,1845,2023-05-31T22:00:00Z
05,151,Breznički Hum,186,144,330,12,4,16,6,7,13,0,2,2,21,14,35,0,0,0,1,3,4,226,174,400,2023-05-31T22:00:00Z
05,156,Ivanec,2272,1868,4140,175,69,244,14,13,27,9,18,27,314,262,576,0,0,0,6,11,17,2790,2241,5031,2023-05-31T22:00:00Z
05,165,Jalžabet,712,1013,1725,22,4,26,11,5,16,0,3,3,45,34,79,0,0,0,0,1,1,790,1060,1850,2023-05-31T22:00:00Z
05,189,Klenovnik,204,69,273,9,4,13,0,0,0,0,0,0,19,28,47,0,0,0,2,0,2,234,101,335,2023-05-31T22:00:00Z
05,19,Beretinec,78,47,125,19,2,21,3,2,5,0,1,1,15,20,35,0,0,0,1,0,1,116,72,188,2023-05-31T22:00:00Z
05,229,Lepoglava,1360,654,2014,64,33,97,5,2,7,1,4,5,97,51,148,0,0,0,1,7,8,1528,751,2279,2023-05-31T22:00:00Z
05,244,Ludbreg,1953,1673,3626,128,61,189,61,35,96,8,15,23,225,175,400,0,0,0,2,5,7,2377,1964,4341,2023-05-31T22:00:00Z
05,247,Ljubešćica,370,172,542,24,9,33,0,0,0,1,3,4,85,19,104,0,0,0,1,0,1,481,203,684,2023-05-31T22:00:00Z
05,251,Mali Bukovec,41,81,122,11,5,16,23,18,41,0,1,1,98,35,133,0,0,0,0,1,1,173,141,314,2023-05-31T22:00:00Z
05,260,Maruševec,351,286,637,60,29,89,20,22,42,3,2,5,114,43,157,0,0,0,3,2,5,551,384,935,2023-05-31T22:00:00Z
05,289,Novi Marof,1307,1197,2504,158,74,232,12,12,24,9,16,25,302,179,481,0,0,0,6,7,13,1794,1485,3279,2023-05-31T22:00:00Z
05,326,Petrijanec,485,769,1254,23,10,33,14,8,22,1,3,4,87,77,164,0,0,0,0,1,1,610,868,1478,2023-05-31T22:00:00Z
05,36,Breznica,159,73,232,18,3,21,6,5,11,1,5,6,40,14,54,0,0,0,0,0,0,224,100,324,2023-05-31T22:00:00Z
05,410,Sračinec,267,277,544,36,14,50,1,1,2,0,6,6,98,60,158,0,0,0,0,2,2,402,360,762,2023-05-31T22:00:00Z
05,437,Sveti Đurđ,68,101,169,31,4,35,27,8,35,2,1,3,31,31,62,0,0,0,0,0,0,159,145,304,2023-05-31T22:00:00Z
05,438,Sveti Ilija,192,202,394,17,8,25,1,0,1,0,3,3,37,27,64,0,0,0,0,0,0,247,240,487,2023-05-31T22:00:00Z
05,462,Trnovec Bartolovečki,1312,1341,2653,73,21,94,16,6,22,2,3,5,245,94,339,1,0,1,1,2,3,1650,1467,3117,2023-05-31T22:00:00Z
05,472,Varaždin,16947,15279,32226,550,403,953,50,27,77,78,113,191,508,665,1173,1,0,1,22,23,45,18156,16510,34666,2023-05-31T22:00:00Z
05,473,Varaždinske Toplice,621,582,1203,43,21,64,10,6,16,5,7,12,166,44,210,0,0,0,1,2,3,846,662,1508,2023-05-31T22:00:00Z
05,48,Cestica,361,388,749,56,24,80,16,15,31,1,6,7,105,78,183,0,0,0,0,2,2,539,513,1052,2023-05-31T22:00:00Z
05,484,Vidovec,290,271,561,45,15,60,54,28,82,1,5,6,109,88,197,0,0,0,0,0,0,499,407,906,2023-05-31T22:00:00Z
05,486,Vinica,345,215,560,16,8,24,4,4,8,1,5,6,29,21,50,0,0,0,0,1,1,395,254,649,2023-05-31T22:00:00Z
05,493,Visoko,98,56,154,17,1,18,7,3,10,0,0,0,24,24,48,0,0,0,3,0,3,149,84,233,2023-05-31T22:00:00Z
05,558,Veliki Bukovec,382,249,631,5,3,8,20,8,28,0,1,1,34,31,65,0,0,0,0,0,0,441,292,733,2023-05-31T22:00:00Z
05,80,Donja Voća,78,58,136,6,1,7,5,7,12,0,1,1,27,19,46,0,0,0,0,1,1,116,87,203,2023-05-31T22:00:00Z
05,85,Donji Martijanec,341,162,503,26,7,33,18,3,21,1,1,2,52,31,83,0,0,0,0,0,0,438,204,642,2023-05-31T22:00:00Z
06,104,Đelekovec,40,54,94,23,12,35,39,11,50,0,1,1,19,13,32,0,0,0,0,0,0,121,91,212,2023-05-31T22:00:00Z
06,107,Đurđevac,1410,1217,2627,84,47,131,71,40,111,12,10,22,82,76,158,0,0,0,10,5,15,1669,1395,3064,2023-05-31T22:00:00Z
06,115,Ferdinandovac,39,101,140,13,2,15,38,30,68,1,1,2,21,7,28,0,0,0,1,0,1,113,141,254,2023-05-31T22:00:00Z
06,122,Gola,183,182,365,10,2,12,82,40,122,0,3,3,8,27,35,0,0,0,0,1,1,283,255,538,2023-05-31T22:00:00Z
06,145,Hlebine,14,36,50,4,0,4,14,4,18,1,0,1,1,12,13,0,0,0,1,1,2,35,53,88,2023-05-31T22:00:00Z
06,194,Kloštar Podravski,178,160,338,15,13,28,33,32,65,0,1,1,31,53,84,0,0,0,1,0,1,258,259,517,2023-05-31T22:00:00Z
06,201,Koprivnica,7156,7622,14778,348,213,561,60,31,91,61,66,127,386,429,815,0,2,2,13,12,25,8024,8375,16399,2023-05-31T22:00:00Z
06,202,Koprivnički Bregi,75,88,163,20,4,24,22,8,30,0,0,0,29,8,37,0,0,0,0,0,0,146,108,254,2023-05-31T22:00:00Z
06,203,Koprivnički Ivanec,69,52,121,23,5,28,24,8,32,0,0,0,18,8,26,0,0,0,0,1,1,134,74,208,2023-05-31T22:00:00Z
06,214,Križevci,3714,3870,7584,186,114,300,210,172,382,14,30,44,266,230,496,0,0,0,7,12,19,4397,4428,8825,2023-05-31T22:00:00Z
06,227,Legrad,71,86,157,16,5,21,18,6,24,0,1,1,23,22,45,0,0,0,0,0,0,128,120,248,2023-05-31T22:00:00Z
06,270,Molve,231,123,354,6,9,15,49,30,79,0,1,1,29,16,45,0,0,0,2,3,5,317,182,499,2023-05-31T22:00:00Z
06,292,Novigrad Podravski,91,155,246,11,3,14,15,10,25,0,1,1,19,14,33,0,0,0,0,0,0,136,183,319,2023-05-31T22:00:00Z
06,324,Peteranec,89,50,139,18,3,21,21,10,31,1,1,2,23,12,35,0,0,0,0,1,1,152,77,229,2023-05-31T22:00:00Z
06,366,Rasinja,49,69,118,24,4,28,52,21,73,2,0,2,20,19,39,0,0,0,1,0,1,148,113,261,2023-05-31T22:00:00Z
06,405,Sokolovac,171,78,249,18,4,22,44,12,56,5,4,9,17,8,25,0,0,0,0,0,0,255,106,361,2023-05-31T22:00:00Z
06,439,Sveti Ivan Žabno,291,208,499,39,16,55,94,59,153,1,2,3,50,66,116,0,0,0,1,3,4,476,354,830,2023-05-31T22:00:00Z
06,442,Sveti Petar Orehovec,136,130,266,31,8,39,129,113,242,0,2,2,46,29,75,0,0,0,1,1,2,343,283,626,2023-05-31T22:00:00Z
06,490,Virje,325,217,542,29,11,40,34,19,53,4,1,5,29,36,65,0,0,0,1,0,1,422,284,706,2023-05-31T22:00:00Z
06,559,Kalinovac,442,112,554,7,1,8,6,3,9,0,0,0,10,8,18,0,0,0,1,0,1,466,124,590,2023-05-31T22:00:00Z
06,560,Kalnik,47,45,92,2,4,6,18,19,37,0,1,1,7,2,9,0,0,0,0,0,0,74,71,145,2023-05-31T22:00:00Z
06,561,Novo Virje,42,44,86,2,0,2,35,27,62,0,0,0,19,7,26,0,0,0,0,0,0,98,78,176,2023-05-31T22:00:00Z
06,616,Podravske Sesvete,109,129,238,2,4,6,27,13,40,2,0,2,8,7,15,0,0,0,0,0,0,148,153,301,2023-05-31T22:00:00Z
06,618,Gornja Reka,94,91,185,4,2,6,8,4,12,0,0,0,3,4,7,0,0,0,0,0,0,109,101,210,2023-05-31T22:00:00Z
06,96,Drnje,119,118,237,13,4,17,15,10,25,0,2,2,8,10,18,0,0,0,0,0,0,155,144,299,2023-05-31T22:00:00Z
07,105,Đulovac,245,96,341,8,7,15,30,16,46,2,0,2,115,32,147,0,0,0,0,0,0,400,151,551,2023-05-31T22:00:00Z
07,119,Garešnica,1121,1073,2194,58,32,90,61,36,97,16,18,34,113,127,240,0,0,0,3,5,8,1372,1291,2663,2023-05-31T22:00:00Z
07,139,Grubišno Polje,609,559,1168,33,25,58,100,36,136,4,7,11,67,66,133,0,0,0,1,4,5,814,697,1511,2023-05-31T22:00:00Z
07,144,Hercegovac,157,150,307,21,3,24,48,15,63,1,1,2,42,30,72,0,0,0,1,0,1,270,199,469,2023-05-31T22:00:00Z
07,161,Ivanska,188,110,298,2,2,4,47,11,58,3,3,6,35,18,53,0,0,0,3,1,4,278,145,423,2023-05-31T22:00:00Z
07,176,Kapela,116,95,211,5,1,6,44,26,70,0,0,0,21,10,31,0,0,0,1,0,1,187,132,319,2023-05-31T22:00:00Z
07,18,Berek,40,44,84,8,2,10,20,13,33,0,1,1,9,9,18,0,0,0,1,2,3,78,71,149,2023-05-31T22:00:00Z
07,199,Končanica,130,68,198,10,1,11,28,16,44,0,0,0,11,12,23,0,0,0,1,2,3,180,99,279,2023-05-31T22:00:00Z
07,24,Bjelovar,7238,6942,14180,311,197,508,196,91,287,51,67,118,400,524,924,2,0,2,16,20,36,8214,7841,16055,2023-05-31T22:00:00Z
07,287,Nova Rača,91,119,210,15,2,17,69,31,100,0,2,2,30,16,46,0,0,0,1,1,2,206,171,377,2023-05-31T22:00:00Z
07,375,Rovišće,225,204,429,28,13,41,43,30,73,1,3,4,27,42,69,0,0,0,0,1,1,324,293,617,2023-05-31T22:00:00Z
07,390,Sirač,352,163,515,11,4,15,10,5,15,1,1,2,14,8,22,0,0,0,0,1,1,388,182,570,2023-05-31T22:00:00Z
07,450,Štefanje,48,57,105,6,4,10,34,11,45,0,3,3,35,24,59,0,0,0,0,1,1,123,100,223,2023-05-31T22:00:00Z
07,478,Velika Pisanica,75,77,152,4,2,6,28,15,43,1,0,1,13,8,21,0,0,0,0,0,0,121,102,223,2023-05-31T22:00:00Z
07,480,Veliki Grđevac,152,123,275,12,5,17,76,28,104,1,3,4,69,30,99,0,0,0,0,1,1,310,190,500,2023-05-31T22:00:00Z
07,483,Veliko Trojstvo,79,105,184,15,3,18,10,15,25,0,0,0,41,17,58,0,0,0,1,0,1,146,140,286,2023-05-31T22:00:00Z
07,562,Severin,50,28,78,1,0,1,17,12,29,0,0,0,15,42,57,0,0,0,0,0,0,83,82,165,2023-05-31T22:00:00Z
07,564,Šandrovac,31,51,82,3,0,3,13,7,20,1,0,1,16,5,21,0,0,0,0,0,0,64,63,127,2023-05-31T22:00:00Z
07,565,Velika Trnovitica,62,77,139,9,2,11,31,20,51,1,0,1,20,11,31,0,0,0,1,0,1,124,110,234,2023-05-31T22:00:00Z
07,566,Zrinski Topolovac,17,29,46,2,0,2,27,13,40,0,0,0,4,2,6,0,0,0,0,1,1,50,45,95,2023-05-31T22:00:00Z
07,63,Čazma,1112,818,1930,57,23,80,51,35,86,7,10,17,121,69,190,0,0,0,3,3,6,1351,958,2309,2023-05-31T22:00:00Z
07,67,Daruvar,1523,1770,3293,73,60,133,43,20,63,14,15,29,148,172,320,0,0,0,4,9,13,1805,2046,3851,2023-05-31T22:00:00Z
07,71,Dežanovac,128,73,201,11,2,13,65,30,95,0,0,0,39,16,55,0,0,0,0,1,1,243,122,365,2023-05-31T22:00:00Z
08,117,Fužine,278,199,477,20,10,30,0,1,1,5,1,6,21,21,42,0,0,0,2,0,2,326,232,558,2023-05-31T22:00:00Z
08,170,Jelenje,262,252,514,99,47,146,7,2,9,35,10,45,49,40,89,0,0,0,4,2,6,456,353,809,2023-05-31T22:00:00Z
08,180,Kastav,1104,865,1969,142,78,220,3,1,4,46,11,57,117,92,209,1,1,2,4,4,8,1417,1052,2469,2023-05-31T22:00:00Z
08,186,Klana,363,193,556,22,9,31,1,2,3,5,2,7,17,7,24,0,0,0,1,2,3,409,215,624,2023-05-31T22:00:00Z
08,209,Kraljevica,363,322,685,43,27,70,2,1,3,33,4,37,22,43,65,1,0,1,0,10,10,464,407,871,2023-05-31T22:00:00Z
08,215,Krk,2142,1614,3756,280,137,417,12,8,20,29,15,44,412,304,716,0,0,0,7,6,13,2882,2084,4966,2023-05-31T22:00:00Z
08,237,Lokve,111,99,210,14,6,20,0,1,1,0,2,2,6,10,16,0,0,0,1,0,1,132,118,250,2023-05-31T22:00:00Z
08,242,Lovran,486,642,1128,115,41,156,1,1,2,14,7,21,56,71,127,0,0,0,2,5,7,674,767,1441,2023-05-31T22:00:00Z
08,252,Mali Lošinj,1811,1838,3649,250,97,347,24,9,33,34,18,52,266,254,520,0,0,0,4,9,13,2389,2225,4614,2023-05-31T22:00:00Z
08,253,Malinska-Dubašnica,666,1000,1666,158,90,248,6,9,15,10,5,15,234,243,477,0,0,0,5,6,11,1079,1353,2432,2023-05-31T22:00:00Z
08,261,Matulji,1509,1131,2640,238,135,373,12,6,18,47,18,65,174,194,368,0,0,0,6,10,16,1986,1494,3480,2023-05-31T22:00:00Z
08,273,Mošćenička Draga,145,115,260,60,22,82,0,2,2,6,4,10,45,49,94,0,0,0,1,4,5,257,196,453,2023-05-31T22:00:00Z
08,275,Mrkopalj,66,52,118,9,4,13,2,0,2,2,0,2,11,7,18,0,0,0,1,0,1,91,63,154,2023-05-31T22:00:00Z
08,290,Novi Vinodolski,606,541,1147,133,65,198,7,5,12,10,6,16,175,120,295,0,0,0,0,6,6,931,743,1674,2023-05-31T22:00:00Z
08,301,Omišalj,756,570,1326,87,31,118,1,0,1,8,2,10,130,67,197,0,0,0,0,3,3,982,673,1655,2023-05-31T22:00:00Z
08,302,Opatija,2443,2987,5430,240,142,382,6,4,10,63,27,90,125,163,288,0,0,0,11,11,22,2888,3334,6222,2023-05-31T22:00:00Z
08,360,Punat,383,248,631,86,30,116,4,0,4,6,1,7,155,98,253,0,0,0,0,0,0,634,377,1011,2023-05-31T22:00:00Z
08,363,Rab,1166,1433,2599,362,115,477,10,4,14,15,10,25,468,376,844,0,0,0,7,11,18,2028,1949,3977,2023-05-31T22:00:00Z
08,369,Ravna Gora,285,293,578,28,14,42,2,1,3,2,1,3,40,17,57,0,0,0,1,3,4,358,329,687,2023-05-31T22:00:00Z
08,373,Rijeka,28061,28709,56770,1406,1166,2572,22,13,35,1100,355,1455,891,1267,2158,7,4,11,80,112,192,31567,31626,63193,2023-05-31T22:00:00Z
08,38,Brod Moravice,42,39,81,18,1,19,1,0,1,0,1,1,11,3,14,0,0,0,1,0,1,73,44,117,2023-05-31T22:00:00Z
08,393,Skrad,48,53,101,5,5,10,0,1,1,2,1,3,2,8,10,0,0,0,0,0,0,57,68,125,2023-05-31T22:00:00Z
08,4,Bakar,2180,1166,3346,74,44,118,3,0,3,77,10,87,68,75,143,0,0,0,5,8,13,2407,1303,3710,2023-05-31T22:00:00Z
08,488,Vinodolska Općina,214,165,379,61,25,86,2,0,2,11,1,12,38,21,59,1,0,1,0,1,1,327,213,540,2023-05-31T22:00:00Z
08,495,Viškovo,1765,1165,2930,224,115,339,6,4,10,52,18,70,147,148,295,0,0,0,10,10,20,2204,1460,3664,2023-05-31T22:00:00Z
08,507,Vrbnik,178,133,311,36,16,52,8,2,10,1,0,1,51,42,93,0,0,0,1,1,2,275,194,469,2023-05-31T22:00:00Z
08,509,Vrbovsko,351,306,657,58,20,78,5,5,10,1,4,5,77,42,119,1,0,1,0,2,2,493,379,872,2023-05-31T22:00:00Z
08,52,Cres,628,567,1195,95,39,134,7,6,13,19,3,22,126,151,277,0,0,0,5,1,6,880,767,1647,2023-05-31T22:00:00Z
08,53,Crikvenica,1561,2030,3591,270,170,440,4,2,6,45,23,68,379,319,698,0,0,0,5,6,11,2264,2550,4814,2023-05-31T22:00:00Z
08,538,Kostrena,539,331,870,39,28,67,1,1,2,78,7,85,24,38,62,0,0,0,1,5,6,682,410,1092,2023-05-31T22:00:00Z
08,55,Čabar,332,272,604,59,19,78,8,5,13,3,0,3,142,50,192,0,0,0,1,2,3,545,348,893,2023-05-31T22:00:00Z
08,61,Čavle,688,560,1248,98,56,154,1,1,2,35,10,45,91,85,176,0,0,0,4,3,7,917,715,1632,2023-05-31T22:00:00Z
08,624,Lopar,111,60,171,50,16,66,0,0,0,0,0,0,97,136,233,0,0,0,0,2,2,258,214,472,2023-05-31T22:00:00Z
08,69,Delnice,1086,758,1844,69,55,124,5,2,7,11,13,24,90,88,178,0,0,0,2,5,7,1263,921,2184,2023-05-31T22:00:00Z
08,74,Dobrinj,181,131,312,62,28,90,1,2,3,2,0,2,120,76,196,0,0,0,2,1,3,368,238,606,2023-05-31T22:00:00Z
08,8,Baška,394,381,775,96,55,151,6,2,8,2,4,6,175,149,324,0,0,0,6,7,13,679,598,1277,2023-05-31T22:00:00Z
09,130,Gospić,2264,2387,4651,109,69,178,88,51,139,11,10,21,130,157,287,0,0,0,6,6,12,2608,2680,5288,2023-05-31T22:00:00Z
09,178,Karlobag,135,110,245,16,6,22,4,2,6,6,0,6,11,3,14,0,0,0,1,0,1,173,121,294,2023-05-31T22:00:00Z
09,240,Lovinac,200,77,277,0,0,0,1,1,2,1,0,1,2,2,4,0,0,0,0,0,0,204,80,284,2023-05-31T22:00:00Z
09,288,Novalja,1541,1112,2653,167,61,228,21,14,35,6,6,12,331,236,567,0,0,0,4,5,9,2070,1434,3504,2023-05-31T22:00:00Z
09,313,Otočac,812,934,1746,94,42,136,61,31,92,9,6,15,104,119,223,0,0,0,1,3,4,1081,1135,2216,2023-05-31T22:00:00Z
09,323,Perušić,338,282,620,25,10,35,32,20,52,0,1,1,23,22,45,0,0,0,0,0,0,418,335,753,2023-05-31T22:00:00Z
09,37,Brinje,409,246,655,21,5,26,8,6,14,0,0,0,12,17,29,0,0,0,1,0,1,451,274,725,2023-05-31T22:00:00Z
09,387,Senj,764,700,1464,113,59,172,4,5,9,17,7,24,147,182,329,0,0,0,5,3,8,1050,956,2006,2023-05-31T22:00:00Z
09,455,Plitvička Jezera,841,937,1778,46,27,73,59,15,74,4,6,10,259,186,445,0,0,0,1,0,1,1210,1171,2381,2023-05-31T22:00:00Z
09,467,Udbina,121,88,209,11,4,15,41,13,54,0,0,0,11,14,25,0,0,0,2,0,2,186,119,305,2023-05-31T22:00:00Z
09,512,Vrhovine,112,44,156,4,3,7,7,1,8,0,0,0,4,3,7,0,0,0,0,0,0,127,51,178,2023-05-31T22:00:00Z
09,84,Donji Lapac,114,94,208,7,4,11,26,6,32,0,0,0,13,8,21,0,0,0,0,0,0,160,112,272,2023-05-31T22:00:00Z
10,136,Gradina,77,99,176,15,14,29,117,46,163,2,0,2,42,30,72,0,0,0,0,1,1,253,190,443,2023-05-31T22:00:00Z
10,245,Lukač,188,130,318,13,6,19,49,15,64,1,0,1,58,33,91,0,0,0,0,0,0,309,184,493,2023-05-31T22:00:00Z
10,266,Mikleuš,74,50,124,7,1,8,14,5,19,0,0,0,14,9,23,0,0,0,0,0,0,109,65,174,2023-05-31T22:00:00Z
10,283,Nova Bukovica,47,37,84,9,6,15,36,10,46,1,0,1,22,20,42,0,0,0,1,0,1,116,73,189,2023-05-31T22:00:00Z
10,307,Orahovica,868,640,1508,74,37,111,11,3,14,10,10,20,87,119,206,0,0,0,3,0,3,1053,809,1862,2023-05-31T22:00:00Z
10,332,Pitomača,732,704,1436,87,47,134,149,88,237,4,7,11,212,186,398,0,0,0,1,4,5,1185,1036,2221,2023-05-31T22:00:00Z
10,395,Slatina,1518,1420,2938,157,80,237,134,39,173,11,21,32,175,244,419,0,0,0,4,5,9,1999,1809,3808,2023-05-31T22:00:00Z
10,407,Sopje,155,49,204,4,3,7,83,19,102,0,0,0,22,29,51,0,0,0,0,1,1,264,101,365,2023-05-31T22:00:00Z
10,424,Suhopolje,260,272,532,24,23,47,99,40,139,1,1,2,66,54,120,0,0,0,2,0,2,452,390,842,2023-05-31T22:00:00Z
10,449,Špišić Bukovica,151,158,309,28,10,38,148,52,200,1,2,3,39,60,99,0,0,0,0,0,0,367,282,649,2023-05-31T22:00:00Z
10,491,Virovitica,3782,3973,7755,186,125,311,93,27,120,30,19,49,382,361,743,1,0,1,4,8,12,4478,4513,8991,2023-05-31T22:00:00Z
10,499,Voćin,153,112,265,12,2,14,30,22,52,0,0,0,17,7,24,0,0,0,0,0,0,212,143,355,2023-05-31T22:00:00Z
10,524,Zdenci,209,114,323,9,3,12,16,6,22,0,2,2,15,12,27,0,0,0,0,2,2,249,139,388,2023-05-31T22:00:00Z
10,54,Crnac,25,39,64,14,4,18,19,8,27,0,2,2,17,12,29,0,0,0,0,0,0,75,65,140,2023-05-31T22:00:00Z
10,56,Čačinci,162,114,276,20,15,35,21,9,30,0,1,1,28,31,59,0,0,0,0,2,2,231,172,403,2023-05-31T22:00:00Z
10,57,Čađavica,108,82,190,13,9,22,63,19,82,0,0,0,49,31,80,0,0,0,0,0,0,233,141,374,2023-05-31T22:00:00Z
11,164,Jakšić,169,104,273,32,7,39,24,5,29,0,2,2,36,15,51,0,0,0,0,0,0,261,133,394,2023-05-31T22:00:00Z
11,177,Kaptol,98,104,202,16,2,18,23,3,26,0,1,1,44,10,54,0,0,0,0,1,1,181,121,302,2023-05-31T22:00:00Z
11,221,Kutjevo,531,440,971,55,22,77,70,28,98,1,2,3,74,75,149,0,0,0,2,6,8,733,573,1306,2023-05-31T22:00:00Z
11,231,Lipik,753,631,1384,47,17,64,26,16,42,3,7,10,60,63,123,0,0,0,1,0,1,890,734,1624,2023-05-31T22:00:00Z
11,318,Pakrac,640,1074,1714,83,37,120,55,17,72,14,6,20,190,96,286,0,0,0,2,3,5,984,1233,2217,2023-05-31T22:00:00Z
11,334,Pleternica,563,454,1017,83,37,120,50,11,61,5,5,10,173,120,293,0,0,0,1,6,7,875,633,1508,2023-05-31T22:00:00Z
11,35,Brestovac,108,99,207,19,3,22,13,4,17,1,1,2,31,11,42,0,0,0,0,1,1,172,119,291,2023-05-31T22:00:00Z
11,351,Požega,5059,4430,9489,311,171,482,119,41,160,40,80,120,387,358,745,0,1,1,11,24,35,5927,5105,11032,2023-05-31T22:00:00Z
11,475,Velika,426,318,744,25,18,43,22,4,26,2,3,5,49,40,89,0,0,0,0,1,1,524,384,908,2023-05-31T22:00:00Z
11,58,Čaglin,109,165,274,10,1,11,15,4,19,0,1,1,14,12,26,0,0,0,0,0,0,148,183,331,2023-05-31T22:00:00Z
12,10,Bebrina,43,61,104,15,8,23,18,4,22,2,0,2,13,9,22,0,0,0,1,0,1,92,82,174,2023-05-31T22:00:00Z
12,118,Garčin,148,166,314,31,10,41,34,18,52,0,0,0,28,32,60,0,0,0,1,1,2,242,227,469,2023-05-31T22:00:00Z
12,127,Gornji Bogićevci,50,50,100,12,2,14,10,2,12,0,0,0,18,28,46,0,0,0,0,0,0,90,82,172,2023-05-31T22:00:00Z
12,140,Gundinci,94,48,142,13,5,18,51,23,74,0,0,0,17,12,29,0,0,0,0,0,0,175,88,263,2023-05-31T22:00:00Z
12,185,Klakar,93,73,166,13,4,17,23,4,27,0,1,1,13,22,35,0,0,0,0,0,0,142,104,246,2023-05-31T22:00:00Z
12,284,Nova Gradiška,2336,2182,4518,156,98,254,25,19,44,22,18,40,280,322,602,0,0,0,1,8,9,2820,2647,5467,2023-05-31T22:00:00Z
12,285,Nova Kapela,159,174,333,29,17,46,22,7,29,2,3,5,45,47,92,0,0,0,1,2,3,258,250,508,2023-05-31T22:00:00Z
12,299,Okučani,234,157,391,34,8,42,11,2,13,0,0,0,42,18,60,0,0,0,1,2,3,322,187,509,2023-05-31T22:00:00Z
12,303,Oprisavci,323,203,526,12,1,13,36,10,46,1,0,1,9,20,29,0,0,0,0,0,0,381,234,615,2023-05-31T22:00:00Z
12,309,Oriovac,297,296,593,43,21,64,21,15,36,2,2,4,53,50,103,0,0,0,2,5,7,418,389,807,2023-05-31T22:00:00Z
12,338,Podcrkavlje,28,45,73,18,1,19,6,2,8,0,1,1,15,7,22,0,0,0,0,0,0,67,56,123,2023-05-31T22:00:00Z
12,372,Rešetari,214,241,455,40,10,50,17,7,24,3,1,4,85,49,134,0,0,0,1,0,1,360,308,668,2023-05-31T22:00:00Z
12,388,Sibinj,199,197,396,64,20,84,20,1,21,0,0,0,58,41,99,0,0,0,2,3,5,343,262,605,2023-05-31T22:00:00Z
12,39,Brodski Stupnik,75,58,133,16,9,25,9,3,12,2,0,2,71,39,110,0,0,0,1,0,1,174,109,283,2023-05-31T22:00:00Z
12,396,Slavonski Brod,14317,9536,23853,660,375,1035,43,27,70,74,85,159,886,938,1824,0,0,0,13,20,33,15993,10981,26974,2023-05-31T22:00:00Z
12,397,Slavonski Šamac,81,72,153,9,4,13,17,10,27,0,1,1,14,7,21,0,0,0,0,0,0,121,94,215,2023-05-31T22:00:00Z
12,412,Stara Gradiška,160,99,259,6,4,10,7,3,10,0,0,0,25,7,32,0,0,0,0,0,0,198,113,311,2023-05-31T22:00:00Z
12,418,Staro Petrovo Selo,224,118,342,37,13,50,42,17,59,1,1,2,101,53,154,0,0,0,0,2,2,405,204,609,2023-05-31T22:00:00Z
12,46,Cernik,136,224,360,40,13,53,9,8,17,4,1,5,57,31,88,0,0,0,0,1,1,246,278,524,2023-05-31T22:00:00Z
12,476,Velika Kopanica,193,134,327,31,9,40,32,17,49,1,1,2,29,23,52,0,0,0,0,1,1,286,185,471,2023-05-31T22:00:00Z
12,506,Vrbje,40,31,71,8,2,10,20,2,22,0,0,0,19,24,43,0,0,0,0,1,1,87,60,147,2023-05-31T22:00:00Z
12,514,Vrpolje,218,108,326,30,5,35,46,15,61,0,2,2,18,17,35,0,0,0,0,2,2,312,149,461,2023-05-31T22:00:00Z
12,567,Bukovlje,158,97,255,18,11,29,1,0,1,0,0,0,14,16,30,0,0,0,1,1,2,192,125,317,2023-05-31T22:00:00Z
12,568,Dragalić,36,49,85,8,0,8,6,2,8,0,0,0,5,5,10,0,0,0,0,1,1,55,57,112,2023-05-31T22:00:00Z
12,569,Gornja Vrba,408,162,570,18,7,25,2,2,4,1,1,2,22,23,45,0,0,0,0,2,2,451,197,648,2023-05-31T22:00:00Z
12,570,Sikirevci,40,60,100,22,7,29,37,16,53,0,0,0,11,12,23,0,0,0,1,2,3,111,97,208,2023-05-31T22:00:00Z
12,68,Davor,127,111,238,13,7,20,14,4,18,1,0,1,12,27,39,0,0,0,0,1,1,167,150,317,2023-05-31T22:00:00Z
12,81,Donji Andrijevci,152,131,283,25,13,38,22,5,27,0,1,1,23,14,37,0,0,0,1,0,1,223,164,387,2023-05-31T22:00:00Z
13,131,Gračac,270,268,538,24,15,39,73,32,105,2,1,3,52,46,98,0,0,0,1,3,4,422,365,787,2023-05-31T22:00:00Z
13,167,Jasenice,167,94,261,20,4,24,9,3,12,1,0,1,19,10,29,0,0,0,0,0,0,216,111,327,2023-05-31T22:00:00Z
13,17,Benkovac,1195,1080,2275,113,47,160,100,59,159,13,8,21,215,114,329,0,0,0,7,4,11,1643,1312,2955,2023-05-31T22:00:00Z
13,173,Kali,317,126,443,22,16,38,2,1,3,14,0,14,43,35,78,0,0,0,0,2,2,398,180,578,2023-05-31T22:00:00Z
13,20,Bibinje,222,203,425,72,34,106,3,1,4,5,4,9,95,84,179,0,0,0,0,2,2,397,328,725,2023-05-31T22:00:00Z
13,22,Biograd Na Moru,1282,1642,2924,197,104,301,29,16,45,18,7,25,272,324,596,0,0,0,5,4,9,1803,2097,3900,2023-05-31T22:00:00Z
13,234,Lišane Ostrovičke,29,31,60,9,3,12,0,1,1,0,0,0,9,8,17,0,0,0,0,0,0,47,43,90,2023-05-31T22:00:00Z
13,282,Nin,658,665,1323,70,23,93,8,6,14,7,1,8,105,94,199,0,0,0,2,3,5,850,792,1642,2023-05-31T22:00:00Z
13,296,Obrovac,411,254,665,42,15,57,38,6,44,4,3,7,35,50,85,0,0,0,3,3,6,533,331,864,2023-05-31T22:00:00Z
13,316,Pag,659,581,1240,95,44,139,30,14,44,8,6,14,187,158,345,0,0,0,2,3,5,981,806,1787,2023-05-31T22:00:00Z
13,317,Pakoštane,465,430,895,97,30,127,8,14,22,7,3,10,164,144,308,0,0,0,3,0,3,744,621,1365,2023-05-31T22:00:00Z
13,320,Pašman,131,129,260,51,19,70,5,3,8,19,0,19,74,49,123,0,0,0,1,0,1,281,200,481,2023-05-31T22:00:00Z
13,344,Polača,99,73,172,19,9,28,5,1,6,2,0,2,13,15,28,0,0,0,1,1,2,139,99,238,2023-05-31T22:00:00Z
13,345,Poličnik,546,398,944,60,13,73,9,9,18,6,2,8,52,26,78,0,0,0,1,0,1,674,448,1122,2023-05-31T22:00:00Z
13,349,Posedarje,164,200,364,45,19,64,6,7,13,11,1,12,44,54,98,0,0,0,2,3,5,272,284,556,2023-05-31T22:00:00Z
13,354,Preko,351,489,840,72,20,92,7,3,10,26,2,28,73,51,124,0,0,0,1,2,3,530,567,1097,2023-05-31T22:00:00Z
13,371,Ražanac,107,126,233,30,13,43,10,5,15,9,0,9,52,40,92,0,0,0,3,0,3,211,184,395,2023-05-31T22:00:00Z
13,379,Sali,207,195,402,60,23,83,6,2,8,6,2,8,90,71,161,0,0,0,0,1,1,369,294,663,2023-05-31T22:00:00Z
13,411,Stankovci,229,161,390,40,6,46,6,3,9,1,1,2,34,14,48,0,0,0,0,1,1,310,186,496,2023-05-31T22:00:00Z
13,416,Starigrad,234,215,449,54,38,92,9,3,12,2,0,2,83,101,184,0,0,0,0,2,2,382,359,741,2023-05-31T22:00:00Z
13,425,Sukošan,484,384,868,81,26,107,13,5,18,8,1,9,66,73,139,0,0,0,0,4,4,652,493,1145,2023-05-31T22:00:00Z
13,428,Sveti Filip I Jakov,262,385,647,58,30,88,9,2,11,11,5,16,68,71,139,0,0,0,4,3,7,412,496,908,2023-05-31T22:00:00Z
13,445,Škabrnje,82,67,149,33,4,37,5,2,7,2,1,3,17,8,25,0,0,0,1,2,3,140,84,224,2023-05-31T22:00:00Z
13,489,Vir,403,364,767,75,32,107,1,2,3,3,1,4,108,92,200,0,0,0,4,3,7,594,494,1088,2023-05-31T22:00:00Z
13,520,Zadar,15842,17036,32878,1262,743,2005,45,30,75,724,219,943,1516,1604,3120,4,0,4,81,63,144,19474,19695,39169,2023-05-31T22:00:00Z
13,525,Zemunik Donji,221,299,520,22,5,27,4,4,8,2,0,2,30,7,37,0,0,0,0,2,2,279,317,596,2023-05-31T22:00:00Z
13,537,Novigrad,77,113,190,30,4,34,5,5,10,6,1,7,35,14,49,0,0,0,1,3,4,154,140,294,2023-05-31T22:00:00Z
13,571,Galovac,38,59,97,15,1,16,3,5,8,3,2,5,17,10,27,0,0,0,0,0,0,76,77,153,2023-05-31T22:00:00Z
13,572,Kukljica,52,51,103,26,1,27,1,0,1,3,1,4,44,20,64,0,0,0,2,0,2,128,73,201,2023-05-31T22:00:00Z
13,573,Povljana,61,53,114,18,9,27,5,1,6,5,0,5,16,20,36,0,0,0,0,1,1,105,84,189,2023-05-31T22:00:00Z
13,574,Privlaka,147,173,320,31,21,52,1,2,3,9,0,9,38,21,59,0,0,0,3,1,4,229,218,447,2023-05-31T22:00:00Z
13,575,Tkon,120,105,225,25,10,35,1,2,3,3,0,3,59,38,97,0,0,0,0,0,0,208,155,363,2023-05-31T22:00:00Z
13,622,Kolan,276,223,499,26,6,32,5,3,8,1,0,1,45,34,79,0,0,0,0,0,0,353,266,619,2023-05-31T22:00:00Z
13,625,Vrsi,132,64,196,23,17,40,6,3,9,16,0,16,38,37,75,0,0,0,3,3,6,218,124,342,2023-05-31T22:00:00Z
14,103,Đakovo,2941,2966,5907,492,240,732,231,94,325,27,34,61,621,577,1198,0,0,0,10,9,19,4322,3920,8242,2023-05-31T22:00:00Z
14,106,Đurđenovac,510,542,1052,44,13,57,18,13,31,0,2,2,64,45,109,0,0,0,2,0,2,638,615,1253,2023-05-31T22:00:00Z
14,110,Erdut,348,227,575,37,16,53,55,15,70,2,4,6,56,39,95,0,0,0,0,1,1,498,302,800,2023-05-31T22:00:00Z
14,111,Ernestinovo,89,188,277,4,3,7,22,6,28,1,1,2,10,8,18,0,0,0,0,0,0,126,206,332,2023-05-31T22:00:00Z
14,116,Feričanci,123,147,270,27,6,33,3,0,3,1,0,1,42,18,60,0,0,0,0,0,0,196,171,367,2023-05-31T22:00:00Z
14,124,Gorjani,134,183,317,16,8,24,12,7,19,0,0,0,9,7,16,0,0,0,0,0,0,171,205,376,2023-05-31T22:00:00Z
14,13,Beli Manastir,1081,1161,2242,100,48,148,71,34,105,8,15,23,138,105,243,0,0,0,1,2,3,1399,1365,2764,2023-05-31T22:00:00Z
14,16,Belišće,1708,668,2376,79,35,114,27,7,34,4,9,13,92,95,187,0,0,0,1,1,2,1911,815,2726,2023-05-31T22:00:00Z
14,195,Kneževi Vinogradi,226,295,521,35,6,41,32,7,39,1,2,3,66,71,137,0,0,0,1,1,2,361,382,743,2023-05-31T22:00:00Z
14,2,Antunovac,206,161,367,36,13,49,13,7,20,0,1,1,14,17,31,0,0,0,0,0,0,269,199,468,2023-05-31T22:00:00Z
14,205,Koška,191,164,355,25,7,32,28,6,34,2,3,5,28,27,55,0,0,0,2,0,2,276,207,483,2023-05-31T22:00:00Z
14,21,Bilje,298,305,603,48,23,71,20,13,33,1,5,6,59,41,100,0,0,0,0,2,2,426,389,815,2023-05-31T22:00:00Z
14,23,Bizovac,244,239,483,23,11,34,24,9,33,2,3,5,29,36,65,0,0,0,1,0,1,323,298,621,2023-05-31T22:00:00Z
14,230,Levanjska Varoš,40,38,78,2,1,3,7,6,13,0,0,0,1,4,5,0,0,0,0,0,0,50,49,99,2023-05-31T22:00:00Z
14,257,Marijanci,92,73,165,6,5,11,12,0,12,0,0,0,17,19,36,0,0,0,1,1,2,128,98,226,2023-05-31T22:00:00Z
14,271,Moslavina Podravska,17,36,53,4,2,6,15,5,20,0,0,0,16,10,26,0,0,0,0,0,0,52,53,105,2023-05-31T22:00:00Z
14,278,Našice,2230,1831,4061,187,102,289,59,29,88,20,38,58,213,232,445,0,0,0,6,7,13,2715,2239,4954,2023-05-31T22:00:00Z
14,312,Osijek,24490,22736,47226,988,708,1696,127,50,177,169,189,358,758,1140,1898,0,1,1,26,42,68,26558,24866,51424,2023-05-31T22:00:00Z
14,325,Petlovac,46,44,90,7,4,11,12,0,12,0,0,0,19,8,27,0,0,0,0,0,0,84,56,140,2023-05-31T22:00:00Z
14,327,Petrijevci,264,211,475,19,4,23,5,2,7,0,1,1,10,8,18,1,0,1,0,2,2,299,228,527,2023-05-31T22:00:00Z
14,340,Podgorač,117,76,193,26,9,35,25,4,29,1,1,2,20,46,66,0,0,0,0,0,0,189,136,325,2023-05-31T22:00:00Z
14,346,Popovac,60,58,118,2,3,5,6,2,8,1,0,1,3,3,6,0,0,0,0,0,0,72,66,138,2023-05-31T22:00:00Z
14,361,Punitovci,47,92,139,21,4,25,16,4,20,0,0,0,38,7,45,0,0,0,0,0,0,122,107,229,2023-05-31T22:00:00Z
14,381,Satnica Đakovačka,124,112,236,19,7,26,10,2,12,0,0,0,45,26,71,0,0,0,0,0,0,198,147,345,2023-05-31T22:00:00Z
14,386,Semeljci,210,189,399,46,17,63,48,22,70,1,1,2,90,36,126,0,0,0,0,2,2,395,267,662,2023-05-31T22:00:00Z
14,421,Strizivojna,306,317,623,18,9,27,15,4,19,0,0,0,18,11,29,0,0,0,1,1,2,358,342,700,2023-05-31T22:00:00Z
14,461,Trnava,59,82,141,6,3,9,14,5,19,0,0,0,12,4,16,0,0,0,0,0,0,91,94,185,2023-05-31T22:00:00Z
14,471,Valpovo,858,1160,2018,91,64,155,53,16,69,14,18,32,85,121,206,0,0,0,5,6,11,1106,1385,2491,2023-05-31T22:00:00Z
14,485,Viljevo,62,72,134,10,0,10,19,4,23,0,0,0,16,13,29,0,0,0,0,1,1,107,90,197,2023-05-31T22:00:00Z
14,494,Viškovci,247,197,444,24,6,30,14,5,19,0,0,0,19,6,25,0,0,0,1,0,1,305,214,519,2023-05-31T22:00:00Z
14,517,Vuka,32,47,79,17,2,19,12,4,16,0,0,0,26,10,36,0,0,0,0,0,0,87,63,150,2023-05-31T22:00:00Z
14,576,Donja Motičina,22,14,36,10,3,13,1,1,2,1,1,2,14,8,22,0,0,0,0,0,0,48,27,75,2023-05-31T22:00:00Z
14,578,Magadenovac,84,95,179,4,3,7,22,9,31,0,1,1,19,17,36,0,0,0,0,0,0,129,125,254,2023-05-31T22:00:00Z
14,579,Vladislavci,118,85,203,3,0,3,5,6,11,0,0,0,8,3,11,0,0,0,0,0,0,134,94,228,2023-05-31T22:00:00Z
14,609,Jagodnjak,108,70,178,8,2,10,25,6,31,0,0,0,12,6,18,0,0,0,0,0,0,153,84,237,2023-05-31T22:00:00Z
14,614,Šodolovci,28,14,42,0,0,0,0,0,0,0,0,0,8,3,11,0,0,0,0,0,0,36,17,53,2023-05-31T22:00:00Z
14,64,Čeminac,70,107,177,10,0,10,4,2,6,0,0,0,23,16,39,0,0,0,0,0,0,107,125,232,2023-05-31T22:00:00Z
14,65,Čepin,778,533,1311,100,39,139,60,28,88,6,7,13,101,109,210,0,0,0,4,1,5,1049,717,1766,2023-05-31T22:00:00Z
14,66,Darda,1817,868,2685,56,35,91,35,8,43,3,4,7,65,54,119,0,0,0,0,1,1,1976,970,2946,2023-05-31T22:00:00Z
14,86,Donji Miholjac,1167,1014,2181,107,62,169,174,39,213,6,11,17,155,123,278,0,0,0,2,3,5,1611,1252,2863,2023-05-31T22:00:00Z
14,91,Draž,95,140,235,11,3,14,13,4,17,0,0,0,9,13,22,0,0,0,0,1,1,128,161,289,2023-05-31T22:00:00Z
14,94,Drenje,102,115,217,32,5,37,47,10,57,0,0,0,15,20,35,0,0,0,0,0,0,196,150,346,2023-05-31T22:00:00Z
15,113,Ervenik,50,41,91,3,0,3,4,1,5,0,0,0,5,3,8,0,0,0,0,0,0,62,45,107,2023-05-31T22:00:00Z
15,183,Kijevo,32,43,75,2,0,2,0,0,0,0,0,0,0,0,0,0,0,0,0,0,0,34,43,77,2023-05-31T22:00:00Z
15,184,Kistanje,78,83,161,31,10,41,1,2,3,1,0,1,27,18,45,0,0,0,0,0,0,138,113,251,2023-05-31T22:00:00Z
15,196,Knin,1291,1538,2829,133,72,205,62,16,78,35,6,41,151,154,305,0,0,0,1,2,3,1673,1788,3461,2023-05-31T22:00:00Z
15,298,Promina,116,85,201,1,1,2,1,2,3,0,0,0,1,1,2,0,0,0,0,0,0,119,89,208,2023-05-31T22:00:00Z
15,310,Biskupija,139,42,181,1,1,2,2,0,2,1,0,1,2,0,2,0,0,0,0,0,0,145,43,188,2023-05-31T22:00:00Z
15,357,Primošten,321,366,687,143,41,184,6,1,7,6,1,7,154,144,298,0,1,1,1,2,3,631,556,1187,2023-05-31T22:00:00Z
15,377,Ružić,34,44,78,5,1,6,5,5,10,0,0,0,5,11,16,0,0,0,0,0,0,49,61,110,2023-05-31T22:00:00Z
15,394,Skradin,162,196,358,56,18,74,19,8,27,2,3,5,80,70,150,0,0,0,0,0,0,319,295,614,2023-05-31T22:00:00Z
15,444,Šibenik,8679,9055,17734,722,411,1133,29,13,42,221,100,321,724,763,1487,0,0,0,13,19,32,10388,10361,20749,2023-05-31T22:00:00Z
15,454,Tisno,433,368,801,119,54,173,6,0,6,8,3,11,99,122,221,0,0,0,0,2,2,665,549,1214,2023-05-31T22:00:00Z
15,469,Unešić,52,54,106,10,0,10,3,1,4,1,0,1,14,5,19,0,0,0,0,0,0,80,60,140,2023-05-31T22:00:00Z
15,500,Vodice,1327,1380,2707,346,145,491,12,3,15,12,10,22,329,272,601,0,0,0,3,4,7,2029,1814,3843,2023-05-31T22:00:00Z
15,51,Civljane,57,11,68,1,1,2,0,0,0,0,0,0,3,1,4,0,0,0,0,0,0,61,13,74,2023-05-31T22:00:00Z
15,581,Pirovac,161,185,346,51,30,81,6,5,11,3,2,5,89,84,173,0,0,0,1,0,1,311,306,617,2023-05-31T22:00:00Z
15,582,Rogoznica,355,335,690,59,29,88,1,1,2,8,1,9,90,70,160,0,0,0,1,0,1,514,436,950,2023-05-31T22:00:00Z
15,617,Murter,394,371,765,85,52,137,3,1,4,19,4,23,170,143,313,0,0,0,4,2,6,675,573,1248,2023-05-31T22:00:00Z
15,621,Bilice,107,55,162,29,8,37,0,0,0,5,0,5,29,13,42,0,0,0,0,0,0,170,76,246,2023-05-31T22:00:00Z
15,626,Tribunj,103,101,204,31,20,51,1,0,1,3,0,3,83,62,145,0,0,0,1,0,1,222,183,405,2023-05-31T22:00:00Z
15,95,Drniš,937,636,1573,70,56,126,52,23,75,6,8,14,96,88,184,0,0,0,1,1,2,1162,812,1974,2023-05-31T22:00:00Z
16,1,Andrijaševci,77,107,184,26,14,40,14,5,19,1,1,2,38,34,72,0,0,0,1,4,5,157,165,322,2023-05-31T22:00:00Z
16,137,Gradište,75,91,166,16,4,20,30,5,35,0,1,1,17,18,35,0,0,0,0,1,1,138,120,258,2023-05-31T22:00:00Z
16,141,Gunja,194,123,317,28,9,37,48,16,64,1,0,1,37,14,51,0,0,0,0,3,3,308,165,473,2023-05-31T22:00:00Z
16,154,Ilok,467,605,1072,68,23,91,50,17,67,0,2,2,108,95,203,0,0,0,1,0,1,694,742,1436,2023-05-31T22:00:00Z
16,159,Ivankovo,346,428,774,72,31,103,54,12,66,2,5,7,109,77,186,0,0,0,3,3,6,586,556,1142,2023-05-31T22:00:00Z
16,166,Jarmina,35,79,114,19,13,32,33,11,44,0,1,1,24,18,42,0,0,0,0,2,2,111,124,235,2023-05-31T22:00:00Z
16,239,Lovas,63,62,125,6,0,6,13,1,14,0,0,0,4,6,10,0,0,0,0,0,0,86,69,155,2023-05-31T22:00:00Z
16,26,Bogdanovci,28,41,69,3,0,3,7,4,11,0,0,0,17,4,21,0,0,0,0,0,0,55,49,104,2023-05-31T22:00:00Z
16,29,Borovo,68,127,195,48,17,65,27,5,32,1,3,4,58,78,136,0,0,0,2,1,3,204,231,435,2023-05-31T22:00:00Z
16,294,Nuštar,249,332,581,42,20,62,22,6,28,1,1,2,51,29,80,0,0,0,0,3,3,365,391,756,2023-05-31T22:00:00Z
16,295,Nijemci,202,204,406,23,7,30,83,22,105,0,1,1,64,33,97,0,0,0,0,2,2,372,269,641,2023-05-31T22:00:00Z
16,3,Babina Greda,187,212,399,35,15,50,76,26,102,3,0,3,33,41,74,0,0,0,0,0,0,334,294,628,2023-05-31T22:00:00Z
16,32,Bošnjaci,112,102,214,24,8,32,29,5,34,3,0,3,28,38,66,0,0,0,0,0,0,196,153,349,2023-05-31T22:00:00Z
16,414,Stari Jankovci,138,120,258,23,4,27,43,9,52,1,0,1,30,17,47,0,0,0,1,1,2,236,151,387,2023-05-31T22:00:00Z
16,415,Stari Mikanovci,104,125,229,22,9,31,24,13,37,3,1,4,32,38,70,0,0,0,1,1,2,186,187,373,2023-05-31T22:00:00Z
16,44,Cerna,454,224,678,45,29,74,55,20,75,2,1,3,58,70,128,0,0,0,0,0,0,614,344,958,2023-05-31T22:00:00Z
16,456,Tompojevci,22,53,75,14,5,19,38,12,50,0,0,0,13,11,24,0,0,0,1,0,1,88,81,169,2023-05-31T22:00:00Z
16,458,Tordinci,97,113,210,6,1,7,9,0,9,0,0,0,6,15,21,0,0,0,1,0,1,119,129,248,2023-05-31T22:00:00Z
16,459,Tovarnik,171,137,308,18,3,21,47,23,70,1,1,2,8,20,28,0,0,0,0,0,0,245,184,429,2023-05-31T22:00:00Z
16,464,Trpinja,112,233,345,30,11,41,80,18,98,1,0,1,35,23,58,0,0,0,0,0,0,258,285,543,2023-05-31T22:00:00Z
16,487,Vinkovci,8024,6548,14572,324,201,525,43,22,65,55,48,103,452,663,1115,1,0,1,9,16,25,8908,7498,16406,2023-05-31T22:00:00Z
16,505,Vrbanja,304,180,484,30,11,41,63,15,78,1,1,2,39,32,71,0,0,0,0,1,1,437,240,677,2023-05-31T22:00:00Z
16,518,Vukovar,4448,4680,9128,304,166,470,107,36,143,21,28,49,428,405,833,0,0,0,2,8,10,5310,5323,10633,2023-05-31T22:00:00Z
16,534,Županja,2028,1476,3504,135,61,196,40,15,55,22,16,38,172,182,354,1,0,1,3,6,9,2401,1756,4157,2023-05-31T22:00:00Z
16,535,Otok (Vinkovci),398,369,767,36,22,58,62,11,73,6,1,7,81,66,147,0,0,0,0,2,2,583,471,1054,2023-05-31T22:00:00Z
16,583,Privlaka,91,97,188,20,7,27,25,9,34,0,2,2,18,20,38,0,0,0,0,0,0,154,135,289,2023-05-31T22:00:00Z
16,584,Vođinci,52,170,222,14,2,16,6,6,12,0,1,1,12,18,30,0,0,0,0,0,0,84,197,281,2023-05-31T22:00:00Z
16,610,Markušica,43,57,100,12,4,16,48,15,63,0,1,1,14,10,24,0,0,0,1,0,1,118,87,205,2023-05-31T22:00:00Z
16,612,Negoslavci,23,12,35,6,1,7,11,3,14,1,0,1,15,12,27,0,0,0,0,0,0,56,28,84,2023-05-31T22:00:00Z
16,628,Štitar,83,74,157,6,2,8,14,3,17,0,0,0,9,4,13,0,0,0,0,0,0,112,83,195,2023-05-31T22:00:00Z
16,92,Drenovci,110,157,267,39,4,43,114,37,151,1,1,2,42,49,91,0,0,0,1,1,2,307,249,556,2023-05-31T22:00:00Z
17,100,Dugi Rat,985,800,1785,104,46,150,0,2,2,33,5,38,289,182,471,0,0,0,2,3,5,1413,1038,2451,2023-05-31T22:00:00Z
17,134,Gradac,211,301,512,85,38,123,4,1,5,3,1,4,124,169,293,0,0,0,2,1,3,429,511,940,2023-05-31T22:00:00Z
17,148,Hrvace,313,185,498,49,21,70,8,7,15,1,4,5,54,39,93,0,0,0,1,2,3,426,258,684,2023-05-31T22:00:00Z
17,153,Hvar,1313,1172,2485,256,124,380,17,12,29,19,4,23,493,429,922,3,0,3,5,11,16,2106,1752,3858,2023-05-31T22:00:00Z
17,155,Imotski,1387,1394,2781,180,101,281,11,7,18,28,15,43,140,177,317,0,0,0,10,8,18,1756,1702,3458,2023-05-31T22:00:00Z
17,171,Jelsa,479,432,911,112,47,159,39,19,58,7,1,8,206,140,346,0,1,1,1,4,5,844,644,1488,2023-05-31T22:00:00Z
17,181,Kaštela,3887,4123,8010,563,285,848,21,13,34,132,41,173,585,619,1204,0,0,0,30,17,47,5218,5098,10316,2023-05-31T22:00:00Z
17,192,Klis,244,203,447,34,7,41,7,3,10,24,2,26,58,27,85,0,0,0,1,3,4,368,245,613,2023-05-31T22:00:00Z
17,197,Komiža,216,189,405,73,24,97,5,1,6,2,2,4,57,64,121,0,0,0,0,1,1,353,281,634,2023-05-31T22:00:00Z
17,243,Lovreć,163,76,239,16,7,23,5,0,5,1,0,1,32,13,45,0,0,0,1,2,3,218,98,316,2023-05-31T22:00:00Z
17,249,Makarska,3117,3144,6261,344,212,556,4,1,5,48,30,78,562,525,1087,1,0,1,4,2,6,4080,3914,7994,2023-05-31T22:00:00Z
17,258,Marina,245,281,526,73,41,114,5,6,11,12,0,12,74,84,158,1,0,1,3,1,4,413,413,826,2023-05-31T22:00:00Z
17,267,Milna,120,121,241,33,9,42,6,2,8,3,0,3,55,46,101,0,0,0,1,0,1,218,178,396,2023-05-31T22:00:00Z
17,27,Bol,632,570,1202,80,35,115,5,3,8,6,3,9,123,88,211,0,0,0,2,1,3,848,700,1548,2023-05-31T22:00:00Z
17,280,Nerežišća,139,58,197,21,4,25,3,1,4,2,0,2,37,21,58,0,0,0,0,1,1,202,85,287,2023-05-31T22:00:00Z
17,300,Omiš,1655,1764,3419,300,137,437,13,7,20,41,15,56,414,404,818,0,0,0,2,3,5,2425,2330,4755,2023-05-31T22:00:00Z
17,314,Otok,200,230,430,71,22,93,13,1,14,3,1,4,86,44,130,0,0,0,1,1,2,374,299,673,2023-05-31T22:00:00Z
17,337,Podbablje,283,221,504,37,4,41,5,0,5,3,2,5,18,34,52,0,0,0,0,4,4,346,265,611,2023-05-31T22:00:00Z
17,339,Podgora,399,416,815,105,37,142,1,1,2,3,0,3,155,141,296,0,0,0,1,1,2,664,596,1260,2023-05-31T22:00:00Z
17,341,Podstrana,943,834,1777,75,31,106,13,3,16,39,3,42,83,103,186,1,0,1,2,4,6,1156,978,2134,2023-05-31T22:00:00Z
17,350,Postira,331,294,625,40,21,61,9,1,10,1,3,4,25,22,47,0,0,0,0,1,1,406,342,748,2023-05-31T22:00:00Z
17,358,Pučišća,230,152,382,58,9,67,8,5,13,5,0,5,43,27,70,0,0,0,2,0,2,346,193,539,2023-05-31T22:00:00Z
17,382,Seget,625,612,1237,52,16,68,5,3,8,11,3,14,199,99,298,0,0,0,2,3,5,894,736,1630,2023-05-31T22:00:00Z
17,383,Selca,143,123,266,53,20,73,8,5,13,3,1,4,79,46,125,0,0,0,0,0,0,286,195,481,2023-05-31T22:00:00Z
17,389,Sinj,1940,2088,4028,353,161,514,60,20,80,41,38,79,342,386,728,0,0,0,5,9,14,2741,2702,5443,2023-05-31T22:00:00Z
17,406,Solin,3755,3135,6890,283,185,468,13,6,19,132,37,169,325,290,615,0,0,0,9,6,15,4517,3659,8176,2023-05-31T22:00:00Z
17,409,Split,36544,39795,76339,1828,1292,3120,66,42,108,2307,448,2755,1716,2289,4005,6,2,8,120,139,259,42587,44007,86594,2023-05-31T22:00:00Z
17,413,Stari Grad,521,486,1007,80,39,119,18,16,34,7,3,10,95,91,186,0,0,0,4,10,14,725,645,1370,2023-05-31T22:00:00Z
17,423,Sućuraj,37,31,68,27,7,34,2,1,3,1,0,1,19,20,39,0,0,0,0,1,1,86,60,146,2023-05-31T22:00:00Z
17,427,Supetar,885,961,1846,156,76,232,16,7,23,28,10,38,193,197,390,0,0,0,5,1,6,1283,1252,2535,2023-05-31T22:00:00Z
17,443,Šestanovac,161,134,295,31,9,40,13,2,15,1,2,3,16,26,42,0,0,0,4,0,4,226,173,399,2023-05-31T22:00:00Z
17,447,Šolta,249,179,428,23,21,44,10,4,14,13,0,13,36,27,63,0,0,0,1,0,1,332,231,563,2023-05-31T22:00:00Z
17,460,Trilj,559,614,1173,154,43,197,22,11,33,15,1,16,113,128,241,0,0,0,1,5,6,864,802,1666,2023-05-31T22:00:00Z
17,463,Trogir,2063,2177,4240,406,212,618,17,5,22,53,36,89,494,657,1151,0,0,0,12,16,28,3045,3103,6148,2023-05-31T22:00:00Z
17,492,Vis,392,353,745,73,25,98,12,3,15,4,2,6,94,76,170,0,0,0,1,1,2,576,460,1036,2023-05-31T22:00:00Z
17,50,Cista Provo,120,175,295,28,4,32,7,1,8,1,0,1,7,13,20,0,0,0,0,3,3,163,196,359,2023-05-31T22:00:00Z
17,511,Vrgorac,991,741,1732,54,31,85,25,15,40,5,6,11,43,75,118,0,0,0,2,5,7,1120,873,1993,2023-05-31T22:00:00Z
17,513,Vrlika,99,206,305,17,3,20,13,8,21,1,0,1,25,9,34,0,0,0,1,0,1,156,226,382,2023-05-31T22:00:00Z
17,522,Zagvozd,137,74,211,21,3,24,2,1,3,0,0,0,12,13,25,0,0,0,0,0,0,172,91,263,2023-05-31T22:00:00Z
17,528,Zmijavci,96,133,229,9,5,14,1,1,2,3,0,3,27,10,37,0,0,0,0,1,1,136,150,286,2023-05-31T22:00:00Z
17,585,Dugopolje,1713,944,2657,45,16,61,5,2,7,7,2,9,60,30,90,0,0,0,1,0,1,1831,994,2825,2023-05-31T22:00:00Z
17,586,Lećevica,15,21,36,9,0,9,1,2,3,1,0,1,3,0,3,0,0,0,0,0,0,29,23,52,2023-05-31T22:00:00Z
17,587,Lokvičići,30,30,60,2,0,2,2,0,2,0,0,0,3,0,3,0,0,0,1,0,1,38,30,68,2023-05-31T22:00:00Z
17,588,Okrug,213,272,485,63,38,101,1,0,1,11,5,16,191,100,291,0,0,0,2,3,5,481,418,899,2023-05-31T22:00:00Z
17,589,Prgomet,30,25,55,6,0,6,1,0,1,1,0,1,2,0,2,0,0,0,0,0,0,40,25,65,2023-05-31T22:00:00Z
17,590,Primorski Dolac,20,34,54,4,3,7,1,1,2,0,1,1,1,3,4,0,0,0,0,0,0,26,42,68,2023-05-31T22:00:00Z
17,591,Runovići,72,69,141,16,1,17,0,2,2,0,2,2,26,33,59,0,0,0,0,1,1,114,108,222,2023-05-31T22:00:00Z
17,592,Sutivan,140,118,258,21,11,32,3,1,4,6,2,8,42,29,71,0,0,0,0,0,0,212,161,373,2023-05-31T22:00:00Z
17,593,Tučepi,389,383,772,63,28,91,0,1,1,3,3,6,172,153,325,0,0,0,1,1,2,628,569,1197,2023-05-31T22:00:00Z
17,595,Zadvarje,45,36,81,8,1,9,1,1,2,0,0,0,8,5,13,0,0,0,0,0,0,62,43,105,2023-05-31T22:00:00Z
17,72,Dicmo,471,196,667,38,16,54,4,2,6,2,1,3,27,43,70,0,0,0,1,0,1,543,258,801,2023-05-31T22:00:00Z
17,77,Brela,330,351,681,55,35,90,0,0,0,2,1,3,102,94,196,0,0,0,2,0,2,491,481,972,2023-05-31T22:00:00Z
17,87,Muć,173,196,369,25,4,29,1,3,4,2,4,6,11,7,18,0,0,0,0,1,1,212,215,427,2023-05-31T22:00:00Z
17,88,Proložac,197,166,363,24,7,31,4,5,9,0,0,0,40,25,65,0,0,0,4,1,5,269,204,473,2023-05-31T22:00:00Z
17,9,Baška Voda,370,436,806,116,71,187,1,0,1,5,1,6,156,188,344,0,0,0,0,2,2,648,698,1346,2023-05-31T22:00:00Z
18,132,Gračišće,58,25,83,28,6,34,10,3,13,0,0,0,32,11,43,0,0,0,0,0,0,128,45,173,2023-05-31T22:00:00Z
18,138,Grožnjan,36,35,71,21,2,23,10,5,15,0,0,0,12,16,28,0,0,0,0,1,1,79,59,138,2023-05-31T22:00:00Z
18,175,Kanfanar,570,257,827,34,12,46,4,0,4,0,0,0,24,13,37,0,0,0,1,2,3,633,284,917,2023-05-31T22:00:00Z
18,217,Kršan,337,286,623,52,14,66,9,3,12,3,1,4,127,60,187,0,0,0,0,4,4,528,368,896,2023-05-31T22:00:00Z
18,222,Labin,3082,2880,5962,268,148,416,19,8,27,27,34,61,309,283,592,0,0,0,12,7,19,3717,3360,7077,2023-05-31T22:00:00Z
18,223,Lanišće,14,11,25,3,0,3,2,0,2,0,1,1,13,5,18,0,0,0,1,1,2,33,18,51,2023-05-31T22:00:00Z
18,235,Ližnjan,204,149,353,19,7,26,2,0,2,2,1,3,47,34,81,0,0,0,1,0,1,275,191,466,2023-05-31T22:00:00Z
18,246,Lupoglav,217,121,338,11,5,16,5,2,7,0,1,1,12,9,21,0,0,0,0,0,0,245,138,383,2023-05-31T22:00:00Z
18,254,Marčana,177,195,372,43,18,61,3,2,5,5,1,6,44,28,72,0,0,0,1,0,1,273,244,517,2023-05-31T22:00:00Z
18,263,Medulin,1019,971,1990,108,71,179,6,3,9,7,6,13,323,287,610,0,0,0,1,3,4,1464,1341,2805,2023-05-31T22:00:00Z
18,274,Motovun,100,119,219,39,20,59,17,6,23,1,1,2,54,51,105,0,0,0,0,4,4,211,201,412,2023-05-31T22:00:00Z
18,291,Novigrad,1135,1244,2379,144,63,207,13,4,17,2,9,11,169,162,331,0,0,0,2,3,5,1465,1485,2950,2023-05-31T22:00:00Z
18,304,Oprtalj,71,80,151,12,7,19,13,1,14,0,0,0,12,11,23,0,0,0,3,2,5,111,101,212,2023-05-31T22:00:00Z
18,321,Pazin,1942,1965,3907,312,139,451,55,26,81,16,21,37,299,218,517,0,0,0,3,14,17,2627,2383,5010,2023-05-31T22:00:00Z
18,330,Pićan,342,143,485,35,11,46,1,5,6,1,2,3,55,22,77,0,0,0,1,1,2,435,184,619,2023-05-31T22:00:00Z
18,348,Poreč,6255,6165,12420,765,430,1195,52,20,72,53,52,105,895,847,1742,2,1,3,11,9,20,8033,7524,15557,2023-05-31T22:00:00Z
18,359,Pula,13708,13020,26728,1420,770,2190,69,45,114,264,164,428,1105,1267,2372,0,0,0,43,46,89,16609,15312,31921,2023-05-31T22:00:00Z
18,368,Raša,308,179,487,28,11,39,2,0,2,4,1,5,50,30,80,0,0,0,0,0,0,392,221,613,2023-05-31T22:00:00Z
18,374,Rovinj,3839,4190,8029,492,292,784,28,18,46,29,37,66,822,689,1511,0,0,0,8,30,38,5218,5256,10474,2023-05-31T22:00:00Z
18,40,Brtonigla,197,140,337,41,12,53,20,8,28,1,1,2,52,58,110,0,0,0,0,1,1,311,220,531,2023-05-31T22:00:00Z
18,42,Buje,823,815,1638,122,52,174,28,13,41,7,7,14,72,77,149,0,0,0,1,4,5,1053,968,2021,2023-05-31T22:00:00Z
18,43,Buzet,1575,1104,2679,172,66,238,25,13,38,5,4,9,147,103,250,0,0,0,4,7,11,1928,1297,3225,2023-05-31T22:00:00Z
18,431,Sveti Lovreč,60,53,113,23,12,35,2,0,2,0,1,1,42,20,62,0,0,0,0,0,0,127,86,213,2023-05-31T22:00:00Z
18,432,Sveta Nedelja,194,153,347,32,8,40,8,2,10,5,0,5,40,23,63,0,0,0,5,1,6,284,187,471,2023-05-31T22:00:00Z
18,433,Sveti Petar U Šumi,173,125,298,23,3,26,3,4,7,0,0,0,15,9,24,0,0,0,1,0,1,215,141,356,2023-05-31T22:00:00Z
18,435,Svetvinčenat,148,114,262,25,7,32,3,0,3,1,2,3,29,28,57,0,0,0,0,0,0,206,151,357,2023-05-31T22:00:00Z
18,453,Tinjan,207,112,319,38,10,48,5,1,6,1,3,4,54,32,86,0,0,0,1,0,1,306,158,464,2023-05-31T22:00:00Z
18,468,Umag,3353,3041,6394,465,202,667,31,17,48,39,30,69,422,464,886,0,0,0,16,19,35,4326,3773,8099,2023-05-31T22:00:00Z
18,47,Cerovlje,135,55,190,35,3,38,4,3,7,1,0,1,25,14,39,0,0,0,0,1,1,200,76,276,2023-05-31T22:00:00Z
18,497,Višnjan,284,264,548,49,11,60,12,2,14,1,1,2,107,43,150,0,0,0,2,1,3,455,322,777,2023-05-31T22:00:00Z
18,498,Vižinada,60,49,109,31,12,43,15,6,21,0,0,0,37,38,75,0,0,0,0,1,1,143,106,249,2023-05-31T22:00:00Z
18,5,Bale,216,194,410,24,22,46,2,2,4,0,0,0,58,34,92,0,0,0,0,1,1,300,253,553,2023-05-31T22:00:00Z
18,502,Vodnjan,863,664,1527,56,29,85,9,2,11,8,2,10,115,76,191,0,1,1,2,0,2,1053,774,1827,2023-05-31T22:00:00Z
18,516,Vrsar,578,632,1210,90,42,132,3,3,6,4,1,5,290,235,525,0,0,0,1,0,1,966,913,1879,2023-05-31T22:00:00Z
18,531,Žminj,479,445,924,114,50,164,11,9,20,3,5,8,93,103,196,0,0,0,3,2,5,703,614,1317,2023-05-31T22:00:00Z
18,596,Karojba,142,168,310,32,6,38,0,1,1,0,0,0,47,13,60,0,1,1,0,0,0,221,189,410,2023-05-31T22:00:00Z
18,597,Kaštelir - Labinci,150,81,231,37,19,56,8,5,13,1,0,1,62,15,77,0,0,0,1,3,4,259,123,382,2023-05-31T22:00:00Z
18,6,Barban,248,116,364,48,7,55,14,5,19,0,1,1,30,25,55,0,0,0,2,3,5,342,157,499,2023-05-31T22:00:00Z
18,619,Fažana,397,379,776,46,23,69,2,2,4,3,4,7,77,73,150,0,0,0,1,2,3,526,483,1009,2023-05-31T22:00:00Z
18,629,Funtana,228,239,467,28,18,46,1,1,2,1,0,1,122,124,246,0,0,0,1,0,1,381,382,763,2023-05-31T22:00:00Z
18,631,Tar-Vabriga,262,347,609,52,22,74,1,1,2,0,1,1,113,82,195,0,0,0,0,2,2,428,455,883,2023-05-31T22:00:00Z
19,198,Konavle,1734,1394,3128,204,86,290,17,12,29,29,9,38,144,160,304,0,1,1,6,1,7,2134,1663,3797,2023-05-31T22:00:00Z
19,204,Korčula,876,1071,1947,186,86,272,18,6,24,107,13,120,224,237,461,0,0,0,4,10,14,1415,1423,2838,2023-05-31T22:00:00Z
19,219,Kula Norinska,41,40,81,9,2,11,1,0,1,1,0,1,6,7,13,0,0,0,0,0,0,58,49,107,2023-05-31T22:00:00Z
19,226,Lastovo,85,113,198,35,11,46,2,2,4,8,1,9,20,27,47,0,0,0,1,3,4,151,157,308,2023-05-31T22:00:00Z
19,25,Blato,586,424,1010,75,22,97,16,3,19,10,8,18,156,55,211,0,0,0,7,3,10,850,515,1365,2023-05-31T22:00:00Z
19,264,Metković,2283,1758,4041,184,126,310,39,24,63,42,16,58,338,271,609,0,0,0,6,12,18,2892,2207,5099,2023-05-31T22:00:00Z
19,268,Mljet,211,141,352,31,13,44,4,1,5,3,2,5,30,42,72,0,0,0,1,1,2,280,200,480,2023-05-31T22:00:00Z
19,306,Opuzen,469,436,905,31,20,51,55,24,79,4,1,5,23,28,51,0,0,0,1,1,2,583,510,1093,2023-05-31T22:00:00Z
19,308,Orebić,480,502,982,101,57,158,32,9,41,36,5,41,163,159,322,0,0,0,2,12,14,814,744,1558,2023-05-31T22:00:00Z
19,335,Ploče,1387,948,2335,96,60,156,32,10,42,29,5,34,114,135,249,0,0,0,1,3,4,1659,1161,2820,2023-05-31T22:00:00Z
19,343,Pojezerje,32,41,73,5,2,7,8,1,9,0,0,0,2,5,7,0,0,0,0,0,0,47,49,96,2023-05-31T22:00:00Z
19,399,Slivno,84,41,125,15,11,26,11,5,16,0,0,0,21,25,46,0,0,0,0,0,0,131,82,213,2023-05-31T22:00:00Z
19,402,Smokvica,37,90,127,15,3,18,18,5,23,7,0,7,36,15,51,0,0,0,3,0,3,116,113,229,2023-05-31T22:00:00Z
19,419,Ston,445,259,704,63,18,81,22,4,26,7,1,8,63,41,104,0,0,0,3,2,5,603,325,928,2023-05-31T22:00:00Z
19,474,Vela Luka,330,574,904,75,32,107,10,1,11,38,4,42,108,81,189,0,0,0,3,5,8,564,697,1261,2023-05-31T22:00:00Z
19,523,Zažablje,10,9,19,4,0,4,3,2,5,2,1,3,12,1,13,0,0,0,0,0,0,31,13,44,2023-05-31T22:00:00Z
19,598,Dubrovačko Primorje,179,155,334,27,9,36,3,5,8,8,2,10,50,31,81,0,0,0,0,1,1,267,203,470,2023-05-31T22:00:00Z
19,599,Janjina,58,63,121,10,4,14,9,4,13,3,1,4,16,15,31,0,0,0,2,1,3,98,88,186,2023-05-31T22:00:00Z
19,600,Lumbarda,75,73,148,46,18,64,12,1,13,6,0,6,58,50,108,0,0,0,4,4,8,201,146,347,2023-05-31T22:00:00Z
19,601,Trpanj,66,56,122,14,7,21,2,1,3,7,1,8,27,19,46,0,0,0,1,2,3,117,86,203,2023-05-31T22:00:00Z
19,602,Župa Dubrovačka,876,914,1790,153,71,224,4,7,11,71,1,72,96,107,203,0,0,0,3,5,8,1203,1105,2308,2023-05-31T22:00:00Z
19,98,Dubrovnik,12002,12272,24274,909,495,1404,28,16,44,532,76,608,910,857,1767,1,0,1,32,58,90,14414,13774,28188,2023-05-31T22:00:00Z
20,123,Goričan,310,171,481,6,4,10,8,2,10,0,3,3,10,8,18,0,0,0,0,0,0,334,188,522,2023-05-31T22:00:00Z
20,15,Belica,200,208,408,24,14,38,57,34,91,1,1,2,29,41,70,0,0,0,1,2,3,312,300,612,2023-05-31T22:00:00Z
20,206,Kotoriba,513,271,784,10,4,14,4,0,4,0,4,4,10,9,19,0,0,0,0,0,0,537,288,825,2023-05-31T22:00:00Z
20,250,Mala Subotica,553,1105,1658,23,18,41,31,15,46,2,5,7,17,23,40,0,0,0,0,1,1,626,1167,1793,2023-05-31T22:00:00Z
20,276,Mursko Središće,850,756,1606,48,26,74,14,7,21,2,7,9,41,53,94,0,0,0,2,2,4,957,851,1808,2023-05-31T22:00:00Z
20,279,Nedelišće,1488,842,2330,101,45,146,38,20,58,1,7,8,134,88,222,0,0,0,0,5,5,1762,1007,2769,2023-05-31T22:00:00Z
20,342,Podturen,216,123,339,21,8,29,17,11,28,1,2,3,49,36,85,0,0,0,0,1,1,304,181,485,2023-05-31T22:00:00Z
20,355,Prelog,2364,1650,4014,63,28,91,50,21,71,8,10,18,71,72,143,0,0,0,5,6,11,2561,1787,4348,2023-05-31T22:00:00Z
20,385,Selnica,147,157,304,12,10,22,7,4,11,1,2,3,14,13,27,0,0,0,1,0,1,182,186,368,2023-05-31T22:00:00Z
20,440,Sveti Juraj Na Bregu,296,202,498,27,16,43,13,6,19,2,4,6,34,45,79,0,0,0,0,0,0,372,273,645,2023-05-31T22:00:00Z
20,441,Sveti Martin Na Muri,609,354,963,16,12,28,7,5,12,0,3,3,28,36,64,0,0,0,3,0,3,663,410,1073,2023-05-31T22:00:00Z
20,452,Štrigova,285,203,488,26,12,38,35,19,54,2,1,3,60,70,130,0,0,0,0,1,1,408,306,714,2023-05-31T22:00:00Z
20,504,Vratišinec,132,95,227,7,2,9,11,2,13,1,2,3,6,10,16,0,0,0,1,1,2,158,112,270,2023-05-31T22:00:00Z
20,60,Čakovec,9878,9002,18880,261,150,411,57,22,79,42,62,104,251,326,577,0,0,0,7,16,23,10496,9578,20074,2023-05-31T22:00:00Z
20,603,Dekanovec,81,80,161,6,1,7,4,5,9,0,0,0,8,2,10,0,0,0,0,1,1,99,89,188,2023-05-31T22:00:00Z
20,604,Gornji Mihaljevec,108,72,180,13,4,17,25,9,34,2,1,3,22,16,38,0,0,0,0,2,2,170,104,274,2023-05-31T22:00:00Z
20,605,Orehovica,209,144,353,19,3,22,24,9,33,1,2,3,50,19,69,0,0,0,0,2,2,303,179,482,2023-05-31T22:00:00Z
20,606,Strahoninec,248,147,395,14,8,22,3,2,5,0,2,2,35,12,47,0,0,0,1,2,3,301,173,474,2023-05-31T22:00:00Z
20,607,Sveta Marija,62,81,143,13,3,16,5,0,5,1,1,2,21,5,26,0,0,0,0,1,1,102,91,193,2023-05-31T22:00:00Z
20,608,Šenkovec,511,265,776,19,9,28,2,1,3,0,1,1,28,19,47,0,0,0,0,2,2,560,297,857,2023-05-31T22:00:00Z
20,620,Pribislavec,332,188,520,9,8,17,2,1,3,2,1,3,19,12,31,0,0,0,0,0,0,364,210,574,2023-05-31T22:00:00Z
20,75,Domašinec,258,113,371,7,7,14,19,16,35,0,1,1,17,7,24,0,0,0,2,1,3,303,145,448,2023-05-31T22:00:00Z
20,78,Donja Dubrava,214,228,442,17,6,23,5,3,8,0,2,2,14,14,28,0,0,0,0,0,0,250,253,503,2023-05-31T22:00:00Z
20,82,Donji Kraljevec,1420,646,2066,44,16,60,51,21,72,3,3,6,88,110,198,0,0,0,2,13,15,1608,809,2417,2023-05-31T22:00:00Z
20,89,Donji Vidovec,59,81,140,4,1,5,2,0,2,1,1,2,4,15,19,0,0,0,0,0,0,70,98,168,2023-05-31T22:00:00Z
21,133,Zagreb,235231,212686,447917,8485,6176,14661,282,166,448,2203,2073,4276,5425,6934,12359,37,13,50,322,505,827,251985,228553,480538,2023-05-31T22:00:00Z
01,101,Dugo Selo,3023,2033,5056,248,128,376,30,21,51,26,26,52,264,255,519,0,0,0,7,15,22,3598,2478,6076,2023-06-30T22:00:00Z
01,114,Farkaševac,140,201,341,8,3,11,25,10,35,0,2,2,35,19,54,0,0,0,1,0,1,209,235,444,2023-06-30T22:00:00Z
01,135,Gradec,145,136,281,16,1,17,9,7,16,0,2,2,50,21,71,0,0,0,0,1,1,220,168,388,2023-06-30T22:00:00Z
01,158,Ivanić-Grad,3229,1721,4950,92,77,169,47,29,76,9,22,31,142,175,317,0,0,0,2,12,14,3521,2036,5557,2023-06-30T22:00:00Z
01,163,Jakovlje,351,323,674,39,8,47,10,8,18,2,0,2,38,31,69,0,0,0,0,0,0,440,370,810,2023-06-30T22:00:00Z
01,169,Jastrebarsko,2350,1745,4095,227,115,342,46,35,81,16,20,36,261,221,482,0,0,0,5,6,11,2905,2142,5047,2023-06-30T22:00:00Z
01,190,Klinča Selo,215,184,399,41,13,54,5,5,10,0,0,0,63,47,110,0,0,0,1,0,1,325,249,574,2023-06-30T22:00:00Z
01,193,Kloštar Ivanić,390,319,709,23,11,34,21,5,26,3,10,13,45,35,80,1,0,1,2,5,7,485,385,870,2023-06-30T22:00:00Z
01,213,Križ,712,443,1155,24,20,44,18,11,29,6,4,10,25,47,72,0,0,0,1,3,4,786,528,1314,2023-06-30T22:00:00Z
01,33,Brckovljani,348,404,752,7,4,11,0,1,1,2,2,4,28,14,42,0,0,0,0,0,0,385,425,810,2023-06-30T22:00:00Z
01,331,Pisarovina,390,314,704,26,24,50,19,19,38,2,1,3,23,32,55,0,0,0,1,3,4,461,393,854,2023-06-30T22:00:00Z
01,34,Brdovec,878,752,1630,96,45,141,16,7,23,1,5,6,92,66,158,0,0,0,4,2,6,1087,877,1964,2023-06-30T22:00:00Z
01,356,Preseka,17,9,26,6,2,8,12,10,22,0,1,1,14,5,19,0,0,0,1,0,1,50,27,77,2023-06-30T22:00:00Z
01,362,Pušča,153,176,329,26,14,40,7,2,9,2,3,5,41,27,68,0,0,0,0,0,0,229,222,451,2023-06-30T22:00:00Z
01,376,Rugvica,1446,565,2011,9,7,16,2,3,5,1,2,3,17,15,32,0,0,0,0,0,0,1475,592,2067,2023-06-30T22:00:00Z
01,380,Samobor,5533,3948,9481,538,330,868,27,22,49,42,63,105,486,457,943,2,2,4,29,36,65,6657,4858,11515,2023-06-30T22:00:00Z
01,429,Sveti Ivan Zelina,2611,2028,4639,174,69,243,62,44,106,13,20,33,262,207,469,0,0,0,6,4,10,3128,2372,5500,2023-06-30T22:00:00Z
01,436,Sveta Nedjelja,6020,3594,9614,227,102,329,6,5,11,11,10,21,349,172,521,0,0,0,7,7,14,6620,3890,10510,2023-06-30T22:00:00Z
01,508,Vrbovec,2130,2026,4156,176,74,250,93,31,124,6,17,23,290,165,455,0,0,0,10,10,20,2705,2323,5028,2023-06-30T22:00:00Z
01,533,Krašić,268,180,448,28,11,39,10,12,22,2,1,3,26,21,47,0,0,0,1,1,2,335,226,561,2023-06-30T22:00:00Z
01,536,Rakovec,39,25,64,9,2,11,6,5,11,0,1,1,26,12,38,0,0,0,0,0,0,80,45,125,2023-06-30T22:00:00Z
01,539,Marija Gorica,80,95,175,14,2,16,0,0,0,1,1,2,19,14,33,0,0,0,0,0,0,114,112,226,2023-06-30T22:00:00Z
01,540,Žumberak,19,17,36,6,1,7,5,2,7,0,0,0,2,7,9,0,0,0,0,0,0,32,27,59,2023-06-30T22:00:00Z
01,541,Velika Gorica,8684,6592,15276,673,405,1078,73,32,105,50,60,110,574,524,1098,2,0,2,15,24,39,10071,7637,17708,2023-06-30T22:00:00Z
01,542,Orle,38,24,62,17,0,17,9,3,12,0,0,0,15,2,17,0,0,0,1,0,1,80,29,109,2023-06-30T22:00:00Z
01,543,Zaprešić,3393,2935,6328,230,167,397,11,12,23,35,43,78,256,240,496,0,0,0,11,15,26,3936,3412,7348,2023-06-30T22:00:00Z
01,544,Pokupsko,45,70,115,11,6,17,12,4,16,0,0,0,7,7,14,0,0,0,0,0,0,75,87,162,2023-06-30T22:00:00Z
01,545,Kravarsko,113,84,197,43,12,55,4,4,8,0,0,0,77,18,95,0,0,0,0,0,0,237,118,355,2023-06-30T22:00:00Z
01,547,Bistra,395,509,904,50,22,72,10,5,15,2,6,8,56,45,101,1,0,1,0,1,1,514,588,1102,2023-06-30T22:00:00Z
01,548,Luka,297,105,402,14,2,16,2,2,4,1,1,2,20,19,39,0,0,0,0,0,0,334,129,463,2023-06-30T22:00:00Z
01,549,Dubravica,66,44,110,16,0,16,12,4,16,0,0,0,12,14,26,0,0,0,0,0,0,106,62,168,2023-06-30T22:00:00Z
01,550,Bedenica,223,157,380,12,4,16,4,3,7,1,1,2,16,6,22,0,0,0,0,0,0,256,171,427,2023-06-30T22:00:00Z
01,551,Stupnik,1531,597,2128,29,17,46,1,1,2,1,3,4,18,31,49,0,0,0,0,0,0,1580,649,2229,2023-06-30T22:00:00Z
01,97,Dubrava,298,318,616,52,23,75,68,40,108,4,12,16,62,82,144,0,0,0,1,6,7,485,481,966,2023-06-30T22:00:00Z
02,108,Đurmanec,147,146,293,56,17,73,1,2,3,3,2,5,111,82,193,0,0,0,2,1,3,320,250,570,2023-06-30T22:00:00Z
02,11,Bedekovčina,544,688,1232,91,39,130,7,6,13,9,7,16,133,102,235,0,0,0,5,6,11,789,848,1637,2023-06-30T22:00:00Z
02,125,Gornja Stubica,241,300,541,58,15,73,6,7,13,2,1,3,76,50,126,0,0,0,2,0,2,385,373,758,2023-06-30T22:00:00Z
02,146,Hraščina,52,47,99,10,3,13,2,3,5,0,1,1,6,9,15,0,0,0,0,0,0,70,63,133,2023-06-30T22:00:00Z
02,152,Hum Na Sutli,1547,641,2188,54,27,81,4,0,4,1,7,8,258,74,332,0,0,0,0,2,2,1864,751,2615,2023-06-30T22:00:00Z
02,187,Klanjec,293,261,554,64,27,91,10,5,15,5,1,6,66,50,116,0,0,0,1,3,4,439,347,786,2023-06-30T22:00:00Z
02,200,Konjščina,434,403,837,29,20,49,1,1,2,1,2,3,44,31,75,0,0,0,0,1,1,509,458,967,2023-06-30T22:00:00Z
02,208,Kraljevec Na Sutli,76,48,124,13,4,17,3,1,4,0,0,0,20,5,25,0,0,0,0,1,1,112,59,171,2023-06-30T22:00:00Z
02,211,Krapina,2944,2368,5312,171,103,274,8,3,11,14,17,31,191,169,360,0,0,0,1,5,6,3329,2665,5994,2023-06-30T22:00:00Z
02,212,Krapinske Toplice,620,1261,1881,69,37,106,6,4,10,0,5,5,110,82,192,0,1,1,2,1,3,807,1391,2198,2023-06-30T22:00:00Z
02,236,Lobor,163,225,388,24,8,32,3,3,6,0,1,1,35,17,52,0,0,0,1,2,3,226,256,482,2023-06-30T22:00:00Z
02,248,Mače,101,76,177,28,8,36,3,4,7,1,0,1,74,38,112,0,0,0,0,0,0,207,126,333,2023-06-30T22:00:00Z
02,256,Marija Bistrica,337,355,692,73,43,116,13,6,19,0,5,5,70,72,142,0,0,0,3,1,4,496,482,978,2023-06-30T22:00:00Z
02,265,Mihovljan,101,130,231,32,8,40,3,0,3,0,0,0,72,19,91,0,0,0,1,1,2,209,158,367,2023-06-30T22:00:00Z
02,311,Oroslavje,990,786,1776,73,40,113,8,3,11,6,8,14,90,66,156,0,0,0,4,2,6,1171,905,2076,2023-06-30T22:00:00Z
02,329,Petrovsko,105,51,156,16,4,20,1,0,1,5,0,5,64,14,78,0,0,0,1,0,1,192,69,261,2023-06-30T22:00:00Z
02,352,Pregrada,816,901,1717,111,34,145,2,5,7,5,6,11,162,101,263,0,0,0,0,1,1,1096,1048,2144,2023-06-30T22:00:00Z
02,364,Radoboj,162,103,265,16,14,30,1,0,1,0,2,2,61,25,86,0,0,0,0,0,0,240,144,384,2023-06-30T22:00:00Z
02,41,Budinščina,204,178,382,17,6,23,6,1,7,2,2,4,22,11,33,0,0,0,2,0,2,253,198,451,2023-06-30T22:00:00Z
02,422,Stubičke Toplice,251,439,690,35,18,53,0,2,2,2,5,7,53,27,80,0,0,0,2,0,2,343,491,834,2023-06-30T22:00:00Z
02,430,Sveti Križ Začretje,694,784,1478,75,23,98,11,4,15,1,5,6,139,93,232,0,0,0,4,1,5,924,910,1834,2023-06-30T22:00:00Z
02,466,Tuhelj,144,223,367,20,10,30,5,1,6,1,2,3,50,41,91,0,0,0,0,0,0,220,277,497,2023-06-30T22:00:00Z
02,481,Veliko Trgovišće,601,423,1024,54,19,73,3,3,6,2,5,7,104,50,154,0,0,0,2,1,3,766,501,1267,2023-06-30T22:00:00Z
02,519,Zabok,2808,2989,5797,143,85,228,8,3,11,14,16,30,170,223,393,0,0,0,1,1,2,3144,3317,6461,2023-06-30T22:00:00Z
02,521,Zagorska Sela,12,55,67,6,0,6,5,2,7,0,1,1,15,4,19,0,0,0,0,0,0,38,62,100,2023-06-30T22:00:00Z
02,526,Zlatar,524,657,1181,99,59,158,30,14,44,6,8,14,135,74,209,0,0,0,3,5,8,797,817,1614,2023-06-30T22:00:00Z
02,527,Zlatar Bistrica,268,402,670,28,8,36,4,1,5,5,0,5,66,46,112,0,0,0,2,1,3,373,458,831,2023-06-30T22:00:00Z
02,552,Jesenje,78,75,153,7,2,9,0,0,0,0,0,0,53,7,60,0,0,0,0,0,0,138,84,222,2023-06-30T22:00:00Z
02,553,Kumrovec,76,87,163,18,6,24,2,0,2,3,1,4,18,12,30,0,0,0,0,0,0,117,106,223,2023-06-30T22:00:00Z
02,554,Novi Golubovec,134,59,193,3,2,5,1,0,1,0,0,0,5,1,6,0,0,0,0,0,0,143,62,205,2023-06-30T22:00:00Z
02,70,Desinić,123,270,393,31,9,40,9,2,11,3,2,5,53,35,88,0,0,0,0,1,1,219,319,538,2023-06-30T22:00:00Z
02,79,Donja Stubica,830,714,1544,96,50,146,6,5,11,6,3,9,86,52,138,0,0,0,0,2,2,1024,826,1850,2023-06-30T22:00:00Z
03,102,Dvor,321,172,493,17,6,23,57,21,78,0,2,2,18,11,29,0,0,0,0,3,3,413,215,628,2023-06-30T22:00:00Z
03,121,Glina,1194,690,1884,44,21,65,57,24,81,4,9,13,69,69,138,0,0,0,0,0,0,1368,813,2181,2023-06-30T22:00:00Z
03,149,Hrvatska Dubica,78,101,179,10,2,12,12,5,17,0,0,0,11,6,17,0,0,0,0,1,1,111,115,226,2023-06-30T22:00:00Z
03,150,Hrvatska Kostajnica,306,297,603,24,10,34,9,2,11,1,3,4,16,28,44,0,0,0,1,0,1,357,340,697,2023-06-30T22:00:00Z
03,168,Jasenovac,149,120,269,12,8,20,15,5,20,0,0,0,16,14,30,0,0,0,0,2,2,192,149,341,2023-06-30T22:00:00Z
03,220,Kutina,3430,2764,6194,184,115,299,44,20,64,35,24,59,222,266,488,1,0,1,11,7,18,3927,3196,7123,2023-06-30T22:00:00Z
03,228,Lekenik,391,269,660,44,11,55,12,8,20,1,2,3,66,33,99,0,0,0,1,0,1,515,323,838,2023-06-30T22:00:00Z
03,232,Lipovljani,253,276,529,25,8,33,10,2,12,1,0,1,42,44,86,0,0,0,0,3,3,331,333,664,2023-06-30T22:00:00Z
03,259,Martinska Ves,124,58,182,11,1,12,29,12,41,3,0,3,57,18,75,0,0,0,0,0,0,224,89,313,2023-06-30T22:00:00Z
03,293,Novska,1309,1070,2379,187,107,294,35,15,50,5,17,22,256,232,488,0,0,0,2,6,8,1794,1447,3241,2023-06-30T22:00:00Z
03,328,Petrinja,1804,1693,3497,262,94,356,71,29,100,10,25,35,353,287,640,0,0,0,7,1,8,2507,2129,4636,2023-06-30T22:00:00Z
03,347,Popovača,898,1089,1987,86,43,129,49,17,66,6,10,16,104,122,226,0,0,0,5,2,7,1148,1283,2431,2023-06-30T22:00:00Z
03,391,Sisak,7126,8083,15209,387,243,630,100,48,148,42,72,114,604,577,1181,0,0,0,14,18,32,8273,9041,17314,2023-06-30T22:00:00Z
03,426,Sunja,209,182,391,26,12,38,48,31,79,1,2,3,16,22,38,0,0,0,1,1,2,301,250,551,2023-06-30T22:00:00Z
03,457,Topusko,222,352,574,15,8,23,7,2,9,6,1,7,27,20,47,0,0,0,0,0,0,277,383,660,2023-06-30T22:00:00Z
03,477,Velika Ludina,124,156,280,10,8,18,12,3,15,0,0,0,25,23,48,0,0,0,0,0,0,171,190,361,2023-06-30T22:00:00Z
03,510,Gvozd,114,111,225,11,4,15,16,5,21,0,1,1,18,14,32,0,0,0,0,0,0,159,135,294,2023-06-30T22:00:00Z
03,555,Majur,140,57,197,1,1,2,3,0,3,0,0,0,4,0,4,0,0,0,0,0,0,148,58,206,2023-06-30T22:00:00Z
03,83,Donji Kukuruzari,41,75,116,5,0,5,6,3,9,0,0,0,2,3,5,0,0,0,1,0,1,55,81,136,2023-06-30T22:00:00Z
04,120,Generalski Stol,43,68,111,20,5,25,1,0,1,0,1,1,27,13,40,0,0,0,0,0,0,91,87,178,2023-06-30T22:00:00Z
04,172,Josipdol,200,170,370,26,17,43,1,7,8,2,1,3,46,51,97,0,0,0,0,0,0,275,246,521,2023-06-30T22:00:00Z
04,179,Karlovac,10675,9014,19689,433,313,746,68,54,122,64,85,149,623,800,1423,1,0,1,12,26,38,11876,10292,22168,2023-06-30T22:00:00Z
04,216,Krnjak,165,69,234,4,2,6,5,4,9,2,0,2,10,6,16,0,0,0,0,0,0,186,81,267,2023-06-30T22:00:00Z
04,225,Lasinja,32,50,82,5,2,7,0,5,5,2,0,2,4,6,10,0,0,0,0,0,0,43,63,106,2023-06-30T22:00:00Z
04,281,Netretić,119,109,228,18,3,21,3,1,4,1,1,2,39,33,72,0,0,0,0,0,0,180,147,327,2023-06-30T22:00:00Z
04,297,Ogulin,1791,1821,3612,156,93,249,38,20,58,8,30,38,157,176,333,0,0,0,5,12,17,2155,2152,4307,2023-06-30T22:00:00Z
04,30,Bosiljevo,101,78,179,4,0,4,0,0,0,1,1,2,30,34,64,0,0,0,0,0,0,136,113,249,2023-06-30T22:00:00Z
04,315,Ozalj,764,648,1412,91,31,122,23,14,37,4,10,14,127,93,220,0,1,1,2,3,5,1011,800,1811,2023-06-30T22:00:00Z
04,333,Plaški,93,91,184,12,3,15,8,0,8,0,1,1,49,30,79,0,0,0,0,0,0,162,125,287,2023-06-30T22:00:00Z
04,365,Rakovica,182,208,390,9,8,17,2,2,4,0,0,0,76,90,166,0,0,0,1,0,1,270,308,578,2023-06-30T22:00:00Z
04,378,Saborsko,14,14,28,1,0,1,1,0,1,0,0,0,2,3,5,0,0,0,0,0,0,18,17,35,2023-06-30T22:00:00Z
04,400,Slunj,351,414,765,57,16,73,40,21,61,3,5,8,126,119,245,0,0,0,2,9,11,579,584,1163,2023-06-30T22:00:00Z
04,49,Cetingrad,57,60,117,7,1,8,2,3,5,0,0,0,7,9,16,0,0,0,0,0,0,73,73,146,2023-06-30T22:00:00Z
04,503,Vojnić,369,253,622,22,12,34,39,12,51,1,0,1,28,35,63,0,0,0,2,0,2,461,312,773,2023-06-30T22:00:00Z
04,530,Žakanje,171,93,264,25,12,37,3,1,4,0,0,0,28,27,55,0,0,0,0,1,1,227,134,361,2023-06-30T22:00:00Z
04,556,Ribnik,13,8,21,10,3,13,2,1,3,0,0,0,6,8,14,0,0,0,0,0,0,31,20,51,2023-06-30T22:00:00Z
04,557,Tounj,67,26,93,6,0,6,0,0,0,0,0,0,2,8,10,0,0,0,0,0,0,75,34,109,2023-06-30T22:00:00Z
04,623,Kamanje,154,94,248,6,1,7,0,0,0,0,0,0,8,6,14,0,0,0,0,0,0,168,101,269,2023-06-30T22:00:00Z
04,7,Barilovići,289,156,445,20,12,32,5,0,5,1,1,2,113,30,143,0,0,0,0,0,0,428,199,627,2023-06-30T22:00:00Z
04,90,Draganić,180,203,383,15,3,18,7,2,9,0,1,1,18,19,37,0,0,0,0,0,0,220,228,448,2023-06-30T22:00:00Z
04,99,Duga Resa,1288,1036,2324,133,75,208,19,20,39,5,17,22,178,208,386,0,0,0,2,8,10,1625,1364,2989,2023-06-30T22:00:00Z
05,12,Bednja,222,169,391,18,7,25,3,3,6,1,1,2,26,13,39,0,0,0,0,1,1,270,194,464,2023-06-30T22:00:00Z
05,129,Gornji Kneginec,643,971,1614,55,37,92,8,4,12,3,8,11,63,52,115,0,0,0,4,6,10,776,1078,1854,2023-06-30T22:00:00Z
05,151,Breznički Hum,188,138,326,12,4,16,6,7,13,0,1,1,21,15,36,0,0,0,1,5,6,228,170,398,2023-06-30T22:00:00Z
05,156,Ivanec,2305,1856,4161,179,72,251,14,13,27,9,18,27,316,256,572,0,0,0,7,12,19,2830,2227,5057,2023-06-30T22:00:00Z
05,165,Jalžabet,708,1005,1713,22,4,26,11,5,16,0,3,3,44,33,77,0,0,0,0,1,1,785,1051,1836,2023-06-30T22:00:00Z
05,189,Klenovnik,198,65,263,9,4,13,0,0,0,0,0,0,19,27,46,0,0,0,2,0,2,228,96,324,2023-06-30T22:00:00Z
05,19,Beretinec,79,46,125,19,2,21,3,2,5,0,1,1,14,22,36,0,0,0,1,0,1,116,73,189,2023-06-30T22:00:00Z
05,229,Lepoglava,1371,659,2030,64,34,98,5,2,7,1,5,6,99,47,146,0,0,0,1,7,8,1541,754,2295,2023-06-30T22:00:00Z
05,244,Ludbreg,1965,1668,3633,129,59,188,62,34,96,8,15,23,229,174,403,0,0,0,2,5,7,2395,1955,4350,2023-06-30T22:00:00Z
05,247,Ljubešćica,370,174,544,24,9,33,0,0,0,1,3,4,82,20,102,0,0,0,1,0,1,478,206,684,2023-06-30T22:00:00Z
05,251,Mali Bukovec,42,80,122,12,5,17,23,18,41,0,1,1,97,36,133,0,0,0,0,1,1,174,141,315,2023-06-30T22:00:00Z
05,260,Maruševec,366,290,656,61,29,90,19,22,41,3,2,5,115,41,156,0,0,0,3,2,5,567,386,953,2023-06-30T22:00:00Z
05,289,Novi Marof,1309,1178,2487,160,73,233,12,12,24,8,16,24,308,182,490,0,0,0,5,10,15,1802,1471,3273,2023-06-30T22:00:00Z
05,326,Petrijanec,475,767,1242,23,10,33,14,8,22,0,3,3,91,78,169,0,0,0,0,1,1,603,867,1470,2023-06-30T22:00:00Z
05,36,Breznica,162,68,230,18,3,21,6,5,11,1,5,6,39,14,53,0,0,0,0,0,0,226,95,321,2023-06-30T22:00:00Z
05,410,Sračinec,262,271,533,36,15,51,1,1,2,0,6,6,98,61,159,0,0,0,0,2,2,397,356,753,2023-06-30T22:00:00Z
05,437,Sveti Đurđ,67,100,167,31,4,35,26,8,34,2,1,3,33,30,63,0,0,0,0,0,0,159,143,302,2023-06-30T22:00:00Z
05,438,Sveti Ilija,195,197,392,17,8,25,1,0,1,0,3,3,35,29,64,0,0,0,0,0,0,248,237,485,2023-06-30T22:00:00Z
05,462,Trnovec Bartolovečki,1324,1332,2656,72,21,93,16,6,22,2,3,5,272,97,369,1,0,1,1,2,3,1688,1461,3149,2023-06-30T22:00:00Z
05,472,Varaždin,17010,15209,32219,551,407,958,50,27,77,80,113,193,504,676,1180,1,0,1,18,21,39,18214,16453,34667,2023-06-30T22:00:00Z
05,473,Varaždinske Toplice,617,598,1215,44,22,66,10,5,15,6,7,13,165,43,208,0,0,0,1,2,3,843,677,1520,2023-06-30T22:00:00Z
05,48,Cestica,352,392,744,57,25,82,15,15,30,1,6,7,105,79,184,0,0,0,0,2,2,530,519,1049,2023-06-30T22:00:00Z
05,484,Vidovec,293,272,565,45,15,60,53,28,81,1,5,6,108,87,195,0,0,0,0,0,0,500,407,907,2023-06-30T22:00:00Z
05,486,Vinica,345,219,564,16,8,24,4,4,8,1,5,6,30,22,52,0,0,0,0,1,1,396,259,655,2023-06-30T22:00:00Z
05,493,Visoko,99,55,154,17,1,18,8,3,11,0,0,0,23,24,47,0,0,0,3,0,3,150,83,233,2023-06-30T22:00:00Z
05,558,Veliki Bukovec,380,244,624,6,2,8,20,9,29,0,1,1,33,30,63,0,0,0,0,0,0,439,286,725,2023-06-30T22:00:00Z
05,80,Donja Voća,79,57,136,6,1,7,5,7,12,0,1,1,27,19,46,0,0,0,0,1,1,117,86,203,2023-06-30T22:00:00Z
05,85,Donji Martijanec,344,163,507,26,7,33,18,3,21,1,1,2,52,31,83,0,0,0,0,0,0,441,205,646,2023-06-30T22:00:00Z
06,104,Đelekovec,41,53,94,24,12,36,39,11,50,0,1,1,19,13,32,0,0,0,0,0,0,123,90,213,2023-06-30T22:00:00Z
06,107,Đurđevac,1406,1208,2614,85,48,133,69,39,108,13,10,23,81,76,157,0,0,0,10,7,17,1664,1388,3052,2023-06-30T22:00:00Z
06,115,Ferdinandovac,40,100,140,13,3,16,39,30,69,1,1,2,22,7,29,0,0,0,1,0,1,116,141,257,2023-06-30T22:00:00Z
06,122,Gola,177,172,349,10,2,12,82,39,121,0,3,3,8,25,33,0,0,0,0,1,1,277,242,519,2023-06-30T22:00:00Z
06,145,Hlebine,10,32,42,3,0,3,14,4,18,1,0,1,1,12,13,0,0,0,1,1,2,30,49,79,2023-06-30T22:00:00Z
06,194,Kloštar Podravski,179,151,330,15,14,29,33,31,64,0,1,1,30,54,84,0,0,0,2,0,2,259,251,510,2023-06-30T22:00:00Z
06,201,Koprivnica,7159,7584,14743,351,213,564,60,30,90,57,63,120,389,435,824,0,2,2,12,14,26,8028,8341,16369,2023-06-30T22:00:00Z
06,202,Koprivnički Bregi,76,87,163,20,4,24,22,8,30,0,0,0,28,11,39,0,0,0,0,0,0,146,110,256,2023-06-30T22:00:00Z
06,203,Koprivnički Ivanec,66,48,114,23,5,28,24,8,32,0,0,0,18,8,26,0,0,0,0,1,1,131,70,201,2023-06-30T22:00:00Z
06,214,Križevci,3705,3848,7553,188,113,301,209,168,377,13,30,43,260,228,488,0,0,0,7,14,21,4382,4401,8783,2023-06-30T22:00:00Z
06,227,Legrad,67,83,150,17,4,21,18,6,24,0,1,1,23,21,44,0,0,0,0,0,0,125,115,240,2023-06-30T22:00:00Z
06,270,Molve,228,118,346,6,9,15,50,30,80,0,1,1,29,17,46,0,0,0,2,3,5,315,178,493,2023-06-30T22:00:00Z
06,292,Novigrad Podravski,91,142,233,11,3,14,15,10,25,0,1,1,19,16,35,0,0,0,0,0,0,136,172,308,2023-06-30T22:00:00Z
06,324,Peteranec,82,49,131,22,3,25,22,10,32,1,1,2,23,13,36,0,0,0,0,1,1,150,77,227,2023-06-30T22:00:00Z
06,366,Rasinja,51,68,119,24,4,28,52,20,72,2,0,2,22,19,41,0,0,0,1,0,1,152,111,263,2023-06-30T22:00:00Z
06,405,Sokolovac,170,77,247,18,4,22,44,12,56,5,4,9,18,9,27,0,0,0,0,1,1,255,107,362,2023-06-30T22:00:00Z
06,439,Sveti Ivan Žabno,285,204,489,40,16,56,94,59,153,1,2,3,53,67,120,0,0,0,1,3,4,474,351,825,2023-06-30T22:00:00Z
06,442,Sveti Petar Orehovec,134,126,260,31,7,38,128,113,241,0,1,1,45,29,74,0,0,0,1,1,2,339,277,616,2023-06-30T22:00:00Z
06,490,Virje,329,220,549,29,11,40,34,18,52,4,1,5,30,36,66,0,0,0,1,0,1,427,286,713,2023-06-30T22:00:00Z
06,559,Kalinovac,444,112,556,7,1,8,6,3,9,0,0,0,10,9,19,0,0,0,1,0,1,468,125,593,2023-06-30T22:00:00Z
06,560,Kalnik,46,46,92,2,4,6,18,19,37,0,1,1,7,2,9,0,0,0,0,0,0,73,72,145,2023-06-30T22:00:00Z
06,561,Novo Virje,41,45,86,2,0,2,35,27,62,0,0,0,21,7,28,0,0,0,0,0,0,99,79,178,2023-06-30T22:00:00Z
06,616,Podravske Sesvete,114,129,243,3,5,8,27,13,40,2,0,2,9,7,16,0,0,0,0,0,0,155,154,309,2023-06-30T22:00:00Z
06,618,Gornja Reka,98,91,189,5,2,7,9,3,12,0,0,0,4,4,8,0,0,0,0,0,0,116,100,216,2023-06-30T22:00:00Z
06,96,Drnje,120,110,230,12,4,16,15,10,25,0,2,2,8,10,18,0,0,0,0,0,0,155,136,291,2023-06-30T22:00:00Z
07,105,Đulovac,245,95,340,8,7,15,30,16,46,2,0,2,115,36,151,0,0,0,0,0,0,400,154,554,2023-06-30T22:00:00Z
07,119,Garešnica,1114,1060,2174,59,33,92,61,36,97,16,16,32,110,128,238,0,0,0,4,5,9,1364,1278,2642,2023-06-30T22:00:00Z
07,139,Grubišno Polje,616,563,1179,33,25,58,101,33,134,4,7,11,69,66,135,0,0,0,1,3,4,824,697,1521,2023-06-30T22:00:00Z
07,144,Hercegovac,154,151,305,21,3,24,46,15,61,1,1,2,41,30,71,0,0,0,1,0,1,264,200,464,2023-06-30T22:00:00Z
07,161,Ivanska,192,113,305,2,2,4,47,11,58,3,3,6,34,19,53,0,0,0,3,1,4,281,149,430,2023-06-30T22:00:00Z
07,176,Kapela,118,94,212,6,2,8,42,25,67,0,0,0,21,11,32,0,0,0,2,0,2,189,132,321,2023-06-30T22:00:00Z
07,18,Berek,40,42,82,8,2,10,21,13,34,0,1,1,9,9,18,0,0,0,1,2,3,79,69,148,2023-06-30T22:00:00Z
07,199,Končanica,134,70,204,10,1,11,29,16,45,0,0,0,10,13,23,0,0,0,1,2,3,184,102,286,2023-06-30T22:00:00Z
07,24,Bjelovar,7225,6931,14156,314,201,515,196,92,288,52,64,116,405,524,929,2,0,2,17,18,35,8211,7830,16041,2023-06-30T22:00:00Z
07,287,Nova Rača,94,119,213,15,2,17,68,31,99,0,2,2,29,16,45,0,0,0,1,1,2,207,171,378,2023-06-30T22:00:00Z
07,375,Rovišće,225,207,432,28,14,42,44,30,74,1,3,4,28,41,69,0,0,0,0,1,1,326,296,622,2023-06-30T22:00:00Z
07,390,Sirač,342,162,504,12,4,16,10,5,15,1,1,2,14,9,23,0,0,0,0,1,1,379,182,561,2023-06-30T22:00:00Z
07,450,Štefanje,48,54,102,7,4,11,33,10,43,1,2,3,35,23,58,0,0,0,0,1,1,124,94,218,2023-06-30T22:00:00Z
07,478,Velika Pisanica,78,73,151,4,2,6,28,15,43,1,0,1,12,7,19,0,0,0,0,0,0,123,97,220,2023-06-30T22:00:00Z
07,480,Veliki Grđevac,150,122,272,12,5,17,78,28,106,1,4,5,69,31,100,0,0,0,0,1,1,310,191,501,2023-06-30T22:00:00Z
07,483,Veliko Trojstvo,74,104,178,15,3,18,8,14,22,0,0,0,41,16,57,0,0,0,1,0,1,139,137,276,2023-06-30T22:00:00Z
07,562,Severin,51,28,79,1,0,1,17,13,30,0,0,0,15,41,56,0,0,0,0,0,0,84,82,166,2023-06-30T22:00:00Z
07,564,Šandrovac,29,50,79,3,0,3,13,7,20,1,0,1,16,5,21,0,0,0,0,0,0,62,62,124,2023-06-30T22:00:00Z
07,565,Velika Trnovitica,65,74,139,9,2,11,31,20,51,1,0,1,20,11,31,0,0,0,1,0,1,127,107,234,2023-06-30T22:00:00Z
07,566,Zrinski Topolovac,17,29,46,3,0,3,28,14,42,0,0,0,4,2,6,0,0,0,0,1,1,52,46,98,2023-06-30T22:00:00Z
07,63,Čazma,1114,810,1924,55,24,79,50,36,86,7,10,17,125,67,192,0,0,0,3,2,5,1354,949,2303,2023-06-30T22:00:00Z
07,67,Daruvar,1525,1746,3271,76,59,135,45,20,65,16,15,31,152,171,323,0,0,0,3,9,12,1817,2020,3837,2023-06-30T22:00:00Z
07,71,Dežanovac,130,75,205,11,2,13,64,30,94,0,0,0,38,17,55,0,0,0,0,1,1,243,125,368,2023-06-30T22:00:00Z
08,117,Fužine,280,202,482,20,10,30,0,1,1,4,1,5,23,22,45,0,0,0,1,0,1,328,236,564,2023-06-30T22:00:00Z
08,170,Jelenje,255,250,505,100,47,147,7,2,9,34,10,44,51,41,92,0,0,0,4,2,6,451,352,803,2023-06-30T22:00:00Z
08,180,Kastav,1108,850,1958,140,77,217,3,2,5,42,11,53,114,85,199,1,1,2,4,4,8,1412,1030,2442,2023-06-30T22:00:00Z
08,186,Klana,364,187,551,23,9,32,1,2,3,5,2,7,17,7,24,0,0,0,1,2,3,411,209,620,2023-06-30T22:00:00Z
08,209,Kraljevica,379,319,698,45,27,72,2,1,3,29,4,33,21,48,69,1,0,1,0,9,9,477,408,885,2023-06-30T22:00:00Z
08,215,Krk,2169,1647,3816,286,141,427,12,8,20,27,15,42,419,326,745,0,0,0,7,6,13,2920,2143,5063,2023-06-30T22:00:00Z
08,237,Lokve,113,97,210,14,6,20,0,1,1,0,2,2,6,10,16,0,0,0,1,0,1,134,116,250,2023-06-30T22:00:00Z
08,242,Lovran,491,656,1147,115,43,158,1,1,2,14,8,22,60,74,134,0,0,0,2,5,7,683,787,1470,2023-06-30T22:00:00Z
08,252,Mali Lošinj,1875,1899,3774,251,99,350,24,9,33,28,17,45,294,288,582,0,0,0,4,9,13,2476,2321,4797,2023-06-30T22:00:00Z
08,253,Malinska-Dubašnica,686,1020,1706,157,90,247,6,9,15,10,5,15,231,258,489,0,0,0,5,7,12,1095,1389,2484,2023-06-30T22:00:00Z
08,261,Matulji,1500,1128,2628,242,139,381,12,5,17,42,19,61,170,191,361,0,0,0,5,10,15,1971,1492,3463,2023-06-30T22:00:00Z
08,273,Mošćenička Draga,158,125,283,62,23,85,0,2,2,5,3,8,51,49,100,0,0,0,0,4,4,276,206,482,2023-06-30T22:00:00Z
08,275,Mrkopalj,65,53,118,9,4,13,2,0,2,1,0,1,10,7,17,0,0,0,1,0,1,88,64,152,2023-06-30T22:00:00Z
08,290,Novi Vinodolski,668,573,1241,138,64,202,7,5,12,10,6,16,186,134,320,0,0,0,0,5,5,1009,787,1796,2023-06-30T22:00:00Z
08,301,Omišalj,769,581,1350,86,31,117,1,0,1,9,2,11,135,72,207,0,0,0,0,3,3,1000,689,1689,2023-06-30T22:00:00Z
08,302,Opatija,2465,3025,5490,240,149,389,6,4,10,62,28,90,137,168,305,0,0,0,11,12,23,2921,3386,6307,2023-06-30T22:00:00Z
08,360,Punat,388,267,655,86,30,116,4,0,4,4,1,5,154,100,254,0,0,0,0,0,0,636,398,1034,2023-06-30T22:00:00Z
08,363,Rab,1205,1468,2673,366,118,484,11,4,15,14,10,24,501,420,921,0,0,0,8,11,19,2105,2031,4136,2023-06-30T22:00:00Z
08,369,Ravna Gora,285,289,574,29,14,43,2,1,3,1,1,2,39,18,57,0,0,0,2,3,5,358,326,684,2023-06-30T22:00:00Z
08,373,Rijeka,27968,28500,56468,1424,1183,2607,22,12,34,1042,354,1396,885,1238,2123,6,5,11,79,115,194,31426,31407,62833,2023-06-30T22:00:00Z
08,38,Brod Moravice,44,37,81,24,4,28,1,0,1,0,1,1,10,4,14,0,0,0,1,0,1,80,46,126,2023-06-30T22:00:00Z
08,393,Skrad,46,56,102,5,5,10,0,1,1,2,1,3,3,8,11,0,0,0,0,0,0,56,71,127,2023-06-30T22:00:00Z
08,4,Bakar,2189,1172,3361,75,44,119,4,0,4,69,10,79,68,76,144,0,0,0,4,9,13,2409,1311,3720,2023-06-30T22:00:00Z
08,488,Vinodolska Općina,215,166,381,62,26,88,2,0,2,10,1,11,40,19,59,1,0,1,0,1,1,330,213,543,2023-06-30T22:00:00Z
08,495,Viškovo,1765,1148,2913,227,118,345,6,4,10,45,19,64,145,149,294,0,0,0,8,9,17,2196,1447,3643,2023-06-30T22:00:00Z
08,507,Vrbnik,183,134,317,37,16,53,8,2,10,1,0,1,53,46,99,0,0,0,1,1,2,283,199,482,2023-06-30T22:00:00Z
08,509,Vrbovsko,354,301,655,59,19,78,5,5,10,1,4,5,78,41,119,1,0,1,0,1,1,498,371,869,2023-06-30T22:00:00Z
08,52,Cres,635,584,1219,98,41,139,8,6,14,17,5,22,143,163,306,0,0,0,5,1,6,906,800,1706,2023-06-30T22:00:00Z
08,53,Crikvenica,1681,2099,3780,276,174,450,4,2,6,39,23,62,414,363,777,0,0,0,6,6,12,2420,2667,5087,2023-06-30T22:00:00Z
08,538,Kostrena,544,330,874,40,28,68,1,1,2,68,6,74,22,41,63,0,0,0,1,5,6,676,411,1087,2023-06-30T22:00:00Z
08,55,Čabar,332,268,600,59,19,78,8,5,13,3,0,3,140,51,191,0,0,0,0,2,2,542,345,887,2023-06-30T22:00:00Z
08,61,Čavle,687,551,1238,100,56,156,0,1,1,32,9,41,91,79,170,0,0,0,3,2,5,913,698,1611,2023-06-30T22:00:00Z
08,624,Lopar,126,63,189,49,16,65,0,0,0,0,0,0,116,156,272,0,0,0,0,2,2,291,237,528,2023-06-30T22:00:00Z
08,69,Delnice,1087,750,1837,69,52,121,5,2,7,9,13,22,91,90,181,0,0,0,2,5,7,1263,912,2175,2023-06-30T22:00:00Z
08,74,Dobrinj,192,146,338,60,28,88,1,2,3,2,0,2,125,80,205,0,0,0,2,2,4,382,258,640,2023-06-30T22:00:00Z
08,8,Baška,424,389,813,96,54,150,6,2,8,2,4,6,190,167,357,0,0,0,6,7,13,724,623,1347,2023-06-30T22:00:00Z
09,130,Gospić,2270,2360,4630,110,69,179,90,51,141,11,10,21,133,163,296,0,0,0,6,6,12,2620,2659,5279,2023-06-30T22:00:00Z
09,178,Karlobag,137,118,255,18,7,25,4,2,6,6,0,6,12,8,20,0,0,0,1,1,2,178,136,314,2023-06-30T22:00:00Z
09,240,Lovinac,204,82,286,0,0,0,1,1,2,0,0,0,3,2,5,0,0,0,0,0,0,208,85,293,2023-06-30T22:00:00Z
09,288,Novalja,1661,1239,2900,172,63,235,21,13,34,5,6,11,358,272,630,0,0,0,4,5,9,2221,1598,3819,2023-06-30T22:00:00Z
09,313,Otočac,821,924,1745,94,41,135,62,32,94,9,6,15,106,120,226,0,0,0,1,3,4,1093,1126,2219,2023-06-30T22:00:00Z
09,323,Perušić,337,279,616,25,10,35,32,20,52,0,1,1,24,23,47,0,0,0,0,0,0,418,333,751,2023-06-30T22:00:00Z
09,37,Brinje,412,250,662,21,5,26,7,6,13,0,0,0,12,15,27,0,0,0,1,0,1,453,276,729,2023-06-30T22:00:00Z
09,387,Senj,771,665,1436,114,59,173,4,5,9,19,8,27,164,196,360,0,0,0,5,3,8,1077,936,2013,2023-06-30T22:00:00Z
09,455,Plitvička Jezera,851,920,1771,48,27,75,58,16,74,4,6,10,254,196,450,0,0,0,1,2,3,1216,1167,2383,2023-06-30T22:00:00Z
09,467,Udbina,120,85,205,10,4,14,42,14,56,0,0,0,11,18,29,0,0,0,1,0,1,184,121,305,2023-06-30T22:00:00Z
09,512,Vrhovine,113,43,156,4,3,7,7,1,8,0,0,0,4,3,7,0,0,0,0,0,0,128,50,178,2023-06-30T22:00:00Z
09,84,Donji Lapac,119,93,212,7,4,11,26,6,32,0,0,0,11,9,20,0,0,0,0,0,0,163,112,275,2023-06-30T22:00:00Z
10,136,Gradina,80,94,174,15,14,29,118,46,164,2,0,2,44,27,71,0,0,0,0,1,1,259,182,441,2023-06-30T22:00:00Z
10,245,Lukač,194,119,313,13,6,19,50,15,65,1,0,1,53,34,87,0,0,0,0,0,0,311,174,485,2023-06-30T22:00:00Z
10,266,Mikleuš,73,50,123,8,1,9,14,5,19,0,0,0,14,10,24,0,0,0,0,0,0,109,66,175,2023-06-30T22:00:00Z
10,283,Nova Bukovica,41,34,75,9,6,15,36,10,46,1,0,1,26,20,46,0,0,0,1,0,1,114,70,184,2023-06-30T22:00:00Z
10,307,Orahovica,861,620,1481,73,38,111,10,3,13,12,9,21,89,120,209,0,0,0,2,0,2,1047,790,1837,2023-06-30T22:00:00Z
10,332,Pitomača,720,703,1423,88,49,137,150,87,237,3,7,10,211,190,401,0,0,0,1,3,4,1173,1039,2212,2023-06-30T22:00:00Z
10,395,Slatina,1488,1405,2893,158,82,240,134,39,173,11,22,33,176,248,424,0,0,0,3,5,8,1970,1801,3771,2023-06-30T22:00:00Z
10,407,Sopje,154,49,203,4,3,7,83,19,102,0,0,0,22,27,49,0,0,0,0,1,1,263,99,362,2023-06-30T22:00:00Z
10,424,Suhopolje,258,257,515,24,23,47,98,39,137,1,1,2,66,52,118,0,0,0,2,0,2,449,372,821,2023-06-30T22:00:00Z
10,449,Špišić Bukovica,152,148,300,27,9,36,147,52,199,1,2,3,41,60,101,0,0,0,0,0,0,368,271,639,2023-06-30T22:00:00Z
10,491,Virovitica,3789,3951,7740,184,124,308,94,27,121,30,19,49,369,356,725,1,0,1,4,7,11,4471,4484,8955,2023-06-30T22:00:00Z
10,499,Voćin,155,112,267,12,2,14,30,22,52,0,0,0,17,7,24,0,0,0,0,0,0,214,143,357,2023-06-30T22:00:00Z
10,524,Zdenci,204,112,316,9,3,12,16,6,22,0,2,2,15,13,28,0,0,0,0,2,2,244,138,382,2023-06-30T22:00:00Z
10,54,Crnac,25,29,54,16,4,20,19,8,27,0,2,2,17,11,28,0,0,0,0,0,0,77,54,131,2023-06-30T22:00:00Z
10,56,Čačinci,158,113,271,21,14,35,21,9,30,0,1,1,28,32,60,0,0,0,0,2,2,228,171,399,2023-06-30T22:00:00Z
10,57,Čađavica,105,74,179,13,10,23,62,19,81,0,0,0,52,30,82,0,0,0,0,0,0,232,133,365,2023-06-30T22:00:00Z
11,164,Jakšić,168,104,272,32,7,39,23,5,28,0,2,2,35,15,50,0,0,0,0,0,0,258,133,391,2023-06-30T22:00:00Z
11,177,Kaptol,96,101,197,15,2,17,24,3,27,0,1,1,44,9,53,0,0,0,0,1,1,179,117,296,2023-06-30T22:00:00Z
11,221,Kutjevo,539,437,976,57,23,80,71,28,99,1,2,3,79,75,154,0,0,0,3,4,7,750,569,1319,2023-06-30T22:00:00Z
11,231,Lipik,748,614,1362,47,17,64,25,16,41,2,7,9,65,61,126,0,0,0,1,0,1,888,715,1603,2023-06-30T22:00:00Z
11,318,Pakrac,638,1075,1713,85,37,122,56,17,73,13,6,19,186,96,282,0,0,0,2,3,5,980,1234,2214,2023-06-30T22:00:00Z
11,334,Pleternica,560,454,1014,87,37,124,51,11,62,3,5,8,178,118,296,0,0,0,1,6,7,880,631,1511,2023-06-30T22:00:00Z
11,35,Brestovac,109,101,210,19,3,22,13,3,16,1,1,2,29,13,42,0,0,0,0,1,1,171,122,293,2023-06-30T22:00:00Z
11,351,Požega,5056,4444,9500,310,175,485,119,40,159,40,81,121,385,350,735,0,1,1,9,28,37,5919,5119,11038,2023-06-30T22:00:00Z
11,475,Velika,420,314,734,26,20,46,22,3,25,2,3,5,48,42,90,0,0,0,2,1,3,520,383,903,2023-06-30T22:00:00Z
11,58,Čaglin,109,166,275,9,1,10,15,4,19,0,1,1,14,13,27,0,0,0,0,0,0,147,185,332,2023-06-30T22:00:00Z
12,10,Bebrina,45,56,101,15,8,23,17,4,21,2,0,2,13,10,23,0,0,0,1,0,1,93,78,171,2023-06-30T22:00:00Z
12,118,Garčin,152,162,314,32,10,42,33,18,51,0,0,0,26,33,59,0,0,0,1,1,2,244,224,468,2023-06-30T22:00:00Z
12,127,Gornji Bogićevci,49,47,96,12,2,14,10,2,12,0,0,0,18,28,46,0,0,0,0,0,0,89,79,168,2023-06-30T22:00:00Z
12,140,Gundinci,91,48,139,13,5,18,52,23,75,0,0,0,18,12,30,0,0,0,0,0,0,174,88,262,2023-06-30T22:00:00Z
12,185,Klakar,96,72,168,13,4,17,21,4,25,0,1,1,12,25,37,0,0,0,0,0,0,142,106,248,2023-06-30T22:00:00Z
12,284,Nova Gradiška,2358,2155,4513,161,99,260,25,19,44,20,18,38,277,319,596,0,0,0,1,7,8,2842,2617,5459,2023-06-30T22:00:00Z
12,285,Nova Kapela,159,170,329,30,17,47,21,7,28,2,3,5,45,49,94,0,0,0,1,2,3,258,248,506,2023-06-30T22:00:00Z
12,299,Okučani,228,150,378,36,8,44,12,2,14,0,0,0,45,18,63,0,0,0,1,2,3,322,180,502,2023-06-30T22:00:00Z
12,303,Oprisavci,318,201,519,12,1,13,37,10,47,1,0,1,10,18,28,0,0,0,0,0,0,378,230,608,2023-06-30T22:00:00Z
12,309,Oriovac,297,297,594,43,21,64,21,17,38,2,3,5,49,54,103,0,0,0,2,5,7,414,397,811,2023-06-30T22:00:00Z
12,338,Podcrkavlje,33,45,78,18,2,20,6,2,8,0,1,1,15,8,23,0,0,0,0,0,0,72,58,130,2023-06-30T22:00:00Z
12,372,Rešetari,209,243,452,40,11,51,17,7,24,3,1,4,85,49,134,0,0,0,1,0,1,355,311,666,2023-06-30T22:00:00Z
12,388,Sibinj,199,193,392,66,21,87,20,2,22,0,0,0,61,41,102,0,0,0,2,3,5,348,260,608,2023-06-30T22:00:00Z
12,39,Brodski Stupnik,74,59,133,16,9,25,9,3,12,2,0,2,72,36,108,0,0,0,1,0,1,174,107,281,2023-06-30T22:00:00Z
12,396,Slavonski Brod,14365,9538,23903,667,375,1042,43,27,70,74,85,159,887,948,1835,0,0,0,13,20,33,16049,10993,27042,2023-06-30T22:00:00Z
12,397,Slavonski Šamac,84,52,136,10,3,13,17,10,27,0,1,1,16,6,22,0,0,0,0,0,0,127,72,199,2023-06-30T22:00:00Z
12,412,Stara Gradiška,170,99,269,6,4,10,7,3,10,0,0,0,25,7,32,0,0,0,0,0,0,208,113,321,2023-06-30T22:00:00Z
12,418,Staro Petrovo Selo,220,123,343,38,13,51,40,17,57,1,1,2,105,53,158,0,0,0,0,2,2,404,209,613,2023-06-30T22:00:00Z
12,46,Cernik,132,221,353,39,12,51,9,7,16,4,1,5,57,30,87,0,0,0,0,1,1,241,272,513,2023-06-30T22:00:00Z
12,476,Velika Kopanica,191,134,325,30,9,39,33,17,50,1,1,2,29,22,51,0,0,0,0,1,1,284,184,468,2023-06-30T22:00:00Z
12,506,Vrbje,41,29,70,8,2,10,20,2,22,0,0,0,18,26,44,0,0,0,0,1,1,87,60,147,2023-06-30T22:00:00Z
12,514,Vrpolje,220,101,321,29,5,34,45,15,60,0,2,2,23,17,40,0,0,0,0,1,1,317,141,458,2023-06-30T22:00:00Z
12,567,Bukovlje,157,93,250,20,11,31,1,0,1,0,0,0,14,14,28,0,0,0,1,1,2,193,119,312,2023-06-30T22:00:00Z
12,568,Dragalić,30,47,77,7,0,7,6,2,8,0,0,0,6,5,11,0,0,0,0,1,1,49,55,104,2023-06-30T22:00:00Z
12,569,Gornja Vrba,422,164,586,19,7,26,2,2,4,0,1,1,21,25,46,0,0,0,0,2,2,464,201,665,2023-06-30T22:00:00Z
12,570,Sikirevci,39,55,94,23,7,30,37,15,52,0,0,0,12,12,24,0,0,0,1,2,3,112,91,203,2023-06-30T22:00:00Z
12,68,Davor,131,97,228,14,7,21,14,4,18,1,0,1,12,26,38,0,0,0,0,1,1,172,135,307,2023-06-30T22:00:00Z
12,81,Donji Andrijevci,171,131,302,25,13,38,22,5,27,0,1,1,27,14,41,0,0,0,1,0,1,246,164,410,2023-06-30T22:00:00Z
13,131,Gračac,266,264,530,24,15,39,74,31,105,2,1,3,51,46,97,0,0,0,1,4,5,418,361,779,2023-06-30T22:00:00Z
13,167,Jasenice,166,94,260,22,4,26,9,4,13,1,0,1,22,11,33,0,0,0,0,0,0,220,113,333,2023-06-30T22:00:00Z
13,17,Benkovac,1183,1075,2258,114,47,161,100,59,159,13,8,21,226,118,344,0,0,0,8,4,12,1644,1311,2955,2023-06-30T22:00:00Z
13,173,Kali,308,126,434,23,18,41,2,1,3,13,0,13,45,34,79,0,0,0,0,2,2,391,181,572,2023-06-30T22:00:00Z
13,20,Bibinje,218,202,420,76,37,113,3,1,4,3,4,7,96,85,181,0,0,0,0,2,2,396,331,727,2023-06-30T22:00:00Z
13,22,Biograd Na Moru,1307,1669,2976,207,111,318,29,15,44,19,8,27,304,369,673,0,0,0,3,4,7,1869,2176,4045,2023-06-30T22:00:00Z
13,234,Lišane Ostrovičke,27,32,59,9,2,11,1,1,2,0,0,0,8,9,17,0,0,0,0,0,0,45,44,89,2023-06-30T22:00:00Z
13,282,Nin,676,680,1356,71,23,94,8,6,14,4,1,5,116,100,216,0,0,0,2,1,3,877,811,1688,2023-06-30T22:00:00Z
13,296,Obrovac,414,260,674,44,16,60,40,6,46,5,3,8,40,54,94,0,0,0,2,4,6,545,343,888,2023-06-30T22:00:00Z
13,316,Pag,708,614,1322,104,48,152,30,14,44,6,6,12,207,188,395,0,0,0,2,3,5,1057,873,1930,2023-06-30T22:00:00Z
13,317,Pakoštane,479,455,934,102,35,137,9,14,23,6,3,9,192,166,358,0,0,0,4,1,5,792,674,1466,2023-06-30T22:00:00Z
13,320,Pašman,133,126,259,52,19,71,5,3,8,12,0,12,85,56,141,0,0,0,1,0,1,288,204,492,2023-06-30T22:00:00Z
13,344,Polača,100,72,172,19,11,30,5,2,7,2,0,2,15,14,29,0,0,0,1,1,2,142,100,242,2023-06-30T22:00:00Z
13,345,Poličnik,553,394,947,59,13,72,9,9,18,4,2,6,51,30,81,0,0,0,1,0,1,677,448,1125,2023-06-30T22:00:00Z
13,349,Posedarje,165,199,364,46,19,65,6,8,14,11,1,12,51,63,114,0,0,0,2,3,5,281,293,574,2023-06-30T22:00:00Z
13,354,Preko,358,484,842,69,20,89,8,3,11,25,4,29,78,61,139,0,0,0,1,2,3,539,574,1113,2023-06-30T22:00:00Z
13,371,Ražanac,110,124,234,29,14,43,10,5,15,11,0,11,53,45,98,0,0,0,3,0,3,216,188,404,2023-06-30T22:00:00Z
13,379,Sali,227,204,431,60,23,83,6,2,8,7,2,9,101,82,183,0,0,0,0,1,1,401,314,715,2023-06-30T22:00:00Z
13,411,Stankovci,223,155,378,41,6,47,6,3,9,1,1,2,35,13,48,0,0,0,0,1,1,306,179,485,2023-06-30T22:00:00Z
13,416,Starigrad,240,237,477,56,38,94,9,3,12,2,0,2,95,126,221,0,0,0,0,2,2,402,406,808,2023-06-30T22:00:00Z
13,425,Sukošan,487,388,875,82,27,109,13,5,18,6,1,7,75,81,156,0,0,0,0,6,6,663,508,1171,2023-06-30T22:00:00Z
13,428,Sveti Filip I Jakov,282,401,683,62,33,95,9,2,11,12,5,17,84,76,160,0,0,0,2,3,5,451,520,971,2023-06-30T22:00:00Z
13,445,Škabrnje,84,65,149,33,4,37,4,2,6,2,1,3,17,8,25,0,0,0,1,2,3,141,82,223,2023-06-30T22:00:00Z
13,489,Vir,430,401,831,75,33,108,1,2,3,2,1,3,135,108,243,0,0,0,4,4,8,647,549,1196,2023-06-30T22:00:00Z
13,520,Zadar,15955,17125,33080,1284,754,2038,45,30,75,688,221,909,1570,1645,3215,4,0,4,84,61,145,19630,19836,39466,2023-06-30T22:00:00Z
13,525,Zemunik Donji,212,306,518,22,5,27,4,4,8,2,0,2,28,8,36,0,0,0,0,1,1,268,324,592,2023-06-30T22:00:00Z
13,537,Novigrad,83,117,200,31,5,36,5,5,10,5,1,6,36,15,51,0,0,0,1,3,4,161,146,307,2023-06-30T22:00:00Z
13,571,Galovac,35,55,90,16,1,17,3,6,9,3,2,5,17,10,27,0,0,0,0,0,0,74,74,148,2023-06-30T22:00:00Z
13,572,Kukljica,57,56,113,26,1,27,1,0,1,4,1,5,44,28,72,0,0,0,2,0,2,134,86,220,2023-06-30T22:00:00Z
13,573,Povljana,65,58,123,18,9,27,5,1,6,5,0,5,25,22,47,0,0,0,0,1,1,118,91,209,2023-06-30T22:00:00Z
13,574,Privlaka,156,181,337,32,20,52,2,2,4,8,0,8,44,24,68,0,0,0,3,1,4,245,228,473,2023-06-30T22:00:00Z
13,575,Tkon,120,99,219,28,11,39,1,2,3,2,0,2,63,39,102,0,0,0,0,0,0,214,151,365,2023-06-30T22:00:00Z
13,622,Kolan,290,234,524,26,7,33,5,3,8,2,0,2,58,43,101,0,0,0,0,0,0,381,287,668,2023-06-30T22:00:00Z
13,625,Vrsi,134,66,200,23,18,41,6,3,9,14,0,14,41,45,86,0,0,0,4,3,7,222,135,357,2023-06-30T22:00:00Z
14,103,Đakovo,2929,2944,5873,493,239,732,230,92,322,28,34,62,609,574,1183,0,0,0,9,9,18,4298,3892,8190,2023-06-30T22:00:00Z
14,106,Đurđenovac,500,535,1035,45,13,58,18,13,31,0,3,3,60,48,108,0,0,0,2,0,2,625,612,1237,2023-06-30T22:00:00Z
14,110,Erdut,351,231,582,37,16,53,55,15,70,2,4,6,57,40,97,0,0,0,0,1,1,502,307,809,2023-06-30T22:00:00Z
14,111,Ernestinovo,82,190,272,4,3,7,22,6,28,1,1,2,10,8,18,0,0,0,1,0,1,120,208,328,2023-06-30T22:00:00Z
14,116,Feričanci,123,146,269,27,6,33,3,0,3,1,1,2,43,18,61,0,0,0,0,0,0,197,171,368,2023-06-30T22:00:00Z
14,124,Gorjani,132,186,318,16,8,24,11,7,18,0,0,0,9,7,16,0,0,0,0,0,0,168,208,376,2023-06-30T22:00:00Z
14,13,Beli Manastir,1088,1154,2242,101,50,151,72,35,107,9,15,24,133,111,244,0,0,0,1,2,3,1404,1367,2771,2023-06-30T22:00:00Z
14,16,Belišće,1723,675,2398,79,36,115,26,7,33,4,10,14,91,96,187,0,0,0,1,1,2,1924,825,2749,2023-06-30T22:00:00Z
14,195,Kneževi Vinogradi,224,291,515,35,6,41,32,7,39,1,2,3,65,70,135,0,0,0,1,2,3,358,378,736,2023-06-30T22:00:00Z
14,2,Antunovac,202,160,362,36,13,49,13,7,20,1,0,1,13,17,30,0,0,0,0,1,1,265,198,463,2023-06-30T22:00:00Z
14,205,Koška,194,161,355,24,7,31,28,6,34,2,3,5,27,26,53,0,0,0,2,0,2,277,203,480,2023-06-30T22:00:00Z
14,21,Bilje,290,274,564,50,25,75,20,13,33,1,5,6,59,44,103,0,0,0,0,2,2,420,363,783,2023-06-30T22:00:00Z
14,23,Bizovac,244,239,483,23,11,34,24,9,33,2,3,5,27,37,64,0,0,0,1,0,1,321,299,620,2023-06-30T22:00:00Z
14,230,Levanjska Varoš,40,37,77,2,1,3,7,6,13,0,0,0,1,4,5,0,0,0,0,0,0,50,48,98,2023-06-30T22:00:00Z
14,257,Marijanci,94,76,170,6,5,11,12,0,12,0,0,0,18,19,37,0,0,0,0,1,1,130,101,231,2023-06-30T22:00:00Z
14,271,Moslavina Podravska,17,37,54,4,2,6,15,5,20,0,0,0,15,10,25,0,0,0,0,0,0,51,54,105,2023-06-30T22:00:00Z
14,278,Našice,2229,1816,4045,188,104,292,61,29,90,23,36,59,212,236,448,0,0,0,6,6,12,2719,2227,4946,2023-06-30T22:00:00Z
14,312,Osijek,24473,22657,47130,1009,716,1725,125,52,177,163,190,353,758,1127,1885,0,1,1,26,43,69,26554,24786,51340,2023-06-30T22:00:00Z
14,325,Petlovac,49,43,92,7,4,11,12,0,12,0,0,0,19,8,27,0,0,0,0,0,0,87,55,142,2023-06-30T22:00:00Z
14,327,Petrijevci,268,215,483,19,5,24,5,2,7,0,1,1,7,7,14,1,0,1,0,3,3,300,233,533,2023-06-30T22:00:00Z
14,340,Podgorač,115,78,193,26,9,35,25,4,29,1,1,2,21,46,67,0,0,0,0,0,0,188,138,326,2023-06-30T22:00:00Z
14,346,Popovac,60,59,119,1,3,4,6,2,8,0,0,0,3,3,6,0,0,0,0,0,0,70,67,137,2023-06-30T22:00:00Z
14,361,Punitovci,47,92,139,21,5,26,17,3,20,0,0,0,40,7,47,0,0,0,0,0,0,125,107,232,2023-06-30T22:00:00Z
14,381,Satnica Đakovačka,127,91,218,19,7,26,9,2,11,0,0,0,43,27,70,0,0,0,0,0,0,198,127,325,2023-06-30T22:00:00Z
14,386,Semeljci,212,189,401,44,17,61,48,22,70,1,1,2,83,36,119,0,0,0,0,2,2,388,267,655,2023-06-30T22:00:00Z
14,421,Strizivojna,303,310,613,18,10,28,15,4,19,0,0,0,18,11,29,0,0,0,1,1,2,355,336,691,2023-06-30T22:00:00Z
14,461,Trnava,56,84,140,5,3,8,14,4,18,0,0,0,12,4,16,0,0,0,0,0,0,87,95,182,2023-06-30T22:00:00Z
14,471,Valpovo,850,1146,1996,92,64,156,53,16,69,15,18,33,89,124,213,0,0,0,5,6,11,1104,1374,2478,2023-06-30T22:00:00Z
14,485,Viljevo,62,72,134,10,0,10,19,4,23,0,0,0,16,12,28,0,0,0,0,1,1,107,89,196,2023-06-30T22:00:00Z
14,494,Viškovci,246,192,438,24,6,30,15,5,20,0,0,0,18,6,24,0,0,0,1,0,1,304,209,513,2023-06-30T22:00:00Z
14,517,Vuka,32,48,80,17,2,19,12,4,16,0,0,0,25,10,35,0,0,0,0,0,0,86,64,150,2023-06-30T22:00:00Z
14,576,Donja Motičina,24,11,35,11,3,14,1,1,2,0,2,2,14,8,22,0,0,0,0,0,0,50,25,75,2023-06-30T22:00:00Z
14,578,Magadenovac,83,100,183,5,3,8,21,9,30,0,1,1,18,17,35,0,0,0,0,0,0,127,130,257,2023-06-30T22:00:00Z
14,579,Vladislavci,129,84,213,3,0,3,5,6,11,0,0,0,8,3,11,0,0,0,0,0,0,145,93,238,2023-06-30T22:00:00Z
14,609,Jagodnjak,118,65,183,8,2,10,25,6,31,0,0,0,12,6,18,0,0,0,0,0,0,163,79,242,2023-06-30T22:00:00Z
14,614,Šodolovci,28,10,38,0,0,0,0,0,0,0,0,0,9,4,13,0,0,0,0,0,0,37,14,51,2023-06-30T22:00:00Z
14,64,Čeminac,69,107,176,10,0,10,4,2,6,0,0,0,25,14,39,0,0,0,0,0,0,108,123,231,2023-06-30T22:00:00Z
14,65,Čepin,787,520,1307,100,38,138,60,28,88,3,5,8,96,95,191,0,0,0,2,2,4,1048,688,1736,2023-06-30T22:00:00Z
14,66,Darda,1832,876,2708,55,35,90,34,8,42,3,4,7,61,57,118,0,0,0,0,2,2,1985,982,2967,2023-06-30T22:00:00Z
14,86,Donji Miholjac,1172,1007,2179,107,62,169,173,40,213,4,11,15,155,126,281,0,0,0,2,3,5,1613,1249,2862,2023-06-30T22:00:00Z
14,91,Draž,103,137,240,11,3,14,13,4,17,0,0,0,9,12,21,0,0,0,0,1,1,136,157,293,2023-06-30T22:00:00Z
14,94,Drenje,100,96,196,31,5,36,46,9,55,0,0,0,16,19,35,0,0,0,0,0,0,193,129,322,2023-06-30T22:00:00Z
15,113,Ervenik,45,43,88,3,0,3,3,1,4,0,0,0,4,3,7,0,0,0,0,0,0,55,47,102,2023-06-30T22:00:00Z
15,183,Kijevo,31,40,71,2,0,2,0,0,0,0,0,0,0,0,0,0,0,0,0,0,0,33,40,73,2023-06-30T22:00:00Z
15,184,Kistanje,80,68,148,31,10,41,1,2,3,2,0,2,28,18,46,0,0,0,0,0,0,142,98,240,2023-06-30T22:00:00Z
15,196,Knin,1310,1442,2752,136,71,207,61,16,77,36,5,41,154,159,313,0,0,0,1,2,3,1698,1695,3393,2023-06-30T22:00:00Z
15,298,Promina,114,85,199,1,2,3,1,2,3,0,0,0,1,1,2,0,0,0,0,0,0,117,90,207,2023-06-30T22:00:00Z
15,310,Biskupija,135,23,158,1,1,2,2,0,2,1,0,1,1,0,1,0,0,0,0,0,0,140,24,164,2023-06-30T22:00:00Z
15,357,Primošten,342,384,726,144,44,188,6,1,7,5,1,6,171,160,331,0,1,1,1,2,3,669,593,1262,2023-06-30T22:00:00Z
15,377,Ružić,33,27,60,5,2,7,5,5,10,0,0,0,5,12,17,0,0,0,0,0,0,48,46,94,2023-06-30T22:00:00Z
15,394,Skradin,161,197,358,56,20,76,19,8,27,2,3,5,84,73,157,0,0,0,0,0,0,322,301,623,2023-06-30T22:00:00Z
15,444,Šibenik,8744,9026,17770,720,418,1138,29,13,42,218,99,317,753,794,1547,0,0,0,13,20,33,10477,10370,20847,2023-06-30T22:00:00Z
15,454,Tisno,450,402,852,122,55,177,6,0,6,7,3,10,131,140,271,0,0,0,0,2,2,716,602,1318,2023-06-30T22:00:00Z
15,469,Unešić,53,50,103,10,0,10,3,1,4,1,0,1,14,6,20,0,0,0,0,0,0,81,57,138,2023-06-30T22:00:00Z
15,500,Vodice,1377,1411,2788,357,154,511,12,3,15,12,10,22,354,292,646,0,0,0,3,4,7,2115,1874,3989,2023-06-30T22:00:00Z
15,51,Civljane,58,10,68,1,1,2,0,0,0,0,0,0,3,1,4,0,0,0,0,0,0,62,12,74,2023-06-30T22:00:00Z
15,581,Pirovac,171,196,367,52,29,81,6,5,11,3,2,5,97,103,200,0,0,0,1,0,1,330,335,665,2023-06-30T22:00:00Z
15,582,Rogoznica,368,343,711,60,30,90,1,1,2,5,1,6,96,78,174,0,0,0,1,0,1,531,453,984,2023-06-30T22:00:00Z
15,617,Murter,423,390,813,87,54,141,3,1,4,20,4,24,189,166,355,0,0,0,3,2,5,725,617,1342,2023-06-30T22:00:00Z
15,621,Bilice,104,53,157,30,8,38,0,0,0,7,0,7,31,16,47,0,0,0,0,0,0,172,77,249,2023-06-30T22:00:00Z
15,626,Tribunj,107,111,218,32,19,51,1,0,1,4,0,4,90,71,161,0,0,0,1,0,1,235,201,436,2023-06-30T22:00:00Z
15,95,Drniš,940,601,1541,69,59,128,53,24,77,6,8,14,94,86,180,0,0,0,1,0,1,1163,778,1941,2023-06-30T22:00:00Z
16,1,Andrijaševci,70,112,182,25,14,39,13,6,19,1,1,2,38,34,72,0,0,0,1,4,5,148,171,319,2023-06-30T22:00:00Z
16,137,Gradište,85,100,185,17,4,21,30,5,35,0,1,1,16,13,29,0,0,0,0,1,1,148,124,272,2023-06-30T22:00:00Z
16,141,Gunja,193,123,316,27,9,36,47,16,63,1,0,1,37,14,51,0,0,0,0,3,3,305,165,470,2023-06-30T22:00:00Z
16,154,Ilok,467,598,1065,66,23,89,51,17,68,2,2,4,107,95,202,0,0,0,1,0,1,694,735,1429,2023-06-30T22:00:00Z
16,159,Ivankovo,344,421,765,74,31,105,54,12,66,2,5,7,116,77,193,0,0,0,3,3,6,593,549,1142,2023-06-30T22:00:00Z
16,166,Jarmina,33,77,110,19,13,32,31,11,42,0,1,1,24,18,42,0,0,0,0,2,2,107,122,229,2023-06-30T22:00:00Z
16,239,Lovas,62,60,122,6,0,6,13,1,14,0,0,0,4,6,10,0,0,0,0,0,0,85,67,152,2023-06-30T22:00:00Z
16,26,Bogdanovci,30,41,71,3,0,3,7,4,11,0,0,0,17,4,21,0,0,0,0,0,0,57,49,106,2023-06-30T22:00:00Z
16,29,Borovo,67,123,190,49,17,66,27,5,32,1,3,4,59,77,136,0,0,0,1,1,2,204,226,430,2023-06-30T22:00:00Z
16,294,Nuštar,262,331,593,43,20,63,22,6,28,1,1,2,51,30,81,0,0,0,0,3,3,379,391,770,2023-06-30T22:00:00Z
16,295,Nijemci,197,196,393,23,7,30,84,22,106,0,1,1,65,32,97,0,0,0,0,2,2,369,260,629,2023-06-30T22:00:00Z
16,3,Babina Greda,178,216,394,35,16,51,76,28,104,3,0,3,34,41,75,0,0,0,0,0,0,326,301,627,2023-06-30T22:00:00Z
16,32,Bošnjaci,111,107,218,24,7,31,31,5,36,3,0,3,25,42,67,0,0,0,0,0,0,194,161,355,2023-06-30T22:00:00Z
16,414,Stari Jankovci,144,113,257,23,4,27,44,9,53,1,0,1,29,17,46,0,0,0,1,1,2,242,144,386,2023-06-30T22:00:00Z
16,415,Stari Mikanovci,103,122,225,22,9,31,24,13,37,4,1,5,33,40,73,0,0,0,1,1,2,187,186,373,2023-06-30T22:00:00Z
16,44,Cerna,450,225,675,47,30,77,55,20,75,2,1,3,58,69,127,0,0,0,0,0,0,612,345,957,2023-06-30T22:00:00Z
16,456,Tompojevci,24,49,73,14,5,19,38,11,49,0,0,0,13,12,25,0,0,0,1,0,1,90,77,167,2023-06-30T22:00:00Z
16,458,Tordinci,98,109,207,5,1,6,9,0,9,0,0,0,7,13,20,0,0,0,0,0,0,119,123,242,2023-06-30T22:00:00Z
16,459,Tovarnik,168,132,300,18,3,21,47,23,70,1,1,2,9,22,31,0,0,0,0,0,0,243,181,424,2023-06-30T22:00:00Z
16,464,Trpinja,106,228,334,31,11,42,80,18,98,1,0,1,36,26,62,0,0,0,0,0,0,254,283,537,2023-06-30T22:00:00Z
16,487,Vinkovci,8011,6475,14486,325,202,527,44,23,67,56,49,105,455,673,1128,1,0,1,9,15,24,8901,7437,16338,2023-06-30T22:00:00Z
16,505,Vrbanja,307,177,484,31,11,42,63,15,78,1,1,2,39,32,71,0,0,0,0,1,1,441,237,678,2023-06-30T22:00:00Z
16,518,Vukovar,4480,4638,9118,306,165,471,107,39,146,22,27,49,425,412,837,0,0,0,2,9,11,5342,5290,10632,2023-06-30T22:00:00Z
16,534,Županja,1938,1452,3390,138,60,198,41,15,56,21,17,38,170,187,357,1,0,1,3,8,11,2312,1739,4051,2023-06-30T22:00:00Z
16,535,Otok (Vinkovci),402,370,772,36,22,58,62,11,73,6,1,7,80,63,143,0,0,0,0,2,2,586,469,1055,2023-06-30T22:00:00Z
16,583,Privlaka,85,96,181,20,8,28,25,9,34,0,2,2,18,19,37,0,0,0,1,0,1,149,134,283,2023-06-30T22:00:00Z
16,584,Vođinci,52,171,223,14,2,16,6,6,12,0,1,1,13,18,31,0,0,0,0,0,0,85,198,283,2023-06-30T22:00:00Z
16,610,Markušica,40,57,97,12,4,16,48,15,63,0,1,1,14,10,24,0,0,0,1,0,1,115,87,202,2023-06-30T22:00:00Z
16,612,Negoslavci,19,12,31,6,1,7,11,3,14,1,0,1,15,13,28,0,0,0,0,0,0,52,29,81,2023-06-30T22:00:00Z
16,628,Štitar,81,64,145,6,2,8,14,3,17,0,0,0,9,4,13,0,0,0,0,0,0,110,73,183,2023-06-30T22:00:00Z
16,92,Drenovci,108,161,269,39,4,43,113,37,150,2,1,3,43,50,93,0,0,0,1,1,2,306,254,560,2023-06-30T22:00:00Z
17,100,Dugi Rat,996,793,1789,107,48,155,0,2,2,30,5,35,297,194,491,0,0,0,2,2,4,1432,1044,2476,2023-06-30T22:00:00Z
17,134,Gradac,221,323,544,88,41,129,3,1,4,3,1,4,155,227,382,0,0,0,2,1,3,472,594,1066,2023-06-30T22:00:00Z
17,148,Hrvace,318,183,501,49,21,70,8,7,15,1,4,5,54,41,95,0,0,0,1,2,3,431,258,689,2023-06-30T22:00:00Z
17,153,Hvar,1365,1233,2598,274,127,401,17,12,29,20,4,24,540,472,1012,2,0,2,5,12,17,2223,1860,4083,2023-06-30T22:00:00Z
17,155,Imotski,1386,1363,2749,184,101,285,11,7,18,28,15,43,143,182,325,0,0,0,9,9,18,1761,1677,3438,2023-06-30T22:00:00Z
17,171,Jelsa,490,454,944,117,49,166,36,18,54,10,1,11,232,176,408,0,1,1,2,4,6,887,703,1590,2023-06-30T22:00:00Z
17,181,Kaštela,3911,4121,8032,570,295,865,24,13,37,123,42,165,600,621,1221,0,0,0,29,18,47,5257,5110,10367,2023-06-30T22:00:00Z
17,192,Klis,247,202,449,34,7,41,7,3,10,24,2,26,59,28,87,0,0,0,1,3,4,372,245,617,2023-06-30T22:00:00Z
17,197,Komiža,226,204,430,73,25,98,5,1,6,3,2,5,66,72,138,0,0,0,0,1,1,373,305,678,2023-06-30T22:00:00Z
17,243,Lovreć,158,80,238,16,9,25,5,0,5,1,0,1,35,14,49,0,0,0,1,2,3,216,105,321,2023-06-30T22:00:00Z
17,249,Makarska,3185,3271,6456,354,224,578,3,1,4,44,30,74,625,620,1245,1,0,1,4,2,6,4216,4148,8364,2023-06-30T22:00:00Z
17,258,Marina,236,281,517,73,42,115,5,5,10,13,0,13,82,100,182,1,0,1,3,1,4,413,429,842,2023-06-30T22:00:00Z
17,267,Milna,126,124,250,32,11,43,6,2,8,4,0,4,63,54,117,0,0,0,1,0,1,232,191,423,2023-06-30T22:00:00Z
17,27,Bol,681,623,1304,83,38,121,5,3,8,6,2,8,151,108,259,0,0,0,2,1,3,928,775,1703,2023-06-30T22:00:00Z
17,280,Nerežišća,137,58,195,21,4,25,3,1,4,0,0,0,38,22,60,0,0,0,0,1,1,199,86,285,2023-06-30T22:00:00Z
17,300,Omiš,1686,1759,3445,313,142,455,13,6,19,36,15,51,459,456,915,0,0,0,2,4,6,2509,2382,4891,2023-06-30T22:00:00Z
17,314,Otok,201,190,391,76,23,99,11,1,12,3,1,4,90,43,133,0,0,0,1,1,2,382,259,641,2023-06-30T22:00:00Z
17,337,Podbablje,279,213,492,37,4,41,4,0,4,2,2,4,18,36,54,0,0,0,0,4,4,340,259,599,2023-06-30T22:00:00Z
17,339,Podgora,404,444,848,110,40,150,1,1,2,2,0,2,199,171,370,0,0,0,1,1,2,717,657,1374,2023-06-30T22:00:00Z
17,341,Podstrana,963,837,1800,77,31,108,13,3,16,37,3,40,92,108,200,0,0,0,2,4,6,1184,986,2170,2023-06-30T22:00:00Z
17,350,Postira,336,309,645,40,22,62,8,1,9,0,3,3,29,24,53,0,0,0,0,1,1,413,360,773,2023-06-30T22:00:00Z
17,358,Pučišća,234,145,379,59,10,69,9,4,13,5,0,5,47,35,82,0,0,0,2,0,2,356,194,550,2023-06-30T22:00:00Z
17,382,Seget,646,629,1275,53,15,68,5,3,8,13,3,16,202,99,301,0,0,0,2,3,5,921,752,1673,2023-06-30T22:00:00Z
17,383,Selca,149,127,276,54,21,75,8,5,13,4,1,5,82,54,136,0,0,0,0,0,0,297,208,505,2023-06-30T22:00:00Z
17,389,Sinj,1927,2020,3947,358,163,521,60,20,80,42,38,80,348,392,740,0,0,0,5,10,15,2740,2643,5383,2023-06-30T22:00:00Z
17,406,Solin,3787,3122,6909,286,186,472,13,6,19,136,36,172,330,297,627,0,0,0,9,8,17,4561,3655,8216,2023-06-30T22:00:00Z
17,409,Split,36638,39698,76336,1861,1307,3168,63,42,105,2296,446,2742,1735,2303,4038,6,2,8,123,136,259,42722,43934,86656,2023-06-30T22:00:00Z
17,413,Stari Grad,537,493,1030,85,41,126,18,16,34,7,3,10,105,95,200,0,0,0,4,10,14,756,658,1414,2023-06-30T22:00:00Z
17,423,Sućuraj,41,40,81,27,8,35,2,1,3,1,0,1,19,22,41,0,0,0,0,1,1,90,72,162,2023-06-30T22:00:00Z
17,427,Supetar,907,967,1874,163,79,242,14,7,21,23,12,35,220,213,433,0,0,0,6,1,7,1333,1279,2612,2023-06-30T22:00:00Z
17,443,Šestanovac,165,137,302,32,10,42,12,2,14,1,2,3,16,26,42,0,0,0,4,0,4,230,177,407,2023-06-30T22:00:00Z
17,447,Šolta,253,198,451,25,23,48,11,4,15,10,0,10,37,32,69,0,0,0,1,0,1,337,257,594,2023-06-30T22:00:00Z
17,460,Trilj,552,605,1157,156,46,202,24,11,35,11,1,12,117,130,247,0,0,0,1,4,5,861,797,1658,2023-06-30T22:00:00Z
17,463,Trogir,2076,2186,4262,418,218,636,16,5,21,61,37,98,533,736,1269,0,0,0,11,17,28,3115,3199,6314,2023-06-30T22:00:00Z
17,492,Vis,409,367,776,81,29,110,13,3,16,4,2,6,100,81,181,0,0,0,1,1,2,608,483,1091,2023-06-30T22:00:00Z
17,50,Cista Provo,124,171,295,28,4,32,7,1,8,1,0,1,8,13,21,0,0,0,0,3,3,168,192,360,2023-06-30T22:00:00Z
17,511,Vrgorac,989,739,1728,56,31,87,26,15,41,5,6,11,47,75,122,0,0,0,2,4,6,1125,870,1995,2023-06-30T22:00:00Z
17,513,Vrlika,100,207,307,17,3,20,13,8,21,1,0,1,23,10,33,0,0,0,1,0,1,155,228,383,2023-06-30T22:00:00Z
17,522,Zagvozd,138,75,213,21,3,24,2,1,3,0,0,0,12,13,25,0,0,0,0,0,0,173,92,265,2023-06-30T22:00:00Z
17,528,Zmijavci,96,128,224,9,4,13,1,1,2,3,0,3,28,10,38,0,0,0,0,1,1,137,144,281,2023-06-30T22:00:00Z
17,585,Dugopolje,1738,953,2691,47,16,63,5,2,7,6,2,8,56,29,85,0,0,0,1,0,1,1853,1002,2855,2023-06-30T22:00:00Z
17,586,Lećevica,15,19,34,9,0,9,1,2,3,1,0,1,3,0,3,0,0,0,0,0,0,29,21,50,2023-06-30T22:00:00Z
17,587,Lokvičići,30,29,59,2,0,2,2,0,2,0,0,0,1,0,1,0,0,0,1,0,1,36,29,65,2023-06-30T22:00:00Z
17,588,Okrug,225,289,514,66,40,106,1,0,1,11,4,15,222,123,345,0,0,0,2,3,5,527,459,986,2023-06-30T22:00:00Z
17,589,Prgomet,29,26,55,6,0,6,1,0,1,0,0,0,2,0,2,0,0,0,0,0,0,38,26,64,2023-06-30T22:00:00Z
17,590,Primorski Dolac,22,30,52,4,3,7,1,1,2,1,1,2,1,2,3,0,0,0,0,0,0,29,37,66,2023-06-30T22:00:00Z
17,591,Runovići,70,67,137,16,1,17,1,2,3,0,2,2,26,33,59,0,0,0,0,1,1,113,106,219,2023-06-30T22:00:00Z
17,592,Sutivan,141,125,266,23,11,34,3,1,4,10,2,12,46,31,77,0,0,0,0,0,0,223,170,393,2023-06-30T22:00:00Z
17,593,Tučepi,414,408,822,67,30,97,0,1,1,3,3,6,194,185,379,0,0,0,1,1,2,679,628,1307,2023-06-30T22:00:00Z
17,595,Zadvarje,48,36,84,8,1,9,1,1,2,0,0,0,8,6,14,0,0,0,0,0,0,65,44,109,2023-06-30T22:00:00Z
17,72,Dicmo,495,199,694,39,16,55,4,2,6,2,1,3,28,46,74,0,0,0,2,0,2,570,264,834,2023-06-30T22:00:00Z
17,77,Brela,367,363,730,60,36,96,0,0,0,2,1,3,111,126,237,0,0,0,1,0,1,541,526,1067,2023-06-30T22:00:00Z
17,87,Muć,168,187,355,25,4,29,2,4,6,2,4,6,14,7,21,0,0,0,0,1,1,211,207,418,2023-06-30T22:00:00Z
17,88,Proložac,194,167,361,24,7,31,3,5,8,0,0,0,43,24,67,0,0,0,5,1,6,269,204,473,2023-06-30T22:00:00Z
17,9,Baška Voda,411,483,894,119,74,193,1,0,1,5,2,7,191,233,424,0,0,0,0,1,1,727,793,1520,2023-06-30T22:00:00Z
18,132,Gračišće,58,24,82,29,6,35,10,3,13,0,0,0,34,11,45,0,0,0,0,0,0,131,44,175,2023-06-30T22:00:00Z
18,138,Grožnjan,37,35,72,21,2,23,10,5,15,0,0,0,11,17,28,0,0,0,0,1,1,79,60,139,2023-06-30T22:00:00Z
18,175,Kanfanar,577,254,831,33,13,46,4,1,5,0,0,0,25,16,41,0,0,0,2,2,4,641,286,927,2023-06-30T22:00:00Z
18,217,Kršan,333,284,617,49,14,63,9,3,12,4,1,5,132,60,192,0,0,0,0,4,4,527,366,893,2023-06-30T22:00:00Z
18,222,Labin,3103,2909,6012,269,149,418,18,8,26,26,35,61,318,281,599,0,0,0,9,7,16,3743,3389,7132,2023-06-30T22:00:00Z
18,223,Lanišće,14,12,26,3,0,3,2,0,2,0,1,1,16,6,22,0,0,0,1,1,2,36,20,56,2023-06-30T22:00:00Z
18,235,Ližnjan,219,156,375,19,9,28,2,0,2,4,1,5,46,35,81,0,0,0,1,0,1,291,201,492,2023-06-30T22:00:00Z
18,246,Lupoglav,218,119,337,11,5,16,5,2,7,0,1,1,12,9,21,0,0,0,0,0,0,246,136,382,2023-06-30T22:00:00Z
18,254,Marčana,182,199,381,44,18,62,3,2,5,4,1,5,43,28,71,0,0,0,0,0,0,276,248,524,2023-06-30T22:00:00Z
18,263,Medulin,1036,1016,2052,108,71,179,6,3,9,7,6,13,382,340,722,0,0,0,1,2,3,1540,1438,2978,2023-06-30T22:00:00Z
18,274,Motovun,106,118,224,40,20,60,16,6,22,1,1,2,54,53,107,0,0,0,0,4,4,217,202,419,2023-06-30T22:00:00Z
18,291,Novigrad,1161,1262,2423,147,66,213,14,4,18,2,8,10,184,174,358,0,0,0,2,3,5,1510,1517,3027,2023-06-30T22:00:00Z
18,304,Oprtalj,68,76,144,12,7,19,13,1,14,0,0,0,13,12,25,0,0,0,2,1,3,108,97,205,2023-06-30T22:00:00Z
18,321,Pazin,1950,1965,3915,314,140,454,57,26,83,15,21,36,293,221,514,0,0,0,4,15,19,2633,2388,5021,2023-06-30T22:00:00Z
18,330,Pićan,339,143,482,35,10,45,1,5,6,0,2,2,56,23,79,0,0,0,1,1,2,432,184,616,2023-06-30T22:00:00Z
18,348,Poreč,6330,6273,12603,771,429,1200,52,19,71,53,52,105,951,911,1862,2,1,3,10,8,18,8169,7693,15862,2023-06-30T22:00:00Z
18,359,Pula,13806,13025,26831,1434,780,2214,69,45,114,256,166,422,1138,1280,2418,0,0,0,40,44,84,16743,15340,32083,2023-06-30T22:00:00Z
18,368,Raša,315,183,498,28,12,40,2,0,2,4,1,5,50,29,79,0,0,0,1,0,1,400,225,625,2023-06-30T22:00:00Z
18,374,Rovinj,3970,4258,8228,496,297,793,28,18,46,30,37,67,863,755,1618,0,0,0,9,26,35,5396,5391,10787,2023-06-30T22:00:00Z
18,40,Brtonigla,198,143,341,41,12,53,20,8,28,2,1,3,54,65,119,0,0,0,0,1,1,315,230,545,2023-06-30T22:00:00Z
18,42,Buje,824,822,1646,123,53,176,28,13,41,7,8,15,74,79,153,0,0,0,1,5,6,1057,980,2037,2023-06-30T22:00:00Z
18,43,Buzet,1578,1089,2667,171,67,238,26,14,40,5,4,9,150,103,253,0,0,0,4,8,12,1934,1285,3219,2023-06-30T22:00:00Z
18,431,Sveti Lovreč,58,57,115,23,13,36,2,0,2,0,1,1,41,19,60,0,0,0,0,0,0,124,90,214,2023-06-30T22:00:00Z
18,432,Sveta Nedelja,193,151,344,32,10,42,8,2,10,7,0,7,44,23,67,0,0,0,3,1,4,287,187,474,2023-06-30T22:00:00Z
18,433,Sveti Petar U Šumi,173,128,301,23,3,26,3,4,7,0,0,0,15,7,22,0,0,0,1,0,1,215,142,357,2023-06-30T22:00:00Z
18,435,Svetvinčenat,150,112,262,26,7,33,3,0,3,0,2,2,27,28,55,0,0,0,0,0,0,206,149,355,2023-06-30T22:00:00Z
18,453,Tinjan,208,114,322,39,10,49,5,1,6,1,3,4,54,32,86,0,0,0,1,0,1,308,160,468,2023-06-30T22:00:00Z
18,468,Umag,3420,3119,6539,469,209,678,32,17,49,36,30,66,446,483,929,0,0,0,14,18,32,4417,3876,8293,2023-06-30T22:00:00Z
18,47,Cerovlje,136,61,197,35,4,39,4,3,7,2,0,2,24,14,38,0,0,0,0,1,1,201,83,284,2023-06-30T22:00:00Z
18,497,Višnjan,280,260,540,49,11,60,12,2,14,1,1,2,113,42,155,0,0,0,2,1,3,457,317,774,2023-06-30T22:00:00Z
18,498,Vižinada,59,52,111,32,12,44,15,5,20,0,0,0,38,38,76,0,0,0,0,1,1,144,108,252,2023-06-30T22:00:00Z
18,5,Bale,220,196,416,24,22,46,2,2,4,0,0,0,63,39,102,0,0,0,0,1,1,309,260,569,2023-06-30T22:00:00Z
18,502,Vodnjan,871,672,1543,58,30,88,9,3,12,8,2,10,126,76,202,0,1,1,2,0,2,1074,784,1858,2023-06-30T22:00:00Z
18,516,Vrsar,589,644,1233,89,42,131,3,3,6,3,1,4,295,255,550,0,0,0,1,1,2,980,946,1926,2023-06-30T22:00:00Z
18,531,Žminj,485,450,935,113,50,163,12,9,21,3,5,8,93,103,196,0,0,0,3,2,5,709,619,1328,2023-06-30T22:00:00Z
18,596,Karojba,144,170,314,34,6,40,0,1,1,0,0,0,44,15,59,0,1,1,0,0,0,222,193,415,2023-06-30T22:00:00Z
18,597,Kaštelir - Labinci,146,82,228,37,19,56,8,6,14,2,0,2,65,22,87,0,0,0,1,3,4,259,132,391,2023-06-30T22:00:00Z
18,6,Barban,244,117,361,48,7,55,15,5,20,1,1,2,31,27,58,0,0,0,3,4,7,342,161,503,2023-06-30T22:00:00Z
18,619,Fažana,406,388,794,45,23,68,2,2,4,2,4,6,89,77,166,0,0,0,1,2,3,545,496,1041,2023-06-30T22:00:00Z
18,629,Funtana,238,251,489,29,19,48,1,1,2,1,0,1,129,148,277,0,0,0,1,0,1,399,419,818,2023-06-30T22:00:00Z
18,631,Tar-Vabriga,266,358,624,51,22,73,1,1,2,0,1,1,117,92,209,0,0,0,0,2,2,435,476,911,2023-06-30T22:00:00Z
19,198,Konavle,1753,1430,3183,206,88,294,17,12,29,37,9,46,158,171,329,0,1,1,7,1,8,2178,1712,3890,2023-06-30T22:00:00Z
19,204,Korčula,906,1105,2011,188,88,276,18,6,24,112,10,122,251,259,510,0,0,0,5,10,15,1480,1478,2958,2023-06-30T22:00:00Z
19,219,Kula Norinska,40,37,77,9,2,11,1,0,1,0,0,0,6,7,13,0,0,0,0,0,0,56,46,102,2023-06-30T22:00:00Z
19,226,Lastovo,92,117,209,34,11,45,2,2,4,6,1,7,23,34,57,0,0,0,2,3,5,159,168,327,2023-06-30T22:00:00Z
19,25,Blato,598,426,1024,83,21,104,14,3,17,9,8,17,159,56,215,0,0,0,6,1,7,869,515,1384,2023-06-30T22:00:00Z
19,264,Metković,2282,1752,4034,189,129,318,40,25,65,42,17,59,333,266,599,0,0,0,5,10,15,2891,2199,5090,2023-06-30T22:00:00Z
19,268,Mljet,221,146,367,33,13,46,4,0,4,4,2,6,38,45,83,0,0,0,1,1,2,301,207,508,2023-06-30T22:00:00Z
19,306,Opuzen,475,437,912,33,21,54,59,25,84,5,1,6,23,26,49,0,0,0,1,1,2,596,511,1107,2023-06-30T22:00:00Z
19,308,Orebić,508,540,1048,107,56,163,35,8,43,34,5,39,190,180,370,0,0,0,3,12,15,877,801,1678,2023-06-30T22:00:00Z
19,335,Ploče,1389,941,2330,97,60,157,33,10,43,24,5,29,120,143,263,0,0,0,2,3,5,1665,1162,2827,2023-06-30T22:00:00Z
19,343,Pojezerje,32,41,73,5,2,7,8,1,9,0,0,0,2,4,6,0,0,0,0,0,0,47,48,95,2023-06-30T22:00:00Z
19,399,Slivno,88,42,130,17,12,29,11,5,16,0,0,0,22,29,51,0,0,0,0,0,0,138,88,226,2023-06-30T22:00:00Z
19,402,Smokvica,41,91,132,16,3,19,17,5,22,6,0,6,34,16,50,0,0,0,2,0,2,116,115,231,2023-06-30T22:00:00Z
19,419,Ston,449,269,718,64,18,82,22,3,25,4,1,5,64,46,110,0,0,0,1,2,3,604,339,943,2023-06-30T22:00:00Z
19,474,Vela Luka,331,571,902,78,34,112,10,2,12,31,4,35,118,84,202,0,0,0,3,5,8,571,700,1271,2023-06-30T22:00:00Z
19,523,Zažablje,11,8,19,4,0,4,4,2,6,2,1,3,12,1,13,0,0,0,0,0,0,33,12,45,2023-06-30T22:00:00Z
19,598,Dubrovačko Primorje,194,169,363,29,9,38,3,5,8,10,3,13,51,33,84,0,0,0,0,1,1,287,220,507,2023-06-30T22:00:00Z
19,599,Janjina,57,60,117,11,7,18,9,3,12,3,2,5,18,21,39,0,0,0,3,1,4,101,94,195,2023-06-30T22:00:00Z
19,600,Lumbarda,76,79,155,44,19,63,13,1,14,9,0,9,63,55,118,0,0,0,4,4,8,209,158,367,2023-06-30T22:00:00Z
19,601,Trpanj,64,54,118,16,8,24,2,1,3,6,1,7,37,27,64,0,0,0,1,2,3,126,93,219,2023-06-30T22:00:00Z
19,602,Župa Dubrovačka,891,922,1813,156,73,229,4,7,11,56,1,57,104,113,217,0,0,0,3,5,8,1214,1121,2335,2023-06-30T22:00:00Z
19,98,Dubrovnik,12181,12419,24600,945,510,1455,27,16,43,521,76,597,944,899,1843,1,0,1,31,56,87,14650,13976,28626,2023-06-30T22:00:00Z
20,123,Goričan,307,167,474,8,4,12,8,2,10,0,3,3,10,9,19,0,0,0,0,0,0,333,185,518,2023-06-30T22:00:00Z
20,15,Belica,194,204,398,25,15,40,58,34,92,1,1,2,30,39,69,0,0,0,1,2,3,309,295,604,2023-06-30T22:00:00Z
20,206,Kotoriba,508,268,776,11,5,16,5,0,5,0,4,4,10,9,19,0,0,0,0,0,0,534,286,820,2023-06-30T22:00:00Z
20,250,Mala Subotica,552,1099,1651,23,18,41,31,15,46,2,5,7,18,24,42,0,0,0,0,2,2,626,1163,1789,2023-06-30T22:00:00Z
20,276,Mursko Središće,859,770,1629,49,26,75,14,7,21,2,7,9,39,52,91,0,0,0,2,2,4,965,864,1829,2023-06-30T22:00:00Z
20,279,Nedelišće,1552,844,2396,100,45,145,38,20,58,1,7,8,135,86,221,0,0,0,1,5,6,1827,1007,2834,2023-06-30T22:00:00Z
20,342,Podturen,209,122,331,21,8,29,17,11,28,1,2,3,49,35,84,0,0,0,0,1,1,297,179,476,2023-06-30T22:00:00Z
20,355,Prelog,2357,1641,3998,66,29,95,49,21,70,8,9,17,71,70,141,0,0,0,6,5,11,2557,1775,4332,2023-06-30T22:00:00Z
20,385,Selnica,145,152,297,12,10,22,7,4,11,1,2,3,14,13,27,0,0,0,1,0,1,180,181,361,2023-06-30T22:00:00Z
20,440,Sveti Juraj Na Bregu,302,199,501,27,16,43,13,6,19,2,4,6,33,45,78,0,0,0,0,0,0,377,270,647,2023-06-30T22:00:00Z
20,441,Sveti Martin Na Muri,623,360,983,14,14,28,7,5,12,0,3,3,27,35,62,0,0,0,3,0,3,674,417,1091,2023-06-30T22:00:00Z
20,452,Štrigova,294,207,501,25,12,37,35,19,54,2,1,3,59,70,129,0,0,0,0,1,1,415,310,725,2023-06-30T22:00:00Z
20,504,Vratišinec,133,91,224,7,2,9,11,2,13,1,2,3,7,10,17,0,0,0,1,1,2,160,108,268,2023-06-30T22:00:00Z
20,60,Čakovec,9810,8983,18793,267,153,420,56,22,78,42,62,104,251,321,572,0,0,0,8,18,26,10434,9559,19993,2023-06-30T22:00:00Z
20,603,Dekanovec,82,76,158,6,1,7,4,5,9,0,0,0,8,2,10,0,0,0,0,0,0,100,84,184,2023-06-30T22:00:00Z
20,604,Gornji Mihaljevec,105,73,178,13,4,17,25,9,34,2,1,3,23,16,39,0,0,0,0,2,2,168,105,273,2023-06-30T22:00:00Z
20,605,Orehovica,216,145,361,18,3,21,24,9,33,1,2,3,40,18,58,0,0,0,0,2,2,299,179,478,2023-06-30T22:00:00Z
20,606,Strahoninec,239,149,388,14,8,22,3,2,5,0,2,2,36,12,48,0,0,0,1,2,3,293,175,468,2023-06-30T22:00:00Z
20,607,Sveta Marija,65,82,147,13,2,15,4,0,4,1,1,2,20,6,26,0,0,0,0,1,1,103,92,195,2023-06-30T22:00:00Z
20,608,Šenkovec,511,266,777,19,9,28,2,1,3,0,1,1,29,19,48,0,0,0,1,2,3,562,298,860,2023-06-30T22:00:00Z
20,620,Pribislavec,342,183,525,10,8,18,2,1,3,2,1,3,8,11,19,0,0,0,0,1,1,364,205,569,2023-06-30T22:00:00Z
20,75,Domašinec,256,112,368,7,7,14,19,16,35,0,1,1,18,7,25,0,0,0,2,0,2,302,143,445,2023-06-30T22:00:00Z
20,78,Donja Dubrava,209,227,436,18,6,24,5,3,8,0,2,2,14,13,27,0,0,0,0,0,0,246,251,497,2023-06-30T22:00:00Z
20,82,Donji Kraljevec,1418,639,2057,44,16,60,51,21,72,3,3,6,90,117,207,0,0,0,3,13,16,1609,809,2418,2023-06-30T22:00:00Z
20,89,Donji Vidovec,59,81,140,4,1,5,2,0,2,1,1,2,4,15,19,0,0,0,0,0,0,70,98,168,2023-06-30T22:00:00Z
21,133,Zagreb,234939,211943,446882,8561,6210,14771,276,167,443,2179,2070,4249,5408,6943,12351,39,14,53,317,497,814,251719,227844,479563,2023-06-30T22:00:00Z
01,101,Dugo Selo,3141,2037,5178,249,132,381,32,21,53,25,26,51,263,252,515,0,0,0,7,16,23,3717,2484,6201,2023-07-31T22:00:00Z
01,114,Farkaševac,141,203,344,8,3,11,25,10,35,0,2,2,33,19,52,0,0,0,1,0,1,208,237,445,2023-07-31T22:00:00Z
01,135,Gradec,140,131,271,14,1,15,9,7,16,0,2,2,51,19,70,0,0,0,0,1,1,214,161,375,2023-07-31T22:00:00Z
01,158,Ivanić-Grad,3288,1728,5016,90,76,166,45,29,74,11,22,33,140,179,319,0,0,0,3,12,15,3577,2046,5623,2023-07-31T22:00:00Z
01,163,Jakovlje,350,336,686,39,8,47,10,8,18,2,0,2,38,31,69,0,0,0,0,0,0,439,383,822,2023-07-31T22:00:00Z
01,169,Jastrebarsko,2343,1748,4091,230,114,344,47,34,81,16,20,36,274,222,496,0,0,0,5,6,11,2915,2144,5059,2023-07-31T22:00:00Z
01,190,Klinča Selo,216,181,397,41,14,55,5,5,10,0,0,0,64,49,113,0,0,0,1,0,1,327,249,576,2023-07-31T22:00:00Z
01,193,Kloštar Ivanić,387,316,703,23,12,35,21,5,26,5,10,15,46,36,82,1,0,1,2,5,7,485,384,869,2023-07-31T22:00:00Z
01,213,Križ,726,446,1172,26,20,46,17,11,28,6,4,10,26,48,74,0,0,0,1,3,4,802,532,1334,2023-07-31T22:00:00Z
01,33,Brckovljani,352,403,755,7,4,11,0,1,1,2,2,4,28,17,45,0,0,0,0,0,0,389,427,816,2023-07-31T22:00:00Z
01,331,Pisarovina,388,299,687,26,25,51,19,19,38,2,1,3,24,33,57,0,0,0,1,3,4,460,380,840,2023-07-31T22:00:00Z
01,34,Brdovec,877,753,1630,96,45,141,17,7,24,1,5,6,89,64,153,0,0,0,5,2,7,1085,876,1961,2023-07-31T22:00:00Z
01,356,Preseka,18,10,28,6,2,8,12,10,22,0,1,1,14,5,19,0,0,0,1,0,1,51,28,79,2023-07-31T22:00:00Z
01,362,Pušča,154,170,324,26,13,39,7,2,9,2,3,5,42,26,68,0,0,0,0,0,0,231,214,445,2023-07-31T22:00:00Z
01,376,Rugvica,1456,552,2008,9,7,16,2,3,5,1,2,3,17,17,34,0,0,0,0,0,0,1485,581,2066,2023-07-31T22:00:00Z
01,380,Samobor,5552,3942,9494,547,332,879,27,22,49,44,64,108,479,456,935,2,2,4,33,39,72,6684,4857,11541,2023-07-31T22:00:00Z
01,429,Sveti Ivan Zelina,2616,2027,4643,175,69,244,61,44,105,14,20,34,265,200,465,0,0,0,7,4,11,3138,2364,5502,2023-07-31T22:00:00Z
01,436,Sveta Nedjelja,6021,3595,9616,229,103,332,6,5,11,12,10,22,348,178,526,0,0,0,7,7,14,6623,3898,10521,2023-07-31T22:00:00Z
01,508,Vrbovec,2126,2012,4138,178,76,254,93,31,124,6,17,23,294,171,465,0,0,0,9,11,20,2706,2318,5024,2023-07-31T22:00:00Z
01,533,Krašić,271,181,452,28,11,39,10,12,22,2,1,3,26,21,47,0,0,0,1,1,2,338,227,565,2023-07-31T22:00:00Z
01,536,Rakovec,36,26,62,9,2,11,6,5,11,0,1,1,25,12,37,0,0,0,0,0,0,76,46,122,2023-07-31T22:00:00Z
01,539,Marija Gorica,79,100,179,14,2,16,0,0,0,1,1,2,18,14,32,0,0,0,0,0,0,112,117,229,2023-07-31T22:00:00Z
01,540,Žumberak,18,18,36,6,1,7,4,2,6,0,0,0,2,7,9,0,0,0,0,0,0,30,28,58,2023-07-31T22:00:00Z
01,541,Velika Gorica,8693,6556,15249,681,410,1091,72,33,105,46,60,106,582,520,1102,2,0,2,18,24,42,10094,7603,17697,2023-07-31T22:00:00Z
01,542,Orle,40,23,63,18,0,18,9,3,12,0,0,0,16,2,18,0,0,0,1,0,1,84,28,112,2023-07-31T22:00:00Z
01,543,Zaprešić,3416,2930,6346,232,170,402,10,12,22,35,42,77,261,231,492,0,0,0,12,13,25,3966,3398,7364,2023-07-31T22:00:00Z
01,544,Pokupsko,43,58,101,11,6,17,12,4,16,0,0,0,7,7,14,0,0,0,0,0,0,73,75,148,2023-07-31T22:00:00Z
01,545,Kravarsko,114,84,198,43,12,55,4,4,8,0,0,0,83,18,101,0,0,0,0,0,0,244,118,362,2023-07-31T22:00:00Z
01,547,Bistra,391,505,896,51,24,75,10,5,15,2,6,8,56,44,100,1,0,1,0,1,1,511,585,1096,2023-07-31T22:00:00Z
01,548,Luka,300,106,406,14,2,16,2,2,4,1,1,2,20,19,39,0,0,0,0,0,0,337,130,467,2023-07-31T22:00:00Z
01,549,Dubravica,64,44,108,16,0,16,12,3,15,0,0,0,12,15,27,0,0,0,0,0,0,104,62,166,2023-07-31T22:00:00Z
01,550,Bedenica,223,157,380,12,4,16,4,3,7,1,1,2,16,7,23,0,0,0,0,0,0,256,172,428,2023-07-31T22:00:00Z
01,551,Stupnik,1542,604,2146,29,17,46,1,1,2,1,3,4,19,32,51,0,0,0,1,0,1,1593,657,2250,2023-07-31T22:00:00Z
01,97,Dubrava,300,321,621,53,23,76,70,40,110,5,12,17,63,83,146,0,0,0,1,6,7,492,485,977,2023-07-31T22:00:00Z
02,108,Đurmanec,150,147,297,56,18,74,1,2,3,3,2,5,110,82,192,0,0,0,1,1,2,321,252,573,2023-07-31T22:00:00Z
02,11,Bedekovčina,542,680,1222,93,39,132,8,6,14,9,7,16,133,100,233,0,0,0,5,6,11,790,838,1628,2023-07-31T22:00:00Z
02,125,Gornja Stubica,242,302,544,58,15,73,6,7,13,2,1,3,75,50,125,0,0,0,2,0,2,385,375,760,2023-07-31T22:00:00Z
02,146,Hraščina,46,38,84,10,3,13,2,3,5,0,1,1,6,8,14,0,0,0,0,0,0,64,53,117,2023-07-31T22:00:00Z
02,152,Hum Na Sutli,1547,638,2185,54,28,82,4,0,4,1,7,8,254,74,328,0,0,0,0,1,1,1860,748,2608,2023-07-31T22:00:00Z
02,187,Klanjec,290,258,548,64,28,92,10,5,15,4,1,5,65,51,116,0,0,0,1,2,3,434,345,779,2023-07-31T22:00:00Z
02,200,Konjščina,439,407,846,30,20,50,2,1,3,1,2,3,45,31,76,0,0,0,0,1,1,517,462,979,2023-07-31T22:00:00Z
02,208,Kraljevec Na Sutli,76,47,123,13,4,17,3,1,4,0,0,0,20,5,25,0,0,0,0,1,1,112,58,170,2023-07-31T22:00:00Z
02,211,Krapina,2945,2363,5308,174,104,278,8,3,11,14,18,32,189,171,360,0,0,0,1,4,5,3331,2663,5994,2023-07-31T22:00:00Z
02,212,Krapinske Toplice,619,1251,1870,70,37,107,7,4,11,0,5,5,111,83,194,0,1,1,2,1,3,809,1382,2191,2023-07-31T22:00:00Z
02,236,Lobor,170,228,398,24,8,32,3,3,6,0,1,1,38,17,55,0,0,0,1,2,3,236,259,495,2023-07-31T22:00:00Z
02,248,Mače,101,76,177,28,8,36,3,4,7,1,0,1,73,37,110,0,0,0,0,0,0,206,125,331,2023-07-31T22:00:00Z
02,256,Marija Bistrica,343,370,713,71,42,113,13,6,19,0,5,5,70,71,141,0,0,0,3,2,5,500,496,996,2023-07-31T22:00:00Z
02,265,Mihovljan,105,129,234,32,8,40,2,0,2,0,0,0,72,19,91,0,0,0,1,1,2,212,157,369,2023-07-31T22:00:00Z
02,311,Oroslavje,992,786,1778,73,41,114,8,3,11,6,7,13,85,66,151,0,0,0,4,2,6,1168,905,2073,2023-07-31T22:00:00Z
02,329,Petrovsko,108,51,159,16,4,20,1,0,1,5,0,5,60,14,74,0,0,0,1,0,1,191,69,260,2023-07-31T22:00:00Z
02,352,Pregrada,814,909,1723,111,33,144,2,5,7,5,6,11,157,99,256,0,0,0,0,1,1,1089,1053,2142,2023-07-31T22:00:00Z
02,364,Radoboj,159,102,261,16,14,30,1,0,1,0,2,2,64,23,87,0,0,0,0,0,0,240,141,381,2023-07-31T22:00:00Z
02,41,Budinščina,201,177,378,17,6,23,6,1,7,2,2,4,19,11,30,0,0,0,2,2,4,247,199,446,2023-07-31T22:00:00Z
02,422,Stubičke Toplice,255,437,692,35,17,52,0,2,2,2,5,7,53,29,82,0,0,0,2,0,2,347,490,837,2023-07-31T22:00:00Z
02,430,Sveti Križ Začretje,700,780,1480,79,25,104,11,5,16,1,5,6,139,95,234,0,0,0,4,2,6,934,912,1846,2023-07-31T22:00:00Z
02,466,Tuhelj,145,218,363,20,10,30,5,1,6,1,2,3,55,42,97,0,0,0,0,0,0,226,273,499,2023-07-31T22:00:00Z
02,481,Veliko Trgovišće,601,427,1028,54,19,73,3,3,6,2,5,7,104,49,153,0,0,0,2,1,3,766,504,1270,2023-07-31T22:00:00Z
02,519,Zabok,2795,2992,5787,145,87,232,8,3,11,13,16,29,172,222,394,0,0,0,1,1,2,3134,3321,6455,2023-07-31T22:00:00Z
02,521,Zagorska Sela,12,55,67,5,0,5,5,2,7,0,1,1,15,4,19,0,0,0,0,0,0,37,62,99,2023-07-31T22:00:00Z
02,526,Zlatar,526,649,1175,101,57,158,30,14,44,6,8,14,136,75,211,0,0,0,4,6,10,803,809,1612,2023-07-31T22:00:00Z
02,527,Zlatar Bistrica,257,367,624,28,8,36,4,1,5,5,0,5,67,44,111,0,0,0,2,1,3,363,421,784,2023-07-31T22:00:00Z
02,552,Jesenje,74,80,154,7,2,9,0,0,0,0,0,0,49,7,56,0,0,0,0,0,0,130,89,219,2023-07-31T22:00:00Z
02,553,Kumrovec,77,85,162,19,6,25,2,0,2,3,1,4,19,14,33,0,0,0,0,0,0,120,106,226,2023-07-31T22:00:00Z
02,554,Novi Golubovec,133,60,193,3,2,5,1,0,1,0,0,0,5,1,6,0,0,0,0,0,0,142,63,205,2023-07-31T22:00:00Z
02,70,Desinić,120,275,395,31,9,40,9,2,11,3,2,5,54,35,89,0,0,0,0,1,1,217,324,541,2023-07-31T22:00:00Z
02,79,Donja Stubica,839,720,1559,98,50,148,6,5,11,6,3,9,86,54,140,0,0,0,0,3,3,1035,835,1870,2023-07-31T22:00:00Z
03,102,Dvor,317,139,456,17,6,23,58,21,79,0,2,2,18,11,29,0,0,0,0,4,4,410,183,593,2023-07-31T22:00:00Z
03,121,Glina,1183,652,1835,43,21,64,57,24,81,4,9,13,71,69,140,0,0,0,1,0,1,1359,775,2134,2023-07-31T22:00:00Z
03,149,Hrvatska Dubica,79,101,180,10,2,12,12,5,17,0,0,0,11,5,16,0,0,0,0,1,1,112,114,226,2023-07-31T22:00:00Z
03,150,Hrvatska Kostajnica,285,297,582,24,10,34,9,3,12,1,3,4,17,28,45,0,0,0,1,0,1,337,341,678,2023-07-31T22:00:00Z
03,168,Jasenovac,146,124,270,12,9,21,15,5,20,0,0,0,20,14,34,0,0,0,0,3,3,193,155,348,2023-07-31T22:00:00Z
03,220,Kutina,3429,2730,6159,188,114,302,43,20,63,37,24,61,219,263,482,1,0,1,9,9,18,3926,3160,7086,2023-07-31T22:00:00Z
03,228,Lekenik,389,268,657,45,13,58,12,8,20,1,2,3,71,32,103,0,0,0,1,0,1,519,323,842,2023-07-31T22:00:00Z
03,232,Lipovljani,253,258,511,28,8,36,10,2,12,1,0,1,41,45,86,0,0,0,0,3,3,333,316,649,2023-07-31T22:00:00Z
03,259,Martinska Ves,124,59,183,10,1,11,29,12,41,3,0,3,59,19,78,0,0,0,0,0,0,225,91,316,2023-07-31T22:00:00Z
03,293,Novska,1308,1048,2356,189,107,296,35,17,52,5,17,22,252,230,482,0,0,0,2,7,9,1791,1426,3217,2023-07-31T22:00:00Z
03,328,Petrinja,1864,1684,3548,264,94,358,70,28,98,10,25,35,353,289,642,0,0,0,7,1,8,2568,2121,4689,2023-07-31T22:00:00Z
03,347,Popovača,910,1067,1977,88,43,131,49,17,66,6,10,16,106,122,228,0,0,0,5,2,7,1164,1261,2425,2023-07-31T22:00:00Z
03,391,Sisak,7107,8048,15155,390,244,634,98,48,146,43,72,115,603,563,1166,0,0,0,14,14,28,8255,8989,17244,2023-07-31T22:00:00Z
03,426,Sunja,209,185,394,26,11,37,49,30,79,1,2,3,23,22,45,0,0,0,1,1,2,309,251,560,2023-07-31T22:00:00Z
03,457,Topusko,221,331,552,15,8,23,6,2,8,3,1,4,28,20,48,0,0,0,0,0,0,273,362,635,2023-07-31T22:00:00Z
03,477,Velika Ludina,124,157,281,11,8,19,12,3,15,0,0,0,25,24,49,0,0,0,0,0,0,172,192,364,2023-07-31T22:00:00Z
03,510,Gvozd,120,111,231,11,5,16,16,5,21,0,1,1,16,14,30,0,0,0,0,0,0,163,136,299,2023-07-31T22:00:00Z
03,555,Majur,139,41,180,1,1,2,3,0,3,0,0,0,4,0,4,0,0,0,0,0,0,147,42,189,2023-07-31T22:00:00Z
03,83,Donji Kukuruzari,40,48,88,5,0,5,6,3,9,0,0,0,2,3,5,0,0,0,1,0,1,54,54,108,2023-07-31T22:00:00Z
04,120,Generalski Stol,42,70,112,20,5,25,1,0,1,0,1,1,26,13,39,0,0,0,0,0,0,89,89,178,2023-07-31T22:00:00Z
04,172,Josipdol,196,159,355,26,18,44,1,7,8,2,1,3,43,52,95,0,0,0,0,0,0,268,237,505,2023-07-31T22:00:00Z
04,179,Karlovac,10728,9016,19744,432,314,746,71,53,124,64,86,150,624,798,1422,1,0,1,12,23,35,11932,10290,22222,2023-07-31T22:00:00Z
04,216,Krnjak,158,69,227,5,2,7,5,4,9,2,0,2,11,5,16,0,0,0,0,0,0,181,80,261,2023-07-31T22:00:00Z
04,225,Lasinja,31,37,68,5,2,7,0,5,5,2,0,2,5,6,11,0,0,0,0,0,0,43,50,93,2023-07-31T22:00:00Z
04,281,Netretić,116,110,226,18,3,21,3,1,4,1,1,2,41,32,73,0,0,0,0,0,0,179,147,326,2023-07-31T22:00:00Z
04,297,Ogulin,1793,1800,3593,157,94,251,40,20,60,8,28,36,159,169,328,0,0,0,5,13,18,2162,2124,4286,2023-07-31T22:00:00Z
04,30,Bosiljevo,102,77,179,5,0,5,0,0,0,1,1,2,29,34,63,0,0,0,0,0,0,137,112,249,2023-07-31T22:00:00Z
04,315,Ozalj,770,643,1413,91,31,122,21,14,35,4,10,14,128,91,219,0,1,1,2,3,5,1016,793,1809,2023-07-31T22:00:00Z
04,333,Plaški,94,71,165,12,3,15,8,0,8,0,1,1,47,28,75,0,0,0,0,0,0,161,103,264,2023-07-31T22:00:00Z
04,365,Rakovica,179,207,386,9,8,17,2,2,4,0,0,0,82,88,170,0,0,0,1,0,1,273,305,578,2023-07-31T22:00:00Z
04,378,Saborsko,15,15,30,1,0,1,1,0,1,0,0,0,2,3,5,0,0,0,0,0,0,19,18,37,2023-07-31T22:00:00Z
04,400,Slunj,351,413,764,58,16,74,41,20,61,3,4,7,128,120,248,0,0,0,3,9,12,584,582,1166,2023-07-31T22:00:00Z
04,49,Cetingrad,54,61,115,7,1,8,2,3,5,1,0,1,8,9,17,0,0,0,0,0,0,72,74,146,2023-07-31T22:00:00Z
04,503,Vojnić,373,246,619,22,12,34,39,13,52,1,0,1,26,35,61,0,0,0,3,0,3,464,306,770,2023-07-31T22:00:00Z
04,530,Žakanje,171,91,262,27,12,39,3,1,4,0,0,0,27,24,51,0,0,0,0,1,1,228,129,357,2023-07-31T22:00:00Z
04,556,Ribnik,14,8,22,10,3,13,2,1,3,0,0,0,5,9,14,0,0,0,0,0,0,31,21,52,2023-07-31T22:00:00Z
04,557,Tounj,66,26,92,6,0,6,0,0,0,0,0,0,2,7,9,0,0,0,0,0,0,74,33,107,2023-07-31T22:00:00Z
04,623,Kamanje,150,96,246,6,1,7,0,0,0,0,0,0,8,6,14,0,0,0,0,0,0,164,103,267,2023-07-31T22:00:00Z
04,7,Barilovići,289,156,445,21,12,33,5,0,5,1,1,2,114,29,143,0,0,0,0,0,0,430,198,628,2023-07-31T22:00:00Z
04,90,Draganić,175,205,380,15,3,18,7,2,9,0,1,1,19,19,38,0,0,0,0,0,0,216,230,446,2023-07-31T22:00:00Z
04,99,Duga Resa,1302,1036,2338,135,77,212,18,21,39,5,19,24,180,205,385,0,0,0,2,9,11,1642,1367,3009,2023-07-31T22:00:00Z
05,12,Bednja,223,173,396,18,7,25,3,3,6,1,1,2,27,14,41,0,0,0,0,1,1,272,199,471,2023-07-31T22:00:00Z
05,129,Gornji Kneginec,653,1008,1661,56,37,93,8,3,11,3,7,10,60,50,110,0,0,0,4,6,10,784,1111,1895,2023-07-31T22:00:00Z
05,151,Breznički Hum,185,136,321,12,4,16,6,6,12,0,2,2,20,16,36,0,0,0,1,3,4,224,167,391,2023-07-31T22:00:00Z
05,156,Ivanec,2308,1870,4178,181,74,255,15,13,28,9,18,27,317,256,573,0,0,0,8,12,20,2838,2243,5081,2023-07-31T22:00:00Z
05,165,Jalžabet,701,1008,1709,22,4,26,11,6,17,0,3,3,46,33,79,0,0,0,0,1,1,780,1055,1835,2023-07-31T22:00:00Z
05,189,Klenovnik,198,62,260,8,4,12,0,0,0,0,0,0,20,28,48,0,0,0,1,0,1,227,94,321,2023-07-31T22:00:00Z
05,19,Beretinec,93,47,140,19,2,21,3,2,5,0,1,1,14,19,33,0,0,0,1,0,1,130,71,201,2023-07-31T22:00:00Z
05,229,Lepoglava,1378,639,2017,66,35,101,5,2,7,1,5,6,99,48,147,0,0,0,1,6,7,1550,735,2285,2023-07-31T22:00:00Z
05,244,Ludbreg,1965,1643,3608,132,57,189,62,34,96,8,14,22,231,178,409,0,0,0,2,5,7,2400,1931,4331,2023-07-31T22:00:00Z
05,247,Ljubešćica,368,165,533,24,9,33,0,0,0,1,3,4,86,20,106,0,0,0,1,0,1,480,197,677,2023-07-31T22:00:00Z
05,251,Mali Bukovec,43,80,123,12,5,17,23,18,41,0,1,1,99,36,135,0,0,0,0,1,1,177,141,318,2023-07-31T22:00:00Z
05,260,Maruševec,366,291,657,63,29,92,20,22,42,3,2,5,111,46,157,0,0,0,3,2,5,566,392,958,2023-07-31T22:00:00Z
05,289,Novi Marof,1308,1172,2480,160,73,233,12,13,25,8,16,24,312,184,496,0,0,0,4,11,15,1804,1469,3273,2023-07-31T22:00:00Z
05,326,Petrijanec,469,758,1227,23,10,33,14,8,22,1,3,4,89,77,166,0,0,0,0,1,1,596,857,1453,2023-07-31T22:00:00Z
05,36,Breznica,161,69,230,18,3,21,6,5,11,1,5,6,40,14,54,0,0,0,0,0,0,226,96,322,2023-07-31T22:00:00Z
05,410,Sračinec,273,268,541,36,15,51,1,1,2,0,6,6,98,62,160,0,0,0,0,1,1,408,353,761,2023-07-31T22:00:00Z
05,437,Sveti Đurđ,67,99,166,31,4,35,26,8,34,2,1,3,32,30,62,0,0,0,0,0,0,158,142,300,2023-07-31T22:00:00Z
05,438,Sveti Ilija,188,199,387,17,8,25,1,0,1,0,3,3,35,30,65,0,0,0,0,0,0,241,240,481,2023-07-31T22:00:00Z
05,462,Trnovec Bartolovečki,1327,1309,2636,70,22,92,16,5,21,2,3,5,278,95,373,1,0,1,1,2,3,1695,1436,3131,2023-07-31T22:00:00Z
05,472,Varaždin,17024,14995,32019,559,415,974,48,27,75,79,113,192,506,681,1187,1,0,1,18,19,37,18235,16250,34485,2023-07-31T22:00:00Z
05,473,Varaždinske Toplice,626,611,1237,44,22,66,11,5,16,5,7,12,160,44,204,0,0,0,1,2,3,847,691,1538,2023-07-31T22:00:00Z
05,48,Cestica,359,393,752,57,25,82,16,14,30,1,6,7,107,78,185,0,0,0,0,3,3,540,519,1059,2023-07-31T22:00:00Z
05,484,Vidovec,289,271,560,46,15,61,54,28,82,1,5,6,107,85,192,0,0,0,0,0,0,497,404,901,2023-07-31T22:00:00Z
05,486,Vinica,342,218,560,17,9,26,4,4,8,1,5,6,29,23,52,0,0,0,0,1,1,393,260,653,2023-07-31T22:00:00Z
05,493,Visoko,98,53,151,17,1,18,8,3,11,0,0,0,24,25,49,0,0,0,3,1,4,150,83,233,2023-07-31T22:00:00Z
05,558,Veliki Bukovec,381,242,623,6,2,8,20,9,29,0,1,1,35,30,65,0,0,0,0,0,0,442,284,726,2023-07-31T22:00:00Z
05,80,Donja Voća,79,56,135,7,1,8,5,7,12,0,1,1,29,20,49,0,0,0,0,1,1,120,86,206,2023-07-31T22:00:00Z
05,85,Donji Martijanec,342,160,502,26,7,33,18,3,21,1,1,2,51,30,81,0,0,0,0,0,0,438,201,639,2023-07-31T22:00:00Z
06,104,Đelekovec,42,51,93,24,12,36,39,11,50,0,1,1,18,14,32,0,0,0,0,0,0,123,89,212,2023-07-31T22:00:00Z
06,107,Đurđevac,1440,1203,2643,84,48,132,69,38,107,12,11,23,81,74,155,0,0,0,10,7,17,1696,1381,3077,2023-07-31T22:00:00Z
06,115,Ferdinandovac,37,92,129,13,3,16,37,30,67,1,1,2,22,7,29,0,0,0,1,0,1,111,133,244,2023-07-31T22:00:00Z
06,122,Gola,179,168,347,10,2,12,82,39,121,0,3,3,9,25,34,0,0,0,0,0,0,280,237,517,2023-07-31T22:00:00Z
06,145,Hlebine,11,30,41,3,0,3,14,4,18,1,0,1,0,12,12,0,0,0,1,1,2,30,47,77,2023-07-31T22:00:00Z
06,194,Kloštar Podravski,182,133,315,15,14,29,33,31,64,0,1,1,29,59,88,0,0,0,2,1,3,261,239,500,2023-07-31T22:00:00Z
06,201,Koprivnica,7136,7550,14686,351,214,565,59,30,89,65,65,130,387,435,822,0,2,2,12,13,25,8010,8309,16319,2023-07-31T22:00:00Z
06,202,Koprivnički Bregi,78,82,160,20,4,24,22,8,30,0,0,0,30,13,43,0,0,0,0,0,0,150,107,257,2023-07-31T22:00:00Z
06,203,Koprivnički Ivanec,73,50,123,23,5,28,24,8,32,0,0,0,18,8,26,0,0,0,0,1,1,138,72,210,2023-07-31T22:00:00Z
06,214,Križevci,3728,3829,7557,188,113,301,210,167,377,13,30,43,262,228,490,0,0,0,8,13,21,4409,4380,8789,2023-07-31T22:00:00Z
06,227,Legrad,63,69,132,17,4,21,18,6,24,0,1,1,22,22,44,0,0,0,0,0,0,120,102,222,2023-07-31T22:00:00Z
06,270,Molve,228,114,342,6,9,15,50,29,79,0,1,1,29,17,46,0,0,0,2,3,5,315,173,488,2023-07-31T22:00:00Z
06,292,Novigrad Podravski,90,141,231,11,3,14,15,10,25,0,1,1,19,14,33,0,0,0,0,0,0,135,169,304,2023-07-31T22:00:00Z
06,324,Peteranec,82,45,127,23,3,26,22,10,32,1,1,2,27,15,42,0,0,0,0,1,1,155,75,230,2023-07-31T22:00:00Z
06,366,Rasinja,53,72,125,23,4,27,52,20,72,2,0,2,21,19,40,0,0,0,1,0,1,152,115,267,2023-07-31T22:00:00Z
06,405,Sokolovac,170,75,245,17,4,21,44,11,55,5,4,9,18,9,27,0,0,0,0,1,1,254,104,358,2023-07-31T22:00:00Z
06,439,Sveti Ivan Žabno,288,202,490,41,16,57,92,59,151,1,2,3,55,65,120,0,0,0,1,3,4,478,347,825,2023-07-31T22:00:00Z
06,442,Sveti Petar Orehovec,131,129,260,31,7,38,129,108,237,0,1,1,43,29,72,0,0,0,1,1,2,335,275,610,2023-07-31T22:00:00Z
06,490,Virje,325,210,535,29,11,40,34,17,51,4,1,5,31,35,66,0,0,0,1,0,1,424,274,698,2023-07-31T22:00:00Z
06,559,Kalinovac,440,104,544,7,1,8,6,3,9,0,0,0,10,9,19,0,0,0,1,0,1,464,117,581,2023-07-31T22:00:00Z
06,560,Kalnik,45,43,88,2,4,6,18,19,37,0,1,1,7,2,9,0,0,0,0,0,0,72,69,141,2023-07-31T22:00:00Z
06,561,Novo Virje,41,41,82,2,0,2,35,27,62,0,0,0,21,7,28,0,0,0,0,0,0,99,75,174,2023-07-31T22:00:00Z
06,616,Podravske Sesvete,115,124,239,3,5,8,26,13,39,2,0,2,9,7,16,0,0,0,0,0,0,155,149,304,2023-07-31T22:00:00Z
06,618,Gornja Reka,100,92,192,5,2,7,8,3,11,0,0,0,4,4,8,0,0,0,0,0,0,117,101,218,2023-07-31T22:00:00Z
06,96,Drnje,118,110,228,12,4,16,15,10,25,0,2,2,8,10,18,0,0,0,0,1,1,153,137,290,2023-07-31T22:00:00Z
07,105,Đulovac,248,70,318,8,7,15,31,16,47,2,0,2,114,34,148,0,0,0,0,0,0,403,127,530,2023-07-31T22:00:00Z
07,119,Garešnica,1111,1060,2171,62,32,94,61,36,97,16,14,30,109,127,236,0,0,0,4,5,9,1363,1274,2637,2023-07-31T22:00:00Z
07,139,Grubišno Polje,610,576,1186,33,25,58,100,32,132,4,6,10,65,67,132,0,0,0,1,3,4,813,709,1522,2023-07-31T22:00:00Z
07,144,Hercegovac,155,151,306,21,3,24,45,15,60,1,1,2,42,33,75,0,0,0,1,0,1,265,203,468,2023-07-31T22:00:00Z
07,161,Ivanska,191,114,305,2,2,4,48,12,60,3,2,5,35,17,52,0,0,0,3,1,4,282,148,430,2023-07-31T22:00:00Z
07,176,Kapela,120,83,203,6,1,7,43,26,69,0,0,0,21,11,32,0,0,0,1,0,1,191,121,312,2023-07-31T22:00:00Z
07,18,Berek,42,46,88,8,2,10,21,12,33,0,1,1,9,9,18,0,0,0,1,1,2,81,71,152,2023-07-31T22:00:00Z
07,199,Končanica,135,68,203,10,1,11,28,16,44,0,0,0,10,13,23,0,0,0,1,2,3,184,100,284,2023-07-31T22:00:00Z
07,24,Bjelovar,7268,6904,14172,312,200,512,191,90,281,52,60,112,404,523,927,2,0,2,16,20,36,8245,7797,16042,2023-07-31T22:00:00Z
07,287,Nova Rača,92,108,200,14,2,16,69,30,99,0,2,2,29,16,45,0,0,0,1,1,2,205,159,364,2023-07-31T22:00:00Z
07,375,Rovišće,223,206,429,28,14,42,44,31,75,1,3,4,31,38,69,0,0,0,0,1,1,327,293,620,2023-07-31T22:00:00Z
07,390,Sirač,350,166,516,12,4,16,10,5,15,1,1,2,14,9,23,0,0,0,0,1,1,387,186,573,2023-07-31T22:00:00Z
07,450,Štefanje,49,57,106,7,4,11,34,10,44,1,2,3,34,23,57,0,0,0,0,1,1,125,97,222,2023-07-31T22:00:00Z
07,478,Velika Pisanica,75,69,144,5,2,7,28,15,43,1,0,1,14,7,21,0,0,0,0,0,0,123,93,216,2023-07-31T22:00:00Z
07,480,Veliki Grđevac,154,127,281,12,5,17,76,28,104,1,3,4,68,31,99,0,0,0,0,1,1,311,195,506,2023-07-31T22:00:00Z
07,483,Veliko Trojstvo,73,105,178,15,3,18,9,15,24,0,0,0,42,17,59,0,0,0,1,0,1,140,140,280,2023-07-31T22:00:00Z
07,562,Severin,54,22,76,1,0,1,17,14,31,0,0,0,14,41,55,0,0,0,0,0,0,86,77,163,2023-07-31T22:00:00Z
07,564,Šandrovac,28,43,71,4,0,4,12,7,19,1,0,1,17,5,22,0,0,0,0,0,0,62,55,117,2023-07-31T22:00:00Z
07,565,Velika Trnovitica,60,65,125,9,2,11,31,20,51,1,0,1,19,11,30,0,0,0,1,1,2,121,99,220,2023-07-31T22:00:00Z
07,566,Zrinski Topolovac,15,19,34,3,0,3,27,15,42,0,0,0,4,2,6,0,0,0,0,1,1,49,37,86,2023-07-31T22:00:00Z
07,63,Čazma,1127,809,1936,54,25,79,52,37,89,7,9,16,128,70,198,0,0,0,3,2,5,1371,952,2323,2023-07-31T22:00:00Z
07,67,Daruvar,1526,1737,3263,74,60,134,44,21,65,14,15,29,148,176,324,0,0,0,2,10,12,1808,2019,3827,2023-07-31T22:00:00Z
07,71,Dežanovac,129,72,201,11,2,13,64,30,94,0,0,0,38,17,55,0,0,0,0,1,1,242,122,364,2023-07-31T22:00:00Z
08,117,Fužine,285,189,474,20,11,31,0,1,1,5,1,6,23,23,46,0,0,0,1,0,1,334,225,559,2023-07-31T22:00:00Z
08,170,Jelenje,259,246,505,102,48,150,6,2,8,28,10,38,51,42,93,0,0,0,4,2,6,450,350,800,2023-07-31T22:00:00Z
08,180,Kastav,1101,847,1948,140,78,218,3,2,5,43,11,54,115,85,200,1,1,2,3,4,7,1406,1028,2434,2023-07-31T22:00:00Z
08,186,Klana,355,190,545,22,9,31,1,2,3,3,2,5,18,6,24,0,0,0,1,2,3,400,211,611,2023-07-31T22:00:00Z
08,209,Kraljevica,392,326,718,45,28,73,2,1,3,28,4,32,22,47,69,1,0,1,1,9,10,491,415,906,2023-07-31T22:00:00Z
08,215,Krk,2159,1634,3793,286,142,428,12,8,20,31,15,46,411,312,723,0,0,0,6,5,11,2905,2116,5021,2023-07-31T22:00:00Z
08,237,Lokve,111,99,210,12,6,18,0,1,1,0,2,2,6,10,16,0,0,0,1,0,1,130,118,248,2023-07-31T22:00:00Z
08,242,Lovran,494,657,1151,115,44,159,1,1,2,13,8,21,59,72,131,0,0,0,2,5,7,684,787,1471,2023-07-31T22:00:00Z
08,252,Mali Lošinj,1845,1854,3699,248,99,347,23,9,32,27,17,44,284,285,569,0,0,0,7,9,16,2434,2273,4707,2023-07-31T22:00:00Z
08,253,Malinska-Dubašnica,669,1007,1676,159,91,250,6,9,15,9,5,14,223,250,473,0,0,0,5,7,12,1071,1369,2440,2023-07-31T22:00:00Z
08,261,Matulji,1514,1123,2637,243,139,382,11,5,16,43,19,62,169,188,357,0,0,0,5,9,14,1985,1483,3468,2023-07-31T22:00:00Z
08,273,Mošćenička Draga,155,126,281,62,23,85,0,2,2,2,3,5,46,50,96,0,0,0,1,4,5,266,208,474,2023-07-31T22:00:00Z
08,275,Mrkopalj,67,53,120,9,4,13,2,0,2,1,0,1,11,7,18,0,0,0,0,0,0,90,64,154,2023-07-31T22:00:00Z
08,290,Novi Vinodolski,669,577,1246,138,64,202,7,5,12,10,6,16,181,131,312,0,0,0,0,4,4,1005,787,1792,2023-07-31T22:00:00Z
08,301,Omišalj,764,581,1345,87,31,118,1,0,1,9,2,11,131,72,203,0,0,0,0,4,4,992,690,1682,2023-07-31T22:00:00Z
08,302,Opatija,2437,2985,5422,238,148,386,6,4,10,55,28,83,127,166,293,0,0,0,11,12,23,2874,3343,6217,2023-07-31T22:00:00Z
08,360,Punat,375,262,637,85,31,116,4,0,4,3,1,4,145,96,241,0,0,0,0,0,0,612,390,1002,2023-07-31T22:00:00Z
08,363,Rab,1197,1451,2648,362,115,477,11,4,15,13,10,23,485,410,895,0,0,0,8,10,18,2076,2000,4076,2023-07-31T22:00:00Z
08,369,Ravna Gora,282,286,568,29,13,42,2,1,3,2,1,3,38,18,56,0,0,0,2,3,5,355,322,677,2023-07-31T22:00:00Z
08,373,Rijeka,27924,28483,56407,1436,1188,2624,22,12,34,1030,351,1381,885,1245,2130,6,5,11,88,114,202,31391,31398,62789,2023-07-31T22:00:00Z
08,38,Brod Moravice,41,36,77,24,4,28,1,0,1,0,1,1,11,4,15,0,0,0,1,1,2,78,46,124,2023-07-31T22:00:00Z
08,393,Skrad,45,45,90,5,5,10,0,1,1,2,1,3,3,6,9,0,0,0,0,0,0,55,58,113,2023-07-31T22:00:00Z
08,4,Bakar,2183,1173,3356,74,43,117,4,0,4,62,10,72,69,75,144,0,0,0,4,9,13,2396,1310,3706,2023-07-31T22:00:00Z
08,488,Vinodolska Općina,203,158,361,62,26,88,2,0,2,11,1,12,35,23,58,1,0,1,0,1,1,314,209,523,2023-07-31T22:00:00Z
08,495,Viškovo,1770,1154,2924,230,117,347,6,4,10,55,19,74,145,144,289,0,0,0,7,8,15,2213,1446,3659,2023-07-31T22:00:00Z
08,507,Vrbnik,179,132,311,37,16,53,8,1,9,1,1,2,51,50,101,0,0,0,1,1,2,277,201,478,2023-07-31T22:00:00Z
08,509,Vrbovsko,356,308,664,59,19,78,5,5,10,1,4,5,78,40,118,1,0,1,0,1,1,500,377,877,2023-07-31T22:00:00Z
08,52,Cres,628,574,1202,99,42,141,8,6,14,13,3,16,137,160,297,0,0,0,6,1,7,891,786,1677,2023-07-31T22:00:00Z
08,53,Crikvenica,1654,2056,3710,280,173,453,4,2,6,35,23,58,410,350,760,0,0,0,7,6,13,2390,2610,5000,2023-07-31T22:00:00Z
08,538,Kostrena,558,340,898,40,27,67,1,1,2,78,6,84,19,40,59,0,0,0,1,5,6,697,419,1116,2023-07-31T22:00:00Z
08,55,Čabar,329,260,589,58,19,77,8,5,13,3,0,3,139,50,189,0,0,0,0,2,2,537,336,873,2023-07-31T22:00:00Z
08,61,Čavle,678,553,1231,103,57,160,0,1,1,23,9,32,89,77,166,0,0,0,1,2,3,894,699,1593,2023-07-31T22:00:00Z
08,624,Lopar,120,57,177,49,17,66,0,0,0,0,0,0,114,147,261,0,0,0,0,2,2,283,223,506,2023-07-31T22:00:00Z
08,69,Delnice,1095,744,1839,74,52,126,5,2,7,9,13,22,89,90,179,0,0,0,2,5,7,1274,906,2180,2023-07-31T22:00:00Z
08,74,Dobrinj,187,141,328,59,29,88,1,2,3,2,0,2,118,80,198,0,0,0,2,2,4,369,254,623,2023-07-31T22:00:00Z
08,8,Baška,415,380,795,94,54,148,6,2,8,1,4,5,189,163,352,0,0,0,6,7,13,711,610,1321,2023-07-31T22:00:00Z
09,130,Gospić,2278,2366,4644,113,68,181,87,51,138,13,10,23,136,161,297,0,0,0,7,6,13,2634,2662,5296,2023-07-31T22:00:00Z
09,178,Karlobag,126,118,244,19,7,26,4,2,6,5,0,5,12,8,20,0,0,0,1,1,2,167,136,303,2023-07-31T22:00:00Z
09,240,Lovinac,204,86,290,0,0,0,1,1,2,0,0,0,3,1,4,0,0,0,0,0,0,208,88,296,2023-07-31T22:00:00Z
09,288,Novalja,1501,1158,2659,171,63,234,22,13,35,4,6,10,321,240,561,0,0,0,4,5,9,2023,1485,3508,2023-07-31T22:00:00Z
09,313,Otočac,815,909,1724,95,41,136,62,32,94,8,6,14,110,124,234,0,0,0,1,3,4,1091,1115,2206,2023-07-31T22:00:00Z
09,323,Perušić,344,273,617,24,10,34,32,20,52,0,1,1,24,24,48,0,0,0,0,0,0,424,328,752,2023-07-31T22:00:00Z
09,37,Brinje,411,234,645,21,6,27,7,6,13,0,0,0,12,17,29,0,0,0,1,0,1,452,263,715,2023-07-31T22:00:00Z
09,387,Senj,761,666,1427,117,59,176,4,5,9,20,9,29,161,194,355,0,0,0,4,3,7,1067,936,2003,2023-07-31T22:00:00Z
09,455,Plitvička Jezera,858,894,1752,49,27,76,60,17,77,4,5,9,261,194,455,0,0,0,1,2,3,1233,1139,2372,2023-07-31T22:00:00Z
09,467,Udbina,122,84,206,10,3,13,42,15,57,1,0,1,14,17,31,0,0,0,1,0,1,190,119,309,2023-07-31T22:00:00Z
09,512,Vrhovine,114,43,157,4,3,7,7,1,8,0,0,0,5,2,7,0,0,0,0,0,0,130,49,179,2023-07-31T22:00:00Z
09,84,Donji Lapac,118,68,186,7,4,11,25,6,31,0,0,0,12,10,22,0,0,0,0,0,0,162,88,250,2023-07-31T22:00:00Z
10,136,Gradina,81,95,176,15,14,29,118,46,164,2,0,2,47,27,74,0,0,0,0,1,1,263,183,446,2023-07-31T22:00:00Z
10,245,Lukač,197,120,317,13,6,19,50,15,65,1,0,1,51,34,85,0,0,0,0,0,0,312,175,487,2023-07-31T22:00:00Z
10,266,Mikleuš,70,51,121,8,1,9,14,5,19,0,0,0,13,10,23,0,0,0,0,0,0,105,67,172,2023-07-31T22:00:00Z
10,283,Nova Bukovica,42,35,77,9,6,15,36,10,46,1,0,1,26,19,45,0,0,0,1,0,1,115,70,185,2023-07-31T22:00:00Z
10,307,Orahovica,867,599,1466,74,38,112,10,3,13,12,9,21,97,119,216,0,0,0,2,0,2,1062,768,1830,2023-07-31T22:00:00Z
10,332,Pitomača,728,664,1392,87,51,138,150,87,237,2,7,9,216,191,407,0,0,0,1,3,4,1184,1003,2187,2023-07-31T22:00:00Z
10,395,Slatina,1480,1392,2872,156,83,239,134,39,173,11,22,33,173,244,417,0,0,0,2,5,7,1956,1785,3741,2023-07-31T22:00:00Z
10,407,Sopje,156,47,203,4,3,7,81,19,100,0,0,0,23,28,51,0,0,0,0,0,0,264,97,361,2023-07-31T22:00:00Z
10,424,Suhopolje,252,254,506,24,23,47,97,39,136,1,1,2,64,54,118,0,0,0,2,0,2,440,371,811,2023-07-31T22:00:00Z
10,449,Špišić Bukovica,149,145,294,28,10,38,148,52,200,1,2,3,52,59,111,0,0,0,0,0,0,378,268,646,2023-07-31T22:00:00Z
10,491,Virovitica,3888,3924,7812,185,124,309,94,27,121,31,19,50,356,364,720,1,0,1,3,8,11,4558,4466,9024,2023-07-31T22:00:00Z
10,499,Voćin,153,115,268,11,2,13,30,22,52,0,0,0,18,7,25,0,0,0,1,0,1,213,146,359,2023-07-31T22:00:00Z
10,524,Zdenci,207,104,311,10,3,13,16,6,22,0,2,2,15,13,28,0,0,0,0,2,2,248,130,378,2023-07-31T22:00:00Z
10,54,Crnac,26,29,55,16,4,20,19,8,27,0,2,2,18,9,27,0,0,0,0,0,0,79,52,131,2023-07-31T22:00:00Z
10,56,Čačinci,161,103,264,21,14,35,21,9,30,0,2,2,30,33,63,0,0,0,0,1,1,233,162,395,2023-07-31T22:00:00Z
10,57,Čađavica,103,70,173,12,11,23,63,18,81,0,0,0,52,27,79,0,0,0,0,0,0,230,126,356,2023-07-31T22:00:00Z
11,164,Jakšić,166,101,267,33,7,40,23,5,28,0,2,2,34,15,49,0,0,0,0,0,0,256,130,386,2023-07-31T22:00:00Z
11,177,Kaptol,97,87,184,16,2,18,25,3,28,0,1,1,45,9,54,0,0,0,0,1,1,183,103,286,2023-07-31T22:00:00Z
11,221,Kutjevo,537,415,952,58,23,81,70,27,97,1,2,3,75,74,149,0,0,0,4,4,8,745,545,1290,2023-07-31T22:00:00Z
11,231,Lipik,751,621,1372,47,17,64,25,17,42,3,8,11,60,62,122,0,0,0,1,0,1,887,725,1612,2023-07-31T22:00:00Z
11,318,Pakrac,632,1071,1703,87,37,124,55,17,72,13,8,21,186,97,283,0,0,0,2,3,5,975,1233,2208,2023-07-31T22:00:00Z
11,334,Pleternica,566,450,1016,88,37,125,50,11,61,3,5,8,178,116,294,0,0,0,1,6,7,886,625,1511,2023-07-31T22:00:00Z
11,35,Brestovac,106,99,205,19,3,22,13,3,16,1,1,2,31,11,42,0,0,0,0,1,1,170,118,288,2023-07-31T22:00:00Z
11,351,Požega,5050,4443,9493,314,176,490,117,42,159,40,78,118,386,342,728,0,1,1,7,27,34,5914,5109,11023,2023-07-31T22:00:00Z
11,475,Velika,417,297,714,29,20,49,22,3,25,2,3,5,47,41,88,0,0,0,2,1,3,519,365,884,2023-07-31T22:00:00Z
11,58,Čaglin,104,168,272,10,1,11,15,4,19,0,1,1,14,13,27,0,0,0,3,0,3,146,187,333,2023-07-31T22:00:00Z
12,10,Bebrina,44,55,99,15,8,23,17,4,21,2,0,2,13,9,22,0,0,0,1,0,1,92,76,168,2023-07-31T22:00:00Z
12,118,Garčin,149,161,310,31,10,41,32,18,50,0,0,0,26,33,59,0,0,0,1,1,2,239,223,462,2023-07-31T22:00:00Z
12,127,Gornji Bogićevci,50,47,97,12,2,14,10,2,12,0,0,0,20,28,48,0,0,0,0,0,0,92,79,171,2023-07-31T22:00:00Z
12,140,Gundinci,88,43,131,15,5,20,53,24,77,0,0,0,17,12,29,0,0,0,0,0,0,173,84,257,2023-07-31T22:00:00Z
12,185,Klakar,104,66,170,13,4,17,21,5,26,0,1,1,12,23,35,0,0,0,0,0,0,150,99,249,2023-07-31T22:00:00Z
12,284,Nova Gradiška,2361,2126,4487,163,100,263,24,19,43,20,18,38,285,318,603,0,0,0,1,7,8,2854,2588,5442,2023-07-31T22:00:00Z
12,285,Nova Kapela,159,166,325,30,17,47,20,7,27,2,3,5,45,51,96,0,0,0,1,2,3,257,246,503,2023-07-31T22:00:00Z
12,299,Okučani,228,153,381,38,7,45,12,3,15,0,0,0,46,21,67,0,0,0,1,2,3,325,186,511,2023-07-31T22:00:00Z
12,303,Oprisavci,315,184,499,12,1,13,37,12,49,1,0,1,10,17,27,0,0,0,0,0,0,375,214,589,2023-07-31T22:00:00Z
12,309,Oriovac,298,291,589,46,21,67,21,16,37,2,3,5,51,53,104,0,0,0,2,5,7,420,389,809,2023-07-31T22:00:00Z
12,338,Podcrkavlje,34,33,67,17,2,19,6,2,8,0,1,1,14,9,23,0,0,0,0,0,0,71,47,118,2023-07-31T22:00:00Z
12,372,Rešetari,213,216,429,39,11,50,17,7,24,3,1,4,85,52,137,0,0,0,1,0,1,358,287,645,2023-07-31T22:00:00Z
12,388,Sibinj,206,193,399,64,20,84,19,2,21,0,0,0,64,41,105,0,0,0,2,3,5,355,259,614,2023-07-31T22:00:00Z
12,39,Brodski Stupnik,74,56,130,17,9,26,9,3,12,2,0,2,70,37,107,0,0,0,1,0,1,173,105,278,2023-07-31T22:00:00Z
12,396,Slavonski Brod,14427,9486,23913,676,378,1054,43,27,70,71,87,158,890,955,1845,0,0,0,14,21,35,16121,10954,27075,2023-07-31T22:00:00Z
12,397,Slavonski Šamac,88,49,137,10,3,13,17,10,27,0,1,1,16,6,22,0,0,0,0,0,0,131,69,200,2023-07-31T22:00:00Z
12,412,Stara Gradiška,167,96,263,6,4,10,7,4,11,0,0,0,22,7,29,0,0,0,0,0,0,202,111,313,2023-07-31T22:00:00Z
12,418,Staro Petrovo Selo,226,124,350,39,13,52,40,18,58,1,1,2,101,54,155,0,0,0,0,2,2,407,212,619,2023-07-31T22:00:00Z
12,46,Cernik,139,191,330,39,12,51,9,6,15,4,1,5,61,28,89,0,0,0,0,1,1,252,239,491,2023-07-31T22:00:00Z
12,476,Velika Kopanica,197,121,318,30,9,39,33,17,50,1,1,2,30,22,52,0,0,0,0,1,1,291,171,462,2023-07-31T22:00:00Z
12,506,Vrbje,41,23,64,9,2,11,20,2,22,0,0,0,19,24,43,0,0,0,0,1,1,89,52,141,2023-07-31T22:00:00Z
12,514,Vrpolje,218,98,316,29,5,34,46,15,61,0,2,2,22,17,39,0,0,0,0,1,1,315,138,453,2023-07-31T22:00:00Z
12,567,Bukovlje,147,63,210,18,11,29,1,0,1,0,0,0,14,15,29,0,0,0,1,1,2,181,90,271,2023-07-31T22:00:00Z
12,568,Dragalić,28,38,66,7,0,7,7,2,9,0,0,0,6,5,11,0,0,0,0,1,1,48,46,94,2023-07-31T22:00:00Z
12,569,Gornja Vrba,434,165,599,19,7,26,2,2,4,1,1,2,18,25,43,0,0,0,0,2,2,474,202,676,2023-07-31T22:00:00Z
12,570,Sikirevci,40,45,85,23,7,30,37,14,51,0,0,0,10,11,21,0,0,0,2,1,3,112,78,190,2023-07-31T22:00:00Z
12,68,Davor,133,81,214,14,7,21,14,4,18,1,0,1,13,27,40,0,0,0,0,1,1,175,120,295,2023-07-31T22:00:00Z
12,81,Donji Andrijevci,170,125,295,25,14,39,21,5,26,0,1,1,25,14,39,0,0,0,1,0,1,242,159,401,2023-07-31T22:00:00Z
13,131,Gračac,269,248,517,24,15,39,74,31,105,2,1,3,54,48,102,0,0,0,1,4,5,424,347,771,2023-07-31T22:00:00Z
13,167,Jasenice,167,92,259,22,4,26,9,4,13,1,0,1,20,11,31,0,0,0,0,1,1,219,112,331,2023-07-31T22:00:00Z
13,17,Benkovac,1187,1046,2233,117,46,163,102,60,162,12,8,20,231,120,351,0,0,0,9,4,13,1658,1284,2942,2023-07-31T22:00:00Z
13,173,Kali,312,121,433,23,18,41,2,1,3,18,0,18,45,35,80,0,0,0,0,2,2,400,177,577,2023-07-31T22:00:00Z
13,20,Bibinje,222,203,425,76,36,112,3,1,4,2,4,6,100,82,182,0,0,0,0,2,2,403,328,731,2023-07-31T22:00:00Z
13,22,Biograd Na Moru,1314,1677,2991,209,115,324,28,15,43,17,8,25,291,353,644,0,0,0,2,4,6,1861,2172,4033,2023-07-31T22:00:00Z
13,234,Lišane Ostrovičke,28,30,58,9,2,11,1,1,2,0,0,0,8,9,17,0,0,0,0,0,0,46,42,88,2023-07-31T22:00:00Z
13,282,Nin,668,665,1333,72,23,95,8,6,14,4,1,5,117,99,216,0,0,0,2,1,3,871,795,1666,2023-07-31T22:00:00Z
13,296,Obrovac,417,260,677,46,16,62,40,8,48,5,3,8,38,53,91,0,0,0,2,4,6,548,344,892,2023-07-31T22:00:00Z
13,316,Pag,690,592,1282,107,47,154,30,14,44,6,6,12,199,172,371,0,0,0,3,3,6,1035,834,1869,2023-07-31T22:00:00Z
13,317,Pakoštane,473,447,920,101,37,138,9,17,26,9,3,12,190,155,345,0,0,0,3,1,4,785,660,1445,2023-07-31T22:00:00Z
13,320,Pašman,132,118,250,52,19,71,4,4,8,16,0,16,88,61,149,0,0,0,1,0,1,293,202,495,2023-07-31T22:00:00Z
13,344,Polača,102,72,174,19,11,30,6,2,8,2,0,2,14,14,28,0,0,0,1,1,2,144,100,244,2023-07-31T22:00:00Z
13,345,Poličnik,554,385,939,58,14,72,9,9,18,5,2,7,52,28,80,0,0,0,1,0,1,679,438,1117,2023-07-31T22:00:00Z
13,349,Posedarje,154,192,346,46,19,65,6,8,14,8,2,10,47,60,107,0,0,0,1,3,4,262,284,546,2023-07-31T22:00:00Z
13,354,Preko,360,479,839,70,20,90,8,3,11,25,4,29,77,56,133,0,0,0,1,2,3,541,564,1105,2023-07-31T22:00:00Z
13,371,Ražanac,109,122,231,29,13,42,11,5,16,13,0,13,52,44,96,0,0,0,2,0,2,216,184,400,2023-07-31T22:00:00Z
13,379,Sali,223,203,426,60,23,83,6,2,8,6,2,8,95,78,173,0,0,0,1,1,2,391,309,700,2023-07-31T22:00:00Z
13,411,Stankovci,228,144,372,41,6,47,6,3,9,1,1,2,35,15,50,0,0,0,0,1,1,311,170,481,2023-07-31T22:00:00Z
13,416,Starigrad,235,240,475,56,38,94,9,3,12,3,0,3,94,128,222,0,0,0,0,1,1,397,410,807,2023-07-31T22:00:00Z
13,425,Sukošan,495,384,879,84,28,112,14,6,20,5,1,6,72,80,152,0,0,0,0,6,6,670,505,1175,2023-07-31T22:00:00Z
13,428,Sveti Filip I Jakov,273,398,671,63,35,98,9,2,11,12,5,17,81,70,151,0,0,0,2,3,5,440,513,953,2023-07-31T22:00:00Z
13,445,Škabrnje,85,72,157,34,5,39,4,2,6,3,1,4,17,9,26,0,0,0,1,2,3,144,91,235,2023-07-31T22:00:00Z
13,489,Vir,417,387,804,75,34,109,1,2,3,1,1,2,119,102,221,0,0,0,4,4,8,617,530,1147,2023-07-31T22:00:00Z
13,520,Zadar,15916,17105,33021,1289,764,2053,47,31,78,653,222,875,1575,1651,3226,4,0,4,81,59,140,19565,19832,39397,2023-07-31T22:00:00Z
13,525,Zemunik Donji,213,305,518,23,5,28,4,4,8,2,0,2,28,10,38,0,0,0,0,1,1,270,325,595,2023-07-31T22:00:00Z
13,537,Novigrad,85,107,192,31,5,36,5,5,10,6,1,7,34,15,49,0,0,0,1,3,4,162,136,298,2023-07-31T22:00:00Z
13,571,Galovac,38,56,94,17,1,18,3,6,9,4,2,6,16,12,28,0,0,0,0,0,0,78,77,155,2023-07-31T22:00:00Z
13,572,Kukljica,55,54,109,26,1,27,1,0,1,4,1,5,42,28,70,0,0,0,2,0,2,130,84,214,2023-07-31T22:00:00Z
13,573,Povljana,66,62,128,19,9,28,5,1,6,5,0,5,19,21,40,0,0,0,0,1,1,114,94,208,2023-07-31T22:00:00Z
13,574,Privlaka,157,174,331,34,19,53,2,2,4,7,0,7,45,23,68,0,0,0,3,1,4,248,219,467,2023-07-31T22:00:00Z
13,575,Tkon,119,100,219,28,12,40,1,2,3,1,0,1,60,38,98,0,0,0,0,0,0,209,152,361,2023-07-31T22:00:00Z
13,622,Kolan,287,211,498,26,7,33,4,3,7,2,0,2,50,38,88,0,0,0,0,0,0,369,259,628,2023-07-31T22:00:00Z
13,625,Vrsi,136,63,199,23,19,42,6,3,9,14,0,14,40,44,84,0,0,0,4,3,7,223,132,355,2023-07-31T22:00:00Z
14,103,Đakovo,2932,2880,5812,494,242,736,230,94,324,29,34,63,605,576,1181,0,0,0,9,13,22,4299,3839,8138,2023-07-31T22:00:00Z
14,106,Đurđenovac,502,498,1000,43,13,56,18,12,30,0,5,5,61,44,105,0,0,0,2,0,2,626,572,1198,2023-07-31T22:00:00Z
14,110,Erdut,355,243,598,39,16,55,54,15,69,2,4,6,58,38,96,0,0,0,0,1,1,508,317,825,2023-07-31T22:00:00Z
14,111,Ernestinovo,85,192,277,4,3,7,22,6,28,1,1,2,10,8,18,0,0,0,1,0,1,123,210,333,2023-07-31T22:00:00Z
14,116,Feričanci,126,149,275,27,6,33,3,0,3,1,1,2,41,19,60,0,0,0,0,0,0,198,175,373,2023-07-31T22:00:00Z
14,124,Gorjani,134,145,279,16,8,24,11,7,18,0,0,0,9,7,16,0,0,0,0,0,0,170,167,337,2023-07-31T22:00:00Z
14,13,Beli Manastir,1108,1155,2263,101,51,152,72,36,108,9,15,24,130,108,238,0,0,0,0,2,2,1420,1367,2787,2023-07-31T22:00:00Z
14,16,Belišće,1720,617,2337,80,37,117,26,7,33,4,10,14,90,100,190,0,0,0,1,1,2,1921,772,2693,2023-07-31T22:00:00Z
14,195,Kneževi Vinogradi,234,282,516,35,6,41,32,7,39,1,2,3,66,70,136,0,0,0,1,2,3,369,369,738,2023-07-31T22:00:00Z
14,2,Antunovac,210,156,366,36,13,49,12,7,19,1,0,1,16,17,33,0,0,0,0,1,1,275,194,469,2023-07-31T22:00:00Z
14,205,Koška,198,136,334,23,7,30,28,6,34,2,2,4,28,27,55,0,0,0,2,0,2,281,178,459,2023-07-31T22:00:00Z
14,21,Bilje,289,276,565,49,25,74,20,13,33,1,5,6,62,44,106,0,0,0,0,2,2,421,365,786,2023-07-31T22:00:00Z
14,23,Bizovac,251,232,483,23,11,34,24,9,33,2,3,5,26,37,63,0,0,0,1,0,1,327,292,619,2023-07-31T22:00:00Z
14,230,Levanjska Varoš,39,27,66,2,1,3,7,6,13,0,0,0,1,4,5,0,0,0,0,0,0,49,38,87,2023-07-31T22:00:00Z
14,257,Marijanci,91,73,164,6,5,11,12,0,12,0,0,0,17,18,35,0,0,0,0,1,1,126,97,223,2023-07-31T22:00:00Z
14,271,Moslavina Podravska,18,21,39,4,2,6,15,5,20,0,0,0,15,10,25,0,0,0,0,0,0,52,38,90,2023-07-31T22:00:00Z
14,278,Našice,2228,1774,4002,192,105,297,61,29,90,22,35,57,203,238,441,0,0,0,6,7,13,2712,2188,4900,2023-07-31T22:00:00Z
14,312,Osijek,24492,22633,47125,1015,723,1738,127,52,179,165,191,356,759,1122,1881,0,1,1,26,41,67,26584,24763,51347,2023-07-31T22:00:00Z
14,325,Petlovac,56,50,106,7,4,11,12,0,12,0,0,0,19,8,27,0,0,0,0,0,0,94,62,156,2023-07-31T22:00:00Z
14,327,Petrijevci,262,190,452,19,5,24,5,2,7,0,1,1,8,8,16,1,0,1,1,2,3,296,208,504,2023-07-31T22:00:00Z
14,340,Podgorač,115,74,189,27,9,36,25,4,29,1,1,2,18,44,62,0,0,0,0,0,0,186,132,318,2023-07-31T22:00:00Z
14,346,Popovac,53,40,93,1,3,4,6,2,8,0,0,0,3,2,5,0,0,0,0,0,0,63,47,110,2023-07-31T22:00:00Z
14,361,Punitovci,49,60,109,21,5,26,16,3,19,0,0,0,40,7,47,0,0,0,0,0,0,126,75,201,2023-07-31T22:00:00Z
14,381,Satnica Đakovačka,127,81,208,19,7,26,9,2,11,0,0,0,44,28,72,0,0,0,0,0,0,199,118,317,2023-07-31T22:00:00Z
14,386,Semeljci,213,190,403,45,18,63,50,22,72,1,1,2,77,36,113,0,0,0,0,2,2,386,269,655,2023-07-31T22:00:00Z
14,421,Strizivojna,305,293,598,18,10,28,15,4,19,0,0,0,16,9,25,0,0,0,1,1,2,355,317,672,2023-07-31T22:00:00Z
14,461,Trnava,55,63,118,5,3,8,13,4,17,0,0,0,12,4,16,0,0,0,0,0,0,85,74,159,2023-07-31T22:00:00Z
14,471,Valpovo,856,1087,1943,94,65,159,53,16,69,14,19,33,91,124,215,0,0,0,4,9,13,1112,1320,2432,2023-07-31T22:00:00Z
14,485,Viljevo,59,57,116,10,0,10,19,4,23,0,0,0,17,12,29,0,0,0,0,1,1,105,74,179,2023-07-31T22:00:00Z
14,494,Viškovci,243,190,433,24,6,30,15,4,19,0,0,0,19,7,26,0,0,0,1,0,1,302,207,509,2023-07-31T22:00:00Z
14,517,Vuka,33,50,83,17,2,19,12,4,16,0,0,0,25,10,35,0,0,0,0,0,0,87,66,153,2023-07-31T22:00:00Z
14,576,Donja Motičina,23,14,37,11,3,14,1,1,2,1,1,2,16,7,23,0,0,0,0,0,0,52,26,78,2023-07-31T22:00:00Z
14,578,Magadenovac,82,99,181,5,3,8,22,9,31,0,1,1,18,15,33,0,0,0,0,0,0,127,127,254,2023-07-31T22:00:00Z
14,579,Vladislavci,131,77,208,3,0,3,5,6,11,0,0,0,8,3,11,0,0,0,0,0,0,147,86,233,2023-07-31T22:00:00Z
14,609,Jagodnjak,114,65,179,8,2,10,25,6,31,0,0,0,13,4,17,0,0,0,0,0,0,160,77,237,2023-07-31T22:00:00Z
14,614,Šodolovci,26,10,36,0,0,0,0,0,0,0,0,0,9,4,13,0,0,0,0,0,0,35,14,49,2023-07-31T22:00:00Z
14,64,Čeminac,70,103,173,10,0,10,4,2,6,0,0,0,25,14,39,0,0,0,0,0,0,109,119,228,2023-07-31T22:00:00Z
14,65,Čepin,791,528,1319,101,38,139,59,28,87,4,5,9,95,95,190,0,0,0,2,2,4,1052,696,1748,2023-07-31T22:00:00Z
14,66,Darda,1834,869,2703,56,35,91,34,8,42,3,4,7,63,56,119,0,0,0,0,2,2,1990,974,2964,2023-07-31T22:00:00Z
14,86,Donji Miholjac,1168,1002,2170,107,62,169,168,40,208,6,11,17,153,125,278,0,0,0,1,3,4,1603,1243,2846,2023-07-31T22:00:00Z
14,91,Draž,99,106,205,11,3,14,13,4,17,0,0,0,8,9,17,0,0,0,0,2,2,131,124,255,2023-07-31T22:00:00Z
14,94,Drenje,105,95,200,32,5,37,47,9,56,0,0,0,15,19,34,0,0,0,0,0,0,199,128,327,2023-07-31T22:00:00Z
15,113,Ervenik,44,42,86,3,0,3,3,1,4,0,0,0,4,3,7,0,0,0,0,0,0,54,46,100,2023-07-31T22:00:00Z
15,183,Kijevo,32,27,59,2,0,2,0,0,0,0,0,0,0,0,0,0,0,0,0,0,0,34,27,61,2023-07-31T22:00:00Z
15,184,Kistanje,85,68,153,31,11,42,1,2,3,2,0,2,28,19,47,0,0,0,0,0,0,147,100,247,2023-07-31T22:00:00Z
15,196,Knin,1298,1382,2680,140,71,211,61,16,77,34,5,39,159,154,313,0,0,0,1,2,3,1693,1630,3323,2023-07-31T22:00:00Z
15,298,Promina,114,85,199,1,1,2,1,2,3,0,0,0,1,1,2,0,0,0,0,0,0,117,89,206,2023-07-31T22:00:00Z
15,310,Biskupija,135,19,154,1,1,2,2,0,2,1,0,1,1,1,2,0,0,0,0,0,0,140,21,161,2023-07-31T22:00:00Z
15,357,Primošten,364,376,740,145,47,192,6,1,7,4,1,5,173,149,322,0,1,1,2,2,4,694,577,1271,2023-07-31T22:00:00Z
15,377,Ružić,31,26,57,5,2,7,5,5,10,0,0,0,5,12,17,0,0,0,0,0,0,46,45,91,2023-07-31T22:00:00Z
15,394,Skradin,159,181,340,56,20,76,19,8,27,3,3,6,82,72,154,0,0,0,0,0,0,319,284,603,2023-07-31T22:00:00Z
15,444,Šibenik,8724,8932,17656,723,426,1149,29,13,42,216,102,318,749,792,1541,0,0,0,12,19,31,10453,10284,20737,2023-07-31T22:00:00Z
15,454,Tisno,454,396,850,121,55,176,7,0,7,8,3,11,119,136,255,0,0,0,0,2,2,709,592,1301,2023-07-31T22:00:00Z
15,469,Unešić,56,52,108,10,0,10,4,1,5,1,0,1,15,5,20,0,0,0,0,0,0,86,58,144,2023-07-31T22:00:00Z
15,500,Vodice,1321,1357,2678,356,154,510,12,3,15,15,11,26,343,286,629,0,0,0,3,4,7,2050,1815,3865,2023-07-31T22:00:00Z
15,51,Civljane,55,6,61,1,2,3,0,0,0,0,0,0,3,1,4,0,0,0,0,0,0,59,9,68,2023-07-31T22:00:00Z
15,581,Pirovac,173,196,369,53,29,82,6,5,11,5,2,7,94,101,195,0,0,0,1,0,1,332,333,665,2023-07-31T22:00:00Z
15,582,Rogoznica,352,343,695,60,30,90,1,1,2,4,1,5,93,76,169,0,0,0,1,0,1,511,451,962,2023-07-31T22:00:00Z
15,617,Murter,405,379,784,88,56,144,3,1,4,18,4,22,188,161,349,0,0,0,3,2,5,705,603,1308,2023-07-31T22:00:00Z
15,621,Bilice,108,53,161,29,7,36,0,0,0,7,0,7,31,16,47,0,0,0,0,0,0,175,76,251,2023-07-31T22:00:00Z
15,626,Tribunj,114,117,231,32,19,51,1,0,1,5,0,5,89,71,160,0,0,0,1,0,1,242,207,449,2023-07-31T22:00:00Z
15,95,Drniš,927,608,1535,69,59,128,53,25,78,5,8,13,91,86,177,0,0,0,1,0,1,1146,786,1932,2023-07-31T22:00:00Z
16,1,Andrijaševci,72,106,178,25,14,39,13,5,18,1,1,2,36,34,70,0,0,0,1,4,5,148,164,312,2023-07-31T22:00:00Z
16,137,Gradište,83,94,177,18,4,22,30,5,35,0,1,1,17,12,29,0,0,0,0,1,1,148,117,265,2023-07-31T22:00:00Z
16,141,Gunja,196,120,316,27,9,36,44,16,60,1,0,1,37,13,50,0,0,0,0,3,3,305,161,466,2023-07-31T22:00:00Z
16,154,Ilok,469,567,1036,68,23,91,52,17,69,1,2,3,109,96,205,0,0,0,0,0,0,699,705,1404,2023-07-31T22:00:00Z
16,159,Ivankovo,344,404,748,74,31,105,54,11,65,1,5,6,115,78,193,0,0,0,3,4,7,591,533,1124,2023-07-31T22:00:00Z
16,166,Jarmina,31,71,102,19,13,32,29,11,40,0,1,1,26,22,48,0,0,0,0,2,2,105,120,225,2023-07-31T22:00:00Z
16,239,Lovas,62,63,125,6,0,6,13,1,14,0,0,0,4,6,10,0,0,0,0,0,0,85,70,155,2023-07-31T22:00:00Z
16,26,Bogdanovci,29,19,48,3,0,3,7,4,11,0,0,0,17,5,22,0,0,0,0,0,0,56,28,84,2023-07-31T22:00:00Z
16,29,Borovo,68,93,161,49,16,65,26,5,31,1,3,4,59,80,139,0,0,0,0,1,1,203,198,401,2023-07-31T22:00:00Z
16,294,Nuštar,262,292,554,44,20,64,22,6,28,1,1,2,51,31,82,0,0,0,0,3,3,380,353,733,2023-07-31T22:00:00Z
16,295,Nijemci,204,216,420,24,8,32,85,22,107,0,1,1,67,30,97,0,0,0,0,2,2,380,279,659,2023-07-31T22:00:00Z
16,3,Babina Greda,174,197,371,35,16,51,76,28,104,3,0,3,34,44,78,0,0,0,0,0,0,322,285,607,2023-07-31T22:00:00Z
16,32,Bošnjaci,110,108,218,26,7,33,30,5,35,3,0,3,28,43,71,0,0,0,0,0,0,197,163,360,2023-07-31T22:00:00Z
16,414,Stari Jankovci,139,111,250,23,4,27,44,9,53,1,0,1,29,17,46,0,0,0,1,1,2,237,142,379,2023-07-31T22:00:00Z
16,415,Stari Mikanovci,102,124,226,22,9,31,24,13,37,4,1,5,35,41,76,0,0,0,1,0,1,188,188,376,2023-07-31T22:00:00Z
16,44,Cerna,454,220,674,46,30,76,56,20,76,2,1,3,57,71,128,0,0,0,0,0,0,615,342,957,2023-07-31T22:00:00Z
16,456,Tompojevci,20,33,53,15,5,20,39,12,51,0,0,0,13,11,24,0,0,0,1,0,1,88,61,149,2023-07-31T22:00:00Z
16,458,Tordinci,98,85,183,5,1,6,9,0,9,0,0,0,7,13,20,0,0,0,0,0,0,119,99,218,2023-07-31T22:00:00Z
16,459,Tovarnik,168,135,303,20,3,23,47,23,70,1,1,2,7,21,28,0,0,0,0,0,0,243,183,426,2023-07-31T22:00:00Z
16,464,Trpinja,110,194,304,31,11,42,80,18,98,1,0,1,34,22,56,0,0,0,0,1,1,256,246,502,2023-07-31T22:00:00Z
16,487,Vinkovci,7994,6451,14445,327,205,532,44,23,67,56,49,105,460,666,1126,1,0,1,9,14,23,8891,7408,16299,2023-07-31T22:00:00Z
16,505,Vrbanja,312,178,490,31,12,43,63,15,78,1,1,2,32,35,67,0,0,0,0,1,1,439,242,681,2023-07-31T22:00:00Z
16,518,Vukovar,4517,4634,9151,307,167,474,109,37,146,24,25,49,418,414,832,0,0,0,2,9,11,5377,5286,10663,2023-07-31T22:00:00Z
16,534,Županja,1981,1447,3428,138,61,199,40,15,55,22,17,39,165,187,352,1,0,1,4,9,13,2351,1736,4087,2023-07-31T22:00:00Z
16,535,Otok (Vinkovci),403,309,712,36,23,59,61,10,71,5,1,6,79,65,144,0,0,0,0,2,2,584,410,994,2023-07-31T22:00:00Z
16,583,Privlaka,87,81,168,20,8,28,25,9,34,0,2,2,19,19,38,0,0,0,1,0,1,152,119,271,2023-07-31T22:00:00Z
16,584,Vođinci,51,159,210,14,2,16,6,6,12,0,1,1,12,17,29,0,0,0,0,0,0,83,185,268,2023-07-31T22:00:00Z
16,610,Markušica,40,52,92,12,4,16,47,15,62,0,1,1,14,10,24,0,0,0,1,0,1,114,82,196,2023-07-31T22:00:00Z
16,612,Negoslavci,14,12,26,7,1,8,11,3,14,1,0,1,16,13,29,0,0,0,0,0,0,49,29,78,2023-07-31T22:00:00Z
16,628,Štitar,83,66,149,7,2,9,13,3,16,0,0,0,10,4,14,0,0,0,0,0,0,113,75,188,2023-07-31T22:00:00Z
16,92,Drenovci,104,154,258,39,4,43,113,36,149,2,1,3,46,49,95,0,0,0,1,1,2,305,245,550,2023-07-31T22:00:00Z
17,100,Dugi Rat,982,796,1778,109,51,160,0,2,2,37,6,43,298,194,492,0,0,0,1,2,3,1427,1051,2478,2023-07-31T22:00:00Z
17,134,Gradac,219,316,535,86,43,129,3,1,4,3,1,4,153,225,378,0,0,0,2,0,2,466,586,1052,2023-07-31T22:00:00Z
17,148,Hrvace,314,184,498,48,21,69,8,7,15,1,4,5,52,39,91,0,0,0,1,2,3,424,257,681,2023-07-31T22:00:00Z
17,153,Hvar,1340,1212,2552,277,128,405,17,12,29,16,4,20,542,468,1010,2,0,2,5,12,17,2199,1836,4035,2023-07-31T22:00:00Z
17,155,Imotski,1384,1363,2747,187,98,285,11,7,18,27,15,42,143,189,332,0,0,0,8,11,19,1760,1683,3443,2023-07-31T22:00:00Z
17,171,Jelsa,494,445,939,118,49,167,37,18,55,10,1,11,229,176,405,0,1,1,1,4,5,889,694,1583,2023-07-31T22:00:00Z
17,181,Kaštela,3927,4127,8054,568,301,869,24,13,37,116,42,158,590,627,1217,0,0,0,29,20,49,5254,5130,10384,2023-07-31T22:00:00Z
17,192,Klis,252,202,454,34,7,41,8,2,10,24,3,27,58,29,87,0,0,0,2,3,5,378,246,624,2023-07-31T22:00:00Z
17,197,Komiža,229,197,426,75,26,101,5,1,6,3,2,5,61,71,132,0,0,0,0,2,2,373,299,672,2023-07-31T22:00:00Z
17,243,Lovreć,161,76,237,16,9,25,5,1,6,1,0,1,33,15,48,0,0,0,1,2,3,217,103,320,2023-07-31T22:00:00Z
17,249,Makarska,3150,3233,6383,362,223,585,3,1,4,43,30,73,613,618,1231,1,0,1,4,2,6,4176,4107,8283,2023-07-31T22:00:00Z
17,258,Marina,238,276,514,78,42,120,5,5,10,16,0,16,81,95,176,1,0,1,3,1,4,422,419,841,2023-07-31T22:00:00Z
17,267,Milna,119,126,245,32,12,44,5,2,7,3,0,3,58,57,115,0,0,0,1,0,1,218,197,415,2023-07-31T22:00:00Z
17,27,Bol,657,609,1266,84,41,125,5,3,8,6,2,8,158,108,266,0,0,0,2,1,3,912,764,1676,2023-07-31T22:00:00Z
17,280,Nerežišća,136,58,194,19,5,24,3,1,4,1,0,1,36,22,58,0,0,0,0,1,1,195,87,282,2023-07-31T22:00:00Z
17,300,Omiš,1685,1766,3451,319,145,464,13,6,19,31,15,46,459,442,901,0,0,0,3,5,8,2510,2379,4889,2023-07-31T22:00:00Z
17,314,Otok,208,188,396,76,22,98,10,1,11,2,1,3,89,43,132,0,0,0,1,1,2,386,256,642,2023-07-31T22:00:00Z
17,337,Podbablje,285,188,473,37,5,42,4,0,4,2,2,4,18,39,57,0,0,0,0,4,4,346,238,584,2023-07-31T22:00:00Z
17,339,Podgora,394,426,820,110,40,150,1,1,2,2,0,2,192,171,363,0,0,0,1,1,2,700,639,1339,2023-07-31T22:00:00Z
17,341,Podstrana,955,839,1794,74,31,105,13,3,16,39,4,43,92,108,200,1,0,1,2,4,6,1176,989,2165,2023-07-31T22:00:00Z
17,350,Postira,336,313,649,39,22,61,8,1,9,0,3,3,30,21,51,0,0,0,0,1,1,413,361,774,2023-07-31T22:00:00Z
17,358,Pučišća,232,147,379,59,10,69,11,4,15,3,0,3,43,36,79,0,0,0,1,0,1,349,197,546,2023-07-31T22:00:00Z
17,382,Seget,638,633,1271,54,15,69,5,3,8,13,3,16,198,100,298,0,0,0,2,2,4,910,756,1666,2023-07-31T22:00:00Z
17,383,Selca,138,131,269,55,22,77,8,5,13,5,1,6,83,48,131,0,0,0,0,0,0,289,207,496,2023-07-31T22:00:00Z
17,389,Sinj,1929,1976,3905,360,167,527,60,19,79,43,39,82,342,391,733,0,0,0,5,11,16,2739,2603,5342,2023-07-31T22:00:00Z
17,406,Solin,3803,3108,6911,293,184,477,12,6,18,140,37,177,330,296,626,0,0,0,8,8,16,4586,3639,8225,2023-07-31T22:00:00Z
17,409,Split,36621,39626,76247,1884,1314,3198,63,42,105,2302,448,2750,1713,2296,4009,6,2,8,131,137,268,42720,43865,86585,2023-07-31T22:00:00Z
17,413,Stari Grad,512,487,999,86,43,129,19,17,36,4,3,7,108,94,202,0,0,0,4,9,13,733,653,1386,2023-07-31T22:00:00Z
17,423,Sućuraj,39,36,75,27,7,34,2,1,3,1,0,1,18,22,40,0,0,0,1,1,2,88,67,155,2023-07-31T22:00:00Z
17,427,Supetar,890,945,1835,165,80,245,14,7,21,26,12,38,220,204,424,0,0,0,7,1,8,1322,1249,2571,2023-07-31T22:00:00Z
17,443,Šestanovac,160,134,294,32,10,42,12,2,14,1,2,3,17,27,44,0,0,0,3,0,3,225,175,400,2023-07-31T22:00:00Z
17,447,Šolta,256,194,450,25,24,49,11,5,16,6,1,7,36,31,67,0,0,0,1,0,1,335,255,590,2023-07-31T22:00:00Z
17,460,Trilj,542,615,1157,157,46,203,24,10,34,9,1,10,115,130,245,0,0,0,1,6,7,848,808,1656,2023-07-31T22:00:00Z
17,463,Trogir,2072,2152,4224,421,219,640,16,5,21,66,37,103,548,725,1273,0,0,0,11,15,26,3134,3153,6287,2023-07-31T22:00:00Z
17,492,Vis,400,372,772,82,31,113,12,3,15,4,2,6,96,80,176,0,0,0,1,1,2,595,489,1084,2023-07-31T22:00:00Z
17,50,Cista Provo,121,156,277,28,4,32,7,1,8,0,0,0,7,13,20,0,0,0,0,3,3,163,177,340,2023-07-31T22:00:00Z
17,511,Vrgorac,983,731,1714,55,30,85,26,15,41,5,6,11,47,74,121,0,0,0,2,4,6,1118,860,1978,2023-07-31T22:00:00Z
17,513,Vrlika,102,206,308,17,3,20,13,8,21,2,0,2,24,10,34,0,0,0,1,0,1,159,227,386,2023-07-31T22:00:00Z
17,522,Zagvozd,138,84,222,20,3,23,2,1,3,0,0,0,12,12,24,0,0,0,0,0,0,172,100,272,2023-07-31T22:00:00Z
17,528,Zmijavci,97,115,212,9,4,13,1,1,2,3,0,3,27,11,38,0,0,0,0,1,1,137,132,269,2023-07-31T22:00:00Z
17,585,Dugopolje,1721,952,2673,48,16,64,5,2,7,8,2,10,60,29,89,0,0,0,1,0,1,1843,1001,2844,2023-07-31T22:00:00Z
17,586,Lećevica,14,21,35,9,0,9,2,2,4,1,0,1,2,0,2,0,0,0,0,0,0,28,23,51,2023-07-31T22:00:00Z
17,587,Lokvičići,30,17,47,2,0,2,2,0,2,0,0,0,1,0,1,0,0,0,1,0,1,36,17,53,2023-07-31T22:00:00Z
17,588,Okrug,227,286,513,66,39,105,1,0,1,9,4,13,210,125,335,0,0,0,2,4,6,515,458,973,2023-07-31T22:00:00Z
17,589,Prgomet,29,27,56,6,0,6,1,0,1,0,0,0,3,0,3,0,0,0,0,0,0,39,27,66,2023-07-31T22:00:00Z
17,590,Primorski Dolac,22,32,54,4,3,7,1,1,2,1,1,2,1,2,3,0,0,0,0,0,0,29,39,68,2023-07-31T22:00:00Z
17,591,Runovići,70,66,136,16,2,18,1,2,3,0,2,2,27,33,60,0,0,0,0,0,0,114,105,219,2023-07-31T22:00:00Z
17,592,Sutivan,143,127,270,22,10,32,3,1,4,8,2,10,43,32,75,0,0,0,0,0,0,219,172,391,2023-07-31T22:00:00Z
17,593,Tučepi,411,399,810,70,31,101,0,1,1,3,3,6,189,178,367,0,0,0,1,1,2,674,613,1287,2023-07-31T22:00:00Z
17,595,Zadvarje,46,37,83,8,1,9,1,1,2,0,0,0,8,6,14,0,0,0,0,0,0,63,45,108,2023-07-31T22:00:00Z
17,72,Dicmo,488,199,687,39,16,55,4,2,6,4,1,5,28,42,70,0,0,0,2,0,2,565,260,825,2023-07-31T22:00:00Z
17,77,Brela,349,364,713,62,35,97,0,0,0,2,1,3,107,132,239,0,0,0,1,0,1,521,532,1053,2023-07-31T22:00:00Z
17,87,Muć,174,200,374,24,4,28,2,4,6,2,4,6,17,7,24,0,0,0,0,1,1,219,220,439,2023-07-31T22:00:00Z
17,88,Proložac,201,155,356,24,7,31,2,5,7,1,0,1,43,24,67,0,0,0,6,1,7,277,192,469,2023-07-31T22:00:00Z
17,9,Baška Voda,401,481,882,118,77,195,1,0,1,3,2,5,181,236,417,0,0,0,0,2,2,704,798,1502,2023-07-31T22:00:00Z
18,132,Gračišće,56,24,80,30,6,36,10,3,13,0,0,0,35,10,45,0,0,0,0,0,0,131,43,174,2023-07-31T22:00:00Z
18,138,Grožnjan,34,36,70,21,2,23,11,5,16,0,0,0,12,18,30,0,0,0,0,1,1,78,62,140,2023-07-31T22:00:00Z
18,175,Kanfanar,586,258,844,33,13,46,4,1,5,0,0,0,23,16,39,0,0,0,2,1,3,648,289,937,2023-07-31T22:00:00Z
18,217,Kršan,329,281,610,50,14,64,9,3,12,5,1,6,129,60,189,0,0,0,0,4,4,522,363,885,2023-07-31T22:00:00Z
18,222,Labin,3058,2875,5933,270,150,420,18,8,26,28,36,64,321,285,606,0,0,0,8,6,14,3703,3360,7063,2023-07-31T22:00:00Z
18,223,Lanišće,14,12,26,3,0,3,2,0,2,0,1,1,14,6,20,0,0,0,0,1,1,33,20,53,2023-07-31T22:00:00Z
18,235,Ližnjan,222,148,370,19,9,28,2,0,2,4,0,4,47,38,85,0,0,0,1,0,1,295,195,490,2023-07-31T22:00:00Z
18,246,Lupoglav,219,118,337,11,5,16,5,2,7,0,1,1,12,9,21,0,0,0,0,0,0,247,135,382,2023-07-31T22:00:00Z
18,254,Marčana,182,195,377,45,18,63,3,2,5,5,1,6,42,26,68,0,0,0,0,0,0,277,242,519,2023-07-31T22:00:00Z
18,263,Medulin,1023,1003,2026,108,69,177,6,3,9,7,6,13,374,333,707,0,0,0,1,2,3,1519,1416,2935,2023-07-31T22:00:00Z
18,274,Motovun,107,122,229,40,20,60,16,7,23,1,1,2,55,51,106,0,0,0,0,4,4,219,205,424,2023-07-31T22:00:00Z
18,291,Novigrad,1140,1261,2401,148,68,216,14,4,18,2,9,11,185,170,355,0,0,0,2,4,6,1491,1516,3007,2023-07-31T22:00:00Z
18,304,Oprtalj,71,82,153,13,8,21,13,1,14,0,0,0,12,12,24,0,0,0,2,1,3,111,104,215,2023-07-31T22:00:00Z
18,321,Pazin,1949,1995,3944,318,140,458,58,26,84,16,21,37,295,221,516,0,0,0,4,13,17,2640,2416,5056,2023-07-31T22:00:00Z
18,330,Pićan,341,144,485,35,10,45,1,5,6,0,2,2,54,23,77,0,0,0,1,1,2,432,185,617,2023-07-31T22:00:00Z
18,348,Poreč,6255,6189,12444,775,433,1208,52,19,71,53,52,105,918,881,1799,2,1,3,10,7,17,8065,7582,15647,2023-07-31T22:00:00Z
18,359,Pula,13719,12990,26709,1450,794,2244,68,45,113,251,170,421,1152,1268,2420,0,0,0,36,43,79,16676,15310,31986,2023-07-31T22:00:00Z
18,368,Raša,310,183,493,27,12,39,2,0,2,2,1,3,50,30,80,0,0,0,1,0,1,392,226,618,2023-07-31T22:00:00Z
18,374,Rovinj,3933,4220,8153,497,297,794,29,19,48,29,37,66,856,755,1611,0,0,0,10,24,34,5354,5352,10706,2023-07-31T22:00:00Z
18,40,Brtonigla,195,136,331,40,12,52,20,7,27,2,1,3,53,67,120,0,0,0,0,1,1,310,224,534,2023-07-31T22:00:00Z
18,42,Buje,845,825,1670,123,53,176,28,13,41,8,8,16,71,75,146,0,0,0,1,5,6,1076,979,2055,2023-07-31T22:00:00Z
18,43,Buzet,1576,1087,2663,176,67,243,25,14,39,5,4,9,157,105,262,0,0,0,4,8,12,1943,1285,3228,2023-07-31T22:00:00Z
18,431,Sveti Lovreč,58,54,112,23,13,36,2,0,2,0,1,1,38,18,56,0,0,0,0,0,0,121,86,207,2023-07-31T22:00:00Z
18,432,Sveta Nedelja,189,157,346,32,10,42,8,2,10,8,0,8,45,21,66,0,0,0,4,1,5,286,191,477,2023-07-31T22:00:00Z
18,433,Sveti Petar U Šumi,169,126,295,23,3,26,3,4,7,0,0,0,15,7,22,0,0,0,1,0,1,211,140,351,2023-07-31T22:00:00Z
18,435,Svetvinčenat,143,111,254,26,7,33,3,0,3,0,2,2,24,26,50,0,0,0,0,0,0,196,146,342,2023-07-31T22:00:00Z
18,453,Tinjan,205,113,318,38,10,48,4,1,5,1,3,4,52,34,86,0,0,0,1,0,1,301,161,462,2023-07-31T22:00:00Z
18,468,Umag,3360,3095,6455,474,215,689,31,17,48,38,31,69,454,478,932,0,0,0,12,17,29,4369,3853,8222,2023-07-31T22:00:00Z
18,47,Cerovlje,133,66,199,35,4,39,4,3,7,2,0,2,25,14,39,0,0,0,0,1,1,199,88,287,2023-07-31T22:00:00Z
18,497,Višnjan,274,264,538,49,11,60,12,2,14,1,1,2,115,41,156,0,0,0,4,1,5,455,320,775,2023-07-31T22:00:00Z
18,498,Vižinada,59,56,115,32,12,44,15,5,20,0,0,0,36,36,72,0,0,0,0,1,1,142,110,252,2023-07-31T22:00:00Z
18,5,Bale,214,188,402,24,22,46,2,2,4,0,0,0,62,36,98,0,0,0,0,1,1,302,249,551,2023-07-31T22:00:00Z
18,502,Vodnjan,872,676,1548,60,29,89,9,3,12,9,2,11,118,74,192,0,1,1,2,0,2,1070,785,1855,2023-07-31T22:00:00Z
18,516,Vrsar,569,632,1201,89,43,132,3,3,6,3,1,4,295,260,555,0,0,0,1,1,2,960,940,1900,2023-07-31T22:00:00Z
18,531,Žminj,491,450,941,113,50,163,13,9,22,3,5,8,95,105,200,0,0,0,3,2,5,718,621,1339,2023-07-31T22:00:00Z
18,596,Karojba,143,155,298,34,6,40,0,1,1,0,0,0,45,14,59,0,1,1,0,0,0,222,177,399,2023-07-31T22:00:00Z
18,597,Kaštelir - Labinci,143,83,226,37,19,56,8,6,14,1,0,1,65,22,87,0,0,0,1,3,4,255,133,388,2023-07-31T22:00:00Z
18,6,Barban,255,115,370,49,8,57,14,5,19,0,1,1,31,27,58,0,0,0,3,4,7,352,160,512,2023-07-31T22:00:00Z
18,619,Fažana,404,386,790,48,24,72,2,2,4,3,4,7,84,75,159,0,0,0,1,2,3,542,493,1035,2023-07-31T22:00:00Z
18,629,Funtana,234,248,482,29,19,48,1,1,2,1,0,1,134,144,278,0,0,0,1,0,1,400,412,812,2023-07-31T22:00:00Z
18,631,Tar-Vabriga,254,335,589,51,22,73,1,1,2,0,1,1,136,98,234,0,0,0,0,2,2,442,459,901,2023-07-31T22:00:00Z
19,198,Konavle,1770,1430,3200,208,88,296,18,12,30,37,8,45,154,171,325,0,1,1,7,1,8,2194,1711,3905,2023-07-31T22:00:00Z
19,204,Korčula,920,1086,2006,185,87,272,18,6,24,114,11,125,246,247,493,0,0,0,6,10,16,1489,1447,2936,2023-07-31T22:00:00Z
19,219,Kula Norinska,38,39,77,9,2,11,1,0,1,0,0,0,6,7,13,0,0,0,0,0,0,54,48,102,2023-07-31T22:00:00Z
19,226,Lastovo,92,111,203,34,11,45,2,2,4,4,1,5,22,25,47,0,0,0,2,2,4,156,152,308,2023-07-31T22:00:00Z
19,25,Blato,594,415,1009,84,22,106,14,3,17,11,8,19,154,58,212,0,0,0,6,2,8,863,508,1371,2023-07-31T22:00:00Z
19,264,Metković,2275,1749,4024,190,129,319,40,25,65,47,17,64,328,270,598,0,0,0,6,10,16,2886,2200,5086,2023-07-31T22:00:00Z
19,268,Mljet,224,143,367,35,13,48,4,0,4,4,2,6,43,47,90,0,0,0,1,1,2,311,206,517,2023-07-31T22:00:00Z
19,306,Opuzen,477,430,907,34,21,55,60,23,83,4,1,5,26,29,55,0,0,0,2,1,3,603,505,1108,2023-07-31T22:00:00Z
19,308,Orebić,515,526,1041,106,57,163,35,8,43,33,6,39,193,186,379,0,0,0,2,12,14,884,795,1679,2023-07-31T22:00:00Z
19,335,Ploče,1392,935,2327,98,60,158,32,11,43,21,5,26,118,145,263,0,0,0,3,4,7,1664,1160,2824,2023-07-31T22:00:00Z
19,343,Pojezerje,33,43,76,5,2,7,8,1,9,0,0,0,2,4,6,0,0,0,0,0,0,48,50,98,2023-07-31T22:00:00Z
19,399,Slivno,94,41,135,17,12,29,12,5,17,0,0,0,22,28,50,0,0,0,0,0,0,145,86,231,2023-07-31T22:00:00Z
19,402,Smokvica,38,85,123,16,3,19,17,5,22,8,0,8,36,16,52,0,0,0,1,0,1,116,109,225,2023-07-31T22:00:00Z
19,419,Ston,442,272,714,64,18,82,22,3,25,5,1,6,63,48,111,0,0,0,1,2,3,597,344,941,2023-07-31T22:00:00Z
19,474,Vela Luka,339,563,902,80,35,115,10,2,12,36,5,41,118,83,201,0,0,0,2,4,6,585,692,1277,2023-07-31T22:00:00Z
19,523,Zažablje,11,9,20,4,0,4,4,2,6,1,1,2,11,1,12,0,0,0,0,0,0,31,13,44,2023-07-31T22:00:00Z
19,598,Dubrovačko Primorje,200,169,369,31,9,40,3,5,8,10,3,13,50,33,83,0,0,0,0,1,1,294,220,514,2023-07-31T22:00:00Z
19,599,Janjina,55,60,115,11,7,18,8,3,11,1,2,3,19,17,36,0,0,0,3,1,4,97,90,187,2023-07-31T22:00:00Z
19,600,Lumbarda,77,79,156,44,18,62,13,2,15,7,0,7,62,55,117,0,0,0,4,4,8,207,158,365,2023-07-31T22:00:00Z
19,601,Trpanj,61,55,116,15,9,24,3,1,4,2,1,3,36,25,61,0,0,0,1,2,3,118,93,211,2023-07-31T22:00:00Z
19,602,Župa Dubrovačka,906,918,1824,161,75,236,4,8,12,55,1,56,107,114,221,0,0,0,3,5,8,1236,1121,2357,2023-07-31T22:00:00Z
19,98,Dubrovnik,12146,12398,24544,944,515,1459,27,16,43,510,76,586,951,896,1847,1,0,1,36,57,93,14615,13958,28573,2023-07-31T22:00:00Z
20,123,Goričan,305,165,470,7,4,11,8,2,10,0,3,3,10,9,19,0,0,0,0,0,0,330,183,513,2023-07-31T22:00:00Z
20,15,Belica,195,203,398,24,16,40,58,32,90,1,1,2,29,39,68,0,0,0,1,2,3,308,293,601,2023-07-31T22:00:00Z
20,206,Kotoriba,508,278,786,11,5,16,5,0,5,0,4,4,10,9,19,0,0,0,0,0,0,534,296,830,2023-07-31T22:00:00Z
20,250,Mala Subotica,558,1092,1650,24,18,42,30,15,45,2,5,7,20,24,44,0,0,0,0,2,2,634,1156,1790,2023-07-31T22:00:00Z
20,276,Mursko Središće,864,773,1637,48,26,74,14,7,21,2,7,9,39,53,92,0,0,0,2,2,4,969,868,1837,2023-07-31T22:00:00Z
20,279,Nedelišće,1558,836,2394,101,47,148,39,20,59,1,7,8,140,85,225,0,0,0,1,6,7,1840,1001,2841,2023-07-31T22:00:00Z
20,342,Podturen,211,125,336,21,8,29,17,12,29,1,2,3,51,36,87,0,0,0,0,1,1,301,184,485,2023-07-31T22:00:00Z
20,355,Prelog,2365,1643,4008,66,30,96,49,22,71,8,9,17,73,73,146,0,0,0,6,6,12,2567,1783,4350,2023-07-31T22:00:00Z
20,385,Selnica,148,151,299,12,10,22,7,5,12,1,2,3,14,13,27,0,0,0,1,0,1,183,181,364,2023-07-31T22:00:00Z
20,440,Sveti Juraj Na Bregu,300,199,499,27,16,43,12,6,18,2,4,6,33,44,77,0,0,0,0,0,0,374,269,643,2023-07-31T22:00:00Z
20,441,Sveti Martin Na Muri,634,354,988,16,14,30,7,5,12,0,3,3,29,35,64,0,0,0,3,0,3,689,411,1100,2023-07-31T22:00:00Z
20,452,Štrigova,303,204,507,24,12,36,35,18,53,2,1,3,56,71,127,0,0,0,0,1,1,420,307,727,2023-07-31T22:00:00Z
20,504,Vratišinec,127,92,219,7,2,9,11,2,13,1,2,3,8,10,18,0,0,0,1,1,2,155,109,264,2023-07-31T22:00:00Z
20,60,Čakovec,9771,8953,18724,265,155,420,58,24,82,43,61,104,246,322,568,0,0,0,9,19,28,10392,9534,19926,2023-07-31T22:00:00Z
20,603,Dekanovec,81,79,160,6,1,7,4,5,9,0,0,0,8,2,10,0,0,0,0,0,0,99,87,186,2023-07-31T22:00:00Z
20,604,Gornji Mihaljevec,105,71,176,13,4,17,25,9,34,2,1,3,22,16,38,0,0,0,0,2,2,167,103,270,2023-07-31T22:00:00Z
20,605,Orehovica,211,145,356,18,3,21,24,9,33,1,2,3,40,18,58,0,0,0,0,2,2,294,179,473,2023-07-31T22:00:00Z
20,606,Strahoninec,244,150,394,14,8,22,3,3,6,0,1,1,35,11,46,0,0,0,1,2,3,297,175,472,2023-07-31T22:00:00Z
20,607,Sveta Marija,64,77,141,12,2,14,4,0,4,1,1,2,20,6,26,0,0,0,0,1,1,101,87,188,2023-07-31T22:00:00Z
20,608,Šenkovec,508,272,780,20,9,29,2,1,3,0,1,1,28,18,46,0,0,0,1,2,3,559,303,862,2023-07-31T22:00:00Z
20,620,Pribislavec,319,179,498,10,8,18,2,1,3,2,1,3,8,10,18,0,0,0,0,1,1,341,200,541,2023-07-31T22:00:00Z
20,75,Domašinec,263,109,372,7,7,14,19,16,35,0,1,1,17,7,24,0,0,0,2,0,2,308,140,448,2023-07-31T22:00:00Z
20,78,Donja Dubrava,211,226,437,18,6,24,5,3,8,0,2,2,12,13,25,0,0,0,0,0,0,246,250,496,2023-07-31T22:00:00Z
20,82,Donji Kraljevec,1403,634,2037,43,15,58,51,21,72,3,4,7,87,115,202,0,0,0,3,11,14,1590,800,2390,2023-07-31T22:00:00Z
20,89,Donji Vidovec,60,77,137,5,1,6,2,0,2,1,1,2,4,12,16,0,0,0,0,0,0,72,91,163,2023-07-31T22:00:00Z
21,133,Zagreb,234847,211683,446530,8626,6269,14895,276,163,439,2178,2069,4247,5375,6867,12242,41,14,55,308,500,808,251651,227565,479216,2023-07-31T22:00:00Z
01,101,Dugo Selo,3144,2062,5206,251,131,382,32,21,53,25,26,51,258,253,511,0,0,0,8,16,24,3718,2509,6227,2023-08-31T22:00:00Z
01,114,Farkaševac,139,204,343,8,3,11,24,10,34,0,2,2,33,18,51,0,0,0,1,0,1,205,237,442,2023-08-31T22:00:00Z
01,135,Gradec,146,140,286,13,1,14,9,7,16,0,1,1,54,21,75,0,0,0,0,1,1,222,171,393,2023-08-31T22:00:00Z
01,158,Ivanić-Grad,3301,1771,5072,91,76,167,45,28,73,10,21,31,144,177,321,1,0,1,5,13,18,3597,2086,5683,2023-08-31T22:00:00Z
01,163,Jakovlje,352,368,720,39,8,47,10,8,18,2,0,2,38,32,70,0,0,0,0,0,0,441,416,857,2023-08-31T22:00:00Z
01,169,Jastrebarsko,2339,1765,4104,232,117,349,47,33,80,17,20,37,271,230,501,0,0,0,5,5,10,2911,2170,5081,2023-08-31T22:00:00Z
01,190,Klinča Selo,219,189,408,42,14,56,5,5,10,0,0,0,62,50,112,0,0,0,1,1,2,329,259,588,2023-08-31T22:00:00Z
01,193,Kloštar Ivanić,392,324,716,22,12,34,21,5,26,4,11,15,44,35,79,1,0,1,2,5,7,486,392,878,2023-08-31T22:00:00Z
01,213,Križ,714,447,1161,25,20,45,17,10,27,5,3,8,27,48,75,0,0,0,1,3,4,789,531,1320,2023-08-31T22:00:00Z
01,33,Brckovljani,377,410,787,7,4,11,0,1,1,2,2,4,29,18,47,0,0,0,0,0,0,415,435,850,2023-08-31T22:00:00Z
01,331,Pisarovina,379,291,670,26,25,51,18,19,37,2,1,3,24,31,55,0,0,0,1,3,4,450,370,820,2023-08-31T22:00:00Z
01,34,Brdovec,899,800,1699,94,46,140,17,7,24,1,5,6,90,57,147,0,0,0,4,3,7,1105,918,2023,2023-08-31T22:00:00Z
01,356,Preseka,18,10,28,5,2,7,12,10,22,0,0,0,14,6,20,0,0,0,1,0,1,50,28,78,2023-08-31T22:00:00Z
01,362,Pušča,159,182,341,26,13,39,7,2,9,2,3,5,43,25,68,0,0,0,0,0,0,237,225,462,2023-08-31T22:00:00Z
01,376,Rugvica,1450,586,2036,9,7,16,2,3,5,1,2,3,15,16,31,0,0,0,0,0,0,1477,614,2091,2023-08-31T22:00:00Z
01,380,Samobor,5652,4082,9734,549,331,880,27,19,46,45,65,110,481,468,949,2,3,5,34,30,64,6790,4998,11788,2023-08-31T22:00:00Z
01,429,Sveti Ivan Zelina,2656,2061,4717,177,72,249,60,46,106,14,19,33,262,198,460,0,0,0,8,6,14,3177,2402,5579,2023-08-31T22:00:00Z
01,436,Sveta Nedjelja,6081,3613,9694,229,108,337,6,5,11,10,10,20,344,174,518,0,0,0,7,7,14,6677,3917,10594,2023-08-31T22:00:00Z
01,508,Vrbovec,2111,2046,4157,179,78,257,91,32,123,6,17,23,292,167,459,0,0,0,10,11,21,2689,2351,5040,2023-08-31T22:00:00Z
01,533,Krašić,267,185,452,27,11,38,12,11,23,2,1,3,29,22,51,0,0,0,0,1,1,337,231,568,2023-08-31T22:00:00Z
01,536,Rakovec,37,24,61,9,2,11,6,5,11,0,1,1,25,12,37,0,0,0,0,0,0,77,44,121,2023-08-31T22:00:00Z
01,539,Marija Gorica,83,104,187,14,2,16,0,0,0,1,1,2,17,13,30,0,0,0,0,0,0,115,120,235,2023-08-31T22:00:00Z
01,540,Žumberak,16,18,34,7,1,8,4,2,6,0,0,0,3,7,10,0,0,0,0,0,0,30,28,58,2023-08-31T22:00:00Z
01,541,Velika Gorica,8755,6752,15507,678,417,1095,71,33,104,52,60,112,591,523,1114,2,0,2,19,23,42,10168,7808,17976,2023-08-31T22:00:00Z
01,542,Orle,38,23,61,18,0,18,9,3,12,0,0,0,18,3,21,0,0,0,0,0,0,83,29,112,2023-08-31T22:00:00Z
01,543,Zaprešić,3453,3007,6460,236,170,406,10,12,22,34,42,76,265,234,499,0,0,0,12,12,24,4010,3477,7487,2023-08-31T22:00:00Z
01,544,Pokupsko,41,55,96,12,6,18,12,4,16,0,0,0,7,6,13,0,0,0,0,0,0,72,71,143,2023-08-31T22:00:00Z
01,545,Kravarsko,113,85,198,43,12,55,4,4,8,0,0,0,77,16,93,0,0,0,0,0,0,237,117,354,2023-08-31T22:00:00Z
01,547,Bistra,406,539,945,51,25,76,10,5,15,2,6,8,56,50,106,1,0,1,0,0,0,526,625,1151,2023-08-31T22:00:00Z
01,548,Luka,296,108,404,14,2,16,2,2,4,1,1,2,19,21,40,0,0,0,0,0,0,332,134,466,2023-08-31T22:00:00Z
01,549,Dubravica,63,43,106,16,0,16,12,3,15,0,0,0,13,15,28,0,0,0,0,0,0,104,61,165,2023-08-31T22:00:00Z
01,550,Bedenica,233,161,394,12,4,16,4,3,7,1,1,2,16,6,22,0,0,0,0,0,0,266,175,441,2023-08-31T22:00:00Z
01,551,Stupnik,1568,623,2191,28,17,45,1,1,2,1,3,4,19,31,50,0,0,0,1,0,1,1618,675,2293,2023-08-31T22:00:00Z
01,97,Dubrava,308,330,638,51,23,74,72,38,110,5,12,17,66,79,145,0,0,0,2,5,7,504,487,991,2023-08-31T22:00:00Z
02,108,Đurmanec,153,156,309,56,18,74,1,2,3,3,2,5,109,80,189,0,0,0,1,1,2,323,259,582,2023-08-31T22:00:00Z
02,11,Bedekovčina,550,739,1289,95,41,136,8,6,14,9,7,16,133,101,234,0,0,0,5,4,9,800,898,1698,2023-08-31T22:00:00Z
02,125,Gornja Stubica,241,317,558,58,15,73,6,7,13,2,1,3,83,53,136,0,0,0,2,0,2,392,393,785,2023-08-31T22:00:00Z
02,146,Hraščina,50,37,87,10,3,13,2,2,4,0,1,1,6,7,13,0,0,0,0,0,0,68,50,118,2023-08-31T22:00:00Z
02,152,Hum Na Sutli,1560,652,2212,54,28,82,4,0,4,1,7,8,245,70,315,0,0,0,0,1,1,1864,758,2622,2023-08-31T22:00:00Z
02,187,Klanjec,290,264,554,64,30,94,9,5,14,4,1,5,67,52,119,0,0,0,1,2,3,435,354,789,2023-08-31T22:00:00Z
02,200,Konjščina,447,406,853,30,21,51,2,2,4,1,2,3,46,32,78,0,0,0,0,1,1,526,464,990,2023-08-31T22:00:00Z
02,208,Kraljevec Na Sutli,79,49,128,13,4,17,3,1,4,0,0,0,21,4,25,0,0,0,0,1,1,116,59,175,2023-08-31T22:00:00Z
02,211,Krapina,3008,2377,5385,181,103,284,9,3,12,14,16,30,196,166,362,0,0,0,1,4,5,3409,2669,6078,2023-08-31T22:00:00Z
02,212,Krapinske Toplice,617,1267,1884,74,37,111,7,4,11,0,5,5,110,79,189,0,1,1,2,1,3,810,1394,2204,2023-08-31T22:00:00Z
02,236,Lobor,167,241,408,24,8,32,4,3,7,0,1,1,35,17,52,0,0,0,1,2,3,231,272,503,2023-08-31T22:00:00Z
02,248,Mače,102,80,182,27,8,35,3,4,7,1,0,1,76,40,116,0,0,0,0,0,0,209,132,341,2023-08-31T22:00:00Z
02,256,Marija Bistrica,334,390,724,72,42,114,13,6,19,1,6,7,74,74,148,0,0,0,2,2,4,496,520,1016,2023-08-31T22:00:00Z
02,265,Mihovljan,110,128,238,32,8,40,3,1,4,0,0,0,72,19,91,0,0,0,1,1,2,218,157,375,2023-08-31T22:00:00Z
02,311,Oroslavje,1001,801,1802,71,39,110,8,3,11,6,6,12,86,62,148,0,0,0,4,2,6,1176,913,2089,2023-08-31T22:00:00Z
02,329,Petrovsko,105,51,156,16,3,19,1,0,1,5,0,5,62,14,76,0,0,0,1,0,1,190,68,258,2023-08-31T22:00:00Z
02,352,Pregrada,839,916,1755,113,34,147,2,5,7,5,6,11,164,102,266,0,0,0,0,1,1,1123,1064,2187,2023-08-31T22:00:00Z
02,364,Radoboj,157,107,264,16,14,30,1,1,2,0,2,2,64,23,87,0,0,0,0,0,0,238,147,385,2023-08-31T22:00:00Z
02,41,Budinščina,208,180,388,17,6,23,6,1,7,2,2,4,20,12,32,0,0,0,3,2,5,256,203,459,2023-08-31T22:00:00Z
02,422,Stubičke Toplice,263,454,717,35,17,52,0,2,2,2,5,7,50,32,82,0,0,0,2,0,2,352,510,862,2023-08-31T22:00:00Z
02,430,Sveti Križ Začretje,683,696,1379,78,25,103,11,5,16,1,5,6,143,96,239,0,0,0,4,2,6,920,829,1749,2023-08-31T22:00:00Z
02,466,Tuhelj,144,230,374,20,11,31,6,0,6,1,2,3,56,43,99,0,0,0,0,0,0,227,286,513,2023-08-31T22:00:00Z
02,481,Veliko Trgovišće,613,442,1055,54,18,72,3,3,6,2,5,7,106,48,154,0,0,0,2,1,3,780,517,1297,2023-08-31T22:00:00Z
02,519,Zabok,2816,2990,5806,149,88,237,8,3,11,15,16,31,169,221,390,0,0,0,1,1,2,3158,3319,6477,2023-08-31T22:00:00Z
02,521,Zagorska Sela,13,55,68,5,0,5,5,2,7,0,1,1,15,4,19,0,0,0,0,0,0,38,62,100,2023-08-31T22:00:00Z
02,526,Zlatar,532,674,1206,103,58,161,28,13,41,6,8,14,132,75,207,0,0,0,4,7,11,805,835,1640,2023-08-31T22:00:00Z
02,527,Zlatar Bistrica,244,341,585,27,8,35,4,1,5,5,0,5,64,47,111,0,0,0,1,1,2,345,398,743,2023-08-31T22:00:00Z
02,552,Jesenje,82,85,167,7,2,9,0,0,0,0,0,0,47,8,55,0,0,0,0,0,0,136,95,231,2023-08-31T22:00:00Z
02,553,Kumrovec,81,90,171,19,6,25,2,0,2,4,1,5,20,14,34,0,0,0,0,0,0,126,111,237,2023-08-31T22:00:00Z
02,554,Novi Golubovec,139,64,203,3,2,5,1,0,1,0,0,0,5,1,6,0,0,0,0,0,0,148,67,215,2023-08-31T22:00:00Z
02,70,Desinić,120,283,403,32,10,42,9,2,11,3,2,5,52,33,85,0,0,0,0,1,1,216,331,547,2023-08-31T22:00:00Z
02,79,Donja Stubica,843,737,1580,100,51,151,6,5,11,6,3,9,94,56,150,0,0,0,0,3,3,1049,855,1904,2023-08-31T22:00:00Z
03,102,Dvor,317,137,454,19,6,25,59,21,80,0,2,2,20,9,29,0,0,0,0,4,4,415,179,594,2023-08-31T22:00:00Z
03,121,Glina,1185,659,1844,42,21,63,59,23,82,4,9,13,70,70,140,0,0,0,1,0,1,1361,782,2143,2023-08-31T22:00:00Z
03,149,Hrvatska Dubica,79,106,185,9,2,11,12,5,17,0,0,0,11,5,16,0,0,0,0,1,1,111,119,230,2023-08-31T22:00:00Z
03,150,Hrvatska Kostajnica,283,266,549,24,10,34,10,2,12,2,3,5,17,27,44,0,0,0,1,1,2,337,309,646,2023-08-31T22:00:00Z
03,168,Jasenovac,150,128,278,12,9,21,14,4,18,0,0,0,16,15,31,0,0,0,0,3,3,192,159,351,2023-08-31T22:00:00Z
03,220,Kutina,3425,2800,6225,189,114,303,43,20,63,37,24,61,218,262,480,1,0,1,9,9,18,3922,3229,7151,2023-08-31T22:00:00Z
03,228,Lekenik,392,281,673,45,14,59,12,8,20,1,2,3,68,28,96,0,0,0,1,0,1,519,333,852,2023-08-31T22:00:00Z
03,232,Lipovljani,252,261,513,29,8,37,10,2,12,1,0,1,42,44,86,0,0,0,0,3,3,334,318,652,2023-08-31T22:00:00Z
03,259,Martinska Ves,126,66,192,10,1,11,28,12,40,3,0,3,67,21,88,0,0,0,0,0,0,234,100,334,2023-08-31T22:00:00Z
03,293,Novska,1289,1074,2363,190,107,297,35,16,51,5,17,22,253,233,486,0,0,0,2,6,8,1774,1453,3227,2023-08-31T22:00:00Z
03,328,Petrinja,1905,1761,3666,271,100,371,68,28,96,10,25,35,358,288,646,0,0,0,7,1,8,2619,2203,4822,2023-08-31T22:00:00Z
03,347,Popovača,900,1094,1994,90,43,133,48,17,65,6,10,16,105,127,232,0,0,0,5,2,7,1154,1293,2447,2023-08-31T22:00:00Z
03,391,Sisak,7165,8150,15315,394,246,640,99,48,147,42,71,113,615,568,1183,0,0,0,13,11,24,8328,9094,17422,2023-08-31T22:00:00Z
03,426,Sunja,197,192,389,26,11,37,49,30,79,1,2,3,23,23,46,0,0,0,1,1,2,297,259,556,2023-08-31T22:00:00Z
03,457,Topusko,222,320,542,16,9,25,6,2,8,2,1,3,27,20,47,0,0,0,0,0,0,273,352,625,2023-08-31T22:00:00Z
03,477,Velika Ludina,122,166,288,12,7,19,11,3,14,0,0,0,25,24,49,0,0,0,0,0,0,170,200,370,2023-08-31T22:00:00Z
03,510,Gvozd,120,112,232,12,5,17,16,5,21,0,1,1,15,14,29,0,0,0,0,0,0,163,137,300,2023-08-31T22:00:00Z
03,555,Majur,137,39,176,1,1,2,3,0,3,0,0,0,4,0,4,0,0,0,0,0,0,145,40,185,2023-08-31T22:00:00Z
03,83,Donji Kukuruzari,46,46,92,5,0,5,6,3,9,0,0,0,2,3,5,0,0,0,1,0,1,60,52,112,2023-08-31T22:00:00Z
04,120,Generalski Stol,44,64,108,20,5,25,1,0,1,0,1,1,29,13,42,0,0,0,0,0,0,94,83,177,2023-08-31T22:00:00Z
04,172,Josipdol,201,161,362,26,17,43,1,7,8,2,1,3,45,54,99,0,0,0,0,0,0,275,240,515,2023-08-31T22:00:00Z
04,179,Karlovac,10742,9141,19883,430,316,746,71,54,125,65,86,151,635,793,1428,1,0,1,11,21,32,11955,10411,22366,2023-08-31T22:00:00Z
04,216,Krnjak,158,70,228,5,2,7,6,4,10,2,0,2,9,6,15,0,0,0,0,0,0,180,82,262,2023-08-31T22:00:00Z
04,225,Lasinja,35,36,71,5,2,7,0,5,5,2,0,2,5,7,12,0,0,0,0,0,0,47,50,97,2023-08-31T22:00:00Z
04,281,Netretić,120,117,237,17,3,20,3,1,4,1,1,2,39,33,72,0,0,0,0,0,0,180,155,335,2023-08-31T22:00:00Z
04,297,Ogulin,1798,1834,3632,158,93,251,44,19,63,9,28,37,161,180,341,0,0,0,4,11,15,2174,2165,4339,2023-08-31T22:00:00Z
04,30,Bosiljevo,105,79,184,5,0,5,0,0,0,1,1,2,28,37,65,0,0,0,0,0,0,139,117,256,2023-08-31T22:00:00Z
04,315,Ozalj,774,647,1421,88,31,119,21,13,34,3,10,13,127,92,219,0,1,1,2,3,5,1015,797,1812,2023-08-31T22:00:00Z
04,333,Plaški,96,69,165,12,3,15,8,0,8,0,1,1,46,32,78,0,0,0,0,0,0,162,105,267,2023-08-31T22:00:00Z
04,365,Rakovica,174,214,388,9,7,16,2,2,4,1,0,1,80,87,167,0,0,0,1,0,1,267,310,577,2023-08-31T22:00:00Z
04,378,Saborsko,12,15,27,1,0,1,1,0,1,0,0,0,2,3,5,0,0,0,0,0,0,16,18,34,2023-08-31T22:00:00Z
04,400,Slunj,351,412,763,58,17,75,40,21,61,3,6,9,125,115,240,0,0,0,3,9,12,580,580,1160,2023-08-31T22:00:00Z
04,49,Cetingrad,58,66,124,7,1,8,2,3,5,2,0,2,9,8,17,0,0,0,0,0,0,78,78,156,2023-08-31T22:00:00Z
04,503,Vojnić,376,255,631,22,12,34,39,13,52,1,0,1,26,37,63,0,0,0,3,0,3,467,317,784,2023-08-31T22:00:00Z
04,530,Žakanje,169,100,269,26,12,38,3,1,4,0,0,0,28,26,54,0,0,0,0,1,1,226,140,366,2023-08-31T22:00:00Z
04,556,Ribnik,13,7,20,10,3,13,2,1,3,0,0,0,5,9,14,0,0,0,0,0,0,30,20,50,2023-08-31T22:00:00Z
04,557,Tounj,66,28,94,6,0,6,1,0,1,0,0,0,2,8,10,0,0,0,0,0,0,75,36,111,2023-08-31T22:00:00Z
04,623,Kamanje,150,95,245,6,1,7,0,0,0,0,0,0,8,6,14,0,0,0,0,0,0,164,102,266,2023-08-31T22:00:00Z
04,7,Barilovići,290,163,453,21,12,33,5,0,5,0,1,1,113,29,142,0,0,0,0,0,0,429,205,634,2023-08-31T22:00:00Z
04,90,Draganić,174,213,387,16,3,19,7,2,9,0,1,1,19,20,39,0,0,0,0,0,0,216,239,455,2023-08-31T22:00:00Z
04,99,Duga Resa,1324,1061,2385,135,77,212,19,20,39,4,19,23,184,205,389,0,0,0,2,10,12,1668,1392,3060,2023-08-31T22:00:00Z
05,12,Bednja,224,180,404,18,7,25,3,3,6,1,1,2,26,14,40,0,0,0,0,1,1,272,206,478,2023-08-31T22:00:00Z
05,129,Gornji Kneginec,655,1009,1664,55,37,92,8,3,11,3,7,10,61,53,114,0,0,0,4,4,8,786,1113,1899,2023-08-31T22:00:00Z
05,151,Breznički Hum,185,142,327,11,4,15,6,6,12,0,2,2,20,14,34,0,0,0,1,3,4,223,171,394,2023-08-31T22:00:00Z
05,156,Ivanec,2337,1904,4241,182,72,254,15,14,29,9,17,26,328,260,588,0,0,0,8,12,20,2879,2279,5158,2023-08-31T22:00:00Z
05,165,Jalžabet,710,1032,1742,22,4,26,11,6,17,0,3,3,47,33,80,0,0,0,0,1,1,790,1079,1869,2023-08-31T22:00:00Z
05,189,Klenovnik,199,63,262,8,4,12,0,0,0,0,0,0,22,29,51,0,0,0,1,0,1,230,96,326,2023-08-31T22:00:00Z
05,19,Beretinec,93,49,142,19,2,21,3,2,5,0,2,2,14,18,32,0,0,0,1,0,1,130,73,203,2023-08-31T22:00:00Z
05,229,Lepoglava,1387,653,2040,63,34,97,5,2,7,1,5,6,99,46,145,0,0,0,1,6,7,1556,746,2302,2023-08-31T22:00:00Z
05,244,Ludbreg,1982,1661,3643,133,58,191,62,35,97,8,15,23,230,175,405,0,0,0,2,5,7,2417,1949,4366,2023-08-31T22:00:00Z
05,247,Ljubešćica,369,166,535,24,9,33,0,0,0,1,4,5,89,21,110,0,0,0,1,1,2,484,201,685,2023-08-31T22:00:00Z
05,251,Mali Bukovec,42,80,122,11,5,16,23,18,41,0,1,1,94,36,130,0,0,0,0,1,1,170,141,311,2023-08-31T22:00:00Z
05,260,Maruševec,384,296,680,62,29,91,20,23,43,3,2,5,115,43,158,0,0,0,3,2,5,587,395,982,2023-08-31T22:00:00Z
05,289,Novi Marof,1307,1208,2515,161,72,233,13,12,25,8,16,24,316,188,504,0,0,0,4,13,17,1809,1509,3318,2023-08-31T22:00:00Z
05,326,Petrijanec,474,768,1242,24,10,34,13,8,21,1,3,4,90,76,166,0,0,0,0,1,1,602,866,1468,2023-08-31T22:00:00Z
05,36,Breznica,165,74,239,18,2,20,6,5,11,1,5,6,40,14,54,0,0,0,0,0,0,230,100,330,2023-08-31T22:00:00Z
05,410,Sračinec,278,282,560,36,15,51,1,1,2,0,6,6,99,70,169,0,0,0,0,1,1,414,375,789,2023-08-31T22:00:00Z
05,437,Sveti Đurđ,66,101,167,34,4,38,25,8,33,2,1,3,30,30,60,0,0,0,0,0,0,157,144,301,2023-08-31T22:00:00Z
05,438,Sveti Ilija,198,198,396,17,8,25,1,0,1,0,3,3,34,30,64,0,0,0,1,0,1,251,239,490,2023-08-31T22:00:00Z
05,462,Trnovec Bartolovečki,1355,1321,2676,72,22,94,16,5,21,3,3,6,270,101,371,1,0,1,1,2,3,1718,1454,3172,2023-08-31T22:00:00Z
05,472,Varaždin,17035,15118,32153,561,425,986,47,30,77,84,111,195,506,673,1179,1,0,1,19,19,38,18253,16376,34629,2023-08-31T22:00:00Z
05,473,Varaždinske Toplice,643,619,1262,44,23,67,10,5,15,5,7,12,161,44,205,0,0,0,1,2,3,864,700,1564,2023-08-31T22:00:00Z
05,48,Cestica,365,388,753,57,25,82,17,14,31,1,6,7,108,78,186,0,0,0,0,2,2,548,513,1061,2023-08-31T22:00:00Z
05,484,Vidovec,301,284,585,46,15,61,53,28,81,1,5,6,110,83,193,0,0,0,0,0,0,511,415,926,2023-08-31T22:00:00Z
05,486,Vinica,345,232,577,17,10,27,5,4,9,1,5,6,27,24,51,0,0,0,0,1,1,395,276,671,2023-08-31T22:00:00Z
05,493,Visoko,102,60,162,17,1,18,7,4,11,0,0,0,27,25,52,0,0,0,2,1,3,155,91,246,2023-08-31T22:00:00Z
05,558,Veliki Bukovec,396,247,643,5,2,7,20,9,29,0,1,1,35,29,64,0,0,0,0,0,0,456,288,744,2023-08-31T22:00:00Z
05,80,Donja Voća,77,62,139,8,1,9,5,6,11,0,1,1,29,18,47,0,0,0,0,1,1,119,89,208,2023-08-31T22:00:00Z
05,85,Donji Martijanec,338,167,505,26,7,33,18,3,21,1,1,2,50,31,81,0,0,0,0,0,0,433,209,642,2023-08-31T22:00:00Z
06,104,Đelekovec,46,46,92,25,13,38,39,10,49,0,2,2,19,15,34,0,0,0,0,0,0,129,86,215,2023-08-31T22:00:00Z
06,107,Đurđevac,1475,1232,2707,83,47,130,68,36,104,12,11,23,80,74,154,0,0,0,11,4,15,1729,1404,3133,2023-08-31T22:00:00Z
06,115,Ferdinandovac,40,96,136,13,2,15,37,28,65,1,1,2,23,6,29,0,0,0,0,0,0,114,133,247,2023-08-31T22:00:00Z
06,122,Gola,183,174,357,10,2,12,81,39,120,0,3,3,10,25,35,0,0,0,1,0,1,285,243,528,2023-08-31T22:00:00Z
06,145,Hlebine,12,35,47,4,0,4,14,4,18,1,0,1,0,12,12,0,0,0,0,1,1,31,52,83,2023-08-31T22:00:00Z
06,194,Kloštar Podravski,183,148,331,15,14,29,33,31,64,0,1,1,29,63,92,0,0,0,2,1,3,262,258,520,2023-08-31T22:00:00Z
06,201,Koprivnica,7158,7627,14785,357,220,577,61,30,91,64,67,131,383,433,816,0,2,2,7,9,16,8030,8388,16418,2023-08-31T22:00:00Z
06,202,Koprivnički Bregi,74,86,160,20,4,24,22,7,29,0,0,0,30,8,38,0,0,0,0,0,0,146,105,251,2023-08-31T22:00:00Z
06,203,Koprivnički Ivanec,67,54,121,23,5,28,24,7,31,0,0,0,18,9,27,0,0,0,0,0,0,132,75,207,2023-08-31T22:00:00Z
06,214,Križevci,3805,3872,7677,194,117,311,206,168,374,14,30,44,266,224,490,0,0,0,8,10,18,4493,4421,8914,2023-08-31T22:00:00Z
06,227,Legrad,65,74,139,17,5,22,17,5,22,0,1,1,22,21,43,0,0,0,0,0,0,121,106,227,2023-08-31T22:00:00Z
06,270,Molve,226,112,338,6,9,15,48,28,76,0,1,1,25,17,42,0,0,0,2,2,4,307,169,476,2023-08-31T22:00:00Z
06,292,Novigrad Podravski,86,141,227,11,3,14,15,10,25,0,1,1,20,15,35,0,0,0,0,0,0,132,170,302,2023-08-31T22:00:00Z
06,324,Peteranec,83,46,129,23,3,26,22,10,32,1,1,2,28,14,42,0,0,0,0,1,1,157,75,232,2023-08-31T22:00:00Z
06,366,Rasinja,53,70,123,23,4,27,53,19,72,2,0,2,20,19,39,0,0,0,1,0,1,152,112,264,2023-08-31T22:00:00Z
06,405,Sokolovac,162,78,240,17,4,21,45,11,56,5,4,9,18,10,28,0,0,0,0,1,1,247,108,355,2023-08-31T22:00:00Z
06,439,Sveti Ivan Žabno,283,213,496,41,16,57,92,59,151,1,2,3,53,69,122,0,0,0,1,2,3,471,361,832,2023-08-31T22:00:00Z
06,442,Sveti Petar Orehovec,134,126,260,31,7,38,128,111,239,0,1,1,45,29,74,0,0,0,1,0,1,339,274,613,2023-08-31T22:00:00Z
06,490,Virje,335,209,544,30,12,42,34,17,51,3,1,4,30,38,68,0,0,0,1,0,1,433,277,710,2023-08-31T22:00:00Z
06,559,Kalinovac,438,108,546,7,1,8,6,3,9,0,0,0,11,10,21,0,0,0,1,0,1,463,122,585,2023-08-31T22:00:00Z
06,560,Kalnik,44,44,88,2,4,6,18,19,37,0,1,1,8,2,10,0,0,0,0,0,0,72,70,142,2023-08-31T22:00:00Z
06,561,Novo Virje,42,41,83,2,0,2,35,27,62,0,0,0,20,7,27,0,0,0,0,0,0,99,75,174,2023-08-31T22:00:00Z
06,616,Podravske Sesvete,115,126,241,3,5,8,26,13,39,2,0,2,10,8,18,0,0,0,0,0,0,156,152,308,2023-08-31T22:00:00Z
06,618,Gornja Reka,99,98,197,6,2,8,8,3,11,0,0,0,4,4,8,0,0,0,0,0,0,117,107,224,2023-08-31T22:00:00Z
06,96,Drnje,118,114,232,14,4,18,15,10,25,0,2,2,8,10,18,0,0,0,0,1,1,155,141,296,2023-08-31T22:00:00Z
07,105,Đulovac,250,73,323,9,7,16,31,17,48,2,0,2,119,34,153,0,0,0,0,0,0,411,131,542,2023-08-31T22:00:00Z
07,119,Garešnica,1131,1075,2206,62,32,94,60,35,95,15,15,30,110,120,230,0,0,0,4,5,9,1382,1282,2664,2023-08-31T22:00:00Z
07,139,Grubišno Polje,620,582,1202,33,26,59,101,34,135,4,6,10,65,69,134,0,0,0,0,3,3,823,720,1543,2023-08-31T22:00:00Z
07,144,Hercegovac,156,150,306,22,3,25,44,15,59,1,1,2,42,33,75,0,0,0,1,0,1,266,202,468,2023-08-31T22:00:00Z
07,161,Ivanska,190,122,312,2,2,4,48,12,60,3,2,5,36,18,54,0,0,0,3,1,4,282,157,439,2023-08-31T22:00:00Z
07,176,Kapela,131,88,219,6,1,7,43,26,69,0,0,0,22,10,32,0,0,0,1,0,1,203,125,328,2023-08-31T22:00:00Z
07,18,Berek,41,44,85,8,2,10,22,12,34,0,1,1,9,8,17,0,0,0,1,0,1,81,67,148,2023-08-31T22:00:00Z
07,199,Končanica,137,71,208,10,1,11,28,16,44,0,0,0,10,13,23,0,0,0,1,2,3,186,103,289,2023-08-31T22:00:00Z
07,24,Bjelovar,7272,7007,14279,314,199,513,191,92,283,52,59,111,409,528,937,2,0,2,17,15,32,8257,7900,16157,2023-08-31T22:00:00Z
07,287,Nova Rača,94,112,206,14,2,16,69,29,98,0,2,2,29,18,47,0,0,0,1,1,2,207,164,371,2023-08-31T22:00:00Z
07,375,Rovišće,226,219,445,29,14,43,44,30,74,1,3,4,27,39,66,0,0,0,0,1,1,327,306,633,2023-08-31T22:00:00Z
07,390,Sirač,343,174,517,12,4,16,10,5,15,1,1,2,15,11,26,0,0,0,0,1,1,381,196,577,2023-08-31T22:00:00Z
07,450,Štefanje,51,58,109,8,4,12,33,10,43,1,2,3,34,24,58,0,0,0,0,1,1,127,99,226,2023-08-31T22:00:00Z
07,478,Velika Pisanica,76,78,154,5,2,7,27,15,42,1,0,1,12,7,19,0,0,0,0,0,0,121,102,223,2023-08-31T22:00:00Z
07,480,Veliki Grđevac,152,126,278,12,5,17,76,28,104,1,3,4,70,30,100,0,0,0,0,1,1,311,193,504,2023-08-31T22:00:00Z
07,483,Veliko Trojstvo,76,112,188,15,3,18,9,15,24,0,0,0,39,17,56,0,0,0,0,0,0,139,147,286,2023-08-31T22:00:00Z
07,562,Severin,52,20,72,1,0,1,17,14,31,0,0,0,16,44,60,0,0,0,0,0,0,86,78,164,2023-08-31T22:00:00Z
07,564,Šandrovac,27,43,70,4,0,4,12,7,19,0,0,0,16,5,21,0,0,0,0,0,0,59,55,114,2023-08-31T22:00:00Z
07,565,Velika Trnovitica,59,68,127,8,2,10,31,20,51,1,0,1,21,11,32,0,0,0,1,1,2,121,102,223,2023-08-31T22:00:00Z
07,566,Zrinski Topolovac,15,17,32,3,0,3,26,15,41,0,0,0,4,2,6,0,0,0,0,1,1,48,35,83,2023-08-31T22:00:00Z
07,63,Čazma,1153,809,1962,55,24,79,52,37,89,7,9,16,129,62,191,0,0,0,4,1,5,1400,942,2342,2023-08-31T22:00:00Z
07,67,Daruvar,1531,1796,3327,77,61,138,45,22,67,16,15,31,142,174,316,0,0,0,2,10,12,1813,2078,3891,2023-08-31T22:00:00Z
07,71,Dežanovac,132,77,209,10,2,12,64,30,94,0,0,0,35,17,52,0,0,0,0,1,1,241,127,368,2023-08-31T22:00:00Z
08,117,Fužine,283,194,477,20,11,31,0,1,1,3,1,4,24,22,46,0,0,0,2,0,2,332,229,561,2023-08-31T22:00:00Z
08,170,Jelenje,260,252,512,101,48,149,6,1,7,29,9,38,48,43,91,0,0,0,2,2,4,446,355,801,2023-08-31T22:00:00Z
08,180,Kastav,1121,884,2005,139,78,217,4,2,6,44,11,55,111,85,196,1,1,2,3,4,7,1423,1065,2488,2023-08-31T22:00:00Z
08,186,Klana,347,185,532,23,9,32,1,2,3,6,2,8,18,6,24,0,0,0,1,2,3,396,206,602,2023-08-31T22:00:00Z
08,209,Kraljevica,402,329,731,43,27,70,2,2,4,38,4,42,20,46,66,1,0,1,0,10,10,506,418,924,2023-08-31T22:00:00Z
08,215,Krk,2072,1533,3605,291,143,434,12,8,20,33,17,50,352,261,613,0,0,0,6,6,12,2766,1968,4734,2023-08-31T22:00:00Z
08,237,Lokve,111,100,211,12,7,19,0,1,1,1,2,3,7,11,18,0,0,0,1,0,1,132,121,253,2023-08-31T22:00:00Z
08,242,Lovran,486,639,1125,117,44,161,1,1,2,14,8,22,53,65,118,0,0,0,2,4,6,673,761,1434,2023-08-31T22:00:00Z
08,252,Mali Lošinj,1698,1736,3434,243,97,340,23,9,32,29,18,47,220,239,459,0,0,0,8,9,17,2221,2108,4329,2023-08-31T22:00:00Z
08,253,Malinska-Dubašnica,590,944,1534,157,88,245,6,9,15,5,5,10,191,217,408,0,0,0,5,6,11,954,1269,2223,2023-08-31T22:00:00Z
08,261,Matulji,1528,1150,2678,247,139,386,11,5,16,41,18,59,166,187,353,0,0,0,7,8,15,2000,1507,3507,2023-08-31T22:00:00Z
08,273,Mošćenička Draga,151,114,265,61,22,83,0,2,2,3,3,6,39,39,78,0,0,0,1,4,5,255,184,439,2023-08-31T22:00:00Z
08,275,Mrkopalj,68,55,123,10,4,14,2,0,2,0,0,0,11,7,18,0,0,0,0,0,0,91,66,157,2023-08-31T22:00:00Z
08,290,Novi Vinodolski,640,526,1166,130,60,190,7,5,12,11,6,17,127,108,235,0,0,0,1,3,4,916,708,1624,2023-08-31T22:00:00Z
08,301,Omišalj,710,539,1249,89,31,120,1,0,1,10,2,12,105,54,159,0,0,0,0,4,4,915,630,1545,2023-08-31T22:00:00Z
08,302,Opatija,2443,2964,5407,249,147,396,6,4,10,62,28,90,111,173,284,0,0,0,13,11,24,2884,3327,6211,2023-08-31T22:00:00Z
08,360,Punat,347,234,581,80,29,109,4,0,4,5,1,6,103,74,177,0,0,0,0,0,0,539,338,877,2023-08-31T22:00:00Z
08,363,Rab,1112,1356,2468,360,111,471,10,4,14,15,11,26,346,302,648,0,0,0,8,15,23,1851,1799,3650,2023-08-31T22:00:00Z
08,369,Ravna Gora,291,286,577,29,13,42,2,1,3,2,1,3,38,18,56,0,0,0,1,2,3,363,321,684,2023-08-31T22:00:00Z
08,373,Rijeka,28026,28703,56729,1459,1198,2657,23,12,35,1017,344,1361,888,1256,2144,6,5,11,85,111,196,31504,31629,63133,2023-08-31T22:00:00Z
08,38,Brod Moravice,42,38,80,29,5,34,1,0,1,0,1,1,11,4,15,0,0,0,1,1,2,84,49,133,2023-08-31T22:00:00Z
08,393,Skrad,47,48,95,5,5,10,0,1,1,2,1,3,3,7,10,0,0,0,0,0,0,57,62,119,2023-08-31T22:00:00Z
08,4,Bakar,2192,1191,3383,73,40,113,4,0,4,64,10,74,72,76,148,0,0,0,3,10,13,2408,1327,3735,2023-08-31T22:00:00Z
08,488,Vinodolska Općina,204,160,364,62,26,88,2,0,2,7,1,8,33,19,52,1,0,1,0,2,2,309,208,517,2023-08-31T22:00:00Z
08,495,Viškovo,1785,1181,2966,237,116,353,6,4,10,58,19,77,142,152,294,0,0,0,7,8,15,2235,1480,3715,2023-08-31T22:00:00Z
08,507,Vrbnik,169,126,295,40,16,56,9,2,11,2,0,2,40,45,85,0,0,0,1,1,2,261,190,451,2023-08-31T22:00:00Z
08,509,Vrbovsko,355,315,670,65,18,83,4,6,10,1,4,5,76,40,116,1,0,1,0,1,1,502,384,886,2023-08-31T22:00:00Z
08,52,Cres,600,524,1124,98,38,136,8,6,14,14,3,17,112,130,242,0,0,0,4,2,6,836,703,1539,2023-08-31T22:00:00Z
08,53,Crikvenica,1449,1924,3373,273,167,440,4,2,6,34,23,57,314,265,579,0,0,0,7,8,15,2081,2389,4470,2023-08-31T22:00:00Z
08,538,Kostrena,565,351,916,41,30,71,1,1,2,85,6,91,17,40,57,0,0,0,0,3,3,709,431,1140,2023-08-31T22:00:00Z
08,55,Čabar,335,261,596,57,18,75,8,5,13,3,0,3,135,51,186,0,0,0,0,4,4,538,339,877,2023-08-31T22:00:00Z
08,61,Čavle,681,553,1234,105,56,161,0,1,1,30,9,39,86,81,167,0,0,0,2,1,3,904,701,1605,2023-08-31T22:00:00Z
08,624,Lopar,84,44,128,42,13,55,0,1,1,0,0,0,58,67,125,0,0,0,0,1,1,184,126,310,2023-08-31T22:00:00Z
08,69,Delnice,1086,775,1861,74,52,126,5,2,7,7,11,18,88,85,173,0,0,0,2,6,8,1262,931,2193,2023-08-31T22:00:00Z
08,74,Dobrinj,170,127,297,60,28,88,1,2,3,2,0,2,99,69,168,0,0,0,2,2,4,334,228,562,2023-08-31T22:00:00Z
08,8,Baška,313,324,637,89,53,142,6,2,8,1,4,5,97,104,201,0,0,0,5,7,12,511,494,1005,2023-08-31T22:00:00Z
09,130,Gospić,2293,2400,4693,111,67,178,87,52,139,13,10,23,134,162,296,0,0,0,7,6,13,2645,2697,5342,2023-08-31T22:00:00Z
09,178,Karlobag,109,109,218,17,6,23,4,2,6,5,0,5,10,4,14,0,0,0,1,0,1,146,121,267,2023-08-31T22:00:00Z
09,240,Lovinac,205,90,295,0,0,0,1,1,2,0,0,0,4,2,6,0,0,0,0,0,0,210,93,303,2023-08-31T22:00:00Z
09,288,Novalja,1023,787,1810,153,49,202,23,13,36,5,6,11,199,113,312,0,0,0,2,6,8,1405,974,2379,2023-08-31T22:00:00Z
09,313,Otočac,822,927,1749,96,41,137,61,32,93,8,6,14,110,122,232,0,0,0,1,4,5,1098,1132,2230,2023-08-31T22:00:00Z
09,323,Perušić,341,274,615,24,10,34,31,19,50,0,1,1,25,25,50,0,0,0,0,0,0,421,329,750,2023-08-31T22:00:00Z
09,37,Brinje,412,226,638,22,6,28,7,6,13,0,0,0,12,17,29,0,0,0,1,0,1,454,255,709,2023-08-31T22:00:00Z
09,387,Senj,757,683,1440,111,59,170,4,5,9,20,9,29,135,167,302,0,0,0,5,3,8,1032,926,1958,2023-08-31T22:00:00Z
09,455,Plitvička Jezera,854,905,1759,51,29,80,60,18,78,5,5,10,270,190,460,0,0,0,1,2,3,1241,1149,2390,2023-08-31T22:00:00Z
09,467,Udbina,121,84,205,9,3,12,44,15,59,0,0,0,12,15,27,0,0,0,0,0,0,186,117,303,2023-08-31T22:00:00Z
09,512,Vrhovine,115,41,156,4,3,7,7,1,8,0,0,0,5,2,7,0,0,0,0,0,0,131,47,178,2023-08-31T22:00:00Z
09,84,Donji Lapac,119,68,187,7,3,10,26,6,32,0,0,0,13,10,23,0,0,0,0,0,0,165,87,252,2023-08-31T22:00:00Z
10,136,Gradina,79,93,172,15,14,29,117,45,162,2,0,2,44,27,71,0,0,0,0,1,1,257,180,437,2023-08-31T22:00:00Z
10,245,Lukač,214,126,340,12,5,17,49,15,64,1,0,1,49,36,85,0,0,0,0,1,1,325,183,508,2023-08-31T22:00:00Z
10,266,Mikleuš,72,54,126,7,1,8,14,5,19,0,0,0,13,11,24,0,0,0,0,0,0,106,71,177,2023-08-31T22:00:00Z
10,283,Nova Bukovica,40,35,75,9,6,15,35,10,45,1,0,1,26,20,46,0,0,0,1,0,1,112,71,183,2023-08-31T22:00:00Z
10,307,Orahovica,854,609,1463,72,37,109,10,3,13,12,11,23,97,114,211,0,0,0,3,1,4,1048,775,1823,2023-08-31T22:00:00Z
10,332,Pitomača,738,669,1407,88,53,141,152,88,240,1,6,7,215,185,400,0,0,0,1,3,4,1195,1004,2199,2023-08-31T22:00:00Z
10,395,Slatina,1499,1403,2902,156,82,238,133,37,170,11,22,33,174,245,419,0,0,0,2,6,8,1975,1795,3770,2023-08-31T22:00:00Z
10,407,Sopje,153,49,202,4,4,8,81,18,99,0,0,0,22,27,49,0,0,0,0,0,0,260,98,358,2023-08-31T22:00:00Z
10,424,Suhopolje,260,260,520,24,22,46,97,39,136,1,1,2,64,55,119,0,0,0,1,0,1,447,377,824,2023-08-31T22:00:00Z
10,449,Špišić Bukovica,150,156,306,27,10,37,145,52,197,2,2,4,52,58,110,0,0,0,0,0,0,376,278,654,2023-08-31T22:00:00Z
10,491,Virovitica,3928,4001,7929,185,122,307,92,27,119,32,19,51,352,359,711,1,0,1,3,6,9,4593,4534,9127,2023-08-31T22:00:00Z
10,499,Voćin,151,117,268,11,3,14,30,21,51,0,0,0,17,7,24,0,0,0,1,0,1,210,148,358,2023-08-31T22:00:00Z
10,524,Zdenci,223,114,337,9,3,12,16,6,22,0,2,2,14,13,27,0,0,0,0,2,2,262,140,402,2023-08-31T22:00:00Z
10,54,Crnac,25,29,54,16,4,20,21,8,29,0,2,2,17,9,26,0,0,0,0,0,0,79,52,131,2023-08-31T22:00:00Z
10,56,Čačinci,158,104,262,23,14,37,21,9,30,0,1,1,31,30,61,0,0,0,0,1,1,233,159,392,2023-08-31T22:00:00Z
10,57,Čađavica,106,78,184,12,11,23,64,19,83,0,0,0,49,29,78,0,0,0,0,0,0,231,137,368,2023-08-31T22:00:00Z
11,164,Jakšić,167,111,278,33,7,40,23,5,28,0,2,2,33,17,50,0,0,0,0,0,0,256,142,398,2023-08-31T22:00:00Z
11,177,Kaptol,100,87,187,16,2,18,25,3,28,0,1,1,46,10,56,0,0,0,0,1,1,187,104,291,2023-08-31T22:00:00Z
11,221,Kutjevo,538,431,969,60,25,85,69,27,96,1,2,3,76,70,146,0,0,0,3,4,7,747,559,1306,2023-08-31T22:00:00Z
11,231,Lipik,753,622,1375,47,15,62,25,18,43,1,8,9,60,61,121,0,0,0,1,0,1,887,724,1611,2023-08-31T22:00:00Z
11,318,Pakrac,637,1086,1723,87,38,125,56,17,73,13,8,21,187,91,278,0,0,0,1,3,4,981,1243,2224,2023-08-31T22:00:00Z
11,334,Pleternica,554,492,1046,95,37,132,48,11,59,3,5,8,173,119,292,0,0,0,1,7,8,874,671,1545,2023-08-31T22:00:00Z
11,35,Brestovac,108,99,207,20,3,23,13,3,16,1,1,2,32,12,44,0,0,0,0,1,1,174,119,293,2023-08-31T22:00:00Z
11,351,Požega,5089,4546,9635,317,176,493,114,40,154,39,79,118,379,346,725,0,1,1,8,23,31,5946,5211,11157,2023-08-31T22:00:00Z
11,475,Velika,417,308,725,32,20,52,22,3,25,2,3,5,46,36,82,0,0,0,2,1,3,521,371,892,2023-08-31T22:00:00Z
11,58,Čaglin,107,171,278,10,1,11,15,4,19,0,1,1,14,12,26,0,0,0,3,0,3,149,189,338,2023-08-31T22:00:00Z
12,10,Bebrina,50,58,108,16,8,24,17,4,21,2,0,2,12,9,21,0,0,0,1,0,1,98,79,177,2023-08-31T22:00:00Z
12,118,Garčin,143,167,310,31,10,41,32,19,51,0,0,0,25,34,59,0,0,0,1,1,2,232,231,463,2023-08-31T22:00:00Z
12,127,Gornji Bogićevci,53,50,103,12,2,14,10,2,12,0,0,0,20,29,49,0,0,0,0,0,0,95,83,178,2023-08-31T22:00:00Z
12,140,Gundinci,86,44,130,14,5,19,52,23,75,0,0,0,18,12,30,0,0,0,0,0,0,170,84,254,2023-08-31T22:00:00Z
12,185,Klakar,100,71,171,13,6,19,19,5,24,0,1,1,14,23,37,0,0,0,0,0,0,146,106,252,2023-08-31T22:00:00Z
12,284,Nova Gradiška,2397,2186,4583,163,101,264,25,18,43,20,18,38,285,323,608,0,0,0,1,7,8,2891,2653,5544,2023-08-31T22:00:00Z
12,285,Nova Kapela,152,174,326,30,17,47,22,7,29,2,3,5,48,51,99,0,0,0,1,2,3,255,254,509,2023-08-31T22:00:00Z
12,299,Okučani,219,159,378,38,7,45,11,2,13,0,0,0,47,20,67,0,0,0,1,2,3,316,190,506,2023-08-31T22:00:00Z
12,303,Oprisavci,341,188,529,13,1,14,36,11,47,1,0,1,11,18,29,0,0,0,0,0,0,402,218,620,2023-08-31T22:00:00Z
12,309,Oriovac,300,304,604,45,23,68,22,16,38,2,3,5,49,54,103,0,0,0,2,4,6,420,404,824,2023-08-31T22:00:00Z
12,338,Podcrkavlje,33,34,67,18,2,20,7,2,9,0,1,1,14,6,20,0,0,0,0,0,0,72,45,117,2023-08-31T22:00:00Z
12,372,Rešetari,213,221,434,39,11,50,16,6,22,3,1,4,82,50,132,0,0,0,1,0,1,354,289,643,2023-08-31T22:00:00Z
12,388,Sibinj,220,214,434,64,22,86,19,2,21,0,0,0,66,43,109,0,0,0,2,4,6,371,285,656,2023-08-31T22:00:00Z
12,39,Brodski Stupnik,75,58,133,16,9,25,9,3,12,2,0,2,71,37,108,0,0,0,1,0,1,174,107,281,2023-08-31T22:00:00Z
12,396,Slavonski Brod,14503,9722,24225,680,381,1061,44,27,71,72,85,157,925,945,1870,0,0,0,16,20,36,16240,11180,27420,2023-08-31T22:00:00Z
12,397,Slavonski Šamac,86,52,138,12,3,15,17,10,27,0,1,1,15,8,23,0,0,0,0,0,0,130,74,204,2023-08-31T22:00:00Z
12,412,Stara Gradiška,169,98,267,6,4,10,7,4,11,0,0,0,21,7,28,0,0,0,0,0,0,203,113,316,2023-08-31T22:00:00Z
12,418,Staro Petrovo Selo,229,127,356,39,13,52,41,18,59,1,1,2,104,54,158,0,0,0,0,2,2,414,215,629,2023-08-31T22:00:00Z
12,46,Cernik,137,194,331,40,12,52,9,7,16,4,1,5,62,30,92,0,0,0,0,1,1,252,245,497,2023-08-31T22:00:00Z
12,476,Velika Kopanica,195,122,317,28,9,37,33,17,50,1,1,2,34,20,54,0,0,0,0,1,1,291,170,461,2023-08-31T22:00:00Z
12,506,Vrbje,40,25,65,9,2,11,21,2,23,0,0,0,19,21,40,0,0,0,0,0,0,89,50,139,2023-08-31T22:00:00Z
12,514,Vrpolje,221,109,330,28,5,33,47,14,61,0,2,2,19,17,36,0,0,0,0,1,1,315,148,463,2023-08-31T22:00:00Z
12,567,Bukovlje,151,67,218,18,11,29,1,0,1,0,0,0,14,15,29,0,0,0,1,3,4,185,96,281,2023-08-31T22:00:00Z
12,568,Dragalić,34,40,74,7,0,7,6,2,8,0,0,0,5,6,11,0,0,0,0,0,0,52,48,100,2023-08-31T22:00:00Z
12,569,Gornja Vrba,436,163,599,20,7,27,2,2,4,0,1,1,19,24,43,0,0,0,0,2,2,477,199,676,2023-08-31T22:00:00Z
12,570,Sikirevci,38,50,88,24,7,31,37,13,50,0,0,0,13,11,24,0,0,0,2,1,3,114,82,196,2023-08-31T22:00:00Z
12,68,Davor,138,84,222,14,7,21,14,4,18,1,0,1,14,25,39,0,0,0,0,1,1,181,121,302,2023-08-31T22:00:00Z
12,81,Donji Andrijevci,172,129,301,25,15,40,21,5,26,0,1,1,26,13,39,0,0,0,1,0,1,245,163,408,2023-08-31T22:00:00Z
13,131,Gračac,265,255,520,24,16,40,76,32,108,2,1,3,53,47,100,0,0,0,1,4,5,421,355,776,2023-08-31T22:00:00Z
13,167,Jasenice,169,90,259,20,2,22,9,4,13,1,0,1,19,12,31,0,0,0,0,1,1,218,109,327,2023-08-31T22:00:00Z
13,17,Benkovac,1201,1079,2280,118,45,163,102,60,162,10,10,20,223,118,341,0,0,0,11,4,15,1665,1316,2981,2023-08-31T22:00:00Z
13,173,Kali,324,122,446,23,18,41,2,1,3,16,0,16,45,34,79,0,0,0,0,2,2,410,177,587,2023-08-31T22:00:00Z
13,20,Bibinje,218,207,425,69,34,103,3,1,4,3,5,8,91,71,162,0,0,0,1,1,2,385,319,704,2023-08-31T22:00:00Z
13,22,Biograd Na Moru,1254,1626,2880,204,100,304,28,16,44,17,8,25,222,291,513,0,0,0,2,4,6,1727,2045,3772,2023-08-31T22:00:00Z
13,234,Lišane Ostrovičke,28,30,58,9,2,11,1,1,2,0,0,0,8,9,17,0,0,0,0,0,0,46,42,88,2023-08-31T22:00:00Z
13,282,Nin,634,605,1239,66,22,88,9,6,15,3,1,4,93,78,171,0,0,0,1,1,2,806,713,1519,2023-08-31T22:00:00Z
13,296,Obrovac,408,271,679,44,13,57,42,8,50,5,4,9,24,42,66,0,0,0,2,5,7,525,343,868,2023-08-31T22:00:00Z
13,316,Pag,600,521,1121,91,42,133,33,14,47,5,5,10,107,94,201,0,0,0,3,3,6,839,679,1518,2023-08-31T22:00:00Z
13,317,Pakoštane,426,401,827,86,30,116,10,17,27,9,4,13,150,117,267,0,0,0,3,1,4,684,570,1254,2023-08-31T22:00:00Z
13,320,Pašman,126,110,236,50,17,67,5,5,10,17,0,17,61,35,96,0,0,0,1,0,1,260,167,427,2023-08-31T22:00:00Z
13,344,Polača,111,73,184,18,9,27,6,2,8,2,0,2,16,15,31,0,0,0,2,1,3,155,100,255,2023-08-31T22:00:00Z
13,345,Poličnik,548,390,938,60,14,74,9,9,18,3,2,5,54,30,84,0,0,0,1,1,2,675,446,1121,2023-08-31T22:00:00Z
13,349,Posedarje,155,196,351,46,17,63,6,8,14,11,2,13,43,51,94,0,0,0,1,2,3,262,276,538,2023-08-31T22:00:00Z
13,354,Preko,325,476,801,67,20,87,8,3,11,25,2,27,66,41,107,0,0,0,1,2,3,492,544,1036,2023-08-31T22:00:00Z
13,371,Ražanac,106,121,227,28,12,40,10,6,16,11,0,11,42,34,76,0,0,0,2,0,2,199,173,372,2023-08-31T22:00:00Z
13,379,Sali,195,181,376,57,21,78,6,2,8,9,2,11,66,57,123,0,0,0,1,1,2,334,264,598,2023-08-31T22:00:00Z
13,411,Stankovci,225,159,384,40,6,46,5,3,8,0,1,1,36,14,50,0,0,0,0,1,1,306,184,490,2023-08-31T22:00:00Z
13,416,Starigrad,225,210,435,50,35,85,9,3,12,2,0,2,71,100,171,0,0,0,0,1,1,357,349,706,2023-08-31T22:00:00Z
13,425,Sukošan,484,379,863,80,25,105,14,6,20,4,1,5,70,66,136,0,0,0,1,5,6,653,482,1135,2023-08-31T22:00:00Z
13,428,Sveti Filip I Jakov,246,378,624,56,28,84,9,2,11,14,5,19,53,50,103,0,0,0,1,4,5,379,467,846,2023-08-31T22:00:00Z
13,445,Škabrnje,80,74,154,34,5,39,4,2,6,2,0,2,18,8,26,0,0,0,1,2,3,139,91,230,2023-08-31T22:00:00Z
13,489,Vir,347,336,683,72,30,102,1,2,3,1,1,2,65,57,122,0,0,0,4,4,8,490,430,920,2023-08-31T22:00:00Z
13,520,Zadar,15742,17142,32884,1282,756,2038,49,32,81,670,220,890,1479,1628,3107,4,0,4,78,59,137,19304,19837,39141,2023-08-31T22:00:00Z
13,525,Zemunik Donji,214,301,515,23,5,28,4,4,8,2,0,2,27,11,38,0,0,0,0,0,0,270,321,591,2023-08-31T22:00:00Z
13,537,Novigrad,79,111,190,33,4,37,5,5,10,5,1,6,35,16,51,0,0,0,1,3,4,158,140,298,2023-08-31T22:00:00Z
13,571,Galovac,39,59,98,17,1,18,3,5,8,3,2,5,18,11,29,0,0,0,0,0,0,80,78,158,2023-08-31T22:00:00Z
13,572,Kukljica,46,45,91,24,1,25,1,0,1,3,1,4,30,17,47,0,0,0,2,0,2,106,64,170,2023-08-31T22:00:00Z
13,573,Povljana,60,52,112,18,8,26,5,1,6,4,0,4,8,14,22,0,0,0,0,1,1,95,76,171,2023-08-31T22:00:00Z
13,574,Privlaka,143,151,294,30,20,50,2,2,4,5,0,5,28,15,43,0,0,0,3,1,4,211,189,400,2023-08-31T22:00:00Z
13,575,Tkon,116,95,211,29,12,41,2,2,4,2,0,2,48,31,79,0,0,0,1,0,1,198,140,338,2023-08-31T22:00:00Z
13,622,Kolan,203,148,351,20,6,26,4,3,7,1,0,1,28,17,45,0,0,0,0,0,0,256,174,430,2023-08-31T22:00:00Z
13,625,Vrsi,133,62,195,19,13,32,5,3,8,14,0,14,33,34,67,0,0,0,4,2,6,208,114,322,2023-08-31T22:00:00Z
14,103,Đakovo,2958,2922,5880,504,240,744,232,96,328,28,34,62,596,580,1176,0,0,0,8,13,21,4326,3885,8211,2023-08-31T22:00:00Z
14,106,Đurđenovac,507,500,1007,43,13,56,18,12,30,0,5,5,61,45,106,0,0,0,2,0,2,631,575,1206,2023-08-31T22:00:00Z
14,110,Erdut,357,250,607,39,15,54,54,15,69,2,4,6,59,44,103,0,0,0,0,1,1,511,329,840,2023-08-31T22:00:00Z
14,111,Ernestinovo,92,192,284,4,3,7,23,5,28,1,1,2,9,7,16,0,0,0,1,0,1,130,208,338,2023-08-31T22:00:00Z
14,116,Feričanci,123,149,272,28,6,34,3,0,3,0,1,1,41,17,58,0,0,0,0,0,0,195,173,368,2023-08-31T22:00:00Z
14,124,Gorjani,148,144,292,16,8,24,11,6,17,0,0,0,11,7,18,0,0,0,0,0,0,186,165,351,2023-08-31T22:00:00Z
14,13,Beli Manastir,1098,1180,2278,104,49,153,72,36,108,9,14,23,126,101,227,0,0,0,0,2,2,1409,1382,2791,2023-08-31T22:00:00Z
14,16,Belišće,1748,635,2383,81,40,121,25,6,31,4,8,12,90,98,188,0,0,0,0,1,1,1948,788,2736,2023-08-31T22:00:00Z
14,195,Kneževi Vinogradi,261,287,548,34,6,40,32,7,39,1,2,3,66,70,136,0,0,0,1,1,2,395,373,768,2023-08-31T22:00:00Z
14,2,Antunovac,223,152,375,36,13,49,12,7,19,1,0,1,17,19,36,0,0,0,0,1,1,289,192,481,2023-08-31T22:00:00Z
14,205,Koška,192,141,333,23,7,30,28,6,34,2,1,3,29,27,56,0,0,0,2,0,2,276,182,458,2023-08-31T22:00:00Z
14,21,Bilje,288,284,572,49,25,74,20,13,33,1,4,5,61,44,105,0,0,0,0,2,2,419,372,791,2023-08-31T22:00:00Z
14,23,Bizovac,248,228,476,24,11,35,24,9,33,2,3,5,27,34,61,0,0,0,1,0,1,326,285,611,2023-08-31T22:00:00Z
14,230,Levanjska Varoš,40,28,68,2,2,4,7,5,12,0,0,0,2,4,6,0,0,0,0,0,0,51,39,90,2023-08-31T22:00:00Z
14,257,Marijanci,91,70,161,6,5,11,12,0,12,0,0,0,16,19,35,0,0,0,0,1,1,125,95,220,2023-08-31T22:00:00Z
14,271,Moslavina Podravska,18,21,39,4,2,6,15,5,20,0,0,0,15,10,25,0,0,0,0,0,0,52,38,90,2023-08-31T22:00:00Z
14,278,Našice,2250,1821,4071,190,105,295,60,29,89,24,34,58,205,243,448,0,0,0,6,6,12,2735,2238,4973,2023-08-31T22:00:00Z
14,312,Osijek,24596,23055,47651,1018,729,1747,129,52,181,160,193,353,774,1141,1915,0,1,1,24,38,62,26701,25209,51910,2023-08-31T22:00:00Z
14,325,Petlovac,57,57,114,6,4,10,12,0,12,0,0,0,20,8,28,0,0,0,0,0,0,95,69,164,2023-08-31T22:00:00Z
14,327,Petrijevci,249,188,437,19,5,24,5,2,7,0,1,1,11,9,20,1,0,1,1,2,3,286,207,493,2023-08-31T22:00:00Z
14,340,Podgorač,114,77,191,27,8,35,25,4,29,1,1,2,17,44,61,0,0,0,0,0,0,184,134,318,2023-08-31T22:00:00Z
14,346,Popovac,50,48,98,1,3,4,6,2,8,0,0,0,3,2,5,0,0,0,0,0,0,60,55,115,2023-08-31T22:00:00Z
14,361,Punitovci,48,66,114,21,5,26,16,3,19,0,0,0,38,7,45,0,0,0,0,0,0,123,81,204,2023-08-31T22:00:00Z
14,381,Satnica Đakovačka,136,87,223,19,7,26,9,2,11,0,0,0,45,25,70,0,0,0,0,0,0,209,121,330,2023-08-31T22:00:00Z
14,386,Semeljci,216,201,417,45,17,62,50,21,71,1,1,2,70,34,104,0,0,0,0,2,2,382,276,658,2023-08-31T22:00:00Z
14,421,Strizivojna,307,301,608,19,10,29,15,5,20,0,0,0,16,10,26,0,0,0,1,1,2,358,327,685,2023-08-31T22:00:00Z
14,461,Trnava,57,63,120,5,3,8,12,4,16,0,0,0,12,5,17,0,0,0,0,0,0,86,75,161,2023-08-31T22:00:00Z
14,471,Valpovo,857,1113,1970,97,67,164,54,17,71,14,19,33,87,122,209,0,0,0,4,9,13,1113,1347,2460,2023-08-31T22:00:00Z
14,485,Viljevo,60,63,123,10,0,10,18,4,22,0,0,0,17,12,29,0,0,0,0,1,1,105,80,185,2023-08-31T22:00:00Z
14,494,Viškovci,303,193,496,24,6,30,15,5,20,0,0,0,18,8,26,0,0,0,1,0,1,361,212,573,2023-08-31T22:00:00Z
14,517,Vuka,30,50,80,17,2,19,12,4,16,0,0,0,23,12,35,0,0,0,0,0,0,82,68,150,2023-08-31T22:00:00Z
14,576,Donja Motičina,24,13,37,11,3,14,1,1,2,1,1,2,17,6,23,0,0,0,0,0,0,54,24,78,2023-08-31T22:00:00Z
14,578,Magadenovac,87,115,202,5,3,8,21,9,30,0,1,1,19,15,34,0,0,0,0,0,0,132,143,275,2023-08-31T22:00:00Z
14,579,Vladislavci,134,83,217,3,0,3,5,6,11,0,0,0,9,3,12,0,0,0,0,0,0,151,92,243,2023-08-31T22:00:00Z
14,609,Jagodnjak,115,69,184,8,2,10,25,6,31,0,0,0,12,4,16,0,0,0,0,0,0,160,81,241,2023-08-31T22:00:00Z
14,614,Šodolovci,26,15,41,0,0,0,0,0,0,0,0,0,8,4,12,0,0,0,0,0,0,34,19,53,2023-08-31T22:00:00Z
14,64,Čeminac,71,104,175,11,0,11,4,2,6,0,0,0,25,14,39,0,0,0,0,0,0,111,120,231,2023-08-31T22:00:00Z
14,65,Čepin,806,549,1355,103,39,142,60,29,89,4,4,8,91,96,187,0,0,0,2,1,3,1066,718,1784,2023-08-31T22:00:00Z
14,66,Darda,1838,875,2713,56,36,92,33,8,41,3,4,7,64,55,119,0,0,0,0,2,2,1994,980,2974,2023-08-31T22:00:00Z
14,86,Donji Miholjac,1176,1009,2185,106,63,169,167,38,205,6,10,16,154,130,284,0,0,0,0,3,3,1609,1253,2862,2023-08-31T22:00:00Z
14,91,Draž,96,110,206,10,3,13,14,4,18,0,0,0,7,7,14,0,0,0,0,2,2,127,126,253,2023-08-31T22:00:00Z
14,94,Drenje,105,98,203,33,5,38,46,10,56,0,0,0,17,19,36,0,0,0,0,0,0,201,132,333,2023-08-31T22:00:00Z
15,113,Ervenik,45,41,86,3,0,3,3,1,4,0,0,0,4,3,7,0,0,0,0,0,0,55,45,100,2023-08-31T22:00:00Z
15,183,Kijevo,32,27,59,2,0,2,0,0,0,0,0,0,0,0,0,0,0,0,0,0,0,34,27,61,2023-08-31T22:00:00Z
15,184,Kistanje,79,75,154,27,10,37,1,2,3,2,0,2,21,15,36,0,0,0,0,0,0,130,102,232,2023-08-31T22:00:00Z
15,196,Knin,1316,1433,2749,137,75,212,65,17,82,34,6,40,161,157,318,0,0,0,2,2,4,1715,1690,3405,2023-08-31T22:00:00Z
15,298,Promina,117,86,203,1,1,2,1,2,3,0,0,0,1,1,2,0,0,0,0,0,0,120,90,210,2023-08-31T22:00:00Z
15,310,Biskupija,132,20,152,1,1,2,2,0,2,1,0,1,2,1,3,0,0,0,0,0,0,138,22,160,2023-08-31T22:00:00Z
15,357,Primošten,337,365,702,141,42,183,6,2,8,6,1,7,129,122,251,0,1,1,3,1,4,622,534,1156,2023-08-31T22:00:00Z
15,377,Ružić,34,27,61,5,2,7,5,5,10,0,0,0,4,12,16,0,0,0,0,0,0,48,46,94,2023-08-31T22:00:00Z
15,394,Skradin,151,176,327,55,19,74,19,8,27,3,3,6,76,68,144,0,0,0,0,0,0,304,274,578,2023-08-31T22:00:00Z
15,444,Šibenik,8635,8866,17501,731,411,1142,29,14,43,227,103,330,682,746,1428,0,0,0,11,15,26,10315,10155,20470,2023-08-31T22:00:00Z
15,454,Tisno,421,357,778,117,48,165,6,0,6,9,3,12,89,106,195,0,0,0,1,3,4,643,517,1160,2023-08-31T22:00:00Z
15,469,Unešić,59,55,114,10,0,10,4,1,5,1,0,1,13,5,18,0,0,0,0,0,0,87,61,148,2023-08-31T22:00:00Z
15,500,Vodice,1204,1241,2445,348,146,494,12,4,16,15,12,27,298,238,536,0,0,0,3,5,8,1880,1646,3526,2023-08-31T22:00:00Z
15,51,Civljane,54,6,60,1,2,3,0,0,0,0,0,0,3,1,4,0,0,0,0,0,0,58,9,67,2023-08-31T22:00:00Z
15,581,Pirovac,158,177,335,47,26,73,6,5,11,3,2,5,67,66,133,0,0,0,1,0,1,282,276,558,2023-08-31T22:00:00Z
15,582,Rogoznica,317,314,631,60,27,87,1,1,2,5,1,6,79,63,142,0,0,0,1,0,1,463,406,869,2023-08-31T22:00:00Z
15,617,Murter,363,348,711,83,51,134,3,1,4,18,4,22,146,121,267,0,0,0,2,2,4,615,527,1142,2023-08-31T22:00:00Z
15,621,Bilice,101,50,151,30,7,37,0,0,0,6,0,6,30,12,42,0,0,0,0,0,0,167,69,236,2023-08-31T22:00:00Z
15,626,Tribunj,102,105,207,30,17,47,1,0,1,4,0,4,81,54,135,0,0,0,1,0,1,219,176,395,2023-08-31T22:00:00Z
15,95,Drniš,941,639,1580,68,56,124,51,26,77,6,9,15,92,82,174,0,0,0,1,0,1,1159,812,1971,2023-08-31T22:00:00Z
16,1,Andrijaševci,68,113,181,23,14,37,13,5,18,1,1,2,38,33,71,0,0,0,1,4,5,144,170,314,2023-08-31T22:00:00Z
16,137,Gradište,87,101,188,19,4,23,29,5,34,0,1,1,18,12,30,0,0,0,0,1,1,153,124,277,2023-08-31T22:00:00Z
16,141,Gunja,201,129,330,27,9,36,45,16,61,1,0,1,40,12,52,0,0,0,0,3,3,314,169,483,2023-08-31T22:00:00Z
16,154,Ilok,481,577,1058,69,23,92,52,16,68,1,2,3,111,101,212,0,0,0,0,0,0,714,719,1433,2023-08-31T22:00:00Z
16,159,Ivankovo,365,423,788,72,32,104,55,11,66,1,5,6,114,77,191,0,0,0,3,4,7,610,552,1162,2023-08-31T22:00:00Z
16,166,Jarmina,37,72,109,19,13,32,29,11,40,0,1,1,25,25,50,0,0,0,0,2,2,110,124,234,2023-08-31T22:00:00Z
16,239,Lovas,63,59,122,6,0,6,13,1,14,0,0,0,4,6,10,0,0,0,0,0,0,86,66,152,2023-08-31T22:00:00Z
16,26,Bogdanovci,30,19,49,3,0,3,7,4,11,0,0,0,18,4,22,0,0,0,0,0,0,58,27,85,2023-08-31T22:00:00Z
16,29,Borovo,71,95,166,48,16,64,26,5,31,1,3,4,61,81,142,0,0,0,2,1,3,209,201,410,2023-08-31T22:00:00Z
16,294,Nuštar,266,302,568,43,21,64,22,6,28,2,1,3,54,31,85,0,0,0,0,2,2,387,363,750,2023-08-31T22:00:00Z
16,295,Nijemci,203,231,434,25,8,33,85,21,106,0,1,1,71,33,104,0,0,0,0,2,2,384,296,680,2023-08-31T22:00:00Z
16,3,Babina Greda,170,209,379,35,16,51,74,27,101,3,0,3,34,44,78,0,0,0,0,0,0,316,296,612,2023-08-31T22:00:00Z
16,32,Bošnjaci,116,111,227,27,7,34,27,5,32,2,0,2,30,41,71,0,0,0,0,0,0,202,164,366,2023-08-31T22:00:00Z
16,414,Stari Jankovci,135,118,253,23,4,27,45,9,54,1,0,1,30,17,47,0,0,0,1,1,2,235,149,384,2023-08-31T22:00:00Z
16,415,Stari Mikanovci,102,127,229,22,9,31,25,13,38,4,1,5,36,41,77,0,0,0,1,0,1,190,191,381,2023-08-31T22:00:00Z
16,44,Cerna,467,226,693,46,29,75,53,20,73,2,1,3,58,73,131,0,0,0,0,0,0,626,349,975,2023-08-31T22:00:00Z
16,456,Tompojevci,22,37,59,15,5,20,38,11,49,0,0,0,14,11,25,0,0,0,0,0,0,89,64,153,2023-08-31T22:00:00Z
16,458,Tordinci,100,97,197,4,1,5,9,0,9,0,0,0,7,13,20,0,0,0,0,0,0,120,111,231,2023-08-31T22:00:00Z
16,459,Tovarnik,176,139,315,20,3,23,47,24,71,1,1,2,8,26,34,0,0,0,0,0,0,252,193,445,2023-08-31T22:00:00Z
16,464,Trpinja,112,198,310,29,11,40,79,18,97,1,0,1,35,22,57,0,0,0,0,1,1,256,250,506,2023-08-31T22:00:00Z
16,487,Vinkovci,8003,6595,14598,327,208,535,45,23,68,57,48,105,456,650,1106,1,0,1,7,16,23,8896,7540,16436,2023-08-31T22:00:00Z
16,505,Vrbanja,320,182,502,31,12,43,63,14,77,1,1,2,35,36,71,0,0,0,0,1,1,450,246,696,2023-08-31T22:00:00Z
16,518,Vukovar,4552,4745,9297,306,170,476,109,38,147,27,25,52,436,413,849,0,0,0,1,6,7,5431,5397,10828,2023-08-31T22:00:00Z
16,534,Županja,2019,1509,3528,140,63,203,40,15,55,21,16,37,159,191,350,1,0,1,4,8,12,2384,1802,4186,2023-08-31T22:00:00Z
16,535,Otok (Vinkovci),406,307,713,37,23,60,60,11,71,6,1,7,79,68,147,0,0,0,0,2,2,588,412,1000,2023-08-31T22:00:00Z
16,583,Privlaka,85,83,168,20,8,28,25,9,34,0,2,2,18,18,36,0,0,0,1,0,1,149,120,269,2023-08-31T22:00:00Z
16,584,Vođinci,52,168,220,14,2,16,6,6,12,0,1,1,15,16,31,0,0,0,0,0,0,87,193,280,2023-08-31T22:00:00Z
16,610,Markušica,39,57,96,12,5,17,48,16,64,0,1,1,14,10,24,0,0,0,2,0,2,115,89,204,2023-08-31T22:00:00Z
16,612,Negoslavci,16,12,28,7,1,8,11,3,14,1,0,1,16,13,29,0,0,0,0,0,0,51,29,80,2023-08-31T22:00:00Z
16,628,Štitar,90,72,162,7,1,8,12,3,15,0,0,0,11,3,14,0,0,0,0,0,0,120,79,199,2023-08-31T22:00:00Z
16,92,Drenovci,113,172,285,39,4,43,114,36,150,2,1,3,42,51,93,0,0,0,1,2,3,311,266,577,2023-08-31T22:00:00Z
17,100,Dugi Rat,960,792,1752,104,47,151,0,2,2,36,6,42,277,179,456,0,0,0,2,2,4,1379,1028,2407,2023-08-31T22:00:00Z
17,134,Gradac,191,257,448,73,35,108,3,1,4,3,1,4,84,117,201,0,0,0,3,0,3,357,411,768,2023-08-31T22:00:00Z
17,148,Hrvace,309,175,484,50,20,70,9,7,16,1,4,5,52,38,90,0,0,0,1,2,3,422,246,668,2023-08-31T22:00:00Z
17,153,Hvar,1148,1071,2219,270,124,394,17,11,28,15,4,19,455,378,833,2,0,2,5,11,16,1912,1599,3511,2023-08-31T22:00:00Z
17,155,Imotski,1389,1412,2801,187,96,283,12,7,19,27,15,42,134,186,320,0,0,0,9,13,22,1758,1729,3487,2023-08-31T22:00:00Z
17,171,Jelsa,467,417,884,110,47,157,36,18,54,9,1,10,176,130,306,0,1,1,0,4,4,798,618,1416,2023-08-31T22:00:00Z
17,181,Kaštela,3931,4215,8146,562,296,858,24,13,37,130,42,172,568,598,1166,0,0,0,25,18,43,5240,5182,10422,2023-08-31T22:00:00Z
17,192,Klis,252,211,463,33,8,41,8,2,10,29,3,32,53,26,79,0,0,0,2,4,6,377,254,631,2023-08-31T22:00:00Z
17,197,Komiža,203,188,391,76,26,102,5,2,7,3,2,5,49,47,96,0,0,0,0,2,2,336,267,603,2023-08-31T22:00:00Z
17,243,Lovreć,164,80,244,16,9,25,5,1,6,1,0,1,31,15,46,0,0,0,1,2,3,218,107,325,2023-08-31T22:00:00Z
17,249,Makarska,2957,3076,6033,345,214,559,2,1,3,42,31,73,488,482,970,1,0,1,5,3,8,3840,3807,7647,2023-08-31T22:00:00Z
17,258,Marina,235,283,518,75,35,110,5,5,10,16,0,16,64,72,136,1,0,1,4,1,5,400,396,796,2023-08-31T22:00:00Z
17,267,Milna,106,112,218,32,11,43,5,2,7,2,0,2,48,51,99,0,0,0,1,0,1,194,176,370,2023-08-31T22:00:00Z
17,27,Bol,585,551,1136,85,39,124,6,3,9,6,3,9,116,77,193,0,0,0,2,1,3,800,674,1474,2023-08-31T22:00:00Z
17,280,Nerežišća,136,65,201,20,4,24,3,2,5,0,0,0,31,24,55,0,0,0,0,1,1,190,96,286,2023-08-31T22:00:00Z
17,300,Omiš,1669,1789,3458,301,130,431,13,6,19,33,15,48,395,386,781,0,0,0,4,4,8,2415,2330,4745,2023-08-31T22:00:00Z
17,314,Otok,207,192,399,74,22,96,10,1,11,4,1,5,87,43,130,0,0,0,1,1,2,383,260,643,2023-08-31T22:00:00Z
17,337,Podbablje,285,206,491,37,5,42,4,0,4,2,3,5,18,36,54,0,0,0,0,4,4,346,254,600,2023-08-31T22:00:00Z
17,339,Podgora,351,389,740,97,33,130,1,0,1,0,0,0,132,118,250,0,0,0,1,1,2,582,541,1123,2023-08-31T22:00:00Z
17,341,Podstrana,972,858,1830,70,31,101,14,3,17,43,4,47,80,96,176,1,0,1,2,3,5,1182,995,2177,2023-08-31T22:00:00Z
17,350,Postira,328,301,629,39,21,60,8,1,9,1,3,4,27,20,47,0,0,0,0,1,1,403,347,750,2023-08-31T22:00:00Z
17,358,Pučišća,225,149,374,58,11,69,11,4,15,6,0,6,36,24,60,0,0,0,1,0,1,337,188,525,2023-08-31T22:00:00Z
17,382,Seget,598,594,1192,53,15,68,5,3,8,11,3,14,202,103,305,0,0,0,2,2,4,871,720,1591,2023-08-31T22:00:00Z
17,383,Selca,134,129,263,53,22,75,8,5,13,5,1,6,71,37,108,0,0,0,0,1,1,271,195,466,2023-08-31T22:00:00Z
17,389,Sinj,1950,2048,3998,369,165,534,59,19,78,43,39,82,344,389,733,0,0,0,7,11,18,2772,2671,5443,2023-08-31T22:00:00Z
17,406,Solin,3844,3180,7024,292,186,478,13,7,20,137,38,175,343,292,635,0,0,0,9,6,15,4638,3709,8347,2023-08-31T22:00:00Z
17,409,Split,36511,40103,76614,1871,1316,3187,66,41,107,2351,444,2795,1683,2247,3930,6,2,8,124,134,258,42612,44287,86899,2023-08-31T22:00:00Z
17,413,Stari Grad,471,447,918,84,42,126,19,16,35,4,3,7,96,83,179,0,0,0,5,9,14,679,600,1279,2023-08-31T22:00:00Z
17,423,Sućuraj,33,30,63,27,6,33,2,1,3,1,0,1,14,14,28,0,0,0,1,0,1,78,51,129,2023-08-31T22:00:00Z
17,427,Supetar,805,914,1719,163,81,244,14,7,21,29,12,41,183,186,369,0,0,0,7,1,8,1201,1201,2402,2023-08-31T22:00:00Z
17,443,Šestanovac,163,139,302,32,8,40,13,2,15,1,2,3,16,24,40,0,0,0,2,0,2,227,175,402,2023-08-31T22:00:00Z
17,447,Šolta,245,179,424,24,21,45,11,5,16,5,1,6,31,23,54,0,0,0,1,0,1,317,229,546,2023-08-31T22:00:00Z
17,460,Trilj,547,623,1170,163,46,209,25,10,35,10,1,11,119,126,245,0,0,0,1,6,7,865,812,1677,2023-08-31T22:00:00Z
17,463,Trogir,2075,2176,4251,413,218,631,15,5,20,72,37,109,495,648,1143,0,0,0,14,16,30,3084,3100,6184,2023-08-31T22:00:00Z
17,492,Vis,364,344,708,85,33,118,12,3,15,3,2,5,75,67,142,0,0,0,1,1,2,540,450,990,2023-08-31T22:00:00Z
17,50,Cista Provo,118,157,275,27,5,32,7,1,8,0,0,0,6,12,18,0,0,0,0,3,3,158,178,336,2023-08-31T22:00:00Z
17,511,Vrgorac,972,742,1714,55,31,86,26,15,41,5,6,11,48,71,119,0,0,0,2,5,7,1108,870,1978,2023-08-31T22:00:00Z
17,513,Vrlika,99,209,308,17,3,20,13,8,21,2,0,2,27,10,37,0,0,0,1,0,1,159,230,389,2023-08-31T22:00:00Z
17,522,Zagvozd,138,87,225,21,3,24,2,1,3,0,0,0,12,8,20,0,0,0,0,0,0,173,99,272,2023-08-31T22:00:00Z
17,528,Zmijavci,104,118,222,9,4,13,1,1,2,3,0,3,31,11,42,0,0,0,0,1,1,148,135,283,2023-08-31T22:00:00Z
17,585,Dugopolje,1721,979,2700,50,16,66,5,2,7,9,2,11,59,28,87,0,0,0,1,0,1,1845,1027,2872,2023-08-31T22:00:00Z
17,586,Lećevica,14,21,35,9,0,9,2,2,4,1,0,1,2,0,2,0,0,0,0,0,0,28,23,51,2023-08-31T22:00:00Z
17,587,Lokvičići,31,18,49,2,0,2,2,0,2,0,0,0,1,0,1,0,0,0,1,0,1,37,18,55,2023-08-31T22:00:00Z
17,588,Okrug,209,259,468,58,38,96,1,0,1,9,5,14,158,68,226,0,0,0,3,3,6,438,373,811,2023-08-31T22:00:00Z
17,589,Prgomet,30,25,55,7,0,7,1,0,1,0,0,0,3,0,3,0,0,0,0,0,0,41,25,66,2023-08-31T22:00:00Z
17,590,Primorski Dolac,23,37,60,4,3,7,2,0,2,1,1,2,1,3,4,0,0,0,0,0,0,31,44,75,2023-08-31T22:00:00Z
17,591,Runovići,72,67,139,16,2,18,1,2,3,0,2,2,25,34,59,0,0,0,0,0,0,114,107,221,2023-08-31T22:00:00Z
17,592,Sutivan,136,119,255,21,8,29,3,1,4,8,2,10,29,21,50,0,0,0,0,0,0,197,151,348,2023-08-31T22:00:00Z
17,593,Tučepi,362,350,712,61,24,85,0,1,1,4,3,7,125,88,213,0,0,0,0,2,2,552,468,1020,2023-08-31T22:00:00Z
17,595,Zadvarje,47,36,83,8,1,9,1,1,2,0,0,0,6,5,11,0,0,0,0,0,0,62,43,105,2023-08-31T22:00:00Z
17,72,Dicmo,524,207,731,39,16,55,4,2,6,3,1,4,27,43,70,0,0,0,2,0,2,599,269,868,2023-08-31T22:00:00Z
17,77,Brela,313,344,657,51,34,85,0,0,0,2,2,4,74,92,166,0,0,0,0,0,0,440,472,912,2023-08-31T22:00:00Z
17,87,Muć,181,212,393,24,4,28,2,3,5,2,4,6,15,8,23,0,0,0,0,1,1,224,232,456,2023-08-31T22:00:00Z
17,88,Proložac,211,159,370,25,7,32,2,5,7,1,0,1,41,24,65,0,0,0,6,1,7,286,196,482,2023-08-31T22:00:00Z
17,9,Baška Voda,342,415,757,102,63,165,1,0,1,3,3,6,129,139,268,0,0,0,0,2,2,577,622,1199,2023-08-31T22:00:00Z
18,132,Gračišće,56,24,80,31,6,37,10,3,13,0,0,0,36,9,45,0,0,0,0,0,0,133,42,175,2023-08-31T22:00:00Z
18,138,Grožnjan,33,36,69,21,3,24,11,4,15,0,0,0,11,16,27,0,0,0,0,1,1,76,60,136,2023-08-31T22:00:00Z
18,175,Kanfanar,580,256,836,33,13,46,4,1,5,0,0,0,22,16,38,0,0,0,2,1,3,641,287,928,2023-08-31T22:00:00Z
18,217,Kršan,321,295,616,51,16,67,9,3,12,4,0,4,129,61,190,0,0,0,0,3,3,514,378,892,2023-08-31T22:00:00Z
18,222,Labin,3020,2912,5932,270,151,421,17,8,25,24,36,60,300,261,561,0,0,0,8,6,14,3639,3374,7013,2023-08-31T22:00:00Z
18,223,Lanišće,14,12,26,3,0,3,2,0,2,0,1,1,15,7,22,0,0,0,0,1,1,34,21,55,2023-08-31T22:00:00Z
18,235,Ližnjan,207,143,350,18,8,26,2,0,2,3,0,3,35,30,65,0,0,0,1,0,1,266,181,447,2023-08-31T22:00:00Z
18,246,Lupoglav,218,119,337,11,5,16,5,2,7,0,1,1,13,9,22,0,0,0,0,0,0,247,136,383,2023-08-31T22:00:00Z
18,254,Marčana,186,210,396,41,18,59,3,2,5,4,1,5,37,27,64,0,0,0,1,0,1,272,258,530,2023-08-31T22:00:00Z
18,263,Medulin,918,897,1815,108,65,173,6,3,9,9,6,15,224,211,435,0,0,0,0,2,2,1265,1184,2449,2023-08-31T22:00:00Z
18,274,Motovun,103,123,226,40,19,59,16,7,23,1,1,2,54,50,104,0,0,0,0,4,4,214,204,418,2023-08-31T22:00:00Z
18,291,Novigrad,1078,1189,2267,151,62,213,15,4,19,3,10,13,154,150,304,0,0,0,2,4,6,1403,1419,2822,2023-08-31T22:00:00Z
18,304,Oprtalj,73,91,164,13,8,21,13,1,14,0,0,0,11,12,23,0,0,0,2,1,3,112,113,225,2023-08-31T22:00:00Z
18,321,Pazin,1961,2037,3998,324,140,464,57,25,82,14,21,35,295,220,515,0,0,0,3,10,13,2654,2453,5107,2023-08-31T22:00:00Z
18,330,Pićan,332,138,470,35,10,45,1,5,6,1,2,3,53,22,75,0,0,0,1,1,2,423,178,601,2023-08-31T22:00:00Z
18,348,Poreč,5968,5846,11814,771,427,1198,52,19,71,51,52,103,749,739,1488,2,1,3,10,7,17,7603,7091,14694,2023-08-31T22:00:00Z
18,359,Pula,13585,13014,26599,1462,800,2262,72,45,117,249,170,419,1075,1148,2223,0,0,0,34,44,78,16477,15221,31698,2023-08-31T22:00:00Z
18,368,Raša,310,180,490,28,11,39,1,0,1,1,1,2,44,25,69,0,0,0,1,1,2,385,218,603,2023-08-31T22:00:00Z
18,374,Rovinj,3750,4111,7861,490,291,781,32,19,51,31,37,68,751,640,1391,0,0,0,13,22,35,5067,5120,10187,2023-08-31T22:00:00Z
18,40,Brtonigla,180,131,311,40,12,52,21,7,28,2,1,3,49,62,111,0,0,0,0,1,1,292,214,506,2023-08-31T22:00:00Z
18,42,Buje,850,844,1694,124,52,176,27,13,40,7,8,15,65,74,139,0,0,0,0,5,5,1073,996,2069,2023-08-31T22:00:00Z
18,43,Buzet,1568,1100,2668,175,66,241,24,13,37,7,5,12,157,102,259,0,0,0,4,7,11,1935,1293,3228,2023-08-31T22:00:00Z
18,431,Sveti Lovreč,58,56,114,24,12,36,2,0,2,0,1,1,38,19,57,0,0,0,0,0,0,122,88,210,2023-08-31T22:00:00Z
18,432,Sveta Nedelja,193,155,348,33,10,43,8,2,10,7,0,7,49,23,72,0,0,0,3,2,5,293,192,485,2023-08-31T22:00:00Z
18,433,Sveti Petar U Šumi,177,127,304,23,3,26,3,4,7,0,0,0,15,7,22,0,0,0,1,0,1,219,141,360,2023-08-31T22:00:00Z
18,435,Svetvinčenat,141,113,254,27,7,34,3,0,3,0,2,2,24,28,52,0,0,0,0,0,0,195,150,345,2023-08-31T22:00:00Z
18,453,Tinjan,195,112,307,39,10,49,5,1,6,1,3,4,53,32,85,0,0,0,1,0,1,294,158,452,2023-08-31T22:00:00Z
18,468,Umag,3223,2937,6160,470,213,683,31,16,47,39,31,70,383,394,777,0,0,0,12,16,28,4158,3607,7765,2023-08-31T22:00:00Z
18,47,Cerovlje,134,58,192,35,4,39,4,4,8,1,0,1,26,14,40,0,0,0,0,1,1,200,81,281,2023-08-31T22:00:00Z
18,497,Višnjan,282,269,551,50,11,61,12,2,14,2,1,3,106,41,147,0,0,0,4,1,5,456,325,781,2023-08-31T22:00:00Z
18,498,Vižinada,61,60,121,32,12,44,15,5,20,0,0,0,35,36,71,0,0,0,0,1,1,143,114,257,2023-08-31T22:00:00Z
18,5,Bale,211,174,385,24,21,45,2,2,4,0,0,0,55,29,84,0,0,0,0,1,1,292,227,519,2023-08-31T22:00:00Z
18,502,Vodnjan,894,685,1579,60,29,89,9,3,12,9,2,11,94,64,158,0,1,1,2,0,2,1068,784,1852,2023-08-31T22:00:00Z
18,516,Vrsar,521,571,1092,88,42,130,3,3,6,3,1,4,231,200,431,0,0,0,1,1,2,847,818,1665,2023-08-31T22:00:00Z
18,531,Žminj,500,459,959,115,50,165,13,10,23,3,5,8,98,102,200,0,0,0,3,3,6,732,629,1361,2023-08-31T22:00:00Z
18,596,Karojba,138,133,271,34,6,40,0,1,1,0,0,0,45,13,58,0,1,1,0,0,0,217,154,371,2023-08-31T22:00:00Z
18,597,Kaštelir - Labinci,149,83,232,38,21,59,8,5,13,2,0,2,62,20,82,0,0,0,1,3,4,260,132,392,2023-08-31T22:00:00Z
18,6,Barban,291,113,404,49,7,56,13,5,18,1,1,2,31,25,56,0,0,0,3,3,6,388,154,542,2023-08-31T22:00:00Z
18,619,Fažana,346,329,675,45,24,69,2,2,4,4,4,8,66,56,122,0,0,0,1,2,3,464,417,881,2023-08-31T22:00:00Z
18,629,Funtana,199,220,419,29,18,47,1,1,2,1,0,1,72,84,156,0,0,0,1,1,2,303,324,627,2023-08-31T22:00:00Z
18,631,Tar-Vabriga,239,301,540,51,22,73,1,1,2,0,1,1,75,61,136,0,0,0,0,2,2,366,388,754,2023-08-31T22:00:00Z
19,198,Konavle,1772,1420,3192,207,87,294,18,12,30,33,8,41,149,163,312,0,1,1,7,1,8,2186,1692,3878,2023-08-31T22:00:00Z
19,204,Korčula,887,1089,1976,184,85,269,18,6,24,96,11,107,212,210,422,0,0,0,6,11,17,1403,1412,2815,2023-08-31T22:00:00Z
19,219,Kula Norinska,37,39,76,9,1,10,1,0,1,0,0,0,6,7,13,0,0,0,0,0,0,53,47,100,2023-08-31T22:00:00Z
19,226,Lastovo,84,107,191,34,12,46,2,2,4,4,0,4,15,19,34,0,0,0,1,3,4,140,143,283,2023-08-31T22:00:00Z
19,25,Blato,579,421,1000,84,22,106,14,4,18,11,8,19,152,53,205,0,0,0,7,2,9,847,510,1357,2023-08-31T22:00:00Z
19,264,Metković,2303,1848,4151,190,128,318,41,23,64,46,16,62,323,262,585,0,0,0,6,8,14,2909,2285,5194,2023-08-31T22:00:00Z
19,268,Mljet,215,136,351,34,13,47,5,0,5,5,2,7,35,40,75,0,0,0,1,0,1,295,191,486,2023-08-31T22:00:00Z
19,306,Opuzen,531,520,1051,32,22,54,59,22,81,5,1,6,37,74,111,0,0,0,2,1,3,666,640,1306,2023-08-31T22:00:00Z
19,308,Orebić,497,499,996,100,57,157,34,8,42,35,6,41,154,151,305,0,0,0,1,11,12,821,732,1553,2023-08-31T22:00:00Z
19,335,Ploče,1403,932,2335,98,60,158,30,11,41,21,5,26,110,130,240,0,0,0,3,3,6,1665,1141,2806,2023-08-31T22:00:00Z
19,343,Pojezerje,33,41,74,5,2,7,8,1,9,0,0,0,2,4,6,0,0,0,0,0,0,48,48,96,2023-08-31T22:00:00Z
19,399,Slivno,81,37,118,13,10,23,12,4,16,0,0,0,13,18,31,0,0,0,1,0,1,120,69,189,2023-08-31T22:00:00Z
19,402,Smokvica,35,94,129,14,3,17,17,5,22,9,0,9,38,13,51,0,0,0,1,0,1,114,115,229,2023-08-31T22:00:00Z
19,419,Ston,437,270,707,64,18,82,22,3,25,11,1,12,58,41,99,0,0,0,1,2,3,593,335,928,2023-08-31T22:00:00Z
19,474,Vela Luka,321,556,877,79,32,111,10,2,12,33,5,38,107,71,178,0,0,0,4,6,10,554,672,1226,2023-08-31T22:00:00Z
19,523,Zažablje,11,8,19,4,0,4,4,2,6,1,1,2,11,1,12,0,0,0,0,0,0,31,12,43,2023-08-31T22:00:00Z
19,598,Dubrovačko Primorje,188,169,357,31,9,40,2,5,7,8,2,10,50,33,83,0,0,0,0,1,1,279,219,498,2023-08-31T22:00:00Z
19,599,Janjina,55,62,117,9,6,15,8,3,11,2,2,4,20,14,34,0,0,0,3,1,4,97,88,185,2023-08-31T22:00:00Z
19,600,Lumbarda,77,74,151,43,17,60,12,2,14,5,0,5,46,42,88,0,0,0,5,4,9,188,139,327,2023-08-31T22:00:00Z
19,601,Trpanj,62,60,122,13,6,19,3,1,4,3,1,4,23,14,37,0,0,0,2,2,4,106,84,190,2023-08-31T22:00:00Z
19,602,Župa Dubrovačka,899,935,1834,157,77,234,4,7,11,60,1,61,101,108,209,0,0,0,5,5,10,1226,1133,2359,2023-08-31T22:00:00Z
19,98,Dubrovnik,11952,12346,24298,949,513,1462,27,16,43,505,77,582,887,872,1759,1,0,1,38,54,92,14359,13878,28237,2023-08-31T22:00:00Z
20,123,Goričan,305,161,466,9,4,13,8,2,10,0,3,3,12,9,21,0,0,0,0,0,0,334,179,513,2023-08-31T22:00:00Z
20,15,Belica,191,212,403,24,16,40,59,32,91,1,1,2,30,40,70,0,0,0,1,2,3,306,303,609,2023-08-31T22:00:00Z
20,206,Kotoriba,518,283,801,11,5,16,5,0,5,0,4,4,10,9,19,0,0,0,0,0,0,544,301,845,2023-08-31T22:00:00Z
20,250,Mala Subotica,550,1096,1646,24,18,42,30,14,44,2,5,7,17,25,42,0,0,0,0,2,2,623,1160,1783,2023-08-31T22:00:00Z
20,276,Mursko Središće,878,781,1659,48,25,73,14,7,21,2,7,9,40,52,92,0,0,0,2,2,4,984,874,1858,2023-08-31T22:00:00Z
20,279,Nedelišće,1564,860,2424,101,47,148,39,20,59,1,7,8,139,85,224,0,0,0,0,5,5,1844,1024,2868,2023-08-31T22:00:00Z
20,342,Podturen,212,139,351,22,8,30,16,12,28,1,2,3,52,36,88,0,0,0,0,1,1,303,198,501,2023-08-31T22:00:00Z
20,355,Prelog,2376,1658,4034,66,30,96,48,19,67,8,9,17,76,70,146,0,0,0,5,7,12,2579,1793,4372,2023-08-31T22:00:00Z
20,385,Selnica,151,157,308,14,10,24,7,5,12,1,1,2,15,13,28,0,0,0,1,0,1,189,186,375,2023-08-31T22:00:00Z
20,440,Sveti Juraj Na Bregu,302,205,507,28,17,45,14,5,19,1,4,5,36,44,80,0,0,0,0,1,1,381,276,657,2023-08-31T22:00:00Z
20,441,Sveti Martin Na Muri,636,368,1004,16,14,30,7,5,12,0,3,3,30,35,65,0,0,0,2,0,2,691,425,1116,2023-08-31T22:00:00Z
20,452,Štrigova,305,205,510,24,12,36,35,17,52,2,1,3,58,68,126,0,0,0,0,1,1,424,304,728,2023-08-31T22:00:00Z
20,504,Vratišinec,130,93,223,7,2,9,11,2,13,1,2,3,8,10,18,0,0,0,1,0,1,158,109,267,2023-08-31T22:00:00Z
20,60,Čakovec,9789,9181,18970,265,155,420,58,24,82,43,64,107,251,327,578,0,0,0,9,13,22,10415,9764,20179,2023-08-31T22:00:00Z
20,603,Dekanovec,82,77,159,6,1,7,4,5,9,0,0,0,7,2,9,0,0,0,0,0,0,99,85,184,2023-08-31T22:00:00Z
20,604,Gornji Mihaljevec,117,77,194,14,4,18,26,9,35,2,1,3,22,15,37,0,0,0,0,1,1,181,107,288,2023-08-31T22:00:00Z
20,605,Orehovica,202,162,364,17,3,20,23,9,32,1,2,3,38,18,56,0,0,0,0,2,2,281,196,477,2023-08-31T22:00:00Z
20,606,Strahoninec,241,154,395,14,8,22,3,2,5,0,1,1,37,12,49,0,0,0,1,2,3,296,179,475,2023-08-31T22:00:00Z
20,607,Sveta Marija,67,78,145,11,2,13,4,0,4,1,1,2,19,6,25,0,0,0,0,1,1,102,88,190,2023-08-31T22:00:00Z
20,608,Šenkovec,518,280,798,22,9,31,2,1,3,0,1,1,28,19,47,0,0,0,0,2,2,570,312,882,2023-08-31T22:00:00Z
20,620,Pribislavec,307,182,489,10,8,18,2,1,3,2,1,3,8,10,18,0,0,0,0,0,0,329,202,531,2023-08-31T22:00:00Z
20,75,Domašinec,259,112,371,7,7,14,19,16,35,1,1,2,17,6,23,0,0,0,2,0,2,305,142,447,2023-08-31T22:00:00Z
20,78,Donja Dubrava,210,238,448,17,6,23,5,3,8,0,2,2,12,13,25,0,0,0,0,0,0,244,262,506,2023-08-31T22:00:00Z
20,82,Donji Kraljevec,1423,639,2062,43,15,58,51,21,72,3,4,7,86,116,202,0,0,0,1,7,8,1607,802,2409,2023-08-31T22:00:00Z
20,89,Donji Vidovec,55,78,133,5,1,6,2,0,2,1,1,2,4,12,16,0,0,0,0,0,0,67,92,159,2023-08-31T22:00:00Z
21,133,Zagreb,236045,213779,449824,8681,6336,15017,278,164,442,2185,2081,4266,5361,6898,12259,45,16,61,309,493,802,252904,229767,482671,2023-08-31T22:00:00Z
01,101,Dugo Selo,3234,2094,5328,256,133,389,30,21,51,25,26,51,258,256,514,0,0,0,8,16,24,3811,2546,6357,2023-12-31T23:00:00Z
01,114,Farkaševac,143,209,352,8,3,11,22,10,32,0,2,2,34,17,51,0,0,0,0,0,0,207,241,448,2023-12-31T23:00:00Z
01,135,Gradec,147,136,283,14,1,15,9,7,16,0,1,1,51,21,72,0,0,0,0,1,1,221,167,388,2023-12-31T23:00:00Z
01,158,Ivanić-Grad,3366,1815,5181,90,73,163,44,27,71,9,19,28,140,180,320,1,0,1,5,12,17,3655,2126,5781,2023-12-31T23:00:00Z
01,163,Jakovlje,383,393,776,37,7,44,10,8,18,2,0,2,42,32,74,0,0,0,0,0,0,474,440,914,2023-12-31T23:00:00Z
01,169,Jastrebarsko,2365,1772,4137,225,121,346,44,30,74,19,19,38,270,225,495,0,0,0,6,5,11,2929,2172,5101,2023-12-31T23:00:00Z
01,190,Klinča Selo,219,199,418,42,15,57,7,5,12,0,0,0,62,49,111,0,0,0,1,0,1,331,268,599,2023-12-31T23:00:00Z
01,193,Kloštar Ivanić,403,337,740,23,11,34,22,5,27,4,10,14,40,33,73,1,0,1,2,1,3,495,397,892,2023-12-31T23:00:00Z
01,213,Križ,779,492,1271,27,20,47,16,10,26,7,4,11,29,45,74,0,0,0,1,2,3,859,573,1432,2023-12-31T23:00:00Z
01,33,Brckovljani,416,445,861,7,4,11,0,1,1,2,2,4,29,14,43,0,0,0,0,0,0,454,466,920,2023-12-31T23:00:00Z
01,331,Pisarovina,372,288,660,27,24,51,18,21,39,1,1,2,27,30,57,0,0,0,0,3,3,445,367,812,2023-12-31T23:00:00Z
01,34,Brdovec,884,806,1690,94,48,142,16,7,23,1,5,6,100,63,163,0,0,0,5,4,9,1100,933,2033,2023-12-31T23:00:00Z
01,356,Preseka,24,11,35,5,2,7,12,10,22,0,0,0,14,6,20,0,0,0,1,0,1,56,29,85,2023-12-31T23:00:00Z
01,362,Pušča,167,195,362,25,13,38,7,2,9,2,3,5,41,25,66,0,0,0,0,0,0,242,238,480,2023-12-31T23:00:00Z
01,376,Rugvica,1523,616,2139,10,6,16,2,3,5,1,2,3,15,16,31,0,0,0,0,0,0,1551,643,2194,2023-12-31T23:00:00Z
01,380,Samobor,5719,4191,9910,537,343,880,25,17,42,46,67,113,485,471,956,3,4,7,33,29,62,6848,5122,11970,2023-12-31T23:00:00Z
01,429,Sveti Ivan Zelina,2740,2058,4798,178,77,255,60,45,105,14,19,33,252,199,451,0,0,0,8,6,14,3252,2404,5656,2023-12-31T23:00:00Z
01,436,Sveta Nedjelja,6302,3598,9900,233,107,340,6,4,10,10,10,20,354,186,540,0,0,0,7,8,15,6912,3913,10825,2023-12-31T23:00:00Z
01,508,Vrbovec,2137,2057,4194,177,84,261,93,32,125,6,16,22,301,171,472,0,0,0,7,10,17,2721,2370,5091,2023-12-31T23:00:00Z
01,533,Krašić,272,196,468,26,11,37,13,10,23,2,1,3,28,19,47,0,0,0,0,0,0,341,237,578,2023-12-31T23:00:00Z
01,536,Rakovec,39,28,67,9,2,11,6,3,9,0,1,1,24,14,38,0,0,0,0,0,0,78,48,126,2023-12-31T23:00:00Z
01,539,Marija Gorica,88,112,200,14,2,16,0,0,0,1,1,2,24,12,36,0,0,0,0,0,0,127,127,254,2023-12-31T23:00:00Z
01,540,Žumberak,18,21,39,7,1,8,4,2,6,0,0,0,3,8,11,0,0,0,0,0,0,32,32,64,2023-12-31T23:00:00Z
01,541,Velika Gorica,9118,6888,16006,689,432,1121,68,33,101,51,57,108,608,524,1132,2,0,2,19,26,45,10555,7960,18515,2023-12-31T23:00:00Z
01,542,Orle,45,38,83,17,1,18,9,2,11,0,0,0,19,3,22,0,0,0,0,0,0,90,44,134,2023-12-31T23:00:00Z
01,543,Zaprešić,3469,3016,6485,239,177,416,13,10,23,34,42,76,275,241,516,0,0,0,13,9,22,4043,3495,7538,2023-12-31T23:00:00Z
01,544,Pokupsko,41,58,99,12,7,19,12,5,17,0,0,0,7,6,13,0,0,0,1,0,1,73,76,149,2023-12-31T23:00:00Z
01,545,Kravarsko,114,81,195,42,12,54,4,4,8,0,2,2,82,16,98,0,0,0,0,1,1,242,116,358,2023-12-31T23:00:00Z
01,547,Bistra,418,558,976,54,24,78,10,5,15,2,6,8,53,47,100,0,0,0,0,2,2,537,642,1179,2023-12-31T23:00:00Z
01,548,Luka,321,167,488,14,2,16,2,1,3,1,1,2,19,20,39,0,0,0,0,0,0,357,191,548,2023-12-31T23:00:00Z
01,549,Dubravica,62,43,105,16,0,16,12,3,15,0,0,0,13,14,27,0,0,0,0,0,0,103,60,163,2023-12-31T23:00:00Z
01,550,Bedenica,220,160,380,12,4,16,4,3,7,1,1,2,17,6,23,0,0,0,0,0,0,254,174,428,2023-12-31T23:00:00Z
01,551,Stupnik,1658,663,2321,29,17,46,1,1,2,1,3,4,20,31,51,0,0,0,1,0,1,1710,715,2425,2023-12-31T23:00:00Z
01,97,Dubrava,308,343,651,49,24,73,71,38,109,3,11,14,55,78,133,0,0,0,3,5,8,489,499,988,2023-12-31T23:00:00Z
02,108,Đurmanec,152,205,357,56,19,75,1,2,3,3,2,5,106,35,141,0,0,0,1,1,2,319,264,583,2023-12-31T23:00:00Z
02,11,Bedekovčina,542,751,1293,96,40,136,9,5,14,9,8,17,129,108,237,0,0,0,4,4,8,789,916,1705,2023-12-31T23:00:00Z
02,125,Gornja Stubica,241,296,537,60,16,76,6,7,13,2,1,3,78,51,129,0,0,0,1,0,1,388,371,759,2023-12-31T23:00:00Z
02,146,Hraščina,52,40,92,10,2,12,2,2,4,0,1,1,6,7,13,0,0,0,0,0,0,70,52,122,2023-12-31T23:00:00Z
02,152,Hum Na Sutli,1506,644,2150,50,27,77,4,0,4,1,6,7,253,68,321,0,0,0,0,1,1,1814,746,2560,2023-12-31T23:00:00Z
02,187,Klanjec,286,262,548,57,29,86,10,6,16,3,1,4,63,51,114,0,0,0,3,1,4,422,350,772,2023-12-31T23:00:00Z
02,200,Konjščina,447,421,868,30,21,51,2,2,4,1,2,3,38,33,71,0,0,0,0,1,1,518,480,998,2023-12-31T23:00:00Z
02,208,Kraljevec Na Sutli,78,45,123,14,4,18,3,1,4,0,0,0,20,5,25,0,0,0,0,1,1,115,56,171,2023-12-31T23:00:00Z
02,211,Krapina,3042,2372,5414,185,104,289,9,2,11,14,15,29,189,164,353,0,0,0,3,4,7,3442,2661,6103,2023-12-31T23:00:00Z
02,212,Krapinske Toplice,636,1299,1935,71,37,108,6,4,10,0,5,5,108,80,188,0,1,1,1,1,2,822,1427,2249,2023-12-31T23:00:00Z
02,236,Lobor,167,246,413,25,8,33,4,3,7,0,1,1,36,18,54,0,0,0,1,1,2,233,277,510,2023-12-31T23:00:00Z
02,248,Mače,104,85,189,26,9,35,3,4,7,1,0,1,82,35,117,0,0,0,0,0,0,216,133,349,2023-12-31T23:00:00Z
02,256,Marija Bistrica,345,391,736,71,42,113,11,5,16,0,6,6,82,73,155,0,0,0,2,3,5,511,520,1031,2023-12-31T23:00:00Z
02,265,Mihovljan,120,135,255,32,8,40,3,1,4,0,0,0,75,19,94,0,0,0,1,1,2,231,164,395,2023-12-31T23:00:00Z
02,311,Oroslavje,1049,812,1861,73,38,111,8,3,11,6,7,13,81,64,145,0,0,0,5,2,7,1222,926,2148,2023-12-31T23:00:00Z
02,329,Petrovsko,120,53,173,17,3,20,1,0,1,5,0,5,59,14,73,0,0,0,1,0,1,203,70,273,2023-12-31T23:00:00Z
02,352,Pregrada,828,940,1768,107,35,142,1,5,6,6,6,12,161,104,265,0,0,0,0,0,0,1103,1090,2193,2023-12-31T23:00:00Z
02,364,Radoboj,195,117,312,16,14,30,1,0,1,0,2,2,44,19,63,0,0,0,0,0,0,256,152,408,2023-12-31T23:00:00Z
02,41,Budinščina,207,187,394,18,6,24,5,1,6,2,2,4,19,12,31,0,0,0,3,2,5,254,210,464,2023-12-31T23:00:00Z
02,422,Stubičke Toplice,250,455,705,32,16,48,1,4,5,3,5,8,51,30,81,0,0,0,2,0,2,339,510,849,2023-12-31T23:00:00Z
02,430,Sveti Križ Začretje,693,696,1389,77,25,102,8,6,14,1,5,6,136,95,231,1,0,1,3,1,4,919,828,1747,2023-12-31T23:00:00Z
02,466,Tuhelj,144,228,372,21,11,32,5,0,5,1,2,3,62,48,110,0,0,0,0,0,0,233,289,522,2023-12-31T23:00:00Z
02,481,Veliko Trgovišće,643,460,1103,54,17,71,3,3,6,2,5,7,112,45,157,0,0,0,2,1,3,816,531,1347,2023-12-31T23:00:00Z
02,519,Zabok,2872,3069,5941,147,89,236,7,3,10,14,16,30,147,193,340,0,0,0,1,3,4,3188,3373,6561,2023-12-31T23:00:00Z
02,521,Zagorska Sela,8,54,62,5,0,5,5,2,7,0,1,1,15,4,19,0,0,0,0,0,0,33,61,94,2023-12-31T23:00:00Z
02,526,Zlatar,555,676,1231,109,59,168,27,13,40,6,7,13,125,72,197,0,0,0,4,7,11,826,834,1660,2023-12-31T23:00:00Z
02,527,Zlatar Bistrica,240,330,570,25,7,32,3,1,4,5,0,5,65,45,110,0,0,0,1,1,2,339,384,723,2023-12-31T23:00:00Z
02,552,Jesenje,89,82,171,8,2,10,0,0,0,0,0,0,42,8,50,0,0,0,0,0,0,139,92,231,2023-12-31T23:00:00Z
02,553,Kumrovec,83,97,180,18,6,24,2,0,2,4,1,5,21,12,33,0,0,0,0,0,0,128,116,244,2023-12-31T23:00:00Z
02,554,Novi Golubovec,140,66,206,2,2,4,1,0,1,0,0,0,3,0,3,0,0,0,0,0,0,146,68,214,2023-12-31T23:00:00Z
02,70,Desinić,126,281,407,31,10,41,11,2,13,3,3,6,52,36,88,0,0,0,0,1,1,223,333,556,2023-12-31T23:00:00Z
02,79,Donja Stubica,872,748,1620,99,53,152,6,5,11,5,3,8,77,55,132,0,1,1,2,2,4,1061,867,1928,2023-12-31T23:00:00Z
03,102,Dvor,339,146,485,20,6,26,61,21,82,0,2,2,19,11,30,0,0,0,0,4,4,439,190,629,2023-12-31T23:00:00Z
03,121,Glina,1189,641,1830,42,21,63,61,24,85,5,9,14,71,72,143,0,0,0,1,1,2,1369,768,2137,2023-12-31T23:00:00Z
03,149,Hrvatska Dubica,72,71,143,9,2,11,12,5,17,0,0,0,13,5,18,0,0,0,0,1,1,106,84,190,2023-12-31T23:00:00Z
03,150,Hrvatska Kostajnica,275,251,526,25,11,36,10,2,12,2,3,5,23,27,50,0,0,0,1,1,2,336,295,631,2023-12-31T23:00:00Z
03,168,Jasenovac,147,114,261,13,9,22,14,4,18,0,0,0,17,14,31,0,0,0,0,3,3,191,144,335,2023-12-31T23:00:00Z
03,220,Kutina,3349,2765,6114,187,118,305,44,20,64,39,25,64,233,274,507,1,0,1,13,10,23,3866,3212,7078,2023-12-31T23:00:00Z
03,228,Lekenik,426,292,718,50,14,64,10,8,18,1,2,3,71,26,97,0,0,0,2,0,2,560,342,902,2023-12-31T23:00:00Z
03,232,Lipovljani,251,250,501,31,7,38,10,2,12,1,1,2,39,47,86,0,0,0,0,4,4,332,311,643,2023-12-31T23:00:00Z
03,259,Martinska Ves,134,61,195,10,1,11,27,12,39,3,1,4,72,18,90,0,0,0,0,0,0,246,93,339,2023-12-31T23:00:00Z
03,293,Novska,1272,1081,2353,186,101,287,32,13,45,5,15,20,253,215,468,0,0,0,2,7,9,1750,1432,3182,2023-12-31T23:00:00Z
03,328,Petrinja,1939,1774,3713,290,105,395,70,29,99,10,25,35,382,290,672,0,0,0,6,4,10,2697,2227,4924,2023-12-31T23:00:00Z
03,347,Popovača,900,1119,2019,91,45,136,49,16,65,7,9,16,108,130,238,0,0,0,3,1,4,1158,1320,2478,2023-12-31T23:00:00Z
03,391,Sisak,7220,8154,15374,392,252,644,102,50,152,41,72,113,596,569,1165,1,0,1,15,13,28,8367,9110,17477,2023-12-31T23:00:00Z
03,426,Sunja,197,168,365,28,9,37,50,29,79,1,1,2,21,20,41,0,0,0,2,2,4,299,229,528,2023-12-31T23:00:00Z
03,457,Topusko,238,331,569,15,10,25,5,2,7,4,1,5,31,20,51,0,0,0,5,0,5,298,364,662,2023-12-31T23:00:00Z
03,477,Velika Ludina,131,163,294,12,8,20,11,3,14,0,0,0,15,16,31,0,0,0,0,0,0,169,190,359,2023-12-31T23:00:00Z
03,510,Gvozd,112,88,200,11,6,17,17,3,20,0,1,1,12,15,27,0,0,0,1,0,1,153,113,266,2023-12-31T23:00:00Z
03,555,Majur,116,36,152,1,1,2,3,0,3,0,0,0,4,1,5,0,0,0,3,0,3,127,38,165,2023-12-31T23:00:00Z
03,83,Donji Kukuruzari,35,44,79,6,0,6,6,4,10,0,0,0,1,3,4,0,0,0,2,0,2,50,51,101,2023-12-31T23:00:00Z
04,120,Generalski Stol,39,64,103,19,6,25,1,0,1,0,1,1,30,13,43,0,0,0,0,0,0,89,84,173,2023-12-31T23:00:00Z
04,172,Josipdol,188,150,338,30,17,47,1,7,8,2,1,3,45,48,93,0,0,0,0,0,0,266,223,489,2023-12-31T23:00:00Z
04,179,Karlovac,10822,9243,20065,423,329,752,73,54,127,64,81,145,600,773,1373,1,1,2,17,23,40,12000,10504,22504,2023-12-31T23:00:00Z
04,216,Krnjak,132,67,199,5,2,7,6,4,10,1,0,1,11,6,17,0,0,0,0,0,0,155,79,234,2023-12-31T23:00:00Z
04,225,Lasinja,33,42,75,5,2,7,0,5,5,2,0,2,7,8,15,0,0,0,0,0,0,47,57,104,2023-12-31T23:00:00Z
04,281,Netretić,124,114,238,17,3,20,3,1,4,1,1,2,41,32,73,0,0,0,0,0,0,186,151,337,2023-12-31T23:00:00Z
04,297,Ogulin,1835,1826,3661,160,97,257,41,22,63,8,29,37,156,182,338,0,0,0,3,8,11,2203,2164,4367,2023-12-31T23:00:00Z
04,30,Bosiljevo,108,74,182,6,0,6,1,0,1,1,1,2,32,38,70,0,0,0,0,0,0,148,113,261,2023-12-31T23:00:00Z
04,315,Ozalj,796,640,1436,87,32,119,22,13,35,3,9,12,127,89,216,0,1,1,2,4,6,1037,788,1825,2023-12-31T23:00:00Z
04,333,Plaški,110,70,180,12,4,16,8,0,8,0,1,1,39,27,66,0,0,0,0,0,0,169,102,271,2023-12-31T23:00:00Z
04,365,Rakovica,170,196,366,8,7,15,2,1,3,1,0,1,59,57,116,0,0,0,8,11,19,248,272,520,2023-12-31T23:00:00Z
04,378,Saborsko,13,15,28,1,0,1,1,0,1,0,0,0,1,3,4,0,0,0,0,0,0,16,18,34,2023-12-31T23:00:00Z
04,400,Slunj,350,393,743,58,18,76,40,22,62,3,4,7,126,92,218,0,0,0,10,20,30,587,549,1136,2023-12-31T23:00:00Z
04,49,Cetingrad,61,63,124,7,2,9,2,3,5,0,0,0,8,5,13,0,0,0,1,0,1,79,73,152,2023-12-31T23:00:00Z
04,503,Vojnić,349,249,598,23,10,33,38,13,51,1,0,1,26,34,60,0,0,0,5,0,5,442,306,748,2023-12-31T23:00:00Z
04,530,Žakanje,165,101,266,27,13,40,3,2,5,0,0,0,28,28,56,0,0,0,0,1,1,223,145,368,2023-12-31T23:00:00Z
04,556,Ribnik,10,9,19,9,3,12,2,1,3,0,0,0,6,9,15,0,0,0,0,0,0,27,22,49,2023-12-31T23:00:00Z
04,557,Tounj,66,27,93,6,1,7,1,0,1,0,0,0,2,10,12,0,0,0,0,0,0,75,38,113,2023-12-31T23:00:00Z
04,623,Kamanje,161,90,251,6,1,7,0,0,0,0,0,0,7,5,12,0,0,0,0,0,0,174,96,270,2023-12-31T23:00:00Z
04,7,Barilovići,317,174,491,22,11,33,5,0,5,0,1,1,115,32,147,0,0,0,0,0,0,459,218,677,2023-12-31T23:00:00Z
04,90,Draganić,182,221,403,15,3,18,7,2,9,0,1,1,12,14,26,0,0,0,1,0,1,217,241,458,2023-12-31T23:00:00Z
04,99,Duga Resa,1309,1080,2389,137,82,219,19,20,39,5,21,26,169,187,356,0,0,0,10,13,23,1649,1403,3052,2023-12-31T23:00:00Z
05,12,Bednja,220,174,394,18,6,24,3,3,6,1,2,3,26,15,41,0,0,0,0,1,1,268,201,469,2023-12-31T23:00:00Z
05,129,Gornji Kneginec,701,1056,1757,62,38,100,9,3,12,3,8,11,55,59,114,0,0,0,4,6,10,834,1170,2004,2023-12-31T23:00:00Z
05,151,Breznički Hum,190,149,339,11,4,15,5,4,9,0,2,2,17,14,31,0,0,0,1,2,3,224,175,399,2023-12-31T23:00:00Z
05,156,Ivanec,2391,1913,4304,179,70,249,13,14,27,9,18,27,324,251,575,0,0,0,9,13,22,2925,2279,5204,2023-12-31T23:00:00Z
05,165,Jalžabet,779,1133,1912,21,4,25,11,6,17,0,3,3,48,32,80,0,0,0,1,2,3,860,1180,2040,2023-12-31T23:00:00Z
05,189,Klenovnik,203,65,268,7,4,11,0,0,0,0,0,0,20,29,49,0,0,0,2,0,2,232,98,330,2023-12-31T23:00:00Z
05,19,Beretinec,92,47,139,21,2,23,3,2,5,0,2,2,13,18,31,0,0,0,2,0,2,131,71,202,2023-12-31T23:00:00Z
05,229,Lepoglava,1410,665,2075,61,35,96,4,2,6,1,5,6,98,53,151,0,0,0,1,7,8,1575,767,2342,2023-12-31T23:00:00Z
05,244,Ludbreg,2035,1663,3698,134,63,197,58,35,93,9,15,24,227,169,396,0,0,0,3,4,7,2466,1949,4415,2023-12-31T23:00:00Z
05,247,Ljubešćica,392,171,563,22,8,30,0,0,0,0,3,3,63,20,83,0,0,0,1,1,2,478,203,681,2023-12-31T23:00:00Z
05,251,Mali Bukovec,43,87,130,11,5,16,23,16,39,0,1,1,95,31,126,0,0,0,0,1,1,172,141,313,2023-12-31T23:00:00Z
05,260,Maruševec,374,303,677,59,30,89,21,22,43,5,2,7,115,44,159,0,0,0,2,2,4,576,403,979,2023-12-31T23:00:00Z
05,289,Novi Marof,1311,1223,2534,165,77,242,13,11,24,8,17,25,339,193,532,0,0,0,5,9,14,1841,1530,3371,2023-12-31T23:00:00Z
05,326,Petrijanec,478,783,1261,23,11,34,12,7,19,1,3,4,90,79,169,0,0,0,1,1,2,605,884,1489,2023-12-31T23:00:00Z
05,36,Breznica,172,78,250,18,3,21,6,5,11,1,6,7,41,15,56,0,0,0,0,0,0,238,107,345,2023-12-31T23:00:00Z
05,410,Sračinec,258,283,541,38,18,56,1,1,2,1,6,7,99,66,165,0,0,0,0,2,2,397,376,773,2023-12-31T23:00:00Z
05,437,Sveti Đurđ,75,104,179,34,6,40,25,7,32,2,1,3,28,32,60,0,0,0,0,0,0,164,150,314,2023-12-31T23:00:00Z
05,438,Sveti Ilija,200,194,394,18,8,26,1,0,1,0,4,4,34,31,65,0,0,0,0,0,0,253,237,490,2023-12-31T23:00:00Z
05,462,Trnovec Bartolovečki,1392,1311,2703,72,20,92,16,6,22,3,3,6,295,98,393,1,0,1,1,3,4,1780,1441,3221,2023-12-31T23:00:00Z
05,472,Varaždin,17334,15014,32348,563,450,1013,46,29,75,79,107,186,489,650,1139,1,0,1,15,21,36,18527,16271,34798,2023-12-31T23:00:00Z
05,473,Varaždinske Toplice,636,632,1268,47,24,71,9,5,14,5,6,11,153,46,199,0,0,0,1,1,2,851,714,1565,2023-12-31T23:00:00Z
05,48,Cestica,414,400,814,59,27,86,16,14,30,1,5,6,110,79,189,0,0,0,2,2,4,602,527,1129,2023-12-31T23:00:00Z
05,484,Vidovec,300,284,584,47,15,62,50,26,76,2,5,7,117,84,201,0,0,0,0,0,0,516,414,930,2023-12-31T23:00:00Z
05,486,Vinica,359,231,590,16,9,25,5,4,9,1,5,6,27,25,52,0,0,0,0,1,1,408,275,683,2023-12-31T23:00:00Z
05,493,Visoko,110,58,168,15,1,16,5,4,9,0,0,0,27,24,51,0,0,0,3,1,4,160,88,248,2023-12-31T23:00:00Z
05,558,Veliki Bukovec,385,248,633,5,2,7,19,9,28,0,1,1,34,37,71,0,0,0,0,0,0,443,297,740,2023-12-31T23:00:00Z
05,80,Donja Voća,80,64,144,5,1,6,5,6,11,0,1,1,28,20,48,0,0,0,0,1,1,118,93,211,2023-12-31T23:00:00Z
05,85,Donji Martijanec,344,167,511,27,7,34,18,3,21,1,1,2,48,31,79,0,0,0,0,0,0,438,209,647,2023-12-31T23:00:00Z
06,104,Đelekovec,48,59,107,27,13,40,38,9,47,0,1,1,17,16,33,0,0,0,0,0,0,130,98,228,2023-12-31T23:00:00Z
06,107,Đurđevac,1415,1200,2615,82,48,130,66,35,101,12,11,23,75,73,148,0,0,0,11,7,18,1661,1374,3035,2023-12-31T23:00:00Z
06,115,Ferdinandovac,28,99,127,14,2,16,37,31,68,1,1,2,12,6,18,0,0,0,9,0,9,101,139,240,2023-12-31T23:00:00Z
06,122,Gola,185,179,364,10,3,13,79,40,119,0,2,2,9,26,35,0,0,0,1,0,1,284,250,534,2023-12-31T23:00:00Z
06,145,Hlebine,13,33,46,3,0,3,13,4,17,1,0,1,0,14,14,0,0,0,0,1,1,30,52,82,2023-12-31T23:00:00Z
06,194,Kloštar Podravski,193,150,343,17,15,32,34,30,64,0,1,1,25,53,78,0,0,0,2,2,4,271,251,522,2023-12-31T23:00:00Z
06,201,Koprivnica,7084,7617,14701,366,219,585,56,30,86,63,63,126,387,440,827,0,2,2,8,12,20,7964,8383,16347,2023-12-31T23:00:00Z
06,202,Koprivnički Bregi,67,87,154,21,5,26,23,7,30,0,0,0,38,8,46,0,0,0,0,0,0,149,107,256,2023-12-31T23:00:00Z
06,203,Koprivnički Ivanec,66,57,123,23,5,28,25,8,33,0,0,0,18,8,26,0,0,0,0,0,0,132,78,210,2023-12-31T23:00:00Z
06,214,Križevci,4009,3881,7890,197,114,311,201,163,364,16,29,45,259,222,481,1,0,1,9,15,24,4692,4424,9116,2023-12-31T23:00:00Z
06,227,Legrad,65,78,143,18,5,23,17,5,22,1,1,2,24,20,44,0,0,0,0,0,0,125,109,234,2023-12-31T23:00:00Z
06,270,Molve,222,111,333,6,9,15,51,28,79,0,1,1,27,14,41,0,0,0,2,2,4,308,165,473,2023-12-31T23:00:00Z
06,292,Novigrad Podravski,87,139,226,11,4,15,14,11,25,0,2,2,15,15,30,0,0,0,0,0,0,127,171,298,2023-12-31T23:00:00Z
06,324,Peteranec,78,48,126,23,3,26,22,11,33,1,1,2,26,11,37,0,0,0,0,1,1,150,75,225,2023-12-31T23:00:00Z
06,366,Rasinja,52,79,131,24,3,27,52,19,71,1,0,1,20,19,39,0,0,0,1,0,1,150,120,270,2023-12-31T23:00:00Z
06,405,Sokolovac,163,86,249,17,4,21,46,11,57,7,4,11,16,8,24,0,0,0,0,0,0,249,113,362,2023-12-31T23:00:00Z
06,439,Sveti Ivan Žabno,308,218,526,42,16,58,89,55,144,1,2,3,50,65,115,0,0,0,0,2,2,490,358,848,2023-12-31T23:00:00Z
06,442,Sveti Petar Orehovec,137,131,268,32,8,40,128,108,236,0,2,2,46,29,75,0,0,0,2,0,2,345,278,623,2023-12-31T23:00:00Z
06,490,Virje,350,212,562,30,13,43,32,17,49,3,1,4,28,36,64,0,0,0,3,0,3,446,279,725,2023-12-31T23:00:00Z
06,559,Kalinovac,424,101,525,7,1,8,6,3,9,0,0,0,11,7,18,0,0,0,1,0,1,449,112,561,2023-12-31T23:00:00Z
06,560,Kalnik,46,49,95,2,3,5,16,19,35,0,1,1,8,2,10,0,0,0,0,0,0,72,74,146,2023-12-31T23:00:00Z
06,561,Novo Virje,41,37,78,2,0,2,34,28,62,0,0,0,20,7,27,0,0,0,0,0,0,97,72,169,2023-12-31T23:00:00Z
06,616,Podravske Sesvete,115,120,235,4,5,9,27,14,41,2,0,2,6,8,14,0,0,0,0,0,0,154,147,301,2023-12-31T23:00:00Z
06,618,Gornja Reka,111,105,216,6,3,9,8,3,11,0,0,0,5,5,10,0,0,0,0,0,0,130,116,246,2023-12-31T23:00:00Z
06,96,Drnje,119,110,229,12,4,16,15,10,25,0,2,2,10,10,20,0,0,0,0,1,1,156,137,293,2023-12-31T23:00:00Z
07,105,Đulovac,264,74,338,8,7,15,31,18,49,2,0,2,122,32,154,0,0,0,0,0,0,427,131,558,2023-12-31T23:00:00Z
07,119,Garešnica,1172,1050,2222,60,31,91,58,34,92,16,17,33,104,129,233,1,0,1,5,8,13,1416,1269,2685,2023-12-31T23:00:00Z
07,139,Grubišno Polje,620,592,1212,35,25,60,96,35,131,3,7,10,51,60,111,0,0,0,0,2,2,805,721,1526,2023-12-31T23:00:00Z
07,144,Hercegovac,153,155,308,23,4,27,43,14,57,1,2,3,39,32,71,0,0,0,1,0,1,260,207,467,2023-12-31T23:00:00Z
07,161,Ivanska,196,124,320,3,2,5,47,13,60,3,3,6,38,19,57,0,0,0,4,2,6,291,163,454,2023-12-31T23:00:00Z
07,176,Kapela,117,95,212,7,1,8,41,26,67,0,0,0,23,13,36,0,0,0,1,0,1,189,135,324,2023-12-31T23:00:00Z
07,18,Berek,36,43,79,7,2,9,22,11,33,0,0,0,10,9,19,0,0,0,0,0,0,75,65,140,2023-12-31T23:00:00Z
07,199,Končanica,135,70,205,10,2,12,27,16,43,0,0,0,9,13,22,0,0,0,1,2,3,182,103,285,2023-12-31T23:00:00Z
07,24,Bjelovar,7258,6957,14215,318,200,518,187,93,280,51,60,111,395,518,913,2,0,2,22,18,40,8233,7846,16079,2023-12-31T23:00:00Z
07,287,Nova Rača,94,113,207,12,2,14,68,30,98,0,2,2,28,13,41,0,0,0,0,1,1,202,161,363,2023-12-31T23:00:00Z
07,375,Rovišće,234,221,455,28,12,40,46,31,77,1,3,4,25,37,62,0,0,0,0,1,1,334,305,639,2023-12-31T23:00:00Z
07,390,Sirač,355,179,534,12,3,15,10,5,15,1,1,2,17,10,27,0,0,0,0,3,3,395,201,596,2023-12-31T23:00:00Z
07,450,Štefanje,56,61,117,9,4,13,35,12,47,0,2,2,34,25,59,0,0,0,0,0,0,134,104,238,2023-12-31T23:00:00Z
07,478,Velika Pisanica,75,77,152,5,2,7,28,14,42,1,0,1,9,6,15,0,0,0,1,2,3,119,101,220,2023-12-31T23:00:00Z
07,480,Veliki Grđevac,148,129,277,11,5,16,77,27,104,1,2,3,68,29,97,0,0,0,0,0,0,305,192,497,2023-12-31T23:00:00Z
07,483,Veliko Trojstvo,90,128,218,12,4,16,9,16,25,0,0,0,38,18,56,0,0,0,1,0,1,150,166,316,2023-12-31T23:00:00Z
07,562,Severin,52,27,79,1,1,2,17,13,30,0,0,0,19,47,66,0,0,0,0,0,0,89,88,177,2023-12-31T23:00:00Z
07,564,Šandrovac,29,44,73,4,0,4,14,6,20,0,0,0,15,5,20,0,0,0,0,3,3,62,58,120,2023-12-31T23:00:00Z
07,565,Velika Trnovitica,56,67,123,8,2,10,32,18,50,1,0,1,19,11,30,0,0,0,0,1,1,116,99,215,2023-12-31T23:00:00Z
07,566,Zrinski Topolovac,17,17,34,4,0,4,27,13,40,0,0,0,4,2,6,0,0,0,0,1,1,52,33,85,2023-12-31T23:00:00Z
07,63,Čazma,1144,797,1941,57,23,80,51,37,88,6,10,16,139,65,204,0,0,0,2,0,2,1399,932,2331,2023-12-31T23:00:00Z
07,67,Daruvar,1499,1857,3356,76,59,135,44,19,63,17,16,33,131,161,292,0,0,0,4,9,13,1771,2121,3892,2023-12-31T23:00:00Z
07,71,Dežanovac,134,82,216,10,2,12,63,29,92,0,0,0,32,17,49,0,0,0,1,2,3,240,132,372,2023-12-31T23:00:00Z
08,117,Fužine,284,189,473,20,11,31,0,1,1,4,1,5,19,22,41,0,0,0,2,0,2,329,224,553,2023-12-31T23:00:00Z
08,170,Jelenje,276,264,540,97,49,146,6,0,6,34,8,42,46,36,82,0,0,0,2,3,5,461,360,821,2023-12-31T23:00:00Z
08,180,Kastav,1189,904,2093,136,76,212,4,2,6,55,10,65,112,80,192,2,1,3,7,5,12,1505,1078,2583,2023-12-31T23:00:00Z
08,186,Klana,351,169,520,23,13,36,1,2,3,7,2,9,15,7,22,0,0,0,1,1,2,398,194,592,2023-12-31T23:00:00Z
08,209,Kraljevica,384,307,691,43,26,69,2,2,4,44,4,48,20,41,61,1,0,1,2,8,10,496,388,884,2023-12-31T23:00:00Z
08,215,Krk,1868,1274,3142,267,122,389,13,10,23,30,18,48,267,176,443,0,0,0,39,36,75,2484,1636,4120,2023-12-31T23:00:00Z
08,237,Lokve,106,96,202,12,7,19,0,1,1,0,2,2,8,13,21,0,0,0,0,0,0,126,119,245,2023-12-31T23:00:00Z
08,242,Lovran,473,596,1069,114,38,152,1,1,2,14,8,22,39,61,100,0,0,0,2,6,8,643,710,1353,2023-12-31T23:00:00Z
08,252,Mali Lošinj,1380,1369,2749,225,84,309,23,8,31,38,17,55,160,136,296,0,0,0,28,45,73,1854,1659,3513,2023-12-31T23:00:00Z
08,253,Malinska-Dubašnica,509,855,1364,144,77,221,6,10,16,11,5,16,136,130,266,0,0,0,14,20,34,820,1097,1917,2023-12-31T23:00:00Z
08,261,Matulji,1540,1144,2684,241,145,386,11,6,17,46,19,65,171,178,349,0,0,0,6,7,13,2015,1499,3514,2023-12-31T23:00:00Z
08,273,Mošćenička Draga,114,70,184,54,14,68,0,2,2,4,2,6,23,20,43,0,0,0,2,5,7,197,113,310,2023-12-31T23:00:00Z
08,275,Mrkopalj,75,54,129,9,5,14,2,0,2,2,0,2,9,9,18,0,0,0,0,0,0,97,68,165,2023-12-31T23:00:00Z
08,290,Novi Vinodolski,589,441,1030,110,43,153,10,5,15,12,4,16,96,69,165,0,0,0,2,8,10,819,570,1389,2023-12-31T23:00:00Z
08,301,Omišalj,630,416,1046,89,29,118,1,0,1,9,2,11,71,28,99,0,0,0,6,20,26,806,495,1301,2023-12-31T23:00:00Z
08,302,Opatija,2272,2771,5043,243,138,381,6,4,10,60,28,88,86,150,236,0,0,0,15,36,51,2682,3127,5809,2023-12-31T23:00:00Z
08,360,Punat,301,171,472,63,23,86,4,0,4,5,1,6,53,36,89,0,0,0,8,10,18,434,241,675,2023-12-31T23:00:00Z
08,363,Rab,871,1081,1952,300,88,388,8,5,13,17,12,29,211,148,359,0,0,0,75,88,163,1482,1422,2904,2023-12-31T23:00:00Z
08,369,Ravna Gora,289,280,569,28,13,41,2,0,2,4,1,5,37,16,53,0,0,0,1,3,4,361,313,674,2023-12-31T23:00:00Z
08,373,Rijeka,28435,29091,57526,1469,1188,2657,23,13,36,1078,337,1415,895,1236,2131,7,6,13,81,116,197,31988,31987,63975,2023-12-31T23:00:00Z
08,38,Brod Moravice,43,40,83,32,5,37,1,0,1,0,1,1,9,5,14,0,0,0,1,1,2,86,52,138,2023-12-31T23:00:00Z
08,393,Skrad,41,43,84,4,5,9,0,1,1,1,1,2,3,6,9,0,0,0,2,0,2,51,56,107,2023-12-31T23:00:00Z
08,4,Bakar,2202,1229,3431,76,41,117,4,0,4,76,9,85,73,71,144,0,0,0,5,10,15,2436,1360,3796,2023-12-31T23:00:00Z
08,488,Vinodolska Općina,206,166,372,63,25,88,2,0,2,12,1,13,39,14,53,0,0,0,1,3,4,323,209,532,2023-12-31T23:00:00Z
08,495,Viškovo,1837,1212,3049,242,127,369,5,4,9,71,19,90,152,150,302,1,0,1,15,10,25,2323,1522,3845,2023-12-31T23:00:00Z
08,507,Vrbnik,149,102,251,37,13,50,9,4,13,1,0,1,23,24,47,0,0,0,3,1,4,222,144,366,2023-12-31T23:00:00Z
08,509,Vrbovsko,361,315,676,64,22,86,2,5,7,1,4,5,76,37,113,1,0,1,1,2,3,506,385,891,2023-12-31T23:00:00Z
08,52,Cres,533,427,960,82,23,105,9,6,15,21,2,23,42,52,94,0,0,0,8,9,17,695,519,1214,2023-12-31T23:00:00Z
08,53,Crikvenica,1251,1642,2893,235,133,368,5,2,7,36,24,60,211,190,401,0,0,0,19,35,54,1757,2026,3783,2023-12-31T23:00:00Z
08,538,Kostrena,619,347,966,42,30,72,1,1,2,88,6,94,23,46,69,0,0,0,1,3,4,774,433,1207,2023-12-31T23:00:00Z
08,55,Čabar,334,265,599,54,17,71,8,4,12,3,0,3,138,47,185,0,0,0,1,5,6,538,338,876,2023-12-31T23:00:00Z
08,61,Čavle,683,559,1242,100,56,156,0,1,1,40,8,48,95,77,172,0,0,0,2,1,3,920,702,1622,2023-12-31T23:00:00Z
08,624,Lopar,76,38,114,22,7,29,0,1,1,1,0,1,21,13,34,0,0,0,6,4,10,126,63,189,2023-12-31T23:00:00Z
08,69,Delnice,1068,772,1840,77,52,129,5,2,7,10,12,22,84,84,168,0,0,0,3,12,15,1247,934,2181,2023-12-31T23:00:00Z
08,74,Dobrinj,140,103,243,55,25,80,2,2,4,2,0,2,76,42,118,0,0,0,5,7,12,280,179,459,2023-12-31T23:00:00Z
08,8,Baška,181,169,350,49,25,74,6,1,7,1,5,6,32,46,78,0,0,0,25,36,61,294,282,576,2023-12-31T23:00:00Z
09,130,Gospić,2258,2402,4660,108,69,177,95,49,144,13,11,24,142,170,312,0,0,0,26,8,34,2642,2709,5351,2023-12-31T23:00:00Z
09,178,Karlobag,79,96,175,15,4,19,4,2,6,3,0,3,9,5,14,0,0,0,2,0,2,112,107,219,2023-12-31T23:00:00Z
09,240,Lovinac,187,85,272,0,0,0,1,1,2,0,0,0,5,3,8,0,0,0,0,0,0,193,89,282,2023-12-31T23:00:00Z
09,288,Novalja,823,615,1438,126,34,160,28,13,41,5,6,11,169,64,233,0,0,0,34,34,68,1185,766,1951,2023-12-31T23:00:00Z
09,313,Otočac,809,916,1725,91,36,127,59,32,91,9,6,15,98,121,219,0,0,0,3,6,9,1069,1117,2186,2023-12-31T23:00:00Z
09,323,Perušić,339,255,594,26,11,37,30,18,48,0,1,1,28,21,49,0,0,0,5,6,11,428,312,740,2023-12-31T23:00:00Z
09,37,Brinje,399,223,622,22,8,30,8,6,14,0,0,0,10,17,27,0,0,0,5,3,8,444,257,701,2023-12-31T23:00:00Z
09,387,Senj,724,639,1363,97,42,139,5,5,10,22,8,30,88,90,178,0,0,0,5,9,14,941,793,1734,2023-12-31T23:00:00Z
09,455,Plitvička Jezera,718,775,1493,48,31,79,59,17,76,5,5,10,241,152,393,0,0,0,9,2,11,1080,982,2062,2023-12-31T23:00:00Z
09,467,Udbina,116,90,206,9,3,12,43,15,58,0,0,0,11,18,29,0,0,0,7,1,8,186,127,313,2023-12-31T23:00:00Z
09,512,Vrhovine,111,38,149,4,2,6,7,1,8,0,0,0,5,1,6,0,0,0,0,0,0,127,42,169,2023-12-31T23:00:00Z
09,84,Donji Lapac,108,70,178,6,3,9,27,7,34,0,0,0,13,6,19,0,0,0,4,2,6,158,88,246,2023-12-31T23:00:00Z
10,136,Gradina,77,107,184,16,12,28,113,44,157,2,0,2,40,28,68,0,0,0,1,1,2,249,192,441,2023-12-31T23:00:00Z
10,245,Lukač,197,130,327,12,6,18,49,15,64,1,0,1,42,32,74,0,0,0,1,1,2,302,184,486,2023-12-31T23:00:00Z
10,266,Mikleuš,71,51,122,8,1,9,15,4,19,0,0,0,12,11,23,0,0,0,0,0,0,106,67,173,2023-12-31T23:00:00Z
10,283,Nova Bukovica,43,35,78,9,6,15,35,10,45,1,0,1,23,18,41,0,0,0,0,0,0,111,69,180,2023-12-31T23:00:00Z
10,307,Orahovica,824,589,1413,77,37,114,10,3,13,10,9,19,98,110,208,0,0,0,13,3,16,1032,751,1783,2023-12-31T23:00:00Z
10,332,Pitomača,748,707,1455,91,54,145,149,86,235,4,7,11,181,145,326,0,0,0,3,15,18,1176,1014,2190,2023-12-31T23:00:00Z
10,395,Slatina,1491,1333,2824,161,81,242,131,40,171,11,21,32,176,251,427,0,0,0,6,7,13,1976,1733,3709,2023-12-31T23:00:00Z
10,407,Sopje,138,47,185,5,4,9,80,20,100,0,0,0,19,27,46,0,0,0,0,1,1,242,99,341,2023-12-31T23:00:00Z
10,424,Suhopolje,241,266,507,24,22,46,94,38,132,1,1,2,62,57,119,1,0,1,5,2,7,428,386,814,2023-12-31T23:00:00Z
10,449,Špišić Bukovica,144,150,294,28,9,37,138,51,189,2,2,4,42,52,94,0,0,0,0,0,0,354,264,618,2023-12-31T23:00:00Z
10,491,Virovitica,3931,4108,8039,189,121,310,92,28,120,29,20,49,353,354,707,1,0,1,16,13,29,4611,4644,9255,2023-12-31T23:00:00Z
10,499,Voćin,142,116,258,11,5,16,30,20,50,0,0,0,17,7,24,0,0,0,12,3,15,212,151,363,2023-12-31T23:00:00Z
10,524,Zdenci,230,113,343,11,3,14,17,7,24,0,2,2,10,12,22,0,0,0,0,2,2,268,139,407,2023-12-31T23:00:00Z
10,54,Crnac,23,26,49,16,4,20,21,8,29,0,1,1,17,11,28,0,0,0,0,0,0,77,50,127,2023-12-31T23:00:00Z
10,56,Čačinci,153,98,251,23,17,40,21,11,32,0,2,2,34,32,66,0,0,0,1,3,4,232,163,395,2023-12-31T23:00:00Z
10,57,Čađavica,107,77,184,12,11,23,64,21,85,0,0,0,44,28,72,0,0,0,0,0,0,227,137,364,2023-12-31T23:00:00Z
11,164,Jakšić,173,113,286,33,10,43,25,5,30,0,2,2,35,20,55,0,0,0,0,0,0,266,150,416,2023-12-31T23:00:00Z
11,177,Kaptol,100,94,194,16,2,18,23,3,26,0,1,1,48,9,57,0,0,0,0,1,1,187,110,297,2023-12-31T23:00:00Z
11,221,Kutjevo,525,450,975,61,25,86,67,27,94,1,1,2,70,71,141,0,0,0,1,4,5,725,578,1303,2023-12-31T23:00:00Z
11,231,Lipik,740,633,1373,40,16,56,27,19,46,2,4,6,60,57,117,0,0,0,1,0,1,870,729,1599,2023-12-31T23:00:00Z
11,318,Pakrac,687,1087,1774,88,37,125,49,17,66,13,8,21,177,90,267,0,0,0,1,5,6,1015,1244,2259,2023-12-31T23:00:00Z
11,334,Pleternica,529,494,1023,98,36,134,52,12,64,3,6,9,188,123,311,0,0,0,1,8,9,871,679,1550,2023-12-31T23:00:00Z
11,35,Brestovac,106,95,201,23,2,25,13,3,16,1,1,2,29,11,40,0,0,0,0,0,0,172,112,284,2023-12-31T23:00:00Z
11,351,Požega,5020,4518,9538,320,174,494,115,41,156,40,64,104,349,354,703,0,1,1,20,26,46,5864,5178,11042,2023-12-31T23:00:00Z
11,475,Velika,422,306,728,30,19,49,21,3,24,2,3,5,44,41,85,0,0,0,0,1,1,519,373,892,2023-12-31T23:00:00Z
11,58,Čaglin,106,168,274,10,1,11,14,4,18,0,1,1,12,12,24,0,0,0,0,0,0,142,186,328,2023-12-31T23:00:00Z
12,10,Bebrina,49,56,105,17,7,24,17,5,22,2,0,2,14,10,24,0,0,0,1,0,1,100,78,178,2023-12-31T23:00:00Z
12,118,Garčin,149,174,323,32,11,43,36,18,54,0,0,0,26,35,61,0,0,0,1,0,1,244,238,482,2023-12-31T23:00:00Z
12,127,Gornji Bogićevci,58,50,108,11,2,13,10,2,12,0,0,0,20,26,46,0,0,0,0,0,0,99,80,179,2023-12-31T23:00:00Z
12,140,Gundinci,77,44,121,15,5,20,52,24,76,0,0,0,21,10,31,0,0,0,0,0,0,165,83,248,2023-12-31T23:00:00Z
12,185,Klakar,112,74,186,12,7,19,20,5,25,0,1,1,13,24,37,0,0,0,0,0,0,157,111,268,2023-12-31T23:00:00Z
12,284,Nova Gradiška,2389,2221,4610,166,98,264,28,14,42,19,18,37,273,313,586,0,0,0,1,6,7,2876,2670,5546,2023-12-31T23:00:00Z
12,285,Nova Kapela,154,178,332,31,16,47,19,6,25,2,3,5,51,51,102,0,0,0,1,2,3,258,256,514,2023-12-31T23:00:00Z
12,299,Okučani,226,152,378,35,6,41,11,3,14,0,0,0,50,19,69,0,0,0,1,2,3,323,182,505,2023-12-31T23:00:00Z
12,303,Oprisavci,333,183,516,13,2,15,37,11,48,1,0,1,9,21,30,0,0,0,0,0,0,393,217,610,2023-12-31T23:00:00Z
12,309,Oriovac,298,302,600,47,22,69,22,15,37,2,2,4,54,53,107,0,0,0,2,4,6,425,398,823,2023-12-31T23:00:00Z
12,338,Podcrkavlje,36,39,75,17,2,19,8,2,10,0,1,1,18,6,24,0,0,0,0,2,2,79,52,131,2023-12-31T23:00:00Z
12,372,Rešetari,215,221,436,40,11,51,17,7,24,3,1,4,81,48,129,0,0,0,1,1,2,357,289,646,2023-12-31T23:00:00Z
12,388,Sibinj,203,214,417,70,20,90,19,2,21,0,0,0,63,42,105,0,0,0,2,4,6,357,282,639,2023-12-31T23:00:00Z
12,39,Brodski Stupnik,69,64,133,17,10,27,9,3,12,1,0,1,71,43,114,0,0,0,1,0,1,168,120,288,2023-12-31T23:00:00Z
12,396,Slavonski Brod,14626,9875,24501,672,376,1048,44,28,72,72,82,154,979,960,1939,0,0,0,17,24,41,16410,11345,27755,2023-12-31T23:00:00Z
12,397,Slavonski Šamac,84,54,138,12,3,15,17,9,26,0,1,1,27,8,35,0,0,0,1,0,1,141,75,216,2023-12-31T23:00:00Z
12,412,Stara Gradiška,163,93,256,7,5,12,6,4,10,0,0,0,19,8,27,0,0,0,0,0,0,195,110,305,2023-12-31T23:00:00Z
12,418,Staro Petrovo Selo,223,129,352,40,14,54,40,16,56,1,1,2,104,55,159,0,0,0,0,2,2,408,217,625,2023-12-31T23:00:00Z
12,46,Cernik,136,193,329,40,12,52,10,6,16,4,1,5,61,28,89,0,0,0,0,1,1,251,241,492,2023-12-31T23:00:00Z
12,476,Velika Kopanica,211,124,335,32,7,39,33,17,50,1,1,2,38,19,57,0,0,0,0,1,1,315,169,484,2023-12-31T23:00:00Z
12,506,Vrbje,40,23,63,9,2,11,21,2,23,0,0,0,18,18,36,0,0,0,0,1,1,88,46,134,2023-12-31T23:00:00Z
12,514,Vrpolje,213,111,324,28,5,33,48,17,65,0,2,2,17,19,36,0,0,0,0,1,1,306,155,461,2023-12-31T23:00:00Z
12,567,Bukovlje,151,72,223,19,12,31,2,1,3,0,0,0,12,18,30,0,0,0,1,3,4,185,106,291,2023-12-31T23:00:00Z
12,568,Dragalić,37,51,88,8,0,8,6,2,8,0,0,0,5,6,11,0,0,0,0,0,0,56,59,115,2023-12-31T23:00:00Z
12,569,Gornja Vrba,414,169,583,21,6,27,2,2,4,0,1,1,21,25,46,0,0,0,0,1,1,458,204,662,2023-12-31T23:00:00Z
12,570,Sikirevci,41,50,91,23,8,31,37,13,50,0,0,0,10,7,17,0,0,0,2,1,3,113,79,192,2023-12-31T23:00:00Z
12,68,Davor,134,88,222,14,7,21,14,4,18,1,0,1,16,23,39,0,0,0,1,1,2,180,123,303,2023-12-31T23:00:00Z
12,81,Donji Andrijevci,195,135,330,25,15,40,22,5,27,0,1,1,25,16,41,0,0,0,1,1,2,268,173,441,2023-12-31T23:00:00Z
13,131,Gračac,259,235,494,23,16,39,73,35,108,2,1,3,49,41,90,0,0,0,5,3,8,411,331,742,2023-12-31T23:00:00Z
13,167,Jasenice,172,87,259,16,2,18,9,4,13,1,0,1,16,6,22,0,0,0,0,5,5,214,104,318,2023-12-31T23:00:00Z
13,17,Benkovac,1285,1093,2378,120,50,170,105,63,168,15,10,25,247,124,371,0,0,0,10,6,16,1782,1346,3128,2023-12-31T23:00:00Z
13,173,Kali,329,134,463,24,14,38,2,1,3,14,0,14,36,28,64,0,0,0,0,1,1,405,178,583,2023-12-31T23:00:00Z
13,20,Bibinje,238,199,437,64,29,93,3,1,4,5,5,10,81,55,136,0,0,0,3,3,6,394,292,686,2023-12-31T23:00:00Z
13,22,Biograd Na Moru,1176,1432,2608,162,72,234,27,19,46,20,9,29,156,210,366,0,0,0,14,18,32,1555,1760,3315,2023-12-31T23:00:00Z
13,234,Lišane Ostrovičke,32,30,62,9,2,11,2,1,3,0,0,0,8,8,16,0,0,0,0,0,0,51,41,92,2023-12-31T23:00:00Z
13,282,Nin,530,354,884,47,16,63,8,6,14,7,1,8,43,31,74,0,0,0,27,66,93,662,474,1136,2023-12-31T23:00:00Z
13,296,Obrovac,413,267,680,41,11,52,50,10,60,3,4,7,17,31,48,0,0,0,3,7,10,527,330,857,2023-12-31T23:00:00Z
13,316,Pag,533,433,966,63,29,92,37,13,50,7,5,12,65,53,118,0,0,0,14,30,44,719,563,1282,2023-12-31T23:00:00Z
13,317,Pakoštane,399,333,732,68,25,93,15,18,33,9,4,13,112,56,168,0,0,0,31,35,66,634,471,1105,2023-12-31T23:00:00Z
13,320,Pašman,123,109,232,45,11,56,6,5,11,25,0,25,43,30,73,0,0,0,2,4,6,244,159,403,2023-12-31T23:00:00Z
13,344,Polača,111,73,184,17,9,26,6,2,8,2,0,2,14,14,28,0,0,0,2,2,4,152,100,252,2023-12-31T23:00:00Z
13,345,Poličnik,522,390,912,66,16,82,10,9,19,4,2,6,67,25,92,0,0,0,1,1,2,670,443,1113,2023-12-31T23:00:00Z
13,349,Posedarje,162,184,346,46,17,63,7,9,16,12,2,14,48,39,87,0,0,0,2,5,7,277,256,533,2023-12-31T23:00:00Z
13,354,Preko,310,440,750,55,19,74,7,4,11,26,3,29,43,28,71,0,0,0,7,10,17,448,504,952,2023-12-31T23:00:00Z
13,371,Ražanac,95,112,207,24,9,33,9,6,15,10,0,10,37,19,56,0,0,0,6,0,6,181,146,327,2023-12-31T23:00:00Z
13,379,Sali,172,158,330,39,13,52,6,2,8,6,2,8,29,22,51,0,0,0,0,4,4,252,201,453,2023-12-31T23:00:00Z
13,411,Stankovci,220,168,388,44,6,50,5,3,8,1,1,2,40,14,54,0,0,0,0,1,1,310,193,503,2023-12-31T23:00:00Z
13,416,Starigrad,149,144,293,42,28,70,9,4,13,2,0,2,35,33,68,0,0,0,4,22,26,241,231,472,2023-12-31T23:00:00Z
13,425,Sukošan,468,333,801,78,22,100,13,6,19,6,1,7,65,54,119,0,0,0,1,9,10,631,425,1056,2023-12-31T23:00:00Z
13,428,Sveti Filip I Jakov,240,357,597,42,23,65,9,2,11,12,4,16,33,32,65,0,0,0,5,9,14,341,427,768,2023-12-31T23:00:00Z
13,445,Škabrnje,86,74,160,35,5,40,7,3,10,3,0,3,18,9,27,0,0,0,1,3,4,150,94,244,2023-12-31T23:00:00Z
13,489,Vir,314,319,633,56,20,76,1,2,3,4,1,5,44,37,81,0,0,0,4,4,8,423,383,806,2023-12-31T23:00:00Z
13,520,Zadar,15477,16718,32195,1235,731,1966,50,29,79,672,202,874,1293,1435,2728,4,0,4,136,159,295,18867,19274,38141,2023-12-31T23:00:00Z
13,525,Zemunik Donji,151,188,339,24,6,30,4,4,8,0,0,0,30,12,42,0,0,0,51,96,147,260,306,566,2023-12-31T23:00:00Z
13,537,Novigrad,84,97,181,28,4,32,6,5,11,5,1,6,23,13,36,0,0,0,2,1,3,148,121,269,2023-12-31T23:00:00Z
13,571,Galovac,40,68,108,17,2,19,3,5,8,3,2,5,14,11,25,0,0,0,0,0,0,77,88,165,2023-12-31T23:00:00Z
13,572,Kukljica,44,38,82,23,1,24,1,0,1,2,1,3,17,6,23,0,0,0,1,0,1,88,46,134,2023-12-31T23:00:00Z
13,573,Povljana,49,40,89,12,6,18,5,1,6,3,0,3,9,7,16,0,0,0,0,3,3,78,57,135,2023-12-31T23:00:00Z
13,574,Privlaka,148,147,295,23,12,35,2,2,4,9,2,11,24,9,33,0,0,0,4,1,5,210,173,383,2023-12-31T23:00:00Z
13,575,Tkon,114,64,178,25,8,33,2,1,3,4,0,4,42,26,68,0,0,0,2,1,3,189,100,289,2023-12-31T23:00:00Z
13,622,Kolan,138,84,222,18,4,22,6,2,8,1,0,1,16,13,29,0,0,0,4,0,4,183,103,286,2023-12-31T23:00:00Z
13,625,Vrsi,129,48,177,18,10,28,5,3,8,14,0,14,27,32,59,0,0,0,2,1,3,195,94,289,2023-12-31T23:00:00Z
14,103,Đakovo,2988,2998,5986,503,238,741,226,90,316,27,36,63,600,548,1148,0,0,0,11,16,27,4355,3926,8281,2023-12-31T23:00:00Z
14,106,Đurđenovac,499,510,1009,44,13,57,18,12,30,0,5,5,59,51,110,0,0,0,7,0,7,627,591,1218,2023-12-31T23:00:00Z
14,110,Erdut,340,253,593,37,14,51,53,13,66,2,4,6,59,41,100,0,0,0,0,2,2,491,327,818,2023-12-31T23:00:00Z
14,111,Ernestinovo,87,188,275,4,5,9,23,5,28,1,1,2,9,11,20,0,0,0,1,0,1,125,210,335,2023-12-31T23:00:00Z
14,116,Feričanci,122,116,238,26,6,32,3,0,3,0,1,1,39,16,55,0,0,0,0,1,1,190,140,330,2023-12-31T23:00:00Z
14,124,Gorjani,136,145,281,18,8,26,9,6,15,0,0,0,10,5,15,0,0,0,0,0,0,173,164,337,2023-12-31T23:00:00Z
14,13,Beli Manastir,1063,1164,2227,105,52,157,71,33,104,7,14,21,126,102,228,1,0,1,0,1,1,1373,1366,2739,2023-12-31T23:00:00Z
14,16,Belišće,1726,617,2343,78,40,118,25,7,32,9,8,17,85,92,177,0,0,0,0,1,1,1923,765,2688,2023-12-31T23:00:00Z
14,195,Kneževi Vinogradi,223,285,508,31,6,37,31,7,38,1,2,3,65,70,135,0,0,0,1,0,1,352,370,722,2023-12-31T23:00:00Z
14,2,Antunovac,203,169,372,35,13,48,12,7,19,0,0,0,19,18,37,0,0,0,0,0,0,269,207,476,2023-12-31T23:00:00Z
14,205,Koška,185,141,326,23,7,30,27,6,33,2,1,3,31,26,57,0,0,0,4,6,10,272,187,459,2023-12-31T23:00:00Z
14,21,Bilje,308,298,606,48,27,75,19,12,31,1,2,3,54,40,94,0,0,0,0,2,2,430,381,811,2023-12-31T23:00:00Z
14,23,Bizovac,263,221,484,25,11,36,25,8,33,2,4,6,29,34,63,0,0,0,4,11,15,348,289,637,2023-12-31T23:00:00Z
14,230,Levanjska Varoš,35,30,65,3,2,5,7,5,12,0,0,0,2,4,6,0,0,0,0,0,0,47,41,88,2023-12-31T23:00:00Z
14,257,Marijanci,85,73,158,6,5,11,11,0,11,0,0,0,13,19,32,0,0,0,0,1,1,115,98,213,2023-12-31T23:00:00Z
14,271,Moslavina Podravska,17,18,35,4,2,6,14,5,19,0,0,0,17,10,27,0,0,0,0,0,0,52,35,87,2023-12-31T23:00:00Z
14,278,Našice,2276,1838,4114,194,100,294,64,28,92,26,33,59,207,250,457,0,0,0,10,11,21,2777,2260,5037,2023-12-31T23:00:00Z
14,312,Osijek,24754,23247,48001,1014,738,1752,125,50,175,172,190,362,767,1145,1912,2,1,3,29,54,83,26863,25425,52288,2023-12-31T23:00:00Z
14,325,Petlovac,53,57,110,6,4,10,12,0,12,0,0,0,16,8,24,0,0,0,0,0,0,87,69,156,2023-12-31T23:00:00Z
14,327,Petrijevci,249,185,434,19,5,24,4,2,6,0,0,0,10,7,17,1,0,1,1,1,2,284,200,484,2023-12-31T23:00:00Z
14,340,Podgorač,114,76,190,24,9,33,24,4,28,1,1,2,17,24,41,0,0,0,0,0,0,180,114,294,2023-12-31T23:00:00Z
14,346,Popovac,49,47,96,2,3,5,5,2,7,1,0,1,3,1,4,0,0,0,0,0,0,60,53,113,2023-12-31T23:00:00Z
14,361,Punitovci,50,68,118,20,6,26,15,4,19,0,0,0,33,7,40,0,0,0,0,0,0,118,85,203,2023-12-31T23:00:00Z
14,381,Satnica Đakovačka,128,86,214,20,6,26,10,3,13,0,0,0,45,25,70,0,0,0,0,0,0,203,120,323,2023-12-31T23:00:00Z
14,386,Semeljci,204,193,397,46,16,62,48,18,66,1,1,2,74,35,109,0,0,0,0,2,2,373,265,638,2023-12-31T23:00:00Z
14,421,Strizivojna,305,302,607,19,11,30,15,4,19,0,0,0,18,12,30,0,0,0,0,0,0,357,329,686,2023-12-31T23:00:00Z
14,461,Trnava,54,67,121,5,3,8,12,3,15,0,0,0,9,4,13,0,0,0,0,0,0,80,77,157,2023-12-31T23:00:00Z
14,471,Valpovo,860,1128,1988,99,66,165,53,17,70,13,15,28,89,118,207,0,0,0,6,15,21,1120,1359,2479,2023-12-31T23:00:00Z
14,485,Viljevo,62,67,129,11,0,11,18,4,22,0,0,0,17,12,29,0,0,0,0,1,1,108,84,192,2023-12-31T23:00:00Z
14,494,Viškovci,280,192,472,24,6,30,13,4,17,0,0,0,16,8,24,0,0,0,1,0,1,334,210,544,2023-12-31T23:00:00Z
14,517,Vuka,29,52,81,17,2,19,11,4,15,0,0,0,21,13,34,0,0,0,0,0,0,78,71,149,2023-12-31T23:00:00Z
14,576,Donja Motičina,19,14,33,12,4,16,1,1,2,1,0,1,15,7,22,0,0,0,0,0,0,48,26,74,2023-12-31T23:00:00Z
14,578,Magadenovac,83,107,190,5,4,9,21,9,30,0,1,1,16,15,31,0,0,0,0,0,0,125,136,261,2023-12-31T23:00:00Z
14,579,Vladislavci,127,82,209,4,0,4,5,6,11,1,0,1,10,3,13,0,0,0,0,0,0,147,91,238,2023-12-31T23:00:00Z
14,609,Jagodnjak,95,70,165,8,2,10,23,6,29,0,0,0,11,3,14,0,0,0,0,0,0,137,81,218,2023-12-31T23:00:00Z
14,614,Šodolovci,23,12,35,0,0,0,0,0,0,0,0,0,9,5,14,0,0,0,0,0,0,32,17,49,2023-12-31T23:00:00Z
14,64,Čeminac,71,81,152,12,0,12,4,2,6,0,0,0,23,14,37,0,0,0,0,0,0,110,97,207,2023-12-31T23:00:00Z
14,65,Čepin,812,583,1395,104,42,146,62,29,91,4,5,9,100,103,203,0,0,0,1,1,2,1083,763,1846,2023-12-31T23:00:00Z
14,66,Darda,1808,844,2652,56,34,90,32,9,41,3,4,7,66,54,120,0,0,0,1,1,2,1966,946,2912,2023-12-31T23:00:00Z
14,86,Donji Miholjac,1178,1000,2178,114,65,179,166,40,206,4,10,14,150,127,277,1,0,1,3,7,10,1616,1249,2865,2023-12-31T23:00:00Z
14,91,Draž,75,99,174,11,3,14,14,6,20,0,0,0,9,10,19,0,0,0,1,1,2,110,119,229,2023-12-31T23:00:00Z
14,94,Drenje,101,101,202,31,5,36,43,9,52,0,0,0,17,18,35,0,0,0,0,0,0,192,133,325,2023-12-31T23:00:00Z
15,113,Ervenik,33,40,73,2,0,2,3,1,4,0,0,0,4,3,7,0,0,0,0,0,0,42,44,86,2023-12-31T23:00:00Z
15,183,Kijevo,27,27,54,2,0,2,0,0,0,0,0,0,0,0,0,0,0,0,0,0,0,29,27,56,2023-12-31T23:00:00Z
15,184,Kistanje,71,80,151,16,4,20,1,2,3,1,0,1,14,12,26,0,0,0,0,0,0,103,98,201,2023-12-31T23:00:00Z
15,196,Knin,1313,1442,2755,134,75,209,68,20,88,31,5,36,153,146,299,0,0,0,4,4,8,1703,1692,3395,2023-12-31T23:00:00Z
15,298,Promina,119,92,211,1,1,2,1,2,3,0,0,0,1,1,2,0,0,0,0,1,1,122,97,219,2023-12-31T23:00:00Z
15,310,Biskupija,117,21,138,1,0,1,1,0,1,1,0,1,1,2,3,0,0,0,0,1,1,121,24,145,2023-12-31T23:00:00Z
15,357,Primošten,253,285,538,107,28,135,5,2,7,7,3,10,31,31,62,0,1,1,8,10,18,411,360,771,2023-12-31T23:00:00Z
15,377,Ružić,31,28,59,5,2,7,5,5,10,0,0,0,1,12,13,0,0,0,0,0,0,42,47,89,2023-12-31T23:00:00Z
15,394,Skradin,143,152,295,49,15,64,19,8,27,2,2,4,33,31,64,0,0,0,2,7,9,248,215,463,2023-12-31T23:00:00Z
15,444,Šibenik,8334,8519,16853,689,361,1050,28,14,42,221,99,320,586,634,1220,0,0,0,43,84,127,9901,9711,19612,2023-12-31T23:00:00Z
15,454,Tisno,361,287,648,92,30,122,7,0,7,8,3,11,50,50,100,0,0,0,5,11,16,523,381,904,2023-12-31T23:00:00Z
15,469,Unešić,55,54,109,11,0,11,4,1,5,1,0,1,14,7,21,0,0,0,0,0,0,85,62,147,2023-12-31T23:00:00Z
15,500,Vodice,1063,1030,2093,295,118,413,15,7,22,18,12,30,258,169,427,0,0,0,12,53,65,1661,1389,3050,2023-12-31T23:00:00Z
15,51,Civljane,57,8,65,1,1,2,0,0,0,0,0,0,2,2,4,0,0,0,0,0,0,60,11,71,2023-12-31T23:00:00Z
15,581,Pirovac,156,168,324,35,17,52,5,4,9,4,1,5,63,33,96,0,0,0,1,0,1,264,223,487,2023-12-31T23:00:00Z
15,582,Rogoznica,277,254,531,47,17,64,1,1,2,4,1,5,48,34,82,0,0,0,3,6,9,380,313,693,2023-12-31T23:00:00Z
15,617,Murter,254,244,498,61,33,94,3,1,4,17,3,20,58,46,104,0,0,0,27,21,48,420,348,768,2023-12-31T23:00:00Z
15,621,Bilice,103,42,145,27,8,35,0,0,0,8,0,8,23,8,31,0,0,0,0,0,0,161,58,219,2023-12-31T23:00:00Z
15,626,Tribunj,90,97,187,21,12,33,1,0,1,5,0,5,63,30,93,0,0,0,2,1,3,182,140,322,2023-12-31T23:00:00Z
15,95,Drniš,933,643,1576,67,56,123,52,24,76,6,7,13,97,82,179,0,0,0,1,3,4,1156,815,1971,2023-12-31T23:00:00Z
16,1,Andrijaševci,71,127,198,24,12,36,12,4,16,1,1,2,28,29,57,0,0,0,1,5,6,137,178,315,2023-12-31T23:00:00Z
16,137,Gradište,91,110,201,18,4,22,29,5,34,0,1,1,16,15,31,0,0,0,0,1,1,154,136,290,2023-12-31T23:00:00Z
16,141,Gunja,240,127,367,27,9,36,47,14,61,1,0,1,43,12,55,0,0,0,0,2,2,358,164,522,2023-12-31T23:00:00Z
16,154,Ilok,465,556,1021,70,22,92,53,17,70,0,2,2,110,95,205,1,0,1,1,0,1,700,692,1392,2023-12-31T23:00:00Z
16,159,Ivankovo,363,434,797,70,32,102,54,13,67,2,5,7,109,74,183,0,0,0,3,2,5,601,560,1161,2023-12-31T23:00:00Z
16,166,Jarmina,33,73,106,19,12,31,28,10,38,0,1,1,21,31,52,0,0,0,0,2,2,101,129,230,2023-12-31T23:00:00Z
16,239,Lovas,61,63,124,6,0,6,13,1,14,0,0,0,4,6,10,0,0,0,0,0,0,84,70,154,2023-12-31T23:00:00Z
16,26,Bogdanovci,30,15,45,4,0,4,7,4,11,0,0,0,15,3,18,0,0,0,0,0,0,56,22,78,2023-12-31T23:00:00Z
16,29,Borovo,72,91,163,49,14,63,26,6,32,1,3,4,62,75,137,0,0,0,4,1,5,214,190,404,2023-12-31T23:00:00Z
16,294,Nuštar,271,311,582,46,19,65,21,6,27,3,1,4,57,30,87,0,0,0,0,2,2,398,369,767,2023-12-31T23:00:00Z
16,295,Nijemci,222,207,429,27,9,36,86,21,107,0,1,1,69,36,105,0,0,0,0,1,1,404,275,679,2023-12-31T23:00:00Z
16,3,Babina Greda,167,203,370,34,17,51,75,26,101,2,0,2,36,37,73,0,0,0,0,0,0,314,283,597,2023-12-31T23:00:00Z
16,32,Bošnjaci,117,109,226,27,7,34,29,5,34,3,0,3,39,41,80,0,0,0,0,0,0,215,162,377,2023-12-31T23:00:00Z
16,414,Stari Jankovci,134,119,253,20,4,24,43,9,52,2,0,2,30,18,48,0,0,0,1,1,2,230,151,381,2023-12-31T23:00:00Z
16,415,Stari Mikanovci,109,130,239,22,9,31,26,13,39,4,1,5,33,42,75,0,0,0,1,0,1,195,195,390,2023-12-31T23:00:00Z
16,44,Cerna,461,231,692,47,29,76,52,18,70,1,1,2,57,68,125,0,0,0,1,0,1,619,347,966,2023-12-31T23:00:00Z
16,456,Tompojevci,19,36,55,15,5,20,38,10,48,0,0,0,13,12,25,0,0,0,0,0,0,85,63,148,2023-12-31T23:00:00Z
16,458,Tordinci,103,93,196,4,1,5,9,0,9,0,0,0,6,13,19,0,0,0,0,0,0,122,107,229,2023-12-31T23:00:00Z
16,459,Tovarnik,207,140,347,20,3,23,45,24,69,1,1,2,11,26,37,0,0,0,0,0,0,284,194,478,2023-12-31T23:00:00Z
16,464,Trpinja,111,198,309,28,11,39,77,17,94,1,0,1,32,25,57,0,0,0,0,1,1,249,252,501,2023-12-31T23:00:00Z
16,487,Vinkovci,7982,6628,14610,321,219,540,47,24,71,58,50,108,467,614,1081,1,0,1,12,20,32,8888,7555,16443,2023-12-31T23:00:00Z
16,505,Vrbanja,320,144,464,30,13,43,63,15,78,1,1,2,41,36,77,0,0,0,5,2,7,460,211,671,2023-12-31T23:00:00Z
16,518,Vukovar,4527,4752,9279,313,175,488,114,35,149,24,29,53,418,400,818,0,0,0,3,11,14,5399,5402,10801,2023-12-31T23:00:00Z
16,534,Županja,1973,1481,3454,138,63,201,43,17,60,22,16,38,153,185,338,1,0,1,5,9,14,2335,1771,4106,2023-12-31T23:00:00Z
16,535,Otok (Vinkovci),418,318,736,39,23,62,55,11,66,5,1,6,75,62,137,0,0,0,0,2,2,592,417,1009,2023-12-31T23:00:00Z
16,583,Privlaka,90,77,167,21,8,29,23,9,32,0,2,2,16,18,34,0,0,0,1,0,1,151,114,265,2023-12-31T23:00:00Z
16,584,Vođinci,58,163,221,14,3,17,6,5,11,0,1,1,14,18,32,0,0,0,0,0,0,92,190,282,2023-12-31T23:00:00Z
16,610,Markušica,35,58,93,12,4,16,47,16,63,0,1,1,15,11,26,0,0,0,2,0,2,111,90,201,2023-12-31T23:00:00Z
16,612,Negoslavci,19,15,34,7,1,8,10,3,13,1,0,1,12,12,24,0,0,0,0,0,0,49,31,80,2023-12-31T23:00:00Z
16,628,Štitar,97,79,176,8,0,8,13,3,16,0,0,0,11,4,15,0,0,0,0,0,0,129,86,215,2023-12-31T23:00:00Z
16,92,Drenovci,111,169,280,39,3,42,111,36,147,2,1,3,42,56,98,0,0,0,1,2,3,306,267,573,2023-12-31T23:00:00Z
17,100,Dugi Rat,656,612,1268,82,32,114,0,2,2,39,8,47,165,106,271,0,0,0,21,34,55,963,794,1757,2023-12-31T23:00:00Z
17,134,Gradac,149,155,304,41,11,52,4,1,5,2,1,3,18,23,41,0,0,0,11,21,32,225,212,437,2023-12-31T23:00:00Z
17,148,Hrvace,321,174,495,55,20,75,11,8,19,1,3,4,53,38,91,0,0,0,1,1,2,442,244,686,2023-12-31T23:00:00Z
17,153,Hvar,570,567,1137,176,74,250,19,12,31,20,4,24,132,128,260,3,0,3,80,73,153,1000,858,1858,2023-12-31T23:00:00Z
17,155,Imotski,1411,1409,2820,192,96,288,14,8,22,27,15,42,135,176,311,0,0,0,9,15,24,1788,1719,3507,2023-12-31T23:00:00Z
17,171,Jelsa,340,295,635,89,30,119,42,22,64,11,1,12,99,52,151,0,1,1,16,12,28,597,413,1010,2023-12-31T23:00:00Z
17,181,Kaštela,3802,4133,7935,539,283,822,25,12,37,123,41,164,569,576,1145,0,0,0,95,35,130,5153,5080,10233,2023-12-31T23:00:00Z
17,192,Klis,269,214,483,30,11,41,9,2,11,29,3,32,52,25,77,0,0,0,1,3,4,390,258,648,2023-12-31T23:00:00Z
17,197,Komiža,129,139,268,61,18,79,6,2,8,3,2,5,21,19,40,0,0,0,17,21,38,237,201,438,2023-12-31T23:00:00Z
17,243,Lovreć,156,74,230,16,8,24,4,1,5,1,0,1,32,15,47,0,0,0,0,3,3,209,101,310,2023-12-31T23:00:00Z
17,249,Makarska,2642,2512,5154,283,178,461,4,1,5,52,31,83,320,326,646,1,0,1,98,123,221,3400,3171,6571,2023-12-31T23:00:00Z
17,258,Marina,224,247,471,68,29,97,6,5,11,13,1,14,40,39,79,1,0,1,5,6,11,357,327,684,2023-12-31T23:00:00Z
17,267,Milna,77,89,166,26,9,35,7,2,9,5,0,5,18,15,33,0,0,0,1,4,5,134,119,253,2023-12-31T23:00:00Z
17,27,Bol,287,342,629,49,20,69,6,3,9,4,3,7,59,25,84,0,0,0,9,13,22,414,406,820,2023-12-31T23:00:00Z
17,280,Nerežišća,143,68,211,21,4,25,2,1,3,2,0,2,26,18,44,0,0,0,0,1,1,194,92,286,2023-12-31T23:00:00Z
17,300,Omiš,1604,1685,3289,253,96,349,12,6,18,35,17,52,283,256,539,1,0,1,16,39,55,2204,2099,4303,2023-12-31T23:00:00Z
17,314,Otok,208,188,396,76,23,99,10,1,11,3,1,4,97,47,144,0,0,0,2,1,3,396,261,657,2023-12-31T23:00:00Z
17,337,Podbablje,285,210,495,39,4,43,6,0,6,3,3,6,24,36,60,0,0,0,0,3,3,357,256,613,2023-12-31T23:00:00Z
17,339,Podgora,198,180,378,45,12,57,2,0,2,1,0,1,24,24,48,0,0,0,38,32,70,308,248,556,2023-12-31T23:00:00Z
17,341,Podstrana,888,756,1644,68,33,101,13,3,16,50,5,55,71,90,161,1,0,1,11,30,41,1102,917,2019,2023-12-31T23:00:00Z
17,350,Postira,282,258,540,31,15,46,7,2,9,0,3,3,19,8,27,0,0,0,0,2,2,339,288,627,2023-12-31T23:00:00Z
17,358,Pučišća,212,132,344,52,9,61,13,4,17,7,0,7,33,14,47,0,0,0,0,3,3,317,162,479,2023-12-31T23:00:00Z
17,382,Seget,459,374,833,45,8,53,5,3,8,9,2,11,184,67,251,0,0,0,20,29,49,722,483,1205,2023-12-31T23:00:00Z
17,383,Selca,132,107,239,56,17,73,10,5,15,4,1,5,63,29,92,0,0,0,1,3,4,266,162,428,2023-12-31T23:00:00Z
17,389,Sinj,1963,2067,4030,385,170,555,60,18,78,44,39,83,343,379,722,0,0,0,8,11,19,2803,2684,5487,2023-12-31T23:00:00Z
17,406,Solin,3884,3194,7078,299,185,484,13,8,21,143,40,183,345,298,643,0,0,0,15,13,28,4699,3738,8437,2023-12-31T23:00:00Z
17,409,Split,36070,39592,75662,1770,1259,3029,66,42,108,2287,423,2710,1527,2162,3689,7,2,9,196,252,448,41923,43732,85655,2023-12-31T23:00:00Z
17,413,Stari Grad,355,330,685,70,27,97,20,18,38,5,2,7,49,35,84,0,0,0,23,25,48,522,437,959,2023-12-31T23:00:00Z
17,423,Sućuraj,31,28,59,22,2,24,2,1,3,0,0,0,12,7,19,0,0,0,1,0,1,68,38,106,2023-12-31T23:00:00Z
17,427,Supetar,567,734,1301,130,71,201,21,8,29,26,11,37,109,131,240,0,0,0,13,3,16,866,958,1824,2023-12-31T23:00:00Z
17,443,Šestanovac,165,148,313,33,8,41,12,2,14,1,2,3,16,21,37,0,0,0,2,1,3,229,182,411,2023-12-31T23:00:00Z
17,447,Šolta,191,127,318,19,11,30,11,4,15,12,1,13,15,12,27,0,0,0,11,11,22,259,166,425,2023-12-31T23:00:00Z
17,460,Trilj,543,605,1148,169,48,217,23,10,33,9,1,10,122,127,249,1,0,1,1,6,7,868,797,1665,2023-12-31T23:00:00Z
17,463,Trogir,1995,1938,3933,358,167,525,16,6,22,69,37,106,301,360,661,0,0,0,32,80,112,2771,2588,5359,2023-12-31T23:00:00Z
17,492,Vis,268,266,534,67,21,88,13,4,17,5,1,6,33,23,56,0,0,0,19,11,30,405,326,731,2023-12-31T23:00:00Z
17,50,Cista Provo,116,159,275,28,5,33,8,1,9,1,0,1,6,10,16,0,0,0,0,4,4,159,179,338,2023-12-31T23:00:00Z
17,511,Vrgorac,1002,742,1744,55,29,84,27,14,41,5,6,11,49,75,124,0,0,0,1,4,5,1139,870,2009,2023-12-31T23:00:00Z
17,513,Vrlika,98,211,309,15,3,18,13,9,22,2,0,2,25,8,33,0,0,0,0,0,0,153,231,384,2023-12-31T23:00:00Z
17,522,Zagvozd,144,79,223,22,3,25,2,1,3,0,0,0,15,7,22,0,0,0,0,0,0,183,90,273,2023-12-31T23:00:00Z
17,528,Zmijavci,104,119,223,8,3,11,0,1,1,3,0,3,30,10,40,0,0,0,0,1,1,145,134,279,2023-12-31T23:00:00Z
17,585,Dugopolje,1735,981,2716,52,16,68,5,1,6,9,3,12,57,24,81,0,0,0,1,0,1,1859,1025,2884,2023-12-31T23:00:00Z
17,586,Lećevica,14,16,30,8,0,8,2,2,4,0,0,0,1,0,1,0,0,0,0,0,0,25,18,43,2023-12-31T23:00:00Z
17,587,Lokvičići,37,17,54,2,0,2,2,0,2,0,0,0,2,0,2,0,0,0,1,0,1,44,17,61,2023-12-31T23:00:00Z
17,588,Okrug,168,225,393,42,22,64,1,0,1,13,4,17,100,28,128,0,0,0,10,18,28,334,297,631,2023-12-31T23:00:00Z
17,589,Prgomet,35,26,61,7,0,7,1,0,1,1,0,1,2,0,2,0,0,0,0,0,0,46,26,72,2023-12-31T23:00:00Z
17,590,Primorski Dolac,23,35,58,4,3,7,1,1,2,1,1,2,1,4,5,0,0,0,0,0,0,30,44,74,2023-12-31T23:00:00Z
17,591,Runovići,70,66,136,17,2,19,1,2,3,0,2,2,29,31,60,0,0,0,0,0,0,117,103,220,2023-12-31T23:00:00Z
17,592,Sutivan,120,76,196,22,8,30,4,1,5,9,2,11,22,6,28,0,0,0,4,3,7,181,96,277,2023-12-31T23:00:00Z
17,593,Tučepi,247,206,453,20,13,33,1,1,2,2,3,5,31,20,51,0,0,0,6,15,21,307,258,565,2023-12-31T23:00:00Z
17,595,Zadvarje,48,30,78,7,1,8,1,1,2,0,0,0,5,6,11,0,0,0,0,2,2,61,40,101,2023-12-31T23:00:00Z
17,72,Dicmo,526,214,740,45,15,60,6,2,8,2,1,3,25,40,65,0,0,0,2,0,2,606,272,878,2023-12-31T23:00:00Z
17,77,Brela,191,203,394,24,11,35,0,1,1,2,1,3,19,25,44,0,0,0,7,28,35,243,269,512,2023-12-31T23:00:00Z
17,87,Muć,191,205,396,22,5,27,3,3,6,2,3,5,16,12,28,0,0,0,0,1,1,234,229,463,2023-12-31T23:00:00Z
17,88,Proložac,227,172,399,27,9,36,3,4,7,0,0,0,39,22,61,0,0,0,6,1,7,302,208,510,2023-12-31T23:00:00Z
17,9,Baška Voda,230,234,464,60,28,88,1,0,1,5,3,8,48,43,91,0,0,0,10,38,48,354,346,700,2023-12-31T23:00:00Z
18,132,Gračišće,62,26,88,33,7,40,10,3,13,1,0,1,35,12,47,0,0,0,0,0,0,141,48,189,2023-12-31T23:00:00Z
18,138,Grožnjan,26,29,55,19,2,21,11,4,15,0,0,0,7,10,17,0,0,0,0,1,1,63,46,109,2023-12-31T23:00:00Z
18,175,Kanfanar,614,263,877,35,13,48,5,1,6,0,0,0,16,15,31,0,0,0,1,1,2,671,293,964,2023-12-31T23:00:00Z
18,217,Kršan,326,297,623,50,13,63,8,3,11,5,0,5,131,61,192,0,0,0,2,5,7,522,379,901,2023-12-31T23:00:00Z
18,222,Labin,2581,2421,5002,253,142,395,15,8,23,27,35,62,276,226,502,0,0,0,112,160,272,3264,2992,6256,2023-12-31T23:00:00Z
18,223,Lanišće,13,12,25,3,0,3,2,0,2,0,1,1,14,6,20,0,0,0,0,0,0,32,19,51,2023-12-31T23:00:00Z
18,235,Ližnjan,200,129,329,16,7,23,3,0,3,5,2,7,26,28,54,0,0,0,6,11,17,256,177,433,2023-12-31T23:00:00Z
18,246,Lupoglav,222,107,329,11,5,16,5,2,7,0,1,1,15,12,27,0,0,0,0,0,0,253,127,380,2023-12-31T23:00:00Z
18,254,Marčana,191,205,396,44,15,59,3,5,8,4,2,6,26,22,48,0,0,0,1,0,1,269,249,518,2023-12-31T23:00:00Z
18,263,Medulin,695,645,1340,71,40,111,7,3,10,6,6,12,104,88,192,0,0,0,38,59,97,921,841,1762,2023-12-31T23:00:00Z
18,274,Motovun,110,108,218,37,17,54,17,7,24,1,1,2,38,26,64,0,0,0,5,13,18,208,172,380,2023-12-31T23:00:00Z
18,291,Novigrad,913,994,1907,137,56,193,14,4,18,3,10,13,104,96,200,0,0,0,12,36,48,1183,1196,2379,2023-12-31T23:00:00Z
18,304,Oprtalj,60,87,147,14,7,21,12,1,13,0,0,0,12,14,26,0,0,0,3,3,6,101,112,213,2023-12-31T23:00:00Z
18,321,Pazin,1985,2099,4084,321,137,458,58,29,87,13,21,34,276,206,482,0,0,0,5,12,17,2658,2504,5162,2023-12-31T23:00:00Z
18,330,Pićan,327,137,464,35,9,44,2,5,7,1,2,3,49,19,68,0,0,0,1,2,3,415,174,589,2023-12-31T23:00:00Z
18,348,Poreč,4818,4550,9368,684,368,1052,57,19,76,53,52,105,485,451,936,2,1,3,207,192,399,6306,5633,11939,2023-12-31T23:00:00Z
18,359,Pula,13152,12643,25795,1430,782,2212,71,45,116,257,167,424,928,991,1919,1,0,1,138,129,267,15977,14757,30734,2023-12-31T23:00:00Z
18,368,Raša,309,182,491,28,9,37,1,0,1,3,1,4,41,27,68,0,0,0,2,1,3,384,220,604,2023-12-31T23:00:00Z
18,374,Rovinj,3048,3278,6326,437,229,666,32,21,53,29,38,67,417,365,782,0,0,0,62,147,209,4025,4078,8103,2023-12-31T23:00:00Z
18,40,Brtonigla,139,104,243,41,12,53,21,7,28,1,1,2,54,52,106,1,0,1,1,1,2,258,177,435,2023-12-31T23:00:00Z
18,42,Buje,821,817,1638,122,50,172,28,13,41,7,8,15,62,66,128,0,0,0,4,7,11,1044,961,2005,2023-12-31T23:00:00Z
18,43,Buzet,1552,1089,2641,172,64,236,26,13,39,6,6,12,163,101,264,0,0,0,5,7,12,1924,1280,3204,2023-12-31T23:00:00Z
18,431,Sveti Lovreč,60,59,119,24,11,35,2,0,2,0,1,1,39,14,53,0,0,0,0,0,0,125,85,210,2023-12-31T23:00:00Z
18,432,Sveta Nedelja,189,140,329,33,11,44,7,2,9,1,0,1,60,25,85,0,0,0,4,1,5,294,179,473,2023-12-31T23:00:00Z
18,433,Sveti Petar U Šumi,181,139,320,22,4,26,3,4,7,0,0,0,9,8,17,0,0,0,1,0,1,216,155,371,2023-12-31T23:00:00Z
18,435,Svetvinčenat,139,120,259,28,7,35,3,1,4,0,1,1,25,21,46,0,0,0,1,1,2,196,151,347,2023-12-31T23:00:00Z
18,453,Tinjan,198,88,286,39,8,47,6,1,7,2,3,5,56,30,86,0,0,0,1,0,1,302,130,432,2023-12-31T23:00:00Z
18,468,Umag,2759,2291,5050,436,191,627,31,14,45,42,30,72,298,300,598,0,0,0,36,47,83,3602,2873,6475,2023-12-31T23:00:00Z
18,47,Cerovlje,130,52,182,35,4,39,5,4,9,1,0,1,24,15,39,0,0,0,0,1,1,195,76,271,2023-12-31T23:00:00Z
18,497,Višnjan,302,281,583,50,8,58,13,2,15,2,1,3,94,40,134,0,0,0,4,2,6,465,334,799,2023-12-31T23:00:00Z
18,498,Vižinada,66,58,124,31,12,43,12,6,18,0,0,0,42,33,75,0,0,0,0,1,1,151,110,261,2023-12-31T23:00:00Z
18,5,Bale,176,130,306,23,20,43,2,2,4,0,0,0,39,14,53,0,0,0,2,1,3,242,167,409,2023-12-31T23:00:00Z
18,502,Vodnjan,887,666,1553,57,30,87,9,3,12,7,3,10,80,49,129,0,1,1,2,2,4,1042,754,1796,2023-12-31T23:00:00Z
18,516,Vrsar,322,309,631,76,33,109,3,3,6,5,1,6,87,92,179,0,0,0,14,14,28,507,452,959,2023-12-31T23:00:00Z
18,531,Žminj,510,471,981,119,49,168,12,10,22,5,5,10,88,88,176,0,0,0,3,5,8,737,628,1365,2023-12-31T23:00:00Z
18,596,Karojba,127,84,211,32,5,37,0,1,1,0,0,0,45,11,56,0,1,1,0,0,0,204,102,306,2023-12-31T23:00:00Z
18,597,Kaštelir - Labinci,156,79,235,43,21,64,8,5,13,1,0,1,48,19,67,0,0,0,1,4,5,257,128,385,2023-12-31T23:00:00Z
18,6,Barban,299,116,415,49,6,55,12,5,17,1,1,2,29,27,56,0,0,0,1,2,3,391,157,548,2023-12-31T23:00:00Z
18,619,Fažana,322,286,608,33,16,49,1,1,2,3,4,7,29,27,56,1,0,1,2,6,8,391,340,731,2023-12-31T23:00:00Z
18,629,Funtana,134,105,239,16,11,27,1,1,2,1,0,1,21,27,48,0,0,0,14,6,20,187,150,337,2023-12-31T23:00:00Z
18,631,Tar-Vabriga,204,230,434,42,15,57,4,1,5,0,1,1,35,32,67,0,0,0,0,9,9,285,288,573,2023-12-31T23:00:00Z
19,198,Konavle,1335,961,2296,187,79,266,16,13,29,33,8,41,73,98,171,0,1,1,122,95,217,1766,1255,3021,2023-12-31T23:00:00Z
19,204,Korčula,714,910,1624,130,55,185,19,5,24,109,9,118,97,95,192,0,0,0,40,62,102,1109,1136,2245,2023-12-31T23:00:00Z
19,219,Kula Norinska,37,38,75,9,1,10,1,1,2,1,0,1,6,6,12,0,0,0,0,0,0,54,46,100,2023-12-31T23:00:00Z
19,226,Lastovo,62,95,157,29,8,37,2,2,4,5,0,5,8,8,16,0,0,0,4,4,8,110,117,227,2023-12-31T23:00:00Z
19,25,Blato,582,414,996,77,21,98,14,5,19,12,8,20,154,42,196,0,0,0,10,7,17,849,497,1346,2023-12-31T23:00:00Z
19,264,Metković,2268,1813,4081,185,125,310,43,24,67,47,17,64,344,260,604,0,0,0,7,15,22,2894,2254,5148,2023-12-31T23:00:00Z
19,268,Mljet,181,97,278,15,5,20,3,0,3,3,2,5,8,11,19,0,0,0,6,3,9,216,118,334,2023-12-31T23:00:00Z
19,306,Opuzen,493,441,934,31,24,55,66,21,87,2,1,3,25,25,50,0,0,0,3,1,4,620,513,1133,2023-12-31T23:00:00Z
19,308,Orebić,412,389,801,71,40,111,36,9,45,31,6,37,85,64,149,0,0,0,20,31,51,655,539,1194,2023-12-31T23:00:00Z
19,335,Ploče,1387,930,2317,88,60,148,32,12,44,25,5,30,106,123,229,0,0,0,1,6,7,1639,1136,2775,2023-12-31T23:00:00Z
19,343,Pojezerje,28,32,60,5,2,7,8,1,9,0,0,0,3,5,8,0,0,0,0,0,0,44,40,84,2023-12-31T23:00:00Z
19,399,Slivno,70,34,104,10,6,16,12,4,16,0,0,0,7,9,16,0,0,0,4,2,6,103,55,158,2023-12-31T23:00:00Z
19,402,Smokvica,23,76,99,12,1,13,18,5,23,8,0,8,34,6,40,0,0,0,6,9,15,101,97,198,2023-12-31T23:00:00Z
19,419,Ston,406,237,643,58,13,71,23,3,26,8,2,10,53,27,80,0,0,0,2,7,9,550,289,839,2023-12-31T23:00:00Z
19,474,Vela Luka,269,496,765,62,27,89,11,2,13,21,4,25,76,48,124,0,0,0,3,10,13,442,587,1029,2023-12-31T23:00:00Z
19,523,Zažablje,9,10,19,4,0,4,4,2,6,4,1,5,9,1,10,0,0,0,0,0,0,30,14,44,2023-12-31T23:00:00Z
19,598,Dubrovačko Primorje,147,110,257,25,5,30,2,4,6,10,2,12,42,18,60,0,0,0,2,2,4,228,141,369,2023-12-31T23:00:00Z
19,599,Janjina,56,58,114,11,5,16,10,5,15,3,2,5,13,12,25,0,0,0,4,3,7,97,85,182,2023-12-31T23:00:00Z
19,600,Lumbarda,53,54,107,36,10,46,11,2,13,7,0,7,22,19,41,1,0,1,12,13,25,142,98,240,2023-12-31T23:00:00Z
19,601,Trpanj,52,49,101,9,4,13,4,1,5,4,1,5,15,7,22,0,0,0,1,6,7,85,68,153,2023-12-31T23:00:00Z
19,602,Župa Dubrovačka,762,735,1497,142,64,206,5,7,12,53,1,54,74,77,151,0,0,0,15,21,36,1051,905,1956,2023-12-31T23:00:00Z
19,98,Dubrovnik,9954,10577,20531,831,431,1262,28,17,45,547,78,625,484,563,1047,1,1,2,186,214,400,12031,11881,23912,2023-12-31T23:00:00Z
20,123,Goričan,285,160,445,9,4,13,8,2,10,0,2,2,11,9,20,0,0,0,0,0,0,313,177,490,2023-12-31T23:00:00Z
20,15,Belica,176,222,398,23,16,39,53,29,82,1,1,2,31,44,75,0,0,0,1,2,3,285,314,599,2023-12-31T23:00:00Z
20,206,Kotoriba,520,287,807,12,5,17,4,0,4,0,4,4,12,9,21,0,0,0,0,0,0,548,305,853,2023-12-31T23:00:00Z
20,250,Mala Subotica,572,1072,1644,26,19,45,27,14,41,3,5,8,18,26,44,0,0,0,0,2,2,646,1138,1784,2023-12-31T23:00:00Z
20,276,Mursko Središće,905,815,1720,48,26,74,13,7,20,2,6,8,37,50,87,0,0,0,1,3,4,1006,907,1913,2023-12-31T23:00:00Z
20,279,Nedelišće,1568,862,2430,100,48,148,37,20,57,1,7,8,133,92,225,0,0,0,0,5,5,1839,1034,2873,2023-12-31T23:00:00Z
20,342,Podturen,207,146,353,22,8,30,16,12,28,1,2,3,53,37,90,0,0,0,0,1,1,299,206,505,2023-12-31T23:00:00Z
20,355,Prelog,2393,1659,4052,66,29,95,48,21,69,7,9,16,71,72,143,0,0,0,6,6,12,2591,1796,4387,2023-12-31T23:00:00Z
20,385,Selnica,161,166,327,13,11,24,7,4,11,1,2,3,14,13,27,0,0,0,1,0,1,197,196,393,2023-12-31T23:00:00Z
20,440,Sveti Juraj Na Bregu,304,211,515,29,19,48,14,5,19,2,4,6,36,45,81,0,0,0,0,1,1,385,285,670,2023-12-31T23:00:00Z
20,441,Sveti Martin Na Muri,658,386,1044,18,13,31,6,5,11,0,3,3,32,38,70,0,0,0,2,0,2,716,445,1161,2023-12-31T23:00:00Z
20,452,Štrigova,321,207,528,24,13,37,34,17,51,2,1,3,57,69,126,0,0,0,0,1,1,438,308,746,2023-12-31T23:00:00Z
20,504,Vratišinec,135,95,230,7,2,9,11,2,13,1,2,3,8,11,19,0,0,0,1,0,1,163,112,275,2023-12-31T23:00:00Z
20,60,Čakovec,9840,9222,19062,268,161,429,55,27,82,42,64,106,241,325,566,0,0,0,6,13,19,10452,9812,20264,2023-12-31T23:00:00Z
20,603,Dekanovec,76,79,155,5,1,6,4,4,8,0,0,0,7,2,9,0,0,0,0,0,0,92,86,178,2023-12-31T23:00:00Z
20,604,Gornji Mihaljevec,119,82,201,16,5,21,25,8,33,2,1,3,21,16,37,0,0,0,0,1,1,183,113,296,2023-12-31T23:00:00Z
20,605,Orehovica,198,164,362,16,3,19,25,7,32,1,2,3,39,20,59,0,0,0,0,2,2,279,198,477,2023-12-31T23:00:00Z
20,606,Strahoninec,273,154,427,15,7,22,3,2,5,0,0,0,33,15,48,0,0,0,1,1,2,325,179,504,2023-12-31T23:00:00Z
20,607,Sveta Marija,74,79,153,11,2,13,5,0,5,2,1,3,20,6,26,0,0,0,0,1,1,112,89,201,2023-12-31T23:00:00Z
20,608,Šenkovec,546,281,827,22,10,32,2,1,3,0,1,1,25,19,44,0,0,0,0,0,0,595,312,907,2023-12-31T23:00:00Z
20,620,Pribislavec,300,155,455,10,8,18,2,1,3,2,1,3,9,11,20,0,0,0,0,0,0,323,176,499,2023-12-31T23:00:00Z
20,75,Domašinec,246,113,359,7,8,15,20,16,36,0,1,1,15,4,19,0,0,0,1,0,1,289,142,431,2023-12-31T23:00:00Z
20,78,Donja Dubrava,192,238,430,17,6,23,4,3,7,0,1,1,13,16,29,0,0,0,0,0,0,226,264,490,2023-12-31T23:00:00Z
20,82,Donji Kraljevec,1403,658,2061,42,14,56,53,21,74,3,4,7,90,117,207,0,0,0,2,6,8,1593,820,2413,2023-12-31T23:00:00Z
20,89,Donji Vidovec,58,76,134,6,1,7,2,0,2,1,1,2,4,15,19,0,0,0,0,0,0,71,93,164,2023-12-31T23:00:00Z
21,133,Zagreb,239769,216534,456303,8727,6490,15217,284,162,446,2190,2084,4274,5385,6885,12270,52,30,82,334,516,850,256741,232701,489442,2023-12-31T23:00:00Z
01,101,Dugo Selo,3261,2114,5375,258,131,389,29,21,50,26,27,53,263,254,517,0,0,0,9,16,25,3846,2563,6409,2024-01-31T23:00:00Z
01,114,Farkaševac,145,211,356,8,3,11,22,10,32,0,2,2,36,17,53,0,0,0,0,0,0,211,243,454,2024-01-31T23:00:00Z
01,135,Gradec,152,135,287,14,1,15,9,7,16,0,1,1,52,20,72,0,0,0,0,1,1,227,165,392,2024-01-31T23:00:00Z
01,158,Ivanić-Grad,3381,1819,5200,92,74,166,44,27,71,11,18,29,138,180,318,1,0,1,5,12,17,3672,2130,5802,2024-01-31T23:00:00Z
01,163,Jakovlje,397,394,791,36,7,43,10,8,18,2,0,2,41,32,73,0,0,0,0,0,0,486,441,927,2024-01-31T23:00:00Z
01,169,Jastrebarsko,2398,1782,4180,230,123,353,45,30,75,18,21,39,270,223,493,0,0,0,7,4,11,2968,2183,5151,2024-01-31T23:00:00Z
01,190,Klinča Selo,220,202,422,43,15,58,7,5,12,0,0,0,61,48,109,0,0,0,1,0,1,332,270,602,2024-01-31T23:00:00Z
01,193,Kloštar Ivanić,414,342,756,24,12,36,22,5,27,3,10,13,43,34,77,1,0,1,3,1,4,510,404,914,2024-01-31T23:00:00Z
01,213,Križ,786,494,1280,27,19,46,15,11,26,7,4,11,27,45,72,0,0,0,1,2,3,863,575,1438,2024-01-31T23:00:00Z
01,33,Brckovljani,420,442,862,7,4,11,0,1,1,2,2,4,31,15,46,0,0,0,0,0,0,460,464,924,2024-01-31T23:00:00Z
01,331,Pisarovina,384,292,676,27,24,51,16,20,36,2,1,3,27,33,60,0,0,0,0,3,3,456,373,829,2024-01-31T23:00:00Z
01,34,Brdovec,892,798,1690,95,48,143,18,7,25,1,5,6,97,63,160,0,0,0,5,5,10,1108,926,2034,2024-01-31T23:00:00Z
01,356,Preseka,23,10,33,5,2,7,12,10,22,0,0,0,15,6,21,0,0,0,1,0,1,56,28,84,2024-01-31T23:00:00Z
01,362,Pušča,164,194,358,26,13,39,7,2,9,2,3,5,39,24,63,0,0,0,0,0,0,238,236,474,2024-01-31T23:00:00Z
01,376,Rugvica,1526,622,2148,11,6,17,2,3,5,1,2,3,16,15,31,0,0,0,0,0,0,1556,648,2204,2024-01-31T23:00:00Z
01,380,Samobor,5751,4212,9963,542,341,883,25,15,40,49,66,115,489,479,968,3,4,7,34,31,65,6893,5148,12041,2024-01-31T23:00:00Z
01,429,Sveti Ivan Zelina,2736,2074,4810,180,79,259,58,45,103,14,19,33,251,204,455,0,0,0,8,6,14,3247,2427,5674,2024-01-31T23:00:00Z
01,436,Sveta Nedjelja,6379,3625,10004,235,107,342,6,4,10,11,10,21,353,192,545,0,0,0,7,8,15,6991,3946,10937,2024-01-31T23:00:00Z
01,508,Vrbovec,2137,2051,4188,177,86,263,96,34,130,6,16,22,297,173,470,0,0,0,7,11,18,2720,2371,5091,2024-01-31T23:00:00Z
01,533,Krašić,272,200,472,26,11,37,13,10,23,2,1,3,30,19,49,0,0,0,0,0,0,343,241,584,2024-01-31T23:00:00Z
01,536,Rakovec,40,26,66,9,2,11,6,3,9,0,1,1,24,13,37,0,0,0,0,0,0,79,45,124,2024-01-31T23:00:00Z
01,539,Marija Gorica,89,108,197,14,2,16,0,0,0,1,1,2,23,14,37,0,0,0,0,0,0,127,125,252,2024-01-31T23:00:00Z
01,540,Žumberak,18,20,38,6,1,7,4,2,6,0,0,0,4,7,11,0,0,0,0,0,0,32,30,62,2024-01-31T23:00:00Z
01,541,Velika Gorica,9125,6913,16038,688,430,1118,69,35,104,49,58,107,598,526,1124,2,0,2,20,24,44,10551,7986,18537,2024-01-31T23:00:00Z
01,542,Orle,48,37,85,17,1,18,9,2,11,0,0,0,21,2,23,0,0,0,0,0,0,95,42,137,2024-01-31T23:00:00Z
01,543,Zaprešić,3492,3029,6521,241,178,419,13,10,23,34,42,76,278,246,524,0,0,0,11,9,20,4069,3514,7583,2024-01-31T23:00:00Z
01,544,Pokupsko,43,61,104,12,7,19,12,5,17,0,1,1,7,5,12,0,0,0,1,0,1,75,79,154,2024-01-31T23:00:00Z
01,545,Kravarsko,112,84,196,42,12,54,3,4,7,0,2,2,82,16,98,0,0,0,0,1,1,239,119,358,2024-01-31T23:00:00Z
01,547,Bistra,448,574,1022,55,23,78,9,5,14,3,6,9,51,47,98,0,0,0,0,2,2,566,657,1223,2024-01-31T23:00:00Z
01,548,Luka,322,171,493,14,2,16,2,1,3,1,1,2,19,21,40,0,0,0,0,0,0,358,196,554,2024-01-31T23:00:00Z
01,549,Dubravica,59,45,104,16,0,16,12,3,15,0,0,0,13,14,27,0,0,0,0,0,0,100,62,162,2024-01-31T23:00:00Z
01,550,Bedenica,216,164,380,12,4,16,4,4,8,1,1,2,15,6,21,0,0,0,0,0,0,248,179,427,2024-01-31T23:00:00Z
01,551,Stupnik,1652,670,2322,29,17,46,1,1,2,1,3,4,20,32,52,0,0,0,1,0,1,1704,723,2427,2024-01-31T23:00:00Z
01,97,Dubrava,312,337,649,49,24,73,68,39,107,2,11,13,58,80,138,0,0,0,4,5,9,493,496,989,2024-01-31T23:00:00Z
02,108,Đurmanec,155,203,358,56,19,75,1,2,3,3,2,5,106,35,141,0,0,0,1,1,2,322,262,584,2024-01-31T23:00:00Z
02,11,Bedekovčina,559,757,1316,96,41,137,8,4,12,9,8,17,132,112,244,0,0,0,4,4,8,808,926,1734,2024-01-31T23:00:00Z
02,125,Gornja Stubica,245,298,543,59,16,75,7,8,15,2,1,3,82,49,131,0,0,0,0,0,0,395,372,767,2024-01-31T23:00:00Z
02,146,Hraščina,53,36,89,10,2,12,2,2,4,0,1,1,7,7,14,0,0,0,0,0,0,72,48,120,2024-01-31T23:00:00Z
02,152,Hum Na Sutli,1491,642,2133,50,27,77,4,0,4,1,6,7,255,65,320,0,0,0,0,1,1,1801,741,2542,2024-01-31T23:00:00Z
02,187,Klanjec,290,260,550,59,29,88,10,7,17,4,1,5,64,52,116,0,0,0,1,1,2,428,350,778,2024-01-31T23:00:00Z
02,200,Konjščina,447,424,871,31,21,52,2,2,4,2,2,4,37,33,70,0,0,0,0,1,1,519,483,1002,2024-01-31T23:00:00Z
02,208,Kraljevec Na Sutli,81,49,130,14,4,18,3,1,4,0,0,0,22,5,27,0,0,0,0,1,1,120,60,180,2024-01-31T23:00:00Z
02,211,Krapina,3044,2404,5448,181,104,285,9,2,11,13,15,28,191,162,353,0,0,0,4,4,8,3442,2691,6133,2024-01-31T23:00:00Z
02,212,Krapinske Toplice,634,1296,1930,70,38,108,7,4,11,0,4,4,105,80,185,0,1,1,1,0,1,817,1423,2240,2024-01-31T23:00:00Z
02,236,Lobor,166,252,418,25,8,33,4,3,7,0,1,1,36,18,54,0,0,0,1,1,2,232,283,515,2024-01-31T23:00:00Z
02,248,Mače,105,82,187,27,9,36,3,4,7,1,0,1,82,37,119,0,0,0,0,0,0,218,132,350,2024-01-31T23:00:00Z
02,256,Marija Bistrica,351,393,744,71,42,113,11,5,16,0,6,6,81,76,157,0,0,0,2,3,5,516,525,1041,2024-01-31T23:00:00Z
02,265,Mihovljan,121,133,254,31,8,39,3,1,4,0,0,0,81,20,101,0,0,0,1,1,2,237,163,400,2024-01-31T23:00:00Z
02,311,Oroslavje,1037,813,1850,77,39,116,8,3,11,6,7,13,90,63,153,0,0,0,5,2,7,1223,927,2150,2024-01-31T23:00:00Z
02,329,Petrovsko,115,52,167,17,3,20,1,0,1,5,0,5,59,14,73,0,0,0,1,0,1,198,69,267,2024-01-31T23:00:00Z
02,352,Pregrada,823,935,1758,107,36,143,1,5,6,6,6,12,167,103,270,0,0,0,0,0,0,1104,1085,2189,2024-01-31T23:00:00Z
02,364,Radoboj,194,112,306,16,14,30,1,0,1,0,2,2,48,18,66,0,0,0,0,0,0,259,146,405,2024-01-31T23:00:00Z
02,41,Budinščina,199,176,375,18,6,24,5,1,6,2,2,4,22,12,34,0,0,0,2,2,4,248,199,447,2024-01-31T23:00:00Z
02,422,Stubičke Toplice,249,449,698,33,15,48,1,4,5,3,5,8,51,32,83,0,0,0,2,0,2,339,505,844,2024-01-31T23:00:00Z
02,430,Sveti Križ Začretje,705,691,1396,77,25,102,8,6,14,1,5,6,139,93,232,1,0,1,3,1,4,934,821,1755,2024-01-31T23:00:00Z
02,466,Tuhelj,149,236,385,21,11,32,4,0,4,1,2,3,63,45,108,0,0,0,0,0,0,238,294,532,2024-01-31T23:00:00Z
02,481,Veliko Trgovišće,648,467,1115,54,17,71,3,3,6,2,5,7,106,48,154,0,0,0,1,1,2,814,541,1355,2024-01-31T23:00:00Z
02,519,Zabok,2885,3074,5959,148,89,237,7,3,10,14,16,30,147,201,348,0,0,0,1,2,3,3202,3385,6587,2024-01-31T23:00:00Z
02,521,Zagorska Sela,8,53,61,5,0,5,5,2,7,0,1,1,15,4,19,0,0,0,0,0,0,33,60,93,2024-01-31T23:00:00Z
02,526,Zlatar,542,672,1214,108,60,168,27,13,40,6,7,13,125,75,200,0,0,0,4,6,10,812,833,1645,2024-01-31T23:00:00Z
02,527,Zlatar Bistrica,239,318,557,26,7,33,3,1,4,5,0,5,66,43,109,0,0,0,1,1,2,340,370,710,2024-01-31T23:00:00Z
02,552,Jesenje,90,88,178,8,2,10,0,0,0,0,0,0,41,8,49,0,0,0,0,0,0,139,98,237,2024-01-31T23:00:00Z
02,553,Kumrovec,81,94,175,17,6,23,2,0,2,4,1,5,21,12,33,0,0,0,0,0,0,125,113,238,2024-01-31T23:00:00Z
02,554,Novi Golubovec,139,64,203,2,2,4,1,0,1,0,0,0,3,0,3,0,0,0,0,0,0,145,66,211,2024-01-31T23:00:00Z
02,70,Desinić,128,275,403,31,10,41,11,2,13,3,3,6,53,34,87,0,0,0,0,1,1,226,325,551,2024-01-31T23:00:00Z
02,79,Donja Stubica,879,750,1629,100,51,151,6,5,11,5,3,8,80,51,131,0,1,1,1,2,3,1071,863,1934,2024-01-31T23:00:00Z
03,102,Dvor,333,146,479,22,6,28,61,21,82,0,2,2,20,11,31,0,0,0,0,3,3,436,189,625,2024-01-31T23:00:00Z
03,121,Glina,1186,647,1833,43,22,65,64,24,88,5,9,14,69,73,142,0,0,0,1,1,2,1368,776,2144,2024-01-31T23:00:00Z
03,149,Hrvatska Dubica,73,73,146,9,2,11,13,5,18,0,0,0,13,5,18,0,0,0,0,1,1,108,86,194,2024-01-31T23:00:00Z
03,150,Hrvatska Kostajnica,258,259,517,26,11,37,10,2,12,3,3,6,24,27,51,0,0,0,1,2,3,322,304,626,2024-01-31T23:00:00Z
03,168,Jasenovac,143,111,254,13,8,21,14,4,18,0,0,0,18,16,34,0,0,0,0,2,2,188,141,329,2024-01-31T23:00:00Z
03,220,Kutina,3361,2778,6139,189,118,307,42,20,62,37,23,60,238,276,514,1,0,1,14,12,26,3882,3227,7109,2024-01-31T23:00:00Z
03,228,Lekenik,417,295,712,50,14,64,10,8,18,1,2,3,73,28,101,0,0,0,2,0,2,553,347,900,2024-01-31T23:00:00Z
03,232,Lipovljani,250,249,499,31,7,38,10,2,12,1,1,2,40,45,85,0,0,0,0,4,4,332,308,640,2024-01-31T23:00:00Z
03,259,Martinska Ves,135,64,199,10,1,11,29,12,41,3,1,4,67,17,84,0,0,0,0,0,0,244,95,339,2024-01-31T23:00:00Z
03,293,Novska,1287,1089,2376,186,101,287,33,13,46,5,15,20,263,216,479,0,0,0,2,7,9,1776,1441,3217,2024-01-31T23:00:00Z
03,328,Petrinja,1945,1785,3730,293,105,398,73,29,102,10,26,36,390,291,681,0,0,0,6,4,10,2717,2240,4957,2024-01-31T23:00:00Z
03,347,Popovača,888,1129,2017,91,47,138,47,16,63,6,9,15,106,128,234,0,0,0,3,1,4,1141,1330,2471,2024-01-31T23:00:00Z
03,391,Sisak,7209,8188,15397,395,253,648,100,51,151,41,74,115,605,562,1167,1,0,1,15,14,29,8366,9142,17508,2024-01-31T23:00:00Z
03,426,Sunja,199,170,369,29,9,38,50,28,78,1,1,2,20,18,38,0,0,0,2,1,3,301,227,528,2024-01-31T23:00:00Z
03,457,Topusko,234,331,565,15,10,25,4,2,6,3,1,4,31,21,52,0,0,0,5,0,5,292,365,657,2024-01-31T23:00:00Z
03,477,Velika Ludina,130,165,295,13,8,21,13,3,16,0,0,0,17,21,38,0,0,0,0,0,0,173,197,370,2024-01-31T23:00:00Z
03,510,Gvozd,110,90,200,12,6,18,16,3,19,0,1,1,16,16,32,0,0,0,1,0,1,155,116,271,2024-01-31T23:00:00Z
03,555,Majur,115,36,151,1,1,2,3,0,3,0,0,0,4,1,5,0,0,0,3,0,3,126,38,164,2024-01-31T23:00:00Z
03,83,Donji Kukuruzari,37,42,79,6,0,6,6,4,10,0,0,0,1,3,4,0,0,0,1,0,1,51,49,100,2024-01-31T23:00:00Z
04,120,Generalski Stol,45,63,108,19,7,26,1,0,1,0,1,1,31,13,44,0,0,0,0,0,0,96,84,180,2024-01-31T23:00:00Z
04,172,Josipdol,182,160,342,30,17,47,1,7,8,2,1,3,46,49,95,0,0,0,0,0,0,261,234,495,2024-01-31T23:00:00Z
04,179,Karlovac,10852,9295,20147,422,327,749,75,54,129,65,80,145,612,790,1402,1,1,2,17,26,43,12044,10573,22617,2024-01-31T23:00:00Z
04,216,Krnjak,120,71,191,5,2,7,6,4,10,0,0,0,12,5,17,0,0,0,0,0,0,143,82,225,2024-01-31T23:00:00Z
04,225,Lasinja,38,40,78,5,2,7,0,5,5,2,0,2,7,8,15,0,0,0,0,0,0,52,55,107,2024-01-31T23:00:00Z
04,281,Netretić,118,111,229,17,3,20,3,1,4,1,1,2,40,32,72,0,0,0,1,0,1,180,148,328,2024-01-31T23:00:00Z
04,297,Ogulin,1844,1845,3689,161,97,258,41,21,62,9,29,38,163,179,342,0,0,0,3,7,10,2221,2178,4399,2024-01-31T23:00:00Z
04,30,Bosiljevo,106,74,180,6,0,6,1,0,1,1,1,2,32,38,70,0,0,0,0,0,0,146,113,259,2024-01-31T23:00:00Z
04,315,Ozalj,799,656,1455,90,32,122,22,12,34,3,9,12,130,87,217,0,1,1,2,4,6,1046,801,1847,2024-01-31T23:00:00Z
04,333,Plaški,106,73,179,12,3,15,7,0,7,0,1,1,40,29,69,0,0,0,0,0,0,165,106,271,2024-01-31T23:00:00Z
04,365,Rakovica,174,196,370,8,7,15,2,1,3,1,0,1,59,56,115,0,0,0,6,11,17,250,271,521,2024-01-31T23:00:00Z
04,378,Saborsko,13,20,33,1,0,1,1,0,1,0,0,0,1,3,4,0,0,0,0,0,0,16,23,39,2024-01-31T23:00:00Z
04,400,Slunj,350,398,748,59,21,80,40,22,62,4,5,9,123,90,213,0,0,0,10,20,30,586,556,1142,2024-01-31T23:00:00Z
04,49,Cetingrad,61,66,127,7,2,9,2,3,5,0,0,0,8,5,13,0,0,0,1,0,1,79,76,155,2024-01-31T23:00:00Z
04,503,Vojnić,347,257,604,23,10,33,38,13,51,1,0,1,25,34,59,0,0,0,4,0,4,438,314,752,2024-01-31T23:00:00Z
04,530,Žakanje,166,101,267,27,12,39,3,2,5,0,0,0,29,26,55,0,0,0,0,1,1,225,142,367,2024-01-31T23:00:00Z
04,556,Ribnik,13,7,20,9,3,12,2,1,3,0,0,0,5,8,13,0,0,0,0,0,0,29,19,48,2024-01-31T23:00:00Z
04,557,Tounj,70,26,96,6,1,7,1,0,1,0,0,0,3,10,13,0,0,0,0,0,0,80,37,117,2024-01-31T23:00:00Z
04,623,Kamanje,161,85,246,6,1,7,0,0,0,0,0,0,6,5,11,0,0,0,0,0,0,173,91,264,2024-01-31T23:00:00Z
04,7,Barilovići,328,173,501,22,10,32,5,0,5,0,1,1,121,31,152,0,0,0,0,0,0,476,215,691,2024-01-31T23:00:00Z
04,90,Draganić,183,225,408,15,3,18,7,2,9,0,1,1,12,17,29,0,0,0,1,0,1,218,248,466,2024-01-31T23:00:00Z
04,99,Duga Resa,1308,1086,2394,136,81,217,17,20,37,5,20,25,171,189,360,0,0,0,11,13,24,1648,1409,3057,2024-01-31T23:00:00Z
05,12,Bednja,224,174,398,18,6,24,3,3,6,1,2,3,27,13,40,0,0,0,0,1,1,273,199,472,2024-01-31T23:00:00Z
05,129,Gornji Kneginec,691,1058,1749,62,38,100,9,3,12,3,8,11,57,61,118,0,0,0,4,7,11,826,1175,2001,2024-01-31T23:00:00Z
05,151,Breznički Hum,181,149,330,11,5,16,4,4,8,0,2,2,15,17,32,0,0,0,1,2,3,212,179,391,2024-01-31T23:00:00Z
05,156,Ivanec,2440,1924,4364,180,71,251,13,14,27,9,18,27,324,249,573,0,0,0,9,14,23,2975,2290,5265,2024-01-31T23:00:00Z
05,165,Jalžabet,776,1134,1910,21,4,25,11,6,17,0,3,3,48,33,81,0,0,0,1,3,4,857,1183,2040,2024-01-31T23:00:00Z
05,189,Klenovnik,205,63,268,7,4,11,0,0,0,0,0,0,21,29,50,0,0,0,2,0,2,235,96,331,2024-01-31T23:00:00Z
05,19,Beretinec,92,48,140,22,2,24,3,2,5,0,2,2,13,19,32,0,0,0,2,0,2,132,73,205,2024-01-31T23:00:00Z
05,229,Lepoglava,1415,680,2095,60,36,96,4,2,6,1,5,6,95,55,150,0,0,0,1,5,6,1576,783,2359,2024-01-31T23:00:00Z
05,244,Ludbreg,2081,1684,3765,133,63,196,61,35,96,8,15,23,225,174,399,0,0,0,2,4,6,2510,1975,4485,2024-01-31T23:00:00Z
05,247,Ljubešćica,390,174,564,22,8,30,0,0,0,0,3,3,71,20,91,0,0,0,1,0,1,484,205,689,2024-01-31T23:00:00Z
05,251,Mali Bukovec,41,94,135,11,5,16,23,16,39,0,1,1,97,32,129,0,0,0,0,1,1,172,149,321,2024-01-31T23:00:00Z
05,260,Maruševec,373,309,682,57,30,87,21,22,43,4,2,6,116,43,159,0,0,0,3,2,5,574,408,982,2024-01-31T23:00:00Z
05,289,Novi Marof,1326,1229,2555,164,78,242,13,11,24,8,16,24,336,196,532,0,0,0,4,12,16,1851,1542,3393,2024-01-31T23:00:00Z
05,326,Petrijanec,488,790,1278,25,10,35,11,7,18,1,3,4,95,76,171,0,0,0,1,1,2,621,887,1508,2024-01-31T23:00:00Z
05,36,Breznica,172,76,248,17,3,20,6,5,11,1,6,7,43,15,58,0,0,0,0,0,0,239,105,344,2024-01-31T23:00:00Z
05,410,Sračinec,274,281,555,39,18,57,1,1,2,1,6,7,100,68,168,0,0,0,0,2,2,415,376,791,2024-01-31T23:00:00Z
05,437,Sveti Đurđ,71,108,179,35,6,41,24,7,31,2,1,3,28,31,59,0,0,0,0,0,0,160,153,313,2024-01-31T23:00:00Z
05,438,Sveti Ilija,202,201,403,17,8,25,1,0,1,0,4,4,36,33,69,0,0,0,0,0,0,256,246,502,2024-01-31T23:00:00Z
05,462,Trnovec Bartolovečki,1398,1327,2725,74,21,95,16,6,22,3,2,5,294,94,388,1,0,1,1,3,4,1787,1453,3240,2024-01-31T23:00:00Z
05,472,Varaždin,17414,14888,32302,567,449,1016,46,29,75,82,109,191,507,648,1155,1,0,1,15,22,37,18632,16145,34777,2024-01-31T23:00:00Z
05,473,Varaždinske Toplice,633,673,1306,47,25,72,9,4,13,5,6,11,149,48,197,0,0,0,1,1,2,844,757,1601,2024-01-31T23:00:00Z
05,48,Cestica,416,393,809,59,27,86,16,13,29,1,5,6,108,79,187,0,0,0,2,2,4,602,519,1121,2024-01-31T23:00:00Z
05,484,Vidovec,312,291,603,47,15,62,51,25,76,2,5,7,119,86,205,0,0,0,0,0,0,531,422,953,2024-01-31T23:00:00Z
05,486,Vinica,373,244,617,17,10,27,5,4,9,1,5,6,29,23,52,0,0,0,0,1,1,425,287,712,2024-01-31T23:00:00Z
05,493,Visoko,106,60,166,16,1,17,5,4,9,0,0,0,27,23,50,0,0,0,3,1,4,157,89,246,2024-01-31T23:00:00Z
05,558,Veliki Bukovec,392,245,637,5,2,7,18,9,27,0,1,1,34,38,72,0,0,0,0,0,0,449,295,744,2024-01-31T23:00:00Z
05,80,Donja Voća,82,61,143,5,1,6,5,6,11,0,1,1,26,21,47,0,0,0,0,1,1,118,91,209,2024-01-31T23:00:00Z
05,85,Donji Martijanec,347,177,524,27,7,34,18,3,21,1,1,2,47,32,79,0,0,0,0,0,0,440,220,660,2024-01-31T23:00:00Z
06,104,Đelekovec,42,58,100,29,13,42,39,8,47,0,1,1,19,14,33,0,0,0,0,0,0,129,94,223,2024-01-31T23:00:00Z
06,107,Đurđevac,1418,1203,2621,83,47,130,67,35,102,13,12,25,79,76,155,0,0,0,11,7,18,1671,1380,3051,2024-01-31T23:00:00Z
06,115,Ferdinandovac,30,98,128,14,2,16,37,31,68,1,1,2,12,7,19,0,0,0,9,0,9,103,139,242,2024-01-31T23:00:00Z
06,122,Gola,182,177,359,10,5,15,79,39,118,0,3,3,10,26,36,0,0,0,1,0,1,282,250,532,2024-01-31T23:00:00Z
06,145,Hlebine,12,34,46,3,0,3,14,4,18,1,0,1,0,14,14,0,0,0,0,1,1,30,53,83,2024-01-31T23:00:00Z
06,194,Kloštar Podravski,177,150,327,17,15,32,33,30,63,0,1,1,27,49,76,0,0,0,2,5,7,256,250,506,2024-01-31T23:00:00Z
06,201,Koprivnica,7106,7643,14749,366,220,586,56,31,87,58,63,121,395,442,837,0,2,2,8,16,24,7989,8417,16406,2024-01-31T23:00:00Z
06,202,Koprivnički Bregi,66,88,154,20,5,25,23,7,30,0,0,0,39,8,47,0,0,0,0,0,0,148,108,256,2024-01-31T23:00:00Z
06,203,Koprivnički Ivanec,68,55,123,23,5,28,26,8,34,0,0,0,19,8,27,0,0,0,0,0,0,136,76,212,2024-01-31T23:00:00Z
06,214,Križevci,4043,3902,7945,201,113,314,198,163,361,16,29,45,256,223,479,1,0,1,9,14,23,4724,4444,9168,2024-01-31T23:00:00Z
06,227,Legrad,66,78,144,18,5,23,17,5,22,1,1,2,23,19,42,0,0,0,0,0,0,125,108,233,2024-01-31T23:00:00Z
06,270,Molve,226,112,338,6,9,15,51,28,79,0,1,1,29,16,45,0,0,0,2,2,4,314,168,482,2024-01-31T23:00:00Z
06,292,Novigrad Podravski,87,142,229,11,4,15,14,11,25,0,2,2,15,15,30,0,0,0,0,0,0,127,174,301,2024-01-31T23:00:00Z
06,324,Peteranec,75,52,127,22,3,25,20,11,31,1,1,2,25,12,37,0,0,0,0,1,1,143,80,223,2024-01-31T23:00:00Z
06,366,Rasinja,56,76,132,24,3,27,52,19,71,2,0,2,19,20,39,0,0,0,1,0,1,154,118,272,2024-01-31T23:00:00Z
06,405,Sokolovac,163,85,248,17,4,21,45,11,56,7,4,11,16,7,23,0,0,0,0,0,0,248,111,359,2024-01-31T23:00:00Z
06,439,Sveti Ivan Žabno,306,225,531,42,16,58,90,55,145,1,2,3,49,62,111,0,0,0,0,2,2,488,362,850,2024-01-31T23:00:00Z
06,442,Sveti Petar Orehovec,137,133,270,34,9,43,126,106,232,0,2,2,46,31,77,0,0,0,2,0,2,345,281,626,2024-01-31T23:00:00Z
06,490,Virje,360,221,581,31,13,44,33,17,50,4,1,5,29,37,66,0,0,0,3,0,3,460,289,749,2024-01-31T23:00:00Z
06,559,Kalinovac,424,103,527,8,1,9,6,3,9,0,0,0,11,7,18,0,0,0,2,0,2,451,114,565,2024-01-31T23:00:00Z
06,560,Kalnik,45,54,99,2,3,5,16,19,35,0,1,1,8,2,10,0,0,0,0,0,0,71,79,150,2024-01-31T23:00:00Z
06,561,Novo Virje,43,39,82,2,0,2,37,29,66,0,0,0,20,7,27,0,0,0,0,0,0,102,75,177,2024-01-31T23:00:00Z
06,616,Podravske Sesvete,113,119,232,4,5,9,26,14,40,1,0,1,7,8,15,0,0,0,0,0,0,151,146,297,2024-01-31T23:00:00Z
06,618,Gornja Reka,110,107,217,7,3,10,8,4,12,0,0,0,7,5,12,0,0,0,0,0,0,132,119,251,2024-01-31T23:00:00Z
06,96,Drnje,120,111,231,12,4,16,15,10,25,0,2,2,10,10,20,0,0,0,0,0,0,157,137,294,2024-01-31T23:00:00Z
07,105,Đulovac,276,77,353,8,7,15,31,18,49,2,0,2,123,34,157,0,0,0,0,0,0,440,136,576,2024-01-31T23:00:00Z
07,119,Garešnica,1175,1056,2231,63,31,94,57,35,92,16,18,34,111,135,246,1,0,1,5,8,13,1428,1283,2711,2024-01-31T23:00:00Z
07,139,Grubišno Polje,626,591,1217,35,26,61,96,36,132,3,6,9,53,60,113,0,0,0,0,2,2,813,721,1534,2024-01-31T23:00:00Z
07,144,Hercegovac,145,156,301,21,4,25,43,14,57,1,2,3,41,32,73,0,0,0,2,0,2,253,208,461,2024-01-31T23:00:00Z
07,161,Ivanska,194,121,315,3,2,5,46,12,58,3,3,6,37,22,59,0,0,0,4,2,6,287,162,449,2024-01-31T23:00:00Z
07,176,Kapela,122,96,218,7,1,8,41,24,65,0,0,0,22,13,35,0,0,0,1,0,1,193,134,327,2024-01-31T23:00:00Z
07,18,Berek,35,47,82,6,2,8,22,11,33,0,0,0,10,8,18,0,0,0,0,0,0,73,68,141,2024-01-31T23:00:00Z
07,199,Končanica,142,71,213,10,2,12,25,16,41,0,0,0,9,13,22,0,0,0,1,3,4,187,105,292,2024-01-31T23:00:00Z
07,24,Bjelovar,7324,7015,14339,318,198,516,183,91,274,51,59,110,408,520,928,2,0,2,21,19,40,8307,7902,16209,2024-01-31T23:00:00Z
07,287,Nova Rača,96,114,210,12,2,14,67,30,97,0,2,2,28,12,40,0,0,0,0,1,1,203,161,364,2024-01-31T23:00:00Z
07,375,Rovišće,233,227,460,28,12,40,45,32,77,1,3,4,27,39,66,0,0,0,0,1,1,334,314,648,2024-01-31T23:00:00Z
07,390,Sirač,364,174,538,11,4,15,11,5,16,1,1,2,17,10,27,0,0,0,0,3,3,404,197,601,2024-01-31T23:00:00Z
07,450,Štefanje,56,60,116,9,4,13,32,13,45,0,2,2,34,24,58,0,0,0,0,0,0,131,103,234,2024-01-31T23:00:00Z
07,478,Velika Pisanica,73,79,152,5,2,7,28,14,42,1,0,1,9,6,15,0,0,0,1,2,3,117,103,220,2024-01-31T23:00:00Z
07,480,Veliki Grđevac,152,136,288,11,5,16,75,27,102,1,2,3,69,28,97,0,0,0,0,0,0,308,198,506,2024-01-31T23:00:00Z
07,483,Veliko Trojstvo,90,130,220,12,4,16,9,17,26,0,0,0,38,19,57,0,0,0,1,0,1,150,170,320,2024-01-31T23:00:00Z
07,562,Severin,52,28,80,1,1,2,17,13,30,0,0,0,19,47,66,0,0,0,0,0,0,89,89,178,2024-01-31T23:00:00Z
07,564,Šandrovac,28,43,71,4,0,4,13,6,19,0,0,0,16,5,21,0,0,0,0,3,3,61,57,118,2024-01-31T23:00:00Z
07,565,Velika Trnovitica,57,65,122,8,2,10,29,18,47,1,0,1,18,11,29,0,0,0,0,1,1,113,97,210,2024-01-31T23:00:00Z
07,566,Zrinski Topolovac,20,17,37,4,0,4,26,13,39,0,0,0,4,2,6,0,0,0,0,1,1,54,33,87,2024-01-31T23:00:00Z
07,63,Čazma,1141,809,1950,58,24,82,51,36,87,6,11,17,139,66,205,0,0,0,2,1,3,1397,947,2344,2024-01-31T23:00:00Z
07,67,Daruvar,1514,1859,3373,77,59,136,43,19,62,15,16,31,137,165,302,0,0,0,3,9,12,1789,2127,3916,2024-01-31T23:00:00Z
07,71,Dežanovac,137,84,221,9,2,11,62,29,91,0,0,0,33,17,50,0,0,0,1,3,4,242,135,377,2024-01-31T23:00:00Z
08,117,Fužine,284,198,482,20,12,32,0,1,1,3,1,4,23,22,45,0,0,0,3,0,3,333,234,567,2024-01-31T23:00:00Z
08,170,Jelenje,271,277,548,97,50,147,6,0,6,34,8,42,47,36,83,0,0,0,3,3,6,458,374,832,2024-01-31T23:00:00Z
08,180,Kastav,1212,921,2133,137,77,214,4,2,6,53,10,63,105,78,183,2,1,3,8,5,13,1521,1094,2615,2024-01-31T23:00:00Z
08,186,Klana,346,171,517,23,12,35,1,1,2,6,2,8,16,6,22,0,0,0,1,0,1,393,192,585,2024-01-31T23:00:00Z
08,209,Kraljevica,396,317,713,45,26,71,2,2,4,38,4,42,20,40,60,1,0,1,2,8,10,504,397,901,2024-01-31T23:00:00Z
08,215,Krk,1871,1280,3151,269,122,391,13,10,23,27,18,45,269,179,448,0,0,0,40,37,77,2489,1646,4135,2024-01-31T23:00:00Z
08,237,Lokve,110,90,200,12,7,19,0,1,1,0,2,2,7,13,20,0,0,0,0,0,0,129,113,242,2024-01-31T23:00:00Z
08,242,Lovran,466,604,1070,113,37,150,1,2,3,17,7,24,40,60,100,0,0,0,2,6,8,639,716,1355,2024-01-31T23:00:00Z
08,252,Mali Lošinj,1394,1380,2774,224,86,310,22,8,30,38,18,56,172,137,309,0,0,0,26,42,68,1876,1671,3547,2024-01-31T23:00:00Z
08,253,Malinska-Dubašnica,518,869,1387,144,77,221,6,10,16,7,5,12,141,131,272,0,0,0,12,21,33,828,1113,1941,2024-01-31T23:00:00Z
08,261,Matulji,1543,1147,2690,241,144,385,11,6,17,49,18,67,171,174,345,0,0,0,6,7,13,2021,1496,3517,2024-01-31T23:00:00Z
08,273,Mošćenička Draga,111,70,181,54,13,67,0,2,2,4,2,6,21,20,41,0,0,0,2,5,7,192,112,304,2024-01-31T23:00:00Z
08,275,Mrkopalj,76,53,129,9,5,14,2,0,2,2,0,2,10,9,19,0,0,0,0,0,0,99,67,166,2024-01-31T23:00:00Z
08,290,Novi Vinodolski,608,443,1051,113,43,156,10,5,15,10,4,14,98,68,166,0,0,0,2,8,10,841,571,1412,2024-01-31T23:00:00Z
08,301,Omišalj,625,406,1031,88,30,118,1,0,1,13,2,15,70,27,97,0,0,0,7,21,28,804,486,1290,2024-01-31T23:00:00Z
08,302,Opatija,2274,2766,5040,247,142,389,5,4,9,60,27,87,88,152,240,0,0,0,13,32,45,2687,3123,5810,2024-01-31T23:00:00Z
08,360,Punat,302,170,472,62,23,85,4,0,4,6,1,7,53,39,92,0,0,0,9,10,19,436,243,679,2024-01-31T23:00:00Z
08,363,Rab,880,1084,1964,301,87,388,8,5,13,16,13,29,206,142,348,0,0,0,76,87,163,1487,1418,2905,2024-01-31T23:00:00Z
08,369,Ravna Gora,292,286,578,30,12,42,2,0,2,3,1,4,37,16,53,0,0,0,1,2,3,365,317,682,2024-01-31T23:00:00Z
08,373,Rijeka,28596,29146,57742,1481,1195,2676,24,13,37,1088,339,1427,885,1258,2143,7,6,13,85,114,199,32166,32071,64237,2024-01-31T23:00:00Z
08,38,Brod Moravice,45,42,87,30,5,35,1,0,1,0,1,1,9,4,13,0,0,0,1,1,2,86,53,139,2024-01-31T23:00:00Z
08,393,Skrad,43,39,82,4,5,9,0,1,1,1,1,2,3,6,9,0,0,0,2,0,2,53,52,105,2024-01-31T23:00:00Z
08,4,Bakar,2220,1228,3448,75,41,116,4,0,4,69,10,79,72,72,144,0,0,0,3,10,13,2443,1361,3804,2024-01-31T23:00:00Z
08,488,Vinodolska Općina,208,162,370,64,25,89,2,0,2,8,1,9,34,13,47,0,0,0,1,3,4,317,204,521,2024-01-31T23:00:00Z
08,495,Viškovo,1859,1221,3080,240,127,367,5,4,9,62,19,81,157,148,305,1,0,1,15,11,26,2339,1530,3869,2024-01-31T23:00:00Z
08,507,Vrbnik,149,104,253,37,13,50,9,4,13,1,0,1,24,23,47,0,0,0,4,1,5,224,145,369,2024-01-31T23:00:00Z
08,509,Vrbovsko,365,313,678,63,22,85,2,5,7,1,4,5,76,40,116,1,0,1,1,2,3,509,386,895,2024-01-31T23:00:00Z
08,52,Cres,527,427,954,82,23,105,9,6,15,17,3,20,42,56,98,0,0,0,8,8,16,685,523,1208,2024-01-31T23:00:00Z
08,53,Crikvenica,1263,1645,2908,232,134,366,6,2,8,41,24,65,222,187,409,0,0,0,20,38,58,1784,2030,3814,2024-01-31T23:00:00Z
08,538,Kostrena,644,339,983,42,31,73,1,1,2,96,7,103,21,45,66,0,0,0,2,3,5,806,426,1232,2024-01-31T23:00:00Z
08,55,Čabar,347,287,634,54,17,71,8,3,11,4,0,4,136,47,183,0,0,0,1,3,4,550,357,907,2024-01-31T23:00:00Z
08,61,Čavle,692,562,1254,101,56,157,0,1,1,38,9,47,99,78,177,0,0,0,2,1,3,932,707,1639,2024-01-31T23:00:00Z
08,624,Lopar,81,38,119,22,7,29,0,1,1,1,0,1,21,14,35,0,0,0,6,4,10,131,64,195,2024-01-31T23:00:00Z
08,69,Delnice,1067,765,1832,75,51,126,5,2,7,9,12,21,84,82,166,0,0,0,3,10,13,1243,922,2165,2024-01-31T23:00:00Z
08,74,Dobrinj,142,104,246,55,26,81,2,2,4,1,0,1,77,42,119,0,0,0,5,7,12,282,181,463,2024-01-31T23:00:00Z
08,8,Baška,180,163,343,48,25,73,6,1,7,1,5,6,33,40,73,0,0,0,25,38,63,293,272,565,2024-01-31T23:00:00Z
09,130,Gospić,2251,2386,4637,109,69,178,96,50,146,12,10,22,138,170,308,0,0,0,26,8,34,2632,2693,5325,2024-01-31T23:00:00Z
09,178,Karlobag,84,98,182,14,4,18,4,2,6,3,0,3,9,5,14,0,0,0,2,0,2,116,109,225,2024-01-31T23:00:00Z
09,240,Lovinac,192,85,277,0,0,0,1,1,2,1,0,1,4,4,8,0,0,0,0,0,0,198,90,288,2024-01-31T23:00:00Z
09,288,Novalja,832,619,1451,126,35,161,28,13,41,3,7,10,181,71,252,0,0,0,35,34,69,1205,779,1984,2024-01-31T23:00:00Z
09,313,Otočac,816,918,1734,90,37,127,61,32,93,8,6,14,96,120,216,0,0,0,3,6,9,1074,1119,2193,2024-01-31T23:00:00Z
09,323,Perušić,341,255,596,27,12,39,30,18,48,0,1,1,28,22,50,0,0,0,5,6,11,431,314,745,2024-01-31T23:00:00Z
09,37,Brinje,398,221,619,23,8,31,8,6,14,0,0,0,10,18,28,0,0,0,5,4,9,444,257,701,2024-01-31T23:00:00Z
09,387,Senj,723,633,1356,98,43,141,5,5,10,18,9,27,93,91,184,0,0,0,3,8,11,940,789,1729,2024-01-31T23:00:00Z
09,455,Plitvička Jezera,709,744,1453,48,31,79,59,17,76,5,5,10,234,150,384,0,0,0,9,2,11,1064,949,2013,2024-01-31T23:00:00Z
09,467,Udbina,115,92,207,9,3,12,43,16,59,0,0,0,11,20,31,0,0,0,7,1,8,185,132,317,2024-01-31T23:00:00Z
09,512,Vrhovine,109,38,147,4,2,6,8,1,9,0,0,0,5,1,6,0,0,0,0,0,0,126,42,168,2024-01-31T23:00:00Z
09,84,Donji Lapac,111,70,181,6,3,9,27,6,33,0,0,0,11,6,17,0,0,0,4,2,6,159,87,246,2024-01-31T23:00:00Z
10,136,Gradina,76,105,181,16,12,28,112,44,156,2,0,2,41,27,68,0,0,0,1,1,2,248,189,437,2024-01-31T23:00:00Z
10,245,Lukač,200,133,333,12,6,18,48,15,63,1,0,1,42,32,74,0,0,0,1,1,2,304,187,491,2024-01-31T23:00:00Z
10,266,Mikleuš,71,50,121,10,1,11,16,4,20,0,0,0,12,11,23,0,0,0,0,0,0,109,66,175,2024-01-31T23:00:00Z
10,283,Nova Bukovica,42,33,75,9,6,15,35,9,44,1,0,1,25,18,43,0,0,0,0,0,0,112,66,178,2024-01-31T23:00:00Z
10,307,Orahovica,825,594,1419,78,37,115,9,3,12,12,10,22,103,114,217,0,0,0,11,3,14,1038,761,1799,2024-01-31T23:00:00Z
10,332,Pitomača,764,704,1468,90,52,142,152,84,236,2,7,9,186,152,338,0,0,0,3,16,19,1197,1015,2212,2024-01-31T23:00:00Z
10,395,Slatina,1538,1422,2960,160,82,242,128,39,167,11,20,31,177,244,421,0,0,0,6,7,13,2020,1814,3834,2024-01-31T23:00:00Z
10,407,Sopje,140,47,187,5,5,10,79,20,99,0,0,0,19,29,48,0,0,0,0,1,1,243,102,345,2024-01-31T23:00:00Z
10,424,Suhopolje,253,260,513,27,22,49,95,38,133,1,1,2,64,56,120,1,0,1,5,2,7,446,379,825,2024-01-31T23:00:00Z
10,449,Špišić Bukovica,148,154,302,28,9,37,134,51,185,2,2,4,46,53,99,0,0,0,0,0,0,358,269,627,2024-01-31T23:00:00Z
10,491,Virovitica,3896,4032,7928,189,116,305,91,29,120,29,22,51,364,359,723,1,0,1,10,6,16,4580,4564,9144,2024-01-31T23:00:00Z
10,499,Voćin,149,118,267,11,5,16,30,20,50,0,0,0,18,8,26,0,0,0,11,3,14,219,154,373,2024-01-31T23:00:00Z
10,524,Zdenci,230,113,343,11,3,14,16,7,23,0,2,2,11,12,23,0,0,0,0,2,2,268,139,407,2024-01-31T23:00:00Z
10,54,Crnac,24,26,50,16,4,20,21,8,29,0,1,1,16,11,27,0,0,0,0,0,0,77,50,127,2024-01-31T23:00:00Z
10,56,Čačinci,154,98,252,23,18,41,21,12,33,0,2,2,35,31,66,0,0,0,1,2,3,234,163,397,2024-01-31T23:00:00Z
10,57,Čađavica,106,79,185,12,11,23,63,20,83,0,0,0,43,27,70,0,0,0,0,0,0,224,137,361,2024-01-31T23:00:00Z
11,164,Jakšić,168,108,276,34,10,44,25,5,30,0,2,2,37,19,56,0,0,0,0,0,0,264,144,408,2024-01-31T23:00:00Z
11,177,Kaptol,104,92,196,16,2,18,22,3,25,0,1,1,47,9,56,0,0,0,0,1,1,189,108,297,2024-01-31T23:00:00Z
11,221,Kutjevo,537,461,998,63,25,88,62,28,90,1,1,2,69,72,141,0,0,0,1,4,5,733,591,1324,2024-01-31T23:00:00Z
11,231,Lipik,746,633,1379,41,16,57,27,19,46,2,4,6,58,57,115,0,0,0,2,0,2,876,729,1605,2024-01-31T23:00:00Z
11,318,Pakrac,692,1092,1784,88,39,127,50,17,67,12,7,19,174,92,266,0,0,0,1,5,6,1017,1252,2269,2024-01-31T23:00:00Z
11,334,Pleternica,532,506,1038,98,38,136,51,12,63,3,6,9,186,123,309,0,0,0,1,8,9,871,693,1564,2024-01-31T23:00:00Z
11,35,Brestovac,102,96,198,22,2,24,13,3,16,1,1,2,32,10,42,0,0,0,0,0,0,170,112,282,2024-01-31T23:00:00Z
11,351,Požega,5051,4521,9572,321,176,497,114,42,156,41,62,103,363,364,727,0,1,1,13,27,40,5903,5193,11096,2024-01-31T23:00:00Z
11,475,Velika,422,312,734,29,20,49,21,3,24,2,3,5,44,41,85,0,0,0,0,0,0,518,379,897,2024-01-31T23:00:00Z
11,58,Čaglin,104,170,274,10,1,11,15,4,19,0,1,1,13,12,25,0,0,0,0,0,0,142,188,330,2024-01-31T23:00:00Z
12,10,Bebrina,49,59,108,17,7,24,16,5,21,2,0,2,15,11,26,0,0,0,1,0,1,100,82,182,2024-01-31T23:00:00Z
12,118,Garčin,153,178,331,33,11,44,37,18,55,0,0,0,28,37,65,0,0,0,1,0,1,252,244,496,2024-01-31T23:00:00Z
12,127,Gornji Bogićevci,69,62,131,11,2,13,10,2,12,0,0,0,22,26,48,0,0,0,0,0,0,112,92,204,2024-01-31T23:00:00Z
12,140,Gundinci,83,49,132,16,5,21,52,24,76,0,0,0,19,9,28,0,0,0,0,0,0,170,87,257,2024-01-31T23:00:00Z
12,185,Klakar,116,74,190,11,7,18,21,5,26,0,1,1,13,22,35,0,0,0,0,0,0,161,109,270,2024-01-31T23:00:00Z
12,284,Nova Gradiška,2380,2237,4617,170,98,268,28,14,42,19,18,37,273,314,587,0,0,0,1,6,7,2871,2687,5558,2024-01-31T23:00:00Z
12,285,Nova Kapela,156,178,334,31,16,47,20,6,26,2,3,5,53,49,102,0,0,0,1,2,3,263,254,517,2024-01-31T23:00:00Z
12,299,Okučani,228,165,393,35,6,41,12,3,15,0,0,0,48,18,66,0,0,0,1,2,3,324,194,518,2024-01-31T23:00:00Z
12,303,Oprisavci,332,183,515,13,2,15,36,12,48,1,0,1,9,22,31,0,0,0,0,0,0,391,219,610,2024-01-31T23:00:00Z
12,309,Oriovac,298,306,604,48,22,70,22,14,36,2,3,5,59,54,113,0,0,0,2,4,6,431,403,834,2024-01-31T23:00:00Z
12,338,Podcrkavlje,39,40,79,17,2,19,7,2,9,0,1,1,14,6,20,0,0,0,0,2,2,77,53,130,2024-01-31T23:00:00Z
12,372,Rešetari,211,222,433,41,12,53,17,7,24,3,1,4,78,48,126,0,0,0,1,1,2,351,291,642,2024-01-31T23:00:00Z
12,388,Sibinj,198,223,421,72,21,93,19,2,21,0,0,0,66,43,109,0,0,0,2,4,6,357,293,650,2024-01-31T23:00:00Z
12,39,Brodski Stupnik,74,64,138,17,10,27,9,3,12,2,0,2,73,43,116,0,0,0,1,0,1,176,120,296,2024-01-31T23:00:00Z
12,396,Slavonski Brod,14750,9892,24642,674,376,1050,45,29,74,71,82,153,991,968,1959,0,0,0,17,24,41,16548,11371,27919,2024-01-31T23:00:00Z
12,397,Slavonski Šamac,83,55,138,12,3,15,16,9,25,0,1,1,24,8,32,0,0,0,1,0,1,136,76,212,2024-01-31T23:00:00Z
12,412,Stara Gradiška,168,96,264,7,5,12,6,4,10,0,0,0,19,7,26,0,0,0,0,0,0,200,112,312,2024-01-31T23:00:00Z
12,418,Staro Petrovo Selo,234,137,371,41,15,56,39,17,56,1,1,2,102,56,158,0,0,0,0,2,2,417,228,645,2024-01-31T23:00:00Z
12,46,Cernik,137,199,336,40,12,52,10,6,16,4,1,5,64,30,94,0,0,0,0,1,1,255,249,504,2024-01-31T23:00:00Z
12,476,Velika Kopanica,210,126,336,33,7,40,31,17,48,1,1,2,41,22,63,0,0,0,0,1,1,316,174,490,2024-01-31T23:00:00Z
12,506,Vrbje,39,26,65,9,2,11,21,2,23,0,0,0,19,19,38,0,0,0,0,1,1,88,50,138,2024-01-31T23:00:00Z
12,514,Vrpolje,209,111,320,28,5,33,46,17,63,0,2,2,22,20,42,0,0,0,0,1,1,305,156,461,2024-01-31T23:00:00Z
12,567,Bukovlje,159,67,226,19,13,32,2,1,3,0,0,0,14,16,30,0,0,0,1,3,4,195,100,295,2024-01-31T23:00:00Z
12,568,Dragalić,40,50,90,8,0,8,6,2,8,0,0,0,5,6,11,0,0,0,0,0,0,59,58,117,2024-01-31T23:00:00Z
12,569,Gornja Vrba,425,172,597,21,6,27,2,2,4,1,1,2,19,25,44,0,0,0,0,1,1,468,207,675,2024-01-31T23:00:00Z
12,570,Sikirevci,40,49,89,23,8,31,37,13,50,0,0,0,12,7,19,0,0,0,2,1,3,114,78,192,2024-01-31T23:00:00Z
12,68,Davor,135,114,249,14,7,21,13,4,17,2,0,2,15,23,38,0,0,0,1,1,2,180,149,329,2024-01-31T23:00:00Z
12,81,Donji Andrijevci,215,141,356,26,15,41,20,5,25,0,1,1,24,17,41,0,0,0,1,1,2,286,180,466,2024-01-31T23:00:00Z
13,131,Gračac,259,236,495,23,16,39,73,36,109,2,1,3,53,41,94,0,0,0,5,3,8,415,333,748,2024-01-31T23:00:00Z
13,167,Jasenice,170,86,256,16,2,18,9,4,13,2,0,2,16,6,22,0,0,0,0,5,5,213,103,316,2024-01-31T23:00:00Z
13,17,Benkovac,1293,1102,2395,124,50,174,109,63,172,14,10,24,242,127,369,0,0,0,10,6,16,1792,1358,3150,2024-01-31T23:00:00Z
13,173,Kali,330,135,465,25,14,39,2,1,3,20,0,20,36,28,64,0,0,0,0,1,1,413,179,592,2024-01-31T23:00:00Z
13,20,Bibinje,241,204,445,65,29,94,3,1,4,4,5,9,84,57,141,0,0,0,3,3,6,400,299,699,2024-01-31T23:00:00Z
13,22,Biograd Na Moru,1182,1441,2623,160,75,235,27,19,46,19,9,28,156,204,360,0,0,0,14,18,32,1558,1766,3324,2024-01-31T23:00:00Z
13,234,Lišane Ostrovičke,32,33,65,9,2,11,2,1,3,0,0,0,8,8,16,0,0,0,0,0,0,51,44,95,2024-01-31T23:00:00Z
13,282,Nin,553,362,915,48,16,64,8,6,14,9,1,10,43,31,74,0,0,0,24,66,90,685,482,1167,2024-01-31T23:00:00Z
13,296,Obrovac,422,275,697,41,12,53,49,9,58,5,3,8,17,32,49,0,0,0,2,7,9,536,338,874,2024-01-31T23:00:00Z
13,316,Pag,534,428,962,60,32,92,38,13,51,7,5,12,65,55,120,0,0,0,13,31,44,717,564,1281,2024-01-31T23:00:00Z
13,317,Pakoštane,398,339,737,68,22,90,16,18,34,9,4,13,128,57,185,0,0,0,14,33,47,633,473,1106,2024-01-31T23:00:00Z
13,320,Pašman,123,113,236,47,11,58,6,5,11,24,0,24,47,27,74,0,0,0,2,4,6,249,160,409,2024-01-31T23:00:00Z
13,344,Polača,110,76,186,17,9,26,6,2,8,2,0,2,14,14,28,0,0,0,1,1,2,150,102,252,2024-01-31T23:00:00Z
13,345,Poličnik,542,386,928,66,15,81,10,9,19,7,2,9,66,28,94,0,0,0,2,2,4,693,442,1135,2024-01-31T23:00:00Z
13,349,Posedarje,151,181,332,44,18,62,7,9,16,7,2,9,49,39,88,0,0,0,2,5,7,260,254,514,2024-01-31T23:00:00Z
13,354,Preko,310,446,756,54,21,75,7,4,11,23,2,25,42,28,70,0,0,0,6,10,16,442,511,953,2024-01-31T23:00:00Z
13,371,Ražanac,91,112,203,24,9,33,9,6,15,11,0,11,37,19,56,0,0,0,6,0,6,178,146,324,2024-01-31T23:00:00Z
13,379,Sali,187,175,362,39,13,52,6,2,8,7,2,9,27,22,49,0,0,0,1,4,5,267,218,485,2024-01-31T23:00:00Z
13,411,Stankovci,224,167,391,46,6,52,4,3,7,1,1,2,44,15,59,0,0,0,0,1,1,319,193,512,2024-01-31T23:00:00Z
13,416,Starigrad,149,146,295,42,28,70,9,4,13,2,0,2,34,35,69,0,0,0,5,23,28,241,236,477,2024-01-31T23:00:00Z
13,425,Sukošan,477,326,803,77,23,100,13,6,19,5,1,6,65,58,123,0,0,0,1,9,10,638,423,1061,2024-01-31T23:00:00Z
13,428,Sveti Filip I Jakov,244,359,603,42,23,65,9,2,11,14,3,17,35,37,72,0,0,0,5,9,14,349,433,782,2024-01-31T23:00:00Z
13,445,Škabrnje,92,69,161,35,5,40,6,3,9,1,0,1,18,9,27,0,0,0,1,3,4,153,89,242,2024-01-31T23:00:00Z
13,489,Vir,319,307,626,56,20,76,2,2,4,4,1,5,43,36,79,0,0,0,4,4,8,428,370,798,2024-01-31T23:00:00Z
13,520,Zadar,15565,16794,32359,1229,740,1969,51,32,83,693,201,894,1319,1441,2760,4,0,4,130,158,288,18991,19366,38357,2024-01-31T23:00:00Z
13,525,Zemunik Donji,157,186,343,23,6,29,4,4,8,1,0,1,29,13,42,0,0,0,51,95,146,265,304,569,2024-01-31T23:00:00Z
13,537,Novigrad,81,97,178,28,4,32,6,5,11,5,1,6,25,13,38,0,0,0,2,1,3,147,121,268,2024-01-31T23:00:00Z
13,571,Galovac,40,69,109,17,2,19,3,5,8,3,2,5,14,10,24,0,0,0,0,0,0,77,88,165,2024-01-31T23:00:00Z
13,572,Kukljica,46,36,82,24,2,26,1,0,1,2,1,3,18,7,25,0,0,0,1,0,1,92,46,138,2024-01-31T23:00:00Z
13,573,Povljana,47,40,87,12,6,18,5,1,6,5,0,5,10,7,17,0,0,0,0,3,3,79,57,136,2024-01-31T23:00:00Z
13,574,Privlaka,145,150,295,23,12,35,1,2,3,9,2,11,24,11,35,0,0,0,4,1,5,206,178,384,2024-01-31T23:00:00Z
13,575,Tkon,109,65,174,25,8,33,2,1,3,3,0,3,43,26,69,0,0,0,2,1,3,184,101,285,2024-01-31T23:00:00Z
13,622,Kolan,139,80,219,18,4,22,6,2,8,1,0,1,16,13,29,0,0,0,4,0,4,184,99,283,2024-01-31T23:00:00Z
13,625,Vrsi,138,50,188,17,11,28,5,3,8,12,0,12,23,33,56,0,0,0,2,1,3,197,98,295,2024-01-31T23:00:00Z
14,103,Đakovo,3015,2968,5983,507,236,743,230,89,319,27,36,63,604,553,1157,0,0,0,10,16,26,4393,3898,8291,2024-01-31T23:00:00Z
14,106,Đurđenovac,498,514,1012,43,12,55,18,12,30,0,5,5,61,48,109,0,0,0,7,0,7,627,591,1218,2024-01-31T23:00:00Z
14,110,Erdut,333,248,581,37,14,51,54,13,67,2,4,6,60,42,102,0,0,0,0,2,2,486,323,809,2024-01-31T23:00:00Z
14,111,Ernestinovo,87,187,274,5,5,10,23,5,28,1,1,2,10,10,20,0,0,0,1,0,1,127,208,335,2024-01-31T23:00:00Z
14,116,Feričanci,124,115,239,26,6,32,3,0,3,0,1,1,38,16,54,0,0,0,0,1,1,191,139,330,2024-01-31T23:00:00Z
14,124,Gorjani,139,168,307,18,8,26,9,6,15,0,0,0,8,5,13,0,0,0,0,0,0,174,187,361,2024-01-31T23:00:00Z
14,13,Beli Manastir,1046,1137,2183,106,54,160,69,32,101,7,14,21,124,106,230,1,0,1,0,1,1,1353,1344,2697,2024-01-31T23:00:00Z
14,16,Belišće,1720,626,2346,78,42,120,24,6,30,7,7,14,93,89,182,0,0,0,0,1,1,1922,771,2693,2024-01-31T23:00:00Z
14,195,Kneževi Vinogradi,226,284,510,31,6,37,32,7,39,1,2,3,67,73,140,0,0,0,0,0,0,357,372,729,2024-01-31T23:00:00Z
14,2,Antunovac,207,171,378,35,14,49,12,6,18,1,0,1,16,18,34,0,0,0,0,0,0,271,209,480,2024-01-31T23:00:00Z
14,205,Koška,191,167,358,23,8,31,26,6,32,2,1,3,31,26,57,0,0,0,1,2,3,274,210,484,2024-01-31T23:00:00Z
14,21,Bilje,309,301,610,48,25,73,18,11,29,1,2,3,53,39,92,0,0,0,0,2,2,429,380,809,2024-01-31T23:00:00Z
14,23,Bizovac,268,224,492,26,11,37,25,7,32,2,4,6,30,38,68,0,0,0,4,11,15,355,295,650,2024-01-31T23:00:00Z
14,230,Levanjska Varoš,35,31,66,3,2,5,6,5,11,0,0,0,4,5,9,0,0,0,0,0,0,48,43,91,2024-01-31T23:00:00Z
14,257,Marijanci,84,73,157,6,5,11,10,0,10,0,0,0,14,20,34,0,0,0,0,1,1,114,99,213,2024-01-31T23:00:00Z
14,271,Moslavina Podravska,15,18,33,4,2,6,14,5,19,0,0,0,17,10,27,0,0,0,0,0,0,50,35,85,2024-01-31T23:00:00Z
14,278,Našice,2289,1851,4140,199,100,299,62,28,90,25,30,55,214,254,468,0,0,0,10,10,20,2799,2273,5072,2024-01-31T23:00:00Z
14,312,Osijek,24888,23300,48188,1017,741,1758,124,50,174,173,193,366,779,1147,1926,2,1,3,28,57,85,27011,25489,52500,2024-01-31T23:00:00Z
14,325,Petlovac,42,39,81,6,4,10,12,0,12,0,0,0,17,8,25,0,0,0,0,0,0,77,51,128,2024-01-31T23:00:00Z
14,327,Petrijevci,253,193,446,19,4,23,4,2,6,0,0,0,10,7,17,1,0,1,0,1,1,287,207,494,2024-01-31T23:00:00Z
14,340,Podgorač,118,81,199,24,9,33,24,4,28,1,1,2,17,24,41,0,0,0,0,0,0,184,119,303,2024-01-31T23:00:00Z
14,346,Popovac,48,49,97,1,3,4,5,2,7,1,0,1,3,1,4,0,0,0,0,0,0,58,55,113,2024-01-31T23:00:00Z
14,361,Punitovci,51,73,124,20,6,26,14,4,18,0,0,0,38,7,45,0,0,0,0,0,0,123,90,213,2024-01-31T23:00:00Z
14,381,Satnica Đakovačka,131,88,219,20,6,26,10,3,13,0,0,0,45,26,71,0,0,0,0,0,0,206,123,329,2024-01-31T23:00:00Z
14,386,Semeljci,200,191,391,46,16,62,47,18,65,1,1,2,73,33,106,0,0,0,0,2,2,367,261,628,2024-01-31T23:00:00Z
14,421,Strizivojna,305,301,606,20,11,31,15,4,19,0,0,0,18,14,32,0,0,0,0,0,0,358,330,688,2024-01-31T23:00:00Z
14,461,Trnava,56,67,123,5,4,9,12,3,15,0,0,0,10,4,14,0,0,0,0,0,0,83,78,161,2024-01-31T23:00:00Z
14,471,Valpovo,858,1142,2000,100,66,166,54,17,71,13,15,28,94,116,210,0,0,0,6,17,23,1125,1373,2498,2024-01-31T23:00:00Z
14,485,Viljevo,61,67,128,11,0,11,18,4,22,0,0,0,17,13,30,0,0,0,0,1,1,107,85,192,2024-01-31T23:00:00Z
14,494,Viškovci,269,192,461,23,6,29,13,4,17,0,0,0,17,8,25,0,0,0,1,0,1,323,210,533,2024-01-31T23:00:00Z
14,517,Vuka,31,51,82,17,2,19,11,4,15,0,0,0,23,13,36,0,0,0,0,0,0,82,70,152,2024-01-31T23:00:00Z
14,576,Donja Motičina,21,14,35,12,4,16,1,1,2,0,0,0,17,8,25,0,0,0,0,0,0,51,27,78,2024-01-31T23:00:00Z
14,578,Magadenovac,87,109,196,5,4,9,21,9,30,0,1,1,16,16,32,0,0,0,0,0,0,129,139,268,2024-01-31T23:00:00Z
14,579,Vladislavci,128,89,217,5,0,5,5,6,11,1,0,1,10,2,12,0,0,0,0,0,0,149,97,246,2024-01-31T23:00:00Z
14,609,Jagodnjak,94,70,164,8,2,10,22,6,28,0,0,0,11,3,14,0,0,0,0,0,0,135,81,216,2024-01-31T23:00:00Z
14,614,Šodolovci,23,12,35,0,0,0,0,0,0,0,0,0,9,5,14,0,0,0,0,0,0,32,17,49,2024-01-31T23:00:00Z
14,64,Čeminac,68,81,149,12,0,12,4,1,5,0,0,0,23,15,38,0,0,0,0,0,0,107,97,204,2024-01-31T23:00:00Z
14,65,Čepin,832,612,1444,105,42,147,62,30,92,4,5,9,100,107,207,0,0,0,1,1,2,1104,797,1901,2024-01-31T23:00:00Z
14,66,Darda,1765,811,2576,56,34,90,32,9,41,3,4,7,68,53,121,0,0,0,1,1,2,1925,912,2837,2024-01-31T23:00:00Z
14,86,Donji Miholjac,1188,982,2170,114,66,180,165,39,204,6,9,15,152,129,281,1,0,1,3,8,11,1629,1233,2862,2024-01-31T23:00:00Z
14,91,Draž,74,104,178,11,3,14,14,6,20,0,0,0,9,10,19,0,0,0,1,1,2,109,124,233,2024-01-31T23:00:00Z
14,94,Drenje,97,97,194,32,5,37,43,9,52,0,0,0,17,18,35,0,0,0,0,0,0,189,129,318,2024-01-31T23:00:00Z
15,113,Ervenik,33,41,74,2,0,2,3,1,4,0,0,0,5,3,8,0,0,0,0,0,0,43,45,88,2024-01-31T23:00:00Z
15,183,Kijevo,27,29,56,2,0,2,0,0,0,0,0,0,0,0,0,0,0,0,0,0,0,29,29,58,2024-01-31T23:00:00Z
15,184,Kistanje,70,79,149,17,4,21,1,2,3,1,0,1,13,12,25,0,0,0,0,0,0,102,97,199,2024-01-31T23:00:00Z
15,196,Knin,1317,1464,2781,134,73,207,64,21,85,32,5,37,158,151,309,0,0,0,4,3,7,1709,1717,3426,2024-01-31T23:00:00Z
15,298,Promina,123,92,215,1,1,2,1,2,3,0,0,0,1,1,2,0,0,0,0,1,1,126,97,223,2024-01-31T23:00:00Z
15,310,Biskupija,114,24,138,2,0,2,1,0,1,1,0,1,1,1,2,0,0,0,0,1,1,119,26,145,2024-01-31T23:00:00Z
15,357,Primošten,256,282,538,109,29,138,6,2,8,7,3,10,34,29,63,0,1,1,8,10,18,420,356,776,2024-01-31T23:00:00Z
15,377,Ružić,30,29,59,5,2,7,5,5,10,0,0,0,2,12,14,0,0,0,0,0,0,42,48,90,2024-01-31T23:00:00Z
15,394,Skradin,142,157,299,49,15,64,18,7,25,2,2,4,37,33,70,0,0,0,2,7,9,250,221,471,2024-01-31T23:00:00Z
15,444,Šibenik,8401,8583,16984,697,368,1065,28,12,40,214,100,314,598,636,1234,0,0,0,34,69,103,9972,9768,19740,2024-01-31T23:00:00Z
15,454,Tisno,378,284,662,94,30,124,7,0,7,10,4,14,53,51,104,0,0,0,5,11,16,547,380,927,2024-01-31T23:00:00Z
15,469,Unešić,49,50,99,11,0,11,4,1,5,1,0,1,11,8,19,0,0,0,0,0,0,76,59,135,2024-01-31T23:00:00Z
15,500,Vodice,1065,1031,2096,296,118,414,15,7,22,16,11,27,267,178,445,0,0,0,12,53,65,1671,1398,3069,2024-01-31T23:00:00Z
15,51,Civljane,58,11,69,1,1,2,0,0,0,0,0,0,3,2,5,0,0,0,0,0,0,62,14,76,2024-01-31T23:00:00Z
15,581,Pirovac,154,166,320,34,17,51,5,4,9,3,1,4,62,36,98,0,0,0,0,0,0,258,224,482,2024-01-31T23:00:00Z
15,582,Rogoznica,283,253,536,47,17,64,1,1,2,5,1,6,50,33,83,0,0,0,3,5,8,389,310,699,2024-01-31T23:00:00Z
15,617,Murter,251,253,504,60,34,94,3,1,4,17,3,20,62,44,106,0,0,0,27,20,47,420,355,775,2024-01-31T23:00:00Z
15,621,Bilice,105,43,148,27,8,35,0,0,0,5,0,5,24,8,32,0,0,0,0,0,0,161,59,220,2024-01-31T23:00:00Z
15,626,Tribunj,94,98,192,21,12,33,1,0,1,4,0,4,63,32,95,0,0,0,2,1,3,185,143,328,2024-01-31T23:00:00Z
15,95,Drniš,937,638,1575,68,56,124,55,25,80,5,6,11,98,84,182,0,0,0,0,3,3,1163,812,1975,2024-01-31T23:00:00Z
16,1,Andrijaševci,68,130,198,24,12,36,12,4,16,1,1,2,27,30,57,0,0,0,1,5,6,133,182,315,2024-01-31T23:00:00Z
16,137,Gradište,88,117,205,18,4,22,30,5,35,0,1,1,17,15,32,0,0,0,0,0,0,153,142,295,2024-01-31T23:00:00Z
16,141,Gunja,245,126,371,27,9,36,44,13,57,1,0,1,44,13,57,0,0,0,0,1,1,361,162,523,2024-01-31T23:00:00Z
16,154,Ilok,467,561,1028,70,22,92,55,17,72,2,2,4,113,98,211,1,0,1,0,0,0,708,700,1408,2024-01-31T23:00:00Z
16,159,Ivankovo,365,440,805,69,32,101,54,13,67,1,5,6,112,71,183,0,0,0,2,2,4,603,563,1166,2024-01-31T23:00:00Z
16,166,Jarmina,33,68,101,19,12,31,28,9,37,0,1,1,23,33,56,0,0,0,0,1,1,103,124,227,2024-01-31T23:00:00Z
16,239,Lovas,60,63,123,6,0,6,13,1,14,0,0,0,5,6,11,0,0,0,0,0,0,84,70,154,2024-01-31T23:00:00Z
16,26,Bogdanovci,30,14,44,4,0,4,6,4,10,0,0,0,16,3,19,0,0,0,0,0,0,56,21,77,2024-01-31T23:00:00Z
16,29,Borovo,72,93,165,51,14,65,26,6,32,1,3,4,67,74,141,0,0,0,4,1,5,221,191,412,2024-01-31T23:00:00Z
16,294,Nuštar,274,319,593,45,20,65,21,6,27,2,1,3,59,30,89,0,0,0,0,2,2,401,378,779,2024-01-31T23:00:00Z
16,295,Nijemci,223,206,429,27,9,36,86,21,107,0,1,1,68,35,103,0,0,0,0,1,1,404,273,677,2024-01-31T23:00:00Z
16,3,Babina Greda,164,202,366,35,17,52,76,26,102,2,0,2,35,36,71,0,0,0,0,2,2,312,283,595,2024-01-31T23:00:00Z
16,32,Bošnjaci,119,103,222,27,7,34,28,5,33,3,0,3,38,42,80,0,0,0,0,0,0,215,157,372,2024-01-31T23:00:00Z
16,414,Stari Jankovci,137,123,260,20,4,24,42,10,52,2,0,2,30,18,48,0,0,0,1,2,3,232,157,389,2024-01-31T23:00:00Z
16,415,Stari Mikanovci,108,130,238,22,9,31,26,13,39,4,1,5,33,44,77,0,0,0,1,0,1,194,197,391,2024-01-31T23:00:00Z
16,44,Cerna,465,236,701,49,29,78,52,18,70,2,1,3,59,67,126,0,0,0,2,0,2,629,351,980,2024-01-31T23:00:00Z
16,456,Tompojevci,23,37,60,14,5,19,37,10,47,0,0,0,14,12,26,0,0,0,0,0,0,88,64,152,2024-01-31T23:00:00Z
16,458,Tordinci,104,90,194,4,1,5,9,0,9,0,0,0,5,12,17,0,0,0,0,0,0,122,103,225,2024-01-31T23:00:00Z
16,459,Tovarnik,205,142,347,20,3,23,47,22,69,1,1,2,11,26,37,0,0,0,0,0,0,284,194,478,2024-01-31T23:00:00Z
16,464,Trpinja,107,200,307,27,11,38,78,17,95,1,0,1,32,28,60,0,0,0,0,1,1,245,257,502,2024-01-31T23:00:00Z
16,487,Vinkovci,8057,6637,14694,319,219,538,47,24,71,58,50,108,471,618,1089,1,0,1,12,20,32,8965,7568,16533,2024-01-31T23:00:00Z
16,505,Vrbanja,319,140,459,30,12,42,63,15,78,1,1,2,41,36,77,0,0,0,5,1,6,459,205,664,2024-01-31T23:00:00Z
16,518,Vukovar,4550,4802,9352,317,177,494,110,35,145,25,28,53,421,402,823,0,0,0,4,12,16,5427,5456,10883,2024-01-31T23:00:00Z
16,534,Županja,1984,1463,3447,139,60,199,41,17,58,22,16,38,157,179,336,1,0,1,6,9,15,2350,1744,4094,2024-01-31T23:00:00Z
16,535,Otok (Vinkovci),417,322,739,40,25,65,55,11,66,5,1,6,82,60,142,0,0,0,0,2,2,599,421,1020,2024-01-31T23:00:00Z
16,583,Privlaka,98,82,180,21,8,29,25,8,33,0,1,1,15,19,34,0,0,0,1,0,1,160,118,278,2024-01-31T23:00:00Z
16,584,Vođinci,61,166,227,14,3,17,6,5,11,0,1,1,13,18,31,0,0,0,0,0,0,94,193,287,2024-01-31T23:00:00Z
16,610,Markušica,37,60,97,11,4,15,47,16,63,0,1,1,17,11,28,0,0,0,2,0,2,114,92,206,2024-01-31T23:00:00Z
16,612,Negoslavci,19,14,33,7,1,8,10,3,13,1,0,1,12,11,23,0,0,0,0,0,0,49,29,78,2024-01-31T23:00:00Z
16,628,Štitar,97,74,171,10,1,11,14,3,17,0,0,0,13,5,18,0,0,0,0,0,0,134,83,217,2024-01-31T23:00:00Z
16,92,Drenovci,112,169,281,39,3,42,110,36,146,3,1,4,44,54,98,0,0,0,1,2,3,309,265,574,2024-01-31T23:00:00Z
17,100,Dugi Rat,645,617,1262,88,32,120,0,2,2,40,10,50,171,108,279,0,0,0,21,34,55,965,803,1768,2024-01-31T23:00:00Z
17,134,Gradac,152,153,305,41,11,52,4,1,5,4,1,5,20,28,48,0,0,0,11,20,31,232,214,446,2024-01-31T23:00:00Z
17,148,Hrvace,320,176,496,55,20,75,11,9,20,1,3,4,53,38,91,0,0,0,1,1,2,441,247,688,2024-01-31T23:00:00Z
17,153,Hvar,571,559,1130,178,74,252,20,12,32,19,4,23,136,126,262,3,0,3,80,73,153,1007,848,1855,2024-01-31T23:00:00Z
17,155,Imotski,1438,1424,2862,193,96,289,15,8,23,30,15,45,136,170,306,0,0,0,9,15,24,1821,1728,3549,2024-01-31T23:00:00Z
17,171,Jelsa,341,307,648,89,30,119,44,25,69,11,1,12,99,49,148,0,1,1,15,11,26,599,424,1023,2024-01-31T23:00:00Z
17,181,Kaštela,3851,4142,7993,545,286,831,28,12,40,134,42,176,571,581,1152,0,0,0,92,36,128,5221,5099,10320,2024-01-31T23:00:00Z
17,192,Klis,270,211,481,32,11,43,9,2,11,31,3,34,56,26,82,0,0,0,1,3,4,399,256,655,2024-01-31T23:00:00Z
17,197,Komiža,132,137,269,60,18,78,7,2,9,4,2,6,21,20,41,0,0,0,18,21,39,242,200,442,2024-01-31T23:00:00Z
17,243,Lovreć,165,76,241,16,8,24,4,1,5,1,0,1,34,16,50,0,0,0,0,3,3,220,104,324,2024-01-31T23:00:00Z
17,249,Makarska,2650,2503,5153,284,177,461,4,0,4,51,32,83,327,335,662,3,0,3,98,120,218,3417,3167,6584,2024-01-31T23:00:00Z
17,258,Marina,229,250,479,69,29,98,6,5,11,8,1,9,42,37,79,1,0,1,4,5,9,359,327,686,2024-01-31T23:00:00Z
17,267,Milna,74,87,161,27,9,36,7,2,9,4,0,4,18,18,36,0,0,0,1,4,5,131,120,251,2024-01-31T23:00:00Z
17,27,Bol,279,324,603,53,22,75,6,3,9,4,3,7,61,27,88,0,0,0,9,17,26,412,396,808,2024-01-31T23:00:00Z
17,280,Nerežišća,143,69,212,21,4,25,2,2,4,1,0,1,27,17,44,0,0,0,0,1,1,194,93,287,2024-01-31T23:00:00Z
17,300,Omiš,1624,1714,3338,250,97,347,12,6,18,40,16,56,278,258,536,1,0,1,20,35,55,2225,2126,4351,2024-01-31T23:00:00Z
17,314,Otok,210,188,398,76,23,99,10,1,11,3,1,4,94,50,144,0,0,0,2,1,3,395,264,659,2024-01-31T23:00:00Z
17,337,Podbablje,294,208,502,39,4,43,6,0,6,3,3,6,25,39,64,0,0,0,1,3,4,368,257,625,2024-01-31T23:00:00Z
17,339,Podgora,208,173,381,43,12,55,2,0,2,2,2,4,27,25,52,0,0,0,35,33,68,317,245,562,2024-01-31T23:00:00Z
17,341,Podstrana,899,752,1651,67,32,99,13,3,16,52,6,58,70,90,160,1,0,1,11,29,40,1113,912,2025,2024-01-31T23:00:00Z
17,350,Postira,280,256,536,30,15,45,7,2,9,0,3,3,20,8,28,0,0,0,0,2,2,337,286,623,2024-01-31T23:00:00Z
17,358,Pučišća,208,133,341,54,8,62,13,5,18,9,0,9,36,13,49,0,0,0,0,3,3,320,162,482,2024-01-31T23:00:00Z
17,382,Seget,469,380,849,49,8,57,5,3,8,10,2,12,181,64,245,0,0,0,20,29,49,734,486,1220,2024-01-31T23:00:00Z
17,383,Selca,131,107,238,58,16,74,12,6,18,7,1,8,61,30,91,0,0,0,1,3,4,270,163,433,2024-01-31T23:00:00Z
17,389,Sinj,1978,2065,4043,389,172,561,58,18,76,39,39,78,362,382,744,0,0,0,8,11,19,2834,2687,5521,2024-01-31T23:00:00Z
17,406,Solin,3916,3224,7140,302,188,490,13,8,21,141,39,180,345,305,650,0,0,0,14,13,27,4731,3777,8508,2024-01-31T23:00:00Z
17,409,Split,36196,39733,75929,1788,1269,3057,65,43,108,2355,420,2775,1541,2154,3695,9,2,11,193,252,445,42147,43873,86020,2024-01-31T23:00:00Z
17,413,Stari Grad,363,332,695,71,27,98,20,17,37,5,3,8,54,38,92,0,0,0,21,26,47,534,443,977,2024-01-31T23:00:00Z
17,423,Sućuraj,30,28,58,21,2,23,2,1,3,0,0,0,12,7,19,0,0,0,1,0,1,66,38,104,2024-01-31T23:00:00Z
17,427,Supetar,583,731,1314,132,71,203,20,8,28,26,12,38,105,120,225,0,0,0,12,3,15,878,945,1823,2024-01-31T23:00:00Z
17,443,Šestanovac,161,146,307,33,9,42,12,2,14,1,2,3,19,21,40,0,0,0,2,1,3,228,181,409,2024-01-31T23:00:00Z
17,447,Šolta,188,129,317,19,11,30,10,4,14,10,2,12,18,12,30,0,0,0,11,11,22,256,169,425,2024-01-31T23:00:00Z
17,460,Trilj,544,599,1143,170,48,218,23,10,33,13,1,14,124,130,254,1,0,1,1,6,7,876,794,1670,2024-01-31T23:00:00Z
17,463,Trogir,2034,1951,3985,363,172,535,14,6,20,72,36,108,292,360,652,0,0,0,31,82,113,2806,2607,5413,2024-01-31T23:00:00Z
17,492,Vis,273,267,540,67,21,88,13,4,17,6,1,7,34,23,57,0,0,0,19,11,30,412,327,739,2024-01-31T23:00:00Z
17,50,Cista Provo,118,158,276,28,5,33,8,1,9,1,0,1,6,8,14,0,0,0,0,4,4,161,176,337,2024-01-31T23:00:00Z
17,511,Vrgorac,1008,737,1745,54,30,84,26,14,40,5,6,11,52,76,128,0,0,0,1,4,5,1146,867,2013,2024-01-31T23:00:00Z
17,513,Vrlika,97,206,303,15,3,18,13,9,22,3,0,3,24,8,32,0,0,0,0,0,0,152,226,378,2024-01-31T23:00:00Z
17,522,Zagvozd,149,79,228,22,3,25,2,1,3,0,0,0,16,6,22,0,0,0,0,0,0,189,89,278,2024-01-31T23:00:00Z
17,528,Zmijavci,109,120,229,8,3,11,0,2,2,3,0,3,30,11,41,0,0,0,0,1,1,150,137,287,2024-01-31T23:00:00Z
17,585,Dugopolje,1753,984,2737,53,16,69,4,1,5,10,3,13,59,24,83,0,0,0,2,0,2,1881,1028,2909,2024-01-31T23:00:00Z
17,586,Lećevica,13,17,30,8,0,8,2,2,4,0,0,0,2,0,2,0,0,0,0,0,0,25,19,44,2024-01-31T23:00:00Z
17,587,Lokvičići,36,17,53,2,0,2,2,0,2,0,0,0,1,0,1,0,0,0,1,0,1,42,17,59,2024-01-31T23:00:00Z
17,588,Okrug,171,222,393,45,24,69,1,0,1,12,4,16,100,28,128,0,0,0,10,18,28,339,296,635,2024-01-31T23:00:00Z
17,589,Prgomet,35,24,59,7,0,7,1,0,1,2,0,2,2,0,2,0,0,0,0,0,0,47,24,71,2024-01-31T23:00:00Z
17,590,Primorski Dolac,23,37,60,4,3,7,1,1,2,1,1,2,1,5,6,0,0,0,0,0,0,30,47,77,2024-01-31T23:00:00Z
17,591,Runovići,75,65,140,17,2,19,1,2,3,0,2,2,29,31,60,0,0,0,0,0,0,122,102,224,2024-01-31T23:00:00Z
17,592,Sutivan,121,75,196,26,9,35,5,1,6,9,2,11,20,6,26,0,0,0,3,1,4,184,94,278,2024-01-31T23:00:00Z
17,593,Tučepi,215,165,380,21,13,34,1,1,2,2,3,5,36,22,58,0,0,0,7,39,46,282,243,525,2024-01-31T23:00:00Z
17,595,Zadvarje,50,32,82,7,1,8,1,1,2,0,0,0,6,7,13,0,0,0,0,2,2,64,43,107,2024-01-31T23:00:00Z
17,72,Dicmo,543,214,757,46,16,62,6,2,8,3,1,4,30,42,72,0,0,0,2,1,3,630,276,906,2024-01-31T23:00:00Z
17,77,Brela,168,165,333,24,11,35,0,1,1,2,1,3,19,22,41,0,0,0,12,36,48,225,236,461,2024-01-31T23:00:00Z
17,87,Muć,194,205,399,19,5,24,3,3,6,3,3,6,16,12,28,0,0,0,0,1,1,235,229,464,2024-01-31T23:00:00Z
17,88,Proložac,220,171,391,27,9,36,3,3,6,1,0,1,39,23,62,0,0,0,6,2,8,296,208,504,2024-01-31T23:00:00Z
17,9,Baška Voda,236,237,473,62,28,90,1,0,1,5,4,9,47,45,92,0,0,0,5,18,23,356,332,688,2024-01-31T23:00:00Z
18,132,Gračišće,65,29,94,32,8,40,10,3,13,0,0,0,37,11,48,0,0,0,0,0,0,144,51,195,2024-01-31T23:00:00Z
18,138,Grožnjan,28,28,56,19,2,21,11,4,15,0,0,0,6,10,16,0,0,0,0,1,1,64,45,109,2024-01-31T23:00:00Z
18,175,Kanfanar,620,267,887,35,13,48,5,1,6,0,0,0,18,16,34,0,0,0,1,1,2,679,298,977,2024-01-31T23:00:00Z
18,217,Kršan,321,296,617,50,13,63,8,3,11,3,0,3,135,63,198,0,0,0,1,5,6,518,380,898,2024-01-31T23:00:00Z
18,222,Labin,2557,2400,4957,255,143,398,15,8,23,24,35,59,277,225,502,0,0,0,108,165,273,3236,2976,6212,2024-01-31T23:00:00Z
18,223,Lanišće,12,12,24,3,0,3,2,0,2,0,1,1,16,6,22,0,0,0,0,0,0,33,19,52,2024-01-31T23:00:00Z
18,235,Ližnjan,201,134,335,16,8,24,3,0,3,5,2,7,27,28,55,0,0,0,6,11,17,258,183,441,2024-01-31T23:00:00Z
18,246,Lupoglav,219,107,326,11,5,16,4,2,6,0,1,1,14,12,26,0,0,0,0,0,0,248,127,375,2024-01-31T23:00:00Z
18,254,Marčana,188,205,393,44,15,59,3,5,8,4,2,6,27,22,49,0,0,0,1,0,1,267,249,516,2024-01-31T23:00:00Z
18,263,Medulin,724,665,1389,73,40,113,7,3,10,5,6,11,107,93,200,0,0,0,29,47,76,945,854,1799,2024-01-31T23:00:00Z
18,274,Motovun,110,105,215,37,17,54,17,7,24,1,1,2,37,26,63,0,0,0,6,13,19,208,169,377,2024-01-31T23:00:00Z
18,291,Novigrad,921,990,1911,137,57,194,14,4,18,3,10,13,101,98,199,0,0,0,13,37,50,1189,1196,2385,2024-01-31T23:00:00Z
18,304,Oprtalj,58,82,140,14,7,21,12,1,13,0,0,0,11,14,25,0,0,0,3,3,6,98,107,205,2024-01-31T23:00:00Z
18,321,Pazin,2000,2117,4117,318,138,456,57,29,86,14,21,35,281,207,488,0,0,0,4,12,16,2674,2524,5198,2024-01-31T23:00:00Z
18,330,Pićan,334,137,471,35,8,43,3,5,8,1,2,3,48,18,66,0,0,0,1,2,3,422,172,594,2024-01-31T23:00:00Z
18,348,Poreč,4869,4541,9410,685,369,1054,57,19,76,53,52,105,505,457,962,2,1,3,212,196,408,6383,5635,12018,2024-01-31T23:00:00Z
18,359,Pula,13238,12664,25902,1433,775,2208,71,44,115,252,166,418,953,996,1949,1,0,1,127,124,251,16075,14769,30844,2024-01-31T23:00:00Z
18,368,Raša,314,186,500,28,9,37,1,0,1,2,1,3,44,27,71,0,0,0,2,2,4,391,225,616,2024-01-31T23:00:00Z
18,374,Rovinj,3053,3297,6350,439,227,666,32,21,53,29,37,66,430,359,789,0,0,0,59,151,210,4042,4092,8134,2024-01-31T23:00:00Z
18,40,Brtonigla,137,103,240,40,13,53,21,7,28,1,1,2,51,50,101,1,0,1,3,1,4,254,175,429,2024-01-31T23:00:00Z
18,42,Buje,823,835,1658,119,51,170,27,14,41,7,8,15,68,68,136,0,0,0,4,7,11,1048,983,2031,2024-01-31T23:00:00Z
18,43,Buzet,1560,1083,2643,171,63,234,25,14,39,5,6,11,170,102,272,0,0,0,6,8,14,1937,1276,3213,2024-01-31T23:00:00Z
18,431,Sveti Lovreč,63,61,124,24,11,35,2,0,2,0,1,1,41,14,55,0,0,0,0,0,0,130,87,217,2024-01-31T23:00:00Z
18,432,Sveta Nedelja,191,140,331,35,11,46,7,2,9,2,0,2,62,19,81,0,0,0,4,1,5,301,173,474,2024-01-31T23:00:00Z
18,433,Sveti Petar U Šumi,185,140,325,22,4,26,3,4,7,0,0,0,8,8,16,0,0,0,1,0,1,219,156,375,2024-01-31T23:00:00Z
18,435,Svetvinčenat,140,122,262,27,7,34,3,1,4,0,1,1,26,20,46,0,0,0,1,1,2,197,152,349,2024-01-31T23:00:00Z
18,453,Tinjan,210,90,300,38,8,46,6,1,7,1,3,4,56,30,86,0,0,0,1,0,1,312,132,444,2024-01-31T23:00:00Z
18,468,Umag,2790,2300,5090,434,194,628,30,14,44,39,30,69,297,301,598,0,0,0,37,46,83,3627,2885,6512,2024-01-31T23:00:00Z
18,47,Cerovlje,128,54,182,35,4,39,5,3,8,2,0,2,24,15,39,0,0,0,0,1,1,194,77,271,2024-01-31T23:00:00Z
18,497,Višnjan,301,282,583,48,8,56,14,2,16,1,1,2,93,42,135,0,0,0,5,2,7,462,337,799,2024-01-31T23:00:00Z
18,498,Vižinada,62,56,118,32,12,44,12,6,18,0,0,0,42,34,76,0,0,0,0,1,1,148,109,257,2024-01-31T23:00:00Z
18,5,Bale,173,130,303,23,20,43,2,2,4,0,0,0,37,13,50,0,0,0,2,1,3,237,166,403,2024-01-31T23:00:00Z
18,502,Vodnjan,882,663,1545,55,30,85,9,3,12,7,3,10,87,50,137,0,1,1,2,2,4,1042,752,1794,2024-01-31T23:00:00Z
18,516,Vrsar,325,312,637,78,34,112,3,3,6,5,1,6,88,91,179,0,0,0,14,14,28,513,455,968,2024-01-31T23:00:00Z
18,531,Žminj,511,469,980,121,47,168,11,10,21,4,5,9,89,87,176,0,0,0,3,6,9,739,624,1363,2024-01-31T23:00:00Z
18,596,Karojba,121,85,206,33,5,38,0,1,1,0,0,0,41,11,52,0,1,1,0,0,0,195,103,298,2024-01-31T23:00:00Z
18,597,Kaštelir - Labinci,160,80,240,41,21,62,7,5,12,2,0,2,51,19,70,0,0,0,0,4,4,261,129,390,2024-01-31T23:00:00Z
18,6,Barban,302,114,416,48,6,54,12,6,18,1,1,2,27,27,54,0,0,0,1,2,3,391,156,547,2024-01-31T23:00:00Z
18,619,Fažana,322,290,612,33,17,50,1,1,2,3,4,7,28,27,55,1,0,1,1,6,7,389,345,734,2024-01-31T23:00:00Z
18,629,Funtana,146,105,251,18,11,29,1,1,2,1,0,1,17,27,44,0,0,0,13,8,21,196,152,348,2024-01-31T23:00:00Z
18,631,Tar-Vabriga,210,231,441,41,16,57,4,1,5,0,1,1,37,31,68,0,0,0,0,9,9,292,289,581,2024-01-31T23:00:00Z
19,198,Konavle,1332,969,2301,186,78,264,16,13,29,28,7,35,70,96,166,0,1,1,123,94,217,1755,1258,3013,2024-01-31T23:00:00Z
19,204,Korčula,702,918,1620,129,55,184,19,5,24,102,9,111,96,91,187,0,0,0,39,61,100,1087,1139,2226,2024-01-31T23:00:00Z
19,219,Kula Norinska,32,40,72,9,1,10,1,1,2,1,0,1,6,6,12,0,0,0,0,0,0,49,48,97,2024-01-31T23:00:00Z
19,226,Lastovo,61,94,155,29,7,36,2,2,4,5,0,5,7,8,15,0,0,0,3,4,7,107,115,222,2024-01-31T23:00:00Z
19,25,Blato,587,410,997,79,21,100,16,5,21,11,8,19,157,38,195,0,0,0,10,6,16,860,488,1348,2024-01-31T23:00:00Z
19,264,Metković,2296,1807,4103,187,122,309,44,24,68,54,16,70,342,262,604,0,0,0,8,16,24,2931,2247,5178,2024-01-31T23:00:00Z
19,268,Mljet,182,92,274,14,5,19,3,0,3,5,2,7,6,11,17,0,0,0,5,2,7,215,112,327,2024-01-31T23:00:00Z
19,306,Opuzen,505,438,943,33,25,58,66,21,87,3,1,4,26,25,51,0,0,0,3,1,4,636,511,1147,2024-01-31T23:00:00Z
19,308,Orebić,416,389,805,72,41,113,38,9,47,26,6,32,85,65,150,0,0,0,21,31,52,658,541,1199,2024-01-31T23:00:00Z
19,335,Ploče,1393,923,2316,88,60,148,33,13,46,19,4,23,105,126,231,0,0,0,2,7,9,1640,1133,2773,2024-01-31T23:00:00Z
19,343,Pojezerje,27,37,64,5,2,7,8,1,9,0,0,0,2,5,7,0,0,0,0,0,0,42,45,87,2024-01-31T23:00:00Z
19,399,Slivno,71,35,106,10,6,16,12,4,16,0,0,0,8,8,16,0,0,0,4,2,6,105,55,160,2024-01-31T23:00:00Z
19,402,Smokvica,23,83,106,12,1,13,17,5,22,7,0,7,38,8,46,0,0,0,6,9,15,103,106,209,2024-01-31T23:00:00Z
19,419,Ston,410,240,650,55,13,68,23,3,26,11,2,13,53,27,80,0,0,0,3,6,9,555,291,846,2024-01-31T23:00:00Z
19,474,Vela Luka,268,491,759,63,26,89,10,2,12,31,5,36,80,46,126,0,0,0,4,10,14,456,580,1036,2024-01-31T23:00:00Z
19,523,Zažablje,10,9,19,4,0,4,4,2,6,3,1,4,9,3,12,0,0,0,0,0,0,30,15,45,2024-01-31T23:00:00Z
19,598,Dubrovačko Primorje,144,109,253,25,5,30,2,4,6,7,2,9,42,18,60,0,0,0,2,3,5,222,141,363,2024-01-31T23:00:00Z
19,599,Janjina,58,57,115,11,5,16,10,5,15,1,2,3,13,11,24,0,0,0,5,3,8,98,83,181,2024-01-31T23:00:00Z
19,600,Lumbarda,52,56,108,36,10,46,12,2,14,8,0,8,28,15,43,1,0,1,12,12,24,149,95,244,2024-01-31T23:00:00Z
19,601,Trpanj,50,50,100,9,4,13,3,1,4,5,1,6,15,5,20,0,0,0,2,6,8,84,67,151,2024-01-31T23:00:00Z
19,602,Župa Dubrovačka,774,731,1505,139,65,204,5,7,12,59,2,61,79,80,159,0,0,0,15,20,35,1071,905,1976,2024-01-31T23:00:00Z
19,98,Dubrovnik,10009,10606,20615,838,433,1271,28,17,45,532,78,610,486,575,1061,1,1,2,182,208,390,12076,11918,23994,2024-01-31T23:00:00Z
20,123,Goričan,291,162,453,9,4,13,8,2,10,0,2,2,10,8,18,0,0,0,0,0,0,318,178,496,2024-01-31T23:00:00Z
20,15,Belica,179,224,403,24,16,40,54,28,82,1,1,2,29,45,74,0,0,0,1,2,3,288,316,604,2024-01-31T23:00:00Z
20,206,Kotoriba,521,287,808,12,5,17,4,0,4,0,4,4,12,8,20,0,0,0,0,0,0,549,304,853,2024-01-31T23:00:00Z
20,250,Mala Subotica,607,1070,1677,26,21,47,27,14,41,2,5,7,19,29,48,0,0,0,0,2,2,681,1141,1822,2024-01-31T23:00:00Z
20,276,Mursko Središće,920,822,1742,46,26,72,13,7,20,2,6,8,37,50,87,0,0,0,1,3,4,1019,914,1933,2024-01-31T23:00:00Z
20,279,Nedelišće,1557,868,2425,99,47,146,37,20,57,2,7,9,132,96,228,0,0,0,0,4,4,1827,1042,2869,2024-01-31T23:00:00Z
20,342,Podturen,215,149,364,22,8,30,16,11,27,1,2,3,54,34,88,0,0,0,0,1,1,308,205,513,2024-01-31T23:00:00Z
20,355,Prelog,2389,1643,4032,69,31,100,49,21,70,7,9,16,67,71,138,0,0,0,6,5,11,2587,1780,4367,2024-01-31T23:00:00Z
20,385,Selnica,158,164,322,13,11,24,6,4,10,1,2,3,14,13,27,0,0,0,1,0,1,193,194,387,2024-01-31T23:00:00Z
20,440,Sveti Juraj Na Bregu,308,223,531,27,18,45,14,5,19,1,4,5,36,43,79,0,0,0,1,1,2,387,294,681,2024-01-31T23:00:00Z
20,441,Sveti Martin Na Muri,650,388,1038,18,13,31,7,5,12,0,3,3,33,40,73,0,0,0,2,0,2,710,449,1159,2024-01-31T23:00:00Z
20,452,Štrigova,327,210,537,24,16,40,36,18,54,2,1,3,59,71,130,0,0,0,0,1,1,448,317,765,2024-01-31T23:00:00Z
20,504,Vratišinec,134,95,229,7,2,9,11,2,13,1,2,3,8,11,19,0,0,0,1,0,1,162,112,274,2024-01-31T23:00:00Z
20,60,Čakovec,9863,9241,19104,266,164,430,55,27,82,41,64,105,230,338,568,0,0,0,6,13,19,10461,9847,20308,2024-01-31T23:00:00Z
20,603,Dekanovec,77,87,164,6,1,7,4,4,8,0,0,0,7,2,9,0,0,0,0,0,0,94,94,188,2024-01-31T23:00:00Z
20,604,Gornji Mihaljevec,126,80,206,16,5,21,24,8,32,2,1,3,21,17,38,0,0,0,0,2,2,189,113,302,2024-01-31T23:00:00Z
20,605,Orehovica,199,170,369,16,3,19,25,7,32,1,2,3,42,20,62,0,0,0,0,2,2,283,204,487,2024-01-31T23:00:00Z
20,606,Strahoninec,277,157,434,15,7,22,3,2,5,0,0,0,34,16,50,0,0,0,1,1,2,330,183,513,2024-01-31T23:00:00Z
20,607,Sveta Marija,78,78,156,11,2,13,5,0,5,2,1,3,20,6,26,0,0,0,0,1,1,116,88,204,2024-01-31T23:00:00Z
20,608,Šenkovec,559,286,845,22,10,32,2,1,3,1,1,2,24,20,44,0,0,0,0,0,0,608,318,926,2024-01-31T23:00:00Z
20,620,Pribislavec,300,154,454,12,8,20,2,1,3,2,1,3,9,11,20,0,0,0,0,0,0,325,175,500,2024-01-31T23:00:00Z
20,75,Domašinec,239,117,356,9,9,18,21,15,36,0,1,1,16,5,21,0,0,0,1,0,1,286,147,433,2024-01-31T23:00:00Z
20,78,Donja Dubrava,195,233,428,17,6,23,4,3,7,0,1,1,13,17,30,0,0,0,0,0,0,229,260,489,2024-01-31T23:00:00Z
20,82,Donji Kraljevec,1395,660,2055,42,13,55,53,21,74,3,4,7,92,119,211,0,0,0,2,6,8,1587,823,2410,2024-01-31T23:00:00Z
20,89,Donji Vidovec,57,79,136,6,1,7,2,0,2,1,1,2,4,15,19,0,0,0,0,0,0,70,96,166,2024-01-31T23:00:00Z
21,133,Zagreb,240888,217229,458117,8738,6523,15261,285,163,448,2195,2085,4280,5446,6904,12350,55,31,86,331,513,844,257938,233448,491386,2024-01-31T23:00:00Z
01,101,Dugo Selo,3251,2128,5379,263,133,396,33,21,54,28,26,54,276,256,532,0,0,0,8,16,24,3859,2580,6439,2024-02-29T23:00:00Z
01,114,Farkaševac,146,210,356,8,3,11,22,10,32,0,2,2,36,17,53,0,0,0,0,0,0,212,242,454,2024-02-29T23:00:00Z
01,135,Gradec,154,132,286,14,1,15,9,7,16,0,1,1,53,23,76,0,0,0,0,1,1,230,165,395,2024-02-29T23:00:00Z
01,158,Ivanić-Grad,3361,1826,5187,93,74,167,44,27,71,12,20,32,143,179,322,1,0,1,5,10,15,3659,2136,5795,2024-02-29T23:00:00Z
01,163,Jakovlje,392,394,786,36,7,43,10,8,18,3,0,3,42,31,73,0,0,0,0,0,0,483,440,923,2024-02-29T23:00:00Z
01,169,Jastrebarsko,2418,1796,4214,232,122,354,45,29,74,18,21,39,269,222,491,0,0,0,6,7,13,2988,2197,5185,2024-02-29T23:00:00Z
01,190,Klinča Selo,223,212,435,45,16,61,6,5,11,0,0,0,60,49,109,0,0,0,1,0,1,335,282,617,2024-02-29T23:00:00Z
01,193,Kloštar Ivanić,415,349,764,25,12,37,21,5,26,5,10,15,46,31,77,1,0,1,3,1,4,516,408,924,2024-02-29T23:00:00Z
01,213,Križ,813,504,1317,27,19,46,15,12,27,5,4,9,28,44,72,0,0,0,1,2,3,889,585,1474,2024-02-29T23:00:00Z
01,33,Brckovljani,444,433,877,6,4,10,0,1,1,2,1,3,31,16,47,0,0,0,0,0,0,483,455,938,2024-02-29T23:00:00Z
01,331,Pisarovina,394,298,692,27,25,52,16,20,36,2,2,4,27,32,59,0,0,0,0,2,2,466,379,845,2024-02-29T23:00:00Z
01,34,Brdovec,917,817,1734,93,48,141,19,7,26,1,5,6,96,62,158,0,0,0,5,5,10,1131,944,2075,2024-02-29T23:00:00Z
01,356,Preseka,24,10,34,5,2,7,12,10,22,0,0,0,15,6,21,0,0,0,1,0,1,57,28,85,2024-02-29T23:00:00Z
01,362,Pušča,162,195,357,26,13,39,7,2,9,2,3,5,38,24,62,0,0,0,0,0,0,235,237,472,2024-02-29T23:00:00Z
01,376,Rugvica,1531,626,2157,11,6,17,2,3,5,1,2,3,15,17,32,0,0,0,0,0,0,1560,654,2214,2024-02-29T23:00:00Z
01,380,Samobor,5778,4229,10007,543,344,887,26,14,40,47,66,113,482,471,953,3,4,7,33,31,64,6912,5159,12071,2024-02-29T23:00:00Z
01,429,Sveti Ivan Zelina,2723,2083,4806,180,79,259,57,43,100,15,19,34,253,204,457,0,0,0,8,5,13,3236,2433,5669,2024-02-29T23:00:00Z
01,436,Sveta Nedjelja,6343,3651,9994,236,109,345,6,4,10,11,11,22,354,188,542,0,0,0,6,7,13,6956,3970,10926,2024-02-29T23:00:00Z
01,508,Vrbovec,2145,2045,4190,181,83,264,97,34,131,6,15,21,302,172,474,0,0,0,9,12,21,2740,2361,5101,2024-02-29T23:00:00Z
01,533,Krašić,275,201,476,25,11,36,13,10,23,2,1,3,30,20,50,0,0,0,0,0,0,345,243,588,2024-02-29T23:00:00Z
01,536,Rakovec,40,29,69,9,2,11,6,4,10,0,1,1,23,13,36,0,0,0,0,0,0,78,49,127,2024-02-29T23:00:00Z
01,539,Marija Gorica,85,115,200,15,2,17,0,0,0,1,1,2,23,16,39,0,0,0,0,0,0,124,134,258,2024-02-29T23:00:00Z
01,540,Žumberak,19,20,39,6,1,7,4,2,6,0,0,0,4,6,10,0,0,0,0,0,0,33,29,62,2024-02-29T23:00:00Z
01,541,Velika Gorica,9223,6961,16184,687,437,1124,67,34,101,48,57,105,607,526,1133,2,0,2,17,25,42,10651,8040,18691,2024-02-29T23:00:00Z
01,542,Orle,52,38,90,18,1,19,9,2,11,0,0,0,21,3,24,0,0,0,0,0,0,100,44,144,2024-02-29T23:00:00Z
01,543,Zaprešić,3500,3038,6538,245,183,428,14,10,24,33,42,75,282,247,529,1,0,1,11,9,20,4086,3529,7615,2024-02-29T23:00:00Z
01,544,Pokupsko,46,64,110,12,7,19,12,5,17,0,1,1,7,6,13,0,0,0,1,0,1,78,83,161,2024-02-29T23:00:00Z
01,545,Kravarsko,110,83,193,46,12,58,3,4,7,0,2,2,83,15,98,0,0,0,0,1,1,242,117,359,2024-02-29T23:00:00Z
01,547,Bistra,447,563,1010,55,23,78,9,4,13,3,6,9,52,48,100,0,0,0,0,2,2,566,646,1212,2024-02-29T23:00:00Z
01,548,Luka,317,181,498,14,2,16,2,1,3,1,1,2,21,24,45,0,0,0,0,0,0,355,209,564,2024-02-29T23:00:00Z
01,549,Dubravica,62,45,107,16,0,16,12,3,15,0,0,0,12,14,26,0,0,0,0,0,0,102,62,164,2024-02-29T23:00:00Z
01,550,Bedenica,215,158,373,14,4,18,4,3,7,1,1,2,16,6,22,0,0,0,0,0,0,250,172,422,2024-02-29T23:00:00Z
01,551,Stupnik,1669,668,2337,30,18,48,1,1,2,1,3,4,22,31,53,0,0,0,1,0,1,1724,721,2445,2024-02-29T23:00:00Z
01,97,Dubrava,308,339,647,51,24,75,70,41,111,2,11,13,63,77,140,0,0,0,4,5,9,498,497,995,2024-02-29T23:00:00Z
02,108,Đurmanec,155,200,355,55,19,74,1,2,3,3,2,5,108,35,143,0,0,0,1,1,2,323,259,582,2024-02-29T23:00:00Z
02,11,Bedekovčina,556,771,1327,97,41,138,8,4,12,9,7,16,136,106,242,0,0,0,4,4,8,810,933,1743,2024-02-29T23:00:00Z
02,125,Gornja Stubica,250,297,547,60,16,76,7,8,15,2,1,3,79,48,127,0,0,0,0,0,0,398,370,768,2024-02-29T23:00:00Z
02,146,Hraščina,63,27,90,10,2,12,2,2,4,0,1,1,7,7,14,0,0,0,0,0,0,82,39,121,2024-02-29T23:00:00Z
02,152,Hum Na Sutli,1481,644,2125,51,27,78,4,0,4,1,6,7,244,65,309,0,0,0,1,1,2,1782,743,2525,2024-02-29T23:00:00Z
02,187,Klanjec,283,260,543,59,29,88,10,7,17,3,1,4,64,51,115,0,0,0,2,1,3,421,349,770,2024-02-29T23:00:00Z
02,200,Konjščina,443,427,870,31,21,52,2,2,4,1,2,3,35,33,68,0,0,0,0,2,2,512,487,999,2024-02-29T23:00:00Z
02,208,Kraljevec Na Sutli,81,49,130,14,4,18,3,1,4,0,0,0,22,5,27,0,0,0,0,1,1,120,60,180,2024-02-29T23:00:00Z
02,211,Krapina,3083,2444,5527,179,104,283,10,2,12,13,15,28,189,157,346,0,0,0,3,4,7,3477,2726,6203,2024-02-29T23:00:00Z
02,212,Krapinske Toplice,633,1289,1922,72,38,110,6,4,10,0,4,4,104,82,186,0,1,1,0,0,0,815,1418,2233,2024-02-29T23:00:00Z
02,236,Lobor,171,251,422,25,8,33,4,3,7,0,1,1,33,18,51,0,0,0,1,1,2,234,282,516,2024-02-29T23:00:00Z
02,248,Mače,102,82,184,28,8,36,4,4,8,1,0,1,80,39,119,0,0,0,0,0,0,215,133,348,2024-02-29T23:00:00Z
02,256,Marija Bistrica,356,396,752,72,42,114,11,5,16,0,6,6,79,72,151,0,0,0,2,3,5,520,524,1044,2024-02-29T23:00:00Z
02,265,Mihovljan,126,137,263,31,8,39,3,1,4,0,0,0,81,18,99,0,0,0,1,1,2,242,165,407,2024-02-29T23:00:00Z
02,311,Oroslavje,1060,817,1877,78,40,118,6,3,9,6,7,13,90,64,154,0,0,0,4,2,6,1244,933,2177,2024-02-29T23:00:00Z
02,329,Petrovsko,121,54,175,17,3,20,1,0,1,5,0,5,58,14,72,0,0,0,1,0,1,203,71,274,2024-02-29T23:00:00Z
02,352,Pregrada,802,938,1740,107,38,145,1,5,6,6,6,12,166,100,266,0,0,0,0,0,0,1082,1087,2169,2024-02-29T23:00:00Z
02,364,Radoboj,192,112,304,16,14,30,1,0,1,0,2,2,50,18,68,0,0,0,0,0,0,259,146,405,2024-02-29T23:00:00Z
02,41,Budinščina,205,138,343,18,6,24,5,1,6,2,2,4,22,11,33,0,0,0,3,4,7,255,162,417,2024-02-29T23:00:00Z
02,422,Stubičke Toplice,253,445,698,33,16,49,1,4,5,3,5,8,54,33,87,0,0,0,2,0,2,346,503,849,2024-02-29T23:00:00Z
02,430,Sveti Križ Začretje,717,679,1396,79,25,104,8,6,14,1,5,6,147,93,240,1,0,1,4,1,5,957,809,1766,2024-02-29T23:00:00Z
02,466,Tuhelj,149,231,380,22,11,33,4,0,4,1,2,3,62,47,109,0,0,0,0,0,0,238,291,529,2024-02-29T23:00:00Z
02,481,Veliko Trgovišće,648,470,1118,54,17,71,3,3,6,2,5,7,106,48,154,0,0,0,1,1,2,814,544,1358,2024-02-29T23:00:00Z
02,519,Zabok,2908,3087,5995,149,88,237,7,4,11,14,16,30,150,207,357,0,0,0,0,2,2,3228,3404,6632,2024-02-29T23:00:00Z
02,521,Zagorska Sela,8,51,59,5,0,5,5,2,7,0,1,1,15,4,19,0,0,0,0,0,0,33,58,91,2024-02-29T23:00:00Z
02,526,Zlatar,543,675,1218,109,62,171,26,14,40,6,7,13,123,78,201,0,0,0,4,6,10,811,842,1653,2024-02-29T23:00:00Z
02,527,Zlatar Bistrica,237,317,554,26,7,33,3,1,4,5,0,5,66,42,108,0,0,0,1,1,2,338,368,706,2024-02-29T23:00:00Z
02,552,Jesenje,86,79,165,8,1,9,0,0,0,0,0,0,38,8,46,0,0,0,0,0,0,132,88,220,2024-02-29T23:00:00Z
02,553,Kumrovec,81,95,176,18,6,24,2,0,2,3,1,4,21,14,35,0,0,0,0,0,0,125,116,241,2024-02-29T23:00:00Z
02,554,Novi Golubovec,139,62,201,2,2,4,1,0,1,0,0,0,3,0,3,0,0,0,0,0,0,145,64,209,2024-02-29T23:00:00Z
02,70,Desinić,133,280,413,31,11,42,11,2,13,3,2,5,54,34,88,0,0,0,0,1,1,232,330,562,2024-02-29T23:00:00Z
02,79,Donja Stubica,873,752,1625,101,52,153,6,4,10,5,3,8,78,56,134,0,1,1,1,2,3,1064,870,1934,2024-02-29T23:00:00Z
03,102,Dvor,339,163,502,22,6,28,61,20,81,0,2,2,21,10,31,0,0,0,0,3,3,443,204,647,2024-02-29T23:00:00Z
03,121,Glina,1192,661,1853,43,21,64,66,24,90,5,8,13,72,79,151,0,0,0,1,1,2,1379,794,2173,2024-02-29T23:00:00Z
03,149,Hrvatska Dubica,78,73,151,10,2,12,13,5,18,0,0,0,13,6,19,0,0,0,0,1,1,114,87,201,2024-02-29T23:00:00Z
03,150,Hrvatska Kostajnica,247,257,504,26,11,37,10,2,12,2,3,5,22,28,50,0,0,0,0,2,2,307,303,610,2024-02-29T23:00:00Z
03,168,Jasenovac,143,105,248,13,8,21,14,4,18,0,0,0,21,16,37,0,0,0,0,2,2,191,135,326,2024-02-29T23:00:00Z
03,220,Kutina,3352,2762,6114,186,121,307,42,20,62,38,22,60,244,273,517,1,0,1,16,12,28,3879,3210,7089,2024-02-29T23:00:00Z
03,228,Lekenik,414,305,719,50,14,64,10,9,19,1,2,3,72,27,99,0,0,0,2,0,2,549,357,906,2024-02-29T23:00:00Z
03,232,Lipovljani,251,249,500,31,7,38,10,2,12,1,1,2,42,45,87,0,0,0,0,4,4,335,308,643,2024-02-29T23:00:00Z
03,259,Martinska Ves,141,67,208,10,1,11,28,12,40,3,1,4,66,19,85,0,0,0,0,0,0,248,100,348,2024-02-29T23:00:00Z
03,293,Novska,1294,1092,2386,188,102,290,33,13,46,4,15,19,262,218,480,0,0,0,2,7,9,1783,1447,3230,2024-02-29T23:00:00Z
03,328,Petrinja,1917,1790,3707,295,104,399,73,28,101,9,26,35,385,290,675,0,0,0,6,4,10,2685,2242,4927,2024-02-29T23:00:00Z
03,347,Popovača,886,1160,2046,95,47,142,47,17,64,6,9,15,105,133,238,0,0,0,3,2,5,1142,1368,2510,2024-02-29T23:00:00Z
03,391,Sisak,7244,8186,15430,397,250,647,98,53,151,40,78,118,624,575,1199,1,0,1,13,13,26,8417,9155,17572,2024-02-29T23:00:00Z
03,426,Sunja,197,179,376,28,9,37,50,25,75,1,1,2,22,17,39,0,0,0,2,1,3,300,232,532,2024-02-29T23:00:00Z
03,457,Topusko,236,331,567,16,10,26,4,2,6,3,1,4,32,22,54,0,0,0,1,0,1,292,366,658,2024-02-29T23:00:00Z
03,477,Velika Ludina,139,171,310,13,8,21,13,3,16,0,0,0,18,22,40,0,0,0,0,0,0,183,204,387,2024-02-29T23:00:00Z
03,510,Gvozd,119,91,210,13,6,19,14,3,17,0,1,1,19,16,35,0,0,0,0,0,0,165,117,282,2024-02-29T23:00:00Z
03,555,Majur,111,38,149,1,1,2,3,0,3,0,0,0,4,0,4,0,0,0,0,0,0,119,39,158,2024-02-29T23:00:00Z
03,83,Donji Kukuruzari,41,45,86,6,0,6,6,4,10,0,0,0,1,2,3,0,0,0,1,0,1,55,51,106,2024-02-29T23:00:00Z
04,120,Generalski Stol,43,63,106,19,7,26,1,0,1,0,1,1,34,13,47,0,0,0,0,0,0,97,84,181,2024-02-29T23:00:00Z
04,172,Josipdol,184,173,357,29,17,46,1,7,8,2,1,3,49,49,98,0,0,0,0,0,0,265,247,512,2024-02-29T23:00:00Z
04,179,Karlovac,10850,9322,20172,426,338,764,74,53,127,67,80,147,618,782,1400,1,1,2,12,25,37,12048,10601,22649,2024-02-29T23:00:00Z
04,216,Krnjak,112,71,183,5,2,7,6,4,10,0,0,0,12,4,16,0,0,0,0,0,0,135,81,216,2024-02-29T23:00:00Z
04,225,Lasinja,37,38,75,5,2,7,0,5,5,2,0,2,7,9,16,0,0,0,0,0,0,51,54,105,2024-02-29T23:00:00Z
04,281,Netretić,127,114,241,18,3,21,3,1,4,1,1,2,42,33,75,0,0,0,1,0,1,192,152,344,2024-02-29T23:00:00Z
04,297,Ogulin,1854,1835,3689,159,96,255,43,22,65,11,31,42,168,180,348,0,0,0,3,10,13,2238,2174,4412,2024-02-29T23:00:00Z
04,30,Bosiljevo,105,74,179,6,0,6,1,0,1,1,1,2,35,39,74,0,0,0,0,0,0,148,114,262,2024-02-29T23:00:00Z
04,315,Ozalj,806,655,1461,91,34,125,22,12,34,3,9,12,129,87,216,0,1,1,2,5,7,1053,803,1856,2024-02-29T23:00:00Z
04,333,Plaški,104,75,179,12,3,15,7,0,7,0,1,1,37,27,64,0,0,0,0,0,0,160,106,266,2024-02-29T23:00:00Z
04,365,Rakovica,181,202,383,7,7,14,2,1,3,1,0,1,61,60,121,0,0,0,1,10,11,253,280,533,2024-02-29T23:00:00Z
04,378,Saborsko,13,20,33,1,0,1,1,0,1,0,0,0,1,3,4,0,0,0,0,0,0,16,23,39,2024-02-29T23:00:00Z
04,400,Slunj,357,407,764,60,22,82,38,22,60,4,5,9,124,97,221,0,0,0,5,17,22,588,570,1158,2024-02-29T23:00:00Z
04,49,Cetingrad,65,65,130,8,2,10,2,3,5,0,0,0,8,5,13,0,0,0,0,0,0,83,75,158,2024-02-29T23:00:00Z
04,503,Vojnić,351,278,629,24,10,34,38,13,51,1,0,1,27,33,60,0,0,0,2,0,2,443,334,777,2024-02-29T23:00:00Z
04,530,Žakanje,164,103,267,27,11,38,3,2,5,0,0,0,28,26,54,0,0,0,0,1,1,222,143,365,2024-02-29T23:00:00Z
04,556,Ribnik,11,6,17,9,3,12,2,1,3,0,0,0,6,9,15,0,0,0,0,0,0,28,19,47,2024-02-29T23:00:00Z
04,557,Tounj,69,26,95,6,1,7,1,0,1,0,0,0,3,11,14,0,0,0,0,0,0,79,38,117,2024-02-29T23:00:00Z
04,623,Kamanje,160,87,247,6,1,7,0,0,0,0,0,0,7,5,12,0,0,0,0,0,0,173,93,266,2024-02-29T23:00:00Z
04,7,Barilovići,347,209,556,22,10,32,5,0,5,1,1,2,118,31,149,0,0,0,0,0,0,493,251,744,2024-02-29T23:00:00Z
04,90,Draganić,186,233,419,15,3,18,7,2,9,0,1,1,11,17,28,0,0,0,0,0,0,219,256,475,2024-02-29T23:00:00Z
04,99,Duga Resa,1299,1088,2387,135,82,217,17,20,37,4,20,24,175,187,362,0,0,0,8,12,20,1638,1409,3047,2024-02-29T23:00:00Z
05,12,Bednja,228,180,408,18,6,24,2,3,5,2,2,4,27,13,40,0,0,0,0,1,1,277,205,482,2024-02-29T23:00:00Z
05,129,Gornji Kneginec,699,1061,1760,61,39,100,9,3,12,3,8,11,60,61,121,0,0,0,4,8,12,836,1180,2016,2024-02-29T23:00:00Z
05,151,Breznički Hum,180,149,329,11,5,16,4,4,8,0,2,2,15,16,31,0,0,0,1,2,3,211,178,389,2024-02-29T23:00:00Z
05,156,Ivanec,2436,1918,4354,180,71,251,12,15,27,9,18,27,323,256,579,0,0,0,9,13,22,2969,2291,5260,2024-02-29T23:00:00Z
05,165,Jalžabet,772,1127,1899,21,4,25,12,6,18,0,3,3,45,32,77,0,0,0,1,3,4,851,1175,2026,2024-02-29T23:00:00Z
05,189,Klenovnik,201,69,270,7,4,11,0,0,0,0,0,0,22,28,50,0,0,0,2,0,2,232,101,333,2024-02-29T23:00:00Z
05,19,Beretinec,91,49,140,22,2,24,3,2,5,0,2,2,12,20,32,0,0,0,2,0,2,130,75,205,2024-02-29T23:00:00Z
05,229,Lepoglava,1434,688,2122,61,36,97,4,2,6,1,5,6,107,55,162,0,0,0,3,5,8,1610,791,2401,2024-02-29T23:00:00Z
05,244,Ludbreg,2132,1670,3802,134,65,199,60,35,95,8,15,23,225,178,403,0,0,0,4,5,9,2563,1968,4531,2024-02-29T23:00:00Z
05,247,Ljubešćica,387,171,558,22,8,30,1,0,1,0,2,2,73,20,93,0,0,0,1,0,1,484,201,685,2024-02-29T23:00:00Z
05,251,Mali Bukovec,42,95,137,13,5,18,23,16,39,0,1,1,97,33,130,0,0,0,0,1,1,175,151,326,2024-02-29T23:00:00Z
05,260,Maruševec,383,309,692,59,30,89,21,22,43,4,2,6,117,44,161,0,0,0,3,2,5,587,409,996,2024-02-29T23:00:00Z
05,289,Novi Marof,1319,1245,2564,164,78,242,12,9,21,8,16,24,344,195,539,0,0,0,3,14,17,1850,1557,3407,2024-02-29T23:00:00Z
05,326,Petrijanec,482,788,1270,25,10,35,11,7,18,1,3,4,92,75,167,0,0,0,1,1,2,612,884,1496,2024-02-29T23:00:00Z
05,36,Breznica,174,73,247,17,3,20,6,5,11,1,6,7,43,16,59,0,0,0,0,0,0,241,103,344,2024-02-29T23:00:00Z
05,410,Sračinec,279,285,564,40,18,58,1,1,2,1,6,7,96,68,164,0,0,0,0,1,1,417,379,796,2024-02-29T23:00:00Z
05,437,Sveti Đurđ,76,109,185,33,5,38,24,7,31,2,1,3,29,31,60,0,0,0,0,0,0,164,153,317,2024-02-29T23:00:00Z
05,438,Sveti Ilija,211,194,405,18,8,26,1,0,1,1,5,6,35,32,67,0,0,0,0,0,0,266,239,505,2024-02-29T23:00:00Z
05,462,Trnovec Bartolovečki,1389,1327,2716,78,21,99,16,6,22,4,2,6,280,94,374,1,0,1,1,3,4,1769,1453,3222,2024-02-29T23:00:00Z
05,472,Varaždin,17379,14850,32229,571,453,1024,46,28,74,83,107,190,514,653,1167,0,0,0,15,22,37,18608,16113,34721,2024-02-29T23:00:00Z
05,473,Varaždinske Toplice,638,671,1309,48,25,73,8,5,13,5,6,11,147,49,196,0,0,0,1,1,2,847,757,1604,2024-02-29T23:00:00Z
05,48,Cestica,407,394,801,62,26,88,16,13,29,1,5,6,112,79,191,0,0,0,1,2,3,599,519,1118,2024-02-29T23:00:00Z
05,484,Vidovec,309,300,609,47,15,62,51,26,77,2,5,7,121,88,209,0,0,0,0,1,1,530,435,965,2024-02-29T23:00:00Z
05,486,Vinica,376,250,626,17,10,27,5,3,8,1,5,6,26,23,49,0,0,0,0,1,1,425,292,717,2024-02-29T23:00:00Z
05,493,Visoko,118,58,176,17,1,18,6,4,10,0,0,0,27,22,49,0,0,0,3,1,4,171,86,257,2024-02-29T23:00:00Z
05,558,Veliki Bukovec,392,242,634,5,2,7,18,8,26,0,1,1,35,41,76,0,0,0,0,0,0,450,294,744,2024-02-29T23:00:00Z
05,80,Donja Voća,84,59,143,7,1,8,5,6,11,0,1,1,28,21,49,0,0,0,0,1,1,124,89,213,2024-02-29T23:00:00Z
05,85,Donji Martijanec,353,174,527,27,7,34,18,3,21,1,1,2,49,33,82,0,0,0,0,0,0,448,218,666,2024-02-29T23:00:00Z
06,104,Đelekovec,42,61,103,29,13,42,38,9,47,0,1,1,20,14,34,0,0,0,0,0,0,129,98,227,2024-02-29T23:00:00Z
06,107,Đurđevac,1437,1233,2670,81,47,128,67,35,102,13,12,25,78,74,152,0,0,0,10,5,15,1686,1406,3092,2024-02-29T23:00:00Z
06,115,Ferdinandovac,42,97,139,14,3,17,37,29,66,1,1,2,22,7,29,0,0,0,0,0,0,116,137,253,2024-02-29T23:00:00Z
06,122,Gola,181,177,358,10,5,15,79,39,118,0,3,3,9,26,35,0,0,0,1,0,1,280,250,530,2024-02-29T23:00:00Z
06,145,Hlebine,14,33,47,4,0,4,14,4,18,1,0,1,1,13,14,0,0,0,0,1,1,34,51,85,2024-02-29T23:00:00Z
06,194,Kloštar Podravski,175,150,325,18,17,35,34,29,63,0,1,1,30,51,81,0,0,0,2,6,8,259,254,513,2024-02-29T23:00:00Z
06,201,Koprivnica,7148,7671,14819,368,219,587,57,30,87,61,63,124,402,438,840,0,2,2,7,16,23,8043,8439,16482,2024-02-29T23:00:00Z
06,202,Koprivnički Bregi,70,90,160,19,5,24,23,8,31,0,0,0,36,10,46,0,0,0,0,0,0,148,113,261,2024-02-29T23:00:00Z
06,203,Koprivnički Ivanec,66,59,125,23,5,28,26,7,33,0,0,0,18,9,27,0,0,0,0,0,0,133,80,213,2024-02-29T23:00:00Z
06,214,Križevci,4110,3944,8054,201,113,314,196,162,358,16,29,45,256,220,476,1,0,1,8,13,21,4788,4481,9269,2024-02-29T23:00:00Z
06,227,Legrad,68,80,148,18,5,23,16,5,21,1,1,2,23,18,41,0,0,0,0,0,0,126,109,235,2024-02-29T23:00:00Z
06,270,Molve,227,111,338,6,9,15,48,28,76,0,1,1,29,16,45,0,0,0,4,2,6,314,167,481,2024-02-29T23:00:00Z
06,292,Novigrad Podravski,86,144,230,11,4,15,14,11,25,0,2,2,15,14,29,0,0,0,0,0,0,126,175,301,2024-02-29T23:00:00Z
06,324,Peteranec,75,49,124,22,2,24,21,11,32,1,1,2,26,12,38,0,0,0,0,1,1,145,76,221,2024-02-29T23:00:00Z
06,366,Rasinja,50,83,133,24,3,27,51,19,70,2,0,2,19,20,39,0,0,0,1,0,1,147,125,272,2024-02-29T23:00:00Z
06,405,Sokolovac,173,89,262,17,4,21,45,11,56,6,4,10,16,9,25,0,0,0,1,0,1,258,117,375,2024-02-29T23:00:00Z
06,439,Sveti Ivan Žabno,305,230,535,43,16,59,91,55,146,1,2,3,48,66,114,0,0,0,0,1,1,488,370,858,2024-02-29T23:00:00Z
06,442,Sveti Petar Orehovec,145,135,280,34,9,43,125,106,231,0,2,2,48,30,78,0,0,0,2,0,2,354,282,636,2024-02-29T23:00:00Z
06,490,Virje,365,224,589,30,14,44,35,17,52,4,1,5,28,36,64,0,0,0,2,0,2,464,292,756,2024-02-29T23:00:00Z
06,559,Kalinovac,423,103,526,7,1,8,6,3,9,0,0,0,11,6,17,0,0,0,1,0,1,448,113,561,2024-02-29T23:00:00Z
06,560,Kalnik,46,50,96,2,3,5,15,18,33,0,1,1,8,3,11,0,0,0,0,0,0,71,75,146,2024-02-29T23:00:00Z
06,561,Novo Virje,46,39,85,2,0,2,37,29,66,0,0,0,20,8,28,0,0,0,0,0,0,105,76,181,2024-02-29T23:00:00Z
06,616,Podravske Sesvete,116,120,236,4,6,10,27,14,41,1,0,1,7,8,15,0,0,0,0,0,0,155,148,303,2024-02-29T23:00:00Z
06,618,Gornja Reka,111,110,221,7,3,10,7,3,10,0,0,0,7,5,12,0,0,0,0,0,0,132,121,253,2024-02-29T23:00:00Z
06,96,Drnje,124,111,235,13,4,17,14,10,24,0,2,2,10,11,21,0,0,0,0,0,0,161,138,299,2024-02-29T23:00:00Z
07,105,Đulovac,292,75,367,8,7,15,31,18,49,2,0,2,122,36,158,0,0,0,0,0,0,455,136,591,2024-02-29T23:00:00Z
07,119,Garešnica,1190,1075,2265,61,30,91,56,34,90,17,18,35,112,139,251,1,0,1,5,6,11,1442,1302,2744,2024-02-29T23:00:00Z
07,139,Grubišno Polje,630,603,1233,35,26,61,96,37,133,3,7,10,62,60,122,0,0,0,1,2,3,827,735,1562,2024-02-29T23:00:00Z
07,144,Hercegovac,137,157,294,21,4,25,43,14,57,1,2,3,40,33,73,0,0,0,2,0,2,244,210,454,2024-02-29T23:00:00Z
07,161,Ivanska,195,123,318,4,2,6,48,13,61,3,3,6,37,22,59,0,0,0,4,2,6,291,165,456,2024-02-29T23:00:00Z
07,176,Kapela,124,101,225,7,1,8,40,24,64,0,0,0,20,15,35,0,0,0,0,0,0,191,141,332,2024-02-29T23:00:00Z
07,18,Berek,37,45,82,6,2,8,23,11,34,0,0,0,11,8,19,0,0,0,0,0,0,77,66,143,2024-02-29T23:00:00Z
07,199,Končanica,142,65,207,10,3,13,27,17,44,0,0,0,8,12,20,0,0,0,1,3,4,188,100,288,2024-02-29T23:00:00Z
07,24,Bjelovar,7386,7021,14407,326,201,527,183,91,274,53,59,112,406,520,926,2,0,2,22,19,41,8378,7911,16289,2024-02-29T23:00:00Z
07,287,Nova Rača,103,117,220,13,2,15,68,30,98,0,2,2,27,12,39,0,0,0,0,1,1,211,164,375,2024-02-29T23:00:00Z
07,375,Rovišće,228,234,462,28,12,40,43,31,74,1,4,5,29,39,68,0,0,0,0,1,1,329,321,650,2024-02-29T23:00:00Z
07,390,Sirač,359,174,533,11,4,15,12,5,17,1,1,2,17,10,27,0,0,0,0,3,3,400,197,597,2024-02-29T23:00:00Z
07,450,Štefanje,61,61,122,9,4,13,32,14,46,1,2,3,34,25,59,0,0,0,0,0,0,137,106,243,2024-02-29T23:00:00Z
07,478,Velika Pisanica,78,83,161,5,2,7,28,14,42,1,0,1,8,5,13,0,0,0,1,2,3,121,106,227,2024-02-29T23:00:00Z
07,480,Veliki Grđevac,153,132,285,12,5,17,76,27,103,1,2,3,67,29,96,0,0,0,0,0,0,309,195,504,2024-02-29T23:00:00Z
07,483,Veliko Trojstvo,93,129,222,14,4,18,9,16,25,0,0,0,38,18,56,0,0,0,0,0,0,154,167,321,2024-02-29T23:00:00Z
07,562,Severin,51,25,76,1,1,2,17,13,30,0,0,0,19,43,62,0,0,0,0,0,0,88,82,170,2024-02-29T23:00:00Z
07,564,Šandrovac,30,43,73,4,0,4,13,7,20,0,0,0,17,5,22,0,0,0,0,3,3,64,58,122,2024-02-29T23:00:00Z
07,565,Velika Trnovitica,65,66,131,8,2,10,31,18,49,1,0,1,18,11,29,0,0,0,0,1,1,123,98,221,2024-02-29T23:00:00Z
07,566,Zrinski Topolovac,19,16,35,4,0,4,26,13,39,0,0,0,4,2,6,0,0,0,0,1,1,53,32,85,2024-02-29T23:00:00Z
07,63,Čazma,1130,798,1928,58,24,82,50,34,84,6,11,17,140,66,206,0,0,0,2,1,3,1386,934,2320,2024-02-29T23:00:00Z
07,67,Daruvar,1527,1868,3395,77,62,139,43,18,61,15,15,30,145,166,311,0,0,0,2,9,11,1809,2138,3947,2024-02-29T23:00:00Z
07,71,Dežanovac,135,88,223,9,2,11,61,29,90,0,0,0,34,16,50,0,0,0,1,2,3,240,137,377,2024-02-29T23:00:00Z
08,117,Fužine,283,197,480,20,12,32,0,1,1,4,1,5,23,22,45,0,0,0,3,0,3,333,233,566,2024-02-29T23:00:00Z
08,170,Jelenje,275,272,547,97,48,145,6,0,6,37,7,44,48,37,85,0,0,0,2,3,5,465,367,832,2024-02-29T23:00:00Z
08,180,Kastav,1233,923,2156,138,80,218,4,2,6,66,10,76,105,76,181,1,1,2,8,5,13,1555,1097,2652,2024-02-29T23:00:00Z
08,186,Klana,341,168,509,24,13,37,1,1,2,7,2,9,17,6,23,0,0,0,1,0,1,391,190,581,2024-02-29T23:00:00Z
08,209,Kraljevica,393,317,710,45,26,71,2,2,4,38,4,42,20,40,60,1,0,1,1,8,9,500,397,897,2024-02-29T23:00:00Z
08,215,Krk,1912,1347,3259,274,130,404,12,9,21,30,18,48,274,192,466,0,0,0,31,29,60,2533,1725,4258,2024-02-29T23:00:00Z
08,237,Lokve,114,86,200,12,7,19,0,1,1,0,2,2,7,13,20,0,0,0,0,0,0,133,109,242,2024-02-29T23:00:00Z
08,242,Lovran,483,637,1120,116,41,157,1,2,3,15,7,22,41,67,108,0,0,0,2,5,7,658,759,1417,2024-02-29T23:00:00Z
08,252,Mali Lošinj,1483,1486,2969,225,87,312,20,8,28,36,17,53,181,139,320,0,0,0,18,27,45,1963,1764,3727,2024-02-29T23:00:00Z
08,253,Malinska-Dubašnica,535,903,1438,148,75,223,7,9,16,7,5,12,156,135,291,0,0,0,10,19,29,863,1146,2009,2024-02-29T23:00:00Z
08,261,Matulji,1560,1161,2721,244,146,390,11,6,17,55,19,74,176,177,353,0,0,0,5,6,11,2051,1515,3566,2024-02-29T23:00:00Z
08,273,Mošćenička Draga,116,73,189,54,14,68,0,2,2,4,2,6,28,24,52,0,0,0,2,5,7,204,120,324,2024-02-29T23:00:00Z
08,275,Mrkopalj,76,55,131,9,5,14,1,0,1,2,0,2,9,9,18,0,0,0,0,0,0,97,69,166,2024-02-29T23:00:00Z
08,290,Novi Vinodolski,614,448,1062,115,43,158,8,7,15,14,5,19,105,68,173,0,0,0,1,7,8,857,578,1435,2024-02-29T23:00:00Z
08,301,Omišalj,645,436,1081,90,32,122,1,0,1,12,2,14,71,27,98,0,0,0,4,12,16,823,509,1332,2024-02-29T23:00:00Z
08,302,Opatija,2343,2833,5176,248,145,393,4,3,7,59,27,86,93,151,244,0,0,0,14,31,45,2761,3190,5951,2024-02-29T23:00:00Z
08,360,Punat,316,186,502,62,23,85,4,0,4,6,1,7,64,47,111,0,0,0,8,9,17,460,266,726,2024-02-29T23:00:00Z
08,363,Rab,871,1092,1963,307,89,396,6,5,11,15,13,28,218,149,367,0,0,0,67,77,144,1484,1425,2909,2024-02-29T23:00:00Z
08,369,Ravna Gora,290,280,570,31,13,44,2,0,2,4,1,5,39,17,56,0,0,0,1,2,3,367,313,680,2024-02-29T23:00:00Z
08,373,Rijeka,28688,29178,57866,1511,1217,2728,23,13,36,1115,337,1452,874,1249,2123,8,6,14,90,114,204,32309,32114,64423,2024-02-29T23:00:00Z
08,38,Brod Moravice,42,41,83,30,5,35,1,0,1,0,1,1,9,4,13,0,0,0,1,2,3,83,53,136,2024-02-29T23:00:00Z
08,393,Skrad,44,37,81,4,5,9,0,1,1,1,1,2,3,5,8,0,0,0,2,0,2,54,49,103,2024-02-29T23:00:00Z
08,4,Bakar,2251,1225,3476,77,42,119,3,0,3,83,10,93,72,71,143,0,0,0,3,10,13,2489,1358,3847,2024-02-29T23:00:00Z
08,488,Vinodolska Općina,216,169,385,66,22,88,2,0,2,7,1,8,35,15,50,0,0,0,1,2,3,327,209,536,2024-02-29T23:00:00Z
08,495,Viškovo,1849,1218,3067,241,128,369,6,4,10,69,19,88,156,139,295,1,0,1,13,12,25,2335,1520,3855,2024-02-29T23:00:00Z
08,507,Vrbnik,151,106,257,37,13,50,8,4,12,0,0,0,34,30,64,0,0,0,2,1,3,232,154,386,2024-02-29T23:00:00Z
08,509,Vrbovsko,363,323,686,61,20,81,2,5,7,1,4,5,76,41,117,1,0,1,1,2,3,505,395,900,2024-02-29T23:00:00Z
08,52,Cres,536,441,977,82,24,106,8,7,15,12,3,15,56,66,122,0,0,0,7,6,13,701,547,1248,2024-02-29T23:00:00Z
08,53,Crikvenica,1314,1724,3038,237,135,372,6,2,8,40,26,66,236,199,435,0,0,0,17,27,44,1850,2113,3963,2024-02-29T23:00:00Z
08,538,Kostrena,645,333,978,42,30,72,1,1,2,94,7,101,21,46,67,0,0,0,2,5,7,805,422,1227,2024-02-29T23:00:00Z
08,55,Čabar,348,281,629,53,17,70,8,3,11,4,0,4,134,47,181,0,0,0,1,3,4,548,351,899,2024-02-29T23:00:00Z
08,61,Čavle,688,570,1258,102,56,158,0,1,1,41,9,50,104,79,183,0,0,0,2,1,3,937,716,1653,2024-02-29T23:00:00Z
08,624,Lopar,84,36,120,24,7,31,0,1,1,1,0,1,20,15,35,0,0,0,6,4,10,135,63,198,2024-02-29T23:00:00Z
08,69,Delnice,1074,768,1842,79,52,131,5,2,7,8,12,20,82,83,165,0,0,0,2,9,11,1250,926,2176,2024-02-29T23:00:00Z
08,74,Dobrinj,143,108,251,54,26,80,2,2,4,2,0,2,80,42,122,0,0,0,4,7,11,285,185,470,2024-02-29T23:00:00Z
08,8,Baška,201,176,377,50,26,76,6,1,7,1,5,6,33,42,75,0,0,0,19,35,54,310,285,595,2024-02-29T23:00:00Z
09,130,Gospić,2290,2387,4677,108,69,177,99,53,152,12,10,22,139,178,317,0,0,0,8,5,13,2656,2702,5358,2024-02-29T23:00:00Z
09,178,Karlobag,92,98,190,14,4,18,5,2,7,3,0,3,9,5,14,0,0,0,1,0,1,124,109,233,2024-02-29T23:00:00Z
09,240,Lovinac,194,84,278,0,0,0,1,1,2,1,0,1,5,5,10,0,0,0,0,0,0,201,90,291,2024-02-29T23:00:00Z
09,288,Novalja,844,664,1508,125,36,161,27,13,40,3,7,10,188,67,255,0,0,0,24,28,52,1211,815,2026,2024-02-29T23:00:00Z
09,313,Otočac,836,916,1752,91,37,128,61,34,95,9,6,15,96,118,214,0,0,0,1,5,6,1094,1116,2210,2024-02-29T23:00:00Z
09,323,Perušić,354,263,617,27,12,39,31,19,50,0,1,1,25,24,49,0,0,0,0,0,0,437,319,756,2024-02-29T23:00:00Z
09,37,Brinje,398,222,620,20,7,27,9,6,15,0,0,0,10,16,26,0,0,0,1,4,5,438,255,693,2024-02-29T23:00:00Z
09,387,Senj,742,639,1381,99,44,143,6,5,11,15,10,25,109,107,216,0,0,0,5,9,14,976,814,1790,2024-02-29T23:00:00Z
09,455,Plitvička Jezera,759,792,1551,48,31,79,60,15,75,5,7,12,247,163,410,0,0,0,2,2,4,1121,1010,2131,2024-02-29T23:00:00Z
09,467,Udbina,121,93,214,9,3,12,43,15,58,0,0,0,13,19,32,0,0,0,1,1,2,187,131,318,2024-02-29T23:00:00Z
09,512,Vrhovine,106,41,147,4,2,6,8,1,9,0,0,0,4,1,5,0,0,0,0,0,0,122,45,167,2024-02-29T23:00:00Z
09,84,Donji Lapac,121,72,193,6,3,9,26,6,32,0,0,0,13,7,20,0,0,0,0,0,0,166,88,254,2024-02-29T23:00:00Z
10,136,Gradina,82,105,187,16,12,28,110,43,153,2,0,2,42,28,70,0,0,0,0,1,1,252,189,441,2024-02-29T23:00:00Z
10,245,Lukač,209,134,343,12,6,18,48,15,63,1,0,1,42,32,74,0,0,0,1,1,2,313,188,501,2024-02-29T23:00:00Z
10,266,Mikleuš,73,49,122,10,1,11,16,4,20,0,0,0,13,11,24,0,0,0,0,0,0,112,65,177,2024-02-29T23:00:00Z
10,283,Nova Bukovica,43,39,82,10,8,18,36,8,44,1,0,1,24,18,42,0,0,0,0,0,0,114,73,187,2024-02-29T23:00:00Z
10,307,Orahovica,824,596,1420,78,36,114,9,3,12,10,9,19,106,113,219,0,0,0,10,3,13,1037,760,1797,2024-02-29T23:00:00Z
10,332,Pitomača,768,711,1479,93,55,148,152,81,233,4,7,11,205,172,377,0,0,0,2,3,5,1224,1029,2253,2024-02-29T23:00:00Z
10,395,Slatina,1534,1487,3021,156,81,237,128,41,169,11,19,30,183,247,430,0,0,0,5,5,10,2017,1880,3897,2024-02-29T23:00:00Z
10,407,Sopje,138,47,185,5,4,9,79,21,100,0,0,0,19,30,49,0,0,0,0,1,1,241,103,344,2024-02-29T23:00:00Z
10,424,Suhopolje,263,262,525,27,22,49,96,36,132,1,1,2,62,56,118,1,0,1,5,2,7,455,379,834,2024-02-29T23:00:00Z
10,449,Špišić Bukovica,156,150,306,28,9,37,133,51,184,2,2,4,47,54,101,0,0,0,0,0,0,366,266,632,2024-02-29T23:00:00Z
10,491,Virovitica,3964,4166,8130,192,117,309,92,29,121,31,22,53,362,353,715,1,0,1,11,6,17,4653,4693,9346,2024-02-29T23:00:00Z
10,499,Voćin,149,117,266,12,5,17,30,20,50,0,0,0,15,8,23,0,0,0,9,0,9,215,150,365,2024-02-29T23:00:00Z
10,524,Zdenci,230,114,344,11,3,14,16,7,23,0,2,2,13,12,25,0,0,0,0,1,1,270,139,409,2024-02-29T23:00:00Z
10,54,Crnac,26,26,52,16,4,20,21,8,29,0,1,1,18,11,29,0,0,0,0,0,0,81,50,131,2024-02-29T23:00:00Z
10,56,Čačinci,159,98,257,23,18,41,21,12,33,0,2,2,33,32,65,0,0,0,1,3,4,237,165,402,2024-02-29T23:00:00Z
10,57,Čađavica,107,81,188,14,10,24,63,20,83,0,0,0,45,26,71,0,0,0,0,0,0,229,137,366,2024-02-29T23:00:00Z
11,164,Jakšić,170,118,288,34,12,46,25,5,30,0,2,2,33,18,51,0,0,0,0,0,0,262,155,417,2024-02-29T23:00:00Z
11,177,Kaptol,105,94,199,16,2,18,22,3,25,0,1,1,47,10,57,0,0,0,0,1,1,190,111,301,2024-02-29T23:00:00Z
11,221,Kutjevo,545,470,1015,62,26,88,62,27,89,1,1,2,73,70,143,0,0,0,1,4,5,744,598,1342,2024-02-29T23:00:00Z
11,231,Lipik,752,631,1383,42,16,58,28,19,47,3,5,8,59,60,119,0,0,0,2,0,2,886,731,1617,2024-02-29T23:00:00Z
11,318,Pakrac,682,1092,1774,90,38,128,50,16,66,12,7,19,176,91,267,0,0,0,1,5,6,1011,1249,2260,2024-02-29T23:00:00Z
11,334,Pleternica,530,511,1041,96,38,134,51,12,63,3,6,9,181,117,298,0,0,0,2,9,11,863,693,1556,2024-02-29T23:00:00Z
11,35,Brestovac,106,116,222,23,2,25,13,3,16,1,1,2,30,11,41,0,0,0,0,0,0,173,133,306,2024-02-29T23:00:00Z
11,351,Požega,5066,4534,9600,326,179,505,116,41,157,42,59,101,368,373,741,0,1,1,10,23,33,5928,5210,11138,2024-02-29T23:00:00Z
11,475,Velika,433,319,752,29,20,49,21,3,24,2,2,4,47,42,89,0,0,0,0,1,1,532,387,919,2024-02-29T23:00:00Z
11,58,Čaglin,101,185,286,10,1,11,15,4,19,0,1,1,15,12,27,0,0,0,0,0,0,141,203,344,2024-02-29T23:00:00Z
12,10,Bebrina,50,59,109,17,7,24,16,5,21,2,0,2,16,11,27,0,0,0,1,0,1,102,82,184,2024-02-29T23:00:00Z
12,118,Garčin,153,178,331,33,11,44,36,18,54,0,0,0,32,38,70,0,0,0,1,0,1,255,245,500,2024-02-29T23:00:00Z
12,127,Gornji Bogićevci,71,63,134,11,2,13,10,2,12,0,0,0,21,26,47,0,0,0,0,0,0,113,93,206,2024-02-29T23:00:00Z
12,140,Gundinci,83,50,133,17,5,22,52,24,76,0,0,0,20,9,29,0,0,0,0,0,0,172,88,260,2024-02-29T23:00:00Z
12,185,Klakar,124,76,200,11,7,18,19,5,24,0,1,1,13,23,36,0,0,0,0,0,0,167,112,279,2024-02-29T23:00:00Z
12,284,Nova Gradiška,2417,2239,4656,169,99,268,26,15,41,21,18,39,279,316,595,0,0,0,1,6,7,2913,2693,5606,2024-02-29T23:00:00Z
12,285,Nova Kapela,158,206,364,31,15,46,21,7,28,2,3,5,52,53,105,0,0,0,1,0,1,265,284,549,2024-02-29T23:00:00Z
12,299,Okučani,229,166,395,37,6,43,12,3,15,0,0,0,46,21,67,0,0,0,1,2,3,325,198,523,2024-02-29T23:00:00Z
12,303,Oprisavci,343,184,527,13,2,15,36,12,48,1,0,1,8,22,30,0,0,0,0,0,0,401,220,621,2024-02-29T23:00:00Z
12,309,Oriovac,308,308,616,49,23,72,22,15,37,2,3,5,59,53,112,0,0,0,2,4,6,442,406,848,2024-02-29T23:00:00Z
12,338,Podcrkavlje,43,48,91,16,2,18,7,2,9,0,1,1,15,7,22,0,0,0,0,2,2,81,62,143,2024-02-29T23:00:00Z
12,372,Rešetari,217,225,442,42,12,54,17,7,24,3,1,4,82,49,131,0,0,0,1,1,2,362,295,657,2024-02-29T23:00:00Z
12,388,Sibinj,196,222,418,72,21,93,20,2,22,0,0,0,67,41,108,0,0,0,2,4,6,357,290,647,2024-02-29T23:00:00Z
12,39,Brodski Stupnik,75,61,136,16,10,26,9,3,12,1,0,1,73,44,117,0,0,0,1,1,2,175,119,294,2024-02-29T23:00:00Z
12,396,Slavonski Brod,14716,9936,24652,684,382,1066,45,28,73,71,79,150,1003,956,1959,0,0,0,18,23,41,16537,11404,27941,2024-02-29T23:00:00Z
12,397,Slavonski Šamac,85,70,155,13,2,15,15,9,24,0,1,1,25,8,33,0,0,0,1,0,1,139,90,229,2024-02-29T23:00:00Z
12,412,Stara Gradiška,167,109,276,7,5,12,6,4,10,0,0,0,18,7,25,0,0,0,0,0,0,198,125,323,2024-02-29T23:00:00Z
12,418,Staro Petrovo Selo,233,135,368,41,14,55,40,18,58,1,1,2,105,54,159,0,0,0,0,2,2,420,224,644,2024-02-29T23:00:00Z
12,46,Cernik,134,195,329,40,12,52,10,6,16,4,1,5,62,27,89,0,0,0,0,1,1,250,242,492,2024-02-29T23:00:00Z
12,476,Velika Kopanica,213,128,341,32,8,40,31,17,48,1,1,2,43,21,64,0,0,0,0,1,1,320,176,496,2024-02-29T23:00:00Z
12,506,Vrbje,37,27,64,10,2,12,20,2,22,0,0,0,19,18,37,0,0,0,0,1,1,86,50,136,2024-02-29T23:00:00Z
12,514,Vrpolje,212,133,345,27,5,32,45,15,60,0,2,2,23,19,42,0,0,0,0,1,1,307,175,482,2024-02-29T23:00:00Z
12,567,Bukovlje,173,70,243,20,13,33,2,2,4,0,0,0,14,15,29,0,0,0,1,3,4,210,103,313,2024-02-29T23:00:00Z
12,568,Dragalić,35,50,85,9,1,10,6,2,8,0,0,0,6,6,12,0,0,0,0,0,0,56,59,115,2024-02-29T23:00:00Z
12,569,Gornja Vrba,419,172,591,19,7,26,2,2,4,1,1,2,20,26,46,0,0,0,0,1,1,461,209,670,2024-02-29T23:00:00Z
12,570,Sikirevci,45,50,95,23,8,31,36,13,49,0,0,0,12,9,21,0,0,0,2,1,3,118,81,199,2024-02-29T23:00:00Z
12,68,Davor,138,118,256,14,7,21,13,4,17,2,0,2,14,25,39,0,0,0,1,0,1,182,154,336,2024-02-29T23:00:00Z
12,81,Donji Andrijevci,198,138,336,27,16,43,21,5,26,0,1,1,26,19,45,0,0,0,1,1,2,273,180,453,2024-02-29T23:00:00Z
13,131,Gračac,264,251,515,23,16,39,73,35,108,2,1,3,56,43,99,0,0,0,3,1,4,421,347,768,2024-02-29T23:00:00Z
13,167,Jasenice,174,90,264,17,2,19,9,5,14,2,0,2,14,7,21,0,0,0,0,5,5,216,109,325,2024-02-29T23:00:00Z
13,17,Benkovac,1307,1118,2425,126,50,176,110,62,172,14,9,23,247,131,378,0,0,0,10,6,16,1814,1376,3190,2024-02-29T23:00:00Z
13,173,Kali,318,135,453,26,15,41,2,1,3,20,0,20,39,28,67,0,0,0,0,1,1,405,180,585,2024-02-29T23:00:00Z
13,20,Bibinje,250,209,459,65,29,94,3,1,4,4,6,10,85,63,148,0,0,0,3,3,6,410,311,721,2024-02-29T23:00:00Z
13,22,Biograd Na Moru,1206,1468,2674,169,77,246,27,20,47,18,8,26,165,213,378,0,0,0,10,18,28,1595,1804,3399,2024-02-29T23:00:00Z
13,234,Lišane Ostrovičke,31,30,61,9,2,11,2,1,3,0,0,0,7,9,16,0,0,0,0,0,0,49,42,91,2024-02-29T23:00:00Z
13,282,Nin,564,432,996,49,17,66,8,6,14,6,1,7,52,33,85,0,0,0,23,27,50,702,516,1218,2024-02-29T23:00:00Z
13,296,Obrovac,419,269,688,43,13,56,47,9,56,5,2,7,19,34,53,0,0,0,3,7,10,536,334,870,2024-02-29T23:00:00Z
13,316,Pag,534,460,994,62,30,92,37,13,50,6,5,11,75,58,133,0,0,0,8,9,17,722,575,1297,2024-02-29T23:00:00Z
13,317,Pakoštane,406,334,740,69,22,91,16,18,34,9,4,13,130,59,189,0,0,0,13,28,41,643,465,1108,2024-02-29T23:00:00Z
13,320,Pašman,130,116,246,47,12,59,5,4,9,21,0,21,46,24,70,0,0,0,3,4,7,252,160,412,2024-02-29T23:00:00Z
13,344,Polača,110,73,183,19,9,28,6,2,8,2,0,2,16,15,31,0,0,0,1,1,2,154,100,254,2024-02-29T23:00:00Z
13,345,Poličnik,539,401,940,69,15,84,10,8,18,8,2,10,64,29,93,0,0,0,1,2,3,691,457,1148,2024-02-29T23:00:00Z
13,349,Posedarje,145,181,326,45,18,63,8,9,17,10,2,12,48,40,88,0,0,0,2,5,7,258,255,513,2024-02-29T23:00:00Z
13,354,Preko,320,448,768,57,20,77,7,4,11,34,2,36,47,30,77,0,0,0,4,9,13,469,513,982,2024-02-29T23:00:00Z
13,371,Ražanac,91,113,204,25,10,35,9,6,15,11,0,11,35,17,52,0,0,0,4,0,4,175,146,321,2024-02-29T23:00:00Z
13,379,Sali,196,183,379,41,12,53,6,2,8,8,2,10,32,24,56,0,0,0,1,4,5,284,227,511,2024-02-29T23:00:00Z
13,411,Stankovci,235,188,423,47,6,53,3,3,6,1,1,2,41,15,56,0,0,0,0,0,0,327,213,540,2024-02-29T23:00:00Z
13,416,Starigrad,158,141,299,43,28,71,9,4,13,1,0,1,34,39,73,0,0,0,5,24,29,250,236,486,2024-02-29T23:00:00Z
13,425,Sukošan,491,327,818,78,24,102,13,6,19,6,1,7,67,58,125,0,0,0,1,9,10,656,425,1081,2024-02-29T23:00:00Z
13,428,Sveti Filip I Jakov,249,370,619,44,23,67,8,2,10,13,3,16,37,37,74,0,0,0,4,8,12,355,443,798,2024-02-29T23:00:00Z
13,445,Škabrnje,91,68,159,34,5,39,6,3,9,2,0,2,19,11,30,0,0,0,1,2,3,153,89,242,2024-02-29T23:00:00Z
13,489,Vir,328,305,633,58,18,76,2,2,4,2,1,3,44,37,81,0,0,0,4,3,7,438,366,804,2024-02-29T23:00:00Z
13,520,Zadar,15809,17061,32870,1245,750,1995,50,33,83,680,204,884,1337,1443,2780,4,0,4,100,108,208,19225,19599,38824,2024-02-29T23:00:00Z
13,525,Zemunik Donji,203,275,478,23,6,29,4,4,8,1,0,1,30,14,44,0,0,0,6,3,9,267,302,569,2024-02-29T23:00:00Z
13,537,Novigrad,86,96,182,28,4,32,6,5,11,5,1,6,26,13,39,0,0,0,2,1,3,153,120,273,2024-02-29T23:00:00Z
13,571,Galovac,41,73,114,17,2,19,2,5,7,3,2,5,15,9,24,0,0,0,0,0,0,78,91,169,2024-02-29T23:00:00Z
13,572,Kukljica,47,37,84,23,2,25,1,0,1,4,1,5,18,7,25,0,0,0,1,0,1,94,47,141,2024-02-29T23:00:00Z
13,573,Povljana,47,41,88,13,6,19,5,1,6,5,0,5,9,7,16,0,0,0,0,3,3,79,58,137,2024-02-29T23:00:00Z
13,574,Privlaka,145,146,291,24,12,36,1,2,3,8,2,10,23,9,32,0,0,0,4,1,5,205,172,377,2024-02-29T23:00:00Z
13,575,Tkon,105,68,173,27,8,35,2,1,3,3,0,3,43,25,68,0,0,0,2,1,3,182,103,285,2024-02-29T23:00:00Z
13,622,Kolan,138,82,220,19,4,23,5,2,7,1,0,1,17,14,31,0,0,0,4,0,4,184,102,286,2024-02-29T23:00:00Z
13,625,Vrsi,138,49,187,17,11,28,5,3,8,16,0,16,25,33,58,0,0,0,2,1,3,203,97,300,2024-02-29T23:00:00Z
14,103,Đakovo,2988,2971,5959,511,237,748,227,90,317,27,36,63,616,558,1174,0,0,0,10,17,27,4379,3909,8288,2024-02-29T23:00:00Z
14,106,Đurđenovac,500,515,1015,45,11,56,18,12,30,0,5,5,63,48,111,0,0,0,7,0,7,633,591,1224,2024-02-29T23:00:00Z
14,110,Erdut,328,240,568,35,14,49,54,13,67,2,4,6,55,42,97,0,0,0,0,2,2,474,315,789,2024-02-29T23:00:00Z
14,111,Ernestinovo,86,186,272,5,5,10,23,5,28,1,1,2,12,11,23,0,0,0,1,0,1,128,208,336,2024-02-29T23:00:00Z
14,116,Feričanci,130,118,248,26,6,32,3,0,3,0,1,1,38,14,52,0,0,0,0,1,1,197,140,337,2024-02-29T23:00:00Z
14,124,Gorjani,143,164,307,16,8,24,9,6,15,0,0,0,7,5,12,0,0,0,0,0,0,175,183,358,2024-02-29T23:00:00Z
14,13,Beli Manastir,1045,1148,2193,106,55,161,69,33,102,7,14,21,124,107,231,1,0,1,1,1,2,1353,1358,2711,2024-02-29T23:00:00Z
14,16,Belišće,1718,631,2349,78,43,121,24,5,29,9,7,16,94,90,184,0,0,0,0,1,1,1923,777,2700,2024-02-29T23:00:00Z
14,195,Kneževi Vinogradi,232,276,508,33,7,40,31,8,39,1,2,3,67,74,141,0,0,0,0,0,0,364,367,731,2024-02-29T23:00:00Z
14,2,Antunovac,205,169,374,34,14,48,12,6,18,1,0,1,17,18,35,0,0,0,0,0,0,269,207,476,2024-02-29T23:00:00Z
14,205,Koška,190,170,360,23,8,31,26,6,32,2,2,4,30,26,56,0,0,0,1,2,3,272,214,486,2024-02-29T23:00:00Z
14,21,Bilje,311,301,612,50,25,75,18,11,29,1,2,3,53,39,92,0,0,0,0,2,2,433,380,813,2024-02-29T23:00:00Z
14,23,Bizovac,259,229,488,26,11,37,25,7,32,2,4,6,32,38,70,0,0,0,4,11,15,348,300,648,2024-02-29T23:00:00Z
14,230,Levanjska Varoš,33,29,62,4,2,6,6,5,11,0,0,0,4,5,9,0,0,0,0,0,0,47,41,88,2024-02-29T23:00:00Z
14,257,Marijanci,84,76,160,6,5,11,10,0,10,0,0,0,14,20,34,0,0,0,0,1,1,114,102,216,2024-02-29T23:00:00Z
14,271,Moslavina Podravska,15,18,33,4,2,6,13,5,18,0,0,0,17,10,27,0,0,0,0,0,0,49,35,84,2024-02-29T23:00:00Z
14,278,Našice,2293,1849,4142,197,101,298,61,28,89,27,29,56,220,260,480,0,0,0,8,9,17,2806,2276,5082,2024-02-29T23:00:00Z
14,312,Osijek,24866,23239,48105,1032,742,1774,126,52,178,170,189,359,774,1151,1925,2,1,3,27,48,75,26997,25422,52419,2024-02-29T23:00:00Z
14,325,Petlovac,43,39,82,7,5,12,12,0,12,0,0,0,17,8,25,0,0,0,0,0,0,79,52,131,2024-02-29T23:00:00Z
14,327,Petrijevci,248,189,437,19,4,23,5,2,7,0,1,1,9,8,17,1,0,1,0,1,1,282,205,487,2024-02-29T23:00:00Z
14,340,Podgorač,115,83,198,24,9,33,24,4,28,1,1,2,17,25,42,0,0,0,0,0,0,181,122,303,2024-02-29T23:00:00Z
14,346,Popovac,47,52,99,1,3,4,5,2,7,1,0,1,3,1,4,0,0,0,0,0,0,57,58,115,2024-02-29T23:00:00Z
14,361,Punitovci,51,77,128,21,6,27,14,4,18,0,0,0,38,7,45,0,0,0,0,0,0,124,94,218,2024-02-29T23:00:00Z
14,381,Satnica Đakovačka,131,87,218,21,6,27,10,3,13,0,0,0,47,24,71,0,0,0,0,0,0,209,120,329,2024-02-29T23:00:00Z
14,386,Semeljci,207,190,397,45,16,61,47,18,65,1,1,2,73,35,108,0,0,0,0,2,2,373,262,635,2024-02-29T23:00:00Z
14,421,Strizivojna,302,303,605,20,11,31,15,3,18,0,0,0,20,11,31,0,0,0,0,0,0,357,328,685,2024-02-29T23:00:00Z
14,461,Trnava,60,66,126,5,4,9,10,3,13,0,0,0,11,6,17,0,0,0,0,0,0,86,79,165,2024-02-29T23:00:00Z
14,471,Valpovo,853,1159,2012,102,66,168,54,17,71,14,14,28,90,120,210,0,0,0,6,16,22,1119,1392,2511,2024-02-29T23:00:00Z
14,485,Viljevo,67,69,136,10,0,10,18,4,22,0,0,0,17,13,30,0,0,0,0,1,1,112,87,199,2024-02-29T23:00:00Z
14,494,Viškovci,278,198,476,23,6,29,12,4,16,0,0,0,16,9,25,0,0,0,1,0,1,330,217,547,2024-02-29T23:00:00Z
14,517,Vuka,30,49,79,17,2,19,11,4,15,0,0,0,23,12,35,0,0,0,0,0,0,81,67,148,2024-02-29T23:00:00Z
14,576,Donja Motičina,20,13,33,12,4,16,1,1,2,1,0,1,17,9,26,0,0,0,0,0,0,51,27,78,2024-02-29T23:00:00Z
14,578,Magadenovac,84,111,195,5,4,9,21,8,29,0,1,1,15,16,31,0,0,0,0,0,0,125,140,265,2024-02-29T23:00:00Z
14,579,Vladislavci,126,88,214,5,0,5,5,6,11,1,0,1,13,3,16,0,0,0,0,0,0,150,97,247,2024-02-29T23:00:00Z
14,609,Jagodnjak,90,70,160,8,2,10,23,6,29,0,0,0,10,3,13,0,0,0,0,0,0,131,81,212,2024-02-29T23:00:00Z
14,614,Šodolovci,26,12,38,0,0,0,0,0,0,0,0,0,8,5,13,0,0,0,0,0,0,34,17,51,2024-02-29T23:00:00Z
14,64,Čeminac,67,81,148,12,0,12,4,1,5,0,0,0,23,13,36,0,0,0,0,0,0,106,95,201,2024-02-29T23:00:00Z
14,65,Čepin,852,615,1467,106,41,147,59,28,87,4,6,10,101,109,210,0,0,0,1,1,2,1123,800,1923,2024-02-29T23:00:00Z
14,66,Darda,1773,824,2597,57,34,91,32,9,41,3,4,7,65,51,116,0,0,0,1,1,2,1931,923,2854,2024-02-29T23:00:00Z
14,86,Donji Miholjac,1187,1005,2192,117,65,182,162,41,203,6,9,15,157,129,286,1,0,1,3,8,11,1633,1257,2890,2024-02-29T23:00:00Z
14,91,Draž,79,105,184,11,3,14,15,5,20,0,0,0,9,10,19,0,0,0,0,1,1,114,124,238,2024-02-29T23:00:00Z
14,94,Drenje,97,98,195,31,5,36,42,9,51,0,0,0,17,17,34,0,0,0,1,0,1,188,129,317,2024-02-29T23:00:00Z
15,113,Ervenik,34,43,77,2,0,2,3,1,4,0,0,0,5,3,8,0,0,0,0,0,0,44,47,91,2024-02-29T23:00:00Z
15,183,Kijevo,27,29,56,2,0,2,0,0,0,0,0,0,0,0,0,0,0,0,0,0,0,29,29,58,2024-02-29T23:00:00Z
15,184,Kistanje,67,79,146,17,4,21,1,2,3,1,0,1,13,12,25,0,0,0,0,0,0,99,97,196,2024-02-29T23:00:00Z
15,196,Knin,1319,1475,2794,132,73,205,65,19,84,33,4,37,169,149,318,0,0,0,4,4,8,1722,1724,3446,2024-02-29T23:00:00Z
15,298,Promina,124,91,215,1,1,2,1,2,3,0,0,0,1,1,2,0,0,0,0,1,1,127,96,223,2024-02-29T23:00:00Z
15,310,Biskupija,118,27,145,2,0,2,1,0,1,1,0,1,1,1,2,0,0,0,0,1,1,123,29,152,2024-02-29T23:00:00Z
15,357,Primošten,259,297,556,110,29,139,6,2,8,6,3,9,43,36,79,0,1,1,8,7,15,432,375,807,2024-02-29T23:00:00Z
15,377,Ružić,31,29,60,6,1,7,5,5,10,0,0,0,2,12,14,0,0,0,0,0,0,44,47,91,2024-02-29T23:00:00Z
15,394,Skradin,143,176,319,49,15,64,18,7,25,3,2,5,45,34,79,0,0,0,1,3,4,259,237,496,2024-02-29T23:00:00Z
15,444,Šibenik,8440,8728,17168,704,377,1081,29,12,41,203,102,305,609,666,1275,0,0,0,24,43,67,10009,9928,19937,2024-02-29T23:00:00Z
15,454,Tisno,384,296,680,96,32,128,7,0,7,9,4,13,50,56,106,0,0,0,5,9,14,551,397,948,2024-02-29T23:00:00Z
15,469,Unešić,50,73,123,11,0,11,4,1,5,1,0,1,11,7,18,0,0,0,0,0,0,77,81,158,2024-02-29T23:00:00Z
15,500,Vodice,1082,1069,2151,306,122,428,15,7,22,18,10,28,272,178,450,0,0,0,10,43,53,1703,1429,3132,2024-02-29T23:00:00Z
15,51,Civljane,57,11,68,1,1,2,0,0,0,0,0,0,3,2,5,0,0,0,0,0,0,61,14,75,2024-02-29T23:00:00Z
15,581,Pirovac,160,163,323,35,17,52,5,4,9,2,1,3,61,37,98,0,0,0,0,0,0,263,222,485,2024-02-29T23:00:00Z
15,582,Rogoznica,293,266,559,48,19,67,1,1,2,6,1,7,50,33,83,0,0,0,3,5,8,401,325,726,2024-02-29T23:00:00Z
15,617,Murter,254,258,512,61,35,96,3,1,4,16,3,19,70,51,121,0,0,0,25,19,44,429,367,796,2024-02-29T23:00:00Z
15,621,Bilice,106,44,150,27,10,37,0,0,0,7,0,7,22,10,32,0,0,0,0,0,0,162,64,226,2024-02-29T23:00:00Z
15,626,Tribunj,99,106,205,21,12,33,1,0,1,5,0,5,66,34,100,0,0,0,2,1,3,194,153,347,2024-02-29T23:00:00Z
15,95,Drniš,925,648,1573,69,56,125,54,25,79,6,6,12,99,86,185,0,0,0,1,3,4,1154,824,1978,2024-02-29T23:00:00Z
16,1,Andrijaševci,72,133,205,24,13,37,12,4,16,1,1,2,30,30,60,0,0,0,1,5,6,140,186,326,2024-02-29T23:00:00Z
16,137,Gradište,81,114,195,19,4,23,30,5,35,0,1,1,17,14,31,0,0,0,0,0,0,147,138,285,2024-02-29T23:00:00Z
16,141,Gunja,242,129,371,27,10,37,45,13,58,1,0,1,43,13,56,0,0,0,0,1,1,358,166,524,2024-02-29T23:00:00Z
16,154,Ilok,472,551,1023,68,23,91,53,17,70,0,2,2,108,95,203,1,0,1,0,0,0,702,688,1390,2024-02-29T23:00:00Z
16,159,Ivankovo,356,453,809,69,34,103,55,14,69,3,5,8,110,70,180,0,0,0,2,1,3,595,577,1172,2024-02-29T23:00:00Z
16,166,Jarmina,34,82,116,20,12,32,28,9,37,0,1,1,24,33,57,0,0,0,0,0,0,106,137,243,2024-02-29T23:00:00Z
16,239,Lovas,60,65,125,6,0,6,13,1,14,0,0,0,5,6,11,0,0,0,0,0,0,84,72,156,2024-02-29T23:00:00Z
16,26,Bogdanovci,29,16,45,4,0,4,6,4,10,0,0,0,15,3,18,0,0,0,0,0,0,54,23,77,2024-02-29T23:00:00Z
16,29,Borovo,70,95,165,50,14,64,26,6,32,1,3,4,79,76,155,0,0,0,3,1,4,229,195,424,2024-02-29T23:00:00Z
16,294,Nuštar,275,320,595,46,19,65,22,5,27,2,1,3,61,33,94,0,0,0,0,2,2,406,380,786,2024-02-29T23:00:00Z
16,295,Nijemci,226,208,434,28,9,37,85,22,107,0,1,1,69,35,104,0,0,0,0,1,1,408,276,684,2024-02-29T23:00:00Z
16,3,Babina Greda,174,202,376,36,17,53,76,26,102,2,0,2,37,40,77,0,0,0,0,2,2,325,287,612,2024-02-29T23:00:00Z
16,32,Bošnjaci,120,108,228,27,7,34,28,4,32,2,0,2,38,41,79,0,0,0,0,0,0,215,160,375,2024-02-29T23:00:00Z
16,414,Stari Jankovci,143,113,256,19,5,24,40,9,49,3,0,3,30,18,48,0,0,0,1,2,3,236,147,383,2024-02-29T23:00:00Z
16,415,Stari Mikanovci,111,133,244,23,9,32,26,14,40,4,1,5,32,44,76,0,0,0,1,0,1,197,201,398,2024-02-29T23:00:00Z
16,44,Cerna,461,234,695,48,29,77,52,18,70,2,1,3,59,73,132,0,0,0,2,0,2,624,355,979,2024-02-29T23:00:00Z
16,456,Tompojevci,25,35,60,13,5,18,36,11,47,0,0,0,14,12,26,0,0,0,0,0,0,88,63,151,2024-02-29T23:00:00Z
16,458,Tordinci,103,90,193,4,1,5,9,0,9,0,0,0,5,12,17,0,0,0,0,0,0,121,103,224,2024-02-29T23:00:00Z
16,459,Tovarnik,197,146,343,21,3,24,47,22,69,1,1,2,15,25,40,0,0,0,0,0,0,281,197,478,2024-02-29T23:00:00Z
16,464,Trpinja,105,217,322,27,11,38,76,18,94,1,0,1,36,28,64,0,0,0,0,1,1,245,275,520,2024-02-29T23:00:00Z
16,487,Vinkovci,8092,6645,14737,326,221,547,46,24,70,57,50,107,477,621,1098,1,0,1,13,19,32,9012,7580,16592,2024-02-29T23:00:00Z
16,505,Vrbanja,322,139,461,30,11,41,62,17,79,1,1,2,43,38,81,0,0,0,5,1,6,463,207,670,2024-02-29T23:00:00Z
16,518,Vukovar,4562,4781,9343,320,179,499,107,35,142,23,28,51,429,404,833,0,0,0,5,12,17,5446,5439,10885,2024-02-29T23:00:00Z
16,534,Županja,1990,1471,3461,143,59,202,39,16,55,22,16,38,163,188,351,1,0,1,5,8,13,2363,1758,4121,2024-02-29T23:00:00Z
16,535,Otok (Vinkovci),425,323,748,40,25,65,55,11,66,5,1,6,74,58,132,0,0,0,0,2,2,599,420,1019,2024-02-29T23:00:00Z
16,583,Privlaka,96,82,178,21,8,29,23,8,31,0,1,1,16,19,35,0,0,0,0,0,0,156,118,274,2024-02-29T23:00:00Z
16,584,Vođinci,59,164,223,14,3,17,6,5,11,0,1,1,15,19,34,0,0,0,0,0,0,94,192,286,2024-02-29T23:00:00Z
16,610,Markušica,36,58,94,11,4,15,47,15,62,0,1,1,17,12,29,0,0,0,2,0,2,113,90,203,2024-02-29T23:00:00Z
16,612,Negoslavci,18,33,51,7,1,8,10,3,13,1,0,1,13,13,26,0,0,0,0,0,0,49,50,99,2024-02-29T23:00:00Z
16,628,Štitar,97,76,173,10,1,11,12,3,15,0,0,0,12,5,17,0,0,0,0,0,0,131,85,216,2024-02-29T23:00:00Z
16,92,Drenovci,116,173,289,40,3,43,109,36,145,1,1,2,47,54,101,0,0,0,1,2,3,314,269,583,2024-02-29T23:00:00Z
17,100,Dugi Rat,657,642,1299,89,33,122,0,2,2,38,10,48,176,108,284,0,0,0,19,23,42,979,818,1797,2024-02-29T23:00:00Z
17,134,Gradac,156,159,315,44,11,55,4,1,5,4,1,5,20,28,48,0,0,0,10,15,25,238,215,453,2024-02-29T23:00:00Z
17,148,Hrvace,326,179,505,57,20,77,11,9,20,1,3,4,52,37,89,0,0,0,1,1,2,448,249,697,2024-02-29T23:00:00Z
17,153,Hvar,600,574,1174,182,74,256,20,12,32,16,4,20,146,138,284,3,0,3,70,66,136,1037,868,1905,2024-02-29T23:00:00Z
17,155,Imotski,1466,1428,2894,195,97,292,15,8,23,30,14,44,133,173,306,0,0,0,9,15,24,1848,1735,3583,2024-02-29T23:00:00Z
17,171,Jelsa,352,312,664,91,32,123,46,22,68,11,1,12,98,48,146,0,1,1,10,11,21,608,427,1035,2024-02-29T23:00:00Z
17,181,Kaštela,3881,4157,8038,553,290,843,31,11,42,134,41,175,574,621,1195,0,0,0,89,33,122,5262,5153,10415,2024-02-29T23:00:00Z
17,192,Klis,281,215,496,32,11,43,10,2,12,33,2,35,54,30,84,0,0,0,2,3,5,412,263,675,2024-02-29T23:00:00Z
17,197,Komiža,134,145,279,59,20,79,7,2,9,3,2,5,22,24,46,0,0,0,13,12,25,238,205,443,2024-02-29T23:00:00Z
17,243,Lovreć,163,79,242,16,8,24,4,1,5,2,0,2,34,17,51,0,0,0,0,3,3,219,108,327,2024-02-29T23:00:00Z
17,249,Makarska,2732,2579,5311,288,180,468,5,1,6,47,31,78,332,340,672,3,0,3,82,104,186,3489,3235,6724,2024-02-29T23:00:00Z
17,258,Marina,225,253,478,69,34,103,7,5,12,7,1,8,46,40,86,1,0,1,4,5,9,359,338,697,2024-02-29T23:00:00Z
17,267,Milna,77,88,165,29,10,39,7,2,9,6,0,6,24,21,45,0,0,0,1,3,4,144,124,268,2024-02-29T23:00:00Z
17,27,Bol,296,349,645,54,21,75,6,3,9,4,3,7,56,27,83,0,0,0,8,13,21,424,416,840,2024-02-29T23:00:00Z
17,280,Nerežišća,155,68,223,21,5,26,2,2,4,2,0,2,28,19,47,0,0,0,0,1,1,208,95,303,2024-02-29T23:00:00Z
17,300,Omiš,1632,1721,3353,259,100,359,13,6,19,42,16,58,288,257,545,1,0,1,19,33,52,2254,2133,4387,2024-02-29T23:00:00Z
17,314,Otok,219,188,407,76,25,101,10,1,11,4,1,5,98,53,151,0,0,0,2,1,3,409,269,678,2024-02-29T23:00:00Z
17,337,Podbablje,288,212,500,39,5,44,6,0,6,2,3,5,26,38,64,0,0,0,1,2,3,362,260,622,2024-02-29T23:00:00Z
17,339,Podgora,222,191,413,42,12,54,2,0,2,2,2,4,30,27,57,0,0,0,30,28,58,328,260,588,2024-02-29T23:00:00Z
17,341,Podstrana,921,771,1692,71,32,103,13,3,16,51,6,57,71,90,161,1,0,1,10,24,34,1138,926,2064,2024-02-29T23:00:00Z
17,350,Postira,273,261,534,30,17,47,7,2,9,1,3,4,21,9,30,0,0,0,1,2,3,333,294,627,2024-02-29T23:00:00Z
17,358,Pučišća,202,138,340,56,9,65,13,4,17,7,1,8,39,15,54,0,0,0,1,3,4,318,170,488,2024-02-29T23:00:00Z
17,382,Seget,481,407,888,51,9,60,6,4,10,10,2,12,186,63,249,0,0,0,16,23,39,750,508,1258,2024-02-29T23:00:00Z
17,383,Selca,134,109,243,60,16,76,12,6,18,7,1,8,59,30,89,0,0,0,1,3,4,273,165,438,2024-02-29T23:00:00Z
17,389,Sinj,1974,2079,4053,393,173,566,58,19,77,45,39,84,366,376,742,0,0,0,6,13,19,2842,2699,5541,2024-02-29T23:00:00Z
17,406,Solin,3932,3214,7146,309,194,503,13,8,21,144,40,184,335,308,643,0,0,0,12,11,23,4745,3775,8520,2024-02-29T23:00:00Z
17,409,Split,36394,39923,76317,1826,1301,3127,65,44,109,2376,420,2796,1563,2182,3745,9,2,11,188,226,414,42421,44098,86519,2024-02-29T23:00:00Z
17,413,Stari Grad,365,344,709,72,27,99,21,17,38,4,3,7,58,44,102,0,0,0,19,23,42,539,458,997,2024-02-29T23:00:00Z
17,423,Sućuraj,30,27,57,23,3,26,2,1,3,0,0,0,12,7,19,0,0,0,1,0,1,68,38,106,2024-02-29T23:00:00Z
17,427,Supetar,610,756,1366,136,75,211,20,8,28,29,13,42,109,127,236,0,0,0,11,4,15,915,983,1898,2024-02-29T23:00:00Z
17,443,Šestanovac,157,138,295,32,9,41,12,2,14,1,2,3,19,24,43,0,0,0,2,1,3,223,176,399,2024-02-29T23:00:00Z
17,447,Šolta,199,134,333,21,17,38,10,4,14,13,1,14,17,12,29,0,0,0,9,9,18,269,177,446,2024-02-29T23:00:00Z
17,460,Trilj,553,586,1139,170,49,219,23,11,34,12,1,13,129,130,259,2,0,2,1,6,7,890,783,1673,2024-02-29T23:00:00Z
17,463,Trogir,2084,1981,4065,371,179,550,15,6,21,75,37,112,323,411,734,0,0,0,24,70,94,2892,2684,5576,2024-02-29T23:00:00Z
17,492,Vis,269,271,540,67,21,88,12,5,17,5,1,6,37,22,59,0,0,0,17,10,27,407,330,737,2024-02-29T23:00:00Z
17,50,Cista Provo,116,176,292,29,6,35,8,1,9,1,0,1,5,10,15,0,0,0,0,4,4,159,197,356,2024-02-29T23:00:00Z
17,511,Vrgorac,998,737,1735,54,30,84,25,14,39,5,6,11,52,73,125,0,0,0,2,4,6,1136,864,2000,2024-02-29T23:00:00Z
17,513,Vrlika,99,206,305,15,4,19,13,9,22,2,0,2,24,7,31,0,0,0,0,0,0,153,226,379,2024-02-29T23:00:00Z
17,522,Zagvozd,150,78,228,22,3,25,3,1,4,0,0,0,17,8,25,0,0,0,0,0,0,192,90,282,2024-02-29T23:00:00Z
17,528,Zmijavci,112,122,234,8,2,10,0,2,2,3,0,3,30,14,44,0,0,0,0,1,1,153,141,294,2024-02-29T23:00:00Z
17,585,Dugopolje,1788,996,2784,54,17,71,4,1,5,9,3,12,60,27,87,0,0,0,2,0,2,1917,1044,2961,2024-02-29T23:00:00Z
17,586,Lećevica,13,18,31,8,0,8,2,2,4,1,0,1,2,0,2,0,0,0,0,0,0,26,20,46,2024-02-29T23:00:00Z
17,587,Lokvičići,38,17,55,2,0,2,2,0,2,0,0,0,1,1,2,0,0,0,1,0,1,44,18,62,2024-02-29T23:00:00Z
17,588,Okrug,175,228,403,48,24,72,1,0,1,12,5,17,102,37,139,0,0,0,10,18,28,348,312,660,2024-02-29T23:00:00Z
17,589,Prgomet,35,26,61,7,0,7,1,0,1,2,0,2,2,0,2,0,0,0,0,0,0,47,26,73,2024-02-29T23:00:00Z
17,590,Primorski Dolac,24,40,64,4,3,7,1,1,2,1,1,2,1,5,6,0,0,0,0,0,0,31,50,81,2024-02-29T23:00:00Z
17,591,Runovići,72,68,140,17,3,20,1,2,3,0,2,2,30,28,58,0,0,0,0,0,0,120,103,223,2024-02-29T23:00:00Z
17,592,Sutivan,123,75,198,27,11,38,5,1,6,9,3,12,22,7,29,0,0,0,1,0,1,187,97,284,2024-02-29T23:00:00Z
17,593,Tučepi,212,169,381,22,12,34,1,1,2,3,3,6,36,20,56,0,0,0,4,21,25,278,226,504,2024-02-29T23:00:00Z
17,595,Zadvarje,54,28,82,7,1,8,1,1,2,0,0,0,6,5,11,0,0,0,0,2,2,68,37,105,2024-02-29T23:00:00Z
17,72,Dicmo,532,215,747,47,16,63,6,2,8,2,1,3,29,41,70,0,0,0,2,1,3,618,276,894,2024-02-29T23:00:00Z
17,77,Brela,171,167,338,26,11,37,0,1,1,2,1,3,20,23,43,0,0,0,10,32,42,229,235,464,2024-02-29T23:00:00Z
17,87,Muć,187,208,395,20,5,25,3,3,6,3,3,6,18,13,31,0,0,0,0,1,1,231,233,464,2024-02-29T23:00:00Z
17,88,Proložac,224,170,394,28,9,37,3,3,6,1,0,1,40,25,65,0,0,0,6,2,8,302,209,511,2024-02-29T23:00:00Z
17,9,Baška Voda,245,260,505,63,28,91,1,0,1,4,4,8,47,45,92,0,0,0,4,17,21,364,354,718,2024-02-29T23:00:00Z
18,132,Gračišće,65,29,94,33,8,41,10,3,13,0,0,0,37,11,48,0,0,0,0,0,0,145,51,196,2024-02-29T23:00:00Z
18,138,Grožnjan,29,27,56,19,2,21,11,4,15,0,0,0,7,12,19,0,0,0,0,1,1,66,46,112,2024-02-29T23:00:00Z
18,175,Kanfanar,640,267,907,36,13,49,5,1,6,0,0,0,20,18,38,0,0,0,1,1,2,702,300,1002,2024-02-29T23:00:00Z
18,217,Kršan,321,294,615,49,14,63,8,2,10,3,0,3,130,67,197,0,0,0,1,4,5,512,381,893,2024-02-29T23:00:00Z
18,222,Labin,2683,2569,5252,260,147,407,19,8,27,25,33,58,281,233,514,0,0,0,53,67,120,3321,3057,6378,2024-02-29T23:00:00Z
18,223,Lanišće,12,14,26,3,0,3,2,0,2,0,1,1,16,6,22,0,0,0,0,0,0,33,21,54,2024-02-29T23:00:00Z
18,235,Ližnjan,194,136,330,15,8,23,3,0,3,5,2,7,26,34,60,0,0,0,5,9,14,248,189,437,2024-02-29T23:00:00Z
18,246,Lupoglav,229,118,347,11,5,16,4,2,6,0,1,1,13,12,25,0,0,0,0,0,0,257,138,395,2024-02-29T23:00:00Z
18,254,Marčana,194,203,397,45,16,61,3,5,8,5,2,7,29,23,52,0,0,0,1,0,1,277,249,526,2024-02-29T23:00:00Z
18,263,Medulin,789,725,1514,75,43,118,7,3,10,6,6,12,133,114,247,0,0,0,12,18,30,1022,909,1931,2024-02-29T23:00:00Z
18,274,Motovun,115,103,218,39,17,56,17,7,24,1,1,2,38,30,68,0,0,0,3,10,13,213,168,381,2024-02-29T23:00:00Z
18,291,Novigrad,980,1045,2025,141,58,199,14,5,19,3,10,13,110,108,218,0,0,0,11,32,43,1259,1258,2517,2024-02-29T23:00:00Z
18,304,Oprtalj,56,89,145,14,7,21,12,1,13,0,0,0,12,13,25,0,0,0,3,3,6,97,113,210,2024-02-29T23:00:00Z
18,321,Pazin,2014,2124,4138,322,142,464,57,31,88,15,21,36,275,208,483,0,0,0,4,12,16,2687,2538,5225,2024-02-29T23:00:00Z
18,330,Pićan,334,139,473,36,8,44,2,5,7,1,2,3,47,21,68,0,0,0,1,2,3,421,177,598,2024-02-29T23:00:00Z
18,348,Poreč,5384,5007,10391,697,375,1072,56,19,75,53,51,104,549,495,1044,2,1,3,90,101,191,6831,6049,12880,2024-02-29T23:00:00Z
18,359,Pula,13400,12788,26188,1444,785,2229,69,43,112,249,167,416,968,1029,1997,1,0,1,96,82,178,16227,14894,31121,2024-02-29T23:00:00Z
18,368,Raša,310,176,486,28,9,37,1,0,1,3,1,4,42,28,70,0,0,0,1,1,2,385,215,600,2024-02-29T23:00:00Z
18,374,Rovinj,3242,3547,6789,444,243,687,32,20,52,30,36,66,488,402,890,0,0,0,41,105,146,4277,4353,8630,2024-02-29T23:00:00Z
18,40,Brtonigla,145,105,250,40,14,54,22,8,30,1,1,2,52,51,103,1,0,1,1,1,2,262,180,442,2024-02-29T23:00:00Z
18,42,Buje,849,837,1686,120,52,172,28,14,42,8,8,16,69,71,140,0,0,0,5,6,11,1079,988,2067,2024-02-29T23:00:00Z
18,43,Buzet,1559,1067,2626,173,64,237,25,12,37,6,6,12,167,104,271,0,0,0,8,8,16,1938,1261,3199,2024-02-29T23:00:00Z
18,431,Sveti Lovreč,63,63,126,24,11,35,2,0,2,0,1,1,39,15,54,0,0,0,0,0,0,128,90,218,2024-02-29T23:00:00Z
18,432,Sveta Nedelja,195,141,336,36,11,47,7,2,9,3,0,3,64,19,83,0,0,0,4,1,5,309,174,483,2024-02-29T23:00:00Z
18,433,Sveti Petar U Šumi,189,141,330,23,5,28,3,4,7,0,0,0,9,8,17,0,0,0,1,0,1,225,158,383,2024-02-29T23:00:00Z
18,435,Svetvinčenat,138,118,256,27,7,34,3,1,4,1,1,2,26,20,46,0,0,0,1,1,2,196,148,344,2024-02-29T23:00:00Z
18,453,Tinjan,206,93,299,38,8,46,6,1,7,1,3,4,56,29,85,0,0,0,1,0,1,308,134,442,2024-02-29T23:00:00Z
18,468,Umag,2940,2475,5415,435,190,625,30,15,45,37,30,67,311,313,624,0,0,0,24,32,56,3777,3055,6832,2024-02-29T23:00:00Z
18,47,Cerovlje,125,56,181,35,4,39,5,3,8,2,0,2,26,14,40,0,0,0,0,1,1,193,78,271,2024-02-29T23:00:00Z
18,497,Višnjan,301,288,589,48,8,56,14,2,16,1,1,2,94,43,137,0,0,0,5,2,7,463,344,807,2024-02-29T23:00:00Z
18,498,Vižinada,61,56,117,31,12,43,12,5,17,0,0,0,41,35,76,0,0,0,0,1,1,145,109,254,2024-02-29T23:00:00Z
18,5,Bale,183,136,319,23,21,44,2,2,4,0,0,0,38,15,53,0,0,0,2,1,3,248,175,423,2024-02-29T23:00:00Z
18,502,Vodnjan,886,667,1553,55,31,86,9,3,12,7,3,10,86,55,141,0,1,1,1,1,2,1044,761,1805,2024-02-29T23:00:00Z
18,516,Vrsar,381,407,788,81,34,115,3,3,6,4,1,5,95,99,194,0,0,0,13,11,24,577,555,1132,2024-02-29T23:00:00Z
18,531,Žminj,515,476,991,119,46,165,12,10,22,4,5,9,97,86,183,0,0,0,3,4,7,750,627,1377,2024-02-29T23:00:00Z
18,596,Karojba,122,91,213,33,5,38,0,1,1,0,0,0,41,13,54,0,1,1,0,0,0,196,111,307,2024-02-29T23:00:00Z
18,597,Kaštelir - Labinci,180,78,258,40,21,61,7,5,12,1,0,1,37,17,54,0,0,0,0,4,4,265,125,390,2024-02-29T23:00:00Z
18,6,Barban,303,118,421,48,6,54,13,7,20,1,1,2,27,28,55,0,0,0,3,2,5,395,162,557,2024-02-29T23:00:00Z
18,619,Fažana,330,301,631,35,17,52,1,1,2,3,4,7,36,34,70,1,0,1,1,4,5,407,361,768,2024-02-29T23:00:00Z
18,629,Funtana,184,167,351,20,12,32,1,1,2,1,0,1,22,31,53,0,0,0,12,6,18,240,217,457,2024-02-29T23:00:00Z
18,631,Tar-Vabriga,220,235,455,41,16,57,4,1,5,0,1,1,40,34,74,0,0,0,0,8,8,305,295,600,2024-02-29T23:00:00Z
19,198,Konavle,1490,1124,2614,192,80,272,16,13,29,37,7,44,85,105,190,0,1,1,39,31,70,1859,1361,3220,2024-02-29T23:00:00Z
19,204,Korčula,715,921,1636,132,57,189,22,6,28,106,9,115,103,91,194,0,0,0,34,58,92,1112,1142,2254,2024-02-29T23:00:00Z
19,219,Kula Norinska,38,38,76,9,1,10,1,1,2,1,0,1,6,6,12,0,0,0,0,0,0,55,46,101,2024-02-29T23:00:00Z
19,226,Lastovo,63,94,157,29,9,38,2,2,4,5,0,5,7,9,16,0,0,0,2,4,6,108,118,226,2024-02-29T23:00:00Z
19,25,Blato,583,413,996,78,22,100,15,5,20,11,8,19,164,40,204,0,0,0,10,5,15,861,493,1354,2024-02-29T23:00:00Z
19,264,Metković,2356,1823,4179,187,122,309,46,24,70,53,16,69,354,270,624,0,0,0,8,10,18,3004,2265,5269,2024-02-29T23:00:00Z
19,268,Mljet,184,97,281,13,5,18,3,0,3,5,2,7,6,11,17,0,0,0,6,2,8,217,117,334,2024-02-29T23:00:00Z
19,306,Opuzen,498,441,939,33,26,59,66,22,88,5,1,6,26,27,53,0,0,0,3,1,4,631,518,1149,2024-02-29T23:00:00Z
19,308,Orebić,414,400,814,72,41,113,37,9,46,31,5,36,91,68,159,0,0,0,19,32,51,664,555,1219,2024-02-29T23:00:00Z
19,335,Ploče,1397,922,2319,89,61,150,33,13,46,20,5,25,105,132,237,0,0,0,2,8,10,1646,1141,2787,2024-02-29T23:00:00Z
19,343,Pojezerje,26,33,59,5,2,7,8,1,9,0,0,0,2,5,7,0,0,0,0,0,0,41,41,82,2024-02-29T23:00:00Z
19,399,Slivno,80,40,120,10,5,15,11,4,15,0,0,0,9,9,18,0,0,0,4,2,6,114,60,174,2024-02-29T23:00:00Z
19,402,Smokvica,25,84,109,12,1,13,19,5,24,5,0,5,35,8,43,0,0,0,6,9,15,102,107,209,2024-02-29T23:00:00Z
19,419,Ston,416,246,662,55,13,68,22,3,25,9,2,11,56,29,85,0,0,0,3,7,10,561,300,861,2024-02-29T23:00:00Z
19,474,Vela Luka,266,499,765,65,27,92,9,2,11,33,5,38,85,47,132,0,0,0,4,10,14,462,590,1052,2024-02-29T23:00:00Z
19,523,Zažablje,10,9,19,4,0,4,4,2,6,3,1,4,13,2,15,0,0,0,0,0,0,34,14,48,2024-02-29T23:00:00Z
19,598,Dubrovačko Primorje,150,109,259,25,5,30,2,4,6,9,2,11,41,18,59,0,0,0,2,3,5,229,141,370,2024-02-29T23:00:00Z
19,599,Janjina,57,60,117,11,5,16,10,6,16,0,2,2,13,11,24,0,0,0,5,3,8,96,87,183,2024-02-29T23:00:00Z
19,600,Lumbarda,54,57,111,36,10,46,12,2,14,8,0,8,26,17,43,1,0,1,12,12,24,149,98,247,2024-02-29T23:00:00Z
19,601,Trpanj,52,53,105,10,4,14,3,1,4,6,1,7,14,6,20,0,0,0,2,6,8,87,71,158,2024-02-29T23:00:00Z
19,602,Župa Dubrovačka,822,776,1598,148,62,210,5,7,12,59,2,61,90,91,181,0,0,0,14,18,32,1138,956,2094,2024-02-29T23:00:00Z
19,98,Dubrovnik,10566,11204,21770,853,436,1289,28,17,45,529,77,606,555,609,1164,1,1,2,111,129,240,12643,12473,25116,2024-02-29T23:00:00Z
20,123,Goričan,294,166,460,8,4,12,8,2,10,0,2,2,10,7,17,0,0,0,0,0,0,320,181,501,2024-02-29T23:00:00Z
20,15,Belica,178,231,409,23,16,39,52,27,79,1,1,2,29,44,73,0,0,0,1,2,3,284,321,605,2024-02-29T23:00:00Z
20,206,Kotoriba,521,291,812,12,5,17,4,0,4,0,4,4,12,10,22,0,0,0,0,0,0,549,310,859,2024-02-29T23:00:00Z
20,250,Mala Subotica,615,1057,1672,25,21,46,27,15,42,2,5,7,18,29,47,0,0,0,0,2,2,687,1129,1816,2024-02-29T23:00:00Z
20,276,Mursko Središće,919,829,1748,50,26,76,13,7,20,2,6,8,39,52,91,0,0,0,1,2,3,1024,922,1946,2024-02-29T23:00:00Z
20,279,Nedelišće,1523,853,2376,101,46,147,37,20,57,2,7,9,129,88,217,0,0,0,0,4,4,1792,1018,2810,2024-02-29T23:00:00Z
20,342,Podturen,219,147,366,22,8,30,16,12,28,1,2,3,54,35,89,0,0,0,0,1,1,312,205,517,2024-02-29T23:00:00Z
20,355,Prelog,2377,1655,4032,69,33,102,48,20,68,7,9,16,69,77,146,0,0,0,6,5,11,2576,1799,4375,2024-02-29T23:00:00Z
20,385,Selnica,157,163,320,14,11,25,6,4,10,1,2,3,13,14,27,0,0,0,1,0,1,192,194,386,2024-02-29T23:00:00Z
20,440,Sveti Juraj Na Bregu,315,223,538,27,18,45,14,6,20,2,4,6,36,45,81,0,0,0,1,1,2,395,297,692,2024-02-29T23:00:00Z
20,441,Sveti Martin Na Muri,648,392,1040,22,13,35,6,5,11,0,3,3,37,40,77,0,0,0,2,0,2,715,453,1168,2024-02-29T23:00:00Z
20,452,Štrigova,322,205,527,24,16,40,34,18,52,2,1,3,57,69,126,0,0,0,0,1,1,439,310,749,2024-02-29T23:00:00Z
20,504,Vratišinec,133,94,227,7,2,9,10,1,11,1,2,3,10,11,21,0,0,0,1,0,1,162,110,272,2024-02-29T23:00:00Z
20,60,Čakovec,9878,9237,19115,270,164,434,52,27,79,40,64,104,227,338,565,0,0,0,6,14,20,10473,9844,20317,2024-02-29T23:00:00Z
20,603,Dekanovec,81,85,166,6,1,7,4,4,8,0,0,0,7,2,9,0,0,0,0,0,0,98,92,190,2024-02-29T23:00:00Z
20,604,Gornji Mihaljevec,122,79,201,16,5,21,25,8,33,2,0,2,21,17,38,0,0,0,0,2,2,186,111,297,2024-02-29T23:00:00Z
20,605,Orehovica,196,169,365,16,3,19,25,7,32,1,2,3,43,20,63,0,0,0,0,2,2,281,203,484,2024-02-29T23:00:00Z
20,606,Strahoninec,277,155,432,15,7,22,3,2,5,0,0,0,33,16,49,0,0,0,1,0,1,329,180,509,2024-02-29T23:00:00Z
20,607,Sveta Marija,82,80,162,11,2,13,5,0,5,2,1,3,20,6,26,0,0,0,0,1,1,120,90,210,2024-02-29T23:00:00Z
20,608,Šenkovec,545,285,830,22,11,33,2,1,3,1,1,2,26,21,47,0,0,0,0,0,0,596,319,915,2024-02-29T23:00:00Z
20,620,Pribislavec,303,151,454,12,8,20,2,1,3,2,1,3,8,12,20,0,0,0,0,0,0,327,173,500,2024-02-29T23:00:00Z
20,75,Domašinec,235,117,352,9,9,18,21,15,36,0,1,1,14,6,20,0,0,0,1,0,1,280,148,428,2024-02-29T23:00:00Z
20,78,Donja Dubrava,196,235,431,17,6,23,4,3,7,0,1,1,14,15,29,0,0,0,0,0,0,231,260,491,2024-02-29T23:00:00Z
20,82,Donji Kraljevec,1397,671,2068,45,16,61,53,21,74,3,4,7,93,115,208,0,0,0,2,4,6,1593,831,2424,2024-02-29T23:00:00Z
20,89,Donji Vidovec,56,78,134,6,1,7,2,0,2,1,1,2,4,14,18,0,0,0,0,0,0,69,94,163,2024-02-29T23:00:00Z
21,133,Zagreb,240896,217465,458361,8835,6593,15428,289,163,452,2188,2073,4261,5472,6923,12395,57,30,87,320,513,833,258057,233760,491817,2024-02-29T23:00:00Z
01,101,Dugo Selo,3266,2146,5412,264,134,398,35,22,57,29,27,56,278,255,533,0,0,0,8,15,23,3880,2599,6479,2024-03-31T22:00:00Z
01,114,Farkaševac,147,211,358,8,4,12,20,10,30,0,2,2,36,17,53,0,0,0,0,0,0,211,244,455,2024-03-31T22:00:00Z
01,135,Gradec,155,132,287,14,1,15,8,7,15,0,1,1,53,23,76,0,0,0,0,1,1,230,165,395,2024-03-31T22:00:00Z
01,158,Ivanić-Grad,3415,1842,5257,95,76,171,44,27,71,10,19,29,144,179,323,1,0,1,5,9,14,3714,2152,5866,2024-03-31T22:00:00Z
01,163,Jakovlje,398,399,797,36,7,43,10,8,18,3,0,3,44,32,76,0,0,0,0,0,0,491,446,937,2024-03-31T22:00:00Z
01,169,Jastrebarsko,2469,1805,4274,234,123,357,45,30,75,17,21,38,276,227,503,0,0,0,5,7,12,3046,2213,5259,2024-03-31T22:00:00Z
01,190,Klinča Selo,232,216,448,46,17,63,6,5,11,0,0,0,55,49,104,0,0,0,1,0,1,340,287,627,2024-03-31T22:00:00Z
01,193,Kloštar Ivanić,424,352,776,25,12,37,21,5,26,3,10,13,45,36,81,1,0,1,3,1,4,522,416,938,2024-03-31T22:00:00Z
01,213,Križ,816,515,1331,27,19,46,16,12,28,5,4,9,28,45,73,0,0,0,1,1,2,893,596,1489,2024-03-31T22:00:00Z
01,33,Brckovljani,450,444,894,6,4,10,0,1,1,2,1,3,31,16,47,0,0,0,0,0,0,489,466,955,2024-03-31T22:00:00Z
01,331,Pisarovina,397,309,706,26,24,50,16,20,36,0,2,2,26,30,56,0,0,0,0,4,4,465,389,854,2024-03-31T22:00:00Z
01,34,Brdovec,931,822,1753,93,48,141,18,7,25,1,5,6,96,64,160,0,0,0,4,4,8,1143,950,2093,2024-03-31T22:00:00Z
01,356,Preseka,25,11,36,5,2,7,12,9,21,0,1,1,15,6,21,0,0,0,1,0,1,58,29,87,2024-03-31T22:00:00Z
01,362,Pušča,161,196,357,26,13,39,7,2,9,2,3,5,43,27,70,0,0,0,0,0,0,239,241,480,2024-03-31T22:00:00Z
01,376,Rugvica,1559,628,2187,11,6,17,2,3,5,1,2,3,15,16,31,0,0,0,0,0,0,1588,655,2243,2024-03-31T22:00:00Z
01,380,Samobor,5740,4233,9973,550,346,896,26,15,41,49,66,115,486,463,949,3,4,7,31,31,62,6885,5158,12043,2024-03-31T22:00:00Z
01,429,Sveti Ivan Zelina,2719,2117,4836,183,82,265,57,43,100,14,19,33,255,207,462,0,0,0,7,5,12,3235,2473,5708,2024-03-31T22:00:00Z
01,436,Sveta Nedjelja,6405,3675,10080,239,108,347,6,4,10,10,11,21,351,193,544,0,0,0,5,6,11,7016,3997,11013,2024-03-31T22:00:00Z
01,508,Vrbovec,2126,2049,4175,183,85,268,98,34,132,6,15,21,301,177,478,0,0,0,10,13,23,2724,2373,5097,2024-03-31T22:00:00Z
01,533,Krašić,277,200,477,25,11,36,13,10,23,2,1,3,30,20,50,0,0,0,0,0,0,347,242,589,2024-03-31T22:00:00Z
01,536,Rakovec,42,25,67,9,2,11,6,4,10,0,1,1,22,13,35,0,0,0,0,0,0,79,45,124,2024-03-31T22:00:00Z
01,539,Marija Gorica,81,109,190,15,2,17,0,0,0,1,1,2,22,15,37,0,0,0,0,0,0,119,127,246,2024-03-31T22:00:00Z
01,540,Žumberak,19,25,44,6,1,7,4,2,6,0,0,0,4,5,9,0,0,0,0,0,0,33,33,66,2024-03-31T22:00:00Z
01,541,Velika Gorica,9310,6991,16301,691,440,1131,67,34,101,48,57,105,603,528,1131,2,0,2,18,25,43,10739,8075,18814,2024-03-31T22:00:00Z
01,542,Orle,47,37,84,18,1,19,8,2,10,0,0,0,21,2,23,0,0,0,0,0,0,94,42,136,2024-03-31T22:00:00Z
01,543,Zaprešić,3534,3055,6589,252,187,439,12,10,22,36,42,78,282,246,528,1,0,1,12,7,19,4129,3547,7676,2024-03-31T22:00:00Z
01,544,Pokupsko,46,59,105,13,7,20,13,4,17,0,1,1,7,4,11,0,0,0,1,0,1,80,75,155,2024-03-31T22:00:00Z
01,545,Kravarsko,111,98,209,46,12,58,3,4,7,0,2,2,86,14,100,0,0,0,0,1,1,246,131,377,2024-03-31T22:00:00Z
01,547,Bistra,450,568,1018,55,23,78,8,4,12,3,6,9,50,46,96,0,0,0,0,2,2,566,649,1215,2024-03-31T22:00:00Z
01,548,Luka,315,180,495,14,2,16,2,1,3,1,1,2,20,24,44,0,0,0,0,0,0,352,208,560,2024-03-31T22:00:00Z
01,549,Dubravica,69,44,113,16,0,16,12,3,15,0,0,0,13,14,27,0,0,0,0,0,0,110,61,171,2024-03-31T22:00:00Z
01,550,Bedenica,216,162,378,14,4,18,4,3,7,1,1,2,18,5,23,0,0,0,0,0,0,253,175,428,2024-03-31T22:00:00Z
01,551,Stupnik,1701,681,2382,30,18,48,1,1,2,1,3,4,22,31,53,0,0,0,1,0,1,1756,734,2490,2024-03-31T22:00:00Z
01,97,Dubrava,296,338,634,51,25,76,68,39,107,3,11,14,68,77,145,0,0,0,3,5,8,489,495,984,2024-03-31T22:00:00Z
02,108,Đurmanec,156,202,358,54,18,72,1,2,3,3,2,5,109,36,145,0,0,0,1,1,2,324,261,585,2024-03-31T22:00:00Z
02,11,Bedekovčina,561,783,1344,98,41,139,8,4,12,9,7,16,141,107,248,0,0,0,4,4,8,821,946,1767,2024-03-31T22:00:00Z
02,125,Gornja Stubica,253,308,561,64,16,80,7,8,15,2,1,3,89,52,141,0,0,0,0,0,0,415,385,800,2024-03-31T22:00:00Z
02,146,Hraščina,64,37,101,10,2,12,2,2,4,0,1,1,7,5,12,0,0,0,0,0,0,83,47,130,2024-03-31T22:00:00Z
02,152,Hum Na Sutli,1487,635,2122,51,28,79,4,0,4,1,6,7,245,65,310,0,0,0,1,1,2,1789,735,2524,2024-03-31T22:00:00Z
02,187,Klanjec,285,263,548,58,29,87,10,7,17,4,1,5,66,51,117,0,0,0,2,1,3,425,352,777,2024-03-31T22:00:00Z
02,200,Konjščina,438,426,864,32,22,54,2,2,4,2,2,4,39,33,72,0,0,0,0,2,2,513,487,1000,2024-03-31T22:00:00Z
02,208,Kraljevec Na Sutli,82,50,132,14,4,18,3,1,4,0,0,0,22,5,27,0,0,0,0,1,1,121,61,182,2024-03-31T22:00:00Z
02,211,Krapina,3103,2451,5554,179,107,286,10,2,12,13,15,28,189,156,345,0,0,0,3,4,7,3497,2735,6232,2024-03-31T22:00:00Z
02,212,Krapinske Toplice,644,1286,1930,72,39,111,6,4,10,0,4,4,106,81,187,0,0,0,0,0,0,828,1414,2242,2024-03-31T22:00:00Z
02,236,Lobor,167,252,419,26,8,34,4,3,7,0,1,1,33,20,53,0,0,0,1,0,1,231,284,515,2024-03-31T22:00:00Z
02,248,Mače,104,82,186,29,8,37,3,4,7,1,0,1,79,40,119,0,0,0,0,0,0,216,134,350,2024-03-31T22:00:00Z
02,256,Marija Bistrica,357,403,760,72,43,115,11,5,16,1,6,7,77,73,150,0,0,0,2,3,5,520,533,1053,2024-03-31T22:00:00Z
02,265,Mihovljan,127,138,265,31,8,39,3,1,4,0,0,0,81,17,98,0,0,0,1,1,2,243,165,408,2024-03-31T22:00:00Z
02,311,Oroslavje,1063,814,1877,78,40,118,6,3,9,6,7,13,87,64,151,0,0,0,4,2,6,1244,930,2174,2024-03-31T22:00:00Z
02,329,Petrovsko,120,55,175,17,3,20,1,0,1,4,0,4,57,14,71,0,0,0,1,0,1,200,72,272,2024-03-31T22:00:00Z
02,352,Pregrada,787,940,1727,109,39,148,1,5,6,6,6,12,161,97,258,0,0,0,1,2,3,1065,1089,2154,2024-03-31T22:00:00Z
02,364,Radoboj,201,120,321,16,14,30,1,0,1,0,2,2,47,20,67,0,0,0,0,0,0,265,156,421,2024-03-31T22:00:00Z
02,41,Budinščina,201,141,342,18,6,24,5,1,6,3,1,4,25,10,35,0,0,0,5,3,8,257,162,419,2024-03-31T22:00:00Z
02,422,Stubičke Toplice,262,436,698,33,16,49,1,3,4,3,5,8,54,32,86,0,0,0,2,0,2,355,492,847,2024-03-31T22:00:00Z
02,430,Sveti Križ Začretje,729,689,1418,79,25,104,9,6,15,1,5,6,145,95,240,1,0,1,3,1,4,967,821,1788,2024-03-31T22:00:00Z
02,466,Tuhelj,156,226,382,22,11,33,4,0,4,1,2,3,62,46,108,0,0,0,0,0,0,245,285,530,2024-03-31T22:00:00Z
02,481,Veliko Trgovišće,646,470,1116,56,17,73,3,3,6,2,5,7,102,49,151,0,0,0,1,1,2,810,545,1355,2024-03-31T22:00:00Z
02,519,Zabok,2892,3092,5984,151,88,239,7,4,11,15,16,31,150,205,355,0,0,0,1,2,3,3216,3407,6623,2024-03-31T22:00:00Z
02,521,Zagorska Sela,8,51,59,5,0,5,4,2,6,0,0,0,15,4,19,0,0,0,0,0,0,32,57,89,2024-03-31T22:00:00Z
02,526,Zlatar,531,658,1189,114,64,178,26,12,38,5,7,12,129,80,209,0,0,0,3,4,7,808,825,1633,2024-03-31T22:00:00Z
02,527,Zlatar Bistrica,233,316,549,26,7,33,3,1,4,5,0,5,71,40,111,0,0,0,0,1,1,338,365,703,2024-03-31T22:00:00Z
02,552,Jesenje,79,81,160,8,1,9,0,0,0,0,0,0,40,8,48,0,0,0,0,0,0,127,90,217,2024-03-31T22:00:00Z
02,553,Kumrovec,83,91,174,18,6,24,2,0,2,3,1,4,20,15,35,0,0,0,0,0,0,126,113,239,2024-03-31T22:00:00Z
02,554,Novi Golubovec,141,60,201,2,2,4,1,0,1,0,0,0,3,0,3,0,0,0,0,0,0,147,62,209,2024-03-31T22:00:00Z
02,70,Desinić,133,279,412,31,11,42,11,2,13,3,2,5,54,33,87,0,0,0,0,1,1,232,328,560,2024-03-31T22:00:00Z
02,79,Donja Stubica,869,775,1644,102,52,154,6,3,9,5,3,8,78,54,132,0,1,1,1,2,3,1061,890,1951,2024-03-31T22:00:00Z
03,102,Dvor,341,156,497,21,6,27,62,19,81,0,2,2,20,11,31,0,0,0,0,2,2,444,196,640,2024-03-31T22:00:00Z
03,121,Glina,1199,685,1884,43,22,65,66,24,90,5,8,13,71,77,148,0,0,0,1,1,2,1385,817,2202,2024-03-31T22:00:00Z
03,149,Hrvatska Dubica,77,88,165,10,2,12,13,5,18,0,0,0,13,6,19,0,0,0,0,1,1,113,102,215,2024-03-31T22:00:00Z
03,150,Hrvatska Kostajnica,249,277,526,27,11,38,10,2,12,2,3,5,26,26,52,0,0,0,0,2,2,314,321,635,2024-03-31T22:00:00Z
03,168,Jasenovac,145,109,254,12,9,21,14,4,18,0,0,0,18,16,34,0,0,0,0,2,2,189,140,329,2024-03-31T22:00:00Z
03,220,Kutina,3348,2775,6123,190,122,312,42,21,63,37,23,60,246,270,516,1,0,1,16,13,29,3880,3224,7104,2024-03-31T22:00:00Z
03,228,Lekenik,426,301,727,50,14,64,11,9,20,1,2,3,79,27,106,0,0,0,1,0,1,568,353,921,2024-03-31T22:00:00Z
03,232,Lipovljani,255,259,514,31,7,38,10,2,12,2,1,3,42,46,88,0,0,0,0,5,5,340,320,660,2024-03-31T22:00:00Z
03,259,Martinska Ves,143,67,210,10,1,11,28,12,40,3,1,4,70,19,89,0,0,0,0,0,0,254,100,354,2024-03-31T22:00:00Z
03,293,Novska,1282,1103,2385,193,102,295,32,13,45,4,15,19,264,217,481,0,0,0,2,7,9,1777,1457,3234,2024-03-31T22:00:00Z
03,328,Petrinja,1918,1818,3736,297,106,403,71,27,98,10,26,36,394,297,691,0,0,0,7,4,11,2697,2278,4975,2024-03-31T22:00:00Z
03,347,Popovača,885,1169,2054,95,48,143,47,18,65,7,9,16,106,137,243,0,0,0,3,1,4,1143,1382,2525,2024-03-31T22:00:00Z
03,391,Sisak,7236,8237,15473,401,256,657,95,51,146,42,77,119,626,572,1198,1,0,1,13,13,26,8414,9206,17620,2024-03-31T22:00:00Z
03,426,Sunja,204,190,394,28,10,38,50,25,75,1,1,2,21,18,39,0,0,0,1,1,2,305,245,550,2024-03-31T22:00:00Z
03,457,Topusko,242,336,578,15,10,25,4,2,6,5,1,6,31,24,55,0,0,0,1,0,1,298,373,671,2024-03-31T22:00:00Z
03,477,Velika Ludina,150,169,319,12,8,20,13,3,16,0,0,0,20,25,45,0,0,0,0,0,0,195,205,400,2024-03-31T22:00:00Z
03,510,Gvozd,123,94,217,11,6,17,15,3,18,0,1,1,22,16,38,0,0,0,0,0,0,171,120,291,2024-03-31T22:00:00Z
03,555,Majur,110,37,147,1,1,2,3,0,3,0,0,0,4,0,4,0,0,0,0,0,0,118,38,156,2024-03-31T22:00:00Z
03,83,Donji Kukuruzari,39,51,90,6,0,6,6,4,10,0,0,0,1,2,3,0,0,0,1,0,1,53,57,110,2024-03-31T22:00:00Z
04,120,Generalski Stol,47,66,113,19,7,26,1,0,1,0,1,1,36,16,52,0,0,0,0,0,0,103,90,193,2024-03-31T22:00:00Z
04,172,Josipdol,187,190,377,29,17,46,1,7,8,2,1,3,51,49,100,0,0,0,0,0,0,270,264,534,2024-03-31T22:00:00Z
04,179,Karlovac,10959,9361,20320,426,336,762,74,52,126,67,80,147,622,783,1405,1,1,2,11,24,35,12160,10637,22797,2024-03-31T22:00:00Z
04,216,Krnjak,112,69,181,6,3,9,5,4,9,0,1,1,15,6,21,0,0,0,0,0,0,138,83,221,2024-03-31T22:00:00Z
04,225,Lasinja,38,42,80,5,2,7,0,5,5,2,0,2,7,9,16,0,0,0,0,0,0,52,58,110,2024-03-31T22:00:00Z
04,281,Netretić,128,110,238,18,3,21,3,1,4,1,1,2,42,33,75,0,0,0,1,0,1,193,148,341,2024-03-31T22:00:00Z
04,297,Ogulin,1854,1833,3687,160,98,258,41,20,61,10,29,39,171,182,353,0,0,0,4,11,15,2240,2173,4413,2024-03-31T22:00:00Z
04,30,Bosiljevo,103,75,178,6,0,6,1,0,1,1,1,2,32,40,72,0,0,0,0,0,0,143,116,259,2024-03-31T22:00:00Z
04,315,Ozalj,801,663,1464,91,34,125,22,12,34,3,9,12,126,88,214,0,1,1,2,4,6,1045,811,1856,2024-03-31T22:00:00Z
04,333,Plaški,106,84,190,12,3,15,7,0,7,0,1,1,42,28,70,0,0,0,0,0,0,167,116,283,2024-03-31T22:00:00Z
04,365,Rakovica,183,214,397,7,7,14,2,1,3,1,0,1,76,81,157,0,0,0,0,2,2,269,305,574,2024-03-31T22:00:00Z
04,378,Saborsko,12,19,31,1,0,1,1,0,1,0,0,0,1,3,4,0,0,0,0,0,0,15,22,37,2024-03-31T22:00:00Z
04,400,Slunj,356,415,771,62,21,83,40,22,62,4,5,9,129,108,237,0,0,0,3,6,9,594,577,1171,2024-03-31T22:00:00Z
04,49,Cetingrad,63,66,129,8,2,10,2,3,5,0,0,0,10,7,17,0,0,0,0,0,0,83,78,161,2024-03-31T22:00:00Z
04,503,Vojnić,337,285,622,24,11,35,38,13,51,1,0,1,28,33,61,0,0,0,2,0,2,430,342,772,2024-03-31T22:00:00Z
04,530,Žakanje,164,104,268,27,11,38,3,2,5,0,0,0,29,24,53,0,0,0,0,1,1,223,142,365,2024-03-31T22:00:00Z
04,556,Ribnik,11,7,18,8,3,11,2,1,3,0,0,0,6,9,15,0,0,0,0,0,0,27,20,47,2024-03-31T22:00:00Z
04,557,Tounj,68,28,96,6,1,7,1,0,1,0,0,0,4,10,14,0,0,0,0,0,0,79,39,118,2024-03-31T22:00:00Z
04,623,Kamanje,161,87,248,6,1,7,0,0,0,0,0,0,7,5,12,0,0,0,0,0,0,174,93,267,2024-03-31T22:00:00Z
04,7,Barilovići,365,220,585,22,10,32,5,0,5,1,1,2,110,31,141,0,0,0,0,0,0,503,262,765,2024-03-31T22:00:00Z
04,90,Draganić,187,236,423,15,3,18,7,2,9,0,1,1,12,17,29,0,0,0,0,0,0,221,259,480,2024-03-31T22:00:00Z
04,99,Duga Resa,1302,1108,2410,135,84,219,19,19,38,4,20,24,180,188,368,0,0,0,6,9,15,1646,1428,3074,2024-03-31T22:00:00Z
05,12,Bednja,226,179,405,18,6,24,2,3,5,2,2,4,26,12,38,0,0,0,0,1,1,274,203,477,2024-03-31T22:00:00Z
05,129,Gornji Kneginec,705,1059,1764,63,39,102,9,2,11,3,8,11,60,60,120,0,0,0,4,7,11,844,1175,2019,2024-03-31T22:00:00Z
05,151,Breznički Hum,180,147,327,12,5,17,4,4,8,0,2,2,15,15,30,0,0,0,1,2,3,212,175,387,2024-03-31T22:00:00Z
05,156,Ivanec,2438,1926,4364,178,73,251,14,16,30,9,18,27,325,255,580,0,0,0,9,12,21,2973,2300,5273,2024-03-31T22:00:00Z
05,165,Jalžabet,767,1106,1873,21,5,26,12,6,18,0,3,3,45,32,77,0,0,0,1,3,4,846,1155,2001,2024-03-31T22:00:00Z
05,189,Klenovnik,195,66,261,7,4,11,0,0,0,0,0,0,22,29,51,0,0,0,2,0,2,226,99,325,2024-03-31T22:00:00Z
05,19,Beretinec,88,48,136,22,2,24,3,2,5,0,2,2,12,19,31,0,0,0,2,0,2,127,73,200,2024-03-31T22:00:00Z
05,229,Lepoglava,1450,697,2147,61,36,97,4,2,6,1,6,7,109,54,163,0,0,0,3,4,7,1628,799,2427,2024-03-31T22:00:00Z
05,244,Ludbreg,2137,1681,3818,134,67,201,59,36,95,8,15,23,230,176,406,0,0,0,4,4,8,2572,1979,4551,2024-03-31T22:00:00Z
05,247,Ljubešćica,385,172,557,22,8,30,1,0,1,0,2,2,74,20,94,0,0,0,1,0,1,483,202,685,2024-03-31T22:00:00Z
05,251,Mali Bukovec,41,97,138,13,5,18,23,16,39,0,1,1,98,33,131,0,0,0,0,1,1,175,153,328,2024-03-31T22:00:00Z
05,260,Maruševec,388,316,704,60,30,90,21,22,43,4,2,6,122,46,168,0,0,0,3,2,5,598,418,1016,2024-03-31T22:00:00Z
05,289,Novi Marof,1332,1236,2568,168,78,246,12,9,21,9,15,24,343,194,537,0,0,0,3,12,15,1867,1544,3411,2024-03-31T22:00:00Z
05,326,Petrijanec,491,795,1286,25,10,35,11,7,18,1,3,4,90,76,166,0,0,0,1,2,3,619,893,1512,2024-03-31T22:00:00Z
05,36,Breznica,176,77,253,17,2,19,6,5,11,1,6,7,44,17,61,0,0,0,0,0,0,244,107,351,2024-03-31T22:00:00Z
05,410,Sračinec,282,289,571,39,18,57,1,1,2,1,6,7,94,66,160,0,0,0,0,1,1,417,381,798,2024-03-31T22:00:00Z
05,437,Sveti Đurđ,73,111,184,33,5,38,24,7,31,2,1,3,28,31,59,0,0,0,0,0,0,160,155,315,2024-03-31T22:00:00Z
05,438,Sveti Ilija,201,203,404,19,8,27,1,0,1,1,4,5,37,34,71,0,0,0,0,0,0,259,249,508,2024-03-31T22:00:00Z
05,462,Trnovec Bartolovečki,1402,1314,2716,79,22,101,16,6,22,3,2,5,288,90,378,1,0,1,2,3,5,1791,1437,3228,2024-03-31T22:00:00Z
05,472,Varaždin,17474,14871,32345,583,449,1032,46,28,74,82,108,190,502,653,1155,0,0,0,14,21,35,18701,16130,34831,2024-03-31T22:00:00Z
05,473,Varaždinske Toplice,635,680,1315,50,26,76,9,5,14,4,6,10,149,49,198,0,0,0,1,1,2,848,767,1615,2024-03-31T22:00:00Z
05,48,Cestica,412,396,808,62,27,89,15,14,29,1,5,6,112,78,190,0,0,0,1,2,3,603,522,1125,2024-03-31T22:00:00Z
05,484,Vidovec,312,297,609,49,15,64,51,26,77,2,5,7,114,85,199,0,0,0,0,1,1,528,429,957,2024-03-31T22:00:00Z
05,486,Vinica,375,245,620,16,10,26,5,3,8,1,5,6,29,23,52,0,0,0,0,1,1,426,287,713,2024-03-31T22:00:00Z
05,493,Visoko,118,60,178,17,1,18,6,5,11,0,0,0,27,24,51,0,0,0,3,1,4,171,91,262,2024-03-31T22:00:00Z
05,558,Veliki Bukovec,403,245,648,6,2,8,17,7,24,0,1,1,29,41,70,0,0,0,0,0,0,455,296,751,2024-03-31T22:00:00Z
05,80,Donja Voća,87,60,147,7,1,8,5,6,11,0,1,1,29,20,49,0,0,0,0,1,1,128,89,217,2024-03-31T22:00:00Z
05,85,Donji Martijanec,357,176,533,27,7,34,17,3,20,1,1,2,50,34,84,0,0,0,0,1,1,452,222,674,2024-03-31T22:00:00Z
06,104,Đelekovec,39,58,97,29,13,42,38,9,47,0,1,1,19,14,33,0,0,0,0,0,0,125,95,220,2024-03-31T22:00:00Z
06,107,Đurđevac,1424,1247,2671,85,47,132,67,36,103,13,12,25,78,74,152,0,0,0,13,5,18,1680,1421,3101,2024-03-31T22:00:00Z
06,115,Ferdinandovac,40,98,138,14,3,17,37,29,66,1,1,2,23,6,29,0,0,0,0,0,0,115,137,252,2024-03-31T22:00:00Z
06,122,Gola,181,184,365,10,5,15,80,39,119,0,3,3,9,24,33,0,0,0,1,0,1,281,255,536,2024-03-31T22:00:00Z
06,145,Hlebine,14,36,50,4,0,4,14,4,18,1,0,1,1,13,14,0,0,0,0,1,1,34,54,88,2024-03-31T22:00:00Z
06,194,Kloštar Podravski,180,173,353,18,17,35,33,28,61,0,1,1,29,55,84,0,0,0,2,4,6,262,278,540,2024-03-31T22:00:00Z
06,201,Koprivnica,7186,7756,14942,370,224,594,57,30,87,62,63,125,397,440,837,0,2,2,8,17,25,8080,8532,16612,2024-03-31T22:00:00Z
06,202,Koprivnički Bregi,72,94,166,20,5,25,23,8,31,0,0,0,38,9,47,0,0,0,0,0,0,153,116,269,2024-03-31T22:00:00Z
06,203,Koprivnički Ivanec,63,60,123,23,4,27,26,7,33,0,0,0,20,9,29,0,0,0,0,0,0,132,80,212,2024-03-31T22:00:00Z
06,214,Križevci,4141,3969,8110,203,114,317,195,162,357,16,29,45,264,222,486,1,0,1,6,14,20,4826,4510,9336,2024-03-31T22:00:00Z
06,227,Legrad,71,83,154,18,6,24,16,5,21,1,1,2,23,19,42,0,0,0,0,0,0,129,114,243,2024-03-31T22:00:00Z
06,270,Molve,229,111,340,6,9,15,48,27,75,0,1,1,30,16,46,0,0,0,3,2,5,316,166,482,2024-03-31T22:00:00Z
06,292,Novigrad Podravski,84,148,232,12,5,17,15,10,25,0,2,2,19,16,35,0,0,0,0,0,0,130,181,311,2024-03-31T22:00:00Z
06,324,Peteranec,72,54,126,22,2,24,21,11,32,1,1,2,26,12,38,0,0,0,0,1,1,142,81,223,2024-03-31T22:00:00Z
06,366,Rasinja,50,81,131,24,3,27,51,19,70,2,0,2,19,20,39,0,0,0,1,0,1,147,123,270,2024-03-31T22:00:00Z
06,405,Sokolovac,179,87,266,19,4,23,45,11,56,6,3,9,15,9,24,0,0,0,1,0,1,265,114,379,2024-03-31T22:00:00Z
06,439,Sveti Ivan Žabno,302,223,525,41,16,57,90,55,145,1,2,3,48,65,113,0,0,0,1,1,2,483,362,845,2024-03-31T22:00:00Z
06,442,Sveti Petar Orehovec,142,137,279,33,9,42,126,105,231,0,2,2,48,35,83,0,0,0,2,0,2,351,288,639,2024-03-31T22:00:00Z
06,490,Virje,372,237,609,30,14,44,35,17,52,4,1,5,29,34,63,0,0,0,3,0,3,473,303,776,2024-03-31T22:00:00Z
06,559,Kalinovac,425,103,528,8,1,9,7,2,9,0,0,0,11,11,22,0,0,0,1,0,1,452,117,569,2024-03-31T22:00:00Z
06,560,Kalnik,43,50,93,2,3,5,15,19,34,0,1,1,8,3,11,0,0,0,0,0,0,68,76,144,2024-03-31T22:00:00Z
06,561,Novo Virje,45,39,84,2,0,2,37,28,65,0,0,0,22,8,30,0,0,0,0,0,0,106,75,181,2024-03-31T22:00:00Z
06,616,Podravske Sesvete,114,121,235,4,6,10,24,13,37,1,0,1,10,9,19,0,0,0,0,0,0,153,149,302,2024-03-31T22:00:00Z
06,618,Gornja Reka,116,111,227,7,3,10,6,3,9,0,0,0,7,5,12,0,0,0,0,0,0,136,122,258,2024-03-31T22:00:00Z
06,96,Drnje,125,114,239,13,4,17,14,9,23,0,2,2,10,11,21,0,0,0,0,0,0,162,140,302,2024-03-31T22:00:00Z
07,105,Đulovac,291,76,367,10,7,17,30,18,48,2,0,2,126,40,166,0,0,0,1,0,1,460,141,601,2024-03-31T22:00:00Z
07,119,Garešnica,1190,1076,2266,61,33,94,56,34,90,17,18,35,114,138,252,1,0,1,5,6,11,1444,1305,2749,2024-03-31T22:00:00Z
07,139,Grubišno Polje,645,603,1248,36,27,63,97,38,135,3,7,10,60,61,121,0,0,0,1,2,3,842,738,1580,2024-03-31T22:00:00Z
07,144,Hercegovac,137,156,293,19,4,23,44,12,56,1,2,3,43,32,75,0,0,0,2,0,2,246,206,452,2024-03-31T22:00:00Z
07,161,Ivanska,205,127,332,4,2,6,47,13,60,3,3,6,37,22,59,0,0,0,3,2,5,299,169,468,2024-03-31T22:00:00Z
07,176,Kapela,126,110,236,7,1,8,40,23,63,0,0,0,21,17,38,0,0,0,0,0,0,194,151,345,2024-03-31T22:00:00Z
07,18,Berek,38,47,85,7,2,9,25,11,36,0,0,0,12,8,20,0,0,0,0,0,0,82,68,150,2024-03-31T22:00:00Z
07,199,Končanica,145,72,217,10,3,13,28,17,45,0,0,0,8,11,19,0,0,0,1,3,4,192,106,298,2024-03-31T22:00:00Z
07,24,Bjelovar,7392,7059,14451,331,202,533,179,89,268,53,61,114,414,521,935,2,0,2,22,20,42,8393,7952,16345,2024-03-31T22:00:00Z
07,287,Nova Rača,100,115,215,13,2,15,68,29,97,0,2,2,27,10,37,0,0,0,0,1,1,208,159,367,2024-03-31T22:00:00Z
07,375,Rovišće,225,231,456,29,12,41,43,30,73,1,4,5,28,40,68,0,0,0,0,1,1,326,318,644,2024-03-31T22:00:00Z
07,390,Sirač,361,174,535,11,4,15,12,5,17,1,1,2,16,10,26,0,0,0,1,3,4,402,197,599,2024-03-31T22:00:00Z
07,450,Štefanje,60,59,119,9,4,13,33,13,46,1,2,3,34,24,58,0,0,0,0,0,0,137,102,239,2024-03-31T22:00:00Z
07,478,Velika Pisanica,74,84,158,5,2,7,28,14,42,1,0,1,8,5,13,0,0,0,1,2,3,117,107,224,2024-03-31T22:00:00Z
07,480,Veliki Grđevac,147,131,278,12,5,17,77,27,104,1,2,3,68,30,98,0,0,0,2,0,2,307,195,502,2024-03-31T22:00:00Z
07,483,Veliko Trojstvo,94,128,222,14,4,18,8,15,23,0,0,0,39,18,57,0,0,0,0,1,1,155,166,321,2024-03-31T22:00:00Z
07,562,Severin,50,26,76,1,2,3,16,13,29,0,0,0,18,45,63,0,0,0,0,0,0,85,86,171,2024-03-31T22:00:00Z
07,564,Šandrovac,28,44,72,4,0,4,13,7,20,0,0,0,18,5,23,0,0,0,0,2,2,63,58,121,2024-03-31T22:00:00Z
07,565,Velika Trnovitica,61,77,138,8,2,10,31,18,49,1,0,1,18,10,28,0,0,0,0,1,1,119,108,227,2024-03-31T22:00:00Z
07,566,Zrinski Topolovac,20,17,37,4,1,5,26,13,39,0,0,0,4,2,6,0,0,0,0,1,1,54,34,88,2024-03-31T22:00:00Z
07,63,Čazma,1140,803,1943,57,24,81,50,32,82,5,11,16,142,69,211,0,0,0,2,3,5,1396,942,2338,2024-03-31T22:00:00Z
07,67,Daruvar,1552,1888,3440,77,62,139,42,18,60,16,14,30,146,154,300,0,0,0,2,8,10,1835,2144,3979,2024-03-31T22:00:00Z
07,71,Dežanovac,138,88,226,9,2,11,61,29,90,0,0,0,34,15,49,0,0,0,0,2,2,242,136,378,2024-03-31T22:00:00Z
08,117,Fužine,284,192,476,20,13,33,0,1,1,3,1,4,23,22,45,0,0,0,3,0,3,333,229,562,2024-03-31T22:00:00Z
08,170,Jelenje,271,274,545,98,49,147,6,0,6,38,7,45,49,37,86,0,0,0,2,3,5,464,370,834,2024-03-31T22:00:00Z
08,180,Kastav,1270,926,2196,144,83,227,4,2,6,74,10,84,103,78,181,1,1,2,8,5,13,1604,1105,2709,2024-03-31T22:00:00Z
08,186,Klana,341,167,508,24,13,37,1,1,2,4,2,6,19,7,26,0,0,0,1,0,1,390,190,580,2024-03-31T22:00:00Z
08,209,Kraljevica,404,330,734,42,26,68,2,2,4,37,4,41,19,41,60,1,0,1,1,8,9,506,411,917,2024-03-31T22:00:00Z
08,215,Krk,2052,1455,3507,295,137,432,12,9,21,30,18,48,331,219,550,0,0,0,9,12,21,2729,1850,4579,2024-03-31T22:00:00Z
08,237,Lokve,111,92,203,12,7,19,0,1,1,0,2,2,7,13,20,0,0,0,0,0,0,130,115,245,2024-03-31T22:00:00Z
08,242,Lovran,489,644,1133,117,45,162,1,2,3,14,8,22,46,63,109,0,0,0,3,6,9,670,768,1438,2024-03-31T22:00:00Z
08,252,Mali Lošinj,1632,1632,3264,235,95,330,20,8,28,42,17,59,199,171,370,0,0,0,13,11,24,2141,1934,4075,2024-03-31T22:00:00Z
08,253,Malinska-Dubašnica,569,936,1505,150,77,227,8,9,17,6,5,11,171,167,338,0,0,0,7,14,21,911,1208,2119,2024-03-31T22:00:00Z
08,261,Matulji,1575,1158,2733,250,149,399,11,6,17,42,21,63,173,179,352,0,0,0,5,6,11,2056,1519,3575,2024-03-31T22:00:00Z
08,273,Mošćenička Draga,121,80,201,55,15,70,0,2,2,6,2,8,32,26,58,0,0,0,1,5,6,215,130,345,2024-03-31T22:00:00Z
08,275,Mrkopalj,74,57,131,9,5,14,1,0,1,0,0,0,9,9,18,0,0,0,0,0,0,93,71,164,2024-03-31T22:00:00Z
08,290,Novi Vinodolski,638,484,1122,123,48,171,7,6,13,14,5,19,116,85,201,0,0,0,1,7,8,899,635,1534,2024-03-31T22:00:00Z
08,301,Omišalj,676,498,1174,94,35,129,1,0,1,15,2,17,85,32,117,0,0,0,1,5,6,872,572,1444,2024-03-31T22:00:00Z
08,302,Opatija,2368,2938,5306,254,154,408,4,3,7,62,27,89,106,155,261,0,0,0,13,12,25,2807,3289,6096,2024-03-31T22:00:00Z
08,360,Punat,334,206,540,68,27,95,4,0,4,4,1,5,79,63,142,0,0,0,4,1,5,493,298,791,2024-03-31T22:00:00Z
08,363,Rab,950,1173,2123,328,98,426,6,5,11,15,13,28,266,184,450,0,0,0,13,18,31,1578,1491,3069,2024-03-31T22:00:00Z
08,369,Ravna Gora,280,283,563,32,13,45,2,0,2,3,1,4,39,16,55,0,0,0,1,2,3,357,315,672,2024-03-31T22:00:00Z
08,373,Rijeka,28830,29209,58039,1518,1231,2749,23,13,36,1125,340,1465,883,1256,2139,8,5,13,87,109,196,32474,32163,64637,2024-03-31T22:00:00Z
08,38,Brod Moravice,43,39,82,29,5,34,1,0,1,0,1,1,9,3,12,0,0,0,1,1,2,83,49,132,2024-03-31T22:00:00Z
08,393,Skrad,46,46,92,4,5,9,0,1,1,1,1,2,3,5,8,0,0,0,0,0,0,54,58,112,2024-03-31T22:00:00Z
08,4,Bakar,2272,1205,3477,78,42,120,3,0,3,75,10,85,70,69,139,0,0,0,3,9,12,2501,1335,3836,2024-03-31T22:00:00Z
08,488,Vinodolska Općina,212,173,385,65,24,89,2,0,2,6,1,7,33,16,49,0,0,0,1,2,3,319,216,535,2024-03-31T22:00:00Z
08,495,Viškovo,1854,1225,3079,244,131,375,6,4,10,57,19,76,155,137,292,0,0,0,14,13,27,2330,1529,3859,2024-03-31T22:00:00Z
08,507,Vrbnik,157,117,274,36,14,50,8,4,12,0,0,0,44,32,76,0,0,0,0,1,1,245,168,413,2024-03-31T22:00:00Z
08,509,Vrbovsko,362,324,686,63,19,82,2,5,7,1,4,5,75,40,115,1,0,1,1,1,2,505,393,898,2024-03-31T22:00:00Z
08,52,Cres,568,485,1053,86,32,118,8,7,15,14,3,17,79,90,169,0,0,0,7,2,9,762,619,1381,2024-03-31T22:00:00Z
08,53,Crikvenica,1386,1832,3218,250,147,397,6,2,8,39,26,65,281,223,504,0,0,0,9,12,21,1971,2242,4213,2024-03-31T22:00:00Z
08,538,Kostrena,655,335,990,46,32,78,1,1,2,88,7,95,20,50,70,0,0,0,1,5,6,811,430,1241,2024-03-31T22:00:00Z
08,55,Čabar,349,298,647,53,17,70,8,2,10,4,0,4,133,47,180,0,0,0,1,3,4,548,367,915,2024-03-31T22:00:00Z
08,61,Čavle,695,569,1264,102,59,161,0,1,1,37,9,46,105,79,184,0,0,0,2,1,3,941,718,1659,2024-03-31T22:00:00Z
08,624,Lopar,85,40,125,27,8,35,0,1,1,1,0,1,31,30,61,0,0,0,5,4,9,149,83,232,2024-03-31T22:00:00Z
08,69,Delnice,1070,760,1830,79,52,131,5,2,7,9,12,21,85,85,170,0,0,0,1,6,7,1249,917,2166,2024-03-31T22:00:00Z
08,74,Dobrinj,152,122,274,58,26,84,2,2,4,2,0,2,95,52,147,0,0,0,2,4,6,311,206,517,2024-03-31T22:00:00Z
08,8,Baška,272,242,514,70,33,103,6,1,7,2,6,8,64,54,118,0,0,0,7,14,21,421,350,771,2024-03-31T22:00:00Z
09,130,Gospić,2293,2393,4686,110,68,178,96,51,147,12,10,22,146,176,322,0,0,0,7,5,12,2664,2703,5367,2024-03-31T22:00:00Z
09,178,Karlobag,95,99,194,14,4,18,5,2,7,3,0,3,9,5,14,0,0,0,1,0,1,127,110,237,2024-03-31T22:00:00Z
09,240,Lovinac,201,86,287,0,0,0,1,1,2,0,0,0,5,3,8,0,0,0,0,0,0,207,90,297,2024-03-31T22:00:00Z
09,288,Novalja,996,769,1765,137,39,176,27,13,40,4,7,11,204,97,301,0,0,0,11,15,26,1379,940,2319,2024-03-31T22:00:00Z
09,313,Otočac,839,934,1773,91,37,128,61,34,95,11,6,17,96,118,214,0,0,0,1,4,5,1099,1133,2232,2024-03-31T22:00:00Z
09,323,Perušić,359,270,629,28,12,40,31,19,50,0,1,1,25,24,49,0,0,0,0,0,0,443,326,769,2024-03-31T22:00:00Z
09,37,Brinje,399,239,638,20,7,27,9,7,16,0,0,0,12,17,29,0,0,0,1,4,5,441,274,715,2024-03-31T22:00:00Z
09,387,Senj,757,651,1408,101,50,151,7,5,12,19,10,29,120,127,247,0,0,0,4,6,10,1008,849,1857,2024-03-31T22:00:00Z
09,455,Plitvička Jezera,864,920,1784,46,31,77,59,15,74,9,7,16,261,181,442,0,0,0,2,2,4,1241,1156,2397,2024-03-31T22:00:00Z
09,467,Udbina,126,91,217,10,3,13,43,16,59,0,0,0,13,17,30,0,0,0,1,1,2,193,128,321,2024-03-31T22:00:00Z
09,512,Vrhovine,108,41,149,4,2,6,10,1,11,0,0,0,4,2,6,0,0,0,0,0,0,126,46,172,2024-03-31T22:00:00Z
09,84,Donji Lapac,120,72,192,6,3,9,27,6,33,0,0,0,13,5,18,0,0,0,0,0,0,166,86,252,2024-03-31T22:00:00Z
10,136,Gradina,86,108,194,16,12,28,112,42,154,2,0,2,43,32,75,0,0,0,0,1,1,259,195,454,2024-03-31T22:00:00Z
10,245,Lukač,200,140,340,12,6,18,48,15,63,1,0,1,45,34,79,0,0,0,1,1,2,307,196,503,2024-03-31T22:00:00Z
10,266,Mikleuš,74,49,123,11,1,12,14,4,18,0,0,0,15,11,26,0,0,0,0,0,0,114,65,179,2024-03-31T22:00:00Z
10,283,Nova Bukovica,45,36,81,11,8,19,35,10,45,1,0,1,24,18,42,0,0,0,0,0,0,116,72,188,2024-03-31T22:00:00Z
10,307,Orahovica,837,605,1442,78,38,116,9,4,13,11,9,20,111,119,230,0,0,0,3,2,5,1049,777,1826,2024-03-31T22:00:00Z
10,332,Pitomača,780,718,1498,95,59,154,148,84,232,3,7,10,212,179,391,0,0,0,2,4,6,1240,1051,2291,2024-03-31T22:00:00Z
10,395,Slatina,1537,1438,2975,158,80,238,128,43,171,11,19,30,191,250,441,0,0,0,5,5,10,2030,1835,3865,2024-03-31T22:00:00Z
10,407,Sopje,139,49,188,5,4,9,80,21,101,0,0,0,20,30,50,0,0,0,0,0,0,244,104,348,2024-03-31T22:00:00Z
10,424,Suhopolje,266,269,535,27,22,49,97,35,132,0,1,1,64,55,119,1,0,1,2,1,3,457,383,840,2024-03-31T22:00:00Z
10,449,Špišić Bukovica,157,154,311,27,12,39,133,51,184,2,2,4,58,59,117,0,0,0,0,0,0,377,278,655,2024-03-31T22:00:00Z
10,491,Virovitica,3972,4226,8198,192,116,308,91,29,120,31,22,53,368,368,736,1,0,1,11,5,16,4666,4766,9432,2024-03-31T22:00:00Z
10,499,Voćin,156,119,275,12,5,17,31,20,51,0,0,0,15,8,23,0,0,0,0,0,0,214,152,366,2024-03-31T22:00:00Z
10,524,Zdenci,226,118,344,11,3,14,16,7,23,0,1,1,13,12,25,0,0,0,0,1,1,266,142,408,2024-03-31T22:00:00Z
10,54,Crnac,25,27,52,15,4,19,21,8,29,0,1,1,17,9,26,0,0,0,0,0,0,78,49,127,2024-03-31T22:00:00Z
10,56,Čačinci,162,100,262,25,18,43,21,12,33,0,2,2,29,32,61,0,0,0,0,2,2,237,166,403,2024-03-31T22:00:00Z
10,57,Čađavica,112,86,198,14,10,24,62,21,83,0,0,0,38,25,63,0,0,0,0,0,0,226,142,368,2024-03-31T22:00:00Z
11,164,Jakšić,171,119,290,35,12,47,25,5,30,0,2,2,35,20,55,0,0,0,0,0,0,266,158,424,2024-03-31T22:00:00Z
11,177,Kaptol,103,110,213,16,2,18,22,3,25,0,1,1,46,12,58,0,0,0,0,1,1,187,129,316,2024-03-31T22:00:00Z
11,221,Kutjevo,555,473,1028,61,27,88,64,27,91,1,1,2,77,69,146,0,0,0,1,4,5,759,601,1360,2024-03-31T22:00:00Z
11,231,Lipik,748,648,1396,41,18,59,28,19,47,3,7,10,61,60,121,0,0,0,2,1,3,883,753,1636,2024-03-31T22:00:00Z
11,318,Pakrac,696,1126,1822,90,38,128,51,15,66,13,6,19,175,98,273,0,0,0,0,4,4,1025,1287,2312,2024-03-31T22:00:00Z
11,334,Pleternica,546,522,1068,92,38,130,49,12,61,3,6,9,181,116,297,0,0,0,2,9,11,873,703,1576,2024-03-31T22:00:00Z
11,35,Brestovac,107,122,229,23,2,25,13,3,16,1,1,2,30,11,41,0,0,0,0,0,0,174,139,313,2024-03-31T22:00:00Z
11,351,Požega,5083,4568,9651,323,181,504,115,44,159,40,58,98,377,375,752,0,1,1,8,20,28,5946,5247,11193,2024-03-31T22:00:00Z
11,475,Velika,443,336,779,26,21,47,21,3,24,2,2,4,49,41,90,0,0,0,0,0,0,541,403,944,2024-03-31T22:00:00Z
11,58,Čaglin,103,190,293,10,1,11,15,3,18,0,1,1,15,12,27,0,0,0,0,0,0,143,207,350,2024-03-31T22:00:00Z
12,10,Bebrina,52,76,128,18,7,25,16,5,21,2,0,2,15,12,27,0,0,0,1,0,1,104,100,204,2024-03-31T22:00:00Z
12,118,Garčin,160,203,363,33,11,44,36,18,54,0,0,0,32,40,72,0,0,0,1,0,1,262,272,534,2024-03-31T22:00:00Z
12,127,Gornji Bogićevci,73,64,137,11,2,13,10,2,12,0,0,0,21,28,49,0,0,0,0,0,0,115,96,211,2024-03-31T22:00:00Z
12,140,Gundinci,82,48,130,17,5,22,52,24,76,0,0,0,22,10,32,0,0,0,0,0,0,173,87,260,2024-03-31T22:00:00Z
12,185,Klakar,123,75,198,11,8,19,19,5,24,0,1,1,14,25,39,0,0,0,0,0,0,167,114,281,2024-03-31T22:00:00Z
12,284,Nova Gradiška,2418,2242,4660,169,99,268,26,15,41,22,18,40,288,325,613,0,0,0,1,5,6,2924,2704,5628,2024-03-31T22:00:00Z
12,285,Nova Kapela,158,206,364,31,15,46,19,6,25,2,3,5,52,49,101,0,0,0,1,0,1,263,279,542,2024-03-31T22:00:00Z
12,299,Okučani,242,197,439,39,7,46,12,3,15,0,0,0,47,23,70,0,0,0,1,2,3,341,232,573,2024-03-31T22:00:00Z
12,303,Oprisavci,352,200,552,13,3,16,34,12,46,1,0,1,7,21,28,0,0,0,0,0,0,407,236,643,2024-03-31T22:00:00Z
12,309,Oriovac,312,317,629,48,24,72,22,15,37,2,3,5,61,53,114,0,0,0,2,4,6,447,416,863,2024-03-31T22:00:00Z
12,338,Podcrkavlje,43,48,91,18,2,20,7,2,9,0,1,1,14,7,21,0,0,0,0,2,2,82,62,144,2024-03-31T22:00:00Z
12,372,Rešetari,222,248,470,46,12,58,17,8,25,3,1,4,82,51,133,0,0,0,1,1,2,371,321,692,2024-03-31T22:00:00Z
12,388,Sibinj,188,222,410,72,22,94,21,2,23,0,0,0,72,44,116,0,0,0,2,4,6,355,294,649,2024-03-31T22:00:00Z
12,39,Brodski Stupnik,76,83,159,17,10,27,9,3,12,1,0,1,74,47,121,0,0,0,1,1,2,178,144,322,2024-03-31T22:00:00Z
12,396,Slavonski Brod,14787,10054,24841,685,390,1075,46,28,74,71,78,149,1007,957,1964,0,0,0,15,23,38,16611,11530,28141,2024-03-31T22:00:00Z
12,397,Slavonski Šamac,86,76,162,13,3,16,15,9,24,0,1,1,21,7,28,0,0,0,0,0,0,135,96,231,2024-03-31T22:00:00Z
12,412,Stara Gradiška,170,110,280,7,5,12,6,3,9,0,0,0,18,8,26,0,0,0,0,0,0,201,126,327,2024-03-31T22:00:00Z
12,418,Staro Petrovo Selo,232,141,373,41,14,55,41,18,59,1,1,2,103,54,157,0,0,0,0,2,2,418,230,648,2024-03-31T22:00:00Z
12,46,Cernik,135,194,329,41,13,54,10,6,16,4,1,5,60,28,88,0,0,0,0,1,1,250,243,493,2024-03-31T22:00:00Z
12,476,Velika Kopanica,220,131,351,33,8,41,31,17,48,1,1,2,47,20,67,0,0,0,0,1,1,332,178,510,2024-03-31T22:00:00Z
12,506,Vrbje,37,26,63,10,2,12,18,2,20,0,0,0,22,19,41,0,0,0,0,1,1,87,50,137,2024-03-31T22:00:00Z
12,514,Vrpolje,215,133,348,27,5,32,44,15,59,0,2,2,22,22,44,0,0,0,0,1,1,308,178,486,2024-03-31T22:00:00Z
12,567,Bukovlje,163,68,231,19,12,31,2,2,4,1,0,1,14,15,29,0,0,0,1,2,3,200,99,299,2024-03-31T22:00:00Z
12,568,Dragalić,37,48,85,9,1,10,6,2,8,0,0,0,6,6,12,0,0,0,0,0,0,58,57,115,2024-03-31T22:00:00Z
12,569,Gornja Vrba,416,174,590,19,7,26,2,2,4,0,1,1,19,24,43,0,0,0,0,1,1,456,209,665,2024-03-31T22:00:00Z
12,570,Sikirevci,47,67,114,23,8,31,36,13,49,0,0,0,14,9,23,0,0,0,1,1,2,121,98,219,2024-03-31T22:00:00Z
12,68,Davor,137,117,254,14,7,21,13,4,17,2,0,2,13,25,38,0,0,0,0,0,0,179,153,332,2024-03-31T22:00:00Z
12,81,Donji Andrijevci,212,151,363,27,16,43,21,4,25,0,1,1,26,19,45,0,0,0,1,0,1,287,191,478,2024-03-31T22:00:00Z
13,131,Gračac,270,283,553,23,16,39,71,35,106,2,1,3,52,44,96,0,0,0,3,1,4,421,380,801,2024-03-31T22:00:00Z
13,167,Jasenice,173,86,259,20,3,23,9,5,14,2,0,2,17,8,25,0,0,0,0,5,5,221,107,328,2024-03-31T22:00:00Z
13,17,Benkovac,1297,1127,2424,127,53,180,109,62,171,15,9,24,252,133,385,0,0,0,9,4,13,1809,1388,3197,2024-03-31T22:00:00Z
13,173,Kali,312,136,448,26,15,41,2,1,3,21,0,21,40,31,71,0,0,0,0,1,1,401,184,585,2024-03-31T22:00:00Z
13,20,Bibinje,262,216,478,66,31,97,3,1,4,4,6,10,96,63,159,0,0,0,3,1,4,434,318,752,2024-03-31T22:00:00Z
13,22,Biograd Na Moru,1255,1561,2816,187,84,271,27,19,46,19,9,28,189,241,430,0,0,0,5,8,13,1682,1922,3604,2024-03-31T22:00:00Z
13,234,Lišane Ostrovičke,32,31,63,9,2,11,2,1,3,0,0,0,8,9,17,0,0,0,0,0,0,51,43,94,2024-03-31T22:00:00Z
13,282,Nin,613,516,1129,55,18,73,8,6,14,7,1,8,63,50,113,0,0,0,7,8,15,753,599,1352,2024-03-31T22:00:00Z
13,296,Obrovac,425,270,695,43,13,56,45,8,53,4,2,6,23,47,70,0,0,0,2,6,8,542,346,888,2024-03-31T22:00:00Z
13,316,Pag,567,491,1058,72,35,107,37,12,49,7,6,13,86,71,157,0,0,0,6,5,11,775,620,1395,2024-03-31T22:00:00Z
13,317,Pakoštane,420,382,802,74,23,97,14,18,32,8,4,12,143,69,212,0,0,0,10,8,18,669,504,1173,2024-03-31T22:00:00Z
13,320,Pašman,128,115,243,49,15,64,5,4,9,16,0,16,52,29,81,0,0,0,3,4,7,253,167,420,2024-03-31T22:00:00Z
13,344,Polača,107,73,180,19,9,28,6,2,8,4,0,4,13,16,29,0,0,0,1,1,2,150,101,251,2024-03-31T22:00:00Z
13,345,Poličnik,544,415,959,71,16,87,9,9,18,5,2,7,63,30,93,0,0,0,1,3,4,693,475,1168,2024-03-31T22:00:00Z
13,349,Posedarje,142,187,329,46,18,64,8,11,19,9,2,11,55,41,96,0,0,0,1,5,6,261,264,525,2024-03-31T22:00:00Z
13,354,Preko,340,464,804,60,24,84,8,4,12,29,4,33,52,32,84,0,0,0,2,2,4,491,530,1021,2024-03-31T22:00:00Z
13,371,Ražanac,97,125,222,27,10,37,8,7,15,8,0,8,37,20,57,0,0,0,2,0,2,179,162,341,2024-03-31T22:00:00Z
13,379,Sali,198,190,388,42,15,57,6,2,8,6,2,8,35,29,64,0,0,0,1,3,4,288,241,529,2024-03-31T22:00:00Z
13,411,Stankovci,242,184,426,49,6,55,3,3,6,2,1,3,43,18,61,0,0,0,0,0,0,339,212,551,2024-03-31T22:00:00Z
13,416,Starigrad,165,160,325,49,28,77,9,4,13,3,0,3,49,51,100,0,0,0,2,10,12,277,253,530,2024-03-31T22:00:00Z
13,425,Sukošan,500,346,846,81,25,106,13,5,18,4,1,5,68,60,128,0,0,0,1,7,8,667,444,1111,2024-03-31T22:00:00Z
13,428,Sveti Filip I Jakov,256,380,636,46,24,70,8,2,10,15,3,18,42,40,82,0,0,0,4,8,12,371,457,828,2024-03-31T22:00:00Z
13,445,Škabrnje,90,70,160,36,5,41,6,3,9,1,0,1,20,10,30,0,0,0,1,2,3,154,90,244,2024-03-31T22:00:00Z
13,489,Vir,335,317,652,67,24,91,2,2,4,1,1,2,52,45,97,0,0,0,4,3,7,461,392,853,2024-03-31T22:00:00Z
13,520,Zadar,16102,17406,33508,1277,785,2062,48,33,81,696,206,902,1404,1512,2916,4,0,4,80,68,148,19611,20010,39621,2024-03-31T22:00:00Z
13,525,Zemunik Donji,234,294,528,24,7,31,4,4,8,1,0,1,29,14,43,0,0,0,0,0,0,292,319,611,2024-03-31T22:00:00Z
13,537,Novigrad,88,99,187,29,3,32,6,5,11,5,1,6,27,13,40,0,0,0,2,1,3,157,122,279,2024-03-31T22:00:00Z
13,571,Galovac,41,74,115,17,3,20,2,5,7,3,2,5,14,9,23,0,0,0,0,0,0,77,93,170,2024-03-31T22:00:00Z
13,572,Kukljica,51,44,95,24,2,26,1,0,1,4,1,5,24,11,35,0,0,0,1,0,1,105,58,163,2024-03-31T22:00:00Z
13,573,Povljana,69,71,140,15,7,22,5,1,6,6,0,6,12,9,21,0,0,0,0,0,0,107,88,195,2024-03-31T22:00:00Z
13,574,Privlaka,151,150,301,28,13,41,1,2,3,7,2,9,24,12,36,0,0,0,4,1,5,215,180,395,2024-03-31T22:00:00Z
13,575,Tkon,105,70,175,29,8,37,2,1,3,3,0,3,46,26,72,0,0,0,2,1,3,187,106,293,2024-03-31T22:00:00Z
13,622,Kolan,182,107,289,20,4,24,5,2,7,1,0,1,16,14,30,0,0,0,1,0,1,225,127,352,2024-03-31T22:00:00Z
13,625,Vrsi,135,58,193,17,12,29,5,3,8,16,1,17,27,36,63,0,0,0,2,1,3,202,111,313,2024-03-31T22:00:00Z
14,103,Đakovo,3016,2996,6012,508,238,746,228,88,316,28,36,64,624,568,1192,0,0,0,8,14,22,4412,3940,8352,2024-03-31T22:00:00Z
14,106,Đurđenovac,515,519,1034,45,12,57,18,12,30,0,5,5,64,52,116,0,0,0,2,0,2,644,600,1244,2024-03-31T22:00:00Z
14,110,Erdut,326,245,571,37,13,50,54,13,67,2,3,5,53,44,97,0,0,0,0,2,2,472,320,792,2024-03-31T22:00:00Z
14,111,Ernestinovo,83,193,276,6,5,11,23,5,28,1,1,2,11,11,22,0,0,0,1,0,1,125,215,340,2024-03-31T22:00:00Z
14,116,Feričanci,126,121,247,26,6,32,3,0,3,0,1,1,38,14,52,0,0,0,0,1,1,193,143,336,2024-03-31T22:00:00Z
14,124,Gorjani,148,168,316,16,8,24,10,6,16,0,0,0,7,5,12,0,0,0,0,0,0,181,187,368,2024-03-31T22:00:00Z
14,13,Beli Manastir,1038,1182,2220,109,57,166,70,35,105,6,14,20,126,108,234,1,0,1,2,1,3,1352,1397,2749,2024-03-31T22:00:00Z
14,16,Belišće,1727,648,2375,79,44,123,25,5,30,8,7,15,98,92,190,0,0,0,0,1,1,1937,797,2734,2024-03-31T22:00:00Z
14,195,Kneževi Vinogradi,239,284,523,33,7,40,31,7,38,1,2,3,69,75,144,0,0,0,0,0,0,373,375,748,2024-03-31T22:00:00Z
14,2,Antunovac,204,200,404,34,14,48,12,6,18,1,0,1,16,18,34,0,0,0,0,0,0,267,238,505,2024-03-31T22:00:00Z
14,205,Koška,194,173,367,23,8,31,26,6,32,2,2,4,32,25,57,0,0,0,1,1,2,278,215,493,2024-03-31T22:00:00Z
14,21,Bilje,310,332,642,51,26,77,17,11,28,1,2,3,54,40,94,0,0,0,0,1,1,433,412,845,2024-03-31T22:00:00Z
14,23,Bizovac,264,239,503,27,12,39,25,7,32,2,4,6,31,39,70,0,0,0,0,0,0,349,301,650,2024-03-31T22:00:00Z
14,230,Levanjska Varoš,34,32,66,4,2,6,6,5,11,0,0,0,4,5,9,0,0,0,0,0,0,48,44,92,2024-03-31T22:00:00Z
14,257,Marijanci,85,78,163,7,5,12,10,0,10,0,0,0,15,18,33,0,0,0,0,1,1,117,102,219,2024-03-31T22:00:00Z
14,271,Moslavina Podravska,17,28,45,4,2,6,13,5,18,0,0,0,14,11,25,0,0,0,0,0,0,48,46,94,2024-03-31T22:00:00Z
14,278,Našice,2301,1856,4157,197,103,300,61,28,89,24,28,52,223,269,492,0,0,0,5,6,11,2811,2290,5101,2024-03-31T22:00:00Z
14,312,Osijek,24911,23420,48331,1030,747,1777,124,51,175,174,187,361,790,1144,1934,2,1,3,25,30,55,27056,25580,52636,2024-03-31T22:00:00Z
14,325,Petlovac,42,37,79,7,5,12,12,0,12,0,0,0,16,8,24,0,0,0,0,0,0,77,50,127,2024-03-31T22:00:00Z
14,327,Petrijevci,251,193,444,20,4,24,5,2,7,0,1,1,10,7,17,1,0,1,0,0,0,287,207,494,2024-03-31T22:00:00Z
14,340,Podgorač,116,83,199,24,10,34,23,4,27,1,1,2,17,30,47,0,0,0,0,0,0,181,128,309,2024-03-31T22:00:00Z
14,346,Popovac,56,51,107,1,3,4,5,2,7,0,0,0,4,1,5,0,0,0,0,0,0,66,57,123,2024-03-31T22:00:00Z
14,361,Punitovci,48,70,118,23,6,29,14,4,18,0,0,0,39,7,46,0,0,0,0,0,0,124,87,211,2024-03-31T22:00:00Z
14,381,Satnica Đakovačka,124,89,213,21,6,27,10,3,13,0,0,0,49,24,73,0,0,0,0,0,0,204,122,326,2024-03-31T22:00:00Z
14,386,Semeljci,209,192,401,45,16,61,47,18,65,2,1,3,73,34,107,0,0,0,0,2,2,376,263,639,2024-03-31T22:00:00Z
14,421,Strizivojna,309,310,619,20,11,31,15,3,18,0,0,0,24,10,34,0,0,0,0,0,0,368,334,702,2024-03-31T22:00:00Z
14,461,Trnava,62,68,130,5,4,9,10,3,13,0,0,0,10,6,16,0,0,0,0,0,0,87,81,168,2024-03-31T22:00:00Z
14,471,Valpovo,875,1191,2066,103,68,171,52,17,69,14,14,28,88,126,214,0,0,0,5,11,16,1137,1427,2564,2024-03-31T22:00:00Z
14,485,Viljevo,74,72,146,10,0,10,18,4,22,0,0,0,18,11,29,0,0,0,0,1,1,120,88,208,2024-03-31T22:00:00Z
14,494,Viškovci,294,220,514,23,6,29,12,4,16,0,0,0,17,9,26,0,0,0,1,0,1,347,239,586,2024-03-31T22:00:00Z
14,517,Vuka,33,60,93,17,2,19,11,4,15,0,0,0,23,13,36,0,0,0,0,0,0,84,79,163,2024-03-31T22:00:00Z
14,576,Donja Motičina,21,13,34,12,4,16,1,1,2,0,0,0,17,8,25,0,0,0,0,0,0,51,26,77,2024-03-31T22:00:00Z
14,578,Magadenovac,85,114,199,5,4,9,21,8,29,0,1,1,15,15,30,0,0,0,0,0,0,126,142,268,2024-03-31T22:00:00Z
14,579,Vladislavci,129,121,250,5,0,5,5,6,11,1,0,1,13,3,16,0,0,0,0,0,0,153,130,283,2024-03-31T22:00:00Z
14,609,Jagodnjak,88,68,156,9,2,11,23,6,29,0,0,0,10,4,14,0,0,0,0,0,0,130,80,210,2024-03-31T22:00:00Z
14,614,Šodolovci,27,13,40,0,0,0,0,0,0,0,0,0,8,6,14,0,0,0,0,0,0,35,19,54,2024-03-31T22:00:00Z
14,64,Čeminac,75,82,157,12,0,12,4,1,5,0,0,0,27,15,42,0,0,0,0,0,0,118,98,216,2024-03-31T22:00:00Z
14,65,Čepin,854,615,1469,107,42,149,60,29,89,4,6,10,110,107,217,0,0,0,1,1,2,1136,800,1936,2024-03-31T22:00:00Z
14,66,Darda,1769,816,2585,58,34,92,32,9,41,3,4,7,65,55,120,0,0,0,1,1,2,1928,919,2847,2024-03-31T22:00:00Z
14,86,Donji Miholjac,1200,1017,2217,120,64,184,163,41,204,6,9,15,159,130,289,1,0,1,1,6,7,1650,1267,2917,2024-03-31T22:00:00Z
14,91,Draž,81,115,196,11,3,14,14,5,19,0,0,0,10,10,20,0,0,0,0,1,1,116,134,250,2024-03-31T22:00:00Z
14,94,Drenje,97,100,197,30,5,35,43,9,52,0,0,0,14,17,31,0,0,0,0,0,0,184,131,315,2024-03-31T22:00:00Z
15,113,Ervenik,33,41,74,2,0,2,3,1,4,0,0,0,5,2,7,0,0,0,0,0,0,43,44,87,2024-03-31T22:00:00Z
15,183,Kijevo,26,29,55,2,0,2,0,0,0,0,0,0,0,0,0,0,0,0,0,0,0,28,29,57,2024-03-31T22:00:00Z
15,184,Kistanje,66,85,151,21,5,26,1,2,3,1,0,1,14,13,27,0,0,0,0,0,0,103,105,208,2024-03-31T22:00:00Z
15,196,Knin,1323,1563,2886,138,77,215,65,18,83,32,4,36,165,149,314,0,0,0,4,3,7,1727,1814,3541,2024-03-31T22:00:00Z
15,298,Promina,129,101,230,1,1,2,1,2,3,0,0,0,3,2,5,0,0,0,0,1,1,134,107,241,2024-03-31T22:00:00Z
15,310,Biskupija,119,44,163,3,0,3,1,0,1,1,0,1,1,1,2,0,0,0,0,0,0,125,45,170,2024-03-31T22:00:00Z
15,357,Primošten,270,320,590,116,34,150,5,2,7,7,3,10,57,61,118,0,1,1,6,6,12,461,427,888,2024-03-31T22:00:00Z
15,377,Ružić,28,33,61,6,0,6,5,5,10,0,0,0,3,13,16,0,0,0,0,0,0,42,51,93,2024-03-31T22:00:00Z
15,394,Skradin,155,188,343,55,18,73,17,7,24,3,2,5,63,49,112,0,0,0,0,1,1,293,265,558,2024-03-31T22:00:00Z
15,444,Šibenik,8518,8937,17455,731,393,1124,29,13,42,219,101,320,640,697,1337,0,0,0,12,31,43,10149,10172,20321,2024-03-31T22:00:00Z
15,454,Tisno,414,328,742,104,34,138,7,0,7,9,3,12,69,72,141,0,0,0,1,3,4,604,440,1044,2024-03-31T22:00:00Z
15,469,Unešić,53,76,129,10,0,10,4,1,5,1,0,1,16,9,25,0,0,0,0,0,0,84,86,170,2024-03-31T22:00:00Z
15,500,Vodice,1139,1216,2355,325,126,451,15,7,22,16,10,26,306,194,500,0,0,0,7,22,29,1808,1575,3383,2024-03-31T22:00:00Z
15,51,Civljane,56,11,67,1,1,2,0,0,0,0,0,0,3,2,5,0,0,0,0,0,0,60,14,74,2024-03-31T22:00:00Z
15,581,Pirovac,164,170,334,41,20,61,5,3,8,5,1,6,64,39,103,0,0,0,0,0,0,279,233,512,2024-03-31T22:00:00Z
15,582,Rogoznica,303,291,594,50,18,68,1,1,2,7,1,8,54,36,90,0,0,0,3,4,7,418,351,769,2024-03-31T22:00:00Z
15,617,Murter,288,285,573,65,40,105,3,1,4,15,3,18,81,61,142,0,0,0,21,14,35,473,404,877,2024-03-31T22:00:00Z
15,621,Bilice,109,44,153,30,9,39,0,0,0,6,0,6,24,10,34,0,0,0,0,0,0,169,63,232,2024-03-31T22:00:00Z
15,626,Tribunj,102,116,218,22,14,36,1,0,1,4,0,4,63,43,106,0,0,0,0,0,0,192,173,365,2024-03-31T22:00:00Z
15,95,Drniš,951,695,1646,68,55,123,56,24,80,6,7,13,99,89,188,0,0,0,0,1,1,1180,871,2051,2024-03-31T22:00:00Z
16,1,Andrijaševci,73,131,204,24,14,38,12,4,16,2,1,3,29,34,63,0,0,0,0,4,4,140,188,328,2024-03-31T22:00:00Z
16,137,Gradište,77,116,193,19,4,23,29,5,34,0,1,1,18,15,33,0,0,0,1,0,1,144,141,285,2024-03-31T22:00:00Z
16,141,Gunja,239,131,370,29,10,39,42,14,56,1,0,1,44,13,57,0,0,0,1,1,2,356,169,525,2024-03-31T22:00:00Z
16,154,Ilok,482,571,1053,69,24,93,54,17,71,2,2,4,113,98,211,1,0,1,0,0,0,721,712,1433,2024-03-31T22:00:00Z
16,159,Ivankovo,356,471,827,71,35,106,55,13,68,3,5,8,108,73,181,0,0,0,2,1,3,595,598,1193,2024-03-31T22:00:00Z
16,166,Jarmina,42,89,131,20,12,32,29,8,37,0,1,1,20,33,53,0,0,0,0,0,0,111,143,254,2024-03-31T22:00:00Z
16,239,Lovas,60,83,143,6,0,6,13,1,14,0,0,0,5,6,11,0,0,0,0,0,0,84,90,174,2024-03-31T22:00:00Z
16,26,Bogdanovci,31,17,48,4,0,4,6,4,10,0,0,0,15,3,18,0,0,0,0,0,0,56,24,80,2024-03-31T22:00:00Z
16,29,Borovo,73,99,172,52,14,66,25,6,31,1,3,4,80,77,157,0,0,0,3,1,4,234,200,434,2024-03-31T22:00:00Z
16,294,Nuštar,278,322,600,47,22,69,22,6,28,2,1,3,56,33,89,0,0,0,0,2,2,405,386,791,2024-03-31T22:00:00Z
16,295,Nijemci,225,235,460,28,9,37,86,22,108,0,1,1,66,35,101,0,0,0,0,1,1,405,303,708,2024-03-31T22:00:00Z
16,3,Babina Greda,185,208,393,36,17,53,74,26,100,2,0,2,32,38,70,0,0,0,0,2,2,329,291,620,2024-03-31T22:00:00Z
16,32,Bošnjaci,133,113,246,27,7,34,28,4,32,2,0,2,38,43,81,0,0,0,0,1,1,228,168,396,2024-03-31T22:00:00Z
16,414,Stari Jankovci,149,119,268,21,5,26,40,9,49,3,0,3,32,17,49,0,0,0,1,2,3,246,152,398,2024-03-31T22:00:00Z
16,415,Stari Mikanovci,112,152,264,22,9,31,27,13,40,4,1,5,33,45,78,0,0,0,1,0,1,199,220,419,2024-03-31T22:00:00Z
16,44,Cerna,469,262,731,48,30,78,51,17,68,2,1,3,57,73,130,0,0,0,2,0,2,629,383,1012,2024-03-31T22:00:00Z
16,456,Tompojevci,27,38,65,15,5,20,35,11,46,0,0,0,13,12,25,0,0,0,0,0,0,90,66,156,2024-03-31T22:00:00Z
16,458,Tordinci,101,87,188,4,1,5,9,0,9,0,0,0,7,13,20,0,0,0,0,0,0,121,101,222,2024-03-31T22:00:00Z
16,459,Tovarnik,194,148,342,21,3,24,45,21,66,1,1,2,15,24,39,0,0,0,0,0,0,276,197,473,2024-03-31T22:00:00Z
16,464,Trpinja,109,222,331,28,11,39,77,18,95,1,0,1,37,27,64,0,0,0,0,1,1,252,279,531,2024-03-31T22:00:00Z
16,487,Vinkovci,8087,6704,14791,331,224,555,46,25,71,56,51,107,485,633,1118,1,0,1,9,11,20,9015,7648,16663,2024-03-31T22:00:00Z
16,505,Vrbanja,324,176,500,31,12,43,62,17,79,1,1,2,40,40,80,0,0,0,0,1,1,458,247,705,2024-03-31T22:00:00Z
16,518,Vukovar,4575,4892,9467,325,183,508,105,34,139,23,28,51,433,402,835,0,0,0,0,8,8,5461,5547,11008,2024-03-31T22:00:00Z
16,534,Županja,2026,1555,3581,144,60,204,40,16,56,22,16,38,160,187,347,1,0,1,6,4,10,2399,1838,4237,2024-03-31T22:00:00Z
16,535,Otok (Vinkovci),432,326,758,39,23,62,54,11,65,5,1,6,77,67,144,0,0,0,0,2,2,607,430,1037,2024-03-31T22:00:00Z
16,583,Privlaka,97,99,196,23,8,31,23,7,30,0,1,1,18,20,38,0,0,0,0,0,0,161,135,296,2024-03-31T22:00:00Z
16,584,Vođinci,62,165,227,14,4,18,6,5,11,0,1,1,14,19,33,0,0,0,0,0,0,96,194,290,2024-03-31T22:00:00Z
16,610,Markušica,37,58,95,11,4,15,48,15,63,0,1,1,16,11,27,0,0,0,2,0,2,114,89,203,2024-03-31T22:00:00Z
16,612,Negoslavci,18,37,55,7,1,8,10,3,13,1,0,1,13,13,26,0,0,0,0,0,0,49,54,103,2024-03-31T22:00:00Z
16,628,Štitar,104,76,180,10,1,11,13,2,15,0,0,0,13,6,19,0,0,0,0,0,0,140,85,225,2024-03-31T22:00:00Z
16,92,Drenovci,125,203,328,42,3,45,107,36,143,2,1,3,44,51,95,0,0,0,0,1,1,320,295,615,2024-03-31T22:00:00Z
17,100,Dugi Rat,797,717,1514,91,35,126,0,2,2,42,14,56,218,130,348,0,0,0,12,9,21,1160,907,2067,2024-03-31T22:00:00Z
17,134,Gradac,179,224,403,50,14,64,3,1,4,3,1,4,29,47,76,0,0,0,5,3,8,269,290,559,2024-03-31T22:00:00Z
17,148,Hrvace,335,183,518,60,20,80,12,9,21,1,3,4,59,38,97,0,0,0,1,1,2,468,254,722,2024-03-31T22:00:00Z
17,153,Hvar,748,694,1442,197,81,278,20,12,32,16,4,20,210,191,401,3,0,3,31,29,60,1225,1011,2236,2024-03-31T22:00:00Z
17,155,Imotski,1466,1459,2925,196,101,297,13,8,21,29,14,43,136,171,307,0,0,0,9,15,24,1849,1768,3617,2024-03-31T22:00:00Z
17,171,Jelsa,391,353,744,99,34,133,44,24,68,13,1,14,102,59,161,0,1,1,7,12,19,656,484,1140,2024-03-31T22:00:00Z
17,181,Kaštela,4052,4250,8302,563,295,858,32,12,44,150,42,192,581,626,1207,0,0,0,29,28,57,5407,5253,10660,2024-03-31T22:00:00Z
17,192,Klis,304,233,537,33,11,44,9,2,11,26,2,28,56,32,88,0,0,0,2,3,5,430,283,713,2024-03-31T22:00:00Z
17,197,Komiža,155,163,318,61,21,82,7,2,9,4,2,6,32,26,58,0,0,0,6,9,15,265,223,488,2024-03-31T22:00:00Z
17,243,Lovreć,162,81,243,16,8,24,4,0,4,2,0,2,33,17,50,0,0,0,0,3,3,217,109,326,2024-03-31T22:00:00Z
17,249,Makarska,2854,2748,5602,305,193,498,5,2,7,48,31,79,377,390,767,2,0,2,37,41,78,3628,3405,7033,2024-03-31T22:00:00Z
17,258,Marina,234,281,515,71,37,108,7,5,12,12,1,13,44,42,86,1,0,1,3,5,8,372,371,743,2024-03-31T22:00:00Z
17,267,Milna,83,96,179,32,9,41,5,2,7,5,0,5,34,31,65,0,0,0,1,2,3,160,140,300,2024-03-31T22:00:00Z
17,27,Bol,386,453,839,64,21,85,5,3,8,6,3,9,59,30,89,0,0,0,5,7,12,525,517,1042,2024-03-31T22:00:00Z
17,280,Nerežišća,154,67,221,21,7,28,2,1,3,1,0,1,29,21,50,0,0,0,0,1,1,207,97,304,2024-03-31T22:00:00Z
17,300,Omiš,1678,1786,3464,274,112,386,13,6,19,47,15,62,314,266,580,1,0,1,10,15,25,2337,2200,4537,2024-03-31T22:00:00Z
17,314,Otok,238,213,451,80,26,106,10,2,12,3,1,4,95,52,147,0,0,0,2,0,2,428,294,722,2024-03-31T22:00:00Z
17,337,Podbablje,291,246,537,39,5,44,6,0,6,2,3,5,26,38,64,0,0,0,1,2,3,365,294,659,2024-03-31T22:00:00Z
17,339,Podgora,292,307,599,48,18,66,2,0,2,2,2,4,38,35,73,0,0,0,2,8,10,384,370,754,2024-03-31T22:00:00Z
17,341,Podstrana,941,822,1763,76,31,107,13,3,16,54,7,61,72,92,164,1,0,1,6,19,25,1163,974,2137,2024-03-31T22:00:00Z
17,350,Postira,309,280,589,32,18,50,7,2,9,2,3,5,22,10,32,0,0,0,1,2,3,373,315,688,2024-03-31T22:00:00Z
17,358,Pučišća,211,137,348,58,10,68,13,5,18,6,1,7,38,16,54,0,0,0,1,2,3,327,171,498,2024-03-31T22:00:00Z
17,382,Seget,508,495,1003,55,12,67,6,4,10,12,2,14,185,73,258,0,0,0,13,13,26,779,599,1378,2024-03-31T22:00:00Z
17,383,Selca,135,130,265,60,17,77,12,6,18,7,1,8,61,31,92,0,0,0,1,2,3,276,187,463,2024-03-31T22:00:00Z
17,389,Sinj,1964,2188,4152,400,178,578,59,18,77,45,39,84,364,394,758,0,0,0,4,13,17,2836,2830,5666,2024-03-31T22:00:00Z
17,406,Solin,3926,3273,7199,312,197,509,13,8,21,154,41,195,344,317,661,0,0,0,12,9,21,4761,3845,8606,2024-03-31T22:00:00Z
17,409,Split,36949,40569,77518,1887,1323,3210,64,42,106,2448,428,2876,1641,2190,3831,9,3,12,133,179,312,43131,44734,87865,2024-03-31T22:00:00Z
17,413,Stari Grad,389,373,762,78,28,106,21,16,37,5,3,8,65,48,113,0,0,0,13,19,32,571,487,1058,2024-03-31T22:00:00Z
17,423,Sućuraj,30,28,58,23,4,27,2,1,3,0,0,0,13,8,21,0,0,0,1,0,1,69,41,110,2024-03-31T22:00:00Z
17,427,Supetar,669,839,1508,150,80,230,20,7,27,26,12,38,123,143,266,0,0,0,7,1,8,995,1082,2077,2024-03-31T22:00:00Z
17,443,Šestanovac,157,138,295,33,9,42,12,2,14,1,2,3,19,24,43,0,0,0,2,1,3,224,176,400,2024-03-31T22:00:00Z
17,447,Šolta,214,152,366,23,22,45,10,4,14,11,1,12,29,18,47,0,0,0,5,2,7,292,199,491,2024-03-31T22:00:00Z
17,460,Trilj,558,647,1205,173,49,222,24,11,35,9,1,10,128,132,260,2,0,2,1,6,7,895,846,1741,2024-03-31T22:00:00Z
17,463,Trogir,2136,2130,4266,389,195,584,15,6,21,73,37,110,377,487,864,0,0,0,13,33,46,3003,2888,5891,2024-03-31T22:00:00Z
17,492,Vis,288,294,582,68,23,91,12,5,17,7,1,8,45,24,69,0,0,0,15,8,23,435,355,790,2024-03-31T22:00:00Z
17,50,Cista Provo,121,179,300,29,6,35,8,1,9,1,0,1,8,6,14,0,0,0,0,4,4,167,196,363,2024-03-31T22:00:00Z
17,511,Vrgorac,1000,769,1769,53,30,83,24,14,38,5,6,11,50,71,121,0,0,0,2,4,6,1134,894,2028,2024-03-31T22:00:00Z
17,513,Vrlika,99,229,328,16,4,20,13,8,21,1,0,1,25,7,32,0,0,0,0,0,0,154,248,402,2024-03-31T22:00:00Z
17,522,Zagvozd,150,82,232,22,3,25,3,2,5,0,0,0,17,8,25,0,0,0,0,0,0,192,95,287,2024-03-31T22:00:00Z
17,528,Zmijavci,114,125,239,8,2,10,0,2,2,3,0,3,32,13,45,0,0,0,0,1,1,157,143,300,2024-03-31T22:00:00Z
17,585,Dugopolje,1819,1012,2831,53,17,70,3,1,4,9,3,12,60,26,86,0,0,0,2,0,2,1946,1059,3005,2024-03-31T22:00:00Z
17,586,Lećevica,16,20,36,8,0,8,2,2,4,1,0,1,2,0,2,0,0,0,0,0,0,29,22,51,2024-03-31T22:00:00Z
17,587,Lokvičići,39,17,56,2,0,2,2,0,2,0,0,0,1,0,1,0,0,0,1,0,1,45,17,62,2024-03-31T22:00:00Z
17,588,Okrug,176,239,415,53,27,80,1,0,1,8,6,14,112,40,152,0,0,0,9,18,27,359,330,689,2024-03-31T22:00:00Z
17,589,Prgomet,37,30,67,6,0,6,1,0,1,2,0,2,2,0,2,0,0,0,0,0,0,48,30,78,2024-03-31T22:00:00Z
17,590,Primorski Dolac,25,42,67,4,3,7,1,1,2,0,1,1,3,4,7,0,0,0,0,0,0,33,51,84,2024-03-31T22:00:00Z
17,591,Runovići,72,63,135,17,3,20,1,2,3,0,2,2,32,28,60,0,0,0,0,0,0,122,98,220,2024-03-31T22:00:00Z
17,592,Sutivan,141,97,238,26,12,38,4,1,5,8,3,11,31,13,44,0,0,0,0,0,0,210,126,336,2024-03-31T22:00:00Z
17,593,Tučepi,287,295,582,33,17,50,0,1,1,3,3,6,49,31,80,0,0,0,0,4,4,372,351,723,2024-03-31T22:00:00Z
17,595,Zadvarje,53,32,85,7,1,8,1,1,2,0,0,0,5,5,10,0,0,0,0,2,2,66,41,107,2024-03-31T22:00:00Z
17,72,Dicmo,524,229,753,47,17,64,6,2,8,4,1,5,33,40,73,0,0,0,1,1,2,615,290,905,2024-03-31T22:00:00Z
17,77,Brela,216,272,488,30,16,46,0,1,1,2,1,3,24,35,59,0,0,0,3,3,6,275,328,603,2024-03-31T22:00:00Z
17,87,Muć,189,218,407,21,4,25,3,3,6,4,3,7,19,14,33,0,0,0,0,1,1,236,243,479,2024-03-31T22:00:00Z
17,88,Proložac,221,168,389,28,10,38,3,3,6,1,0,1,36,24,60,0,0,0,7,1,8,296,206,502,2024-03-31T22:00:00Z
17,9,Baška Voda,264,289,553,71,35,106,1,0,1,5,4,9,60,63,123,0,0,0,2,11,13,403,402,805,2024-03-31T22:00:00Z
18,132,Gračišće,64,27,91,33,8,41,10,3,13,0,0,0,40,11,51,0,0,0,0,0,0,147,49,196,2024-03-31T22:00:00Z
18,138,Grožnjan,30,31,61,20,2,22,11,4,15,0,0,0,8,14,22,0,0,0,0,1,1,69,52,121,2024-03-31T22:00:00Z
18,175,Kanfanar,631,269,900,36,13,49,5,1,6,0,0,0,18,16,34,0,0,0,1,1,2,691,300,991,2024-03-31T22:00:00Z
18,217,Kršan,322,294,616,51,15,66,7,2,9,3,0,3,131,68,199,0,0,0,1,4,5,515,383,898,2024-03-31T22:00:00Z
18,222,Labin,2846,2804,5650,263,148,411,18,8,26,24,33,57,290,244,534,0,0,0,17,14,31,3458,3251,6709,2024-03-31T22:00:00Z
18,223,Lanišće,15,15,30,3,0,3,2,0,2,0,1,1,17,5,22,0,0,0,0,0,0,37,21,58,2024-03-31T22:00:00Z
18,235,Ližnjan,205,149,354,16,10,26,3,0,3,4,2,6,29,35,64,0,0,0,2,1,3,259,197,456,2024-03-31T22:00:00Z
18,246,Lupoglav,223,119,342,11,5,16,4,2,6,0,1,1,14,12,26,0,0,0,0,0,0,252,139,391,2024-03-31T22:00:00Z
18,254,Marčana,201,212,413,45,17,62,3,5,8,4,2,6,36,25,61,1,0,1,1,0,1,291,261,552,2024-03-31T22:00:00Z
18,263,Medulin,851,804,1655,81,51,132,7,3,10,6,6,12,183,143,326,0,0,0,4,7,11,1132,1014,2146,2024-03-31T22:00:00Z
18,274,Motovun,131,115,246,37,19,56,17,8,25,1,1,2,34,34,68,0,0,0,2,6,8,222,183,405,2024-03-31T22:00:00Z
18,291,Novigrad,1034,1130,2164,147,61,208,15,5,20,3,11,14,128,125,253,0,0,0,7,11,18,1334,1343,2677,2024-03-31T22:00:00Z
18,304,Oprtalj,60,92,152,14,7,21,12,1,13,0,0,0,11,12,23,0,0,0,3,3,6,100,115,215,2024-03-31T22:00:00Z
18,321,Pazin,2020,2135,4155,327,148,475,56,30,86,16,21,37,277,212,489,0,0,0,4,14,18,2700,2560,5260,2024-03-31T22:00:00Z
18,330,Pićan,333,137,470,36,7,43,2,5,7,0,2,2,49,19,68,0,0,0,1,2,3,421,172,593,2024-03-31T22:00:00Z
18,348,Poreč,5998,5610,11608,752,412,1164,55,19,74,54,51,105,676,608,1284,2,1,3,19,11,30,7556,6712,14268,2024-03-31T22:00:00Z
18,359,Pula,13582,13025,26607,1458,805,2263,69,43,112,253,166,419,1011,1064,2075,1,0,1,50,58,108,16424,15161,31585,2024-03-31T22:00:00Z
18,368,Raša,316,179,495,28,9,37,1,0,1,2,2,4,43,28,71,0,0,0,1,1,2,391,219,610,2024-03-31T22:00:00Z
18,374,Rovinj,3571,3927,7498,475,270,745,31,19,50,30,37,67,598,486,1084,0,1,1,16,33,49,4721,4773,9494,2024-03-31T22:00:00Z
18,40,Brtonigla,162,112,274,40,14,54,22,7,29,1,1,2,58,54,112,1,0,1,0,1,1,284,189,473,2024-03-31T22:00:00Z
18,42,Buje,860,857,1717,118,55,173,27,14,41,7,6,13,67,73,140,0,0,0,0,4,4,1079,1009,2088,2024-03-31T22:00:00Z
18,43,Buzet,1539,1061,2600,177,64,241,25,12,37,5,6,11,161,104,265,0,0,0,8,8,16,1915,1255,3170,2024-03-31T22:00:00Z
18,431,Sveti Lovreč,64,61,125,24,11,35,2,0,2,0,1,1,38,17,55,0,0,0,0,0,0,128,90,218,2024-03-31T22:00:00Z
18,432,Sveta Nedelja,197,141,338,37,12,49,8,2,10,3,0,3,67,19,86,0,0,0,4,1,5,316,175,491,2024-03-31T22:00:00Z
18,433,Sveti Petar U Šumi,186,146,332,24,5,29,3,4,7,0,0,0,10,8,18,0,0,0,1,0,1,224,163,387,2024-03-31T22:00:00Z
18,435,Svetvinčenat,140,124,264,29,8,37,3,1,4,2,1,3,25,24,49,0,0,0,1,0,1,200,158,358,2024-03-31T22:00:00Z
18,453,Tinjan,204,98,302,38,9,47,6,1,7,2,3,5,55,29,84,0,0,0,1,0,1,306,140,446,2024-03-31T22:00:00Z
18,468,Umag,3100,2743,5843,448,200,648,28,15,43,37,29,66,343,342,685,0,0,0,16,23,39,3972,3352,7324,2024-03-31T22:00:00Z
18,47,Cerovlje,127,54,181,34,4,38,5,3,8,3,0,3,28,16,44,0,0,0,0,1,1,197,78,275,2024-03-31T22:00:00Z
18,497,Višnjan,300,292,592,49,8,57,14,1,15,1,1,2,99,44,143,0,0,0,4,2,6,467,348,815,2024-03-31T22:00:00Z
18,498,Vižinada,61,56,117,30,12,42,12,5,17,0,0,0,45,40,85,0,0,0,0,1,1,148,114,262,2024-03-31T22:00:00Z
18,5,Bale,192,146,338,24,21,45,2,2,4,1,0,1,47,45,92,0,0,0,0,1,1,266,215,481,2024-03-31T22:00:00Z
18,502,Vodnjan,887,671,1558,54,32,86,9,3,12,7,3,10,87,58,145,0,1,1,1,0,1,1045,768,1813,2024-03-31T22:00:00Z
18,516,Vrsar,497,561,1058,87,37,124,3,3,6,4,1,5,148,140,288,0,0,0,5,3,8,744,745,1489,2024-03-31T22:00:00Z
18,531,Žminj,518,477,995,125,49,174,13,10,23,5,5,10,100,89,189,0,0,0,3,2,5,764,632,1396,2024-03-31T22:00:00Z
18,596,Karojba,127,92,219,33,5,38,0,1,1,0,0,0,42,14,56,0,1,1,0,0,0,202,113,315,2024-03-31T22:00:00Z
18,597,Kaštelir - Labinci,186,77,263,40,21,61,7,5,12,2,0,2,37,16,53,0,0,0,0,4,4,272,123,395,2024-03-31T22:00:00Z
18,6,Barban,304,116,420,48,6,54,13,7,20,1,1,2,30,26,56,0,0,0,3,2,5,399,158,557,2024-03-31T22:00:00Z
18,619,Fažana,364,322,686,37,19,56,1,1,2,2,4,6,45,37,82,1,0,1,1,3,4,451,386,837,2024-03-31T22:00:00Z
18,629,Funtana,212,193,405,23,15,38,1,1,2,1,0,1,51,56,107,0,0,0,4,3,7,292,268,560,2024-03-31T22:00:00Z
18,631,Tar-Vabriga,255,275,530,48,19,67,2,1,3,0,1,1,47,46,93,0,0,0,0,5,5,352,347,699,2024-03-31T22:00:00Z
19,198,Konavle,1720,1346,3066,193,86,279,16,13,29,37,8,45,124,131,255,0,1,1,8,3,11,2098,1588,3686,2024-03-31T22:00:00Z
19,204,Korčula,732,986,1718,152,71,223,21,7,28,101,9,110,142,120,262,0,0,0,26,34,60,1174,1227,2401,2024-03-31T22:00:00Z
19,219,Kula Norinska,37,39,76,9,1,10,1,1,2,0,0,0,6,6,12,0,0,0,0,0,0,53,47,100,2024-03-31T22:00:00Z
19,226,Lastovo,67,96,163,32,9,41,2,2,4,4,0,4,11,10,21,0,0,0,2,4,6,118,121,239,2024-03-31T22:00:00Z
19,25,Blato,590,419,1009,80,23,103,15,5,20,10,8,18,163,43,206,0,0,0,9,5,14,867,503,1370,2024-03-31T22:00:00Z
19,264,Metković,2381,1857,4238,189,125,314,45,23,68,50,16,66,372,279,651,0,0,0,9,10,19,3046,2310,5356,2024-03-31T22:00:00Z
19,268,Mljet,192,122,314,20,8,28,3,0,3,2,2,4,10,14,24,0,0,0,4,1,5,231,147,378,2024-03-31T22:00:00Z
19,306,Opuzen,505,476,981,35,26,61,67,25,92,6,1,7,37,67,104,0,0,0,2,1,3,652,596,1248,2024-03-31T22:00:00Z
19,308,Orebić,447,434,881,76,46,122,37,9,46,32,5,37,102,76,178,0,0,0,7,20,27,701,590,1291,2024-03-31T22:00:00Z
19,335,Ploče,1409,922,2331,96,62,158,33,13,46,20,5,25,113,136,249,0,0,0,2,7,9,1673,1145,2818,2024-03-31T22:00:00Z
19,343,Pojezerje,25,48,73,5,2,7,8,1,9,0,0,0,2,4,6,0,0,0,0,0,0,40,55,95,2024-03-31T22:00:00Z
19,399,Slivno,81,47,128,10,5,15,11,4,15,0,0,0,9,9,18,0,0,0,3,1,4,114,66,180,2024-03-31T22:00:00Z
19,402,Smokvica,25,83,108,15,2,17,19,5,24,5,0,5,37,7,44,0,0,0,6,9,15,107,106,213,2024-03-31T22:00:00Z
19,419,Ston,412,256,668,54,15,69,21,3,24,8,2,10,56,31,87,0,0,0,3,7,10,554,314,868,2024-03-31T22:00:00Z
19,474,Vela Luka,285,524,809,68,26,94,9,2,11,37,5,42,85,49,134,0,0,0,5,10,15,489,616,1105,2024-03-31T22:00:00Z
19,523,Zažablje,11,9,20,4,0,4,4,2,6,2,1,3,12,2,14,0,0,0,0,0,0,33,14,47,2024-03-31T22:00:00Z
19,598,Dubrovačko Primorje,170,133,303,25,6,31,2,4,6,8,2,10,42,20,62,0,0,0,2,2,4,249,167,416,2024-03-31T22:00:00Z
19,599,Janjina,62,59,121,11,5,16,10,6,16,2,2,4,13,14,27,0,0,0,5,3,8,103,89,192,2024-03-31T22:00:00Z
19,600,Lumbarda,59,61,120,38,10,48,12,2,14,8,0,8,31,22,53,1,0,1,9,8,17,158,103,261,2024-03-31T22:00:00Z
19,601,Trpanj,54,58,112,10,4,14,3,1,4,5,1,6,20,7,27,0,0,0,1,6,7,93,77,170,2024-03-31T22:00:00Z
19,602,Župa Dubrovačka,899,849,1748,158,67,225,5,7,12,60,2,62,100,99,199,0,0,0,3,9,12,1225,1033,2258,2024-03-31T22:00:00Z
19,98,Dubrovnik,11498,11957,23455,905,482,1387,27,16,43,540,77,617,757,722,1479,1,1,2,52,68,120,13780,13323,27103,2024-03-31T22:00:00Z
20,123,Goričan,284,173,457,8,4,12,8,2,10,0,2,2,10,8,18,0,0,0,0,0,0,310,189,499,2024-03-31T22:00:00Z
20,15,Belica,182,230,412,23,16,39,53,27,80,1,1,2,29,43,72,0,0,0,1,2,3,289,319,608,2024-03-31T22:00:00Z
20,206,Kotoriba,526,292,818,12,5,17,4,0,4,0,4,4,13,9,22,0,0,0,0,0,0,555,310,865,2024-03-31T22:00:00Z
20,250,Mala Subotica,618,1056,1674,26,21,47,28,15,43,3,5,8,19,27,46,0,0,0,0,2,2,694,1126,1820,2024-03-31T22:00:00Z
20,276,Mursko Središće,928,826,1754,50,26,76,12,7,19,2,6,8,47,50,97,0,0,0,1,2,3,1040,917,1957,2024-03-31T22:00:00Z
20,279,Nedelišće,1516,869,2385,102,46,148,37,19,56,3,7,10,131,89,220,0,0,0,0,3,3,1789,1033,2822,2024-03-31T22:00:00Z
20,342,Podturen,228,150,378,22,8,30,16,11,27,0,2,2,53,35,88,0,0,0,0,1,1,319,207,526,2024-03-31T22:00:00Z
20,355,Prelog,2367,1669,4036,69,32,101,48,22,70,7,9,16,67,71,138,0,0,0,6,5,11,2564,1808,4372,2024-03-31T22:00:00Z
20,385,Selnica,160,166,326,14,12,26,6,4,10,1,2,3,12,13,25,0,0,0,1,0,1,194,197,391,2024-03-31T22:00:00Z
20,440,Sveti Juraj Na Bregu,313,224,537,30,19,49,14,7,21,2,4,6,35,45,80,0,0,0,1,1,2,395,300,695,2024-03-31T22:00:00Z
20,441,Sveti Martin Na Muri,650,389,1039,22,13,35,6,5,11,0,3,3,34,37,71,0,0,0,2,0,2,714,447,1161,2024-03-31T22:00:00Z
20,452,Štrigova,319,210,529,24,16,40,33,19,52,2,1,3,55,72,127,0,0,0,0,1,1,433,319,752,2024-03-31T22:00:00Z
20,504,Vratišinec,130,96,226,7,2,9,10,1,11,1,2,3,9,11,20,0,0,0,1,0,1,158,112,270,2024-03-31T22:00:00Z
20,60,Čakovec,9921,9238,19159,273,166,439,53,27,80,40,64,104,223,343,566,0,0,0,7,15,22,10517,9853,20370,2024-03-31T22:00:00Z
20,603,Dekanovec,80,87,167,6,1,7,4,4,8,0,0,0,7,2,9,0,0,0,0,0,0,97,94,191,2024-03-31T22:00:00Z
20,604,Gornji Mihaljevec,117,85,202,16,5,21,23,8,31,2,1,3,21,17,38,0,0,0,0,1,1,179,117,296,2024-03-31T22:00:00Z
20,605,Orehovica,188,172,360,16,3,19,25,7,32,1,2,3,41,20,61,0,0,0,0,2,2,271,206,477,2024-03-31T22:00:00Z
20,606,Strahoninec,266,159,425,15,6,21,3,2,5,0,0,0,33,15,48,0,0,0,1,0,1,318,182,500,2024-03-31T22:00:00Z
20,607,Sveta Marija,83,77,160,11,2,13,5,0,5,2,1,3,21,7,28,0,0,0,0,1,1,122,88,210,2024-03-31T22:00:00Z
20,608,Šenkovec,546,284,830,22,11,33,2,1,3,0,1,1,26,21,47,0,0,0,0,0,0,596,318,914,2024-03-31T22:00:00Z
20,620,Pribislavec,309,159,468,13,8,21,2,1,3,2,1,3,7,13,20,0,0,0,0,0,0,333,182,515,2024-03-31T22:00:00Z
20,75,Domašinec,242,120,362,9,9,18,19,15,34,0,1,1,14,6,20,0,0,0,1,0,1,285,151,436,2024-03-31T22:00:00Z
20,78,Donja Dubrava,201,232,433,17,6,23,4,3,7,0,1,1,14,16,30,0,0,0,0,0,0,236,258,494,2024-03-31T22:00:00Z
20,82,Donji Kraljevec,1399,664,2063,46,17,63,53,20,73,3,4,7,94,115,209,0,0,0,2,4,6,1597,824,2421,2024-03-31T22:00:00Z
20,89,Donji Vidovec,56,80,136,6,1,7,2,0,2,1,1,2,4,14,18,0,0,0,0,0,0,69,96,165,2024-03-31T22:00:00Z
21,133,Zagreb,241740,218075,459815,8911,6656,15567,287,161,448,2181,2065,4246,5493,6942,12435,56,31,87,307,511,818,258975,234441,493416,2024-03-31T22:00:00Z
01,101,Dugo Selo,3316,2141,5457,265,139,404,37,21,58,27,26,53,270,259,529,0,0,0,6,16,22,3921,2602,6523,2024-04-30T22:00:00Z
01,114,Farkaševac,144,211,355,8,4,12,20,10,30,0,2,2,36,16,52,0,0,0,0,0,0,208,243,451,2024-04-30T22:00:00Z
01,135,Gradec,163,139,302,14,1,15,8,7,15,0,1,1,54,25,79,0,0,0,0,1,1,239,174,413,2024-04-30T22:00:00Z
01,158,Ivanić-Grad,3435,1843,5278,95,74,169,43,28,71,13,20,33,147,179,326,1,0,1,6,8,14,3740,2152,5892,2024-04-30T22:00:00Z
01,163,Jakovlje,402,413,815,37,7,44,10,8,18,3,0,3,43,32,75,0,0,0,0,0,0,495,460,955,2024-04-30T22:00:00Z
01,169,Jastrebarsko,2544,1812,4356,235,124,359,46,30,76,18,20,38,278,232,510,0,0,0,5,8,13,3126,2226,5352,2024-04-30T22:00:00Z
01,190,Klinča Selo,238,223,461,46,17,63,7,5,12,0,0,0,53,46,99,0,0,0,1,0,1,345,291,636,2024-04-30T22:00:00Z
01,193,Kloštar Ivanić,425,355,780,24,12,36,21,5,26,4,10,14,47,37,84,1,0,1,4,1,5,526,420,946,2024-04-30T22:00:00Z
01,213,Križ,834,513,1347,26,19,45,16,12,28,5,4,9,27,43,70,0,0,0,1,1,2,909,592,1501,2024-04-30T22:00:00Z
01,33,Brckovljani,478,442,920,7,4,11,0,0,0,2,1,3,32,17,49,0,0,0,0,0,0,519,464,983,2024-04-30T22:00:00Z
01,331,Pisarovina,414,311,725,26,24,50,17,20,37,0,3,3,25,28,53,0,0,0,0,5,5,482,391,873,2024-04-30T22:00:00Z
01,34,Brdovec,929,801,1730,96,49,145,17,7,24,2,5,7,94,65,159,0,0,0,4,4,8,1142,931,2073,2024-04-30T22:00:00Z
01,356,Preseka,25,11,36,5,2,7,12,9,21,0,1,1,16,6,22,0,0,0,1,0,1,59,29,88,2024-04-30T22:00:00Z
01,362,Pušča,158,195,353,26,13,39,7,2,9,2,3,5,42,27,69,0,0,0,0,0,0,235,240,475,2024-04-30T22:00:00Z
01,376,Rugvica,1580,631,2211,12,6,18,2,3,5,1,2,3,17,17,34,0,0,0,0,0,0,1612,659,2271,2024-04-30T22:00:00Z
01,380,Samobor,5839,4280,10119,554,349,903,26,16,42,46,66,112,481,458,939,3,4,7,30,31,61,6979,5204,12183,2024-04-30T22:00:00Z
01,429,Sveti Ivan Zelina,2716,2123,4839,182,81,263,58,44,102,13,17,30,253,201,454,0,0,0,7,5,12,3229,2471,5700,2024-04-30T22:00:00Z
01,436,Sveta Nedjelja,6477,3686,10163,243,113,356,6,4,10,11,11,22,350,189,539,0,0,0,6,7,13,7093,4010,11103,2024-04-30T22:00:00Z
01,508,Vrbovec,2155,2077,4232,183,86,269,98,34,132,6,17,23,305,172,477,0,0,0,9,12,21,2756,2398,5154,2024-04-30T22:00:00Z
01,533,Krašić,279,202,481,25,11,36,13,10,23,2,1,3,30,20,50,0,0,0,0,0,0,349,244,593,2024-04-30T22:00:00Z
01,536,Rakovec,42,28,70,9,2,11,6,4,10,0,1,1,22,13,35,0,0,0,0,0,0,79,48,127,2024-04-30T22:00:00Z
01,539,Marija Gorica,74,113,187,15,3,18,0,0,0,1,1,2,22,14,36,0,0,0,0,0,0,112,131,243,2024-04-30T22:00:00Z
01,540,Žumberak,18,25,43,6,1,7,4,2,6,0,0,0,3,5,8,0,0,0,0,0,0,31,33,64,2024-04-30T22:00:00Z
01,541,Velika Gorica,9322,7046,16368,700,443,1143,69,34,103,49,57,106,600,526,1126,2,0,2,14,24,38,10756,8130,18886,2024-04-30T22:00:00Z
01,542,Orle,50,40,90,18,1,19,8,2,10,0,0,0,22,2,24,0,0,0,0,0,0,98,45,143,2024-04-30T22:00:00Z
01,543,Zaprešić,3555,3065,6620,254,192,446,13,10,23,34,40,74,279,243,522,1,0,1,9,8,17,4145,3558,7703,2024-04-30T22:00:00Z
01,544,Pokupsko,47,76,123,13,4,17,13,4,17,0,0,0,7,2,9,0,0,0,1,0,1,81,86,167,2024-04-30T22:00:00Z
01,545,Kravarsko,117,97,214,48,12,60,4,4,8,0,2,2,85,14,99,0,0,0,0,1,1,254,130,384,2024-04-30T22:00:00Z
01,547,Bistra,450,566,1016,54,22,76,8,4,12,3,6,9,51,45,96,0,0,0,1,2,3,567,645,1212,2024-04-30T22:00:00Z
01,548,Luka,314,192,506,14,2,16,2,1,3,1,1,2,22,26,48,0,0,0,0,0,0,353,222,575,2024-04-30T22:00:00Z
01,549,Dubravica,70,43,113,16,0,16,12,3,15,0,0,0,13,14,27,0,0,0,0,0,0,111,60,171,2024-04-30T22:00:00Z
01,550,Bedenica,213,166,379,14,5,19,4,3,7,1,1,2,17,6,23,0,0,0,0,0,0,249,181,430,2024-04-30T22:00:00Z
01,551,Stupnik,1695,683,2378,30,18,48,1,1,2,1,3,4,23,30,53,0,0,0,1,0,1,1751,735,2486,2024-04-30T22:00:00Z
01,97,Dubrava,305,336,641,52,25,77,70,38,108,4,11,15,65,78,143,0,0,0,2,5,7,498,493,991,2024-04-30T22:00:00Z
02,108,Đurmanec,167,203,370,53,18,71,1,2,3,3,2,5,107,36,143,0,0,0,1,1,2,332,262,594,2024-04-30T22:00:00Z
02,11,Bedekovčina,568,777,1345,98,41,139,8,4,12,8,7,15,143,107,250,0,0,0,4,5,9,829,941,1770,2024-04-30T22:00:00Z
02,125,Gornja Stubica,254,305,559,64,16,80,7,8,15,2,0,2,84,52,136,0,0,0,0,0,0,411,381,792,2024-04-30T22:00:00Z
02,146,Hraščina,66,38,104,10,2,12,2,2,4,0,1,1,7,6,13,0,0,0,0,0,0,85,49,134,2024-04-30T22:00:00Z
02,152,Hum Na Sutli,1477,639,2116,50,29,79,4,1,5,1,6,7,246,64,310,0,0,0,1,1,2,1779,740,2519,2024-04-30T22:00:00Z
02,187,Klanjec,282,262,544,59,32,91,10,7,17,3,1,4,69,49,118,0,0,0,2,1,3,425,352,777,2024-04-30T22:00:00Z
02,200,Konjščina,437,425,862,33,22,55,2,2,4,1,2,3,36,33,69,0,0,0,0,2,2,509,486,995,2024-04-30T22:00:00Z
02,208,Kraljevec Na Sutli,82,47,129,14,4,18,3,1,4,0,0,0,20,5,25,0,0,0,0,1,1,119,58,177,2024-04-30T22:00:00Z
02,211,Krapina,3113,2450,5563,181,108,289,10,2,12,13,15,28,185,156,341,0,0,0,2,4,6,3504,2735,6239,2024-04-30T22:00:00Z
02,212,Krapinske Toplice,640,1282,1922,72,40,112,5,4,9,0,4,4,108,80,188,0,0,0,0,0,0,825,1410,2235,2024-04-30T22:00:00Z
02,236,Lobor,164,273,437,25,8,33,4,3,7,0,1,1,33,20,53,0,0,0,1,1,2,227,306,533,2024-04-30T22:00:00Z
02,248,Mače,104,81,185,30,8,38,3,4,7,1,0,1,76,40,116,0,0,0,0,0,0,214,133,347,2024-04-30T22:00:00Z
02,256,Marija Bistrica,366,402,768,73,45,118,11,5,16,1,6,7,78,75,153,0,0,0,2,3,5,531,536,1067,2024-04-30T22:00:00Z
02,265,Mihovljan,126,135,261,31,8,39,3,1,4,0,0,0,77,17,94,0,0,0,1,1,2,238,162,400,2024-04-30T22:00:00Z
02,311,Oroslavje,1066,818,1884,79,41,120,6,3,9,6,7,13,87,66,153,0,0,0,4,2,6,1248,937,2185,2024-04-30T22:00:00Z
02,329,Petrovsko,121,56,177,17,3,20,1,0,1,4,0,4,62,14,76,0,0,0,1,0,1,206,73,279,2024-04-30T22:00:00Z
02,352,Pregrada,797,938,1735,108,39,147,1,5,6,6,6,12,163,101,264,0,0,0,1,2,3,1076,1091,2167,2024-04-30T22:00:00Z
02,364,Radoboj,207,117,324,16,14,30,1,0,1,0,2,2,48,18,66,0,0,0,0,0,0,272,151,423,2024-04-30T22:00:00Z
02,41,Budinščina,190,147,337,19,6,25,5,1,6,2,1,3,25,10,35,0,0,0,4,2,6,245,167,412,2024-04-30T22:00:00Z
02,422,Stubičke Toplice,271,445,716,33,16,49,1,3,4,3,5,8,57,32,89,0,0,0,2,1,3,367,502,869,2024-04-30T22:00:00Z
02,430,Sveti Križ Začretje,740,684,1424,79,26,105,9,6,15,1,5,6,139,95,234,1,0,1,3,1,4,972,817,1789,2024-04-30T22:00:00Z
02,466,Tuhelj,161,227,388,22,11,33,4,0,4,1,2,3,59,46,105,0,0,0,0,0,0,247,286,533,2024-04-30T22:00:00Z
02,481,Veliko Trgovišće,649,473,1122,58,17,75,3,3,6,2,5,7,105,51,156,0,0,0,2,1,3,819,550,1369,2024-04-30T22:00:00Z
02,519,Zabok,2876,3109,5985,151,88,239,7,4,11,14,16,30,152,207,359,0,0,0,1,2,3,3201,3426,6627,2024-04-30T22:00:00Z
02,521,Zagorska Sela,10,50,60,6,1,7,4,2,6,0,0,0,15,4,19,0,0,0,0,0,0,35,57,92,2024-04-30T22:00:00Z
02,526,Zlatar,523,663,1186,113,64,177,26,11,37,5,7,12,130,80,210,0,0,0,3,3,6,800,828,1628,2024-04-30T22:00:00Z
02,527,Zlatar Bistrica,236,318,554,26,7,33,3,1,4,5,0,5,74,40,114,0,0,0,1,1,2,345,367,712,2024-04-30T22:00:00Z
02,552,Jesenje,78,87,165,9,1,10,0,0,0,0,0,0,42,8,50,0,0,0,0,0,0,129,96,225,2024-04-30T22:00:00Z
02,553,Kumrovec,82,95,177,18,6,24,2,0,2,3,1,4,19,16,35,0,0,0,0,0,0,124,118,242,2024-04-30T22:00:00Z
02,554,Novi Golubovec,142,61,203,2,2,4,1,0,1,0,0,0,3,1,4,0,0,0,0,0,0,148,64,212,2024-04-30T22:00:00Z
02,70,Desinić,136,272,408,31,11,42,11,3,14,3,2,5,56,32,88,0,0,0,0,1,1,237,321,558,2024-04-30T22:00:00Z
02,79,Donja Stubica,856,779,1635,103,52,155,7,3,10,5,3,8,78,57,135,0,1,1,1,2,3,1050,897,1947,2024-04-30T22:00:00Z
03,102,Dvor,339,159,498,21,6,27,62,19,81,0,2,2,22,11,33,0,0,0,0,2,2,444,199,643,2024-04-30T22:00:00Z
03,121,Glina,1208,679,1887,44,22,66,67,24,91,5,8,13,69,77,146,0,0,0,1,1,2,1394,811,2205,2024-04-30T22:00:00Z
03,149,Hrvatska Dubica,80,93,173,10,2,12,13,5,18,0,0,0,11,6,17,0,0,0,0,1,1,114,107,221,2024-04-30T22:00:00Z
03,150,Hrvatska Kostajnica,253,290,543,27,11,38,10,2,12,2,3,5,23,24,47,0,0,0,0,2,2,315,332,647,2024-04-30T22:00:00Z
03,168,Jasenovac,145,111,256,13,9,22,14,4,18,0,0,0,20,16,36,0,0,0,0,2,2,192,142,334,2024-04-30T22:00:00Z
03,220,Kutina,3366,2775,6141,189,122,311,42,22,64,37,24,61,241,277,518,1,0,1,15,13,28,3891,3233,7124,2024-04-30T22:00:00Z
03,228,Lekenik,425,303,728,52,13,65,10,9,19,1,2,3,86,30,116,0,0,0,1,0,1,575,357,932,2024-04-30T22:00:00Z
03,232,Lipovljani,251,248,499,31,7,38,10,2,12,2,1,3,41,45,86,0,0,0,0,4,4,335,307,642,2024-04-30T22:00:00Z
03,259,Martinska Ves,145,67,212,10,1,11,28,11,39,3,1,4,72,19,91,0,0,0,0,0,0,258,99,357,2024-04-30T22:00:00Z
03,293,Novska,1308,1107,2415,193,102,295,32,13,45,4,16,20,262,223,485,0,0,0,2,7,9,1801,1468,3269,2024-04-30T22:00:00Z
03,328,Petrinja,1923,1854,3777,297,104,401,72,26,98,11,26,37,399,299,698,0,0,0,6,4,10,2708,2313,5021,2024-04-30T22:00:00Z
03,347,Popovača,889,1173,2062,95,48,143,47,19,66,6,9,15,116,134,250,0,0,0,4,1,5,1157,1384,2541,2024-04-30T22:00:00Z
03,391,Sisak,7231,8222,15453,410,260,670,94,50,144,43,76,119,632,574,1206,2,0,2,14,13,27,8426,9195,17621,2024-04-30T22:00:00Z
03,426,Sunja,202,195,397,28,11,39,51,25,76,1,1,2,23,17,40,0,0,0,1,0,1,306,249,555,2024-04-30T22:00:00Z
03,457,Topusko,236,345,581,15,10,25,2,2,4,5,1,6,30,22,52,0,0,0,1,0,1,289,380,669,2024-04-30T22:00:00Z
03,477,Velika Ludina,146,173,319,13,8,21,13,3,16,0,0,0,20,25,45,0,0,0,0,0,0,192,209,401,2024-04-30T22:00:00Z
03,510,Gvozd,124,94,218,11,6,17,15,3,18,0,1,1,21,16,37,0,0,0,0,0,0,171,120,291,2024-04-30T22:00:00Z
03,555,Majur,110,36,146,1,2,3,3,0,3,0,0,0,4,0,4,0,0,0,0,0,0,118,38,156,2024-04-30T22:00:00Z
03,83,Donji Kukuruzari,35,59,94,5,0,5,6,4,10,0,0,0,1,2,3,0,0,0,1,0,1,48,65,113,2024-04-30T22:00:00Z
04,120,Generalski Stol,50,69,119,19,7,26,1,0,1,0,1,1,33,14,47,0,0,0,0,0,0,103,91,194,2024-04-30T22:00:00Z
04,172,Josipdol,184,191,375,29,17,46,1,7,8,2,1,3,51,48,99,0,0,0,0,0,0,267,264,531,2024-04-30T22:00:00Z
04,179,Karlovac,10940,9400,20340,422,333,755,74,53,127,68,79,147,613,772,1385,1,1,2,11,23,34,12129,10661,22790,2024-04-30T22:00:00Z
04,216,Krnjak,106,77,183,6,3,9,5,4,9,0,1,1,15,7,22,0,0,0,0,0,0,132,92,224,2024-04-30T22:00:00Z
04,225,Lasinja,34,44,78,4,2,6,0,5,5,2,0,2,7,8,15,0,0,0,0,0,0,47,59,106,2024-04-30T22:00:00Z
04,281,Netretić,134,114,248,18,3,21,3,1,4,1,1,2,44,33,77,0,0,0,0,0,0,200,152,352,2024-04-30T22:00:00Z
04,297,Ogulin,1851,1851,3702,162,97,259,40,21,61,10,29,39,170,181,351,0,0,0,4,12,16,2237,2191,4428,2024-04-30T22:00:00Z
04,30,Bosiljevo,106,86,192,6,0,6,1,0,1,1,1,2,33,41,74,0,0,0,0,0,0,147,128,275,2024-04-30T22:00:00Z
04,315,Ozalj,807,662,1469,90,34,124,22,11,33,3,9,12,128,91,219,0,1,1,2,4,6,1052,812,1864,2024-04-30T22:00:00Z
04,333,Plaški,107,99,206,12,3,15,7,0,7,0,1,1,43,29,72,0,0,0,0,0,0,169,132,301,2024-04-30T22:00:00Z
04,365,Rakovica,186,226,412,8,7,15,2,1,3,1,0,1,81,91,172,0,0,0,0,0,0,278,325,603,2024-04-30T22:00:00Z
04,378,Saborsko,12,21,33,1,0,1,1,0,1,0,0,0,2,3,5,0,0,0,0,0,0,16,24,40,2024-04-30T22:00:00Z
04,400,Slunj,365,425,790,62,20,82,40,23,63,4,5,9,131,111,242,0,0,0,3,7,10,605,591,1196,2024-04-30T22:00:00Z
04,49,Cetingrad,67,66,133,8,2,10,2,3,5,0,0,0,9,5,14,0,0,0,0,0,0,86,76,162,2024-04-30T22:00:00Z
04,503,Vojnić,341,294,635,23,11,34,40,13,53,1,0,1,30,34,64,0,0,0,2,0,2,437,352,789,2024-04-30T22:00:00Z
04,530,Žakanje,165,106,271,27,11,38,3,2,5,0,0,0,29,26,55,0,0,0,0,1,1,224,146,370,2024-04-30T22:00:00Z
04,556,Ribnik,11,7,18,8,3,11,2,1,3,0,0,0,6,9,15,0,0,0,0,0,0,27,20,47,2024-04-30T22:00:00Z
04,557,Tounj,69,36,105,6,1,7,1,0,1,0,0,0,4,10,14,0,0,0,0,0,0,80,47,127,2024-04-30T22:00:00Z
04,623,Kamanje,159,88,247,6,1,7,0,0,0,0,0,0,7,6,13,0,0,0,0,0,0,172,95,267,2024-04-30T22:00:00Z
04,7,Barilovići,380,224,604,22,10,32,5,0,5,0,1,1,106,29,135,0,0,0,0,0,0,513,264,777,2024-04-30T22:00:00Z
04,90,Draganić,184,236,420,14,3,17,7,2,9,0,1,1,11,16,27,0,0,0,0,0,0,216,258,474,2024-04-30T22:00:00Z
04,99,Duga Resa,1316,1110,2426,137,85,222,21,20,41,4,20,24,178,198,376,1,0,1,5,9,14,1662,1442,3104,2024-04-30T22:00:00Z
05,12,Bednja,229,186,415,18,6,24,2,3,5,2,1,3,27,12,39,0,0,0,0,1,1,278,209,487,2024-04-30T22:00:00Z
05,129,Gornji Kneginec,706,1062,1768,64,39,103,9,2,11,3,8,11,59,60,119,0,0,0,5,7,12,846,1178,2024,2024-04-30T22:00:00Z
05,151,Breznički Hum,182,149,331,12,5,17,3,4,7,0,2,2,15,15,30,0,0,0,1,1,2,213,176,389,2024-04-30T22:00:00Z
05,156,Ivanec,2431,1909,4340,183,73,256,16,16,32,8,17,25,315,247,562,0,0,0,9,13,22,2962,2275,5237,2024-04-30T22:00:00Z
05,165,Jalžabet,765,1083,1848,21,5,26,11,6,17,0,3,3,48,32,80,0,0,0,1,6,7,846,1135,1981,2024-04-30T22:00:00Z
05,189,Klenovnik,201,71,272,7,4,11,0,0,0,0,0,0,22,27,49,0,0,0,2,0,2,232,102,334,2024-04-30T22:00:00Z
05,19,Beretinec,87,49,136,22,2,24,3,2,5,0,2,2,12,20,32,0,0,0,2,1,3,126,76,202,2024-04-30T22:00:00Z
05,229,Lepoglava,1455,711,2166,63,36,99,4,2,6,1,5,6,108,55,163,0,0,0,3,4,7,1634,813,2447,2024-04-30T22:00:00Z
05,244,Ludbreg,2137,1699,3836,134,67,201,61,37,98,8,14,22,232,177,409,0,0,0,4,4,8,2576,1998,4574,2024-04-30T22:00:00Z
05,247,Ljubešćica,389,172,561,21,7,28,1,0,1,0,2,2,69,20,89,0,0,0,1,0,1,481,201,682,2024-04-30T22:00:00Z
05,251,Mali Bukovec,44,96,140,13,5,18,23,16,39,0,1,1,93,33,126,0,0,0,0,1,1,173,152,325,2024-04-30T22:00:00Z
05,260,Maruševec,395,317,712,62,30,92,21,22,43,5,2,7,122,48,170,0,0,0,3,3,6,608,422,1030,2024-04-30T22:00:00Z
05,289,Novi Marof,1343,1238,2581,169,78,247,12,9,21,9,15,24,357,197,554,0,0,0,3,11,14,1893,1548,3441,2024-04-30T22:00:00Z
05,326,Petrijanec,499,798,1297,25,9,34,11,7,18,1,3,4,90,75,165,0,0,0,0,3,3,626,895,1521,2024-04-30T22:00:00Z
05,36,Breznica,175,81,256,17,2,19,6,5,11,1,6,7,45,16,61,0,0,0,0,0,0,244,110,354,2024-04-30T22:00:00Z
05,410,Sračinec,271,292,563,39,18,57,1,1,2,1,6,7,96,69,165,0,0,0,0,1,1,408,387,795,2024-04-30T22:00:00Z
05,437,Sveti Đurđ,75,116,191,33,5,38,24,7,31,2,1,3,28,31,59,0,0,0,0,0,0,162,160,322,2024-04-30T22:00:00Z
05,438,Sveti Ilija,205,195,400,20,9,29,1,0,1,1,4,5,40,34,74,0,0,0,0,0,0,267,242,509,2024-04-30T22:00:00Z
05,462,Trnovec Bartolovečki,1416,1323,2739,80,23,103,15,6,21,3,2,5,279,86,365,1,0,1,2,2,4,1796,1442,3238,2024-04-30T22:00:00Z
05,472,Varaždin,17475,14873,32348,591,452,1043,44,29,73,78,108,186,512,657,1169,1,0,1,12,22,34,18713,16141,34854,2024-04-30T22:00:00Z
05,473,Varaždinske Toplice,647,686,1333,50,27,77,10,5,15,4,5,9,147,50,197,0,0,0,1,1,2,859,774,1633,2024-04-30T22:00:00Z
05,48,Cestica,417,398,815,63,28,91,15,14,29,1,5,6,115,78,193,0,0,0,1,2,3,612,525,1137,2024-04-30T22:00:00Z
05,484,Vidovec,320,288,608,50,15,65,51,26,77,2,5,7,115,90,205,0,0,0,0,1,1,538,425,963,2024-04-30T22:00:00Z
05,486,Vinica,364,237,601,16,10,26,5,3,8,1,5,6,29,22,51,0,0,0,0,1,1,415,278,693,2024-04-30T22:00:00Z
05,493,Visoko,121,63,184,17,1,18,6,5,11,0,0,0,28,24,52,0,0,0,3,0,3,175,93,268,2024-04-30T22:00:00Z
05,558,Veliki Bukovec,409,245,654,6,2,8,16,7,23,0,1,1,29,41,70,0,0,0,0,0,0,460,296,756,2024-04-30T22:00:00Z
05,80,Donja Voća,88,63,151,7,1,8,5,6,11,0,1,1,28,21,49,0,0,0,0,1,1,128,93,221,2024-04-30T22:00:00Z
05,85,Donji Martijanec,362,174,536,27,7,34,17,3,20,1,1,2,49,35,84,0,0,0,0,1,1,456,221,677,2024-04-30T22:00:00Z
06,104,Đelekovec,40,63,103,30,13,43,39,9,48,0,1,1,18,14,32,0,0,0,0,0,0,127,100,227,2024-04-30T22:00:00Z
06,107,Đurđevac,1408,1247,2655,87,49,136,68,35,103,14,12,26,75,73,148,0,0,0,13,5,18,1665,1421,3086,2024-04-30T22:00:00Z
06,115,Ferdinandovac,40,96,136,14,3,17,35,30,65,1,1,2,23,6,29,0,0,0,0,0,0,113,136,249,2024-04-30T22:00:00Z
06,122,Gola,181,186,367,11,5,16,80,38,118,0,3,3,9,24,33,0,0,0,1,0,1,282,256,538,2024-04-30T22:00:00Z
06,145,Hlebine,13,39,52,3,0,3,14,4,18,1,0,1,1,14,15,0,0,0,0,1,1,32,58,90,2024-04-30T22:00:00Z
06,194,Kloštar Podravski,184,177,361,19,16,35,32,28,60,0,1,1,31,54,85,0,0,0,2,4,6,268,280,548,2024-04-30T22:00:00Z
06,201,Koprivnica,7192,7742,14934,375,226,601,57,29,86,62,64,126,393,441,834,0,2,2,10,17,27,8089,8521,16610,2024-04-30T22:00:00Z
06,202,Koprivnički Bregi,74,95,169,18,5,23,24,8,32,0,0,0,39,9,48,0,0,0,0,0,0,155,117,272,2024-04-30T22:00:00Z
06,203,Koprivnički Ivanec,67,63,130,23,4,27,25,7,32,0,0,0,18,9,27,0,0,0,0,0,0,133,83,216,2024-04-30T22:00:00Z
06,214,Križevci,4170,3983,8153,203,114,317,194,163,357,16,29,45,266,225,491,1,0,1,6,14,20,4856,4528,9384,2024-04-30T22:00:00Z
06,227,Legrad,72,83,155,18,6,24,16,5,21,1,1,2,22,19,41,0,0,0,0,0,0,129,114,243,2024-04-30T22:00:00Z
06,270,Molve,230,115,345,6,9,15,49,27,76,0,1,1,29,16,45,0,0,0,3,2,5,317,170,487,2024-04-30T22:00:00Z
06,292,Novigrad Podravski,87,165,252,12,8,20,15,10,25,0,1,1,19,14,33,0,0,0,0,0,0,133,198,331,2024-04-30T22:00:00Z
06,324,Peteranec,76,57,133,24,2,26,21,11,32,1,1,2,26,12,38,0,0,0,0,1,1,148,84,232,2024-04-30T22:00:00Z
06,366,Rasinja,49,89,138,24,3,27,54,19,73,2,0,2,18,21,39,0,0,0,1,0,1,148,132,280,2024-04-30T22:00:00Z
06,405,Sokolovac,178,89,267,18,4,22,45,11,56,6,3,9,15,8,23,0,0,0,1,0,1,263,115,378,2024-04-30T22:00:00Z
06,439,Sveti Ivan Žabno,298,226,524,41,16,57,90,55,145,1,2,3,47,70,117,0,0,0,1,1,2,478,370,848,2024-04-30T22:00:00Z
06,442,Sveti Petar Orehovec,143,133,276,32,7,39,124,104,228,0,2,2,48,35,83,0,0,0,2,0,2,349,281,630,2024-04-30T22:00:00Z
06,490,Virje,361,243,604,30,15,45,34,17,51,4,1,5,33,35,68,0,0,0,2,0,2,464,311,775,2024-04-30T22:00:00Z
06,559,Kalinovac,424,106,530,7,1,8,7,2,9,0,0,0,12,14,26,0,0,0,2,0,2,452,123,575,2024-04-30T22:00:00Z
06,560,Kalnik,42,47,89,2,3,5,14,19,33,0,1,1,8,3,11,0,0,0,0,0,0,66,73,139,2024-04-30T22:00:00Z
06,561,Novo Virje,47,38,85,2,0,2,36,28,64,0,0,0,22,9,31,0,0,0,0,0,0,107,75,182,2024-04-30T22:00:00Z
06,616,Podravske Sesvete,118,119,237,4,7,11,24,13,37,1,0,1,12,9,21,0,0,0,0,0,0,159,148,307,2024-04-30T22:00:00Z
06,618,Gornja Reka,117,113,230,7,3,10,6,3,9,0,0,0,7,5,12,0,0,0,0,0,0,137,124,261,2024-04-30T22:00:00Z
06,96,Drnje,128,115,243,13,4,17,14,9,23,0,2,2,12,9,21,0,0,0,0,0,0,167,139,306,2024-04-30T22:00:00Z
07,105,Đulovac,304,77,381,10,7,17,29,17,46,2,0,2,132,39,171,0,0,0,1,0,1,478,140,618,2024-04-30T22:00:00Z
07,119,Garešnica,1192,1095,2287,62,35,97,55,33,88,16,19,35,116,136,252,1,0,1,5,7,12,1447,1325,2772,2024-04-30T22:00:00Z
07,139,Grubišno Polje,667,625,1292,36,27,63,100,37,137,3,7,10,59,60,119,0,0,0,1,1,2,866,757,1623,2024-04-30T22:00:00Z
07,144,Hercegovac,135,169,304,19,4,23,44,12,56,1,2,3,41,30,71,0,0,0,1,1,2,241,218,459,2024-04-30T22:00:00Z
07,161,Ivanska,204,133,337,4,2,6,47,13,60,3,3,6,36,22,58,0,0,0,3,2,5,297,175,472,2024-04-30T22:00:00Z
07,176,Kapela,129,108,237,7,2,9,40,22,62,0,0,0,21,18,39,0,0,0,0,0,0,197,150,347,2024-04-30T22:00:00Z
07,18,Berek,37,48,85,7,2,9,24,11,35,0,0,0,13,8,21,0,0,0,0,0,0,81,69,150,2024-04-30T22:00:00Z
07,199,Končanica,145,75,220,10,3,13,28,17,45,0,0,0,9,11,20,0,0,0,1,4,5,193,110,303,2024-04-30T22:00:00Z
07,24,Bjelovar,7406,7081,14487,329,204,533,182,87,269,52,61,113,414,513,927,2,0,2,21,18,39,8406,7964,16370,2024-04-30T22:00:00Z
07,287,Nova Rača,104,119,223,11,2,13,69,29,98,1,2,3,27,11,38,0,0,0,0,1,1,212,164,376,2024-04-30T22:00:00Z
07,375,Rovišće,233,233,466,30,12,42,45,29,74,1,4,5,29,42,71,0,0,0,0,1,1,338,321,659,2024-04-30T22:00:00Z
07,390,Sirač,367,176,543,11,4,15,12,5,17,1,1,2,16,10,26,0,0,0,1,2,3,408,198,606,2024-04-30T22:00:00Z
07,450,Štefanje,63,59,122,9,5,14,33,13,46,1,2,3,34,23,57,0,0,0,0,0,0,140,102,242,2024-04-30T22:00:00Z
07,478,Velika Pisanica,71,85,156,5,3,8,27,14,41,1,0,1,9,7,16,0,0,0,0,1,1,113,110,223,2024-04-30T22:00:00Z
07,480,Veliki Grđevac,157,145,302,12,5,17,76,24,100,1,2,3,65,28,93,0,0,0,1,0,1,312,204,516,2024-04-30T22:00:00Z
07,483,Veliko Trojstvo,95,129,224,14,4,18,7,14,21,0,0,0,40,19,59,0,0,0,0,0,0,156,166,322,2024-04-30T22:00:00Z
07,562,Severin,50,26,76,1,2,3,16,13,29,0,0,0,18,49,67,0,0,0,0,0,0,85,90,175,2024-04-30T22:00:00Z
07,564,Šandrovac,28,45,73,4,0,4,13,8,21,1,0,1,17,6,23,0,0,0,0,1,1,63,60,123,2024-04-30T22:00:00Z
07,565,Velika Trnovitica,61,73,134,8,2,10,31,18,49,1,0,1,18,9,27,0,0,0,0,1,1,119,103,222,2024-04-30T22:00:00Z
07,566,Zrinski Topolovac,18,17,35,3,1,4,26,13,39,0,0,0,4,2,6,0,0,0,0,1,1,51,34,85,2024-04-30T22:00:00Z
07,63,Čazma,1146,838,1984,58,23,81,49,35,84,6,10,16,138,67,205,0,0,0,2,3,5,1399,976,2375,2024-04-30T22:00:00Z
07,67,Daruvar,1579,1920,3499,79,64,143,44,16,60,14,15,29,151,157,308,0,0,0,2,8,10,1869,2180,4049,2024-04-30T22:00:00Z
07,71,Dežanovac,138,86,224,8,2,10,61,29,90,0,0,0,32,16,48,0,0,0,0,2,2,239,135,374,2024-04-30T22:00:00Z
08,117,Fužine,288,207,495,20,12,32,0,1,1,4,1,5,26,22,48,0,0,0,1,0,1,339,243,582,2024-04-30T22:00:00Z
08,170,Jelenje,268,277,545,102,50,152,6,0,6,38,7,45,49,41,90,0,0,0,2,2,4,465,377,842,2024-04-30T22:00:00Z
08,180,Kastav,1300,926,2226,145,85,230,4,2,6,69,10,79,105,82,187,1,1,2,8,4,12,1632,1110,2742,2024-04-30T22:00:00Z
08,186,Klana,301,169,470,26,13,39,1,1,2,8,2,10,16,7,23,0,0,0,1,0,1,353,192,545,2024-04-30T22:00:00Z
08,209,Kraljevica,416,336,752,43,25,68,2,2,4,39,4,43,23,43,66,1,0,1,0,8,8,524,418,942,2024-04-30T22:00:00Z
08,215,Krk,2177,1572,3749,304,146,450,12,9,21,28,18,46,369,264,633,0,0,0,8,8,16,2898,2017,4915,2024-04-30T22:00:00Z
08,237,Lokve,113,95,208,11,7,18,0,1,1,0,2,2,7,13,20,0,0,0,0,0,0,131,118,249,2024-04-30T22:00:00Z
08,242,Lovran,500,667,1167,120,48,168,1,2,3,14,8,22,47,69,116,0,0,0,3,5,8,685,799,1484,2024-04-30T22:00:00Z
08,252,Mali Lošinj,1818,1798,3616,240,97,337,21,8,29,35,18,53,253,205,458,0,0,0,10,7,17,2377,2133,4510,2024-04-30T22:00:00Z
08,253,Malinska-Dubašnica,609,999,1608,155,83,238,8,9,17,6,5,11,198,203,401,0,0,0,7,10,17,983,1309,2292,2024-04-30T22:00:00Z
08,261,Matulji,1580,1159,2739,249,150,399,10,6,16,58,19,77,174,173,347,0,0,0,5,6,11,2076,1513,3589,2024-04-30T22:00:00Z
08,273,Mošćenička Draga,134,81,215,58,19,77,0,2,2,6,3,9,37,37,74,0,0,0,1,4,5,236,146,382,2024-04-30T22:00:00Z
08,275,Mrkopalj,69,58,127,9,5,14,1,0,1,1,0,1,9,9,18,0,0,0,0,0,0,89,72,161,2024-04-30T22:00:00Z
08,290,Novi Vinodolski,689,508,1197,136,61,197,7,5,12,12,5,17,145,97,242,0,0,0,1,5,6,990,681,1671,2024-04-30T22:00:00Z
08,301,Omišalj,724,546,1270,95,36,131,1,0,1,11,2,13,93,45,138,0,0,0,1,2,3,925,631,1556,2024-04-30T22:00:00Z
08,302,Opatija,2449,3040,5489,258,153,411,4,3,7,62,26,88,114,154,268,0,0,0,14,12,26,2901,3388,6289,2024-04-30T22:00:00Z
08,360,Punat,357,241,598,73,32,105,4,0,4,6,1,7,105,82,187,0,0,0,2,1,3,547,357,904,2024-04-30T22:00:00Z
08,363,Rab,1038,1295,2333,357,115,472,6,5,11,13,13,26,364,273,637,0,0,0,7,16,23,1785,1717,3502,2024-04-30T22:00:00Z
08,369,Ravna Gora,280,284,564,31,14,45,2,0,2,4,1,5,39,16,55,0,0,0,1,1,2,357,316,673,2024-04-30T22:00:00Z
08,373,Rijeka,28892,29226,58118,1531,1241,2772,23,14,37,1124,336,1460,876,1248,2124,8,6,14,84,105,189,32538,32176,64714,2024-04-30T22:00:00Z
08,38,Brod Moravice,46,38,84,28,6,34,1,0,1,0,1,1,9,3,12,0,0,0,1,2,3,85,50,135,2024-04-30T22:00:00Z
08,393,Skrad,46,48,94,4,5,9,0,1,1,2,1,3,3,4,7,0,0,0,0,0,0,55,59,114,2024-04-30T22:00:00Z
08,4,Bakar,2292,1214,3506,76,41,117,4,0,4,84,10,94,74,69,143,0,0,0,2,9,11,2532,1343,3875,2024-04-30T22:00:00Z
08,488,Vinodolska Općina,218,189,407,66,24,90,2,0,2,11,1,12,33,21,54,0,0,0,0,1,1,330,236,566,2024-04-30T22:00:00Z
08,495,Viškovo,1918,1249,3167,248,131,379,5,3,8,68,18,86,155,142,297,0,0,0,10,12,22,2404,1555,3959,2024-04-30T22:00:00Z
08,507,Vrbnik,177,130,307,37,14,51,8,4,12,1,0,1,45,33,78,0,0,0,0,1,1,268,182,450,2024-04-30T22:00:00Z
08,509,Vrbovsko,364,346,710,64,20,84,2,6,8,0,4,4,77,37,114,1,0,1,0,1,1,508,414,922,2024-04-30T22:00:00Z
08,52,Cres,614,546,1160,95,39,134,8,7,15,14,3,17,99,117,216,0,0,0,4,2,6,834,714,1548,2024-04-30T22:00:00Z
08,53,Crikvenica,1523,1985,3508,279,167,446,5,2,7,40,26,66,347,294,641,0,0,0,5,7,12,2199,2481,4680,2024-04-30T22:00:00Z
08,538,Kostrena,654,339,993,44,32,76,1,1,2,83,7,90,20,50,70,0,0,0,0,5,5,802,434,1236,2024-04-30T22:00:00Z
08,55,Čabar,346,298,644,55,17,72,8,2,10,3,0,3,131,44,175,0,0,0,0,2,2,543,363,906,2024-04-30T22:00:00Z
08,61,Čavle,697,561,1258,103,62,165,0,1,1,34,9,43,112,85,197,0,0,0,2,1,3,948,719,1667,2024-04-30T22:00:00Z
08,624,Lopar,93,43,136,37,9,46,0,0,0,1,0,1,70,77,147,0,0,0,0,2,2,201,131,332,2024-04-30T22:00:00Z
08,69,Delnice,1086,772,1858,78,54,132,5,2,7,10,12,22,86,86,172,0,0,0,1,5,6,1266,931,2197,2024-04-30T22:00:00Z
08,74,Dobrinj,172,132,304,61,28,89,2,2,4,3,0,3,112,70,182,0,0,0,1,2,3,351,234,585,2024-04-30T22:00:00Z
08,8,Baška,374,316,690,90,43,133,6,1,7,2,6,8,116,124,240,0,0,0,5,6,11,593,496,1089,2024-04-30T22:00:00Z
09,130,Gospić,2292,2416,4708,111,70,181,95,50,145,12,10,22,155,177,332,0,0,0,8,5,13,2673,2728,5401,2024-04-30T22:00:00Z
09,178,Karlobag,108,106,214,18,4,22,5,2,7,2,0,2,10,5,15,0,0,0,0,0,0,143,117,260,2024-04-30T22:00:00Z
09,240,Lovinac,203,96,299,0,0,0,1,1,2,0,0,0,5,3,8,0,0,0,0,0,0,209,100,309,2024-04-30T22:00:00Z
09,288,Novalja,1356,991,2347,150,49,199,24,13,37,4,7,11,266,146,412,0,0,0,6,11,17,1806,1217,3023,2024-04-30T22:00:00Z
09,313,Otočac,841,947,1788,87,38,125,61,33,94,11,6,17,100,121,221,0,0,0,1,4,5,1101,1149,2250,2024-04-30T22:00:00Z
09,323,Perušić,365,267,632,28,12,40,32,19,51,0,1,1,27,26,53,0,0,0,0,0,0,452,325,777,2024-04-30T22:00:00Z
09,37,Brinje,403,248,651,20,8,28,9,5,14,0,0,0,11,15,26,0,0,0,1,3,4,444,279,723,2024-04-30T22:00:00Z
09,387,Senj,784,687,1471,106,57,163,6,5,11,19,10,29,147,159,306,0,0,0,4,3,7,1066,921,1987,2024-04-30T22:00:00Z
09,455,Plitvička Jezera,926,980,1906,46,29,75,55,16,71,8,7,15,279,194,473,0,0,0,1,2,3,1315,1228,2543,2024-04-30T22:00:00Z
09,467,Udbina,124,93,217,10,4,14,42,16,58,0,0,0,12,18,30,0,0,0,1,1,2,189,132,321,2024-04-30T22:00:00Z
09,512,Vrhovine,112,44,156,4,2,6,9,1,10,0,0,0,4,2,6,0,0,0,0,0,0,129,49,178,2024-04-30T22:00:00Z
09,84,Donji Lapac,120,75,195,6,3,9,28,5,33,0,0,0,11,6,17,0,0,0,0,0,0,165,89,254,2024-04-30T22:00:00Z
10,136,Gradina,86,109,195,17,12,29,112,42,154,2,0,2,43,31,74,0,0,0,0,0,0,260,194,454,2024-04-30T22:00:00Z
10,245,Lukač,207,144,351,12,6,18,47,15,62,1,0,1,46,33,79,0,0,0,1,1,2,314,199,513,2024-04-30T22:00:00Z
10,266,Mikleuš,75,50,125,10,1,11,14,4,18,0,0,0,14,11,25,0,0,0,0,0,0,113,66,179,2024-04-30T22:00:00Z
10,283,Nova Bukovica,40,36,76,10,7,17,34,10,44,1,0,1,23,18,41,0,0,0,0,0,0,108,71,179,2024-04-30T22:00:00Z
10,307,Orahovica,845,624,1469,78,40,118,9,4,13,12,9,21,111,120,231,0,0,0,1,2,3,1056,799,1855,2024-04-30T22:00:00Z
10,332,Pitomača,798,704,1502,97,60,157,149,83,232,4,7,11,215,187,402,0,0,0,2,4,6,1265,1045,2310,2024-04-30T22:00:00Z
10,395,Slatina,1539,1505,3044,159,79,238,130,41,171,11,19,30,197,253,450,0,0,0,5,4,9,2041,1901,3942,2024-04-30T22:00:00Z
10,407,Sopje,144,50,194,5,5,10,79,21,100,0,0,0,20,29,49,0,0,0,0,0,0,248,105,353,2024-04-30T22:00:00Z
10,424,Suhopolje,268,280,548,29,23,52,100,34,134,0,1,1,65,56,121,1,0,1,2,1,3,465,395,860,2024-04-30T22:00:00Z
10,449,Špišić Bukovica,173,161,334,28,12,40,135,51,186,2,2,4,56,61,117,0,0,0,0,0,0,394,287,681,2024-04-30T22:00:00Z
10,491,Virovitica,3959,4188,8147,193,117,310,92,29,121,30,22,52,370,369,739,1,0,1,11,4,15,4656,4729,9385,2024-04-30T22:00:00Z
10,499,Voćin,160,122,282,12,5,17,30,20,50,0,0,0,15,8,23,0,0,0,0,0,0,217,155,372,2024-04-30T22:00:00Z
10,524,Zdenci,228,118,346,11,3,14,16,7,23,0,1,1,14,12,26,0,0,0,0,1,1,269,142,411,2024-04-30T22:00:00Z
10,54,Crnac,25,27,52,16,4,20,21,8,29,0,1,1,17,10,27,0,0,0,0,0,0,79,50,129,2024-04-30T22:00:00Z
10,56,Čačinci,161,103,264,25,17,42,21,12,33,0,2,2,30,33,63,0,0,0,0,1,1,237,168,405,2024-04-30T22:00:00Z
10,57,Čađavica,114,98,212,14,10,24,61,19,80,0,0,0,41,22,63,0,0,0,0,0,0,230,149,379,2024-04-30T22:00:00Z
11,164,Jakšić,171,120,291,36,12,48,25,5,30,0,2,2,37,21,58,0,0,0,0,0,0,269,160,429,2024-04-30T22:00:00Z
11,177,Kaptol,106,110,216,16,2,18,22,3,25,0,1,1,46,13,59,0,0,0,0,1,1,190,130,320,2024-04-30T22:00:00Z
11,221,Kutjevo,558,478,1036,61,26,87,62,24,86,1,1,2,81,71,152,0,0,0,1,4,5,764,604,1368,2024-04-30T22:00:00Z
11,231,Lipik,757,668,1425,44,19,63,29,19,48,2,5,7,60,62,122,0,0,0,2,0,2,894,773,1667,2024-04-30T22:00:00Z
11,318,Pakrac,699,1125,1824,87,37,124,51,15,66,14,6,20,173,98,271,0,0,0,0,4,4,1024,1285,2309,2024-04-30T22:00:00Z
11,334,Pleternica,553,547,1100,88,39,127,50,12,62,3,7,10,188,113,301,0,0,0,2,8,10,884,726,1610,2024-04-30T22:00:00Z
11,35,Brestovac,103,132,235,22,2,24,13,3,16,1,1,2,29,8,37,0,0,0,0,0,0,168,146,314,2024-04-30T22:00:00Z
11,351,Požega,5085,4618,9703,330,183,513,114,43,157,41,53,94,382,385,767,0,1,1,7,18,25,5959,5301,11260,2024-04-30T22:00:00Z
11,475,Velika,446,347,793,27,21,48,21,3,24,2,2,4,48,43,91,0,0,0,0,0,0,544,416,960,2024-04-30T22:00:00Z
11,58,Čaglin,108,190,298,10,1,11,16,3,19,0,1,1,13,13,26,0,0,0,0,0,0,147,208,355,2024-04-30T22:00:00Z
12,10,Bebrina,52,78,130,19,7,26,14,5,19,2,0,2,15,11,26,0,0,0,1,0,1,103,101,204,2024-04-30T22:00:00Z
12,118,Garčin,164,207,371,34,11,45,36,18,54,0,0,0,32,38,70,0,0,0,1,0,1,267,274,541,2024-04-30T22:00:00Z
12,127,Gornji Bogićevci,63,67,130,11,2,13,10,2,12,0,0,0,23,28,51,0,0,0,0,0,0,107,99,206,2024-04-30T22:00:00Z
12,140,Gundinci,85,52,137,18,5,23,52,24,76,0,0,0,22,10,32,0,0,0,0,0,0,177,91,268,2024-04-30T22:00:00Z
12,185,Klakar,120,73,193,11,9,20,18,5,23,0,1,1,12,24,36,0,0,0,0,0,0,161,112,273,2024-04-30T22:00:00Z
12,284,Nova Gradiška,2403,2294,4697,170,101,271,25,18,43,22,18,40,289,328,617,0,0,0,1,5,6,2910,2764,5674,2024-04-30T22:00:00Z
12,285,Nova Kapela,161,207,368,32,16,48,17,6,23,2,2,4,55,51,106,0,0,0,1,0,1,268,282,550,2024-04-30T22:00:00Z
12,299,Okučani,242,204,446,38,7,45,10,3,13,0,0,0,51,25,76,0,0,0,1,3,4,342,242,584,2024-04-30T22:00:00Z
12,303,Oprisavci,357,198,555,13,3,16,33,12,45,1,0,1,6,21,27,0,0,0,0,0,0,410,234,644,2024-04-30T22:00:00Z
12,309,Oriovac,313,349,662,48,26,74,22,15,37,2,3,5,59,55,114,0,0,0,2,3,5,446,451,897,2024-04-30T22:00:00Z
12,338,Podcrkavlje,41,49,90,19,2,21,7,2,9,0,1,1,13,8,21,0,0,0,0,2,2,80,64,144,2024-04-30T22:00:00Z
12,372,Rešetari,222,253,475,45,12,57,18,8,26,3,1,4,78,52,130,0,0,0,1,1,2,367,327,694,2024-04-30T22:00:00Z
12,388,Sibinj,198,227,425,74,23,97,20,2,22,0,0,0,70,42,112,0,0,0,2,5,7,364,299,663,2024-04-30T22:00:00Z
12,39,Brodski Stupnik,81,82,163,19,9,28,9,4,13,2,0,2,77,48,125,0,0,0,1,0,1,189,143,332,2024-04-30T22:00:00Z
12,396,Slavonski Brod,14737,10128,24865,692,391,1083,49,26,75,70,78,148,994,977,1971,0,0,0,15,23,38,16557,11623,28180,2024-04-30T22:00:00Z
12,397,Slavonski Šamac,87,76,163,13,3,16,15,9,24,0,1,1,20,9,29,0,0,0,0,0,0,135,98,233,2024-04-30T22:00:00Z
12,412,Stara Gradiška,177,111,288,7,5,12,5,3,8,0,0,0,18,8,26,0,0,0,0,0,0,207,127,334,2024-04-30T22:00:00Z
12,418,Staro Petrovo Selo,234,140,374,41,14,55,40,18,58,1,1,2,102,58,160,0,0,0,0,2,2,418,233,651,2024-04-30T22:00:00Z
12,46,Cernik,135,201,336,42,13,55,10,5,15,4,1,5,63,27,90,0,0,0,0,1,1,254,248,502,2024-04-30T22:00:00Z
12,476,Velika Kopanica,221,132,353,32,9,41,32,17,49,1,1,2,48,22,70,0,0,0,0,1,1,334,182,516,2024-04-30T22:00:00Z
12,506,Vrbje,39,58,97,10,2,12,18,2,20,0,0,0,21,19,40,0,0,0,0,1,1,88,82,170,2024-04-30T22:00:00Z
12,514,Vrpolje,212,135,347,27,5,32,43,15,58,0,2,2,24,22,46,0,0,0,0,1,1,306,180,486,2024-04-30T22:00:00Z
12,567,Bukovlje,164,95,259,19,11,30,2,1,3,1,0,1,16,18,34,0,0,0,1,3,4,203,128,331,2024-04-30T22:00:00Z
12,568,Dragalić,39,65,104,9,1,10,6,2,8,0,0,0,7,6,13,0,0,0,0,0,0,61,74,135,2024-04-30T22:00:00Z
12,569,Gornja Vrba,416,185,601,19,8,27,2,2,4,1,1,2,19,24,43,0,0,0,0,1,1,457,221,678,2024-04-30T22:00:00Z
12,570,Sikirevci,48,67,115,22,8,30,36,13,49,0,0,0,14,9,23,0,0,0,1,1,2,121,98,219,2024-04-30T22:00:00Z
12,68,Davor,136,120,256,14,7,21,13,4,17,2,0,2,14,25,39,0,0,0,0,0,0,179,156,335,2024-04-30T22:00:00Z
12,81,Donji Andrijevci,201,153,354,28,16,44,22,4,26,0,1,1,24,20,44,0,0,0,2,0,2,277,194,471,2024-04-30T22:00:00Z
13,131,Gračac,268,283,551,23,16,39,72,34,106,2,1,3,59,42,101,0,0,0,2,2,4,426,378,804,2024-04-30T22:00:00Z
13,167,Jasenice,169,91,260,20,3,23,9,5,14,2,0,2,19,11,30,0,0,0,0,1,1,219,111,330,2024-04-30T22:00:00Z
13,17,Benkovac,1297,1120,2417,129,55,184,109,61,170,12,7,19,257,144,401,0,0,0,9,4,13,1813,1391,3204,2024-04-30T22:00:00Z
13,173,Kali,311,138,449,26,16,42,2,1,3,20,0,20,44,32,76,0,0,0,1,1,2,404,188,592,2024-04-30T22:00:00Z
13,20,Bibinje,263,216,479,69,35,104,3,1,4,4,6,10,110,70,180,0,0,0,2,1,3,451,329,780,2024-04-30T22:00:00Z
13,22,Biograd Na Moru,1293,1644,2937,202,92,294,27,18,45,18,10,28,258,323,581,0,0,0,2,6,8,1800,2093,3893,2024-04-30T22:00:00Z
13,234,Lišane Ostrovičke,32,31,63,9,2,11,2,1,3,0,0,0,8,9,17,0,0,0,0,0,0,51,43,94,2024-04-30T22:00:00Z
13,282,Nin,691,643,1334,71,21,92,8,6,14,6,1,7,93,83,176,0,0,0,1,1,2,870,755,1625,2024-04-30T22:00:00Z
13,296,Obrovac,426,264,690,47,16,63,48,7,55,4,1,5,27,49,76,0,0,0,2,5,7,554,342,896,2024-04-30T22:00:00Z
13,316,Pag,643,563,1206,87,43,130,37,12,49,6,6,12,122,98,220,0,0,0,4,3,7,899,725,1624,2024-04-30T22:00:00Z
13,317,Pakoštane,466,417,883,92,27,119,14,18,32,9,4,13,170,101,271,0,0,0,5,3,8,756,570,1326,2024-04-30T22:00:00Z
13,320,Pašman,130,121,251,52,18,70,6,4,10,19,0,19,61,30,91,0,0,0,2,2,4,270,175,445,2024-04-30T22:00:00Z
13,344,Polača,109,70,179,19,9,28,6,2,8,3,0,3,17,14,31,0,0,0,1,1,2,155,96,251,2024-04-30T22:00:00Z
13,345,Poličnik,543,415,958,70,16,86,9,9,18,4,2,6,63,34,97,0,0,0,2,3,5,691,479,1170,2024-04-30T22:00:00Z
13,349,Posedarje,153,192,345,50,19,69,8,10,18,13,2,15,56,48,104,0,0,0,1,5,6,281,276,557,2024-04-30T22:00:00Z
13,354,Preko,379,481,860,65,26,91,8,4,12,27,4,31,56,37,93,0,0,0,1,2,3,536,554,1090,2024-04-30T22:00:00Z
13,371,Ražanac,105,135,240,29,11,40,9,6,15,9,0,9,47,36,83,0,0,0,2,0,2,201,188,389,2024-04-30T22:00:00Z
13,379,Sali,228,202,430,47,16,63,6,2,8,5,2,7,62,48,110,0,0,0,1,2,3,349,272,621,2024-04-30T22:00:00Z
13,411,Stankovci,242,186,428,50,6,56,3,3,6,2,1,3,45,17,62,0,0,0,0,0,0,342,213,555,2024-04-30T22:00:00Z
13,416,Starigrad,214,197,411,56,32,88,10,3,13,3,0,3,66,84,150,0,0,0,0,4,4,349,320,669,2024-04-30T22:00:00Z
13,425,Sukošan,509,382,891,82,26,108,13,5,18,6,1,7,73,71,144,0,0,0,1,5,6,684,490,1174,2024-04-30T22:00:00Z
13,428,Sveti Filip I Jakov,271,388,659,52,29,81,7,2,9,11,3,14,51,51,102,0,0,0,2,4,6,394,477,871,2024-04-30T22:00:00Z
13,445,Škabrnje,88,68,156,38,5,43,4,3,7,2,0,2,19,10,29,0,0,0,1,2,3,152,88,240,2024-04-30T22:00:00Z
13,489,Vir,360,341,701,77,30,107,2,1,3,2,1,3,69,54,123,0,0,0,3,3,6,513,430,943,2024-04-30T22:00:00Z
13,520,Zadar,16367,17661,34028,1322,800,2122,45,33,78,707,209,916,1519,1577,3096,3,0,3,74,67,141,20037,20347,40384,2024-04-30T22:00:00Z
13,525,Zemunik Donji,237,311,548,27,6,33,4,4,8,1,0,1,30,15,45,0,0,0,0,0,0,299,336,635,2024-04-30T22:00:00Z
13,537,Novigrad,94,113,207,31,3,34,5,5,10,4,1,5,30,15,45,0,0,0,1,1,2,165,138,303,2024-04-30T22:00:00Z
13,571,Galovac,43,71,114,18,3,21,2,5,7,2,2,4,13,9,22,0,0,0,0,0,0,78,90,168,2024-04-30T22:00:00Z
13,572,Kukljica,57,52,109,26,2,28,1,0,1,4,1,5,35,22,57,0,0,0,1,0,1,124,77,201,2024-04-30T22:00:00Z
13,573,Povljana,87,99,186,18,8,26,5,1,6,5,0,5,11,14,25,0,0,0,1,0,1,127,122,249,2024-04-30T22:00:00Z
13,574,Privlaka,170,168,338,33,14,47,1,2,3,5,2,7,27,15,42,0,0,0,6,1,7,242,202,444,2024-04-30T22:00:00Z
13,575,Tkon,105,73,178,31,12,43,2,1,3,2,0,2,60,29,89,0,0,0,1,0,1,201,115,316,2024-04-30T22:00:00Z
13,622,Kolan,224,125,349,21,6,27,5,2,7,1,0,1,28,21,49,0,0,0,0,0,0,279,154,433,2024-04-30T22:00:00Z
13,625,Vrsi,144,69,213,17,12,29,5,3,8,17,1,18,24,37,61,0,0,0,2,1,3,209,123,332,2024-04-30T22:00:00Z
14,103,Đakovo,3013,3010,6023,508,242,750,229,87,316,27,36,63,624,581,1205,0,0,0,8,11,19,4409,3967,8376,2024-04-30T22:00:00Z
14,106,Đurđenovac,514,517,1031,47,12,59,18,12,30,0,5,5,65,51,116,0,0,0,2,0,2,646,597,1243,2024-04-30T22:00:00Z
14,110,Erdut,317,246,563,40,15,55,54,13,67,2,3,5,53,46,99,0,0,0,0,2,2,466,325,791,2024-04-30T22:00:00Z
14,111,Ernestinovo,82,207,289,6,5,11,21,5,26,1,1,2,14,11,25,0,0,0,1,0,1,125,229,354,2024-04-30T22:00:00Z
14,116,Feričanci,125,148,273,26,6,32,3,0,3,0,1,1,39,14,53,0,0,0,0,0,0,193,169,362,2024-04-30T22:00:00Z
14,124,Gorjani,164,167,331,16,8,24,10,6,16,0,0,0,7,5,12,0,0,0,0,0,0,197,186,383,2024-04-30T22:00:00Z
14,13,Beli Manastir,1038,1190,2228,106,57,163,70,36,106,6,14,20,126,113,239,1,0,1,1,1,2,1348,1411,2759,2024-04-30T22:00:00Z
14,16,Belišće,1735,690,2425,80,45,125,25,5,30,8,7,15,99,90,189,0,0,0,0,1,1,1947,838,2785,2024-04-30T22:00:00Z
14,195,Kneževi Vinogradi,243,281,524,32,7,39,31,7,38,1,2,3,69,75,144,0,0,0,0,0,0,376,372,748,2024-04-30T22:00:00Z
14,2,Antunovac,202,203,405,35,14,49,13,6,19,1,0,1,17,19,36,0,0,0,0,0,0,268,242,510,2024-04-30T22:00:00Z
14,205,Koška,198,169,367,24,8,32,26,6,32,2,1,3,32,26,58,0,0,0,1,1,2,283,211,494,2024-04-30T22:00:00Z
14,21,Bilje,316,331,647,51,27,78,17,11,28,1,2,3,52,40,92,0,0,0,0,1,1,437,412,849,2024-04-30T22:00:00Z
14,23,Bizovac,265,261,526,27,11,38,24,7,31,2,4,6,31,38,69,0,0,0,0,0,0,349,321,670,2024-04-30T22:00:00Z
14,230,Levanjska Varoš,36,31,67,4,2,6,6,5,11,0,0,0,4,6,10,0,0,0,0,0,0,50,44,94,2024-04-30T22:00:00Z
14,257,Marijanci,92,89,181,8,5,13,10,0,10,0,0,0,12,15,27,0,0,0,0,1,1,122,110,232,2024-04-30T22:00:00Z
14,271,Moslavina Podravska,18,30,48,4,2,6,13,5,18,0,1,1,14,12,26,0,0,0,0,0,0,49,50,99,2024-04-30T22:00:00Z
14,278,Našice,2311,1910,4221,203,108,311,63,27,90,24,28,52,225,268,493,0,0,0,4,8,12,2830,2349,5179,2024-04-30T22:00:00Z
14,312,Osijek,24933,23499,48432,1042,750,1792,125,52,177,172,185,357,792,1128,1920,2,1,3,24,31,55,27090,25646,52736,2024-04-30T22:00:00Z
14,325,Petlovac,41,35,76,7,4,11,12,0,12,0,0,0,18,8,26,0,0,0,0,0,0,78,47,125,2024-04-30T22:00:00Z
14,327,Petrijevci,264,190,454,21,4,25,5,2,7,0,1,1,10,6,16,1,0,1,0,0,0,301,203,504,2024-04-30T22:00:00Z
14,340,Podgorač,122,82,204,24,11,35,23,4,27,1,1,2,18,32,50,0,0,0,0,0,0,188,130,318,2024-04-30T22:00:00Z
14,346,Popovac,58,55,113,1,3,4,5,2,7,0,0,0,4,1,5,0,0,0,0,0,0,68,61,129,2024-04-30T22:00:00Z
14,361,Punitovci,47,97,144,23,6,29,14,3,17,0,0,0,43,9,52,0,0,0,0,0,0,127,115,242,2024-04-30T22:00:00Z
14,381,Satnica Đakovačka,123,101,224,22,4,26,9,3,12,0,0,0,50,23,73,0,0,0,0,0,0,204,131,335,2024-04-30T22:00:00Z
14,386,Semeljci,209,195,404,45,15,60,46,17,63,2,1,3,72,35,107,0,0,0,0,2,2,374,265,639,2024-04-30T22:00:00Z
14,421,Strizivojna,314,328,642,20,11,31,15,3,18,0,0,0,22,10,32,0,0,0,0,0,0,371,352,723,2024-04-30T22:00:00Z
14,461,Trnava,63,70,133,6,4,10,10,3,13,0,0,0,10,6,16,0,0,0,0,0,0,89,83,172,2024-04-30T22:00:00Z
14,471,Valpovo,879,1201,2080,99,68,167,52,18,70,12,14,26,92,127,219,0,0,0,5,10,15,1139,1438,2577,2024-04-30T22:00:00Z
14,485,Viljevo,71,83,154,10,0,10,18,4,22,0,0,0,18,11,29,0,0,0,0,1,1,117,99,216,2024-04-30T22:00:00Z
14,494,Viškovci,331,213,544,24,6,30,12,4,16,0,0,0,17,10,27,0,0,0,1,0,1,385,233,618,2024-04-30T22:00:00Z
14,517,Vuka,32,62,94,17,2,19,11,4,15,0,0,0,22,13,35,0,0,0,0,0,0,82,81,163,2024-04-30T22:00:00Z
14,576,Donja Motičina,22,13,35,12,4,16,1,1,2,1,0,1,17,8,25,0,0,0,0,0,0,53,26,79,2024-04-30T22:00:00Z
14,578,Magadenovac,82,125,207,5,4,9,21,8,29,0,1,1,14,16,30,0,0,0,0,0,0,122,154,276,2024-04-30T22:00:00Z
14,579,Vladislavci,120,122,242,5,0,5,5,6,11,1,0,1,12,3,15,0,0,0,0,0,0,143,131,274,2024-04-30T22:00:00Z
14,609,Jagodnjak,90,88,178,10,2,12,23,6,29,0,0,0,11,4,15,0,0,0,0,0,0,134,100,234,2024-04-30T22:00:00Z
14,614,Šodolovci,27,16,43,0,0,0,0,0,0,0,0,0,8,5,13,0,0,0,0,0,0,35,21,56,2024-04-30T22:00:00Z
14,64,Čeminac,90,109,199,12,0,12,4,1,5,0,0,0,29,14,43,0,0,0,0,0,0,135,124,259,2024-04-30T22:00:00Z
14,65,Čepin,863,629,1492,111,43,154,60,28,88,4,6,10,115,104,219,0,0,0,1,1,2,1154,811,1965,2024-04-30T22:00:00Z
14,66,Darda,1781,815,2596,58,34,92,32,10,42,3,4,7,66,57,123,0,0,0,1,1,2,1941,921,2862,2024-04-30T22:00:00Z
14,86,Donji Miholjac,1199,1036,2235,122,63,185,164,40,204,5,9,14,156,130,286,1,0,1,0,3,3,1647,1281,2928,2024-04-30T22:00:00Z
14,91,Draž,83,116,199,11,3,14,14,5,19,0,0,0,11,11,22,0,0,0,0,1,1,119,136,255,2024-04-30T22:00:00Z
14,94,Drenje,101,102,203,30,4,34,42,8,50,0,0,0,13,18,31,0,0,0,0,0,0,186,132,318,2024-04-30T22:00:00Z
15,113,Ervenik,32,42,74,2,0,2,3,1,4,0,0,0,5,2,7,0,0,0,0,0,0,42,45,87,2024-04-30T22:00:00Z
15,183,Kijevo,27,44,71,2,0,2,0,0,0,0,0,0,0,0,0,0,0,0,0,0,0,29,44,73,2024-04-30T22:00:00Z
15,184,Kistanje,70,88,158,28,6,34,1,2,3,2,0,2,18,17,35,0,0,0,0,0,0,119,113,232,2024-04-30T22:00:00Z
15,196,Knin,1333,1599,2932,138,78,216,63,18,81,33,4,37,172,149,321,0,0,0,2,3,5,1741,1851,3592,2024-04-30T22:00:00Z
15,298,Promina,130,100,230,1,1,2,1,2,3,0,0,0,3,2,5,0,0,0,0,0,0,135,105,240,2024-04-30T22:00:00Z
15,310,Biskupija,121,49,170,3,0,3,1,0,1,1,0,1,1,1,2,0,0,0,0,0,0,127,50,177,2024-04-30T22:00:00Z
15,357,Primošten,324,369,693,137,45,182,5,1,6,7,3,10,106,96,202,0,1,1,4,4,8,583,519,1102,2024-04-30T22:00:00Z
15,377,Ružić,31,52,83,6,0,6,5,5,10,0,0,0,2,12,14,0,0,0,0,0,0,44,69,113,2024-04-30T22:00:00Z
15,394,Skradin,162,203,365,59,17,76,17,7,24,3,2,5,74,61,135,0,0,0,0,1,1,315,291,606,2024-04-30T22:00:00Z
15,444,Šibenik,8705,9162,17867,755,408,1163,29,13,42,227,101,328,688,746,1434,0,0,0,9,16,25,10413,10446,20859,2024-04-30T22:00:00Z
15,454,Tisno,431,355,786,115,47,162,7,0,7,8,3,11,85,98,183,0,0,0,0,3,3,646,506,1152,2024-04-30T22:00:00Z
15,469,Unešić,51,76,127,10,0,10,4,1,5,1,0,1,15,7,22,0,0,0,0,0,0,81,84,165,2024-04-30T22:00:00Z
15,500,Vodice,1245,1334,2579,354,136,490,15,6,21,17,12,29,332,241,573,0,0,0,7,6,13,1970,1735,3705,2024-04-30T22:00:00Z
15,51,Civljane,57,11,68,1,1,2,0,0,0,0,0,0,3,2,5,0,0,0,0,0,0,61,14,75,2024-04-30T22:00:00Z
15,581,Pirovac,173,181,354,43,21,64,5,3,8,4,1,5,80,58,138,0,0,0,0,0,0,305,264,569,2024-04-30T22:00:00Z
15,582,Rogoznica,329,318,647,57,25,82,1,1,2,10,1,11,78,56,134,0,0,0,1,1,2,476,402,878,2024-04-30T22:00:00Z
15,617,Murter,334,316,650,75,46,121,3,1,4,12,3,15,122,97,219,0,0,0,8,5,13,554,468,1022,2024-04-30T22:00:00Z
15,621,Bilice,113,45,158,32,9,41,0,0,0,11,0,11,29,15,44,0,0,0,0,0,0,185,69,254,2024-04-30T22:00:00Z
15,626,Tribunj,112,126,238,26,14,40,1,0,1,4,0,4,67,47,114,0,0,0,0,0,0,210,187,397,2024-04-30T22:00:00Z
15,95,Drniš,950,731,1681,68,56,124,56,25,81,6,8,14,98,88,186,0,0,0,0,1,1,1178,909,2087,2024-04-30T22:00:00Z
16,1,Andrijaševci,75,136,211,25,14,39,12,4,16,2,1,3,33,33,66,0,0,0,0,4,4,147,192,339,2024-04-30T22:00:00Z
16,137,Gradište,82,117,199,19,4,23,30,4,34,0,1,1,19,16,35,0,0,0,1,0,1,151,142,293,2024-04-30T22:00:00Z
16,141,Gunja,241,133,374,29,10,39,44,14,58,1,0,1,46,14,60,0,0,0,1,1,2,362,172,534,2024-04-30T22:00:00Z
16,154,Ilok,478,607,1085,71,24,95,55,18,73,0,2,2,113,98,211,1,0,1,0,0,0,718,749,1467,2024-04-30T22:00:00Z
16,159,Ivankovo,369,467,836,71,35,106,55,11,66,3,5,8,113,76,189,0,0,0,2,1,3,613,595,1208,2024-04-30T22:00:00Z
16,166,Jarmina,41,91,132,19,12,31,28,8,36,0,1,1,21,34,55,0,0,0,0,1,1,109,147,256,2024-04-30T22:00:00Z
16,239,Lovas,62,79,141,6,0,6,13,1,14,0,0,0,5,5,10,0,0,0,0,0,0,86,85,171,2024-04-30T22:00:00Z
16,26,Bogdanovci,32,32,64,5,0,5,6,4,10,0,0,0,15,4,19,0,0,0,0,0,0,58,40,98,2024-04-30T22:00:00Z
16,29,Borovo,79,100,179,53,15,68,25,4,29,1,3,4,79,79,158,0,0,0,2,1,3,239,202,441,2024-04-30T22:00:00Z
16,294,Nuštar,280,342,622,48,22,70,22,6,28,2,1,3,59,34,93,0,0,0,0,2,2,411,407,818,2024-04-30T22:00:00Z
16,295,Nijemci,223,238,461,28,9,37,86,22,108,0,1,1,66,37,103,0,0,0,0,1,1,403,308,711,2024-04-30T22:00:00Z
16,3,Babina Greda,188,214,402,36,17,53,75,25,100,2,0,2,30,38,68,0,0,0,0,1,1,331,295,626,2024-04-30T22:00:00Z
16,32,Bošnjaci,142,148,290,27,7,34,28,5,33,3,0,3,41,44,85,0,0,0,0,1,1,241,205,446,2024-04-30T22:00:00Z
16,414,Stari Jankovci,151,117,268,21,5,26,39,9,48,3,0,3,33,17,50,0,0,0,1,1,2,248,149,397,2024-04-30T22:00:00Z
16,415,Stari Mikanovci,114,153,267,21,9,30,27,11,38,4,1,5,33,45,78,0,0,0,1,0,1,200,219,419,2024-04-30T22:00:00Z
16,44,Cerna,474,261,735,48,30,78,51,17,68,2,1,3,55,70,125,0,0,0,2,0,2,632,379,1011,2024-04-30T22:00:00Z
16,456,Tompojevci,28,60,88,14,5,19,34,11,45,0,0,0,14,11,25,0,0,0,0,0,0,90,87,177,2024-04-30T22:00:00Z
16,458,Tordinci,95,108,203,5,1,6,9,0,9,0,0,0,7,13,20,0,0,0,0,0,0,116,122,238,2024-04-30T22:00:00Z
16,459,Tovarnik,206,147,353,21,3,24,45,21,66,1,1,2,17,21,38,0,0,0,0,0,0,290,193,483,2024-04-30T22:00:00Z
16,464,Trpinja,103,226,329,28,11,39,76,17,93,1,0,1,38,25,63,0,0,0,0,1,1,246,280,526,2024-04-30T22:00:00Z
16,487,Vinkovci,8097,6754,14851,331,229,560,46,25,71,56,49,105,491,638,1129,1,0,1,9,9,18,9031,7704,16735,2024-04-30T22:00:00Z
16,505,Vrbanja,333,184,517,33,12,45,63,17,80,1,1,2,38,39,77,0,0,0,1,1,2,469,254,723,2024-04-30T22:00:00Z
16,518,Vukovar,4637,4983,9620,327,181,508,103,35,138,25,29,54,435,402,837,0,0,0,1,6,7,5528,5636,11164,2024-04-30T22:00:00Z
16,534,Županja,2035,1561,3596,146,63,209,39,16,55,21,16,37,160,187,347,1,0,1,5,4,9,2407,1847,4254,2024-04-30T22:00:00Z
16,535,Otok (Vinkovci),435,328,763,39,24,63,54,11,65,6,1,7,77,65,142,0,0,0,0,3,3,611,432,1043,2024-04-30T22:00:00Z
16,583,Privlaka,94,99,193,21,8,29,24,7,31,0,1,1,20,23,43,0,0,0,0,0,0,159,138,297,2024-04-30T22:00:00Z
16,584,Vođinci,64,193,257,14,4,18,6,5,11,0,1,1,15,19,34,0,0,0,0,0,0,99,222,321,2024-04-30T22:00:00Z
16,610,Markušica,39,79,118,11,4,15,47,15,62,0,1,1,19,12,31,0,0,0,2,0,2,118,111,229,2024-04-30T22:00:00Z
16,612,Negoslavci,20,37,57,7,1,8,10,3,13,1,0,1,13,13,26,0,0,0,0,0,0,51,54,105,2024-04-30T22:00:00Z
16,628,Štitar,110,93,203,10,1,11,11,2,13,0,0,0,12,5,17,0,0,0,0,0,0,143,101,244,2024-04-30T22:00:00Z
16,92,Drenovci,125,210,335,42,3,45,107,37,144,1,1,2,47,55,102,0,0,0,0,1,1,322,307,629,2024-04-30T22:00:00Z
17,100,Dugi Rat,988,805,1793,99,37,136,0,2,2,46,16,62,280,175,455,0,0,0,2,4,6,1415,1039,2454,2024-04-30T22:00:00Z
17,134,Gradac,201,276,477,61,19,80,2,1,3,3,1,4,53,75,128,0,0,0,3,2,5,323,374,697,2024-04-30T22:00:00Z
17,148,Hrvace,335,184,519,59,20,79,12,9,21,1,3,4,58,39,97,0,0,0,2,1,3,467,256,723,2024-04-30T22:00:00Z
17,153,Hvar,1196,1043,2239,239,112,351,19,11,30,17,4,21,425,365,790,3,0,3,9,13,22,1908,1548,3456,2024-04-30T22:00:00Z
17,155,Imotski,1445,1472,2917,198,102,300,11,8,19,28,14,42,132,176,308,0,0,0,7,10,17,1821,1782,3603,2024-04-30T22:00:00Z
17,171,Jelsa,435,388,823,109,44,153,41,23,64,12,1,13,167,103,270,0,1,1,3,9,12,767,569,1336,2024-04-30T22:00:00Z
17,181,Kaštela,4174,4356,8530,588,307,895,32,12,44,159,42,201,621,642,1263,0,0,0,19,17,36,5593,5376,10969,2024-04-30T22:00:00Z
17,192,Klis,297,234,531,36,12,48,9,2,11,26,2,28,59,33,92,0,0,0,1,3,4,428,286,714,2024-04-30T22:00:00Z
17,197,Komiža,197,190,387,68,25,93,6,2,8,4,2,6,41,47,88,0,0,0,3,1,4,319,267,586,2024-04-30T22:00:00Z
17,243,Lovreć,169,105,274,16,9,25,4,0,4,2,0,2,37,19,56,0,0,0,0,1,1,228,134,362,2024-04-30T22:00:00Z
17,249,Makarska,3019,2993,6012,341,210,551,5,1,6,46,30,76,471,462,933,2,0,2,15,10,25,3899,3706,7605,2024-04-30T22:00:00Z
17,258,Marina,245,294,539,81,40,121,6,5,11,11,1,12,55,53,108,1,0,1,3,4,7,402,397,799,2024-04-30T22:00:00Z
17,267,Milna,124,105,229,34,9,43,5,2,7,4,0,4,47,53,100,0,0,0,1,1,2,215,170,385,2024-04-30T22:00:00Z
17,27,Bol,526,524,1050,76,27,103,5,3,8,7,3,10,90,59,149,0,0,0,2,6,8,706,622,1328,2024-04-30T22:00:00Z
17,280,Nerežišća,151,68,219,21,8,29,2,1,3,2,0,2,33,20,53,0,0,0,0,1,1,209,98,307,2024-04-30T22:00:00Z
17,300,Omiš,1731,1807,3538,294,126,420,13,6,19,42,16,58,357,328,685,1,0,1,6,5,11,2444,2288,4732,2024-04-30T22:00:00Z
17,314,Otok,257,254,511,81,27,108,10,2,12,5,1,6,95,52,147,0,0,0,2,0,2,450,336,786,2024-04-30T22:00:00Z
17,337,Podbablje,288,244,532,40,6,46,6,0,6,2,3,5,25,38,63,0,0,0,1,1,2,362,292,654,2024-04-30T22:00:00Z
17,339,Podgora,350,374,724,76,29,105,3,0,3,3,2,5,82,68,150,0,0,0,1,6,7,515,479,994,2024-04-30T22:00:00Z
17,341,Podstrana,978,897,1875,84,32,116,13,3,16,55,6,61,74,100,174,0,0,0,3,4,7,1207,1042,2249,2024-04-30T22:00:00Z
17,350,Postira,326,295,621,37,21,58,7,2,9,0,3,3,27,14,41,0,0,0,1,1,2,398,336,734,2024-04-30T22:00:00Z
17,358,Pučišća,214,153,367,61,11,72,12,4,16,3,1,4,42,27,69,0,0,0,1,1,2,333,197,530,2024-04-30T22:00:00Z
17,382,Seget,600,583,1183,63,15,78,6,4,10,13,2,15,192,89,281,0,0,0,4,6,10,878,699,1577,2024-04-30T22:00:00Z
17,383,Selca,138,136,274,63,19,82,12,5,17,5,1,6,63,42,105,0,0,0,0,1,1,281,204,485,2024-04-30T22:00:00Z
17,389,Sinj,1983,2198,4181,410,184,594,59,18,77,48,40,88,376,416,792,0,0,0,5,12,17,2881,2868,5749,2024-04-30T22:00:00Z
17,406,Solin,3975,3278,7253,322,201,523,13,8,21,162,42,204,355,308,663,0,0,0,8,7,15,4835,3844,8679,2024-04-30T22:00:00Z
17,409,Split,37420,40999,78419,1957,1380,3337,65,41,106,2451,433,2884,1724,2251,3975,9,3,12,112,131,243,43738,45238,88976,2024-04-30T22:00:00Z
17,413,Stari Grad,523,475,998,86,37,123,21,16,37,4,2,6,94,69,163,0,0,0,3,12,15,731,611,1342,2024-04-30T22:00:00Z
17,423,Sućuraj,34,28,62,25,5,30,2,1,3,0,0,0,15,14,29,0,0,0,1,0,1,77,48,125,2024-04-30T22:00:00Z
17,427,Supetar,826,889,1715,166,79,245,17,7,24,33,12,45,165,168,333,0,0,0,6,1,7,1213,1156,2369,2024-04-30T22:00:00Z
17,443,Šestanovac,158,143,301,34,10,44,12,2,14,1,2,3,20,28,48,0,0,0,2,0,2,227,185,412,2024-04-30T22:00:00Z
17,447,Šolta,246,179,425,26,24,50,11,3,14,10,3,13,37,28,65,0,0,0,0,1,1,330,238,568,2024-04-30T22:00:00Z
17,460,Trilj,558,674,1232,174,50,224,24,11,35,9,1,10,133,133,266,2,0,2,1,4,5,901,873,1774,2024-04-30T22:00:00Z
17,463,Trogir,2217,2234,4451,420,223,643,14,6,20,75,37,112,460,579,1039,0,0,0,8,18,26,3194,3097,6291,2024-04-30T22:00:00Z
17,492,Vis,348,337,685,74,32,106,12,3,15,6,1,7,71,43,114,0,0,0,4,1,5,515,417,932,2024-04-30T22:00:00Z
17,50,Cista Provo,121,176,297,29,6,35,8,1,9,1,0,1,10,6,16,0,0,0,0,3,3,169,192,361,2024-04-30T22:00:00Z
17,511,Vrgorac,1007,813,1820,57,30,87,23,14,37,5,6,11,52,70,122,0,0,0,2,3,5,1146,936,2082,2024-04-30T22:00:00Z
17,513,Vrlika,98,227,325,17,5,22,13,8,21,1,0,1,24,8,32,0,0,0,0,0,0,153,248,401,2024-04-30T22:00:00Z
17,522,Zagvozd,154,85,239,22,3,25,3,2,5,0,0,0,15,9,24,0,0,0,0,0,0,194,99,293,2024-04-30T22:00:00Z
17,528,Zmijavci,114,144,258,8,2,10,0,3,3,3,0,3,29,15,44,0,0,0,1,1,2,155,165,320,2024-04-30T22:00:00Z
17,585,Dugopolje,1819,1025,2844,59,17,76,3,1,4,9,3,12,63,26,89,0,0,0,2,0,2,1955,1072,3027,2024-04-30T22:00:00Z
17,586,Lećevica,16,28,44,9,0,9,2,2,4,1,0,1,3,0,3,0,0,0,0,0,0,31,30,61,2024-04-30T22:00:00Z
17,587,Lokvičići,38,19,57,2,0,2,2,0,2,0,0,0,1,0,1,0,0,0,1,0,1,44,19,63,2024-04-30T22:00:00Z
17,588,Okrug,195,265,460,60,31,91,1,0,1,12,6,18,146,74,220,0,0,0,4,6,10,418,382,800,2024-04-30T22:00:00Z
17,589,Prgomet,37,27,64,6,0,6,1,0,1,2,0,2,2,0,2,0,0,0,0,0,0,48,27,75,2024-04-30T22:00:00Z
17,590,Primorski Dolac,24,45,69,5,3,8,1,1,2,0,1,1,3,4,7,0,0,0,0,0,0,33,54,87,2024-04-30T22:00:00Z
17,591,Runovići,77,66,143,18,3,21,1,1,2,0,2,2,31,26,57,0,0,0,0,0,0,127,98,225,2024-04-30T22:00:00Z
17,592,Sutivan,146,111,257,30,14,44,4,1,5,6,2,8,35,18,53,0,0,0,0,0,0,221,146,367,2024-04-30T22:00:00Z
17,593,Tučepi,337,345,682,56,24,80,0,1,1,3,3,6,90,71,161,0,0,0,0,2,2,486,446,932,2024-04-30T22:00:00Z
17,595,Zadvarje,54,33,87,7,1,8,1,1,2,0,0,0,5,5,10,0,0,0,0,0,0,67,40,107,2024-04-30T22:00:00Z
17,72,Dicmo,546,227,773,50,16,66,5,2,7,6,1,7,35,38,73,0,0,0,1,1,2,643,285,928,2024-04-30T22:00:00Z
17,77,Brela,286,349,635,50,28,78,0,1,1,2,1,3,41,66,107,0,0,0,1,1,2,380,446,826,2024-04-30T22:00:00Z
17,87,Muć,195,213,408,24,4,28,3,3,6,4,3,7,18,13,31,0,0,0,0,1,1,244,237,481,2024-04-30T22:00:00Z
17,88,Proložac,230,166,396,29,10,39,3,2,5,1,0,1,37,25,62,0,0,0,7,1,8,307,204,511,2024-04-30T22:00:00Z
17,9,Baška Voda,305,389,694,107,53,160,1,0,1,4,4,8,102,111,213,0,0,0,2,2,4,521,559,1080,2024-04-30T22:00:00Z
18,132,Gračišće,64,27,91,34,8,42,10,3,13,1,0,1,41,13,54,0,0,0,0,0,0,150,51,201,2024-04-30T22:00:00Z
18,138,Grožnjan,32,31,63,20,3,23,11,4,15,0,0,0,10,17,27,0,0,0,0,1,1,73,56,129,2024-04-30T22:00:00Z
18,175,Kanfanar,645,263,908,36,13,49,5,1,6,0,0,0,15,18,33,0,0,0,1,1,2,702,296,998,2024-04-30T22:00:00Z
18,217,Kršan,324,294,618,52,15,67,7,2,9,3,0,3,130,67,197,0,0,0,1,3,4,517,381,898,2024-04-30T22:00:00Z
18,222,Labin,3005,2938,5943,275,158,433,17,8,25,26,33,59,306,271,577,1,0,1,11,7,18,3641,3415,7056,2024-04-30T22:00:00Z
18,223,Lanišće,15,16,31,3,0,3,2,0,2,0,1,1,18,4,22,0,0,0,0,0,0,38,21,59,2024-04-30T22:00:00Z
18,235,Ližnjan,216,154,370,20,12,32,3,0,3,4,2,6,36,39,75,0,0,0,1,1,2,280,208,488,2024-04-30T22:00:00Z
18,246,Lupoglav,219,123,342,11,5,16,4,2,6,0,1,1,13,12,25,0,0,0,0,0,0,247,143,390,2024-04-30T22:00:00Z
18,254,Marčana,194,211,405,46,17,63,3,5,8,5,2,7,43,28,71,1,0,1,1,0,1,293,263,556,2024-04-30T22:00:00Z
18,263,Medulin,985,929,1914,97,59,156,7,3,10,5,6,11,281,215,496,0,0,0,0,3,3,1375,1215,2590,2024-04-30T22:00:00Z
18,274,Motovun,140,121,261,39,20,59,17,8,25,1,1,2,37,37,74,0,0,0,2,6,8,236,193,429,2024-04-30T22:00:00Z
18,291,Novigrad,1110,1215,2325,153,67,220,15,5,20,3,11,14,153,165,318,0,0,0,4,4,8,1438,1467,2905,2024-04-30T22:00:00Z
18,304,Oprtalj,58,90,148,15,7,22,12,1,13,0,0,0,11,11,22,0,0,0,3,3,6,99,112,211,2024-04-30T22:00:00Z
18,321,Pazin,2019,2139,4158,327,148,475,54,32,86,14,20,34,277,216,493,0,0,0,4,14,18,2695,2569,5264,2024-04-30T22:00:00Z
18,330,Pićan,339,138,477,37,8,45,2,5,7,1,2,3,52,23,75,0,0,0,1,2,3,432,178,610,2024-04-30T22:00:00Z
18,348,Poreč,6477,6161,12638,783,436,1219,56,20,76,53,50,103,826,739,1565,2,1,3,8,10,18,8205,7417,15622,2024-04-30T22:00:00Z
18,359,Pula,13821,13204,27025,1507,825,2332,69,44,113,249,164,413,1084,1155,2239,1,0,1,36,48,84,16767,15440,32207,2024-04-30T22:00:00Z
18,368,Raša,326,186,512,28,9,37,1,0,1,3,2,5,49,31,80,0,0,0,1,1,2,408,229,637,2024-04-30T22:00:00Z
18,374,Rovinj,3868,4244,8112,496,289,785,31,19,50,30,37,67,754,606,1360,0,0,0,13,21,34,5192,5216,10408,2024-04-30T22:00:00Z
18,40,Brtonigla,196,128,324,40,14,54,21,7,28,1,1,2,63,61,124,1,0,1,0,2,2,322,213,535,2024-04-30T22:00:00Z
18,42,Buje,876,863,1739,119,58,177,27,14,41,9,6,15,67,78,145,0,0,0,1,4,5,1099,1023,2122,2024-04-30T22:00:00Z
18,43,Buzet,1514,1065,2579,178,65,243,25,12,37,7,6,13,153,107,260,0,0,0,8,8,16,1885,1263,3148,2024-04-30T22:00:00Z
18,431,Sveti Lovreč,61,63,124,24,12,36,2,0,2,0,1,1,41,19,60,0,0,0,0,0,0,128,95,223,2024-04-30T22:00:00Z
18,432,Sveta Nedelja,199,145,344,39,12,51,8,2,10,3,0,3,66,19,85,0,0,0,4,2,6,319,180,499,2024-04-30T22:00:00Z
18,433,Sveti Petar U Šumi,192,143,335,24,5,29,3,4,7,0,0,0,10,10,20,0,0,0,1,0,1,230,162,392,2024-04-30T22:00:00Z
18,435,Svetvinčenat,141,130,271,28,8,36,3,1,4,1,1,2,27,22,49,0,0,0,0,0,0,200,162,362,2024-04-30T22:00:00Z
18,453,Tinjan,190,101,291,41,10,51,6,0,6,2,3,5,63,31,94,0,0,0,1,0,1,303,145,448,2024-04-30T22:00:00Z
18,468,Umag,3342,2968,6310,466,214,680,28,16,44,39,32,71,407,407,814,1,0,1,9,20,29,4292,3657,7949,2024-04-30T22:00:00Z
18,47,Cerovlje,130,54,184,35,5,40,5,4,9,1,0,1,27,17,44,0,0,0,0,1,1,198,81,279,2024-04-30T22:00:00Z
18,497,Višnjan,300,293,593,51,8,59,12,1,13,1,1,2,97,44,141,0,0,0,4,2,6,465,349,814,2024-04-30T22:00:00Z
18,498,Vižinada,64,54,118,32,12,44,12,5,17,0,0,0,45,42,87,0,0,0,0,1,1,153,114,267,2024-04-30T22:00:00Z
18,5,Bale,202,155,357,26,21,47,2,2,4,1,0,1,52,53,105,0,0,0,0,1,1,283,232,515,2024-04-30T22:00:00Z
18,502,Vodnjan,866,674,1540,59,34,93,9,3,12,7,3,10,97,65,162,0,1,1,1,0,1,1039,780,1819,2024-04-30T22:00:00Z
18,516,Vrsar,572,651,1223,89,45,134,3,3,6,4,1,5,232,208,440,0,0,0,0,1,1,900,909,1809,2024-04-30T22:00:00Z
18,531,Žminj,511,468,979,128,48,176,12,10,22,6,5,11,101,95,196,0,0,0,3,2,5,761,628,1389,2024-04-30T22:00:00Z
18,596,Karojba,123,95,218,33,5,38,0,1,1,0,0,0,42,10,52,0,1,1,0,0,0,198,112,310,2024-04-30T22:00:00Z
18,597,Kaštelir - Labinci,185,80,265,41,21,62,8,6,14,2,0,2,43,19,62,0,0,0,0,4,4,279,130,409,2024-04-30T22:00:00Z
18,6,Barban,301,122,423,48,7,55,13,7,20,2,1,3,32,22,54,0,0,0,2,2,4,398,161,559,2024-04-30T22:00:00Z
18,619,Fažana,413,354,767,42,25,67,1,1,2,2,4,6,73,46,119,1,0,1,1,3,4,533,433,966,2024-04-30T22:00:00Z
18,629,Funtana,241,241,482,28,17,45,1,1,2,1,0,1,103,106,209,0,0,0,2,1,3,376,366,742,2024-04-30T22:00:00Z
18,631,Tar-Vabriga,277,324,601,52,20,72,1,1,2,0,1,1,74,65,139,0,0,0,0,4,4,404,415,819,2024-04-30T22:00:00Z
19,198,Konavle,1819,1439,3258,207,86,293,15,14,29,36,8,44,142,152,294,0,1,1,4,1,5,2223,1701,3924,2024-04-30T22:00:00Z
19,204,Korčula,818,1093,1911,182,78,260,21,7,28,109,8,117,221,197,418,0,0,0,6,10,16,1357,1393,2750,2024-04-30T22:00:00Z
19,219,Kula Norinska,36,40,76,10,1,11,1,1,2,0,0,0,6,8,14,0,0,0,0,0,0,53,50,103,2024-04-30T22:00:00Z
19,226,Lastovo,72,101,173,33,11,44,2,2,4,5,1,6,15,13,28,0,0,0,1,2,3,128,130,258,2024-04-30T22:00:00Z
19,25,Blato,591,430,1021,81,24,105,15,5,20,10,8,18,163,53,216,0,0,0,6,4,10,866,524,1390,2024-04-30T22:00:00Z
19,264,Metković,2379,1896,4275,193,129,322,45,25,70,52,17,69,380,287,667,0,0,0,7,9,16,3056,2363,5419,2024-04-30T22:00:00Z
19,268,Mljet,215,141,356,25,10,35,3,0,3,1,2,3,28,34,62,0,0,0,0,0,0,272,187,459,2024-04-30T22:00:00Z
19,306,Opuzen,517,487,1004,36,25,61,64,25,89,4,1,5,39,68,107,0,0,0,1,1,2,661,607,1268,2024-04-30T22:00:00Z
19,308,Orebić,492,491,983,92,52,144,35,9,44,33,5,38,135,113,248,0,0,0,2,13,15,789,683,1472,2024-04-30T22:00:00Z
19,335,Ploče,1422,929,2351,101,64,165,35,13,48,24,5,29,116,135,251,0,0,0,2,7,9,1700,1153,2853,2024-04-30T22:00:00Z
19,343,Pojezerje,25,49,74,5,2,7,8,1,9,0,0,0,2,4,6,0,0,0,0,0,0,40,56,96,2024-04-30T22:00:00Z
19,399,Slivno,90,50,140,11,5,16,11,4,15,0,0,0,9,9,18,0,0,0,1,0,1,122,68,190,2024-04-30T22:00:00Z
19,402,Smokvica,31,92,123,15,2,17,19,5,24,4,0,4,33,12,45,0,0,0,2,1,3,104,112,216,2024-04-30T22:00:00Z
19,419,Ston,418,274,692,58,16,74,21,3,24,6,2,8,60,39,99,0,0,0,3,5,8,566,339,905,2024-04-30T22:00:00Z
19,474,Vela Luka,314,571,885,75,31,106,9,2,11,32,5,37,99,56,155,0,0,0,2,7,9,531,672,1203,2024-04-30T22:00:00Z
19,523,Zažablje,11,9,20,4,0,4,4,2,6,2,1,3,13,1,14,0,0,0,0,0,0,34,13,47,2024-04-30T22:00:00Z
19,598,Dubrovačko Primorje,187,175,362,26,10,36,2,4,6,9,2,11,48,29,77,0,0,0,0,1,1,272,221,493,2024-04-30T22:00:00Z
19,599,Janjina,56,59,115,11,6,17,9,5,14,2,2,4,16,14,30,0,0,0,2,1,3,96,87,183,2024-04-30T22:00:00Z
19,600,Lumbarda,68,68,136,41,13,54,12,2,14,9,0,9,42,38,80,1,0,1,4,4,8,177,125,302,2024-04-30T22:00:00Z
19,601,Trpanj,61,56,117,12,5,17,4,1,5,2,1,3,22,8,30,0,0,0,1,5,6,102,76,178,2024-04-30T22:00:00Z
19,602,Župa Dubrovačka,979,922,1901,164,74,238,5,6,11,64,2,66,111,108,219,0,0,0,4,4,8,1327,1116,2443,2024-04-30T22:00:00Z
19,98,Dubrovnik,12152,12431,24583,950,520,1470,27,17,44,549,78,627,928,816,1744,1,1,2,33,54,87,14640,13917,28557,2024-04-30T22:00:00Z
20,123,Goričan,280,165,445,8,4,12,8,2,10,0,2,2,10,8,18,0,0,0,0,0,0,306,181,487,2024-04-30T22:00:00Z
20,15,Belica,177,225,402,24,15,39,53,28,81,1,1,2,29,43,72,0,0,0,1,2,3,285,314,599,2024-04-30T22:00:00Z
20,206,Kotoriba,523,293,816,12,6,18,4,0,4,0,4,4,13,9,22,0,0,0,0,0,0,552,312,864,2024-04-30T22:00:00Z
20,250,Mala Subotica,628,1052,1680,27,20,47,29,15,44,3,5,8,17,26,43,0,0,0,0,2,2,704,1120,1824,2024-04-30T22:00:00Z
20,276,Mursko Središće,921,825,1746,54,24,78,12,7,19,2,6,8,48,51,99,0,0,0,2,2,4,1039,915,1954,2024-04-30T22:00:00Z
20,279,Nedelišće,1504,876,2380,102,47,149,37,20,57,3,8,11,129,84,213,0,0,0,0,3,3,1775,1038,2813,2024-04-30T22:00:00Z
20,342,Podturen,231,153,384,21,8,29,16,12,28,0,2,2,54,37,91,0,0,0,0,1,1,322,213,535,2024-04-30T22:00:00Z
20,355,Prelog,2350,1660,4010,70,34,104,48,22,70,7,9,16,67,70,137,0,0,0,5,5,10,2547,1800,4347,2024-04-30T22:00:00Z
20,385,Selnica,160,163,323,14,12,26,6,4,10,1,2,3,13,13,26,0,0,0,1,0,1,195,194,389,2024-04-30T22:00:00Z
20,440,Sveti Juraj Na Bregu,304,220,524,30,20,50,15,7,22,1,3,4,35,43,78,0,0,0,1,1,2,386,294,680,2024-04-30T22:00:00Z
20,441,Sveti Martin Na Muri,663,398,1061,23,14,37,7,5,12,0,3,3,33,37,70,0,0,0,2,0,2,728,457,1185,2024-04-30T22:00:00Z
20,452,Štrigova,320,210,530,24,17,41,31,19,50,2,1,3,57,73,130,0,0,0,0,1,1,434,321,755,2024-04-30T22:00:00Z
20,504,Vratišinec,127,95,222,7,3,10,10,1,11,1,2,3,10,9,19,0,0,0,1,1,2,156,111,267,2024-04-30T22:00:00Z
20,60,Čakovec,9949,9273,19222,277,168,445,54,29,83,39,62,101,228,337,565,0,0,0,7,15,22,10554,9884,20438,2024-04-30T22:00:00Z
20,603,Dekanovec,77,85,162,6,1,7,4,4,8,0,0,0,7,2,9,0,0,0,0,0,0,94,92,186,2024-04-30T22:00:00Z
20,604,Gornji Mihaljevec,115,82,197,16,5,21,24,8,32,2,1,3,19,16,35,0,0,0,0,2,2,176,114,290,2024-04-30T22:00:00Z
20,605,Orehovica,194,171,365,15,3,18,25,7,32,1,2,3,42,20,62,0,0,0,0,2,2,277,205,482,2024-04-30T22:00:00Z
20,606,Strahoninec,272,162,434,16,6,22,3,3,6,0,0,0,36,16,52,0,0,0,1,0,1,328,187,515,2024-04-30T22:00:00Z
20,607,Sveta Marija,86,80,166,11,2,13,5,0,5,2,1,3,21,6,27,0,0,0,0,1,1,125,90,215,2024-04-30T22:00:00Z
20,608,Šenkovec,537,278,815,21,11,32,3,1,4,0,1,1,26,21,47,0,0,0,0,0,0,587,312,899,2024-04-30T22:00:00Z
20,620,Pribislavec,311,156,467,12,8,20,1,1,2,2,1,3,7,12,19,0,0,0,0,0,0,333,178,511,2024-04-30T22:00:00Z
20,75,Domašinec,244,115,359,10,10,20,19,15,34,0,1,1,14,6,20,0,0,0,1,0,1,288,147,435,2024-04-30T22:00:00Z
20,78,Donja Dubrava,204,235,439,17,6,23,4,3,7,0,1,1,15,16,31,0,0,0,0,0,0,240,261,501,2024-04-30T22:00:00Z
20,82,Donji Kraljevec,1393,670,2063,46,17,63,53,20,73,3,4,7,97,119,216,0,0,0,1,4,5,1593,834,2427,2024-04-30T22:00:00Z
20,89,Donji Vidovec,59,78,137,6,1,7,2,0,2,1,1,2,4,14,18,0,0,0,0,0,0,72,94,166,2024-04-30T22:00:00Z
21,133,Zagreb,242164,218454,460618,9054,6735,15789,282,158,440,2186,2062,4248,5535,7008,12543,58,31,89,295,510,805,259574,234958,494532,2024-04-30T22:00:00Z
01,101,Dugo Selo,3347,2129,5476,267,144,411,35,21,56,24,25,49,261,254,515,0,0,0,5,16,21,3939,2589,6528,2024-05-31T22:00:00Z
01,114,Farkaševac,140,207,347,8,4,12,20,10,30,0,2,2,36,16,52,0,0,0,0,0,0,204,239,443,2024-05-31T22:00:00Z
01,135,Gradec,158,135,293,15,1,16,8,7,15,0,1,1,56,25,81,0,0,0,0,1,1,237,170,407,2024-05-31T22:00:00Z
01,158,Ivanić-Grad,3425,1819,5244,98,74,172,43,28,71,11,20,31,141,175,316,0,0,0,6,8,14,3724,2124,5848,2024-05-31T22:00:00Z
01,163,Jakovlje,405,408,813,37,7,44,10,8,18,3,0,3,41,31,72,0,0,0,0,0,0,496,454,950,2024-05-31T22:00:00Z
01,169,Jastrebarsko,2552,1807,4359,238,129,367,43,30,73,17,21,38,272,234,506,0,0,0,4,7,11,3126,2228,5354,2024-05-31T22:00:00Z
01,190,Klinča Selo,244,229,473,46,17,63,7,5,12,0,0,0,55,43,98,0,0,0,0,0,0,352,294,646,2024-05-31T22:00:00Z
01,193,Kloštar Ivanić,429,343,772,24,12,36,21,5,26,4,10,14,48,36,84,1,0,1,3,1,4,530,407,937,2024-05-31T22:00:00Z
01,213,Križ,822,521,1343,26,18,44,17,12,29,5,4,9,29,44,73,0,0,0,1,1,2,900,600,1500,2024-05-31T22:00:00Z
01,33,Brckovljani,490,434,924,7,4,11,0,0,0,2,1,3,30,17,47,0,0,0,0,0,0,529,456,985,2024-05-31T22:00:00Z
01,331,Pisarovina,409,296,705,27,24,51,16,20,36,0,2,2,28,28,56,0,0,0,0,5,5,480,375,855,2024-05-31T22:00:00Z
01,34,Brdovec,926,797,1723,93,50,143,17,7,24,2,5,7,89,63,152,0,0,0,4,3,7,1131,925,2056,2024-05-31T22:00:00Z
01,356,Preseka,31,11,42,5,2,7,12,9,21,0,1,1,16,7,23,0,0,0,1,0,1,65,30,95,2024-05-31T22:00:00Z
01,362,Pušča,167,196,363,25,13,38,7,2,9,2,3,5,40,28,68,0,0,0,0,0,0,241,242,483,2024-05-31T22:00:00Z
01,376,Rugvica,1594,624,2218,12,6,18,2,3,5,1,2,3,18,15,33,0,0,0,0,0,0,1627,650,2277,2024-05-31T22:00:00Z
01,380,Samobor,5793,4271,10064,561,346,907,27,15,42,48,66,114,468,453,921,3,4,7,26,36,62,6926,5191,12117,2024-05-31T22:00:00Z
01,429,Sveti Ivan Zelina,2721,2105,4826,182,82,264,58,44,102,13,16,29,250,203,453,0,0,0,7,4,11,3231,2454,5685,2024-05-31T22:00:00Z
01,436,Sveta Nedjelja,6527,3662,10189,244,112,356,6,4,10,12,11,23,346,189,535,0,0,0,6,5,11,7141,3983,11124,2024-05-31T22:00:00Z
01,508,Vrbovec,2190,2059,4249,184,88,272,100,33,133,6,17,23,303,169,472,0,0,0,9,13,22,2792,2379,5171,2024-05-31T22:00:00Z
01,533,Krašić,273,193,466,24,11,35,13,10,23,2,1,3,31,21,52,0,0,0,0,0,0,343,236,579,2024-05-31T22:00:00Z
01,536,Rakovec,40,29,69,9,2,11,6,4,10,0,1,1,23,13,36,0,0,0,0,0,0,78,49,127,2024-05-31T22:00:00Z
01,539,Marija Gorica,73,107,180,15,4,19,0,0,0,1,1,2,20,15,35,0,0,0,0,0,0,109,127,236,2024-05-31T22:00:00Z
01,540,Žumberak,19,24,43,6,2,8,4,2,6,0,0,0,5,5,10,0,0,0,0,0,0,34,33,67,2024-05-31T22:00:00Z
01,541,Velika Gorica,9375,6952,16327,711,446,1157,69,34,103,50,57,107,605,528,1133,2,0,2,14,25,39,10826,8042,18868,2024-05-31T22:00:00Z
01,542,Orle,49,40,89,19,1,20,8,2,10,0,0,0,19,2,21,0,0,0,0,1,1,95,46,141,2024-05-31T22:00:00Z
01,543,Zaprešić,3542,3056,6598,257,197,454,11,11,22,37,40,77,276,246,522,1,0,1,9,8,17,4133,3558,7691,2024-05-31T22:00:00Z
01,544,Pokupsko,45,90,135,14,4,18,15,4,19,0,0,0,7,2,9,0,0,0,1,0,1,82,100,182,2024-05-31T22:00:00Z
01,545,Kravarsko,113,97,210,50,12,62,4,4,8,0,2,2,90,14,104,0,0,0,0,1,1,257,130,387,2024-05-31T22:00:00Z
01,547,Bistra,445,564,1009,56,21,77,8,4,12,3,6,9,53,46,99,0,0,0,1,2,3,566,643,1209,2024-05-31T22:00:00Z
01,548,Luka,308,194,502,14,2,16,2,1,3,1,1,2,21,23,44,0,0,0,0,0,0,346,221,567,2024-05-31T22:00:00Z
01,549,Dubravica,73,41,114,16,0,16,12,3,15,0,0,0,13,14,27,0,0,0,0,0,0,114,58,172,2024-05-31T22:00:00Z
01,550,Bedenica,212,162,374,13,5,18,4,3,7,1,1,2,16,7,23,0,0,0,0,0,0,246,178,424,2024-05-31T22:00:00Z
01,551,Stupnik,1698,689,2387,30,19,49,1,1,2,1,2,3,21,29,50,0,0,0,0,0,0,1751,740,2491,2024-05-31T22:00:00Z
01,97,Dubrava,304,327,631,52,25,77,70,38,108,4,11,15,63,77,140,0,0,0,2,7,9,495,485,980,2024-05-31T22:00:00Z
02,108,Đurmanec,162,204,366,53,18,71,1,2,3,3,2,5,105,37,142,0,0,0,1,1,2,325,264,589,2024-05-31T22:00:00Z
02,11,Bedekovčina,571,769,1340,97,42,139,8,4,12,7,8,15,146,108,254,0,0,0,3,6,9,832,937,1769,2024-05-31T22:00:00Z
02,125,Gornja Stubica,264,296,560,63,16,79,7,8,15,2,0,2,82,52,134,0,0,0,0,0,0,418,372,790,2024-05-31T22:00:00Z
02,146,Hraščina,67,37,104,10,2,12,2,2,4,0,1,1,7,6,13,0,0,0,0,0,0,86,48,134,2024-05-31T22:00:00Z
02,152,Hum Na Sutli,1460,627,2087,51,29,80,4,1,5,1,6,7,243,66,309,0,0,0,1,0,1,1760,729,2489,2024-05-31T22:00:00Z
02,187,Klanjec,279,266,545,60,33,93,10,7,17,4,1,5,68,49,117,0,0,0,0,2,2,421,358,779,2024-05-31T22:00:00Z
02,200,Konjščina,440,423,863,33,23,56,1,2,3,2,2,4,37,33,70,0,0,0,0,2,2,513,485,998,2024-05-31T22:00:00Z
02,208,Kraljevec Na Sutli,83,49,132,14,4,18,3,1,4,0,0,0,21,5,26,0,0,0,0,1,1,121,60,181,2024-05-31T22:00:00Z
02,211,Krapina,3136,2469,5605,183,110,293,10,2,12,13,16,29,180,156,336,0,0,0,2,4,6,3524,2757,6281,2024-05-31T22:00:00Z
02,212,Krapinske Toplice,632,1262,1894,73,40,113,5,4,9,0,4,4,108,80,188,0,0,0,0,0,0,818,1390,2208,2024-05-31T22:00:00Z
02,236,Lobor,161,267,428,25,8,33,4,3,7,0,1,1,32,18,50,0,0,0,1,1,2,223,298,521,2024-05-31T22:00:00Z
02,248,Mače,106,79,185,29,8,37,3,4,7,1,0,1,78,40,118,0,0,0,0,0,0,217,131,348,2024-05-31T22:00:00Z
02,256,Marija Bistrica,369,395,764,73,45,118,11,5,16,1,6,7,79,79,158,0,0,0,2,3,5,535,533,1068,2024-05-31T22:00:00Z
02,265,Mihovljan,139,137,276,31,7,38,3,1,4,0,0,0,69,15,84,0,0,0,1,1,2,243,161,404,2024-05-31T22:00:00Z
02,311,Oroslavje,1061,811,1872,81,45,126,5,3,8,6,6,12,88,65,153,0,0,0,4,2,6,1245,932,2177,2024-05-31T22:00:00Z
02,329,Petrovsko,120,55,175,16,4,20,1,0,1,4,0,4,66,14,80,0,0,0,1,0,1,208,73,281,2024-05-31T22:00:00Z
02,352,Pregrada,784,959,1743,109,39,148,1,5,6,6,6,12,167,101,268,0,0,0,2,2,4,1069,1112,2181,2024-05-31T22:00:00Z
02,364,Radoboj,214,127,341,17,14,31,1,0,1,0,2,2,47,19,66,0,0,0,0,0,0,279,162,441,2024-05-31T22:00:00Z
02,41,Budinščina,188,144,332,20,6,26,5,1,6,2,1,3,26,10,36,0,0,0,4,2,6,245,164,409,2024-05-31T22:00:00Z
02,422,Stubičke Toplice,267,441,708,33,17,50,1,3,4,2,5,7,58,35,93,0,0,0,2,1,3,363,502,865,2024-05-31T22:00:00Z
02,430,Sveti Križ Začretje,740,683,1423,81,26,107,9,6,15,1,5,6,135,94,229,1,0,1,3,2,5,970,816,1786,2024-05-31T22:00:00Z
02,466,Tuhelj,162,225,387,22,11,33,4,0,4,1,2,3,61,48,109,0,0,0,0,0,0,250,286,536,2024-05-31T22:00:00Z
02,481,Veliko Trgovišće,659,467,1126,59,17,76,3,3,6,2,5,7,106,51,157,0,0,0,2,1,3,831,544,1375,2024-05-31T22:00:00Z
02,519,Zabok,2893,3111,6004,153,88,241,6,5,11,15,16,31,154,210,364,0,0,0,1,2,3,3222,3432,6654,2024-05-31T22:00:00Z
02,521,Zagorska Sela,11,51,62,6,1,7,3,2,5,0,0,0,15,5,20,0,0,0,0,0,0,35,59,94,2024-05-31T22:00:00Z
02,526,Zlatar,526,645,1171,115,63,178,27,11,38,5,7,12,131,78,209,0,0,0,4,3,7,808,807,1615,2024-05-31T22:00:00Z
02,527,Zlatar Bistrica,245,310,555,26,7,33,3,1,4,5,0,5,67,41,108,0,0,0,0,1,1,346,360,706,2024-05-31T22:00:00Z
02,552,Jesenje,82,86,168,9,1,10,0,0,0,0,0,0,43,8,51,0,0,0,0,0,0,134,95,229,2024-05-31T22:00:00Z
02,553,Kumrovec,76,89,165,17,6,23,2,0,2,4,1,5,19,16,35,0,0,0,0,0,0,118,112,230,2024-05-31T22:00:00Z
02,554,Novi Golubovec,146,60,206,2,2,4,1,0,1,0,0,0,4,1,5,0,0,0,0,0,0,153,63,216,2024-05-31T22:00:00Z
02,70,Desinić,135,270,405,29,11,40,10,3,13,3,2,5,54,31,85,0,0,0,0,1,1,231,318,549,2024-05-31T22:00:00Z
02,79,Donja Stubica,877,783,1660,103,52,155,7,3,10,5,3,8,78,58,136,0,1,1,1,2,3,1071,902,1973,2024-05-31T22:00:00Z
03,102,Dvor,338,154,492,22,5,27,62,18,80,0,2,2,22,9,31,0,0,0,0,2,2,444,190,634,2024-05-31T22:00:00Z
03,121,Glina,1217,690,1907,42,21,63,67,23,90,5,8,13,70,71,141,0,0,0,1,0,1,1402,813,2215,2024-05-31T22:00:00Z
03,149,Hrvatska Dubica,72,89,161,10,2,12,13,5,18,0,0,0,11,5,16,0,0,0,0,1,1,106,102,208,2024-05-31T22:00:00Z
03,150,Hrvatska Kostajnica,254,296,550,27,11,38,10,2,12,2,3,5,20,26,46,0,0,0,0,1,1,313,339,652,2024-05-31T22:00:00Z
03,168,Jasenovac,150,125,275,13,9,22,14,4,18,0,0,0,22,17,39,0,0,0,0,0,0,199,155,354,2024-05-31T22:00:00Z
03,220,Kutina,3357,2734,6091,189,118,307,41,19,60,31,23,54,238,279,517,1,0,1,15,12,27,3872,3185,7057,2024-05-31T22:00:00Z
03,228,Lekenik,427,300,727,53,14,67,10,9,19,1,2,3,88,29,117,0,0,0,1,0,1,580,354,934,2024-05-31T22:00:00Z
03,232,Lipovljani,252,252,504,32,7,39,10,2,12,2,2,4,44,51,95,0,0,0,0,3,3,340,317,657,2024-05-31T22:00:00Z
03,259,Martinska Ves,143,62,205,11,1,12,28,11,39,3,1,4,68,18,86,0,0,0,0,0,0,253,93,346,2024-05-31T22:00:00Z
03,293,Novska,1346,1142,2488,195,104,299,32,12,44,4,16,20,258,223,481,0,0,0,2,5,7,1837,1502,3339,2024-05-31T22:00:00Z
03,328,Petrinja,1948,1914,3862,297,106,403,71,26,97,12,26,38,392,300,692,0,0,0,6,4,10,2726,2376,5102,2024-05-31T22:00:00Z
03,347,Popovača,883,1156,2039,94,48,142,49,19,68,7,9,16,117,136,253,0,0,0,3,1,4,1153,1369,2522,2024-05-31T22:00:00Z
03,391,Sisak,7209,8162,15371,415,263,678,94,50,144,45,78,123,638,568,1206,2,0,2,13,12,25,8416,9133,17549,2024-05-31T22:00:00Z
03,426,Sunja,206,193,399,28,11,39,48,25,73,1,1,2,20,17,37,0,0,0,1,0,1,304,247,551,2024-05-31T22:00:00Z
03,457,Topusko,240,370,610,15,10,25,2,2,4,4,1,5,26,22,48,0,0,0,1,0,1,288,405,693,2024-05-31T22:00:00Z
03,477,Velika Ludina,150,165,315,13,8,21,13,3,16,0,0,0,19,24,43,0,0,0,0,0,0,195,200,395,2024-05-31T22:00:00Z
03,510,Gvozd,124,92,216,12,6,18,15,3,18,0,1,1,23,16,39,0,0,0,0,0,0,174,118,292,2024-05-31T22:00:00Z
03,555,Majur,112,50,162,1,2,3,3,1,4,0,0,0,3,0,3,0,0,0,0,0,0,119,53,172,2024-05-31T22:00:00Z
03,83,Donji Kukuruzari,38,74,112,5,0,5,6,4,10,0,0,0,2,1,3,0,0,0,2,0,2,53,79,132,2024-05-31T22:00:00Z
04,120,Generalski Stol,46,72,118,19,7,26,1,0,1,0,1,1,33,15,48,0,0,0,0,0,0,99,95,194,2024-05-31T22:00:00Z
04,172,Josipdol,194,209,403,29,17,46,1,7,8,2,1,3,54,48,102,0,0,0,0,0,0,280,282,562,2024-05-31T22:00:00Z
04,179,Karlovac,10942,9316,20258,429,339,768,72,55,127,67,77,144,623,781,1404,1,1,2,9,23,32,12143,10592,22735,2024-05-31T22:00:00Z
04,216,Krnjak,103,73,176,6,3,9,5,4,9,0,1,1,15,7,22,0,0,0,0,0,0,129,88,217,2024-05-31T22:00:00Z
04,225,Lasinja,34,50,84,4,2,6,0,5,5,2,0,2,6,9,15,0,0,0,0,0,0,46,66,112,2024-05-31T22:00:00Z
04,281,Netretić,143,113,256,18,3,21,3,1,4,1,1,2,43,34,77,0,0,0,0,0,0,208,152,360,2024-05-31T22:00:00Z
04,297,Ogulin,1835,1851,3686,168,96,264,38,21,59,9,28,37,167,179,346,0,0,0,4,11,15,2221,2186,4407,2024-05-31T22:00:00Z
04,30,Bosiljevo,101,85,186,6,0,6,1,0,1,1,1,2,33,37,70,0,0,0,0,0,0,142,123,265,2024-05-31T22:00:00Z
04,315,Ozalj,810,658,1468,89,35,124,23,10,33,3,8,11,133,91,224,0,1,1,2,5,7,1060,808,1868,2024-05-31T22:00:00Z
04,333,Plaški,108,121,229,12,2,14,7,0,7,0,1,1,42,25,67,0,0,0,0,0,0,169,149,318,2024-05-31T22:00:00Z
04,365,Rakovica,186,228,414,8,7,15,2,0,2,1,0,1,83,91,174,0,0,0,0,0,0,280,326,606,2024-05-31T22:00:00Z
04,378,Saborsko,13,21,34,1,0,1,1,0,1,0,0,0,2,3,5,0,0,0,0,0,0,17,24,41,2024-05-31T22:00:00Z
04,400,Slunj,368,428,796,62,20,82,39,22,61,3,5,8,130,115,245,0,0,0,3,6,9,605,596,1201,2024-05-31T22:00:00Z
04,49,Cetingrad,64,64,128,8,2,10,2,3,5,0,0,0,9,5,14,0,0,0,0,0,0,83,74,157,2024-05-31T22:00:00Z
04,503,Vojnić,342,294,636,23,11,34,41,13,54,1,0,1,33,35,68,0,0,0,2,0,2,442,353,795,2024-05-31T22:00:00Z
04,530,Žakanje,166,98,264,27,11,38,3,2,5,0,0,0,29,25,54,0,0,0,0,1,1,225,137,362,2024-05-31T22:00:00Z
04,556,Ribnik,11,7,18,8,3,11,2,1,3,0,0,0,6,8,14,0,0,0,0,0,0,27,19,46,2024-05-31T22:00:00Z
04,557,Tounj,69,46,115,6,1,7,1,0,1,0,0,0,5,9,14,0,0,0,0,0,0,81,56,137,2024-05-31T22:00:00Z
04,623,Kamanje,160,89,249,6,1,7,0,0,0,0,0,0,7,6,13,0,0,0,0,0,0,173,96,269,2024-05-31T22:00:00Z
04,7,Barilovići,399,229,628,22,11,33,5,0,5,0,1,1,106,30,136,0,0,0,0,0,0,532,271,803,2024-05-31T22:00:00Z
04,90,Draganić,184,234,418,14,4,18,7,2,9,0,1,1,11,14,25,0,0,0,0,0,0,216,255,471,2024-05-31T22:00:00Z
04,99,Duga Resa,1313,1108,2421,134,85,219,18,20,38,4,20,24,175,199,374,2,0,2,5,9,14,1651,1441,3092,2024-05-31T22:00:00Z
05,12,Bednja,250,191,441,19,5,24,2,3,5,2,1,3,25,12,37,0,0,0,0,1,1,298,213,511,2024-05-31T22:00:00Z
05,129,Gornji Kneginec,702,1020,1722,64,39,103,9,1,10,3,8,11,56,61,117,0,0,0,5,6,11,839,1135,1974,2024-05-31T22:00:00Z
05,151,Breznički Hum,187,142,329,13,6,19,3,4,7,0,2,2,15,15,30,0,0,0,1,1,2,219,170,389,2024-05-31T22:00:00Z
05,156,Ivanec,2430,1911,4341,184,71,255,16,17,33,8,16,24,317,243,560,0,0,0,9,13,22,2964,2271,5235,2024-05-31T22:00:00Z
05,165,Jalžabet,755,1068,1823,21,5,26,11,6,17,0,3,3,48,32,80,0,0,0,2,6,8,837,1120,1957,2024-05-31T22:00:00Z
05,189,Klenovnik,193,70,263,7,4,11,0,0,0,0,0,0,22,25,47,0,0,0,2,0,2,224,99,323,2024-05-31T22:00:00Z
05,19,Beretinec,81,49,130,22,2,24,3,2,5,0,2,2,14,21,35,0,0,0,3,1,4,123,77,200,2024-05-31T22:00:00Z
05,229,Lepoglava,1453,703,2156,64,37,101,4,2,6,1,5,6,103,55,158,0,0,0,3,3,6,1628,805,2433,2024-05-31T22:00:00Z
05,244,Ludbreg,2144,1687,3831,136,69,205,61,37,98,8,14,22,233,178,411,0,0,0,4,4,8,2586,1989,4575,2024-05-31T22:00:00Z
05,247,Ljubešćica,388,176,564,22,8,30,1,0,1,0,2,2,71,20,91,0,0,0,1,0,1,483,206,689,2024-05-31T22:00:00Z
05,251,Mali Bukovec,43,96,139,13,5,18,23,16,39,0,1,1,92,33,125,0,0,0,0,1,1,171,152,323,2024-05-31T22:00:00Z
05,260,Maruševec,398,314,712,64,31,95,21,22,43,5,2,7,121,46,167,0,0,0,3,3,6,612,418,1030,2024-05-31T22:00:00Z
05,289,Novi Marof,1343,1219,2562,173,80,253,12,9,21,10,15,25,349,194,543,0,0,0,3,10,13,1890,1527,3417,2024-05-31T22:00:00Z
05,326,Petrijanec,492,789,1281,24,10,34,13,7,20,1,3,4,92,76,168,0,0,0,1,4,5,623,889,1512,2024-05-31T22:00:00Z
05,36,Breznica,182,81,263,18,2,20,6,5,11,1,6,7,45,16,61,0,0,0,0,0,0,252,110,362,2024-05-31T22:00:00Z
05,410,Sračinec,262,290,552,37,18,55,1,1,2,1,6,7,94,69,163,0,0,0,0,1,1,395,385,780,2024-05-31T22:00:00Z
05,437,Sveti Đurđ,73,107,180,32,4,36,24,7,31,2,1,3,30,31,61,0,0,0,0,0,0,161,150,311,2024-05-31T22:00:00Z
05,438,Sveti Ilija,204,195,399,21,9,30,1,0,1,1,4,5,39,31,70,0,0,0,0,1,1,266,240,506,2024-05-31T22:00:00Z
05,462,Trnovec Bartolovečki,1438,1324,2762,81,23,104,15,6,21,3,2,5,274,89,363,1,0,1,2,4,6,1814,1448,3262,2024-05-31T22:00:00Z
05,472,Varaždin,17470,14789,32259,591,464,1055,47,28,75,73,105,178,507,657,1164,0,0,0,12,22,34,18700,16065,34765,2024-05-31T22:00:00Z
05,473,Varaždinske Toplice,652,686,1338,49,28,77,10,5,15,5,6,11,151,52,203,0,0,0,1,2,3,868,779,1647,2024-05-31T22:00:00Z
05,48,Cestica,418,388,806,62,27,89,15,14,29,1,5,6,115,77,192,0,0,0,1,3,4,612,514,1126,2024-05-31T22:00:00Z
05,484,Vidovec,316,285,601,48,16,64,52,26,78,2,4,6,112,89,201,0,0,0,0,1,1,530,421,951,2024-05-31T22:00:00Z
05,486,Vinica,356,223,579,15,8,23,5,2,7,1,5,6,28,23,51,0,0,0,0,1,1,405,262,667,2024-05-31T22:00:00Z
05,493,Visoko,121,57,178,17,1,18,5,5,10,0,0,0,28,25,53,0,0,0,3,0,3,174,88,262,2024-05-31T22:00:00Z
05,558,Veliki Bukovec,408,244,652,6,2,8,16,7,23,0,1,1,28,40,68,0,0,0,0,0,0,458,294,752,2024-05-31T22:00:00Z
05,80,Donja Voća,88,67,155,8,1,9,5,6,11,0,1,1,30,20,50,0,0,0,0,1,1,131,96,227,2024-05-31T22:00:00Z
05,85,Donji Martijanec,359,171,530,27,7,34,16,2,18,1,1,2,50,36,86,0,0,0,0,1,1,453,218,671,2024-05-31T22:00:00Z
06,104,Đelekovec,40,61,101,30,12,42,38,9,47,0,1,1,18,14,32,0,0,0,0,0,0,126,97,223,2024-05-31T22:00:00Z
06,107,Đurđevac,1462,1237,2699,86,50,136,68,35,103,13,12,25,74,77,151,0,0,0,11,6,17,1714,1417,3131,2024-05-31T22:00:00Z
06,115,Ferdinandovac,42,97,139,14,3,17,36,30,66,1,1,2,23,6,29,0,0,0,0,1,1,116,138,254,2024-05-31T22:00:00Z
06,122,Gola,180,188,368,12,5,17,79,39,118,0,2,2,12,24,36,0,0,0,0,0,0,283,258,541,2024-05-31T22:00:00Z
06,145,Hlebine,13,38,51,3,0,3,14,4,18,1,0,1,1,14,15,0,0,0,0,1,1,32,57,89,2024-05-31T22:00:00Z
06,194,Kloštar Podravski,183,174,357,19,16,35,33,29,62,0,1,1,32,56,88,0,0,0,1,1,2,268,277,545,2024-05-31T22:00:00Z
06,201,Koprivnica,7190,7701,14891,379,225,604,57,28,85,59,62,121,387,429,816,0,2,2,13,15,28,8085,8462,16547,2024-05-31T22:00:00Z
06,202,Koprivnički Bregi,70,98,168,19,5,24,24,8,32,0,0,0,36,9,45,0,0,0,0,0,0,149,120,269,2024-05-31T22:00:00Z
06,203,Koprivnički Ivanec,68,65,133,23,4,27,24,7,31,0,0,0,18,9,27,0,0,0,0,1,1,133,86,219,2024-05-31T22:00:00Z
06,214,Križevci,4158,3984,8142,202,113,315,193,161,354,14,29,43,265,221,486,0,0,0,6,14,20,4838,4522,9360,2024-05-31T22:00:00Z
06,227,Legrad,72,88,160,18,6,24,16,5,21,0,1,1,23,20,43,0,0,0,0,0,0,129,120,249,2024-05-31T22:00:00Z
06,270,Molve,231,119,350,6,9,15,49,28,77,0,1,1,30,16,46,0,0,0,3,2,5,319,175,494,2024-05-31T22:00:00Z
06,292,Novigrad Podravski,92,170,262,12,8,20,15,10,25,0,1,1,19,14,33,0,0,0,0,0,0,138,203,341,2024-05-31T22:00:00Z
06,324,Peteranec,76,57,133,24,3,27,20,11,31,1,1,2,26,13,39,0,0,0,0,1,1,147,86,233,2024-05-31T22:00:00Z
06,366,Rasinja,51,88,139,25,3,28,54,20,74,2,0,2,17,22,39,0,0,0,1,0,1,150,133,283,2024-05-31T22:00:00Z
06,405,Sokolovac,186,87,273,18,4,22,43,11,54,7,3,10,14,9,23,0,0,0,1,0,1,269,114,383,2024-05-31T22:00:00Z
06,439,Sveti Ivan Žabno,302,222,524,42,16,58,91,55,146,1,2,3,48,67,115,0,0,0,1,2,3,485,364,849,2024-05-31T22:00:00Z
06,442,Sveti Petar Orehovec,144,134,278,32,7,39,124,105,229,0,2,2,46,34,80,0,0,0,2,0,2,348,282,630,2024-05-31T22:00:00Z
06,490,Virje,368,238,606,29,15,44,34,15,49,4,1,5,32,35,67,0,0,0,2,0,2,469,304,773,2024-05-31T22:00:00Z
06,559,Kalinovac,423,107,530,8,1,9,7,2,9,0,0,0,12,14,26,0,0,0,1,0,1,451,124,575,2024-05-31T22:00:00Z
06,560,Kalnik,42,51,93,2,3,5,14,18,32,0,1,1,8,3,11,0,0,0,0,0,0,66,76,142,2024-05-31T22:00:00Z
06,561,Novo Virje,47,37,84,2,0,2,36,29,65,0,0,0,21,9,30,0,0,0,0,0,0,106,75,181,2024-05-31T22:00:00Z
06,616,Podravske Sesvete,121,124,245,5,7,12,24,13,37,1,0,1,12,8,20,0,0,0,0,0,0,163,152,315,2024-05-31T22:00:00Z
06,618,Gornja Reka,115,116,231,7,3,10,6,3,9,0,0,0,7,5,12,0,0,0,0,0,0,135,127,262,2024-05-31T22:00:00Z
06,96,Drnje,125,116,241,13,4,17,14,9,23,0,1,1,12,9,21,0,0,0,0,0,0,164,139,303,2024-05-31T22:00:00Z
07,105,Đulovac,306,74,380,10,7,17,29,17,46,2,0,2,131,39,170,0,0,0,1,0,1,479,137,616,2024-05-31T22:00:00Z
07,119,Garešnica,1190,1096,2286,65,35,100,54,34,88,16,19,35,115,137,252,1,0,1,6,7,13,1447,1328,2775,2024-05-31T22:00:00Z
07,139,Grubišno Polje,663,606,1269,36,27,63,97,37,134,3,7,10,59,60,119,0,0,0,1,1,2,859,738,1597,2024-05-31T22:00:00Z
07,144,Hercegovac,139,166,305,20,4,24,44,12,56,1,2,3,40,30,70,0,0,0,0,1,1,244,215,459,2024-05-31T22:00:00Z
07,161,Ivanska,206,130,336,4,2,6,47,12,59,3,3,6,34,22,56,0,0,0,3,2,5,297,171,468,2024-05-31T22:00:00Z
07,176,Kapela,127,100,227,8,2,10,40,23,63,0,0,0,21,18,39,0,0,0,0,0,0,196,143,339,2024-05-31T22:00:00Z
07,18,Berek,39,43,82,8,2,10,24,11,35,0,0,0,12,8,20,0,0,0,0,0,0,83,64,147,2024-05-31T22:00:00Z
07,199,Končanica,148,100,248,9,3,12,28,17,45,0,0,0,11,10,21,0,0,0,1,0,1,197,130,327,2024-05-31T22:00:00Z
07,24,Bjelovar,7413,7028,14441,331,209,540,180,87,267,54,64,118,422,519,941,2,0,2,18,18,36,8420,7925,16345,2024-05-31T22:00:00Z
07,287,Nova Rača,106,131,237,12,2,14,68,29,97,1,1,2,27,12,39,0,0,0,0,1,1,214,176,390,2024-05-31T22:00:00Z
07,375,Rovišće,234,232,466,30,12,42,44,29,73,1,4,5,29,41,70,0,0,0,0,1,1,338,319,657,2024-05-31T22:00:00Z
07,390,Sirač,367,203,570,12,5,17,11,5,16,1,1,2,16,10,26,0,0,0,0,1,1,407,225,632,2024-05-31T22:00:00Z
07,450,Štefanje,60,56,116,9,5,14,33,14,47,1,2,3,33,24,57,0,0,0,0,0,0,136,101,237,2024-05-31T22:00:00Z
07,478,Velika Pisanica,73,89,162,5,3,8,27,14,41,1,0,1,9,7,16,0,0,0,0,1,1,115,114,229,2024-05-31T22:00:00Z
07,480,Veliki Grđevac,158,160,318,12,5,17,76,24,100,1,1,2,64,30,94,0,0,0,1,0,1,312,220,532,2024-05-31T22:00:00Z
07,483,Veliko Trojstvo,91,122,213,13,4,17,7,15,22,0,1,1,40,18,58,0,0,0,0,0,0,151,160,311,2024-05-31T22:00:00Z
07,562,Severin,52,33,85,1,2,3,16,13,29,0,0,0,18,51,69,0,0,0,0,0,0,87,99,186,2024-05-31T22:00:00Z
07,564,Šandrovac,33,57,90,4,0,4,13,7,20,1,0,1,17,6,23,0,0,0,0,0,0,68,70,138,2024-05-31T22:00:00Z
07,565,Velika Trnovitica,62,75,137,8,2,10,30,18,48,1,0,1,18,8,26,0,0,0,0,1,1,119,104,223,2024-05-31T22:00:00Z
07,566,Zrinski Topolovac,19,23,42,3,1,4,25,13,38,0,0,0,5,3,8,0,0,0,0,1,1,52,41,93,2024-05-31T22:00:00Z
07,63,Čazma,1221,839,2060,58,24,82,50,34,84,6,9,15,133,69,202,0,0,0,3,3,6,1471,978,2449,2024-05-31T22:00:00Z
07,67,Daruvar,1590,1908,3498,81,63,144,42,16,58,16,15,31,144,152,296,0,0,0,2,7,9,1875,2161,4036,2024-05-31T22:00:00Z
07,71,Dežanovac,139,98,237,9,2,11,61,28,89,0,0,0,32,16,48,0,0,0,0,2,2,241,146,387,2024-05-31T22:00:00Z
08,117,Fužine,296,204,500,20,12,32,0,1,1,4,1,5,26,22,48,0,0,0,1,0,1,347,240,587,2024-05-31T22:00:00Z
08,170,Jelenje,274,269,543,103,52,155,6,0,6,32,7,39,52,43,95,0,0,0,3,2,5,470,373,843,2024-05-31T22:00:00Z
08,180,Kastav,1335,908,2243,144,89,233,4,2,6,65,10,75,104,85,189,1,1,2,8,4,12,1661,1099,2760,2024-05-31T22:00:00Z
08,186,Klana,294,164,458,26,13,39,1,1,2,4,2,6,16,9,25,0,0,0,0,0,0,341,189,530,2024-05-31T22:00:00Z
08,209,Kraljevica,418,339,757,43,26,69,2,2,4,40,4,44,29,45,74,1,0,1,1,8,9,534,424,958,2024-05-31T22:00:00Z
08,215,Krk,2206,1665,3871,311,147,458,12,9,21,31,18,49,420,310,730,0,0,0,7,8,15,2987,2157,5144,2024-05-31T22:00:00Z
08,237,Lokve,110,99,209,11,7,18,0,1,1,0,2,2,9,13,22,0,0,0,0,0,0,130,122,252,2024-05-31T22:00:00Z
08,242,Lovran,521,670,1191,122,47,169,1,2,3,19,8,27,58,72,130,0,0,0,2,5,7,723,804,1527,2024-05-31T22:00:00Z
08,252,Mali Lošinj,1948,1942,3890,245,102,347,21,7,28,30,17,47,301,257,558,0,0,0,7,6,13,2552,2331,4883,2024-05-31T22:00:00Z
08,253,Malinska-Dubašnica,672,1061,1733,162,89,251,7,8,15,13,5,18,237,242,479,0,0,0,7,7,14,1098,1412,2510,2024-05-31T22:00:00Z
08,261,Matulji,1607,1159,2766,257,155,412,10,7,17,55,19,74,178,176,354,0,0,0,6,5,11,2113,1521,3634,2024-05-31T22:00:00Z
08,273,Mošćenička Draga,144,89,233,59,21,80,0,2,2,7,3,10,47,49,96,0,0,0,1,3,4,258,167,425,2024-05-31T22:00:00Z
08,275,Mrkopalj,71,54,125,9,5,14,1,0,1,0,0,0,8,10,18,0,0,0,0,0,0,89,69,158,2024-05-31T22:00:00Z
08,290,Novi Vinodolski,755,572,1327,143,63,206,6,5,11,13,5,18,166,127,293,0,0,0,1,5,6,1084,777,1861,2024-05-31T22:00:00Z
08,301,Omišalj,750,591,1341,95,37,132,1,0,1,12,2,14,129,59,188,0,0,0,0,1,1,987,690,1677,2024-05-31T22:00:00Z
08,302,Opatija,2511,3078,5589,259,157,416,4,3,7,65,26,91,123,157,280,0,0,0,12,12,24,2974,3433,6407,2024-05-31T22:00:00Z
08,360,Punat,377,260,637,80,33,113,4,0,4,8,1,9,125,96,221,0,0,0,1,2,3,595,392,987,2024-05-31T22:00:00Z
08,363,Rab,1211,1422,2633,381,131,512,8,5,13,15,13,28,483,375,858,0,0,0,5,15,20,2103,1961,4064,2024-05-31T22:00:00Z
08,369,Ravna Gora,282,283,565,32,15,47,3,0,3,4,1,5,38,17,55,0,0,0,2,1,3,361,317,678,2024-05-31T22:00:00Z
08,373,Rijeka,28906,29077,57983,1541,1258,2799,24,14,38,1121,334,1455,864,1251,2115,8,6,14,76,102,178,32540,32042,64582,2024-05-31T22:00:00Z
08,38,Brod Moravice,43,41,84,28,6,34,1,0,1,0,1,1,9,3,12,0,0,0,1,2,3,82,53,135,2024-05-31T22:00:00Z
08,393,Skrad,47,57,104,4,5,9,0,1,1,2,1,3,2,3,5,0,0,0,0,0,0,55,67,122,2024-05-31T22:00:00Z
08,4,Bakar,2319,1209,3528,76,42,118,3,0,3,77,10,87,76,70,146,0,0,0,2,9,11,2553,1340,3893,2024-05-31T22:00:00Z
08,488,Vinodolska Općina,217,181,398,64,24,88,2,0,2,10,1,11,33,22,55,0,0,0,0,2,2,326,230,556,2024-05-31T22:00:00Z
08,495,Viškovo,1911,1241,3152,248,132,380,5,3,8,66,18,84,160,137,297,0,0,0,9,12,21,2399,1543,3942,2024-05-31T22:00:00Z
08,507,Vrbnik,180,144,324,37,18,55,8,2,10,1,0,1,53,39,92,0,0,0,0,1,1,279,204,483,2024-05-31T22:00:00Z
08,509,Vrbovsko,371,339,710,64,20,84,2,7,9,0,4,4,73,38,111,1,0,1,0,1,1,511,409,920,2024-05-31T22:00:00Z
08,52,Cres,678,587,1265,97,44,141,8,8,16,15,3,18,133,139,272,0,0,0,3,2,5,934,783,1717,2024-05-31T22:00:00Z
08,53,Crikvenica,1680,2104,3784,292,171,463,6,2,8,40,26,66,404,356,760,0,0,0,4,7,11,2426,2666,5092,2024-05-31T22:00:00Z
08,538,Kostrena,663,335,998,47,32,79,1,1,2,88,7,95,20,52,72,0,0,0,0,6,6,819,433,1252,2024-05-31T22:00:00Z
08,55,Čabar,353,301,654,55,17,72,8,2,10,3,0,3,135,46,181,0,0,0,0,1,1,554,367,921,2024-05-31T22:00:00Z
08,61,Čavle,683,548,1231,103,63,166,0,1,1,40,8,48,116,83,199,0,0,0,2,1,3,944,704,1648,2024-05-31T22:00:00Z
08,624,Lopar,102,51,153,49,17,66,0,0,0,1,0,1,100,133,233,0,0,0,0,2,2,252,203,455,2024-05-31T22:00:00Z
08,69,Delnice,1095,763,1858,79,56,135,5,2,7,9,12,21,90,85,175,0,0,0,1,5,6,1279,923,2202,2024-05-31T22:00:00Z
08,74,Dobrinj,175,147,322,65,32,97,2,2,4,3,0,3,119,80,199,0,0,0,1,2,3,365,263,628,2024-05-31T22:00:00Z
08,8,Baška,431,354,785,97,51,148,6,1,7,1,6,7,169,171,340,0,0,0,5,6,11,709,589,1298,2024-05-31T22:00:00Z
09,130,Gospić,2291,2412,4703,112,73,185,93,52,145,12,10,22,151,181,332,0,0,0,7,6,13,2666,2734,5400,2024-05-31T22:00:00Z
09,178,Karlobag,120,112,232,19,5,24,4,2,6,1,0,1,13,5,18,0,0,0,0,0,0,157,124,281,2024-05-31T22:00:00Z
09,240,Lovinac,206,94,300,0,0,0,1,1,2,0,0,0,3,3,6,0,0,0,0,0,0,210,98,308,2024-05-31T22:00:00Z
09,288,Novalja,1684,1192,2876,171,64,235,20,13,33,4,7,11,350,250,600,0,0,0,2,6,8,2231,1532,3763,2024-05-31T22:00:00Z
09,313,Otočac,841,943,1784,91,41,132,62,34,96,10,6,16,102,123,225,0,0,0,2,4,6,1108,1151,2259,2024-05-31T22:00:00Z
09,323,Perušić,372,263,635,29,11,40,32,19,51,0,1,1,26,26,52,0,0,0,0,0,0,459,320,779,2024-05-31T22:00:00Z
09,37,Brinje,411,260,671,21,8,29,8,5,13,0,0,0,16,16,32,0,0,0,1,3,4,457,292,749,2024-05-31T22:00:00Z
09,387,Senj,812,708,1520,117,58,175,6,5,11,22,10,32,166,180,346,0,0,0,5,1,6,1128,962,2090,2024-05-31T22:00:00Z
09,455,Plitvička Jezera,952,981,1933,50,30,80,58,16,74,8,7,15,280,209,489,0,0,0,1,2,3,1349,1245,2594,2024-05-31T22:00:00Z
09,467,Udbina,127,96,223,10,4,14,40,16,56,0,0,0,13,17,30,0,0,0,1,1,2,191,134,325,2024-05-31T22:00:00Z
09,512,Vrhovine,110,39,149,5,2,7,10,1,11,0,0,0,5,2,7,0,0,0,0,0,0,130,44,174,2024-05-31T22:00:00Z
09,84,Donji Lapac,128,101,229,8,3,11,28,6,34,0,0,0,10,6,16,0,0,0,0,0,0,174,116,290,2024-05-31T22:00:00Z
10,136,Gradina,86,125,211,17,12,29,110,42,152,2,0,2,51,30,81,0,0,0,0,0,0,266,209,475,2024-05-31T22:00:00Z
10,245,Lukač,210,150,360,12,6,18,48,15,63,1,0,1,47,33,80,0,0,0,1,1,2,319,205,524,2024-05-31T22:00:00Z
10,266,Mikleuš,80,46,126,10,1,11,14,4,18,0,0,0,12,11,23,0,0,0,0,0,0,116,62,178,2024-05-31T22:00:00Z
10,283,Nova Bukovica,41,29,70,10,7,17,35,10,45,1,0,1,22,21,43,0,0,0,0,0,0,109,67,176,2024-05-31T22:00:00Z
10,307,Orahovica,828,626,1454,77,40,117,9,4,13,13,9,22,100,121,221,0,0,0,1,2,3,1028,802,1830,2024-05-31T22:00:00Z
10,332,Pitomača,776,732,1508,96,61,157,150,83,233,3,7,10,217,190,407,0,0,0,2,4,6,1244,1077,2321,2024-05-31T22:00:00Z
10,395,Slatina,1568,1545,3113,159,79,238,130,40,170,11,19,30,196,254,450,0,0,0,5,4,9,2069,1941,4010,2024-05-31T22:00:00Z
10,407,Sopje,151,58,209,5,5,10,79,20,99,0,0,0,22,29,51,0,0,0,0,0,0,257,112,369,2024-05-31T22:00:00Z
10,424,Suhopolje,263,304,567,30,24,54,98,34,132,1,1,2,61,53,114,1,0,1,2,1,3,456,417,873,2024-05-31T22:00:00Z
10,449,Špišić Bukovica,166,172,338,28,12,40,136,50,186,2,2,4,55,64,119,0,0,0,0,0,0,387,300,687,2024-05-31T22:00:00Z
10,491,Virovitica,3945,4160,8105,193,119,312,91,29,120,31,22,53,371,366,737,1,0,1,10,4,14,4642,4700,9342,2024-05-31T22:00:00Z
10,499,Voćin,161,120,281,12,5,17,30,20,50,0,0,0,16,8,24,0,0,0,0,0,0,219,153,372,2024-05-31T22:00:00Z
10,524,Zdenci,233,130,363,11,3,14,16,7,23,0,1,1,14,11,25,0,0,0,0,1,1,274,153,427,2024-05-31T22:00:00Z
10,54,Crnac,26,40,66,16,4,20,21,8,29,0,0,0,16,10,26,0,0,0,0,0,0,79,62,141,2024-05-31T22:00:00Z
10,56,Čačinci,158,107,265,25,16,41,21,12,33,0,2,2,31,34,65,0,0,0,0,1,1,235,172,407,2024-05-31T22:00:00Z
10,57,Čađavica,115,96,211,14,10,24,62,19,81,0,0,0,44,22,66,0,0,0,0,0,0,235,147,382,2024-05-31T22:00:00Z
11,164,Jakšić,174,119,293,39,12,51,25,5,30,0,2,2,45,20,65,0,0,0,0,0,0,283,158,441,2024-05-31T22:00:00Z
11,177,Kaptol,102,107,209,15,2,17,22,3,25,0,1,1,45,13,58,0,0,0,0,1,1,184,127,311,2024-05-31T22:00:00Z
11,221,Kutjevo,555,467,1022,62,26,88,63,24,87,1,1,2,80,71,151,0,0,0,1,4,5,762,593,1355,2024-05-31T22:00:00Z
11,231,Lipik,765,661,1426,43,21,64,28,19,47,2,5,7,57,63,120,0,0,0,2,0,2,897,769,1666,2024-05-31T22:00:00Z
11,318,Pakrac,709,1101,1810,87,37,124,51,15,66,14,8,22,182,100,282,0,0,0,0,4,4,1043,1265,2308,2024-05-31T22:00:00Z
11,334,Pleternica,559,534,1093,89,38,127,49,12,61,3,7,10,189,118,307,0,0,0,2,9,11,891,718,1609,2024-05-31T22:00:00Z
11,35,Brestovac,102,132,234,22,2,24,13,3,16,1,1,2,28,9,37,0,0,0,0,0,0,166,147,313,2024-05-31T22:00:00Z
11,351,Požega,5076,4543,9619,333,184,517,110,42,152,41,51,92,379,395,774,0,1,1,5,21,26,5944,5237,11181,2024-05-31T22:00:00Z
11,475,Velika,448,339,787,28,21,49,20,3,23,2,2,4,47,41,88,0,0,0,0,0,0,545,406,951,2024-05-31T22:00:00Z
11,58,Čaglin,107,182,289,10,1,11,16,2,18,0,1,1,13,15,28,0,0,0,0,0,0,146,201,347,2024-05-31T22:00:00Z
12,10,Bebrina,57,77,134,19,8,27,15,5,20,2,0,2,15,13,28,0,0,0,1,0,1,109,103,212,2024-05-31T22:00:00Z
12,118,Garčin,181,219,400,34,11,45,37,18,55,0,0,0,24,33,57,0,0,0,1,0,1,277,281,558,2024-05-31T22:00:00Z
12,127,Gornji Bogićevci,64,66,130,11,2,13,9,2,11,0,0,0,23,30,53,0,0,0,0,0,0,107,100,207,2024-05-31T22:00:00Z
12,140,Gundinci,89,68,157,18,6,24,52,24,76,0,0,0,22,9,31,0,0,0,0,0,0,181,107,288,2024-05-31T22:00:00Z
12,185,Klakar,117,87,204,14,9,23,18,5,23,0,1,1,12,26,38,0,0,0,0,1,1,161,129,290,2024-05-31T22:00:00Z
12,284,Nova Gradiška,2412,2319,4731,170,101,271,24,19,43,20,18,38,296,339,635,0,0,0,1,6,7,2923,2802,5725,2024-05-31T22:00:00Z
12,285,Nova Kapela,163,200,363,32,16,48,16,6,22,2,2,4,54,51,105,0,0,0,1,0,1,268,275,543,2024-05-31T22:00:00Z
12,299,Okučani,246,198,444,38,7,45,10,3,13,0,0,0,50,26,76,0,0,0,1,3,4,345,237,582,2024-05-31T22:00:00Z
12,303,Oprisavci,358,195,553,13,3,16,34,11,45,1,0,1,7,21,28,0,0,0,0,0,0,413,230,643,2024-05-31T22:00:00Z
12,309,Oriovac,314,350,664,48,26,74,23,16,39,2,3,5,57,56,113,0,0,0,2,3,5,446,454,900,2024-05-31T22:00:00Z
12,338,Podcrkavlje,57,49,106,19,3,22,6,2,8,0,1,1,14,7,21,0,0,0,0,2,2,96,64,160,2024-05-31T22:00:00Z
12,372,Rešetari,219,251,470,47,12,59,18,8,26,3,1,4,80,49,129,0,0,0,1,1,2,368,322,690,2024-05-31T22:00:00Z
12,388,Sibinj,193,211,404,76,22,98,20,2,22,0,0,0,72,40,112,0,0,0,2,5,7,363,280,643,2024-05-31T22:00:00Z
12,39,Brodski Stupnik,82,82,164,18,9,27,9,4,13,2,0,2,77,47,124,0,0,0,1,0,1,189,142,331,2024-05-31T22:00:00Z
12,396,Slavonski Brod,14600,10042,24642,704,396,1100,49,26,75,70,77,147,988,979,1967,0,0,0,15,26,41,16426,11546,27972,2024-05-31T22:00:00Z
12,397,Slavonski Šamac,91,79,170,13,3,16,15,9,24,0,1,1,24,8,32,0,0,0,0,0,0,143,100,243,2024-05-31T22:00:00Z
12,412,Stara Gradiška,176,112,288,6,5,11,5,3,8,0,0,0,19,7,26,0,0,0,0,0,0,206,127,333,2024-05-31T22:00:00Z
12,418,Staro Petrovo Selo,234,165,399,41,14,55,41,18,59,1,1,2,102,56,158,0,0,0,0,2,2,419,256,675,2024-05-31T22:00:00Z
12,46,Cernik,130,232,362,42,13,55,10,5,15,3,1,4,66,27,93,0,0,0,0,1,1,251,279,530,2024-05-31T22:00:00Z
12,476,Velika Kopanica,218,150,368,32,10,42,31,17,48,1,1,2,50,25,75,0,0,0,0,1,1,332,204,536,2024-05-31T22:00:00Z
12,506,Vrbje,37,59,96,10,3,13,20,2,22,0,0,0,23,20,43,0,0,0,0,1,1,90,85,175,2024-05-31T22:00:00Z
12,514,Vrpolje,213,129,342,27,5,32,43,15,58,0,2,2,23,22,45,0,0,0,0,1,1,306,174,480,2024-05-31T22:00:00Z
12,567,Bukovlje,167,94,261,20,11,31,2,0,2,1,0,1,17,19,36,0,0,0,1,3,4,208,127,335,2024-05-31T22:00:00Z
12,568,Dragalić,42,65,107,9,1,10,6,2,8,0,0,0,6,7,13,0,0,0,0,0,0,63,75,138,2024-05-31T22:00:00Z
12,569,Gornja Vrba,414,186,600,19,9,28,2,2,4,0,1,1,20,26,46,0,0,0,0,1,1,455,225,680,2024-05-31T22:00:00Z
12,570,Sikirevci,48,71,119,21,7,28,35,14,49,0,0,0,14,9,23,0,0,0,1,1,2,119,102,221,2024-05-31T22:00:00Z
12,68,Davor,132,119,251,15,7,22,14,4,18,2,0,2,14,27,41,0,0,0,0,0,0,177,157,334,2024-05-31T22:00:00Z
12,81,Donji Andrijevci,197,155,352,28,16,44,22,4,26,0,1,1,24,18,42,0,0,0,2,0,2,273,194,467,2024-05-31T22:00:00Z
13,131,Gračac,282,291,573,24,15,39,71,34,105,2,1,3,59,44,103,0,0,0,3,2,5,441,387,828,2024-05-31T22:00:00Z
13,167,Jasenice,174,100,274,23,4,27,9,5,14,1,0,1,22,12,34,0,0,0,0,1,1,229,122,351,2024-05-31T22:00:00Z
13,17,Benkovac,1310,1117,2427,132,56,188,107,62,169,12,7,19,259,141,400,0,0,0,9,4,13,1829,1387,3216,2024-05-31T22:00:00Z
13,173,Kali,314,148,462,27,17,44,2,1,3,17,0,17,44,35,79,0,0,0,1,1,2,405,202,607,2024-05-31T22:00:00Z
13,20,Bibinje,272,213,485,75,39,114,3,1,4,3,5,8,118,77,195,0,0,0,2,1,3,473,336,809,2024-05-31T22:00:00Z
13,22,Biograd Na Moru,1346,1735,3081,211,109,320,26,17,43,18,11,29,305,388,693,0,0,0,2,4,6,1908,2264,4172,2024-05-31T22:00:00Z
13,234,Lišane Ostrovičke,32,31,63,9,2,11,2,1,3,0,0,0,8,9,17,0,0,0,0,0,0,51,43,94,2024-05-31T22:00:00Z
13,282,Nin,763,696,1459,77,23,100,8,6,14,5,1,6,109,103,212,0,0,0,1,0,1,963,829,1792,2024-05-31T22:00:00Z
13,296,Obrovac,447,280,727,52,20,72,49,7,56,4,1,5,31,57,88,0,0,0,3,4,7,586,369,955,2024-05-31T22:00:00Z
13,316,Pag,718,649,1367,100,51,151,30,12,42,8,6,14,189,148,337,0,0,0,4,3,7,1049,869,1918,2024-05-31T22:00:00Z
13,317,Pakoštane,537,440,977,106,41,147,12,18,30,8,4,12,201,134,335,0,0,0,3,2,5,867,639,1506,2024-05-31T22:00:00Z
13,320,Pašman,129,127,256,56,23,79,4,3,7,18,0,18,81,46,127,0,0,0,1,2,3,289,201,490,2024-05-31T22:00:00Z
13,344,Polača,107,66,173,20,9,29,7,2,9,3,0,3,26,18,44,0,0,0,1,1,2,164,96,260,2024-05-31T22:00:00Z
13,345,Poličnik,568,431,999,71,17,88,9,9,18,7,3,10,62,32,94,0,0,0,2,3,5,719,495,1214,2024-05-31T22:00:00Z
13,349,Posedarje,163,200,363,50,24,74,8,10,18,11,2,13,60,54,114,0,0,0,0,3,3,292,293,585,2024-05-31T22:00:00Z
13,354,Preko,390,514,904,71,29,100,8,3,11,23,4,27,70,42,112,0,0,0,1,2,3,563,594,1157,2024-05-31T22:00:00Z
13,371,Ražanac,126,141,267,31,15,46,8,6,14,9,0,9,56,41,97,0,0,0,3,0,3,233,203,436,2024-05-31T22:00:00Z
13,379,Sali,258,236,494,58,24,82,6,2,8,5,2,7,83,69,152,0,0,0,0,1,1,410,334,744,2024-05-31T22:00:00Z
13,411,Stankovci,239,177,416,51,6,57,3,3,6,0,1,1,46,18,64,0,0,0,0,0,0,339,205,544,2024-05-31T22:00:00Z
13,416,Starigrad,238,236,474,61,38,99,10,3,13,2,0,2,97,117,214,0,0,0,0,3,3,408,397,805,2024-05-31T22:00:00Z
13,425,Sukošan,521,386,907,87,30,117,13,5,18,3,1,4,76,78,154,0,0,0,1,4,5,701,504,1205,2024-05-31T22:00:00Z
13,428,Sveti Filip I Jakov,306,421,727,62,39,101,7,3,10,14,4,18,85,68,153,0,0,0,1,4,5,475,539,1014,2024-05-31T22:00:00Z
13,445,Škabrnje,89,70,159,38,6,44,4,3,7,2,0,2,19,10,29,0,0,0,1,1,2,153,90,243,2024-05-31T22:00:00Z
13,489,Vir,415,388,803,78,37,115,2,1,3,3,1,4,127,94,221,0,0,0,3,3,6,628,524,1152,2024-05-31T22:00:00Z
13,520,Zadar,16604,17605,34209,1352,831,2183,45,32,77,673,212,885,1597,1639,3236,3,0,3,71,63,134,20345,20382,40727,2024-05-31T22:00:00Z
13,525,Zemunik Donji,240,309,549,28,7,35,5,4,9,1,0,1,30,15,45,0,0,0,0,0,0,304,335,639,2024-05-31T22:00:00Z
13,537,Novigrad,98,110,208,31,7,38,5,4,9,4,1,5,30,13,43,0,0,0,0,1,1,168,136,304,2024-05-31T22:00:00Z
13,571,Galovac,46,75,121,18,3,21,2,5,7,3,2,5,12,8,20,0,0,0,0,0,0,81,93,174,2024-05-31T22:00:00Z
13,572,Kukljica,63,53,116,27,3,30,1,0,1,4,1,5,49,26,75,0,0,0,1,0,1,145,83,228,2024-05-31T22:00:00Z
13,573,Povljana,109,115,224,19,8,27,5,0,5,4,0,4,22,17,39,0,0,0,1,0,1,160,140,300,2024-05-31T22:00:00Z
13,574,Privlaka,202,193,395,38,18,56,1,2,3,6,2,8,37,25,62,0,0,0,3,1,4,287,241,528,2024-05-31T22:00:00Z
13,575,Tkon,110,76,186,29,14,43,2,1,3,3,0,3,72,37,109,0,0,0,0,0,0,216,128,344,2024-05-31T22:00:00Z
13,622,Kolan,247,153,400,25,8,33,5,2,7,0,0,0,49,38,87,0,0,0,0,0,0,326,201,527,2024-05-31T22:00:00Z
13,625,Vrsi,147,73,220,19,18,37,5,3,8,18,1,19,34,43,77,0,0,0,2,1,3,225,139,364,2024-05-31T22:00:00Z
14,103,Đakovo,3022,2974,5996,510,240,750,228,86,314,26,36,62,630,591,1221,0,0,0,7,11,18,4423,3938,8361,2024-05-31T22:00:00Z
14,106,Đurđenovac,522,504,1026,48,12,60,18,12,30,0,4,4,64,52,116,0,0,0,2,0,2,654,584,1238,2024-05-31T22:00:00Z
14,110,Erdut,327,274,601,41,14,55,54,13,67,2,3,5,56,46,102,0,0,0,0,1,1,480,351,831,2024-05-31T22:00:00Z
14,111,Ernestinovo,83,197,280,6,5,11,20,5,25,1,1,2,12,10,22,0,0,0,1,0,1,123,218,341,2024-05-31T22:00:00Z
14,116,Feričanci,124,147,271,25,6,31,3,0,3,0,1,1,38,13,51,0,0,0,0,0,0,190,167,357,2024-05-31T22:00:00Z
14,124,Gorjani,163,168,331,16,8,24,10,6,16,0,0,0,7,5,12,0,0,0,0,0,0,196,187,383,2024-05-31T22:00:00Z
14,13,Beli Manastir,1037,1179,2216,106,61,167,69,36,105,6,15,21,128,113,241,1,0,1,0,3,3,1347,1407,2754,2024-05-31T22:00:00Z
14,16,Belišće,1748,674,2422,81,45,126,24,5,29,8,7,15,101,97,198,0,0,0,0,1,1,1962,829,2791,2024-05-31T22:00:00Z
14,195,Kneževi Vinogradi,240,279,519,32,6,38,32,6,38,1,2,3,68,71,139,0,0,0,0,0,0,373,364,737,2024-05-31T22:00:00Z
14,2,Antunovac,206,195,401,35,15,50,13,6,19,0,0,0,15,20,35,0,0,0,0,0,0,269,236,505,2024-05-31T22:00:00Z
14,205,Koška,203,174,377,26,8,34,26,6,32,2,1,3,32,24,56,0,0,0,1,1,2,290,214,504,2024-05-31T22:00:00Z
14,21,Bilje,309,350,659,51,25,76,17,11,28,1,2,3,54,39,93,0,0,0,0,1,1,432,428,860,2024-05-31T22:00:00Z
14,23,Bizovac,276,270,546,28,11,39,23,7,30,2,4,6,30,40,70,0,0,0,0,0,0,359,332,691,2024-05-31T22:00:00Z
14,230,Levanjska Varoš,32,32,64,4,2,6,6,5,11,0,0,0,7,6,13,0,0,0,0,0,0,49,45,94,2024-05-31T22:00:00Z
14,257,Marijanci,81,87,168,8,5,13,10,0,10,0,0,0,18,14,32,0,0,0,0,1,1,117,107,224,2024-05-31T22:00:00Z
14,271,Moslavina Podravska,18,29,47,4,2,6,13,5,18,0,1,1,14,11,25,0,0,0,0,0,0,49,48,97,2024-05-31T22:00:00Z
14,278,Našice,2321,1897,4218,199,108,307,62,27,89,23,28,51,220,265,485,0,0,0,5,9,14,2830,2334,5164,2024-05-31T22:00:00Z
14,312,Osijek,24847,23285,48132,1048,761,1809,125,53,178,170,186,356,805,1112,1917,2,1,3,23,30,53,27020,25428,52448,2024-05-31T22:00:00Z
14,325,Petlovac,40,36,76,7,5,12,12,0,12,0,0,0,17,8,25,0,0,0,0,0,0,76,49,125,2024-05-31T22:00:00Z
14,327,Petrijevci,264,190,454,22,4,26,5,2,7,0,1,1,13,5,18,1,0,1,0,0,0,305,202,507,2024-05-31T22:00:00Z
14,340,Podgorač,124,102,226,24,11,35,22,4,26,1,1,2,16,33,49,0,0,0,0,0,0,187,151,338,2024-05-31T22:00:00Z
14,346,Popovac,55,65,120,2,3,5,5,2,7,1,0,1,4,1,5,0,0,0,0,0,0,67,71,138,2024-05-31T22:00:00Z
14,361,Punitovci,46,92,138,23,6,29,14,3,17,0,0,0,45,10,55,0,0,0,0,0,0,128,111,239,2024-05-31T22:00:00Z
14,381,Satnica Đakovačka,133,116,249,23,4,27,9,3,12,0,0,0,52,24,76,0,0,0,0,0,0,217,147,364,2024-05-31T22:00:00Z
14,386,Semeljci,212,194,406,44,16,60,47,17,64,2,1,3,68,36,104,0,0,0,0,2,2,373,266,639,2024-05-31T22:00:00Z
14,421,Strizivojna,309,317,626,20,12,32,14,3,17,0,0,0,23,10,33,0,0,0,0,0,0,366,342,708,2024-05-31T22:00:00Z
14,461,Trnava,64,76,140,6,5,11,10,3,13,0,0,0,11,6,17,0,0,0,0,0,0,91,90,181,2024-05-31T22:00:00Z
14,471,Valpovo,877,1201,2078,104,68,172,50,18,68,12,15,27,92,134,226,0,0,0,5,7,12,1140,1443,2583,2024-05-31T22:00:00Z
14,485,Viljevo,70,79,149,10,0,10,17,4,21,0,1,1,19,12,31,0,0,0,0,1,1,116,97,213,2024-05-31T22:00:00Z
14,494,Viškovci,327,221,548,24,6,30,12,3,15,0,0,0,18,10,28,0,0,0,1,0,1,382,240,622,2024-05-31T22:00:00Z
14,517,Vuka,30,61,91,17,2,19,11,4,15,0,0,0,22,13,35,0,0,0,0,0,0,80,80,160,2024-05-31T22:00:00Z
14,576,Donja Motičina,22,14,36,12,4,16,1,1,2,1,0,1,18,8,26,0,0,0,0,0,0,54,27,81,2024-05-31T22:00:00Z
14,578,Magadenovac,87,119,206,5,4,9,21,8,29,0,1,1,14,15,29,0,0,0,0,0,0,127,147,274,2024-05-31T22:00:00Z
14,579,Vladislavci,126,120,246,5,0,5,5,6,11,1,0,1,14,3,17,0,0,0,0,0,0,151,129,280,2024-05-31T22:00:00Z
14,609,Jagodnjak,98,88,186,10,2,12,24,6,30,0,0,0,13,4,17,0,0,0,0,0,0,145,100,245,2024-05-31T22:00:00Z
14,614,Šodolovci,28,16,44,0,0,0,0,0,0,0,0,0,9,5,14,0,0,0,0,0,0,37,21,58,2024-05-31T22:00:00Z
14,64,Čeminac,88,109,197,11,0,11,4,1,5,0,0,0,30,13,43,0,0,0,0,0,0,133,123,256,2024-05-31T22:00:00Z
14,65,Čepin,876,617,1493,113,42,155,60,28,88,4,6,10,106,109,215,0,0,0,2,1,3,1161,803,1964,2024-05-31T22:00:00Z
14,66,Darda,1788,819,2607,59,36,95,32,10,42,3,4,7,67,59,126,0,0,0,1,1,2,1950,929,2879,2024-05-31T22:00:00Z
14,86,Donji Miholjac,1194,1049,2243,121,63,184,165,40,205,6,9,15,164,133,297,1,0,1,2,3,5,1653,1297,2950,2024-05-31T22:00:00Z
14,91,Draž,87,117,204,11,3,14,14,5,19,0,0,0,11,11,22,0,0,0,0,1,1,123,137,260,2024-05-31T22:00:00Z
14,94,Drenje,107,134,241,29,5,34,41,8,49,0,0,0,14,18,32,0,0,0,0,0,0,191,165,356,2024-05-31T22:00:00Z
15,113,Ervenik,46,43,89,2,0,2,3,1,4,0,0,0,5,2,7,0,0,0,0,0,0,56,46,102,2024-05-31T22:00:00Z
15,183,Kijevo,28,44,72,2,0,2,0,0,0,0,0,0,0,0,0,0,0,0,0,0,0,30,44,74,2024-05-31T22:00:00Z
15,184,Kistanje,76,100,176,41,9,50,1,2,3,2,0,2,30,20,50,0,0,0,0,0,0,150,131,281,2024-05-31T22:00:00Z
15,196,Knin,1369,1589,2958,140,80,220,61,15,76,33,4,37,174,151,325,0,0,0,2,3,5,1779,1842,3621,2024-05-31T22:00:00Z
15,298,Promina,129,103,232,2,1,3,1,2,3,0,0,0,3,2,5,0,0,0,0,0,0,135,108,243,2024-05-31T22:00:00Z
15,310,Biskupija,123,53,176,3,0,3,1,0,1,1,0,1,1,1,2,0,0,0,0,0,0,129,54,183,2024-05-31T22:00:00Z
15,357,Primošten,389,398,787,154,52,206,5,0,5,9,3,12,160,139,299,0,1,1,2,4,6,719,597,1316,2024-05-31T22:00:00Z
15,377,Ružić,37,51,88,6,0,6,5,5,10,0,0,0,2,12,14,0,0,0,0,0,0,50,68,118,2024-05-31T22:00:00Z
15,394,Skradin,170,217,387,61,19,80,16,6,22,3,2,5,88,67,155,0,0,0,0,1,1,338,312,650,2024-05-31T22:00:00Z
15,444,Šibenik,8920,9315,18235,781,436,1217,30,12,42,236,103,339,743,780,1523,0,0,0,6,17,23,10716,10663,21379,2024-05-31T22:00:00Z
15,454,Tisno,467,391,858,125,53,178,6,0,6,6,4,10,113,133,246,0,0,0,0,3,3,717,584,1301,2024-05-31T22:00:00Z
15,469,Unešić,55,73,128,10,0,10,3,1,4,1,0,1,13,6,19,0,0,0,0,0,0,82,80,162,2024-05-31T22:00:00Z
15,500,Vodice,1385,1449,2834,377,157,534,14,6,20,19,10,29,378,301,679,0,0,0,8,4,12,2181,1927,4108,2024-05-31T22:00:00Z
15,51,Civljane,58,11,69,1,1,2,0,0,0,0,0,0,4,2,6,0,0,0,0,0,0,63,14,77,2024-05-31T22:00:00Z
15,581,Pirovac,188,190,378,47,27,74,5,4,9,3,1,4,90,79,169,0,0,0,0,0,0,333,301,634,2024-05-31T22:00:00Z
15,582,Rogoznica,371,356,727,63,30,93,1,1,2,9,1,10,90,76,166,0,0,0,0,0,0,534,464,998,2024-05-31T22:00:00Z
15,617,Murter,390,377,767,89,54,143,3,1,4,14,3,17,165,137,302,0,0,0,5,2,7,666,574,1240,2024-05-31T22:00:00Z
15,621,Bilice,111,48,159,35,11,46,0,0,0,10,0,10,30,15,45,0,0,0,0,0,0,186,74,260,2024-05-31T22:00:00Z
15,626,Tribunj,123,140,263,28,16,44,1,0,1,3,0,3,78,61,139,0,0,0,0,0,0,233,217,450,2024-05-31T22:00:00Z
15,95,Drniš,947,717,1664,70,59,129,54,25,79,6,8,14,103,87,190,0,0,0,1,1,2,1181,897,2078,2024-05-31T22:00:00Z
16,1,Andrijaševci,82,160,242,26,13,39,12,4,16,2,1,3,35,35,70,0,0,0,0,4,4,157,217,374,2024-05-31T22:00:00Z
16,137,Gradište,84,113,197,19,4,23,29,4,33,0,1,1,18,16,34,0,0,0,1,0,1,151,138,289,2024-05-31T22:00:00Z
16,141,Gunja,230,137,367,29,10,39,45,14,59,1,0,1,46,14,60,0,0,0,1,1,2,352,176,528,2024-05-31T22:00:00Z
16,154,Ilok,494,615,1109,71,23,94,52,15,67,2,2,4,113,99,212,1,0,1,0,0,0,733,754,1487,2024-05-31T22:00:00Z
16,159,Ivankovo,374,440,814,71,33,104,55,11,66,3,5,8,113,79,192,0,0,0,2,1,3,618,569,1187,2024-05-31T22:00:00Z
16,166,Jarmina,43,87,130,19,12,31,29,7,36,0,1,1,20,34,54,0,0,0,0,1,1,111,142,253,2024-05-31T22:00:00Z
16,239,Lovas,60,80,140,6,0,6,13,1,14,0,0,0,5,5,10,0,0,0,0,0,0,84,86,170,2024-05-31T22:00:00Z
16,26,Bogdanovci,29,32,61,5,0,5,6,4,10,0,0,0,15,4,19,0,0,0,0,0,0,55,40,95,2024-05-31T22:00:00Z
16,29,Borovo,83,100,183,54,15,69,26,5,31,0,3,3,83,77,160,0,0,0,2,1,3,248,201,449,2024-05-31T22:00:00Z
16,294,Nuštar,284,342,626,48,22,70,22,6,28,2,1,3,63,36,99,0,0,0,0,2,2,419,409,828,2024-05-31T22:00:00Z
16,295,Nijemci,230,237,467,28,9,37,85,22,107,0,1,1,66,38,104,0,0,0,0,1,1,409,308,717,2024-05-31T22:00:00Z
16,3,Babina Greda,188,205,393,37,17,54,76,24,100,2,0,2,33,39,72,0,0,0,0,1,1,336,286,622,2024-05-31T22:00:00Z
16,32,Bošnjaci,135,148,283,26,7,33,31,5,36,3,0,3,42,45,87,0,0,0,0,0,0,237,205,442,2024-05-31T22:00:00Z
16,414,Stari Jankovci,149,144,293,21,6,27,38,9,47,3,0,3,32,18,50,0,0,0,1,1,2,244,178,422,2024-05-31T22:00:00Z
16,415,Stari Mikanovci,106,148,254,22,9,31,27,11,38,4,1,5,35,45,80,0,0,0,1,0,1,195,214,409,2024-05-31T22:00:00Z
16,44,Cerna,477,258,735,49,30,79,51,17,68,1,1,2,57,72,129,0,0,0,2,0,2,637,378,1015,2024-05-31T22:00:00Z
16,456,Tompojevci,27,57,84,14,5,19,34,9,43,0,0,0,14,11,25,0,0,0,0,0,0,89,82,171,2024-05-31T22:00:00Z
16,458,Tordinci,96,103,199,5,1,6,9,0,9,0,0,0,7,12,19,0,0,0,0,0,0,117,116,233,2024-05-31T22:00:00Z
16,459,Tovarnik,200,169,369,21,3,24,45,20,65,1,1,2,17,22,39,0,0,0,0,0,0,284,215,499,2024-05-31T22:00:00Z
16,464,Trpinja,109,243,352,29,11,40,76,18,94,1,0,1,38,25,63,0,0,0,0,1,1,253,298,551,2024-05-31T22:00:00Z
16,487,Vinkovci,8116,6683,14799,331,234,565,46,24,70,57,49,106,478,646,1124,1,0,1,9,11,20,9038,7647,16685,2024-05-31T22:00:00Z
16,505,Vrbanja,333,185,518,34,12,46,63,17,80,1,1,2,41,39,80,0,0,0,1,2,3,473,256,729,2024-05-31T22:00:00Z
16,518,Vukovar,4623,4991,9614,330,182,512,104,33,137,25,29,54,441,392,833,0,0,0,1,6,7,5524,5633,11157,2024-05-31T22:00:00Z
16,534,Županja,2025,1544,3569,147,61,208,37,15,52,21,16,37,151,190,341,1,0,1,5,5,10,2387,1831,4218,2024-05-31T22:00:00Z
16,535,Otok (Vinkovci),442,392,834,41,25,66,54,11,65,7,1,8,79,66,145,0,0,0,0,2,2,623,497,1120,2024-05-31T22:00:00Z
16,583,Privlaka,96,96,192,22,8,30,24,7,31,0,1,1,20,23,43,0,0,0,0,0,0,162,135,297,2024-05-31T22:00:00Z
16,584,Vođinci,64,194,258,14,4,18,6,5,11,0,1,1,17,19,36,0,0,0,0,0,0,101,223,324,2024-05-31T22:00:00Z
16,610,Markušica,40,77,117,11,4,15,47,15,62,0,1,1,18,13,31,0,0,0,2,0,2,118,110,228,2024-05-31T22:00:00Z
16,612,Negoslavci,22,36,58,7,2,9,10,3,13,1,0,1,13,12,25,0,0,0,0,0,0,53,53,106,2024-05-31T22:00:00Z
16,628,Štitar,107,86,193,10,1,11,11,2,13,0,0,0,12,5,17,0,0,0,0,0,0,140,94,234,2024-05-31T22:00:00Z
16,92,Drenovci,123,201,324,43,3,46,105,35,140,2,1,3,49,51,100,0,0,0,0,1,1,322,292,614,2024-05-31T22:00:00Z
17,100,Dugi Rat,1020,835,1855,116,46,162,0,2,2,47,15,62,298,199,497,0,0,0,1,3,4,1482,1100,2582,2024-05-31T22:00:00Z
17,134,Gradac,245,320,565,90,38,128,2,0,2,6,1,7,128,153,281,0,0,0,2,1,3,473,513,986,2024-05-31T22:00:00Z
17,148,Hrvace,341,195,536,59,22,81,12,9,21,2,3,5,57,38,95,0,0,0,2,1,3,473,268,741,2024-05-31T22:00:00Z
17,153,Hvar,1385,1199,2584,266,128,394,19,12,31,18,4,22,530,467,997,3,0,3,5,13,18,2226,1823,4049,2024-05-31T22:00:00Z
17,155,Imotski,1445,1441,2886,205,106,311,11,9,20,27,14,41,149,186,335,0,0,0,5,8,13,1842,1764,3606,2024-05-31T22:00:00Z
17,171,Jelsa,479,398,877,124,52,176,40,21,61,9,1,10,224,176,400,0,1,1,0,7,7,876,656,1532,2024-05-31T22:00:00Z
17,181,Kaštela,4245,4289,8534,604,315,919,33,12,45,153,42,195,657,663,1320,0,0,0,22,17,39,5714,5338,11052,2024-05-31T22:00:00Z
17,192,Klis,296,239,535,39,12,51,8,2,10,32,4,36,57,35,92,0,0,0,1,3,4,433,295,728,2024-05-31T22:00:00Z
17,197,Komiža,223,196,419,70,26,96,5,2,7,4,2,6,69,69,138,0,0,0,1,0,1,372,295,667,2024-05-31T22:00:00Z
17,243,Lovreć,179,103,282,16,9,25,4,0,4,2,0,2,38,19,57,0,0,0,0,1,1,239,132,371,2024-05-31T22:00:00Z
17,249,Makarska,3206,3181,6387,373,226,599,4,1,5,47,31,78,597,568,1165,2,0,2,8,6,14,4237,4013,8250,2024-05-31T22:00:00Z
17,258,Marina,271,294,565,84,49,133,5,5,10,12,1,13,85,81,166,1,0,1,2,2,4,460,432,892,2024-05-31T22:00:00Z
17,267,Milna,139,127,266,35,12,47,5,2,7,2,1,3,52,66,118,0,0,0,1,1,2,234,209,443,2024-05-31T22:00:00Z
17,27,Bol,633,581,1214,80,33,113,5,3,8,8,3,11,144,93,237,0,0,0,3,3,6,873,716,1589,2024-05-31T22:00:00Z
17,280,Nerežišća,147,61,208,23,8,31,2,1,3,1,0,1,36,19,55,0,0,0,0,1,1,209,90,299,2024-05-31T22:00:00Z
17,300,Omiš,1761,1822,3583,323,144,467,13,6,19,38,17,55,448,415,863,1,0,1,4,5,9,2588,2409,4997,2024-05-31T22:00:00Z
17,314,Otok,244,254,498,83,27,110,10,2,12,2,1,3,97,52,149,0,0,0,2,0,2,438,336,774,2024-05-31T22:00:00Z
17,337,Podbablje,282,249,531,43,6,49,5,0,5,2,3,5,30,39,69,0,0,0,0,2,2,362,299,661,2024-05-31T22:00:00Z
17,339,Podgora,392,430,822,105,42,147,2,0,2,2,1,3,151,124,275,0,0,0,1,3,4,653,600,1253,2024-05-31T22:00:00Z
17,341,Podstrana,1020,913,1933,89,34,123,13,3,16,43,6,49,87,108,195,0,0,0,3,2,5,1255,1066,2321,2024-05-31T22:00:00Z
17,350,Postira,338,315,653,40,23,63,7,2,9,0,3,3,32,20,52,0,0,0,1,1,2,418,364,782,2024-05-31T22:00:00Z
17,358,Pučišća,223,147,370,66,14,80,12,4,16,3,1,4,50,40,90,0,0,0,0,1,1,354,207,561,2024-05-31T22:00:00Z
17,382,Seget,674,656,1330,64,18,82,6,4,10,11,2,13,206,98,304,0,0,0,3,1,4,964,779,1743,2024-05-31T22:00:00Z
17,383,Selca,153,152,305,64,21,85,11,5,16,4,1,5,74,50,124,0,0,0,0,1,1,306,230,536,2024-05-31T22:00:00Z
17,389,Sinj,1982,2221,4203,423,187,610,58,18,76,44,38,82,383,429,812,0,0,0,4,10,14,2894,2903,5797,2024-05-31T22:00:00Z
17,406,Solin,3970,3217,7187,331,207,538,13,8,21,146,42,188,360,305,665,0,0,0,9,7,16,4829,3786,8615,2024-05-31T22:00:00Z
17,409,Split,37693,40795,78488,2011,1414,3425,63,41,104,2408,433,2841,1766,2263,4029,9,3,12,108,132,240,44058,45081,89139,2024-05-31T22:00:00Z
17,413,Stari Grad,555,520,1075,94,42,136,19,16,35,4,2,6,99,99,198,0,0,0,2,11,13,773,690,1463,2024-05-31T22:00:00Z
17,423,Sućuraj,38,32,70,28,8,36,2,2,4,0,0,0,16,23,39,0,0,0,0,0,0,84,65,149,2024-05-31T22:00:00Z
17,427,Supetar,902,932,1834,175,82,257,15,7,22,29,12,41,200,197,397,0,0,0,5,1,6,1326,1231,2557,2024-05-31T22:00:00Z
17,443,Šestanovac,155,152,307,35,10,45,12,2,14,0,2,2,20,27,47,0,0,0,2,0,2,224,193,417,2024-05-31T22:00:00Z
17,447,Šolta,265,198,463,29,27,56,11,3,14,8,3,11,43,34,77,0,0,0,0,1,1,356,266,622,2024-05-31T22:00:00Z
17,460,Trilj,565,680,1245,178,50,228,24,11,35,8,1,9,137,139,276,2,0,2,1,4,5,915,885,1800,2024-05-31T22:00:00Z
17,463,Trogir,2275,2259,4534,433,238,671,13,6,19,65,38,103,525,657,1182,0,0,0,7,16,23,3318,3214,6532,2024-05-31T22:00:00Z
17,492,Vis,413,373,786,85,39,124,10,2,12,6,1,7,94,67,161,0,0,0,2,1,3,610,483,1093,2024-05-31T22:00:00Z
17,50,Cista Provo,126,175,301,29,6,35,8,1,9,1,0,1,9,6,15,0,0,0,0,3,3,173,191,364,2024-05-31T22:00:00Z
17,511,Vrgorac,1025,808,1833,58,31,89,23,14,37,5,6,11,49,72,121,0,0,0,2,5,7,1162,936,2098,2024-05-31T22:00:00Z
17,513,Vrlika,101,234,335,18,5,23,13,8,21,1,0,1,21,7,28,0,0,0,0,0,0,154,254,408,2024-05-31T22:00:00Z
17,522,Zagvozd,153,87,240,23,3,26,3,2,5,0,0,0,16,9,25,0,0,0,0,0,0,195,101,296,2024-05-31T22:00:00Z
17,528,Zmijavci,111,144,255,8,2,10,0,3,3,3,0,3,28,15,43,0,0,0,1,1,2,151,165,316,2024-05-31T22:00:00Z
17,585,Dugopolje,1827,1041,2868,59,18,77,3,1,4,11,3,14,70,27,97,0,0,0,2,0,2,1972,1090,3062,2024-05-31T22:00:00Z
17,586,Lećevica,14,28,42,9,0,9,2,2,4,1,0,1,2,0,2,0,0,0,0,0,0,28,30,58,2024-05-31T22:00:00Z
17,587,Lokvičići,38,25,63,2,0,2,2,0,2,0,0,0,1,0,1,0,0,0,1,0,1,44,25,69,2024-05-31T22:00:00Z
17,588,Okrug,219,279,498,73,39,112,1,0,1,12,6,18,196,116,312,0,0,0,2,5,7,503,445,948,2024-05-31T22:00:00Z
17,589,Prgomet,41,28,69,6,0,6,1,0,1,2,0,2,2,0,2,0,0,0,0,0,0,52,28,80,2024-05-31T22:00:00Z
17,590,Primorski Dolac,28,48,76,4,2,6,1,1,2,0,1,1,3,4,7,0,0,0,0,0,0,36,56,92,2024-05-31T22:00:00Z
17,591,Runovići,78,70,148,18,3,21,1,1,2,0,2,2,31,26,57,0,0,0,0,0,0,128,102,230,2024-05-31T22:00:00Z
17,592,Sutivan,147,116,263,33,17,50,4,1,5,5,2,7,48,25,73,0,0,0,0,0,0,237,161,398,2024-05-31T22:00:00Z
17,593,Tučepi,375,406,781,73,33,106,0,1,1,4,3,7,155,150,305,0,0,0,0,2,2,607,595,1202,2024-05-31T22:00:00Z
17,595,Zadvarje,51,33,84,8,1,9,1,1,2,0,0,0,5,5,10,0,0,0,0,0,0,65,40,105,2024-05-31T22:00:00Z
17,72,Dicmo,576,227,803,51,16,67,5,2,7,5,1,6,37,36,73,0,0,0,1,1,2,675,283,958,2024-05-31T22:00:00Z
17,77,Brela,328,364,692,61,40,101,0,1,1,2,1,3,92,99,191,0,0,0,0,0,0,483,505,988,2024-05-31T22:00:00Z
17,87,Muć,199,222,421,24,6,30,4,3,7,3,3,6,17,14,31,0,0,0,0,1,1,247,249,496,2024-05-31T22:00:00Z
17,88,Proložac,237,186,423,29,10,39,2,2,4,1,0,1,38,25,63,0,0,0,7,1,8,314,224,538,2024-05-31T22:00:00Z
17,9,Baška Voda,369,475,844,125,76,201,1,0,1,5,4,9,183,191,374,0,0,0,1,1,2,684,747,1431,2024-05-31T22:00:00Z
18,132,Gračišće,60,28,88,33,8,41,10,3,13,1,0,1,39,14,53,0,0,0,0,0,0,143,53,196,2024-05-31T22:00:00Z
18,138,Grožnjan,30,32,62,20,3,23,11,4,15,0,0,0,12,14,26,0,0,0,0,2,2,73,55,128,2024-05-31T22:00:00Z
18,175,Kanfanar,631,267,898,35,13,48,5,1,6,0,0,0,20,24,44,0,0,0,1,1,2,692,306,998,2024-05-31T22:00:00Z
18,217,Kršan,330,289,619,53,14,67,7,2,9,4,0,4,128,68,196,0,0,0,1,3,4,523,376,899,2024-05-31T22:00:00Z
18,222,Labin,3066,2996,6062,278,161,439,17,8,25,26,34,60,323,289,612,1,0,1,11,8,19,3722,3496,7218,2024-05-31T22:00:00Z
18,223,Lanišće,15,13,28,3,1,4,2,0,2,0,1,1,17,4,21,0,0,0,0,0,0,37,19,56,2024-05-31T22:00:00Z
18,235,Ližnjan,220,152,372,21,12,33,3,0,3,5,2,7,51,54,105,0,0,0,1,1,2,301,221,522,2024-05-31T22:00:00Z
18,246,Lupoglav,222,125,347,11,5,16,4,1,5,0,1,1,13,13,26,0,0,0,0,0,0,250,145,395,2024-05-31T22:00:00Z
18,254,Marčana,197,214,411,48,19,67,3,5,8,4,1,5,44,30,74,1,0,1,1,0,1,298,269,567,2024-05-31T22:00:00Z
18,263,Medulin,1130,1035,2165,101,65,166,7,3,10,9,6,15,371,288,659,0,0,0,0,2,2,1618,1399,3017,2024-05-31T22:00:00Z
18,274,Motovun,146,123,269,39,20,59,17,8,25,1,1,2,36,41,77,0,0,0,2,5,7,241,198,439,2024-05-31T22:00:00Z
18,291,Novigrad,1153,1247,2400,154,69,223,15,5,20,3,11,14,179,182,361,0,0,0,4,4,8,1508,1518,3026,2024-05-31T22:00:00Z
18,304,Oprtalj,61,80,141,15,7,22,12,1,13,0,0,0,11,11,22,0,0,0,3,2,5,102,101,203,2024-05-31T22:00:00Z
18,321,Pazin,2030,2120,4150,331,147,478,54,31,85,13,20,33,289,221,510,0,0,0,3,11,14,2720,2550,5270,2024-05-31T22:00:00Z
18,330,Pićan,336,138,474,38,9,47,2,4,6,0,2,2,52,23,75,0,0,0,1,2,3,429,178,607,2024-05-31T22:00:00Z
18,348,Poreč,6773,6444,13217,811,458,1269,57,20,77,56,50,106,939,836,1775,2,1,3,8,10,18,8646,7819,16465,2024-05-31T22:00:00Z
18,359,Pula,14045,13245,27290,1528,851,2379,68,45,113,245,161,406,1182,1234,2416,1,0,1,38,47,85,17107,15583,32690,2024-05-31T22:00:00Z
18,368,Raša,335,191,526,26,9,35,1,0,1,2,1,3,58,35,93,0,0,0,1,1,2,423,237,660,2024-05-31T22:00:00Z
18,374,Rovinj,4008,4385,8393,517,304,821,29,18,47,29,38,67,857,676,1533,1,0,1,11,24,35,5452,5445,10897,2024-05-31T22:00:00Z
18,40,Brtonigla,206,135,341,39,14,53,21,7,28,1,1,2,69,68,137,1,0,1,0,2,2,337,227,564,2024-05-31T22:00:00Z
18,42,Buje,881,845,1726,121,59,180,27,14,41,8,6,14,68,81,149,0,0,0,1,4,5,1106,1009,2115,2024-05-31T22:00:00Z
18,43,Buzet,1513,1061,2574,179,66,245,25,14,39,6,6,12,151,105,256,0,0,0,8,7,15,1882,1259,3141,2024-05-31T22:00:00Z
18,431,Sveti Lovreč,64,55,119,24,13,37,2,0,2,0,1,1,41,18,59,0,0,0,0,1,1,131,88,219,2024-05-31T22:00:00Z
18,432,Sveta Nedelja,200,139,339,37,12,49,8,2,10,5,0,5,65,19,84,0,0,0,4,2,6,319,174,493,2024-05-31T22:00:00Z
18,433,Sveti Petar U Šumi,202,138,340,25,5,30,3,4,7,0,0,0,11,9,20,0,0,0,1,0,1,242,156,398,2024-05-31T22:00:00Z
18,435,Svetvinčenat,137,115,252,28,8,36,3,1,4,1,1,2,27,24,51,0,0,0,1,0,1,197,149,346,2024-05-31T22:00:00Z
18,453,Tinjan,188,99,287,41,10,51,6,0,6,2,3,5,58,28,86,0,0,0,1,0,1,296,140,436,2024-05-31T22:00:00Z
18,468,Umag,3455,3135,6590,472,221,693,28,15,43,37,30,67,441,452,893,1,0,1,9,21,30,4443,3874,8317,2024-05-31T22:00:00Z
18,47,Cerovlje,133,56,189,34,5,39,5,4,9,1,0,1,27,19,46,0,0,0,0,1,1,200,85,285,2024-05-31T22:00:00Z
18,497,Višnjan,308,290,598,50,8,58,11,1,12,1,1,2,99,42,141,0,0,0,4,2,6,473,344,817,2024-05-31T22:00:00Z
18,498,Vižinada,64,59,123,33,12,45,12,5,17,0,0,0,48,43,91,0,0,0,0,1,1,157,120,277,2024-05-31T22:00:00Z
18,5,Bale,212,173,385,26,22,48,2,2,4,1,0,1,64,57,121,0,0,0,0,1,1,305,255,560,2024-05-31T22:00:00Z
18,502,Vodnjan,883,683,1566,59,37,96,9,2,11,8,3,11,116,69,185,0,1,1,2,0,2,1077,795,1872,2024-05-31T22:00:00Z
18,516,Vrsar,597,678,1275,92,45,137,3,3,6,5,1,6,290,253,543,0,0,0,1,1,2,988,981,1969,2024-05-31T22:00:00Z
18,531,Žminj,499,467,966,127,48,175,12,9,21,6,5,11,107,91,198,0,0,0,3,3,6,754,623,1377,2024-05-31T22:00:00Z
18,596,Karojba,126,95,221,32,5,37,0,1,1,0,0,0,40,13,53,0,1,1,0,0,0,198,115,313,2024-05-31T22:00:00Z
18,597,Kaštelir - Labinci,189,81,270,42,20,62,8,6,14,1,0,1,46,21,67,0,0,0,0,4,4,286,132,418,2024-05-31T22:00:00Z
18,6,Barban,299,119,418,51,7,58,14,7,21,1,1,2,32,22,54,0,0,0,2,4,6,399,160,559,2024-05-31T22:00:00Z
18,619,Fažana,431,389,820,46,29,75,1,1,2,2,4,6,89,67,156,1,0,1,1,3,4,571,493,1064,2024-05-31T22:00:00Z
18,629,Funtana,261,267,528,29,19,48,1,1,2,1,0,1,128,142,270,0,0,0,1,1,2,421,430,851,2024-05-31T22:00:00Z
18,631,Tar-Vabriga,292,341,633,52,24,76,1,1,2,0,1,1,89,74,163,0,0,0,0,3,3,434,444,878,2024-05-31T22:00:00Z
19,198,Konavle,1893,1471,3364,214,88,302,15,14,29,33,8,41,151,164,315,0,1,1,3,1,4,2309,1747,4056,2024-05-31T22:00:00Z
19,204,Korčula,888,1147,2035,191,83,274,22,7,29,93,8,101,255,234,489,0,0,0,8,8,16,1457,1487,2944,2024-05-31T22:00:00Z
19,219,Kula Norinska,40,53,93,11,1,12,1,1,2,1,0,1,6,8,14,0,0,0,0,0,0,59,63,122,2024-05-31T22:00:00Z
19,226,Lastovo,83,113,196,33,12,45,1,2,3,4,1,5,23,20,43,0,0,0,2,2,4,146,150,296,2024-05-31T22:00:00Z
19,25,Blato,604,425,1029,85,26,111,17,4,21,10,8,18,161,65,226,0,0,0,5,3,8,882,531,1413,2024-05-31T22:00:00Z
19,264,Metković,2423,1857,4280,195,132,327,45,25,70,45,16,61,379,291,670,0,0,0,7,8,15,3094,2329,5423,2024-05-31T22:00:00Z
19,268,Mljet,227,151,378,28,12,40,5,0,5,1,2,3,37,42,79,0,0,0,0,0,0,298,207,505,2024-05-31T22:00:00Z
19,306,Opuzen,527,462,989,38,27,65,68,25,93,3,1,4,34,50,84,0,0,0,2,1,3,672,566,1238,2024-05-31T22:00:00Z
19,308,Orebić,550,534,1084,104,55,159,31,10,41,32,6,38,188,182,370,0,0,0,1,14,15,906,801,1707,2024-05-31T22:00:00Z
19,335,Ploče,1438,948,2386,103,67,170,36,14,50,24,5,29,121,145,266,0,0,0,4,7,11,1726,1186,2912,2024-05-31T22:00:00Z
19,343,Pojezerje,29,47,76,5,2,7,8,1,9,0,0,0,2,5,7,0,0,0,0,0,0,44,55,99,2024-05-31T22:00:00Z
19,399,Slivno,96,56,152,15,8,23,11,4,15,0,0,0,24,23,47,0,0,0,0,0,0,146,91,237,2024-05-31T22:00:00Z
19,402,Smokvica,38,93,131,18,3,21,18,5,23,5,0,5,43,10,53,0,0,0,2,1,3,124,112,236,2024-05-31T22:00:00Z
19,419,Ston,439,286,725,61,17,78,20,3,23,7,2,9,70,49,119,0,0,0,2,3,5,599,360,959,2024-05-31T22:00:00Z
19,474,Vela Luka,331,576,907,85,35,120,8,2,10,35,4,39,111,78,189,0,0,0,2,7,9,572,702,1274,2024-05-31T22:00:00Z
19,523,Zažablje,15,8,23,4,0,4,3,2,5,3,1,4,9,1,10,0,0,0,0,0,0,34,12,46,2024-05-31T22:00:00Z
19,598,Dubrovačko Primorje,201,181,382,26,10,36,2,4,6,8,2,10,51,32,83,0,0,0,0,1,1,288,230,518,2024-05-31T22:00:00Z
19,599,Janjina,59,61,120,10,5,15,8,4,12,3,2,5,22,18,40,0,0,0,2,1,3,104,91,195,2024-05-31T22:00:00Z
19,600,Lumbarda,79,73,152,41,14,55,12,2,14,10,0,10,52,55,107,1,0,1,3,4,7,198,148,346,2024-05-31T22:00:00Z
19,601,Trpanj,64,69,133,15,8,23,4,1,5,3,1,4,33,19,52,0,0,0,0,2,2,119,100,219,2024-05-31T22:00:00Z
19,602,Župa Dubrovačka,1033,945,1978,163,75,238,5,6,11,59,1,60,132,118,250,0,0,0,4,3,7,1396,1148,2544,2024-05-31T22:00:00Z
19,98,Dubrovnik,12475,12665,25140,969,535,1504,26,17,43,500,77,577,989,865,1854,1,1,2,32,53,85,14992,14213,29205,2024-05-31T22:00:00Z
20,123,Goričan,286,169,455,8,4,12,8,2,10,0,2,2,10,8,18,0,0,0,0,0,0,312,185,497,2024-05-31T22:00:00Z
20,15,Belica,174,224,398,25,16,41,53,28,81,1,1,2,30,43,73,0,0,0,1,2,3,284,314,598,2024-05-31T22:00:00Z
20,206,Kotoriba,525,288,813,12,6,18,4,0,4,0,4,4,12,9,21,0,0,0,0,0,0,553,307,860,2024-05-31T22:00:00Z
20,250,Mala Subotica,622,1030,1652,26,18,44,28,15,43,3,5,8,17,27,44,0,0,0,0,2,2,696,1097,1793,2024-05-31T22:00:00Z
20,276,Mursko Središće,935,830,1765,54,24,78,12,7,19,3,6,9,47,54,101,0,0,0,1,2,3,1052,923,1975,2024-05-31T22:00:00Z
20,279,Nedelišće,1519,855,2374,99,48,147,37,20,57,3,8,11,134,84,218,0,0,0,0,3,3,1792,1018,2810,2024-05-31T22:00:00Z
20,342,Podturen,233,140,373,22,8,30,16,12,28,0,2,2,53,37,90,0,0,0,0,1,1,324,200,524,2024-05-31T22:00:00Z
20,355,Prelog,2338,1638,3976,71,34,105,48,23,71,7,9,16,65,71,136,0,0,0,5,4,9,2534,1779,4313,2024-05-31T22:00:00Z
20,385,Selnica,159,153,312,15,12,27,6,4,10,1,2,3,13,14,27,0,0,0,2,0,2,196,185,381,2024-05-31T22:00:00Z
20,440,Sveti Juraj Na Bregu,310,219,529,32,20,52,15,7,22,2,3,5,36,44,80,0,0,0,1,2,3,396,295,691,2024-05-31T22:00:00Z
20,441,Sveti Martin Na Muri,665,388,1053,23,14,37,7,5,12,0,3,3,31,40,71,0,0,0,2,1,3,728,451,1179,2024-05-31T22:00:00Z
20,452,Štrigova,330,212,542,23,17,40,32,18,50,2,1,3,57,71,128,0,0,0,0,1,1,444,320,764,2024-05-31T22:00:00Z
20,504,Vratišinec,125,94,219,7,3,10,10,1,11,1,2,3,8,9,17,0,0,0,1,0,1,152,109,261,2024-05-31T22:00:00Z
20,60,Čakovec,9963,9164,19127,279,169,448,55,28,83,39,62,101,232,333,565,0,0,0,6,18,24,10574,9774,20348,2024-05-31T22:00:00Z
20,603,Dekanovec,78,84,162,7,1,8,4,4,8,0,0,0,7,2,9,0,0,0,0,0,0,96,91,187,2024-05-31T22:00:00Z
20,604,Gornji Mihaljevec,110,83,193,16,5,21,23,8,31,2,1,3,20,15,35,0,0,0,0,1,1,171,113,284,2024-05-31T22:00:00Z
20,605,Orehovica,190,156,346,15,3,18,25,7,32,1,2,3,43,21,64,0,0,0,0,2,2,274,191,465,2024-05-31T22:00:00Z
20,606,Strahoninec,277,163,440,15,6,21,3,3,6,0,0,0,35,16,51,0,0,0,1,0,1,331,188,519,2024-05-31T22:00:00Z
20,607,Sveta Marija,88,77,165,11,2,13,5,0,5,2,1,3,21,6,27,0,0,0,0,1,1,127,87,214,2024-05-31T22:00:00Z
20,608,Šenkovec,530,274,804,21,11,32,3,1,4,0,1,1,26,21,47,0,0,0,0,0,0,580,308,888,2024-05-31T22:00:00Z
20,620,Pribislavec,309,150,459,12,8,20,1,1,2,2,1,3,7,12,19,0,0,0,0,0,0,331,172,503,2024-05-31T22:00:00Z
20,75,Domašinec,244,114,358,10,10,20,18,15,33,0,1,1,14,7,21,0,0,0,1,0,1,287,147,434,2024-05-31T22:00:00Z
20,78,Donja Dubrava,197,236,433,17,6,23,4,3,7,0,1,1,17,15,32,0,0,0,0,0,0,235,261,496,2024-05-31T22:00:00Z
20,82,Donji Kraljevec,1380,681,2061,45,18,63,54,20,74,3,4,7,94,123,217,0,0,0,0,5,5,1576,851,2427,2024-05-31T22:00:00Z
20,89,Donji Vidovec,56,78,134,6,1,7,2,0,2,1,1,2,5,14,19,0,0,0,0,0,0,70,94,164,2024-05-31T22:00:00Z
21,133,Zagreb,242189,217333,459522,9148,6808,15956,280,158,438,2169,2065,4234,5572,6995,12567,53,30,83,290,516,806,259701,233905,493606,2024-05-31T22:00:00Z
